/		CG-6 Survey
/		Survey Name:	MAIN-MEN3
/		Instrument Serial Number:	000000022090471
/		Created:	2023-04-19 05:05:11
/
/		CG-6 Calibration
/		Operator:	AKE
/		Gcal1 [mGal]:	8025.847000
/		Goff [ADU]:	-8388608.000000
/		Gref [mGal]:	0.0000
/		X Scale [arc-sec/ADU]:	0.030956
/		Y Scale [arc-sec/ADU]:	0.030508
/		X Offset [ADU]:	-220356.544981
/		Y Offset [ADU]:	-134316.557988
/		Temperature Coefficient [mGal/mK]:	-0.130000
/		Temperature Scale [mK/ADU]:	-0.000111
/		Drift Rate [mGal/day]:	0.019270
/		Drift Zero Time:	2023-02-13 12:00:00
/		Firmware Version:	CG6_2_20220815
/
/Station	Date	Time	CorrGrav	Line	StdDev	StdErr	RawGrav	X	Y	SensorTemp	TideCorr	TiltCorr	TempCorr	DriftCorr	MeasurDur	InstrHeight	LatUser	LonUser	ElevUser	LatGPS	LonGPS	ElevGPS	Corrections[drift-temp-na-tide-tilt]
4	2023-04-19	05:05:11	5619.8795	3	0.0128	0.0017	5621.1227	0.0	0.2	0.4546	-0.0553	0.0000	0.0591	-1.2470	60	0.000	55.800000	37.500000	181.80	55.780926	37.639103	169.4	11011
4	2023-04-19	05:06:11	5619.8788	3	0.0127	0.0016	5621.1216	0.6	-0.7	0.4526	-0.0549	0.0000	0.0590	-1.2470	60	0.000	55.800000	37.500000	181.80	55.780933	37.639133	156.8	11011
4	2023-04-19	05:07:11	5619.8785	3	0.0142	0.0018	5621.1209	-0.4	-0.4	0.4505	-0.0544	0.0001	0.0589	-1.2470	60	0.000	55.800000	37.500000	181.80	55.780724	37.639317	150.9	11011
4	2023-04-19	05:08:11	5619.8796	3	0.0106	0.0014	5621.1216	-0.4	-0.9	0.4505	-0.0539	0.0000	0.0589	-1.2470	60	0.000	55.800000	37.500000	181.80	55.780899	37.639019	150.7	11011
4	2023-04-19	05:09:11	5619.8800	3	0.0122	0.0016	5621.1216	-0.2	-1.6	0.4513	-0.0534	0.0000	0.0588	-1.2470	60	0.000	55.800000	37.500000	181.80	55.780880	37.639076	150.9	11011
4	2023-04-19	05:10:11	5619.8800	3	0.0153	0.0020	5621.1211	1.1	-1.1	0.4509	-0.0529	0.0001	0.0588	-1.2471	60	0.000	55.800000	37.500000	181.80	55.780880	37.639076	150.9	11011
4	2023-04-19	05:11:11	5619.8795	3	0.0113	0.0015	5621.1205	0.6	-1.4	0.4436	-0.0525	0.0000	0.0586	-1.2471	60	0.000	55.800000	37.500000	181.80	55.780907	37.639267	150.1	11011
4	2023-04-19	05:12:11	5619.8793	3	0.0129	0.0017	5621.1196	-0.6	-0.1	0.4570	-0.0520	0.0000	0.0587	-1.2471	60	0.000	55.800000	37.500000	181.80	55.780575	37.639313	150.0	11011
4	2023-04-19	05:13:11	5619.8793	3	0.0118	0.0015	5621.1192	-0.7	-0.9	0.4510	-0.0515	0.0000	0.0586	-1.2471	60	0.000	55.800000	37.500000	181.80	55.780804	37.639336	150.2	11011
4	2023-04-19	05:14:11	5619.8798	3	0.0139	0.0018	5621.1194	1.2	-1.7	0.4517	-0.0510	0.0001	0.0585	-1.2471	60	0.000	55.800000	37.500000	181.80	55.781097	37.639610	151.8	11011
4	2023-04-19	05:15:11	5619.8795	3	0.0154	0.0020	5621.1187	0.6	-2.1	0.4477	-0.0505	0.0001	0.0584	-1.2471	60	0.000	55.800000	37.500000	181.80	55.780876	37.639286	155.2	11011
4	2023-04-19	05:16:11	5619.8792	3	0.0132	0.0017	5621.1179	-0.1	-1.5	0.4556	-0.0500	0.0001	0.0584	-1.2471	60	0.000	55.800000	37.500000	181.80	55.780907	37.639107	156.4	11011
4	2023-04-19	05:17:11	5619.8797	3	0.0100	0.0013	5621.1181	-0.1	-1.7	0.4502	-0.0495	0.0001	0.0583	-1.2472	60	0.000	55.800000	37.500000	181.80	55.780876	37.639286	155.2	11011
4	2023-04-19	05:18:11	5619.8792	3	0.0126	0.0016	5621.1171	-0.0	-2.0	0.4483	-0.0491	0.0001	0.0583	-1.2472	60	0.000	55.800000	37.500000	181.80	55.780762	37.639221	154.0	11011
4	2023-04-19	05:19:11	5619.8801	3	0.0101	0.0013	5621.1174	0.5	-2.0	0.4493	-0.0486	0.0001	0.0583	-1.2472	60	0.000	55.800000	37.500000	181.80	55.780666	37.639248	153.4	11011
4	2023-04-19	05:20:11	5619.8799	3	0.0112	0.0014	5621.1167	2.0	-3.1	0.4471	-0.0481	0.0002	0.0583	-1.2472	60	0.000	55.800000	37.500000	181.80	55.780849	37.639305	154.3	11011
4	2023-04-19	05:21:11	5619.8791	3	0.0121	0.0016	5621.1153	1.0	-3.2	0.4487	-0.0476	0.0001	0.0584	-1.2472	60	0.000	55.800000	37.500000	181.80	55.780849	37.639305	154.3	11011
4	2023-04-19	05:22:11	5619.8794	3	0.0105	0.0014	5621.1153	1.1	-2.8	0.4550	-0.0471	0.0001	0.0583	-1.2472	60	0.000	55.800000	37.500000	181.80	55.780533	37.639317	157.0	11011
4	2023-04-19	05:23:11	5619.8800	3	0.0124	0.0016	5621.1156	1.1	-2.6	0.4367	-0.0466	0.0001	0.0581	-1.2472	60	0.000	55.800000	37.500000	181.80	55.780819	37.639256	159.5	11011
4	2023-04-19	05:24:11	5619.8787	3	0.0127	0.0016	5621.1139	1.3	-2.8	0.4479	-0.0461	0.0002	0.0579	-1.2472	60	0.000	55.800000	37.500000	181.80	55.780861	37.639217	161.3	11011
4	2023-04-19	05:25:11	5619.8799	3	0.0141	0.0018	5621.1144	2.4	-3.7	0.4542	-0.0456	0.0003	0.0580	-1.2473	60	0.000	55.800000	37.500000	181.80	55.780861	37.639217	161.3	11011
4	2023-04-19	05:26:11	5619.8788	3	0.0140	0.0018	5621.1130	2.6	-3.3	0.4469	-0.0451	0.0003	0.0579	-1.2473	60	0.000	55.800000	37.500000	181.80	55.780754	37.639160	164.4	11011
4	2023-04-19	05:27:11	5619.8782	3	0.0138	0.0018	5621.1120	1.6	-1.3	0.4505	-0.0446	0.0001	0.0580	-1.2473	60	0.000	55.800000	37.500000	181.80	55.780724	37.639160	161.8	11011
4	2023-04-19	05:28:11	5619.8778	3	0.0139	0.0018	5621.1111	1.9	-1.2	0.4451	-0.0441	0.0001	0.0581	-1.2473	60	0.000	55.800000	37.500000	181.80	55.780746	37.639317	161.6	11011
4	2023-04-19	05:29:11	5619.8802	3	0.0112	0.0014	5621.1130	1.8	-2.5	0.4487	-0.0436	0.0001	0.0579	-1.2473	60	0.000	55.800000	37.500000	181.80	55.780762	37.639179	157.5	11011
4	2023-04-19	05:30:11	5619.8789	3	0.0137	0.0018	5621.1114	1.3	-2.8	0.4441	-0.0431	0.0002	0.0578	-1.2473	60	0.000	55.800000	37.500000	181.80	55.780754	37.639324	152.6	11011
4	2023-04-19	05:31:11	5619.8785	3	0.0118	0.0015	5621.1106	2.2	-2.2	0.4456	-0.0426	0.0001	0.0577	-1.2473	60	0.000	55.800000	37.500000	181.80	55.780811	37.639446	148.5	11011
4	2023-04-19	05:32:11	5619.8786	3	0.0130	0.0017	5621.1100	1.8	-1.3	0.4471	-0.0421	0.0001	0.0580	-1.2474	60	0.000	55.800000	37.500000	181.80	55.780766	37.639286	150.5	11011
4	2023-04-19	05:33:11	5619.8800	3	0.0120	0.0015	5621.1112	1.3	-1.7	0.4509	-0.0416	0.0001	0.0578	-1.2474	60	0.000	55.800000	37.500000	181.80	55.780876	37.639305	159.0	11011
4	2023-04-19	05:34:11	5619.8794	3	0.0152	0.0020	5621.1101	1.4	-1.5	0.4476	-0.0411	0.0001	0.0577	-1.2474	60	0.000	55.800000	37.500000	181.80	55.780876	37.639305	159.0	11011
4	2023-04-19	05:35:11	5619.8779	3	0.0134	0.0017	5621.1080	2.3	-1.5	0.4454	-0.0406	0.0001	0.0578	-1.2474	60	0.000	55.800000	37.500000	181.80	55.780704	37.639389	159.3	11011
4	2023-04-19	05:36:11	5619.8800	3	0.0135	0.0017	5621.1096	2.6	-1.2	0.4379	-0.0401	0.0001	0.0578	-1.2474	60	0.000	55.800000	37.500000	181.80	55.780640	37.639248	159.3	11011
4	2023-04-19	05:37:11	5619.8793	3	0.0130	0.0017	5621.1083	4.2	-1.5	0.4500	-0.0396	0.0003	0.0577	-1.2474	60	0.000	55.800000	37.500000	181.80	55.780842	37.639324	158.2	11011
4	2023-04-19	05:38:11	5619.8791	3	0.0135	0.0017	5621.1077	3.3	-1.5	0.4437	-0.0391	0.0003	0.0576	-1.2474	60	0.000	55.800000	37.500000	181.80	55.780876	37.639294	164.8	11011
4	2023-04-19	05:39:11	5619.8790	3	0.0134	0.0017	5621.1072	2.2	-2.7	0.4443	-0.0386	0.0002	0.0576	-1.2474	60	0.000	55.800000	37.500000	181.80	55.780876	37.639294	164.8	11011
4	2023-04-19	05:40:11	5619.8779	3	0.0135	0.0017	5621.1057	2.8	-2.4	0.4408	-0.0381	0.0001	0.0576	-1.2475	60	0.000	55.800000	37.500000	181.80	55.780876	37.639294	164.8	11011
4	2023-04-19	05:41:11	5619.8767	3	0.0114	0.0015	5621.1041	3.4	-1.7	0.4426	-0.0376	0.0002	0.0575	-1.2475	60	0.000	55.800000	37.500000	181.80	55.780876	37.639294	164.8	11011
4	2023-04-19	05:42:11	5619.8783	3	0.0149	0.0019	5621.1051	2.7	-1.8	0.4411	-0.0370	0.0002	0.0576	-1.2475	60	0.000	55.800000	37.500000	181.80	55.780670	37.639145	175.0	11011
4	2023-04-19	05:43:11	5619.8771	3	0.0114	0.0015	5621.1035	1.8	-1.3	0.4458	-0.0365	0.0001	0.0576	-1.2475	60	0.000	55.800000	37.500000	181.80	55.780838	37.639217	174.7	11011
4	2023-04-19	05:44:11	5619.8790	3	0.0116	0.0015	5621.1051	1.7	-1.3	0.4471	-0.0360	0.0001	0.0574	-1.2475	60	0.000	55.800000	37.500000	181.80	55.780838	37.639217	174.7	11011
4	2023-04-19	05:45:11	5619.8777	3	0.0113	0.0015	5621.1032	1.2	-2.0	0.4442	-0.0355	0.0001	0.0575	-1.2475	60	0.000	55.800000	37.500000	181.80	55.780964	37.639469	174.1	11011
4	2023-04-19	05:46:11	5619.8779	3	0.0139	0.0018	5621.1029	1.4	-1.2	0.4348	-0.0350	0.0001	0.0575	-1.2475	60	0.000	55.800000	37.500000	181.80	55.780754	37.639294	175.4	11011
4	2023-04-19	05:47:11	5619.8787	3	0.0111	0.0014	5621.1031	0.7	-2.5	0.4433	-0.0345	0.0001	0.0575	-1.2476	60	0.000	55.800000	37.500000	181.80	55.780849	37.639305	176.8	11011
4	2023-04-19	05:48:11	5619.8787	3	0.0120	0.0015	5621.1027	-0.1	-2.3	0.4451	-0.0340	0.0001	0.0575	-1.2476	60	0.000	55.800000	37.500000	181.80	55.780590	37.639523	178.2	11011
4	2023-04-19	05:49:11	5619.8782	3	0.0156	0.0020	5621.1018	0.3	-2.0	0.4375	-0.0335	0.0001	0.0575	-1.2476	60	0.000	55.800000	37.500000	181.80	55.780666	37.639393	179.7	11011
4	2023-04-19	05:50:11	5619.8783	3	0.0128	0.0017	5621.1013	0.4	-2.9	0.4395	-0.0330	0.0002	0.0574	-1.2476	60	0.000	55.800000	37.500000	181.80	55.780575	37.639374	181.7	11011
4	2023-04-19	05:51:11	5619.8779	3	0.0152	0.0020	5621.1005	-0.1	-1.3	0.4390	-0.0325	0.0000	0.0575	-1.2476	60	0.000	55.800000	37.500000	181.80	55.780704	37.639362	181.6	11011
4	2023-04-19	05:52:11	5619.8789	3	0.0141	0.0018	5621.1011	0.6	-1.7	0.4442	-0.0320	0.0001	0.0573	-1.2476	60	0.000	55.800000	37.500000	181.80	55.780804	37.639355	181.9	11011
4	2023-04-19	05:53:11	5619.8779	3	0.0150	0.0019	5621.0995	0.8	-1.6	0.4418	-0.0315	0.0001	0.0574	-1.2476	60	0.000	55.800000	37.500000	181.80	55.780716	37.639370	181.3	11011
4	2023-04-19	05:54:11	5619.8786	3	0.0131	0.0017	5621.0999	0.9	-0.6	0.4444	-0.0309	0.0000	0.0573	-1.2476	60	0.000	55.800000	37.500000	181.80	55.780716	37.639370	181.3	11011
4	2023-04-19	05:55:11	5619.8792	3	0.0126	0.0016	5621.0998	0.4	-0.6	0.4443	-0.0304	0.0000	0.0574	-1.2477	60	0.000	55.800000	37.500000	181.80	55.780819	37.639305	182.3	11011
4	2023-04-19	05:56:11	5619.8791	3	0.0138	0.0018	5621.0993	0.6	-2.8	0.4345	-0.0299	0.0001	0.0573	-1.2477	60	0.000	55.800000	37.500000	181.80	55.780563	37.639305	183.1	11011
4	2023-04-19	05:57:11	5619.8772	3	0.0149	0.0019	5621.0969	1.8	-1.5	0.4426	-0.0294	0.0001	0.0573	-1.2477	60	0.000	55.800000	37.500000	181.80	55.780613	37.639408	184.2	11011
4	2023-04-19	05:58:11	5619.8779	3	0.0147	0.0019	5621.0971	1.9	-1.4	0.4432	-0.0289	0.0001	0.0572	-1.2477	60	0.000	55.800000	37.500000	181.80	55.780926	37.639221	184.7	11011
4	2023-04-19	05:59:11	5619.8771	3	0.0137	0.0018	5621.0957	2.0	-1.8	0.4387	-0.0284	0.0001	0.0573	-1.2477	60	0.000	55.800000	37.500000	181.80	55.780937	37.639191	184.8	11011
4	2023-04-19	06:00:11	5619.8765	3	0.0132	0.0017	5621.0947	1.0	-2.4	0.4389	-0.0279	0.0001	0.0573	-1.2477	60	0.000	55.800000	37.500000	181.80	55.781013	37.639297	184.9	11011
4	2023-04-19	06:01:11	5619.8774	3	0.0131	0.0017	5621.0951	0.5	-2.9	0.4402	-0.0274	0.0001	0.0573	-1.2477	60	0.000	55.800000	37.500000	181.80	55.780983	37.639240	187.6	11011
4	2023-04-19	06:02:11	5619.8766	3	0.0141	0.0018	5621.0939	0.0	-2.4	0.4419	-0.0269	0.0002	0.0571	-1.2478	60	0.000	55.800000	37.500000	181.80	55.780933	37.639275	187.4	11011
4	2023-04-19	06:03:11	5619.8772	3	0.0122	0.0016	5621.0942	-1.2	-0.7	0.4447	-0.0264	0.0000	0.0571	-1.2478	60	0.000	55.800000	37.500000	181.80	55.780804	37.639294	187.3	11011
4	2023-04-19	06:04:11	5619.8767	3	0.0129	0.0017	5621.0931	-1.0	-1.2	0.4392	-0.0259	0.0000	0.0572	-1.2478	60	0.000	55.800000	37.500000	181.80	55.780895	37.639217	187.3	11011
64	2023-04-19	08:00:31	5651.4972	3	0.0286	0.0037	5652.6628	2.1	6.6	0.4673	0.0227	0.0006	0.0605	-1.2493	60	0.000	55.800000	37.500000	181.80	--	--	--	11011
64	2023-04-19	08:01:31	5651.4977	3	0.0129	0.0017	5652.6630	1.7	6.2	0.4665	0.0229	0.0006	0.0605	-1.2494	60	0.000	55.800000	37.500000	181.80	--	--	--	11011
64	2023-04-19	08:02:31	5651.4995	3	0.0156	0.0020	5652.6646	2.1	7.0	0.4608	0.0232	0.0007	0.0604	-1.2494	60	0.000	55.800000	37.500000	181.80	--	--	--	11011
64	2023-04-19	08:03:31	5651.4980	3	0.0165	0.0021	5652.6628	2.6	6.7	0.4640	0.0234	0.0007	0.0604	-1.2494	60	0.000	55.800000	37.500000	181.80	--	--	--	11011
64	2023-04-19	08:04:31	5651.4986	3	0.0132	0.0017	5652.6632	4.3	6.3	0.4646	0.0237	0.0008	0.0602	-1.2494	60	0.000	55.800000	37.500000	181.80	--	--	--	11011
64	2023-04-19	08:05:31	5651.4977	3	0.0164	0.0021	5652.6625	2.6	4.9	0.4640	0.0240	0.0004	0.0602	-1.2494	60	0.000	55.800000	37.500000	181.80	--	--	--	11011
64	2023-04-19	08:06:31	5651.4985	3	0.0157	0.0020	5652.6632	2.7	4.6	0.4641	0.0242	0.0003	0.0601	-1.2494	60	0.000	55.800000	37.500000	181.80	--	--	--	11011
64	2023-04-19	08:07:31	5651.4978	3	0.0192	0.0025	5652.6623	3.2	5.1	0.4633	0.0244	0.0005	0.0600	-1.2494	60	0.000	55.800000	37.500000	181.80	--	--	--	11011
64	2023-04-19	08:08:31	5651.4969	3	0.0140	0.0018	5652.6612	2.2	4.9	0.4618	0.0247	0.0003	0.0601	-1.2494	60	0.000	55.800000	37.500000	181.80	--	--	--	11011
64	2023-04-19	08:09:31	5651.4999	3	0.0196	0.0025	5652.6642	2.7	4.6	0.4627	0.0249	0.0003	0.0599	-1.2495	60	0.000	55.800000	37.500000	181.80	--	--	--	11011
64	2023-04-19	08:10:31	5651.4969	3	0.0124	0.0016	5652.6610	2.2	4.6	0.4647	0.0252	0.0003	0.0599	-1.2495	60	0.000	55.800000	37.500000	181.80	--	--	--	11011
64	2023-04-19	08:11:31	5651.4978	3	0.0143	0.0018	5652.6617	-0.2	4.6	0.4575	0.0254	0.0003	0.0599	-1.2495	60	0.000	55.800000	37.500000	181.80	--	--	--	11011
64	2023-04-19	08:12:31	5651.4975	3	0.0150	0.0019	5652.6614	0.3	5.2	0.4593	0.0256	0.0003	0.0597	-1.2495	60	0.000	55.800000	37.500000	181.80	--	--	--	11011
64	2023-04-19	08:13:31	5651.4976	3	0.0181	0.0023	5652.6612	1.6	6.1	0.4643	0.0258	0.0004	0.0597	-1.2495	60	0.000	55.800000	37.500000	181.80	--	--	--	11011
64	2023-04-19	08:14:31	5651.4978	3	0.0160	0.0021	5652.6607	1.7	7.6	0.4587	0.0261	0.0009	0.0596	-1.2495	60	0.000	55.800000	37.500000	181.80	--	--	--	11011
64	2023-04-19	08:15:31	5651.4971	3	0.0126	0.0016	5652.6606	0.7	6.2	0.4574	0.0263	0.0004	0.0594	-1.2495	60	0.000	55.800000	37.500000	181.80	--	--	--	11011
64	2023-04-19	08:16:31	5651.4969	3	0.0124	0.0016	5652.6598	-0.4	6.4	0.4550	0.0265	0.0005	0.0597	-1.2496	60	0.000	55.800000	37.500000	181.80	--	--	--	11011
64	2023-04-19	08:17:31	5651.4961	3	0.0158	0.0020	5652.6589	-0.2	7.1	0.4615	0.0267	0.0006	0.0594	-1.2496	60	0.000	55.800000	37.500000	181.80	--	--	--	11011
64	2023-04-19	08:18:31	5651.4981	3	0.0189	0.0024	5652.6609	0.3	6.2	0.4543	0.0269	0.0005	0.0595	-1.2496	60	0.000	55.800000	37.500000	181.80	--	--	--	11011
64	2023-04-19	08:19:31	5651.4974	3	0.0175	0.0023	5652.6598	-0.4	6.8	0.4519	0.0271	0.0008	0.0593	-1.2496	60	0.000	55.800000	37.500000	181.80	--	--	--	11011
64	2023-04-19	08:20:31	5651.4971	3	0.0169	0.0022	5652.6596	-0.4	6.3	0.4532	0.0273	0.0006	0.0593	-1.2496	60	0.000	55.800000	37.500000	181.80	--	--	--	11011
64	2023-04-19	08:21:31	5651.4975	3	0.0147	0.0019	5652.6598	-0.2	6.1	0.4644	0.0275	0.0004	0.0594	-1.2496	60	0.000	55.800000	37.500000	181.80	--	--	--	11011
64	2023-04-19	08:22:31	5651.4986	3	0.0193	0.0025	5652.6604	0.3	6.8	0.4521	0.0277	0.0007	0.0594	-1.2496	60	0.000	55.800000	37.500000	181.80	--	--	--	11011
64	2023-04-19	08:23:31	5651.4965	3	0.0171	0.0022	5652.6585	0.9	7.3	0.4543	0.0279	0.0006	0.0592	-1.2496	60	0.000	55.800000	37.500000	181.80	--	--	--	11011
64	2023-04-19	08:24:31	5651.4988	3	0.0171	0.0022	5652.6605	1.1	7.5	0.4603	0.0281	0.0008	0.0591	-1.2497	60	0.000	55.800000	37.500000	181.80	--	--	--	11011
64	2023-04-19	08:25:31	5651.4972	3	0.0136	0.0018	5652.6587	1.3	7.3	0.4524	0.0282	0.0008	0.0592	-1.2497	60	0.000	55.800000	37.500000	181.80	--	--	--	11011
64	2023-04-19	08:26:31	5651.4967	3	0.0183	0.0024	5652.6582	1.7	7.3	0.4561	0.0284	0.0006	0.0591	-1.2497	60	0.000	55.800000	37.500000	181.80	--	--	--	11011
64	2023-04-19	08:27:31	5651.4967	3	0.0179	0.0023	5652.6581	1.7	6.7	0.4546	0.0286	0.0005	0.0593	-1.2497	60	0.000	55.800000	37.500000	181.80	--	--	--	11011
64	2023-04-19	08:28:31	5651.4965	3	0.0149	0.0019	5652.6576	2.1	7.6	0.4551	0.0287	0.0008	0.0591	-1.2497	60	0.000	55.800000	37.500000	181.80	--	--	--	11011
64	2023-04-19	08:29:31	5651.4969	3	0.0197	0.0025	5652.6576	1.2	8.0	0.4569	0.0289	0.0009	0.0592	-1.2497	60	0.000	55.800000	37.500000	181.80	--	--	--	11011
64	2023-04-19	08:30:31	5651.4966	3	0.0133	0.0017	5652.6573	1.6	7.7	0.4490	0.0291	0.0008	0.0592	-1.2497	60	0.000	55.800000	37.500000	181.80	--	--	--	11011
64	2023-04-19	08:31:31	5651.4985	3	0.0161	0.0021	5652.6592	0.5	7.5	0.4546	0.0292	0.0007	0.0592	-1.2498	60	0.000	55.800000	37.500000	181.80	--	--	--	11011
64	2023-04-19	08:32:31	5651.4966	3	0.0154	0.0020	5652.6575	1.3	6.6	0.4477	0.0294	0.0005	0.0590	-1.2498	60	0.000	55.800000	37.500000	181.80	--	--	--	11011
64	2023-04-19	08:33:31	5651.4968	3	0.0177	0.0023	5652.6574	-0.6	7.5	0.4581	0.0295	0.0007	0.0589	-1.2498	60	0.000	55.800000	37.500000	181.80	--	--	--	11011
64	2023-04-19	08:34:31	5651.4957	3	0.0135	0.0017	5652.6563	0.9	7.5	0.4566	0.0297	0.0006	0.0589	-1.2498	60	0.000	55.800000	37.500000	181.80	--	--	--	11011
64	2023-04-19	08:35:31	5651.4960	3	0.0167	0.0022	5652.6566	0.8	6.5	0.4512	0.0298	0.0006	0.0588	-1.2498	60	0.000	55.800000	37.500000	181.80	--	--	--	11011
64	2023-04-19	08:36:31	5651.4982	3	0.0192	0.0025	5652.6584	1.8	7.3	0.4550	0.0299	0.0008	0.0589	-1.2498	60	0.000	55.800000	37.500000	181.80	--	--	--	11011
64	2023-04-19	08:37:31	5651.4962	3	0.0155	0.0020	5652.6564	0.7	7.9	0.4501	0.0301	0.0008	0.0588	-1.2498	60	0.000	55.800000	37.500000	181.80	--	--	--	11011
64	2023-04-19	08:38:31	5651.4968	3	0.0171	0.0022	5652.6566	0.1	8.0	0.4541	0.0302	0.0009	0.0589	-1.2498	60	0.000	55.800000	37.500000	181.80	--	--	--	11011
64	2023-04-19	08:39:31	5651.4964	3	0.0192	0.0025	5652.6567	0.6	6.5	0.4574	0.0303	0.0006	0.0587	-1.2499	60	0.000	55.800000	37.500000	181.80	--	--	--	11011
64	2023-04-19	08:40:31	5651.4963	3	0.0182	0.0024	5652.6563	-0.2	7.1	0.4469	0.0304	0.0006	0.0588	-1.2499	60	0.000	55.800000	37.500000	181.80	--	--	--	11011
64	2023-04-19	08:41:31	5651.4968	3	0.0133	0.0017	5652.6568	-0.2	8.0	0.4512	0.0306	0.0008	0.0585	-1.2499	60	0.000	55.800000	37.500000	181.80	--	--	--	11011
64	2023-04-19	08:42:31	5651.4964	3	0.0206	0.0027	5652.6561	0.2	8.1	0.4477	0.0307	0.0009	0.0586	-1.2499	60	0.000	55.800000	37.500000	181.80	--	--	--	11011
64	2023-04-19	08:43:31	5651.4956	3	0.0210	0.0027	5652.6554	-1.0	7.1	0.4464	0.0308	0.0006	0.0588	-1.2499	60	0.000	55.800000	37.500000	181.80	--	--	--	11011
64	2023-04-19	08:44:31	5651.4969	3	0.0187	0.0024	5652.6565	-0.5	8.1	0.4546	0.0309	0.0008	0.0586	-1.2499	60	0.000	55.800000	37.500000	181.80	--	--	--	11011
64	2023-04-19	08:45:31	5651.4964	3	0.0157	0.0020	5652.6559	1.7	8.0	0.4500	0.0310	0.0008	0.0587	-1.2499	60	0.000	55.800000	37.500000	181.80	--	--	--	11011
64	2023-04-19	08:46:31	5651.4965	3	0.0144	0.0019	5652.6561	0.8	7.2	0.4490	0.0311	0.0007	0.0585	-1.2500	60	0.000	55.800000	37.500000	181.80	--	--	--	11011
64	2023-04-19	08:47:31	5651.4975	3	0.0191	0.0025	5652.6571	0.2	7.3	0.4494	0.0312	0.0006	0.0586	-1.2500	60	0.000	55.800000	37.500000	181.80	--	--	--	11011
64	2023-04-19	08:48:31	5651.4962	3	0.0188	0.0024	5652.6555	-0.2	7.4	0.4524	0.0313	0.0006	0.0587	-1.2500	60	0.000	55.800000	37.500000	181.80	--	--	--	11011
64	2023-04-19	08:49:31	5651.4958	3	0.0169	0.0022	5652.6555	0.4	6.0	0.4473	0.0314	0.0004	0.0586	-1.2500	60	0.000	55.800000	37.500000	181.80	--	--	--	11011
64	2023-04-19	08:50:31	5651.4967	3	0.0216	0.0028	5652.6560	-0.2	7.8	0.4593	0.0314	0.0008	0.0585	-1.2500	60	0.000	55.800000	37.500000	181.80	--	--	--	11011
64	2023-04-19	08:51:31	5651.4980	3	0.0141	0.0018	5652.6571	-0.8	8.1	0.4482	0.0315	0.0009	0.0585	-1.2500	60	0.000	55.800000	37.500000	181.80	--	--	--	11011
64	2023-04-19	08:52:31	5651.4969	3	0.0159	0.0021	5652.6560	-0.5	7.9	0.4522	0.0316	0.0009	0.0585	-1.2500	60	0.000	55.800000	37.500000	181.80	--	--	--	11011
64	2023-04-19	08:53:31	5651.4958	3	0.0144	0.0019	5652.6552	0.0	7.6	0.4461	0.0317	0.0007	0.0584	-1.2500	60	0.000	55.800000	37.500000	181.80	--	--	--	11011
64	2023-04-19	08:54:31	5651.4954	3	0.0167	0.0022	5652.6546	-0.9	7.3	0.4541	0.0317	0.0006	0.0584	-1.2501	60	0.000	55.800000	37.500000	181.80	--	--	--	11011
64	2023-04-19	08:55:31	5651.4966	3	0.0216	0.0028	5652.6556	0.1	8.2	0.4514	0.0318	0.0007	0.0585	-1.2501	60	0.000	55.800000	37.500000	181.80	--	--	--	11011
64	2023-04-19	08:56:31	5651.4973	3	0.0169	0.0022	5652.6565	0.4	7.4	0.4513	0.0318	0.0006	0.0584	-1.2501	60	0.000	55.800000	37.500000	181.80	--	--	--	11011
64	2023-04-19	08:57:31	5651.4977	3	0.0144	0.0019	5652.6565	1.3	7.5	0.4456	0.0319	0.0009	0.0585	-1.2501	60	0.000	55.800000	37.500000	181.80	--	--	--	11011
64	2023-04-19	08:58:31	5651.4966	3	0.0177	0.0023	5652.6554	1.9	8.1	0.4510	0.0319	0.0010	0.0585	-1.2501	60	0.000	55.800000	37.500000	181.80	--	--	--	11011
64	2023-04-19	08:59:31	5651.4972	3	0.0181	0.0023	5652.6560	-0.8	7.8	0.4457	0.0320	0.0008	0.0586	-1.2501	60	0.000	55.800000	37.500000	181.80	--	--	--	11011
4	2023-04-19	10:31:32	5619.8652	3	0.0137	0.0018	5621.0336	-4.8	-1.6	0.4858	0.0194	0.0003	0.0632	-1.2514	60	0.000	55.800000	37.500000	181.80	55.781013	37.639259	163.0	11011
4	2023-04-19	10:32:32	5619.8642	3	0.0163	0.0021	5621.0330	-4.2	-0.4	0.4905	0.0191	0.0003	0.0632	-1.2514	60	0.000	55.800000	37.500000	181.80	55.781013	37.639259	163.0	11011
4	2023-04-19	10:33:32	5619.8646	3	0.0164	0.0021	5621.0342	-3.9	-1.3	0.4889	0.0188	0.0002	0.0628	-1.2514	60	0.000	55.800000	37.500000	181.80	55.781109	37.639305	163.8	11011
4	2023-04-19	10:34:32	5619.8639	3	0.0157	0.0020	5621.0340	-3.8	-0.4	0.4799	0.0185	0.0002	0.0625	-1.2514	60	0.000	55.800000	37.500000	181.80	55.781109	37.639305	163.8	11011
4	2023-04-19	10:35:32	5619.8628	3	0.0153	0.0020	5621.0335	-3.7	-1.0	0.4816	0.0182	0.0002	0.0623	-1.2514	60	0.000	55.800000	37.500000	181.80	55.781136	37.639275	167.2	11011
4	2023-04-19	10:36:32	5619.8624	3	0.0136	0.0018	5621.0334	-4.4	-1.2	0.4813	0.0179	0.0003	0.0623	-1.2514	60	0.000	55.800000	37.500000	181.80	55.781086	37.639420	169.1	11011
4	2023-04-19	10:37:32	5619.8623	3	0.0120	0.0015	5621.0338	-5.1	-2.4	0.4807	0.0176	0.0004	0.0620	-1.2514	60	0.000	55.800000	37.500000	181.80	55.781086	37.639420	169.1	11011
4	2023-04-19	10:38:32	5619.8627	3	0.0147	0.0019	5621.0348	-5.0	-1.7	0.4801	0.0172	0.0003	0.0618	-1.2515	60	0.000	55.800000	37.500000	181.80	55.780899	37.639343	177.6	11011
4	2023-04-19	10:39:32	5619.8626	3	0.0151	0.0020	5621.0350	-7.0	-1.0	0.4781	0.0169	0.0006	0.0615	-1.2515	60	0.000	55.800000	37.500000	181.80	55.781010	37.639362	178.0	11011
4	2023-04-19	10:40:32	5619.8624	3	0.0155	0.0020	5621.0351	-6.5	-0.9	0.4731	0.0166	0.0005	0.0617	-1.2515	60	0.000	55.800000	37.500000	181.80	55.781242	37.639267	179.0	11011
4	2023-04-19	10:41:32	5619.8621	3	0.0149	0.0019	5621.0353	-6.1	-1.4	0.4720	0.0163	0.0005	0.0615	-1.2515	60	0.000	55.800000	37.500000	181.80	55.780972	37.639183	180.4	11011
4	2023-04-19	10:42:32	5619.8610	3	0.0148	0.0019	5621.0347	-5.9	-2.3	0.4642	0.0159	0.0004	0.0614	-1.2515	60	0.000	55.800000	37.500000	181.80	55.781174	37.639210	184.4	11011
4	2023-04-19	10:43:32	5619.8620	3	0.0126	0.0016	5621.0363	-6.3	-3.3	0.4708	0.0156	0.0005	0.0611	-1.2515	60	0.000	55.800000	37.500000	181.80	55.781250	37.639324	185.3	11011
4	2023-04-19	10:44:32	5619.8638	3	0.0141	0.0018	5621.0384	-6.5	-3.3	0.4726	0.0152	0.0007	0.0610	-1.2515	60	0.000	55.800000	37.500000	181.80	55.781258	37.639317	184.3	11011
4	2023-04-19	10:45:32	5619.8624	3	0.0149	0.0019	5621.0371	-7.2	-2.7	0.4687	0.0149	0.0008	0.0612	-1.2515	60	0.000	55.800000	37.500000	181.80	55.781155	37.639198	189.4	11011
4	2023-04-19	10:46:32	5619.8628	3	0.0127	0.0016	5621.0382	-7.3	-2.2	0.4661	0.0146	0.0007	0.0609	-1.2516	60	0.000	55.800000	37.500000	181.80	55.781200	37.639370	194.5	11011
4	2023-04-19	10:47:32	5619.8621	3	0.0168	0.0022	5621.0382	-6.2	-1.7	0.4717	0.0142	0.0005	0.0608	-1.2516	60	0.000	55.800000	37.500000	181.80	55.781105	37.639420	199.6	11011
4	2023-04-19	10:48:32	5619.8629	3	0.0145	0.0019	5621.0393	-6.2	-2.1	0.4673	0.0139	0.0006	0.0608	-1.2516	60	0.000	55.800000	37.500000	181.80	55.780880	37.639343	205.1	11011
4	2023-04-19	10:49:32	5619.8614	3	0.0138	0.0018	5621.0382	-7.6	-1.8	0.4676	0.0135	0.0007	0.0607	-1.2516	60	0.000	55.800000	37.500000	181.80	55.781097	37.639305	206.7	11011
4	2023-04-19	10:50:32	5619.8605	3	0.0154	0.0020	5621.0379	-7.0	-1.9	0.4590	0.0131	0.0005	0.0607	-1.2516	60	0.000	55.800000	37.500000	181.80	55.781136	37.639050	206.0	11011
4	2023-04-19	10:51:32	5619.8608	3	0.0118	0.0015	5621.0384	-7.4	-1.7	0.4645	0.0128	0.0006	0.0606	-1.2516	60	0.000	55.800000	37.500000	181.80	55.780983	37.639294	205.9	11011
4	2023-04-19	10:52:32	5619.8608	3	0.0138	0.0018	5621.0387	-7.1	-2.4	0.4720	0.0124	0.0007	0.0605	-1.2516	60	0.000	55.800000	37.500000	181.80	55.780991	37.639294	205.9	11011
4	2023-04-19	10:53:32	5619.8605	3	0.0148	0.0019	5621.0389	-7.7	-2.6	0.4622	0.0121	0.0007	0.0606	-1.2517	60	0.000	55.800000	37.500000	181.80	55.780991	37.639294	205.9	11011
4	2023-04-19	10:54:32	5619.8614	3	0.0123	0.0016	5621.0399	-8.6	-2.6	0.4663	0.0117	0.0010	0.0605	-1.2517	60	0.000	55.800000	37.500000	181.80	55.780991	37.639294	205.9	11011
4	2023-04-19	10:55:32	5619.8626	3	0.0154	0.0020	5621.0416	-8.5	-2.5	0.4667	0.0113	0.0009	0.0604	-1.2517	60	0.000	55.800000	37.500000	181.80	55.780819	37.639183	203.6	11011
4	2023-04-19	10:56:32	5619.8597	3	0.0165	0.0021	5621.0391	-8.6	-2.9	0.4647	0.0109	0.0010	0.0603	-1.2517	60	0.000	55.800000	37.500000	181.80	55.780819	37.639183	203.6	11011
4	2023-04-19	10:57:32	5619.8606	3	0.0130	0.0017	5621.0402	-9.0	-3.3	0.4665	0.0106	0.0011	0.0604	-1.2517	60	0.000	55.800000	37.500000	181.80	55.780907	37.639278	203.0	11011
4	2023-04-19	10:58:32	5619.8616	3	0.0129	0.0017	5621.0415	-9.5	-3.9	0.4637	0.0102	0.0013	0.0603	-1.2517	60	0.000	55.800000	37.500000	181.80	55.780907	37.639278	203.0	11011
4	2023-04-19	10:59:32	5619.8600	3	0.0151	0.0020	5621.0403	-9.2	-4.3	0.4647	0.0098	0.0014	0.0602	-1.2517	60	0.000	55.800000	37.500000	181.80	55.780895	37.639305	202.4	11011
4	2023-04-19	11:00:32	5619.8597	3	0.0124	0.0016	5621.0410	-8.4	-3.8	0.4618	0.0094	0.0010	0.0600	-1.2517	60	0.000	55.800000	37.500000	181.80	55.780983	37.639259	202.0	11011
4	2023-04-19	11:01:32	5619.8612	3	0.0141	0.0018	5621.0431	-7.0	-3.5	0.4636	0.0090	0.0008	0.0601	-1.2518	60	0.000	55.800000	37.500000	181.80	55.780964	37.639286	196.3	11011
4	2023-04-19	11:02:32	5619.8612	3	0.0130	0.0017	5621.0435	-6.8	-3.7	0.4654	0.0086	0.0007	0.0601	-1.2518	60	0.000	55.800000	37.500000	181.80	55.780907	37.639141	194.5	11011
4	2023-04-19	11:03:32	5619.8602	3	0.0171	0.0022	5621.0429	-8.0	-3.3	0.4562	0.0083	0.0009	0.0599	-1.2518	60	0.000	55.800000	37.500000	181.80	55.780849	37.639267	192.8	11011
4	2023-04-19	11:04:32	5619.8604	3	0.0148	0.0019	5621.0430	-8.8	-4.7	0.4622	0.0079	0.0013	0.0601	-1.2518	60	0.000	55.800000	37.500000	181.80	55.780869	37.639294	192.8	11011
4	2023-04-19	11:05:32	5619.8609	3	0.0167	0.0022	5621.0441	-8.9	-3.3	0.4621	0.0075	0.0011	0.0600	-1.2518	60	0.000	55.800000	37.500000	181.80	55.780972	37.639294	192.6	11011
4	2023-04-19	11:06:32	5619.8610	3	0.0121	0.0016	5621.0444	-9.1	-4.2	0.4625	0.0071	0.0015	0.0598	-1.2518	60	0.000	55.800000	37.500000	181.80	55.780972	37.639294	192.6	11011
4	2023-04-19	11:07:32	5619.8594	3	0.0159	0.0021	5621.0440	-7.9	-4.0	0.4556	0.0067	0.0008	0.0598	-1.2518	60	0.000	55.800000	37.500000	181.80	55.780880	37.639351	191.4	11011
4	2023-04-19	11:08:32	5619.8612	3	0.0176	0.0023	5621.0456	-9.3	-4.6	0.4600	0.0063	0.0013	0.0598	-1.2519	60	0.000	55.800000	37.500000	181.80	55.780895	37.639236	189.1	11011
4	2023-04-19	11:09:32	5619.8598	3	0.0155	0.0020	5621.0450	-8.3	-4.3	0.4593	0.0059	0.0011	0.0598	-1.2519	60	0.000	55.800000	37.500000	181.80	55.780880	37.639236	189.3	11011
4	2023-04-19	11:10:32	5619.8606	3	0.0169	0.0022	5621.0464	-7.7	-4.3	0.4563	0.0055	0.0008	0.0597	-1.2519	60	0.000	55.800000	37.500000	181.80	55.780983	37.639191	188.1	11011
4	2023-04-19	11:11:32	5619.8604	3	0.0145	0.0019	5621.0466	-7.6	-4.7	0.4628	0.0050	0.0008	0.0599	-1.2519	60	0.000	55.800000	37.500000	181.80	55.780983	37.639191	188.1	11011
4	2023-04-19	11:12:32	5619.8594	3	0.0117	0.0015	5621.0459	-8.0	-4.6	0.4577	0.0046	0.0009	0.0599	-1.2519	60	0.000	55.800000	37.500000	181.80	55.781067	37.639305	188.2	11011
4	2023-04-19	11:13:32	5619.8600	3	0.0120	0.0016	5621.0469	-8.7	-3.3	0.4580	0.0042	0.0010	0.0598	-1.2519	60	0.000	55.800000	37.500000	181.80	55.781071	37.639259	189.0	11011
4	2023-04-19	11:14:32	5619.8594	3	0.0147	0.0019	5621.0466	-8.5	-4.6	0.4631	0.0038	0.0011	0.0598	-1.2519	60	0.000	55.800000	37.500000	181.80	55.781071	37.639160	186.6	11011
4	2023-04-19	11:15:32	5619.8585	3	0.0117	0.0015	5621.0460	-9.5	-4.0	0.4584	0.0034	0.0013	0.0598	-1.2519	60	0.000	55.800000	37.500000	181.80	55.781013	37.639324	187.5	11011
4	2023-04-19	11:16:32	5619.8596	3	0.0132	0.0017	5621.0472	-9.9	-4.4	0.4631	0.0030	0.0016	0.0598	-1.2520	60	0.000	55.800000	37.500000	181.80	55.781086	37.639183	189.4	11011
4	2023-04-19	11:17:32	5619.8599	3	0.0142	0.0018	5621.0480	-10.0	-3.6	0.4606	0.0025	0.0014	0.0599	-1.2520	60	0.000	55.800000	37.500000	181.80	55.780952	37.639126	187.1	11011
4	2023-04-19	11:18:32	5619.8584	3	0.0146	0.0019	5621.0476	-9.3	-4.3	0.4589	0.0021	0.0011	0.0596	-1.2520	60	0.000	55.800000	37.500000	181.80	55.780952	37.639126	187.1	11011
4	2023-04-19	11:19:32	5619.8578	3	0.0144	0.0019	5621.0476	-8.3	-3.6	0.4577	0.0017	0.0008	0.0597	-1.2520	60	0.000	55.800000	37.500000	181.80	55.781048	37.639179	186.1	11011
4	2023-04-19	11:20:32	5619.8604	3	0.0150	0.0019	5621.0503	-9.5	-3.6	0.4569	0.0013	0.0013	0.0596	-1.2520	60	0.000	55.800000	37.500000	181.80	55.781040	37.639145	187.3	11011
4	2023-04-19	11:21:32	5619.8581	3	0.0136	0.0018	5621.0487	-9.7	-2.6	0.4587	0.0008	0.0011	0.0596	-1.2520	60	0.000	55.800000	37.500000	181.80	55.781040	37.639145	187.3	11011
4	2023-04-19	11:22:32	5619.8570	3	0.0135	0.0017	5621.0481	-8.5	-2.8	0.4635	0.0004	0.0009	0.0596	-1.2520	60	0.000	55.800000	37.500000	181.80	55.781048	37.639317	188.2	11011
4	2023-04-19	11:23:32	5619.8604	3	0.0198	0.0026	5621.0517	-8.5	-3.0	0.4564	-0.0000	0.0010	0.0598	-1.2521	60	0.000	55.800000	37.500000	181.80	55.780994	37.638943	187.2	11011
4	2023-04-19	11:24:32	5619.8603	3	0.0153	0.0020	5621.0519	-9.6	-4.5	0.4671	-0.0005	0.0013	0.0596	-1.2521	60	0.000	55.800000	37.500000	181.80	55.781067	37.638973	186.2	11011
4	2023-04-19	11:25:32	5619.8605	3	0.0147	0.0019	5621.0521	-10.7	-3.4	0.4627	-0.0009	0.0017	0.0597	-1.2521	60	0.000	55.800000	37.500000	181.80	55.780933	37.639236	185.4	11011
4	2023-04-19	11:26:32	5619.8583	3	0.0152	0.0020	5621.0512	-9.8	-2.6	0.4564	-0.0013	0.0012	0.0594	-1.2521	60	0.000	55.800000	37.500000	181.80	55.781021	37.639164	183.5	11011
4	2023-04-19	11:27:32	5619.8590	3	0.0137	0.0018	5621.0523	-9.5	-2.4	0.4614	-0.0018	0.0010	0.0596	-1.2521	60	0.000	55.800000	37.500000	181.80	55.780849	37.639103	181.6	11011
4	2023-04-19	11:28:32	5619.8601	3	0.0137	0.0018	5621.0537	-9.3	-2.8	0.4566	-0.0022	0.0012	0.0597	-1.2521	60	0.000	55.800000	37.500000	181.80	55.780781	37.639229	184.0	11011
4	2023-04-19	11:29:32	5619.8585	3	0.0127	0.0016	5621.0525	-9.7	-2.5	0.4550	-0.0027	0.0013	0.0596	-1.2521	60	0.000	55.800000	37.500000	181.80	55.781086	37.639030	183.7	11011
4	2023-04-19	11:30:32	5619.8575	3	0.0143	0.0018	5621.0518	-9.9	-4.1	0.4612	-0.0031	0.0014	0.0596	-1.2521	60	0.000	55.800000	37.500000	181.80	55.781048	37.639236	182.4	11011
64	2023-04-19	13:27:04	5651.4823	3	0.0293	0.0038	5652.7307	-1.7	0.3	0.4969	-0.0589	0.0001	0.0641	-1.2537	60	0.000	55.800000	37.500000	181.80	--	--	--	11011
64	2023-04-19	13:28:04	5651.4831	3	0.0199	0.0026	5652.7321	-2.1	1.2	0.4964	-0.0594	0.0001	0.0639	-1.2537	60	0.000	55.800000	37.500000	181.80	--	--	--	11011
64	2023-04-19	13:29:04	5651.4816	3	0.0258	0.0033	5652.7312	-1.4	1.1	0.4925	-0.0598	0.0001	0.0639	-1.2537	60	0.000	55.800000	37.500000	181.80	--	--	--	11011
64	2023-04-19	13:30:04	5651.4807	3	0.0153	0.0020	5652.7310	-2.0	0.0	0.4847	-0.0603	0.0001	0.0636	-1.2537	60	0.000	55.800000	37.500000	181.80	--	--	--	11011
64	2023-04-19	13:31:04	5651.4812	3	0.0206	0.0027	5652.7321	-2.3	1.2	0.4845	-0.0607	0.0001	0.0634	-1.2538	60	0.000	55.800000	37.500000	181.80	--	--	--	11011
64	2023-04-19	13:32:04	5651.4812	3	0.0137	0.0018	5652.7328	-2.4	1.4	0.4955	-0.0611	0.0001	0.0632	-1.2538	60	0.000	55.800000	37.500000	181.80	--	--	--	11011
64	2023-04-19	13:33:04	5651.4809	3	0.0259	0.0033	5652.7329	-3.0	1.8	0.4795	-0.0616	0.0002	0.0631	-1.2538	60	0.000	55.800000	37.500000	181.80	--	--	--	11011
64	2023-04-19	13:34:04	5651.4810	3	0.0221	0.0029	5652.7337	-3.7	2.0	0.4901	-0.0620	0.0002	0.0629	-1.2538	60	0.000	55.800000	37.500000	181.80	--	--	--	11011
64	2023-04-19	13:35:04	5651.4811	3	0.0182	0.0024	5652.7344	-3.0	2.8	0.4812	-0.0624	0.0003	0.0627	-1.2538	60	0.000	55.800000	37.500000	181.80	--	--	--	11011
64	2023-04-19	13:36:04	5651.4800	3	0.0171	0.0022	5652.7339	-2.7	1.3	0.4847	-0.0629	0.0001	0.0626	-1.2538	60	0.000	55.800000	37.500000	181.80	--	--	--	11011
64	2023-04-19	13:37:04	5651.4804	3	0.0178	0.0023	5652.7350	-1.6	2.1	0.4837	-0.0633	0.0001	0.0624	-1.2538	60	0.000	55.800000	37.500000	181.80	--	--	--	11011
64	2023-04-19	13:38:04	5651.4807	3	0.0158	0.0020	5652.7358	-2.3	1.9	0.4741	-0.0637	0.0001	0.0624	-1.2539	60	0.000	55.800000	37.500000	181.80	--	--	--	11011
64	2023-04-19	13:39:04	5651.4805	3	0.0154	0.0020	5652.7365	-2.2	0.5	0.4807	-0.0641	0.0001	0.0620	-1.2539	60	0.000	55.800000	37.500000	181.80	--	--	--	11011
64	2023-04-19	13:40:04	5651.4793	3	0.0184	0.0024	5652.7354	-2.8	1.7	0.4694	-0.0646	0.0001	0.0622	-1.2539	60	0.000	55.800000	37.500000	181.80	--	--	--	11011
64	2023-04-19	13:41:04	5651.4809	3	0.0241	0.0031	5652.7376	-2.7	2.2	0.4774	-0.0650	0.0002	0.0620	-1.2539	60	0.000	55.800000	37.500000	181.80	--	--	--	11011
64	2023-04-19	13:42:04	5651.4801	3	0.0205	0.0026	5652.7374	-2.2	3.6	0.4756	-0.0654	0.0002	0.0618	-1.2539	60	0.000	55.800000	37.500000	181.80	--	--	--	11011
64	2023-04-19	13:43:04	5651.4804	3	0.0137	0.0018	5652.7382	-3.6	2.9	0.4729	-0.0658	0.0003	0.0617	-1.2539	60	0.000	55.800000	37.500000	181.80	--	--	--	11011
64	2023-04-19	13:44:04	5651.4798	3	0.0141	0.0018	5652.7380	-4.0	3.9	0.4697	-0.0662	0.0004	0.0615	-1.2539	60	0.000	55.800000	37.500000	181.80	--	--	--	11011
64	2023-04-19	13:45:04	5651.4801	3	0.0169	0.0022	5652.7389	-3.3	1.8	0.4764	-0.0666	0.0002	0.0616	-1.2539	60	0.000	55.800000	37.500000	181.80	--	--	--	11011
64	2023-04-19	13:46:04	5651.4798	3	0.0180	0.0023	5652.7393	-3.2	0.9	0.4761	-0.0670	0.0001	0.0613	-1.2540	60	0.000	55.800000	37.500000	181.80	--	--	--	11011
64	2023-04-19	13:47:04	5651.4805	3	0.0201	0.0026	5652.7405	-3.9	1.2	0.4733	-0.0674	0.0002	0.0612	-1.2540	60	0.000	55.800000	37.500000	181.80	--	--	--	11011
64	2023-04-19	13:48:04	5651.4807	3	0.0171	0.0022	5652.7409	-3.3	2.0	0.4734	-0.0679	0.0003	0.0613	-1.2540	60	0.000	55.800000	37.500000	181.80	--	--	--	11011
64	2023-04-19	13:49:04	5651.4810	3	0.0179	0.0023	5652.7419	-2.7	3.2	0.4642	-0.0683	0.0002	0.0611	-1.2540	60	0.000	55.800000	37.500000	181.80	--	--	--	11011
64	2023-04-19	13:50:04	5651.4792	3	0.0147	0.0019	5652.7406	-2.8	2.9	0.4677	-0.0687	0.0002	0.0611	-1.2540	60	0.000	55.800000	37.500000	181.80	--	--	--	11011
64	2023-04-19	13:51:04	5651.4808	3	0.0203	0.0026	5652.7426	-3.3	3.4	0.4688	-0.0691	0.0003	0.0610	-1.2540	60	0.000	55.800000	37.500000	181.80	--	--	--	11011
64	2023-04-19	13:52:04	5651.4796	3	0.0134	0.0017	5652.7417	-4.5	3.6	0.4637	-0.0694	0.0005	0.0609	-1.2540	60	0.000	55.800000	37.500000	181.80	--	--	--	11011
64	2023-04-19	13:53:04	5651.4798	3	0.0184	0.0024	5652.7427	-4.0	3.7	0.4661	-0.0698	0.0004	0.0606	-1.2541	60	0.000	55.800000	37.500000	181.80	--	--	--	11011
64	2023-04-19	13:54:04	5651.4795	3	0.0195	0.0025	5652.7426	-4.6	3.9	0.4618	-0.0702	0.0004	0.0607	-1.2541	60	0.000	55.800000	37.500000	181.80	--	--	--	11011
64	2023-04-19	13:55:04	5651.4804	3	0.0155	0.0020	5652.7440	-3.4	4.5	0.4708	-0.0706	0.0004	0.0607	-1.2541	60	0.000	55.800000	37.500000	181.80	--	--	--	11011
64	2023-04-19	13:56:04	5651.4814	3	0.0207	0.0027	5652.7453	-4.4	4.9	0.4697	-0.0710	0.0006	0.0606	-1.2541	60	0.000	55.800000	37.500000	181.80	--	--	--	11011
64	2023-04-19	13:57:04	5651.4801	3	0.0137	0.0018	5652.7445	-4.2	3.8	0.4654	-0.0714	0.0004	0.0606	-1.2541	60	0.000	55.800000	37.500000	181.80	56.028355	37.229988	214.5	11011
64	2023-04-19	13:58:04	5651.4793	3	0.0181	0.0023	5652.7444	-4.3	3.5	0.4641	-0.0718	0.0003	0.0604	-1.2541	60	0.000	55.800000	37.500000	181.80	56.028580	37.230171	214.6	11011
64	2023-04-19	13:59:04	5651.4794	3	0.0222	0.0029	5652.7450	-2.9	3.4	0.4608	-0.0722	0.0002	0.0606	-1.2541	60	0.000	55.800000	37.500000	181.80	56.028694	37.231369	215.1	11011
64	2023-04-19	14:00:04	5651.4796	3	0.0131	0.0017	5652.7453	-4.1	4.5	0.4659	-0.0725	0.0004	0.0605	-1.2542	60	0.000	55.800000	37.500000	181.80	56.028465	37.230762	216.7	11011
64	2023-04-19	14:01:04	5651.4792	3	0.0185	0.0024	5652.7454	-5.4	4.4	0.4597	-0.0729	0.0006	0.0602	-1.2542	60	0.000	55.800000	37.500000	181.80	--	--	--	11011
64	2023-04-19	14:02:04	5651.4791	3	0.0167	0.0022	5652.7460	-3.6	3.6	0.4641	-0.0733	0.0003	0.0602	-1.2542	60	0.000	55.800000	37.500000	181.80	--	--	--	11011
64	2023-04-19	14:03:04	5651.4791	3	0.0152	0.0020	5652.7466	-3.2	2.7	0.4646	-0.0737	0.0003	0.0601	-1.2542	60	0.000	55.800000	37.500000	181.80	--	--	--	11011
64	2023-04-19	14:04:04	5651.4791	3	0.0176	0.0023	5652.7470	-2.7	3.5	0.4645	-0.0740	0.0002	0.0601	-1.2542	60	0.000	55.800000	37.500000	181.80	--	--	--	11011
64	2023-04-19	14:05:04	5651.4799	3	0.0194	0.0025	5652.7480	-3.3	4.6	0.4663	-0.0744	0.0004	0.0600	-1.2542	60	0.000	55.800000	37.500000	181.80	--	--	--	11011
64	2023-04-19	14:06:04	5651.4797	3	0.0197	0.0025	5652.7483	-3.3	4.4	0.4624	-0.0747	0.0004	0.0600	-1.2542	60	0.000	55.800000	37.500000	181.80	--	--	--	11011
64	2023-04-19	14:07:04	5651.4787	3	0.0221	0.0028	5652.7476	-3.6	4.0	0.4644	-0.0751	0.0004	0.0600	-1.2542	60	0.000	55.800000	37.500000	181.80	--	--	--	11011
64	2023-04-19	14:08:04	5651.4796	3	0.0203	0.0026	5652.7489	-3.4	3.8	0.4663	-0.0755	0.0004	0.0600	-1.2543	60	0.000	55.800000	37.500000	181.80	--	--	--	11011
64	2023-04-19	14:09:04	5651.4791	3	0.0150	0.0019	5652.7489	-4.2	4.4	0.4589	-0.0758	0.0005	0.0598	-1.2543	60	0.000	55.800000	37.500000	181.80	--	--	--	11011
64	2023-04-19	14:10:04	5651.4783	3	0.0195	0.0025	5652.7485	-3.5	4.8	0.4566	-0.0762	0.0005	0.0598	-1.2543	60	0.000	55.800000	37.500000	181.80	56.028484	37.231590	214.7	11011
64	2023-04-19	14:11:04	5651.4791	3	0.0213	0.0027	5652.7497	-3.6	3.9	0.4584	-0.0765	0.0004	0.0597	-1.2543	60	0.000	55.800000	37.500000	181.80	--	--	--	11011
64	2023-04-19	14:12:04	5651.4777	3	0.0171	0.0022	5652.7490	-3.2	4.0	0.4582	-0.0769	0.0003	0.0595	-1.2543	60	0.000	55.800000	37.500000	181.80	--	--	--	11011
64	2023-04-19	14:13:04	5651.4775	3	0.0188	0.0024	5652.7490	-3.6	2.9	0.4637	-0.0772	0.0003	0.0598	-1.2543	60	0.000	55.800000	37.500000	181.80	--	--	--	11011
64	2023-04-19	14:14:04	5651.4791	3	0.0170	0.0022	5652.7511	-3.3	2.7	0.4606	-0.0776	0.0002	0.0597	-1.2543	60	0.000	55.800000	37.500000	181.80	--	--	--	11011
64	2023-04-19	14:15:04	5651.4772	3	0.0148	0.0019	5652.7497	-3.2	2.2	0.4607	-0.0779	0.0002	0.0596	-1.2544	60	0.000	55.800000	37.500000	181.80	--	--	--	11011
64	2023-04-19	14:16:04	5651.4782	3	0.0147	0.0019	5652.7510	-3.0	3.4	0.4569	-0.0782	0.0002	0.0596	-1.2544	60	0.000	55.800000	37.500000	181.80	--	--	--	11011
64	2023-04-19	14:17:04	5651.4779	3	0.0158	0.0020	5652.7508	-2.3	4.3	0.4525	-0.0786	0.0003	0.0597	-1.2544	60	0.000	55.800000	37.500000	181.80	--	--	--	11011
64	2023-04-19	14:18:04	5651.4778	3	0.0178	0.0023	5652.7510	-3.3	4.9	0.4592	-0.0789	0.0005	0.0596	-1.2544	60	0.000	55.800000	37.500000	181.80	--	--	--	11011
64	2023-04-19	14:19:04	5651.4783	3	0.0178	0.0023	5652.7520	-3.1	3.9	0.4569	-0.0792	0.0004	0.0595	-1.2544	60	0.000	55.800000	37.500000	181.80	--	--	--	11011
64	2023-04-19	14:20:04	5651.4778	3	0.0172	0.0022	5652.7521	-3.0	4.1	0.4564	-0.0796	0.0002	0.0594	-1.2544	60	0.000	55.800000	37.500000	181.80	--	--	--	11011
64	2023-04-19	14:21:04	5651.4781	3	0.0183	0.0024	5652.7523	-3.9	4.7	0.4569	-0.0799	0.0005	0.0596	-1.2544	60	0.000	55.800000	37.500000	181.80	--	--	--	11011
64	2023-04-19	14:22:04	5651.4778	3	0.0157	0.0020	5652.7525	-3.1	5.4	0.4601	-0.0802	0.0004	0.0595	-1.2544	60	0.000	55.800000	37.500000	181.80	--	--	--	11011
64	2023-04-19	14:23:04	5651.4769	3	0.0188	0.0024	5652.7520	-4.0	4.9	0.4558	-0.0805	0.0004	0.0595	-1.2545	60	0.000	55.800000	37.500000	181.80	--	--	--	11011
64	2023-04-19	14:24:04	5651.4780	3	0.0223	0.0029	5652.7533	-4.8	4.7	0.4567	-0.0808	0.0007	0.0593	-1.2545	60	0.000	55.800000	37.500000	181.80	--	--	--	11011
64	2023-04-19	14:25:04	5651.4787	3	0.0213	0.0028	5652.7548	-3.0	2.0	0.4518	-0.0812	0.0002	0.0594	-1.2545	60	0.000	55.800000	37.500000	181.80	--	--	--	11011
64	2023-04-19	14:26:04	5651.4768	3	0.0204	0.0026	5652.7533	-4.2	0.4	0.4560	-0.0815	0.0002	0.0592	-1.2545	60	0.000	55.800000	37.500000	181.80	--	--	--	11011
4	2023-04-19	15:47:51	5619.8541	3	0.0156	0.0020	5621.1430	-1.8	-5.5	0.4789	-0.0965	0.0004	0.0628	-1.2556	60	0.000	55.800000	37.500000	181.80	55.780983	37.639305	167.0	11011
4	2023-04-19	15:48:51	5619.8526	3	0.0148	0.0019	5621.1416	-2.3	-7.6	0.4804	-0.0966	0.0007	0.0625	-1.2556	60	0.000	55.800000	37.500000	181.80	55.781395	37.639324	168.9	11011
4	2023-04-19	15:49:51	5619.8528	3	0.0178	0.0023	5621.1419	-1.2	-8.1	0.4809	-0.0967	0.0008	0.0624	-1.2556	60	0.000	55.800000	37.500000	181.80	55.781544	37.639313	170.2	11011
4	2023-04-19	15:50:51	5619.8515	3	0.0191	0.0025	5621.1407	0.4	-8.5	0.4782	-0.0967	0.0009	0.0622	-1.2556	60	0.000	55.800000	37.500000	181.80	55.781071	37.639198	179.1	11011
4	2023-04-19	15:51:51	5619.8520	3	0.0154	0.0020	5621.1413	-0.8	-10.0	0.4745	-0.0967	0.0012	0.0618	-1.2556	60	0.000	55.800000	37.500000	181.80	55.780849	37.639198	177.7	11011
4	2023-04-19	15:52:51	5619.8508	3	0.0160	0.0021	5621.1400	0.0	-11.0	0.4684	-0.0968	0.0014	0.0618	-1.2557	60	0.000	55.800000	37.500000	181.80	55.781128	37.639229	182.6	11011
4	2023-04-19	15:53:51	5619.8518	3	0.0175	0.0023	5621.1413	0.8	-10.9	0.4751	-0.0968	0.0015	0.0615	-1.2557	60	0.000	55.800000	37.500000	181.80	55.781136	37.639240	187.2	11011
4	2023-04-19	15:54:51	5619.8513	3	0.0158	0.0020	5621.1410	1.4	-10.5	0.4724	-0.0969	0.0013	0.0616	-1.2557	60	0.000	55.800000	37.500000	181.80	55.781071	37.639107	200.2	11011
4	2023-04-19	15:55:51	5619.8511	3	0.0141	0.0018	5621.1413	0.9	-10.5	0.4777	-0.0969	0.0012	0.0612	-1.2557	60	0.000	55.800000	37.500000	181.80	55.781052	37.639114	199.9	11011
4	2023-04-19	15:56:51	5619.8512	3	0.0139	0.0018	5621.1413	0.6	-10.3	0.4775	-0.0969	0.0013	0.0613	-1.2557	60	0.000	55.800000	37.500000	181.80	55.780972	37.639198	205.2	11011
4	2023-04-19	15:57:51	5619.8518	3	0.0158	0.0020	5621.1415	-1.2	-12.0	0.4667	-0.0970	0.0017	0.0613	-1.2557	60	0.000	55.800000	37.500000	181.80	55.780861	37.639217	203.3	11011
4	2023-04-19	15:58:51	5619.8507	3	0.0159	0.0021	5621.1411	-0.7	-11.2	0.4723	-0.0970	0.0013	0.0610	-1.2557	60	0.000	55.800000	37.500000	181.80	55.780899	37.639389	205.4	11011
4	2023-04-19	15:59:51	5619.8512	3	0.0166	0.0021	5621.1418	-0.4	-10.3	0.4659	-0.0970	0.0012	0.0609	-1.2558	60	0.000	55.800000	37.500000	181.80	55.780811	37.639324	206.7	11011
4	2023-04-19	16:00:51	5619.8490	3	0.0153	0.0020	5621.1396	-1.2	-11.4	0.4656	-0.0970	0.0014	0.0608	-1.2558	60	0.000	55.800000	37.500000	181.80	55.780823	37.639259	209.7	11011
4	2023-04-19	16:01:51	5619.8512	3	0.0155	0.0020	5621.1418	-0.9	-11.2	0.4606	-0.0970	0.0016	0.0606	-1.2558	60	0.000	55.800000	37.500000	181.80	55.780895	37.639107	208.9	11011
4	2023-04-19	16:02:51	5619.8495	3	0.0160	0.0021	5621.1400	-1.1	-12.2	0.4664	-0.0970	0.0018	0.0605	-1.2558	60	0.000	55.800000	37.500000	181.80	55.780899	37.639278	208.1	11011
4	2023-04-19	16:03:51	5619.8499	3	0.0147	0.0019	5621.1400	-1.3	-13.5	0.4649	-0.0970	0.0023	0.0605	-1.2558	60	0.000	55.800000	37.500000	181.80	55.780899	37.639278	208.1	11011
4	2023-04-19	16:04:51	5619.8500	3	0.0179	0.0023	5621.1398	-0.4	-14.6	0.4618	-0.0971	0.0026	0.0605	-1.2558	60	0.000	55.800000	37.500000	181.80	55.780926	37.639286	206.4	11011
4	2023-04-19	16:05:51	5619.8515	3	0.0144	0.0019	5621.1413	-0.2	-14.7	0.4612	-0.0971	0.0025	0.0606	-1.2558	60	0.000	55.800000	37.500000	181.80	55.781097	37.639172	205.7	11011
4	2023-04-19	16:06:51	5619.8501	3	0.0160	0.0021	5621.1403	0.4	-14.3	0.4661	-0.0971	0.0025	0.0602	-1.2558	60	0.000	55.800000	37.500000	181.80	55.781124	37.639065	202.8	11011
4	2023-04-19	16:07:51	5619.8501	3	0.0166	0.0021	5621.1398	-0.2	-15.7	0.4628	-0.0971	0.0032	0.0601	-1.2559	60	0.000	55.800000	37.500000	181.80	55.781086	37.639236	202.7	11011
4	2023-04-19	16:08:51	5619.8498	3	0.0168	0.0022	5621.1400	-0.5	-14.7	0.4612	-0.0970	0.0027	0.0601	-1.2559	60	0.000	55.800000	37.500000	181.80	55.780933	37.639248	202.7	11011
4	2023-04-19	16:09:51	5619.8491	3	0.0143	0.0018	5621.1396	1.2	-14.0	0.4710	-0.0970	0.0023	0.0601	-1.2559	60	0.000	55.800000	37.500000	181.80	55.781162	37.639065	202.3	11011
4	2023-04-19	16:10:51	5619.8501	3	0.0124	0.0016	5621.1405	1.6	-14.4	0.4649	-0.0970	0.0024	0.0601	-1.2559	60	0.000	55.800000	37.500000	181.80	55.780735	37.639202	203.0	11011
4	2023-04-19	16:11:51	5619.8502	3	0.0137	0.0018	5621.1405	-0.8	-14.9	0.4653	-0.0970	0.0027	0.0600	-1.2559	60	0.000	55.800000	37.500000	181.80	55.780983	37.639198	203.4	11011
4	2023-04-19	16:12:51	5619.8496	3	0.0165	0.0021	5621.1395	-3.7	-16.4	0.4512	-0.0970	0.0032	0.0599	-1.2559	60	0.000	55.800000	37.500000	181.80	55.781078	37.639248	202.8	11011
4	2023-04-19	16:13:51	5619.8494	3	0.0162	0.0021	5621.1395	-2.4	-16.1	0.4600	-0.0970	0.0030	0.0598	-1.2559	60	0.000	55.800000	37.500000	181.80	55.780735	37.639191	203.0	11011
4	2023-04-19	16:14:51	5619.8508	3	0.0186	0.0024	5621.1402	-2.0	-17.7	0.4586	-0.0969	0.0038	0.0597	-1.2560	60	0.000	55.800000	37.500000	181.80	55.781143	37.639198	202.0	11011
4	2023-04-19	16:15:51	5619.8496	3	0.0153	0.0020	5621.1390	-2.7	-17.4	0.4625	-0.0969	0.0036	0.0599	-1.2560	60	0.000	55.800000	37.500000	181.80	55.780983	37.639431	202.8	11011
4	2023-04-19	16:16:51	5619.8493	3	0.0142	0.0018	5621.1399	-0.6	-15.5	0.4572	-0.0969	0.0025	0.0597	-1.2560	60	0.000	55.800000	37.500000	181.80	55.780899	37.639294	200.2	11011
4	2023-04-19	16:17:51	5619.8510	3	0.0160	0.0021	5621.1413	-1.3	-15.2	0.4580	-0.0969	0.0029	0.0597	-1.2560	60	0.000	55.800000	37.500000	181.80	55.780842	37.639248	199.9	11011
4	2023-04-19	16:18:51	5619.8489	3	0.0179	0.0023	5621.1394	-1.7	-15.2	0.4621	-0.0968	0.0027	0.0596	-1.2560	60	0.000	55.800000	37.500000	181.80	55.780842	37.639248	199.9	11011
4	2023-04-19	16:19:51	5619.8488	3	0.0186	0.0024	5621.1390	-0.4	-16.6	0.4597	-0.0968	0.0030	0.0596	-1.2560	60	0.000	55.800000	37.500000	181.80	55.780937	37.639179	198.5	11011
4	2023-04-19	16:20:51	5619.8488	3	0.0149	0.0019	5621.1390	-0.5	-16.9	0.4548	-0.0967	0.0032	0.0594	-1.2560	60	0.000	55.800000	37.500000	181.80	55.781143	37.639160	194.9	11011
4	2023-04-19	16:21:51	5619.8496	3	0.0139	0.0018	5621.1388	-0.0	-18.0	0.4573	-0.0967	0.0040	0.0595	-1.2560	60	0.000	55.800000	37.500000	181.80	55.781830	37.638561	194.1	11011
4	2023-04-19	16:22:51	5619.8478	3	0.0118	0.0015	5621.1371	-0.2	-18.5	0.4558	-0.0966	0.0039	0.0595	-1.2561	60	0.000	55.800000	37.500000	181.80	55.781105	37.639164	193.9	11011
4	2023-04-19	16:23:51	5619.8495	3	0.0154	0.0020	5621.1379	0.4	-19.8	0.4577	-0.0966	0.0049	0.0593	-1.2561	60	0.000	55.800000	37.500000	181.80	55.781136	37.639179	194.6	11011
4	2023-04-19	16:24:51	5619.8488	3	0.0137	0.0018	5621.1385	-0.1	-18.2	0.4592	-0.0965	0.0037	0.0592	-1.2561	60	0.000	55.800000	37.500000	181.80	55.780972	37.639164	192.1	11011
4	2023-04-19	16:25:51	5619.8471	3	0.0139	0.0018	5621.1367	-0.3	-17.5	0.4579	-0.0965	0.0036	0.0595	-1.2561	60	0.000	55.800000	37.500000	181.80	55.780918	37.639317	190.3	11011
4	2023-04-19	16:26:51	5619.8486	3	0.0135	0.0017	5621.1379	-1.2	-18.1	0.4589	-0.0964	0.0039	0.0594	-1.2561	60	0.000	55.800000	37.500000	181.80	55.780918	37.639317	190.3	11011
4	2023-04-19	16:27:51	5619.8481	3	0.0141	0.0018	5621.1373	-1.5	-18.1	0.4543	-0.0964	0.0040	0.0593	-1.2561	60	0.000	55.800000	37.500000	181.80	55.780907	37.639153	182.3	11011
4	2023-04-19	16:28:51	5619.8468	3	0.0139	0.0018	5621.1364	-0.9	-17.0	0.4646	-0.0963	0.0035	0.0593	-1.2561	60	0.000	55.800000	37.500000	181.80	55.780907	37.639153	182.3	11011
4	2023-04-19	16:29:51	5619.8470	3	0.0155	0.0020	5621.1367	0.3	-16.8	0.4541	-0.0962	0.0034	0.0593	-1.2562	60	0.000	55.800000	37.500000	181.80	55.780849	37.639286	182.2	11011
4	2023-04-19	16:30:51	5619.8449	3	0.0160	0.0021	5621.1347	-0.3	-16.8	0.4605	-0.0962	0.0033	0.0592	-1.2562	60	0.000	55.800000	37.500000	181.80	55.780754	37.639278	179.8	11011
4	2023-04-19	16:31:51	5619.8470	3	0.0157	0.0020	5621.1363	-0.0	-17.3	0.4529	-0.0961	0.0037	0.0592	-1.2562	60	0.000	55.800000	37.500000	181.80	55.780823	37.639389	180.7	11011
4	2023-04-19	16:32:51	5619.8473	3	0.0155	0.0020	5621.1364	-0.8	-18.4	0.4556	-0.0960	0.0040	0.0592	-1.2562	60	0.000	55.800000	37.500000	181.80	55.780823	37.639389	180.7	11011
4	2023-04-19	16:33:51	5619.8470	3	0.0167	0.0022	5621.1362	-0.7	-18.4	0.4545	-0.0959	0.0041	0.0589	-1.2562	60	0.000	55.800000	37.500000	181.80	55.780899	37.639210	179.3	11011
4	2023-04-19	16:34:51	5619.8474	3	0.0193	0.0025	5621.1365	-0.6	-18.4	0.4481	-0.0959	0.0040	0.0590	-1.2562	60	0.000	55.800000	37.500000	181.80	55.780849	37.639389	179.2	11011
4	2023-04-19	16:35:51	5619.8471	3	0.0170	0.0022	5621.1365	-0.1	-17.7	0.4480	-0.0958	0.0038	0.0589	-1.2562	60	0.000	55.800000	37.500000	181.80	55.780956	37.639259	178.9	11011
4	2023-04-19	16:36:51	5619.8472	3	0.0175	0.0023	5621.1362	0.4	-18.5	0.4501	-0.0957	0.0040	0.0589	-1.2562	60	0.000	55.800000	37.500000	181.80	55.780876	37.639370	179.6	11011
4	2023-04-19	16:37:51	5619.8476	3	0.0181	0.0023	5621.1364	-0.2	-19.7	0.4503	-0.0956	0.0042	0.0588	-1.2563	60	0.000	55.800000	37.500000	181.80	55.780907	37.639420	179.0	11011
4	2023-04-19	16:38:51	5619.8477	3	0.0181	0.0023	5621.1360	-0.9	-19.8	0.4535	-0.0955	0.0047	0.0588	-1.2563	60	0.000	55.800000	37.500000	181.80	55.780907	37.639420	179.0	11011
4	2023-04-19	16:39:51	5619.8485	3	0.0117	0.0015	5621.1366	-1.1	-20.4	0.4524	-0.0954	0.0048	0.0589	-1.2563	60	0.000	55.800000	37.500000	181.80	55.780907	37.639420	179.0	11011
4	2023-04-19	16:40:51	5619.8473	3	0.0149	0.0019	5621.1356	-0.4	-19.9	0.4522	-0.0953	0.0046	0.0586	-1.2563	60	0.000	55.800000	37.500000	181.80	55.780876	37.639160	171.5	11011
4	2023-04-19	16:41:51	5619.8480	3	0.0159	0.0020	5621.1366	-0.9	-19.1	0.4587	-0.0952	0.0042	0.0588	-1.2563	60	0.000	55.800000	37.500000	181.80	55.780849	37.639420	170.1	11011
4	2023-04-19	16:42:51	5619.8485	3	0.0150	0.0019	5621.1367	0.4	-19.7	0.4564	-0.0951	0.0045	0.0589	-1.2563	60	0.000	55.800000	37.500000	181.80	55.780849	37.639420	170.1	11011
4	2023-04-19	16:43:51	5619.8461	3	0.0186	0.0024	5621.1343	1.2	-19.2	0.4497	-0.0950	0.0045	0.0587	-1.2563	60	0.000	55.800000	37.500000	181.80	55.780918	37.639217	165.0	11011
4	2023-04-19	16:44:51	5619.8461	3	0.0164	0.0021	5621.1340	0.1	-20.2	0.4472	-0.0949	0.0048	0.0586	-1.2564	60	0.000	55.800000	37.500000	181.80	55.780933	37.639050	162.8	11011
4	2023-04-19	16:45:51	5619.8473	3	0.0149	0.0019	5621.1352	0.6	-20.0	0.4548	-0.0948	0.0047	0.0587	-1.2564	60	0.000	55.800000	37.500000	181.80	55.780907	37.639065	162.2	11011
4	2023-04-19	16:46:51	5619.8457	3	0.0168	0.0022	5621.1333	0.4	-20.3	0.4528	-0.0947	0.0050	0.0586	-1.2564	60	0.000	55.800000	37.500000	181.80	55.781040	37.639103	162.4	11011
