/		CG-6 Survey
/		Survey Name:	110A-KPRE
/		Instrument Serial Number:	000000021080368
/		Created:	2022-04-11 07:04:26
/
/		CG-6 Calibration
/		Operator:	AKE
/		Gcal1 [mGal]:	7960.246000
/		Goff [ADU]:	-8388608.000000
/		Gref [mGal]:	0.0000
/		X Scale [arc-sec/ADU]:	0.030913
/		Y Scale [arc-sec/ADU]:	0.031179
/		X Offset [ADU]:	-198388.746919
/		Y Offset [ADU]:	-94188.153940
/		Temperature Coefficient [mGal/mK]:	-0.129000
/		Temperature Scale [mK/ADU]:	-0.000111
/		Drift Rate [mGal/day]:	-0.021437
/		Drift Zero Time:	2021-08-16 18:07:31
/		Firmware Version:	CG6_2_20190125
/
/Station	Date	Time	CorrGrav	Line	StdDev	StdErr	RawGrav	X	Y	SensorTemp	TideCorr	TiltCorr	TempCorr	DriftCorr	MeasurDur	InstrHeight	LatUser	LonUser	ElevUser	LatGPS	LonGPS	ElevGPS	Corrections[drift-temp-na-tide-tilt]
110A3	2022-04-11	07:04:26	5490.6693	13	0.0544	0.0070	5485.5579	2.7	-4.4	0.5611	-0.0533	0.0003	0.0721	5.0922	60	0.000	55.800000	37.500000	0.00	55.855045	37.516384	163.1	11011
110A3	2022-04-11	07:05:26	5490.6686	13	0.0621	0.0080	5485.5572	3.1	-4.2	0.5570	-0.0532	0.0004	0.0720	5.0922	60	0.000	55.800000	37.500000	0.00	55.855072	37.516293	163.0	11011
110A3	2022-04-11	07:06:26	5490.6696	13	0.0584	0.0075	5485.5585	1.4	-3.5	0.5541	-0.0531	0.0002	0.0719	5.0922	60	0.000	55.800000	37.500000	0.00	55.855007	37.516338	163.3	11011
110A3	2022-04-11	07:07:26	5490.6703	13	0.0697	0.0090	5485.5589	0.8	-4.5	0.5525	-0.0530	0.0002	0.0719	5.0923	60	0.000	55.800000	37.500000	0.00	55.855007	37.516319	162.9	11011
110A3	2022-04-11	07:08:26	5490.6696	13	0.0719	0.0093	5485.5583	1.5	-5.1	0.5592	-0.0529	0.0003	0.0717	5.0923	60	0.000	55.800000	37.500000	0.00	55.855007	37.516251	162.1	11011
110A3	2022-04-11	07:09:26	5490.6719	13	0.0753	0.0097	5485.5603	2.0	-5.5	0.5558	-0.0529	0.0005	0.0717	5.0923	60	0.000	55.800000	37.500000	0.00	55.854988	37.516254	162.5	11011
110A3	2022-04-11	07:10:26	5490.6700	13	0.0654	0.0084	5485.5584	1.6	-5.0	0.5573	-0.0528	0.0003	0.0717	5.0923	60	0.000	55.800000	37.500000	0.00	55.855019	37.516422	162.0	11011
110A3	2022-04-11	07:11:26	5490.6689	13	0.0494	0.0064	5485.5576	2.2	-4.2	0.5556	-0.0527	0.0002	0.0714	5.0923	60	0.000	55.800000	37.500000	0.00	55.854988	37.516365	161.5	11011
110A3	2022-04-11	07:12:26	5490.6717	13	0.0599	0.0077	5485.5599	3.3	-6.2	0.5620	-0.0526	0.0006	0.0714	5.0923	60	0.000	55.800000	37.500000	0.00	55.854977	37.516407	161.5	11011
110A3	2022-04-11	07:13:26	5490.6710	13	0.0502	0.0065	5485.5591	2.8	-7.3	0.5496	-0.0525	0.0007	0.0714	5.0924	60	0.000	55.800000	37.500000	0.00	55.854980	37.516338	160.9	11011
110A3	2022-04-11	07:14:26	5490.6707	13	0.0616	0.0080	5485.5588	1.6	-5.7	0.5598	-0.0525	0.0004	0.0715	5.0924	60	0.000	55.800000	37.500000	0.00	55.854950	37.516308	160.5	11011
110A3	2022-04-11	07:15:26	5490.6697	13	0.0666	0.0086	5485.5580	1.8	-6.0	0.5483	-0.0524	0.0004	0.0712	5.0924	60	0.000	55.800000	37.500000	0.00	55.854958	37.516407	160.7	11011
110A3	2022-04-11	07:16:26	5490.6712	13	0.0606	0.0078	5485.5595	1.7	-5.6	0.5493	-0.0523	0.0004	0.0712	5.0924	60	0.000	55.800000	37.500000	0.00	55.855019	37.516472	157.8	11011
110A3	2022-04-11	07:17:26	5490.6709	13	0.0682	0.0088	5485.5590	1.9	-6.0	0.5549	-0.0522	0.0006	0.0711	5.0924	60	0.000	55.800000	37.500000	0.00	55.855053	37.516281	156.1	11011
110A3	2022-04-11	07:18:26	5490.6712	13	0.0803	0.0104	5485.5592	1.0	-5.4	0.5514	-0.0521	0.0004	0.0713	5.0924	60	0.000	55.800000	37.500000	0.00	55.855053	37.516273	154.5	11011
110A3	2022-04-11	07:19:26	5490.6706	13	0.0667	0.0086	5485.5586	0.7	-4.5	0.5491	-0.0521	0.0002	0.0713	5.0924	60	0.000	55.800000	37.500000	0.00	55.855122	37.515987	155.5	11011
110A3	2022-04-11	07:20:26	5490.6688	13	0.0869	0.0112	5485.5573	1.7	-5.3	0.5484	-0.0520	0.0003	0.0708	5.0925	60	0.000	55.800000	37.500000	0.00	55.855072	37.516186	156.7	11011
110A3	2022-04-11	07:21:26	5490.6710	13	0.0445	0.0057	5485.5589	1.8	-5.9	0.5514	-0.0519	0.0005	0.0711	5.0925	60	0.000	55.800000	37.500000	0.00	55.855026	37.516232	156.3	11011
110A3	2022-04-11	07:22:26	5490.6706	13	0.0478	0.0062	5485.5585	0.6	-4.8	0.5523	-0.0518	0.0003	0.0712	5.0925	60	0.000	55.800000	37.500000	0.00	55.854996	37.516281	156.2	11011
110A3	2022-04-11	07:23:26	5490.6705	13	0.0503	0.0065	5485.5582	1.3	-5.0	0.5568	-0.0518	0.0003	0.0712	5.0925	60	0.000	55.800000	37.500000	0.00	55.855007	37.516159	156.0	11011
110A3	2022-04-11	07:24:26	5490.6711	13	0.0474	0.0061	5485.5586	2.1	-5.5	0.5478	-0.0517	0.0005	0.0712	5.0925	60	0.000	55.800000	37.500000	0.00	55.854939	37.516636	154.2	11011
110A3	2022-04-11	07:25:26	5490.6709	13	0.0509	0.0066	5485.5583	2.2	-5.2	0.5510	-0.0516	0.0004	0.0712	5.0925	60	0.000	55.800000	37.500000	0.00	55.855103	37.516262	152.8	11011
110A3	2022-04-11	07:26:26	5490.6702	13	0.0768	0.0099	5485.5578	1.6	-5.3	0.5453	-0.0515	0.0003	0.0711	5.0925	60	0.000	55.800000	37.500000	0.00	55.855015	37.516365	152.9	11011
110A3	2022-04-11	07:27:26	5490.6687	13	0.0671	0.0087	5485.5562	1.4	-5.3	0.5556	-0.0515	0.0003	0.0711	5.0926	60	0.000	55.800000	37.500000	0.00	55.854950	37.516415	152.6	11011
110A3	2022-04-11	07:28:26	5490.6706	13	0.0577	0.0074	5485.5580	1.4	-5.2	0.5525	-0.0514	0.0004	0.0711	5.0926	60	0.000	55.800000	37.500000	0.00	55.854977	37.516365	151.3	11011
110A3	2022-04-11	07:29:26	5490.6712	13	0.0526	0.0068	5485.5586	1.1	-5.5	0.5451	-0.0513	0.0004	0.0710	5.0926	60	0.000	55.800000	37.500000	0.00	55.854996	37.516407	151.7	11011
110A3	2022-04-11	07:30:26	5490.6713	13	0.0872	0.0113	5485.5586	-0.1	-4.7	0.5519	-0.0513	0.0003	0.0710	5.0926	60	0.000	55.800000	37.500000	0.00	55.855038	37.516499	153.7	11011
110A3	2022-04-11	07:31:26	5490.6708	13	0.0735	0.0095	5485.5580	1.1	-4.5	0.5524	-0.0512	0.0003	0.0710	5.0926	60	0.000	55.800000	37.500000	0.00	55.855133	37.516293	154.5	11011
110A3	2022-04-11	07:32:26	5490.6698	13	0.0516	0.0067	5485.5569	3.1	-5.1	0.5466	-0.0511	0.0004	0.0711	5.0926	60	0.000	55.800000	37.500000	0.00	55.854980	37.516376	155.1	11011
110A3	2022-04-11	07:33:26	5490.6701	13	0.0546	0.0070	5485.5571	2.6	-5.0	0.5502	-0.0511	0.0004	0.0710	5.0927	60	0.000	55.800000	37.500000	0.00	55.855015	37.516396	154.2	11011
110A3	2022-04-11	07:34:26	5490.6706	13	0.0623	0.0080	5485.5576	3.0	-5.8	0.5447	-0.0510	0.0005	0.0709	5.0927	60	0.000	55.800000	37.500000	0.00	55.854977	37.516293	153.8	11011
110A3	2022-04-11	07:35:26	5490.6702	13	0.0641	0.0083	5485.5572	1.4	-5.1	0.5518	-0.0509	0.0004	0.0709	5.0927	60	0.000	55.800000	37.500000	0.00	55.854950	37.516186	154.5	11011
110A3	2022-04-11	07:36:26	5490.6700	13	0.0437	0.0056	5485.5570	1.1	-4.6	0.5558	-0.0509	0.0003	0.0709	5.0927	60	0.000	55.800000	37.500000	0.00	55.855045	37.516376	154.0	11011
110A3	2022-04-11	07:37:26	5490.6713	13	0.0551	0.0071	5485.5579	3.3	-5.3	0.5485	-0.0508	0.0004	0.0711	5.0927	60	0.000	55.800000	37.500000	0.00	55.855072	37.516212	154.4	11011
110A3	2022-04-11	07:38:26	5490.6706	13	0.0526	0.0068	5485.5572	3.0	-6.0	0.5477	-0.0507	0.0006	0.0709	5.0927	60	0.000	55.800000	37.500000	0.00	55.855007	37.516148	154.0	11011
110A3	2022-04-11	07:39:26	5490.6717	13	0.0608	0.0079	5485.5583	3.3	-5.6	0.5478	-0.0507	0.0005	0.0708	5.0927	60	0.000	55.800000	37.500000	0.00	55.855045	37.516232	154.0	11011
110A3	2022-04-11	07:40:26	5490.6717	13	0.0568	0.0073	5485.5582	2.3	-5.2	0.5578	-0.0506	0.0003	0.0710	5.0928	60	0.000	55.800000	37.500000	0.00	55.854988	37.516319	154.0	11011
110A3	2022-04-11	07:41:26	5490.6715	13	0.0679	0.0088	5485.5579	2.0	-5.9	0.5436	-0.0506	0.0004	0.0709	5.0928	60	0.000	55.800000	37.500000	0.00	55.854988	37.516422	154.2	11011
110A3	2022-04-11	07:42:26	5490.6718	13	0.0688	0.0089	5485.5583	2.7	-4.8	0.5571	-0.0505	0.0003	0.0710	5.0928	60	0.000	55.800000	37.500000	0.00	55.854904	37.516434	154.0	11011
110A3	2022-04-11	07:43:26	5490.6720	13	0.0470	0.0061	5485.5583	0.5	-5.1	0.5503	-0.0504	0.0004	0.0710	5.0928	60	0.000	55.800000	37.500000	0.00	55.854988	37.516376	154.4	11011
110A3	2022-04-11	07:44:26	5490.6707	13	0.0441	0.0057	5485.5569	1.0	-5.7	0.5497	-0.0504	0.0004	0.0709	5.0928	60	0.000	55.800000	37.500000	0.00	55.854866	37.516682	156.1	11011
110A3	2022-04-11	07:45:26	5490.6712	13	0.0642	0.0083	5485.5570	1.5	-6.2	0.5452	-0.0503	0.0006	0.0711	5.0928	60	0.000	55.800000	37.500000	0.00	55.855007	37.516674	159.2	11011
110A3	2022-04-11	07:46:26	5490.6724	13	0.0573	0.0074	5485.5585	0.6	-6.7	0.5503	-0.0503	0.0005	0.0708	5.0928	60	0.000	55.800000	37.500000	0.00	55.854996	37.516346	159.1	11011
110A3	2022-04-11	07:47:26	5490.6717	13	0.0560	0.0072	5485.5577	1.6	-6.6	0.5527	-0.0502	0.0005	0.0708	5.0929	60	0.000	55.800000	37.500000	0.00	55.855045	37.516548	160.0	11011
110A3	2022-04-11	07:48:26	5490.6715	13	0.0355	0.0046	5485.5574	0.8	-6.5	0.5481	-0.0502	0.0005	0.0709	5.0929	60	0.000	55.800000	37.500000	0.00	55.855122	37.516327	162.7	11011
110A3	2022-04-11	07:49:26	5490.6709	13	0.0646	0.0083	5485.5569	1.7	-5.8	0.5422	-0.0501	0.0004	0.0708	5.0929	60	0.000	55.800000	37.500000	0.00	55.855167	37.516350	166.3	11011
110A3	2022-04-11	07:50:26	5490.6725	13	0.0595	0.0077	5485.5580	2.7	-7.5	0.5493	-0.0500	0.0009	0.0707	5.0929	60	0.000	55.800000	37.500000	0.00	55.855129	37.516293	166.0	11011
110A3	2022-04-11	07:51:26	5490.6713	13	0.0479	0.0062	5485.5568	2.5	-5.8	0.5575	-0.0500	0.0005	0.0710	5.0929	60	0.000	55.800000	37.500000	0.00	55.855152	37.516441	166.1	11011
110A3	2022-04-11	07:52:26	5490.6723	13	0.0488	0.0063	5485.5580	2.4	-5.3	0.5526	-0.0499	0.0004	0.0709	5.0929	60	0.000	55.800000	37.500000	0.00	55.855110	37.516426	166.1	11011
110A3	2022-04-11	07:53:26	5490.6713	13	0.0458	0.0059	5485.5570	2.1	-5.4	0.5525	-0.0499	0.0004	0.0709	5.0929	60	0.000	55.800000	37.500000	0.00	55.855141	37.516636	168.1	11011
110A3	2022-04-11	07:54:26	5490.6711	13	0.0364	0.0047	5485.5567	1.4	-5.9	0.5484	-0.0498	0.0005	0.0708	5.0930	60	0.000	55.800000	37.500000	0.00	55.855167	37.516701	168.7	11011
110A3	2022-04-11	07:55:26	5490.6710	13	0.0306	0.0040	5485.5565	1.3	-5.1	0.5537	-0.0498	0.0004	0.0709	5.0930	60	0.000	55.800000	37.500000	0.00	55.855141	37.516613	168.8	11011
110A3	2022-04-11	07:56:26	5490.6708	13	0.0684	0.0088	5485.5562	2.5	-4.7	0.5469	-0.0497	0.0004	0.0709	5.0930	60	0.000	55.800000	37.500000	0.00	55.855122	37.516613	169.8	11011
110A3	2022-04-11	07:57:26	5490.6701	13	0.0803	0.0104	5485.5554	2.4	-4.6	0.5489	-0.0497	0.0004	0.0709	5.0930	60	0.000	55.800000	37.500000	0.00	55.855095	37.516445	169.7	11011
110A3	2022-04-11	07:58:26	5490.6729	13	0.0889	0.0115	5485.5582	2.9	-5.1	0.5574	-0.0496	0.0005	0.0709	5.0930	60	0.000	55.800000	37.500000	0.00	55.855103	37.516365	167.8	11011
110A3	2022-04-11	07:59:26	5490.6712	13	0.0537	0.0069	5485.5562	1.5	-5.1	0.5532	-0.0496	0.0003	0.0712	5.0930	60	0.000	55.800000	37.500000	0.00	55.855103	37.516178	166.7	11011
110A3	2022-04-11	08:00:26	5490.6710	13	0.0462	0.0060	5485.5562	2.1	-4.6	0.5455	-0.0495	0.0003	0.0709	5.0931	60	0.000	55.800000	37.500000	0.00	55.855133	37.516605	164.6	11011
110A3	2022-04-11	08:01:26	5490.6717	13	0.0423	0.0055	5485.5568	1.8	-4.5	0.5541	-0.0495	0.0004	0.0709	5.0931	60	0.000	55.800000	37.500000	0.00	55.855103	37.516720	164.3	11011
110A3	2022-04-11	08:02:26	5490.6713	13	0.0385	0.0050	5485.5565	1.7	-3.9	0.5539	-0.0494	0.0003	0.0710	5.0931	60	0.000	55.800000	37.500000	0.00	55.855072	37.516453	163.8	11011
110A3	2022-04-11	08:03:26	5490.6715	13	0.0541	0.0070	5485.5562	0.7	-5.9	0.5479	-0.0494	0.0005	0.0711	5.0931	60	0.000	55.800000	37.500000	0.00	55.855007	37.516159	161.6	11011
KPRE3	2022-04-11	09:21:10	5464.1495	13	0.0504	0.0065	5459.0295	-2.7	-0.9	0.5620	-0.0472	0.0001	0.0728	5.0943	60	0.000	55.800000	37.500000	0.00	55.758179	37.568085	155.5	11011
KPRE3	2022-04-11	09:22:10	5464.1484	13	0.0686	0.0089	5459.0285	-2.9	-0.5	0.5679	-0.0472	0.0001	0.0727	5.0943	60	0.000	55.800000	37.500000	0.00	55.758026	37.567951	155.8	11011
KPRE3	2022-04-11	09:23:10	5464.1484	13	0.0832	0.0107	5459.0286	-3.0	-1.0	0.5582	-0.0471	0.0002	0.0724	5.0943	60	0.000	55.800000	37.500000	0.00	55.758083	37.567768	155.5	11011
KPRE3	2022-04-11	09:24:10	5464.1486	13	0.0532	0.0069	5459.0289	-3.1	-1.0	0.5609	-0.0471	0.0002	0.0723	5.0943	60	0.000	55.800000	37.500000	0.00	55.758316	37.568199	155.6	11011
KPRE3	2022-04-11	09:25:10	5464.1494	13	0.0392	0.0051	5459.0300	-3.6	0.7	0.5585	-0.0471	0.0002	0.0720	5.0943	60	0.000	55.800000	37.500000	0.00	55.758572	37.568008	155.7	11011
KPRE3	2022-04-11	09:26:10	5464.1500	13	0.0534	0.0069	5459.0306	-3.9	0.4	0.5612	-0.0471	0.0002	0.0719	5.0943	60	0.000	55.800000	37.500000	0.00	--	--	--	11011
KPRE3	2022-04-11	09:27:10	5464.1491	13	0.0477	0.0062	5459.0299	-4.4	1.3	0.5629	-0.0471	0.0002	0.0717	5.0943	60	0.000	55.800000	37.500000	0.00	55.758221	37.568192	155.4	11011
KPRE3	2022-04-11	09:28:10	5464.1489	13	0.0424	0.0055	5459.0296	-5.2	0.7	0.5592	-0.0471	0.0003	0.0716	5.0944	60	0.000	55.800000	37.500000	0.00	55.758324	37.568218	155.3	11011
KPRE3	2022-04-11	09:29:10	5464.1491	13	0.0381	0.0049	5459.0298	-4.0	0.2	0.5563	-0.0470	0.0003	0.0717	5.0944	60	0.000	55.800000	37.500000	0.00	55.758183	37.568058	155.4	11011
KPRE3	2022-04-11	09:30:10	5464.1505	13	0.0552	0.0071	5459.0315	-3.1	0.8	0.5530	-0.0470	0.0002	0.0715	5.0944	60	0.000	55.800000	37.500000	0.00	55.758236	37.568268	154.9	11011
KPRE3	2022-04-11	09:31:10	5464.1513	13	0.0335	0.0043	5459.0321	-2.8	1.1	0.5516	-0.0470	0.0001	0.0717	5.0944	60	0.000	55.800000	37.500000	0.00	55.758209	37.568226	154.4	11011
KPRE3	2022-04-11	09:32:10	5464.1494	13	0.0504	0.0065	5459.0304	-2.9	2.9	0.5555	-0.0470	0.0002	0.0713	5.0944	60	0.000	55.800000	37.500000	0.00	55.758163	37.568321	154.0	11011
KPRE3	2022-04-11	09:33:10	5464.1511	13	0.0282	0.0036	5459.0321	-3.1	2.2	0.5559	-0.0470	0.0002	0.0713	5.0944	60	0.000	55.800000	37.500000	0.00	55.758179	37.568245	150.2	11011
KPRE3	2022-04-11	09:34:10	5464.1503	13	0.0329	0.0042	5459.0311	-3.9	2.4	0.5601	-0.0469	0.0003	0.0714	5.0944	60	0.000	55.800000	37.500000	0.00	55.758812	37.568447	154.0	11011
KPRE3	2022-04-11	09:35:10	5464.1493	13	0.0715	0.0092	5459.0302	-3.1	3.2	0.5569	-0.0469	0.0003	0.0713	5.0945	60	0.000	55.800000	37.500000	0.00	55.758495	37.568096	154.4	11011
KPRE3	2022-04-11	09:36:10	5464.1498	13	0.0366	0.0047	5459.0309	-3.2	2.8	0.5493	-0.0469	0.0003	0.0711	5.0945	60	0.000	55.800000	37.500000	0.00	55.758209	37.568417	154.4	11011
KPRE3	2022-04-11	09:37:10	5464.1506	13	0.0735	0.0095	5459.0314	-4.0	3.5	0.5478	-0.0469	0.0005	0.0712	5.0945	60	0.000	55.800000	37.500000	0.00	55.758087	37.568188	153.5	11011
KPRE3	2022-04-11	09:38:10	5464.1498	13	0.0717	0.0093	5459.0308	-3.4	3.1	0.5472	-0.0469	0.0002	0.0711	5.0945	60	0.000	55.800000	37.500000	0.00	55.758266	37.568268	153.3	11011
KPRE3	2022-04-11	09:39:10	5464.1491	13	0.0390	0.0050	5459.0299	-3.6	4.1	0.5478	-0.0469	0.0003	0.0712	5.0945	60	0.000	55.800000	37.500000	0.00	55.758026	37.568230	152.9	11011
KPRE3	2022-04-11	09:40:10	5464.1494	13	0.0391	0.0050	5459.0303	-4.6	3.1	0.5538	-0.0468	0.0004	0.0710	5.0945	60	0.000	55.800000	37.500000	0.00	55.758286	37.568218	152.1	11011
KPRE3	2022-04-11	09:41:10	5464.1498	13	0.0734	0.0095	5459.0305	-5.2	3.3	0.5493	-0.0468	0.0005	0.0711	5.0946	60	0.000	55.800000	37.500000	0.00	55.758286	37.568180	149.4	11011
KPRE3	2022-04-11	09:42:10	5464.1481	13	0.0551	0.0071	5459.0290	-5.6	2.8	0.5526	-0.0468	0.0005	0.0709	5.0946	60	0.000	55.800000	37.500000	0.00	55.758343	37.568268	146.6	11011
KPRE3	2022-04-11	09:43:10	5464.1495	13	0.0380	0.0049	5459.0304	-5.2	3.0	0.5515	-0.0468	0.0005	0.0709	5.0946	60	0.000	55.800000	37.500000	0.00	55.757828	37.568344	146.3	11011
KPRE3	2022-04-11	09:44:10	5464.1493	13	0.0437	0.0056	5459.0298	-3.8	4.0	0.5532	-0.0468	0.0004	0.0712	5.0946	60	0.000	55.800000	37.500000	0.00	55.757763	37.568073	146.6	11011
KPRE3	2022-04-11	09:45:10	5464.1506	13	0.0409	0.0053	5459.0312	-4.5	4.5	0.5540	-0.0467	0.0006	0.0709	5.0946	60	0.000	55.800000	37.500000	0.00	55.758179	37.568218	146.5	11011
KPRE3	2022-04-11	09:46:10	5464.1513	13	0.0538	0.0069	5459.0321	-4.6	3.6	0.5435	-0.0467	0.0004	0.0710	5.0946	60	0.000	55.800000	37.500000	0.00	55.758240	37.568275	148.1	11011
KPRE3	2022-04-11	09:47:10	5464.1509	13	0.0493	0.0064	5459.0313	-4.8	3.9	0.5453	-0.0467	0.0006	0.0710	5.0946	60	0.000	55.800000	37.500000	0.00	55.758369	37.568218	147.4	11011
KPRE3	2022-04-11	09:48:10	5464.1493	13	0.0473	0.0061	5459.0301	-4.1	3.8	0.5467	-0.0467	0.0004	0.0708	5.0947	60	0.000	55.800000	37.500000	0.00	55.757874	37.568344	143.4	11011
KPRE3	2022-04-11	09:49:10	5464.1495	13	0.0376	0.0049	5459.0303	-4.3	3.8	0.5526	-0.0467	0.0004	0.0707	5.0947	60	0.000	55.800000	37.500000	0.00	55.758350	37.568363	142.5	11011
KPRE3	2022-04-11	09:50:10	5464.1507	13	0.0402	0.0052	5459.0314	-5.3	4.4	0.5456	-0.0466	0.0006	0.0707	5.0947	60	0.000	55.800000	37.500000	0.00	55.758457	37.568256	142.6	11011
KPRE3	2022-04-11	09:51:10	5464.1500	13	0.0399	0.0052	5459.0307	-4.9	4.3	0.5450	-0.0466	0.0005	0.0707	5.0947	60	0.000	55.800000	37.500000	0.00	55.759705	37.568077	142.2	11011
KPRE3	2022-04-11	09:52:10	5464.1485	13	0.0427	0.0055	5459.0292	-3.9	4.1	0.5482	-0.0466	0.0004	0.0709	5.0947	60	0.000	55.800000	37.500000	0.00	55.758503	37.568237	142.6	11011
KPRE3	2022-04-11	09:53:10	5464.1502	13	0.0497	0.0064	5459.0310	-3.9	4.1	0.5425	-0.0466	0.0004	0.0707	5.0947	60	0.000	55.800000	37.500000	0.00	55.758106	37.568287	143.4	11011
KPRE3	2022-04-11	09:54:10	5464.1498	13	0.0743	0.0096	5459.0304	-4.6	4.3	0.5454	-0.0466	0.0005	0.0707	5.0947	60	0.000	55.800000	37.500000	0.00	55.758324	37.568111	143.2	11011
KPRE3	2022-04-11	09:55:10	5464.1491	13	0.0441	0.0057	5459.0298	-4.6	4.3	0.5500	-0.0465	0.0006	0.0705	5.0948	60	0.000	55.800000	37.500000	0.00	55.758698	37.568111	144.2	11011
KPRE3	2022-04-11	09:56:10	5464.1502	13	0.0435	0.0056	5459.0309	-4.0	4.6	0.5455	-0.0465	0.0005	0.0706	5.0948	60	0.000	55.800000	37.500000	0.00	55.758259	37.568161	145.8	11011
KPRE3	2022-04-11	09:57:10	5464.1487	13	0.0604	0.0078	5459.0294	-4.3	4.8	0.5514	-0.0465	0.0005	0.0705	5.0948	60	0.000	55.800000	37.500000	0.00	55.758179	37.568218	145.7	11011
KPRE3	2022-04-11	09:58:10	5464.1504	13	0.0347	0.0045	5459.0310	-4.3	5.3	0.5478	-0.0465	0.0006	0.0705	5.0948	60	0.000	55.800000	37.500000	0.00	55.758286	37.568115	145.7	11011
KPRE3	2022-04-11	09:59:10	5464.1504	13	0.0482	0.0062	5459.0309	-4.6	5.1	0.5432	-0.0465	0.0005	0.0706	5.0948	60	0.000	55.800000	37.500000	0.00	55.758648	37.568188	145.9	11011
KPRE3	2022-04-11	10:00:10	5464.1514	13	0.0651	0.0084	5459.0316	-4.3	6.2	0.5483	-0.0464	0.0008	0.0705	5.0948	60	0.000	55.800000	37.500000	0.00	55.758049	37.568325	146.6	11011
KPRE3	2022-04-11	10:01:10	5464.1509	13	0.0501	0.0065	5459.0310	-5.6	5.6	0.5476	-0.0464	0.0009	0.0706	5.0949	60	0.000	55.800000	37.500000	0.00	--	--	--	11011
KPRE3	2022-04-11	10:02:10	5464.1498	13	0.0389	0.0050	5459.0301	-6.1	5.7	0.5504	-0.0464	0.0008	0.0705	5.0949	60	0.000	55.800000	37.500000	0.00	55.757885	37.568401	147.0	11011
KPRE3	2022-04-11	10:03:10	5464.1494	13	0.0508	0.0066	5459.0294	-5.2	6.3	0.5487	-0.0464	0.0009	0.0706	5.0949	60	0.000	55.800000	37.500000	0.00	55.757854	37.568390	147.2	11011
KPRE3	2022-04-11	10:04:10	5464.1496	13	0.0746	0.0096	5459.0298	-4.9	5.7	0.5478	-0.0463	0.0006	0.0707	5.0949	60	0.000	55.800000	37.500000	0.00	55.758057	37.568283	147.2	11011
KPRE3	2022-04-11	10:05:10	5464.1491	13	0.0525	0.0068	5459.0293	-5.1	5.4	0.5453	-0.0463	0.0006	0.0706	5.0949	60	0.000	55.800000	37.500000	0.00	55.758049	37.568123	147.2	11011
KPRE3	2022-04-11	10:06:10	5464.1500	13	0.0414	0.0053	5459.0304	-5.1	5.5	0.5509	-0.0463	0.0006	0.0703	5.0949	60	0.000	55.800000	37.500000	0.00	55.758209	37.568321	147.1	11011
KPRE3	2022-04-11	10:07:10	5464.1508	13	0.0445	0.0057	5459.0311	-4.8	5.1	0.5467	-0.0463	0.0005	0.0705	5.0949	60	0.000	55.800000	37.500000	0.00	55.758286	37.568382	147.0	11011
KPRE3	2022-04-11	10:08:10	5464.1510	13	0.0549	0.0071	5459.0312	-5.1	5.2	0.5431	-0.0462	0.0008	0.0704	5.0950	60	0.000	55.800000	37.500000	0.00	55.758411	37.568417	146.9	11011
KPRE3	2022-04-11	10:09:10	5464.1505	13	0.0415	0.0054	5459.0306	-5.2	4.5	0.5387	-0.0462	0.0007	0.0705	5.0950	60	0.000	55.800000	37.500000	0.00	55.758354	37.568130	146.8	11011
KPRE3	2022-04-11	10:10:10	5464.1513	13	0.0414	0.0053	5459.0312	-5.8	5.7	0.5467	-0.0462	0.0009	0.0703	5.0950	60	0.000	55.800000	37.500000	0.00	55.757999	37.568302	146.7	11011
KPRE3	2022-04-11	10:11:10	5464.1503	13	0.0398	0.0051	5459.0302	-5.0	6.2	0.5481	-0.0462	0.0008	0.0704	5.0950	60	0.000	55.800000	37.500000	0.00	55.758350	37.568073	146.8	11011
KPRE3	2022-04-11	10:12:10	5464.1504	13	0.0532	0.0069	5459.0301	-5.9	7.3	0.5467	-0.0461	0.0010	0.0704	5.0950	60	0.000	55.800000	37.500000	0.00	55.758354	37.567978	145.7	11011
KPRE3	2022-04-11	10:13:10	5464.1505	13	0.0528	0.0068	5459.0301	-6.2	6.6	0.5446	-0.0461	0.0011	0.0703	5.0950	60	0.000	55.800000	37.500000	0.00	55.758121	37.568161	144.6	11011
KPRE3	2022-04-11	10:14:10	5464.1505	13	0.0656	0.0085	5459.0305	-5.2	6.1	0.5508	-0.0461	0.0008	0.0703	5.0950	60	0.000	55.800000	37.500000	0.00	55.758121	37.568085	144.1	11011
KPRE3	2022-04-11	10:15:10	5464.1506	13	0.0474	0.0061	5459.0304	-3.9	6.9	0.5488	-0.0460	0.0008	0.0704	5.0951	60	0.000	55.800000	37.500000	0.00	55.758030	37.568188	144.9	11011
KPRE3	2022-04-11	10:16:10	5464.1509	13	0.0610	0.0079	5459.0306	-3.6	7.4	0.5502	-0.0460	0.0008	0.0704	5.0951	60	0.000	55.800000	37.500000	0.00	55.758278	37.568340	144.9	11011
KPRE3	2022-04-11	10:17:10	5464.1508	13	0.0320	0.0041	5459.0305	-4.6	5.9	0.5440	-0.0460	0.0006	0.0706	5.0951	60	0.000	55.800000	37.500000	0.00	55.758209	37.568058	145.5	11011
KPRE3	2022-04-11	10:18:10	5464.1505	13	0.0370	0.0048	5459.0306	-4.7	4.1	0.5438	-0.0460	0.0004	0.0704	5.0951	60	0.000	55.800000	37.500000	0.00	55.758202	37.568073	145.5	11011
KPRE3	2022-04-11	10:19:10	5464.1520	13	0.0752	0.0097	5459.0313	-6.1	6.2	0.5477	-0.0459	0.0009	0.0705	5.0951	60	0.000	55.800000	37.500000	0.00	55.758114	37.568073	145.6	11011
KPRE3	2022-04-11	10:20:10	5464.1505	13	0.0351	0.0045	5459.0301	-5.5	6.0	0.5548	-0.0459	0.0007	0.0704	5.0951	60	0.000	55.800000	37.500000	0.00	55.758236	37.568153	145.6	11011
110A3	2022-04-11	11:32:42	5490.6708	13	0.0770	0.0099	5485.5442	1.0	-2.6	0.5587	-0.0418	0.0001	0.0721	5.0962	60	0.000	55.800000	37.500000	0.00	55.854950	37.516670	147.3	11011
110A3	2022-04-11	11:33:42	5490.6721	13	0.0490	0.0063	5485.5454	1.3	-2.2	0.5581	-0.0417	0.0001	0.0721	5.0962	60	0.000	55.800000	37.500000	0.00	55.855133	37.516388	154.5	11011
110A3	2022-04-11	11:34:42	5490.6718	13	0.0601	0.0078	5485.5452	2.0	-3.2	0.5581	-0.0416	0.0002	0.0718	5.0962	60	0.000	55.800000	37.500000	0.00	55.855122	37.516235	157.2	11011
110A3	2022-04-11	11:35:42	5490.6717	13	0.0378	0.0049	5485.5447	1.8	-5.2	0.5602	-0.0415	0.0005	0.0718	5.0963	60	0.000	55.800000	37.500000	0.00	55.855072	37.516655	157.8	11011
110A3	2022-04-11	11:36:42	5490.6716	13	0.0455	0.0059	5485.5446	1.0	-4.5	0.5630	-0.0414	0.0003	0.0719	5.0963	60	0.000	55.800000	37.500000	0.00	55.855045	37.516472	157.6	11011
110A3	2022-04-11	11:37:42	5490.6709	13	0.0436	0.0056	5485.5440	0.3	-3.2	0.5564	-0.0413	0.0002	0.0717	5.0963	60	0.000	55.800000	37.500000	0.00	55.855038	37.516312	158.3	11011
110A3	2022-04-11	11:38:42	5490.6716	13	0.0445	0.0057	5485.5446	1.6	-3.2	0.5546	-0.0413	0.0002	0.0717	5.0963	60	0.000	55.800000	37.500000	0.00	55.855209	37.516365	160.0	11011
110A3	2022-04-11	11:39:42	5490.6714	13	0.0611	0.0079	5485.5445	-0.3	-2.5	0.5548	-0.0412	0.0001	0.0716	5.0963	60	0.000	55.800000	37.500000	0.00	55.855103	37.516460	160.1	11011
110A3	2022-04-11	11:40:42	5490.6718	13	0.0485	0.0063	5485.5446	0.5	-4.4	0.5547	-0.0411	0.0003	0.0716	5.0963	60	0.000	55.800000	37.500000	0.00	55.855064	37.516422	160.2	11011
110A3	2022-04-11	11:41:42	5490.6737	13	0.0576	0.0074	5485.5467	0.5	-3.5	0.5585	-0.0410	0.0002	0.0714	5.0963	60	0.000	55.800000	37.500000	0.00	55.855045	37.516129	157.8	11011
110A3	2022-04-11	11:42:42	5490.6725	13	0.0269	0.0035	5485.5452	2.3	-4.3	0.5548	-0.0409	0.0003	0.0714	5.0964	60	0.000	55.800000	37.500000	0.00	55.855095	37.516453	153.7	11011
110A3	2022-04-11	11:43:42	5490.6710	13	0.0427	0.0055	5485.5435	1.9	-4.5	0.5550	-0.0408	0.0003	0.0716	5.0964	60	0.000	55.800000	37.500000	0.00	55.855129	37.516560	155.9	11011
110A3	2022-04-11	11:44:42	5490.6727	13	0.0478	0.0062	5485.5452	1.0	-4.1	0.5642	-0.0407	0.0003	0.0715	5.0964	60	0.000	55.800000	37.500000	0.00	55.855255	37.516384	156.6	11011
110A3	2022-04-11	11:45:42	5490.6718	13	0.0531	0.0068	5485.5445	-0.1	-3.6	0.5563	-0.0406	0.0001	0.0713	5.0964	60	0.000	55.800000	37.500000	0.00	55.855167	37.516518	157.8	11011
110A3	2022-04-11	11:46:42	5490.6723	13	0.0557	0.0072	5485.5448	1.0	-3.4	0.5514	-0.0405	0.0002	0.0714	5.0964	60	0.000	55.800000	37.500000	0.00	55.855095	37.516445	158.1	11011
110A3	2022-04-11	11:47:42	5490.6725	13	0.0604	0.0078	5485.5446	1.8	-4.2	0.5566	-0.0404	0.0003	0.0715	5.0964	60	0.000	55.800000	37.500000	0.00	55.855141	37.516441	156.8	11011
110A3	2022-04-11	11:48:42	5490.6717	13	0.0467	0.0060	5485.5440	0.9	-2.2	0.5516	-0.0403	0.0001	0.0714	5.0965	60	0.000	55.800000	37.500000	0.00	55.855286	37.516613	158.6	11011
110A3	2022-04-11	11:49:42	5490.6718	13	0.0446	0.0058	5485.5441	0.6	-1.7	0.5465	-0.0401	0.0001	0.0713	5.0965	60	0.000	55.800000	37.500000	0.00	55.855103	37.516422	160.1	11011
110A3	2022-04-11	11:50:42	5490.6730	13	0.0479	0.0062	5485.5452	1.4	-2.2	0.5569	-0.0400	0.0002	0.0712	5.0965	60	0.000	55.800000	37.500000	0.00	55.855129	37.516510	160.1	11011
110A3	2022-04-11	11:51:42	5490.6728	13	0.0297	0.0038	5485.5448	2.8	-2.2	0.5450	-0.0399	0.0002	0.0713	5.0965	60	0.000	55.800000	37.500000	0.00	55.855198	37.516148	159.7	11011
110A3	2022-04-11	11:52:42	5490.6719	13	0.0549	0.0071	5485.5438	3.5	-2.4	0.5554	-0.0398	0.0002	0.0712	5.0965	60	0.000	55.800000	37.500000	0.00	55.855209	37.516556	159.3	11011
110A3	2022-04-11	11:53:42	5490.6722	13	0.0447	0.0058	5485.5440	2.8	-0.6	0.5515	-0.0397	0.0001	0.0713	5.0965	60	0.000	55.800000	37.500000	0.00	55.855095	37.516350	159.6	11011
110A3	2022-04-11	11:54:42	5490.6705	13	0.0349	0.0045	5485.5420	1.4	-2.2	0.5599	-0.0396	0.0001	0.0715	5.0965	60	0.000	55.800000	37.500000	0.00	55.854961	37.516624	156.3	11011
110A3	2022-04-11	11:55:42	5490.6711	13	0.0483	0.0062	5485.5428	0.3	-3.3	0.5477	-0.0395	0.0001	0.0711	5.0966	60	0.000	55.800000	37.500000	0.00	55.855076	37.516308	156.3	11011
110A3	2022-04-11	11:56:42	5490.6721	13	0.0685	0.0088	5485.5436	1.0	-3.5	0.5423	-0.0394	0.0002	0.0711	5.0966	60	0.000	55.800000	37.500000	0.00	55.855167	37.516235	156.7	11011
110A3	2022-04-11	11:57:42	5490.6717	13	0.0491	0.0063	5485.5430	0.8	-2.8	0.5486	-0.0393	0.0001	0.0712	5.0966	60	0.000	55.800000	37.500000	0.00	55.855152	37.516232	156.7	11011
110A3	2022-04-11	11:58:42	5490.6713	13	0.0472	0.0061	5485.5424	-0.1	-3.5	0.5493	-0.0391	0.0002	0.0713	5.0966	60	0.000	55.800000	37.500000	0.00	55.855095	37.516434	157.1	11011
110A3	2022-04-11	11:59:42	5490.6702	13	0.0483	0.0062	5485.5415	-0.8	-2.6	0.5503	-0.0390	0.0001	0.0710	5.0966	60	0.000	55.800000	37.500000	0.00	55.855083	37.516376	157.0	11011
110A3	2022-04-11	12:00:42	5490.6714	13	0.0481	0.0062	5485.5422	-0.2	-2.3	0.5461	-0.0389	0.0001	0.0713	5.0966	60	0.000	55.800000	37.500000	0.00	55.855122	37.516396	157.1	11011
110A3	2022-04-11	12:01:42	5490.6722	13	0.0639	0.0083	5485.5431	0.2	-1.7	0.5526	-0.0388	0.0000	0.0712	5.0966	60	0.000	55.800000	37.500000	0.00	55.855122	37.516243	154.0	11011
110A3	2022-04-11	12:02:42	5490.6720	13	0.0380	0.0049	5485.5428	0.8	-2.0	0.5534	-0.0387	0.0001	0.0711	5.0967	60	0.000	55.800000	37.500000	0.00	55.855076	37.516388	155.1	11011
110A3	2022-04-11	12:03:42	5490.6717	13	0.0631	0.0081	5485.5425	0.2	-2.5	0.5537	-0.0385	0.0001	0.0710	5.0967	60	0.000	55.800000	37.500000	0.00	55.855076	37.516510	157.7	11011
110A3	2022-04-11	12:04:42	5490.6727	13	0.0411	0.0053	5485.5434	-0.3	-1.9	0.5457	-0.0384	0.0000	0.0710	5.0967	60	0.000	55.800000	37.500000	0.00	55.855129	37.516273	157.7	11011
110A3	2022-04-11	12:05:42	5490.6726	13	0.0492	0.0064	5485.5430	-0.5	-2.0	0.5497	-0.0383	0.0000	0.0711	5.0967	60	0.000	55.800000	37.500000	0.00	55.855129	37.516319	157.7	11011
110A3	2022-04-11	12:06:42	5490.6717	13	0.0394	0.0051	5485.5421	0.6	-1.2	0.5526	-0.0382	0.0000	0.0711	5.0967	60	0.000	55.800000	37.500000	0.00	55.855133	37.516243	158.2	11011
110A3	2022-04-11	12:07:42	5490.6704	13	0.0413	0.0053	5485.5405	0.1	-1.4	0.5509	-0.0380	0.0000	0.0711	5.0967	60	0.000	55.800000	37.500000	0.00	55.855026	37.516243	156.3	11011
110A3	2022-04-11	12:08:42	5490.6723	13	0.0386	0.0050	5485.5424	0.5	-1.2	0.5548	-0.0379	0.0000	0.0711	5.0967	60	0.000	55.800000	37.500000	0.00	55.855110	37.516499	156.0	11011
110A3	2022-04-11	12:09:42	5490.6718	13	0.0510	0.0066	5485.5418	0.4	-1.6	0.5500	-0.0378	0.0001	0.0710	5.0968	60	0.000	55.800000	37.500000	0.00	55.855179	37.516464	157.0	11011
110A3	2022-04-11	12:10:42	5490.6726	13	0.0453	0.0058	5485.5423	-0.3	-2.3	0.5468	-0.0377	0.0001	0.0710	5.0968	60	0.000	55.800000	37.500000	0.00	55.855095	37.516510	157.0	11011
110A3	2022-04-11	12:11:42	5490.6708	13	0.0415	0.0054	5485.5405	-0.1	-0.8	0.5557	-0.0375	0.0000	0.0710	5.0968	60	0.000	55.800000	37.500000	0.00	55.855053	37.516178	155.8	11011
110A3	2022-04-11	12:12:42	5490.6716	13	0.0350	0.0045	5485.5411	0.4	-1.1	0.5467	-0.0374	0.0001	0.0711	5.0968	60	0.000	55.800000	37.500000	0.00	55.855167	37.516483	154.7	11011
110A3	2022-04-11	12:13:42	5490.6708	13	0.0575	0.0074	5485.5400	1.7	-0.9	0.5558	-0.0373	0.0001	0.0711	5.0968	60	0.000	55.800000	37.500000	0.00	55.855083	37.516872	154.7	11011
110A3	2022-04-11	12:14:42	5490.6702	13	0.0260	0.0034	5485.5393	1.2	-0.7	0.5471	-0.0371	0.0001	0.0711	5.0968	60	0.000	55.800000	37.500000	0.00	55.855072	37.516499	154.1	11011
110A3	2022-04-11	12:15:42	5490.6702	13	0.0444	0.0057	5485.5394	1.6	-0.5	0.5509	-0.0370	0.0001	0.0708	5.0969	60	0.000	55.800000	37.500000	0.00	55.855122	37.516441	153.5	11011
110A3	2022-04-11	12:16:42	5490.6707	13	0.0361	0.0047	5485.5395	0.9	-2.4	0.5587	-0.0368	0.0001	0.0711	5.0969	60	0.000	55.800000	37.500000	0.00	55.855141	37.516338	152.9	11011
110A3	2022-04-11	12:17:42	5490.6707	13	0.0340	0.0044	5485.5393	1.6	-2.5	0.5504	-0.0367	0.0001	0.0710	5.0969	60	0.000	55.800000	37.500000	0.00	55.855133	37.516369	152.8	11011
110A3	2022-04-11	12:18:42	5490.6715	13	0.0400	0.0052	5485.5402	1.3	-1.5	0.5474	-0.0366	0.0000	0.0709	5.0969	60	0.000	55.800000	37.500000	0.00	55.855396	37.516254	152.2	11011
110A3	2022-04-11	12:19:42	5490.6706	13	0.0531	0.0069	5485.5389	2.5	-0.8	0.5494	-0.0364	0.0001	0.0711	5.0969	60	0.000	55.800000	37.500000	0.00	55.855083	37.516270	152.2	11011
110A3	2022-04-11	12:20:42	5490.6725	13	0.0473	0.0061	5485.5408	1.6	-1.1	0.5475	-0.0363	0.0001	0.0710	5.0969	60	0.000	55.800000	37.500000	0.00	55.854996	37.516308	151.9	11011
110A3	2022-04-11	12:21:42	5490.6707	13	0.0526	0.0068	5485.5388	0.1	-1.6	0.5533	-0.0361	0.0001	0.0710	5.0969	60	0.000	55.800000	37.500000	0.00	55.855019	37.516598	152.1	11011
110A3	2022-04-11	12:22:42	5490.6716	13	0.0484	0.0062	5485.5396	0.4	-1.5	0.5436	-0.0360	0.0001	0.0710	5.0970	60	0.000	55.800000	37.500000	0.00	55.855133	37.516426	151.9	11011
110A3	2022-04-11	12:23:42	5490.6702	13	0.0540	0.0070	5485.5378	0.8	-2.8	0.5414	-0.0359	0.0002	0.0711	5.0970	60	0.000	55.800000	37.500000	0.00	55.855217	37.516109	150.8	11011
110A3	2022-04-11	12:24:42	5490.6711	13	0.0373	0.0048	5485.5386	1.6	-3.4	0.5464	-0.0357	0.0001	0.0710	5.0970	60	0.000	55.800000	37.500000	0.00	55.855198	37.516090	151.7	11011
110A3	2022-04-11	12:25:42	5490.6728	13	0.0253	0.0033	5485.5404	0.7	-2.4	0.5596	-0.0356	0.0001	0.0709	5.0970	60	0.000	55.800000	37.500000	0.00	55.855228	37.516178	150.9	11011
110A3	2022-04-11	12:26:42	5490.6721	13	0.0445	0.0057	5485.5392	1.0	-3.7	0.5454	-0.0354	0.0003	0.0710	5.0970	60	0.000	55.800000	37.500000	0.00	55.855072	37.516273	150.9	11011
110A3	2022-04-11	12:27:42	5490.6715	13	0.0499	0.0064	5485.5386	2.3	-2.9	0.5483	-0.0353	0.0002	0.0709	5.0970	60	0.000	55.800000	37.500000	0.00	55.855045	37.516178	149.8	11011
110A3	2022-04-11	12:28:42	5490.6712	13	0.0416	0.0054	5485.5379	1.3	-2.5	0.5496	-0.0351	0.0002	0.0712	5.0970	60	0.000	55.800000	37.500000	0.00	55.855038	37.516376	149.2	11011
110A3	2022-04-11	12:29:42	5490.6714	13	0.0406	0.0052	5485.5380	1.3	-2.5	0.5528	-0.0350	0.0001	0.0711	5.0971	60	0.000	55.800000	37.500000	0.00	55.855167	37.516216	147.2	11011
110A3	2022-04-11	12:30:42	5490.6709	13	0.0374	0.0048	5485.5375	0.9	-2.5	0.5487	-0.0348	0.0001	0.0710	5.0971	60	0.000	55.800000	37.500000	0.00	55.855083	37.516407	148.1	11011
110A3	2022-04-11	12:31:42	5490.6702	13	0.0315	0.0041	5485.5367	1.7	-2.0	0.5556	-0.0346	0.0001	0.0709	5.0971	60	0.000	55.800000	37.500000	0.00	55.855007	37.516148	148.0	11011
