/		CG-6 Survey
/		Survey Name:	MAIN-ZVEB
/		Instrument Serial Number:	000000022090471
/		Created:	2023-04-18 06:05:10
/
/		CG-6 Calibration
/		Operator:	AKE
/		Gcal1 [mGal]:	8025.847000
/		Goff [ADU]:	-8388608.000000
/		Gref [mGal]:	0.0000
/		X Scale [arc-sec/ADU]:	0.030956
/		Y Scale [arc-sec/ADU]:	0.030508
/		X Offset [ADU]:	-220356.544981
/		Y Offset [ADU]:	-134316.557988
/		Temperature Coefficient [mGal/mK]:	-0.130000
/		Temperature Scale [mK/ADU]:	-0.000111
/		Drift Rate [mGal/day]:	0.019270
/		Drift Zero Time:	2023-02-13 12:00:00
/		Firmware Version:	CG6_2_20220815
/
/Station	Date	Time	CorrGrav	Line	StdDev	StdErr	RawGrav	X	Y	SensorTemp	TideCorr	TiltCorr	TempCorr	DriftCorr	MeasurDur	InstrHeight	LatUser	LonUser	ElevUser	LatGPS	LonGPS	ElevGPS	Corrections[drift-temp-na-tide-tilt]
4	2023-05-02	06:03:04	5619.0525	2	0.0294	0.0038	5620.5078	-0.1	1.0	0.4389	-0.0136	0.0001	0.0566	-1.4983	60	0.000	55.800000	37.500000	181.80	55.781631	37.638809	210.8	11011
4	2023-05-02	06:04:04	5619.0515	2	0.0203	0.0026	5620.5063	-1.4	0.7	0.4375	-0.0133	0.0001	0.0567	-1.4983	60	0.000	55.800000	37.500000	181.80	55.781212	37.639088	209.7	11011
4	2023-05-02	06:05:04	5619.0531	2	0.0274	0.0035	5620.5078	-1.0	0.2	0.4355	-0.0130	0.0000	0.0566	-1.4983	60	0.000	55.800000	37.500000	181.80	55.781212	37.639122	209.2	11011
4	2023-05-02	06:06:04	5619.0520	2	0.0283	0.0036	5620.5065	-2.4	-0.2	0.4368	-0.0128	0.0001	0.0565	-1.4983	60	0.000	55.800000	37.500000	181.80	55.781300	37.638802	209.4	11011
4	2023-05-02	06:07:04	5619.0510	2	0.0273	0.0035	5620.5053	-2.3	1.2	0.4279	-0.0125	0.0001	0.0563	-1.4983	60	0.000	55.800000	37.500000	181.80	55.781193	37.638752	209.1	11011
4	2023-05-02	06:08:04	5619.0527	2	0.0247	0.0032	5620.5066	-2.1	2.3	0.4420	-0.0122	0.0001	0.0565	-1.4983	60	0.000	55.800000	37.500000	181.80	55.781193	37.639103	212.7	11011
4	2023-05-02	06:09:04	5619.0523	2	0.0197	0.0025	5620.5062	-1.8	1.2	0.4300	-0.0119	0.0001	0.0563	-1.4984	60	0.000	55.800000	37.500000	181.80	55.780956	37.639114	217.5	11011
4	2023-05-02	06:10:04	5619.0513	2	0.0244	0.0032	5620.5050	-2.2	0.8	0.4295	-0.0117	0.0001	0.0563	-1.4984	60	0.000	55.800000	37.500000	181.80	55.780666	37.639381	221.3	11011
4	2023-05-02	06:11:04	5619.0523	2	0.0251	0.0032	5620.5057	-3.2	1.2	0.4357	-0.0114	0.0002	0.0562	-1.4984	60	0.000	55.800000	37.500000	181.80	55.781223	37.639317	224.2	11011
4	2023-05-02	06:12:04	5619.0506	2	0.0237	0.0031	5620.5038	-2.4	0.5	0.4354	-0.0111	0.0001	0.0562	-1.4984	60	0.000	55.800000	37.500000	181.80	55.781223	37.639122	224.6	11011
4	2023-05-02	06:13:04	5619.0496	2	0.0210	0.0027	5620.5027	-2.0	-0.5	0.4334	-0.0108	0.0001	0.0561	-1.4984	60	0.000	55.800000	37.500000	181.80	55.781162	37.638981	224.3	11011
4	2023-05-02	06:14:04	5619.0496	2	0.0219	0.0028	5620.5023	-1.9	0.1	0.4273	-0.0106	0.0001	0.0563	-1.4984	60	0.000	55.800000	37.500000	181.80	55.780418	37.639057	228.1	11011
4	2023-05-02	06:15:04	5619.0500	2	0.0284	0.0037	5620.5026	-2.4	-0.5	0.4320	-0.0103	0.0001	0.0561	-1.4984	60	0.000	55.800000	37.500000	181.80	55.780804	37.639088	229.9	11011
4	2023-05-02	06:16:04	5619.0506	2	0.0204	0.0026	5620.5028	-2.5	0.1	0.4310	-0.0101	0.0001	0.0563	-1.4985	60	0.000	55.800000	37.500000	181.80	55.781040	37.639179	228.9	11011
4	2023-05-02	06:17:04	5619.0490	2	0.0258	0.0033	5620.5011	-2.4	-0.3	0.4255	-0.0098	0.0001	0.0561	-1.4985	60	0.000	55.800000	37.500000	181.80	55.780952	37.639210	228.2	11011
4	2023-05-02	06:18:04	5619.0508	2	0.0228	0.0029	5620.5024	-3.3	0.2	0.4314	-0.0095	0.0002	0.0562	-1.4985	60	0.000	55.800000	37.500000	181.80	55.780964	37.639202	228.2	11011
4	2023-05-02	06:19:04	5619.0495	2	0.0270	0.0035	5620.5010	-3.5	0.9	0.4320	-0.0093	0.0001	0.0562	-1.4985	60	0.000	55.800000	37.500000	181.80	55.781067	37.639198	227.7	11011
4	2023-05-02	06:20:04	5619.0508	2	0.0247	0.0032	5620.5018	-3.0	1.0	0.4297	-0.0090	0.0001	0.0564	-1.4985	60	0.000	55.800000	37.500000	181.80	55.780754	37.639248	228.2	11011
4	2023-05-02	06:21:04	5619.0500	2	0.0185	0.0024	5620.5007	-4.1	2.7	0.4358	-0.0088	0.0004	0.0562	-1.4985	60	0.000	55.800000	37.500000	181.80	55.780746	37.639191	228.6	11011
4	2023-05-02	06:22:04	5619.0493	2	0.0205	0.0026	5620.4997	-4.4	2.8	0.4329	-0.0085	0.0003	0.0564	-1.4985	60	0.000	55.800000	37.500000	181.80	55.780895	37.639133	229.5	11011
4	2023-05-02	06:23:04	5619.0486	2	0.0157	0.0020	5620.4987	-5.0	3.3	0.4350	-0.0083	0.0004	0.0563	-1.4985	60	0.000	55.800000	37.500000	181.80	55.780926	37.639160	229.5	11011
4	2023-05-02	06:24:04	5619.0491	2	0.0217	0.0028	5620.4991	-5.2	1.8	0.4418	-0.0080	0.0003	0.0563	-1.4986	60	0.000	55.800000	37.500000	181.80	55.780926	37.639160	229.5	11011
4	2023-05-02	06:25:04	5619.0490	2	0.0253	0.0033	5620.4987	-5.9	2.2	0.4385	-0.0078	0.0005	0.0562	-1.4986	60	0.000	55.800000	37.500000	181.80	55.780926	37.639160	229.5	11011
4	2023-05-02	06:26:04	5619.0489	2	0.0248	0.0032	5620.4980	-5.1	3.5	0.4369	-0.0075	0.0006	0.0564	-1.4986	60	0.000	55.800000	37.500000	181.80	55.780792	37.639160	229.3	11011
4	2023-05-02	06:27:04	5619.0495	2	0.0189	0.0024	5620.4987	-6.2	2.1	0.4249	-0.0073	0.0005	0.0562	-1.4986	60	0.000	55.800000	37.500000	181.80	55.780876	37.639133	229.3	11011
4	2023-05-02	06:28:04	5619.0511	2	0.0259	0.0033	5620.4997	-6.8	1.6	0.4337	-0.0071	0.0006	0.0564	-1.4986	60	0.000	55.800000	37.500000	181.80	55.780880	37.639122	227.8	11011
4	2023-05-02	06:29:04	5619.0512	2	0.0227	0.0029	5620.4998	-5.7	1.8	0.4327	-0.0068	0.0004	0.0564	-1.4986	60	0.000	55.800000	37.500000	181.80	55.780880	37.639122	227.8	11011
4	2023-05-02	06:30:04	5619.0488	2	0.0290	0.0037	5620.4972	-5.6	1.0	0.4302	-0.0066	0.0004	0.0565	-1.4986	60	0.000	55.800000	37.500000	181.80	55.780972	37.639160	226.8	11011
4	2023-05-02	06:31:04	5619.0495	2	0.0247	0.0032	5620.4978	-4.8	0.9	0.4350	-0.0064	0.0003	0.0565	-1.4987	60	0.000	55.800000	37.500000	181.80	55.780849	37.639236	226.7	11011
4	2023-05-02	06:32:04	5619.0479	2	0.0259	0.0033	5620.4960	-5.3	0.8	0.4255	-0.0061	0.0004	0.0563	-1.4987	60	0.000	55.800000	37.500000	181.80	55.780849	37.639236	226.7	11011
4	2023-05-02	06:33:04	5619.0500	2	0.0309	0.0040	5620.4976	-6.4	2.4	0.4279	-0.0059	0.0005	0.0565	-1.4987	60	0.000	55.800000	37.500000	181.80	55.780952	37.639275	226.4	11011
4	2023-05-02	06:34:04	5619.0499	2	0.0204	0.0026	5620.4974	-7.0	0.8	0.4289	-0.0057	0.0006	0.0563	-1.4987	60	0.000	55.800000	37.500000	181.80	55.781048	37.639259	227.3	11011
4	2023-05-02	06:35:04	5619.0495	2	0.0186	0.0024	5620.4962	-7.7	2.1	0.4359	-0.0055	0.0009	0.0566	-1.4987	60	0.000	55.800000	37.500000	181.80	55.781048	37.639259	227.3	11011
4	2023-05-02	06:36:04	5619.0490	2	0.0245	0.0032	5620.4957	-7.0	1.4	0.4360	-0.0052	0.0006	0.0566	-1.4987	60	0.000	55.800000	37.500000	181.80	55.781357	37.639317	230.9	11011
4	2023-05-02	06:37:04	5619.0481	2	0.0239	0.0031	5620.4947	-6.8	1.2	0.4384	-0.0050	0.0005	0.0566	-1.4987	60	0.000	55.800000	37.500000	181.80	55.781231	37.639336	231.8	11011
4	2023-05-02	06:38:04	5619.0474	2	0.0235	0.0030	5620.4936	-6.0	4.7	0.4422	-0.0048	0.0007	0.0567	-1.4987	60	0.000	55.800000	37.500000	181.80	55.781071	37.639256	229.8	11011
4	2023-05-02	06:39:04	5619.0496	2	0.0226	0.0029	5620.4954	-6.6	4.8	0.4378	-0.0046	0.0008	0.0567	-1.4988	60	0.000	55.800000	37.500000	181.80	--	--	--	11011
4	2023-05-02	06:40:04	5619.0487	2	0.0204	0.0026	5620.4942	-7.9	4.6	0.4357	-0.0044	0.0010	0.0567	-1.4988	60	0.000	55.800000	37.500000	181.80	55.781288	37.639267	229.7	11011
4	2023-05-02	06:41:04	5619.0473	2	0.0223	0.0029	5620.4929	-5.6	3.9	0.4389	-0.0042	0.0006	0.0568	-1.4988	60	0.000	55.800000	37.500000	181.80	55.781174	37.639294	229.1	11011
4	2023-05-02	06:42:04	5619.0496	2	0.0246	0.0032	5620.4949	-7.1	4.3	0.4345	-0.0040	0.0007	0.0567	-1.4988	60	0.000	55.800000	37.500000	181.80	55.781052	37.639229	229.5	11011
4	2023-05-02	06:43:04	5619.0473	2	0.0225	0.0029	5620.4921	-7.3	4.8	0.4389	-0.0038	0.0010	0.0567	-1.4988	60	0.000	55.800000	37.500000	181.80	55.781052	37.639229	229.5	11011
4	2023-05-02	06:44:04	5619.0460	2	0.0253	0.0033	5620.4911	-6.2	4.4	0.4413	-0.0035	0.0006	0.0566	-1.4988	60	0.000	55.800000	37.500000	181.80	55.781143	37.639343	229.3	11011
4	2023-05-02	06:45:04	5619.0473	2	0.0249	0.0032	5620.4919	-6.0	4.3	0.4379	-0.0033	0.0007	0.0569	-1.4988	60	0.000	55.800000	37.500000	181.80	55.781250	37.639343	229.1	11011
4	2023-05-02	06:46:04	5619.0476	2	0.0270	0.0035	5620.4922	-6.2	3.7	0.4335	-0.0031	0.0006	0.0569	-1.4989	60	0.000	55.800000	37.500000	181.80	55.781013	37.639305	228.5	11011
4	2023-05-02	06:47:04	5619.0474	2	0.0243	0.0031	5620.4919	-6.2	3.1	0.4394	-0.0030	0.0006	0.0567	-1.4989	60	0.000	55.800000	37.500000	181.80	55.781136	37.639278	228.0	11011
4	2023-05-02	06:48:04	5619.0489	2	0.0251	0.0032	5620.4931	-6.0	2.9	0.4354	-0.0028	0.0005	0.0569	-1.4989	60	0.000	55.800000	37.500000	181.80	55.781052	37.639153	228.1	11011
4	2023-05-02	06:49:04	5619.0476	2	0.0206	0.0027	5620.4917	-5.6	2.6	0.4330	-0.0026	0.0006	0.0568	-1.4989	60	0.000	55.800000	37.500000	181.80	55.780956	37.639122	227.9	11011
4	2023-05-02	06:50:04	5619.0471	2	0.0229	0.0030	5620.4908	-7.5	1.5	0.4317	-0.0024	0.0007	0.0569	-1.4989	60	0.000	55.800000	37.500000	181.80	55.780991	37.639278	228.0	11011
4	2023-05-02	06:51:04	5619.0470	2	0.0261	0.0034	5620.4906	-7.6	1.7	0.4404	-0.0022	0.0007	0.0569	-1.4989	60	0.000	55.800000	37.500000	181.80	55.780991	37.639278	228.0	11011
4	2023-05-02	06:52:04	5619.0458	2	0.0254	0.0033	5620.4890	-7.1	2.0	0.4387	-0.0020	0.0007	0.0570	-1.4989	60	0.000	55.800000	37.500000	181.80	55.781086	37.639191	226.5	11011
4	2023-05-02	06:53:04	5619.0467	2	0.0236	0.0031	5620.4898	-7.8	2.4	0.4412	-0.0018	0.0007	0.0569	-1.4989	60	0.000	55.800000	37.500000	181.80	55.781166	37.639294	226.0	11011
4	2023-05-02	06:54:04	5619.0466	2	0.0276	0.0036	5620.4893	-8.3	1.6	0.4387	-0.0016	0.0010	0.0569	-1.4990	60	0.000	55.800000	37.500000	181.80	55.781258	37.639317	225.2	11011
4	2023-05-02	06:55:04	5619.0477	2	0.0285	0.0037	5620.4902	-8.0	1.4	0.4390	-0.0015	0.0008	0.0571	-1.4990	60	0.000	55.800000	37.500000	181.80	55.781258	37.639317	225.2	11011
4	2023-05-02	06:56:04	5619.0458	2	0.0287	0.0037	5620.4882	-7.2	2.1	0.4423	-0.0013	0.0007	0.0571	-1.4990	60	0.000	55.800000	37.500000	181.80	55.781166	37.639278	225.8	11011
4	2023-05-02	06:57:04	5619.0475	2	0.0204	0.0026	5620.4900	-6.3	1.3	0.4410	-0.0011	0.0006	0.0570	-1.4990	60	0.000	55.800000	37.500000	181.80	55.781162	37.639297	225.8	11011
4	2023-05-02	06:58:04	5619.0460	2	0.0249	0.0032	5620.4884	-6.4	2.0	0.4365	-0.0009	0.0005	0.0570	-1.4990	60	0.000	55.800000	37.500000	181.80	55.781162	37.639297	225.8	11011
4	2023-05-02	06:59:04	5619.0460	2	0.0281	0.0036	5620.4882	-6.8	1.0	0.4333	-0.0008	0.0007	0.0569	-1.4990	60	0.000	55.800000	37.500000	181.80	55.781162	37.639317	223.8	11011
4	2023-05-02	07:00:04	5619.0463	2	0.0241	0.0031	5620.4881	-7.5	1.4	0.4441	-0.0006	0.0007	0.0571	-1.4990	60	0.000	55.800000	37.500000	181.80	55.781166	37.639267	225.0	11011
4	2023-05-02	07:01:04	5619.0459	2	0.0310	0.0040	5620.4876	-7.0	1.3	0.4411	-0.0004	0.0007	0.0571	-1.4991	60	0.000	55.800000	37.500000	181.80	55.781258	37.639256	224.9	11011
4	2023-05-02	07:02:04	5619.0469	2	0.0158	0.0020	5620.4886	-6.9	1.0	0.4371	-0.0003	0.0007	0.0570	-1.4991	60	0.000	55.800000	37.500000	181.80	55.781277	37.639286	224.5	11011
24	2023-05-02	08:36:58	5596.4542	2	0.0352	0.0045	5597.8905	1.7	-2.1	0.4654	0.0032	0.0001	0.0607	-1.5003	60	0.000	55.800000	37.500000	181.80	55.699177	36.758133	187.2	11011
24	2023-05-02	08:37:58	5596.4543	2	0.0385	0.0050	5597.8912	0.6	-2.2	0.4635	0.0031	0.0001	0.0603	-1.5003	60	0.000	55.800000	37.500000	181.80	55.699379	36.758411	192.2	11011
24	2023-05-02	08:38:58	5596.4533	2	0.0300	0.0039	5597.8908	0.7	-2.7	0.4643	0.0030	0.0001	0.0598	-1.5004	60	0.000	55.800000	37.500000	181.80	55.699432	36.758362	194.6	11011
24	2023-05-02	08:39:58	5596.4534	2	0.0269	0.0035	5597.8910	-0.1	-3.3	0.4558	0.0029	0.0002	0.0598	-1.5004	60	0.000	55.800000	37.500000	181.80	--	--	--	11011
24	2023-05-02	08:40:58	5596.4532	2	0.0284	0.0037	5597.8913	-0.9	-4.2	0.4576	0.0028	0.0003	0.0592	-1.5004	60	0.000	55.800000	37.500000	181.80	55.699436	36.758141	202.1	11011
24	2023-05-02	08:41:58	5596.4542	2	0.0300	0.0039	5597.8926	-1.5	-4.4	0.4538	0.0027	0.0002	0.0591	-1.5004	60	0.000	55.800000	37.500000	181.80	55.699398	36.758011	199.8	11011
24	2023-05-02	08:42:58	5596.4541	2	0.0301	0.0039	5597.8929	-1.0	-3.9	0.4471	0.0026	0.0002	0.0588	-1.5004	60	0.000	55.800000	37.500000	181.80	55.699379	36.757858	197.0	11011
24	2023-05-02	08:43:58	5596.4532	2	0.0296	0.0038	5597.8926	-1.7	-3.5	0.4468	0.0025	0.0002	0.0584	-1.5004	60	0.000	55.800000	37.500000	181.80	55.699284	36.757923	187.7	11011
24	2023-05-02	08:44:58	5596.4531	2	0.0284	0.0037	5597.8928	-1.8	-4.3	0.4482	0.0024	0.0002	0.0582	-1.5004	60	0.000	55.800000	37.500000	181.80	55.699398	36.757931	186.5	11011
24	2023-05-02	08:45:58	5596.4546	2	0.0319	0.0041	5597.8947	-3.0	-4.0	0.4456	0.0023	0.0004	0.0577	-1.5005	60	0.000	55.800000	37.500000	181.80	55.699398	36.757931	186.5	11011
24	2023-05-02	08:46:58	5596.4533	2	0.0277	0.0036	5597.8939	-2.3	-4.2	0.4405	0.0021	0.0003	0.0575	-1.5005	60	0.000	55.800000	37.500000	181.80	55.699398	36.757931	186.5	11011
24	2023-05-02	08:47:58	5596.4526	2	0.0302	0.0039	5597.8936	-1.9	-2.8	0.4374	0.0020	0.0001	0.0573	-1.5005	60	0.000	55.800000	37.500000	181.80	55.699398	36.757931	186.5	11011
24	2023-05-02	08:48:58	5596.4512	2	0.0345	0.0044	5597.8926	-0.4	-3.8	0.4366	0.0019	0.0002	0.0569	-1.5005	60	0.000	55.800000	37.500000	181.80	55.699398	36.757931	186.5	11011
24	2023-05-02	08:49:58	5596.4529	2	0.0318	0.0041	5597.8946	-1.8	-2.8	0.4396	0.0018	0.0001	0.0569	-1.5005	60	0.000	55.800000	37.500000	181.80	55.699356	36.757778	181.4	11011
24	2023-05-02	08:50:58	5596.4521	2	0.0339	0.0044	5597.8941	-2.3	-3.8	0.4341	0.0017	0.0003	0.0565	-1.5005	60	0.000	55.800000	37.500000	181.80	55.699368	36.757702	180.0	11011
24	2023-05-02	08:51:58	5596.4512	2	0.0215	0.0028	5597.8932	-1.7	-5.2	0.4324	0.0015	0.0005	0.0565	-1.5005	60	0.000	55.800000	37.500000	181.80	55.699261	36.757675	180.7	11011
24	2023-05-02	08:52:58	5596.4534	2	0.0294	0.0038	5597.8958	-1.6	-4.7	0.4298	0.0014	0.0004	0.0563	-1.5006	60	0.000	55.800000	37.500000	181.80	55.699184	36.757553	182.3	11011
24	2023-05-02	08:53:58	5596.4534	2	0.0328	0.0042	5597.8965	-1.6	-4.3	0.4312	0.0013	0.0002	0.0560	-1.5006	60	0.000	55.800000	37.500000	181.80	55.699226	36.757713	183.5	11011
24	2023-05-02	08:54:58	5596.4530	2	0.0309	0.0040	5597.8962	-3.3	-5.0	0.4324	0.0012	0.0004	0.0558	-1.5006	60	0.000	55.800000	37.500000	181.80	55.699146	36.757572	182.7	11011
24	2023-05-02	08:55:58	5596.4532	2	0.0414	0.0053	5597.8967	-3.3	-4.8	0.4201	0.0010	0.0004	0.0557	-1.5006	60	0.000	55.800000	37.500000	181.80	55.699291	36.757744	180.9	11011
24	2023-05-02	08:56:58	5596.4542	2	0.0353	0.0046	5597.8979	-4.1	-5.0	0.4278	0.0009	0.0005	0.0554	-1.5006	60	0.000	55.800000	37.500000	181.80	55.699493	36.757816	180.3	11011
24	2023-05-02	08:57:58	5596.4521	2	0.0396	0.0051	5597.8961	-4.0	-5.2	0.4213	0.0007	0.0005	0.0554	-1.5006	60	0.000	55.800000	37.500000	181.80	55.699425	36.757664	178.9	11011
24	2023-05-02	08:58:58	5596.4527	2	0.0420	0.0054	5597.8969	-4.4	-4.7	0.4169	0.0006	0.0006	0.0552	-1.5006	60	0.000	55.800000	37.500000	181.80	55.699203	36.757568	178.5	11011
24	2023-05-02	08:59:58	5596.4519	2	0.0266	0.0034	5597.8966	-3.3	-6.4	0.4247	0.0005	0.0007	0.0548	-1.5006	60	0.000	55.800000	37.500000	181.80	55.699322	36.757599	178.5	11011
24	2023-05-02	09:00:58	5596.4500	2	0.0243	0.0031	5597.8948	-4.8	-5.0	0.4214	0.0003	0.0005	0.0550	-1.5007	60	0.000	55.800000	37.500000	181.80	55.699341	36.757790	179.2	11011
24	2023-05-02	09:01:58	5596.4511	2	0.0271	0.0035	5597.8965	-3.4	-5.5	0.4217	0.0002	0.0005	0.0547	-1.5007	60	0.000	55.800000	37.500000	181.80	55.699223	36.757637	178.8	11011
24	2023-05-02	09:02:58	5596.4514	2	0.0233	0.0030	5597.8971	-3.2	-5.5	0.4166	0.0000	0.0004	0.0545	-1.5007	60	0.000	55.800000	37.500000	181.80	55.699368	36.757687	177.6	11011
24	2023-05-02	09:03:58	5596.4509	2	0.0321	0.0041	5597.8971	-3.7	-4.4	0.4165	-0.0001	0.0003	0.0544	-1.5007	60	0.000	55.800000	37.500000	181.80	55.699413	36.757828	177.4	11011
24	2023-05-02	09:04:58	5596.4531	2	0.0280	0.0036	5597.8993	-4.2	-4.1	0.4175	-0.0003	0.0004	0.0544	-1.5007	60	0.000	55.800000	37.500000	181.80	55.699348	36.757801	178.0	11011
24	2023-05-02	09:05:58	5596.4527	2	0.0301	0.0039	5597.8991	-2.9	-4.8	0.4142	-0.0005	0.0004	0.0544	-1.5007	60	0.000	55.800000	37.500000	181.80	55.699368	36.757626	179.3	11011
24	2023-05-02	09:06:58	5596.4528	2	0.0293	0.0038	5597.8995	-3.5	-4.6	0.4173	-0.0006	0.0005	0.0542	-1.5007	60	0.000	55.800000	37.500000	181.80	55.699368	36.757626	179.3	11011
24	2023-05-02	09:07:58	5596.4519	2	0.0308	0.0040	5597.8989	-4.0	-5.4	0.4161	-0.0008	0.0007	0.0539	-1.5008	60	0.000	55.800000	37.500000	181.80	55.699368	36.757626	179.3	11011
24	2023-05-02	09:08:58	5596.4517	2	0.0327	0.0042	5597.8993	-3.8	-5.0	0.4130	-0.0009	0.0004	0.0537	-1.5008	60	0.000	55.800000	37.500000	181.80	55.699398	36.757778	177.6	11011
24	2023-05-02	09:09:58	5596.4516	2	0.0324	0.0042	5597.8990	-5.0	-4.4	0.4175	-0.0011	0.0006	0.0539	-1.5008	60	0.000	55.800000	37.500000	181.80	55.699413	36.757942	177.9	11011
24	2023-05-02	09:10:58	5596.4508	2	0.0373	0.0048	5597.8989	-3.9	-4.1	0.4112	-0.0013	0.0004	0.0535	-1.5008	60	0.000	55.800000	37.500000	181.80	55.699387	36.757801	177.9	11011
24	2023-05-02	09:11:58	5596.4508	2	0.0313	0.0040	5597.8993	-4.5	-4.8	0.4090	-0.0014	0.0005	0.0533	-1.5008	60	0.000	55.800000	37.500000	181.80	55.699387	36.757801	177.9	11011
24	2023-05-02	09:12:58	5596.4518	2	0.0315	0.0041	5597.9001	-5.3	-5.3	0.4078	-0.0016	0.0008	0.0534	-1.5008	60	0.000	55.800000	37.500000	181.80	55.699570	36.757610	178.1	11011
24	2023-05-02	09:13:58	5596.4510	2	0.0290	0.0037	5597.9001	-4.1	-3.2	0.4104	-0.0018	0.0004	0.0531	-1.5008	60	0.000	55.800000	37.500000	181.80	55.699368	36.757816	177.6	11011
24	2023-05-02	09:14:58	5596.4500	2	0.0297	0.0038	5597.8996	-4.3	-2.2	0.4084	-0.0020	0.0003	0.0529	-1.5008	60	0.000	55.800000	37.500000	181.80	55.699291	36.757866	176.8	11011
24	2023-05-02	09:15:58	5596.4514	2	0.0438	0.0057	5597.9009	-4.7	-2.4	0.4110	-0.0021	0.0004	0.0532	-1.5009	60	0.000	55.800000	37.500000	181.80	55.699356	36.757725	176.6	11011
24	2023-05-02	09:16:58	5596.4509	2	0.0251	0.0032	5597.9008	-5.3	-3.8	0.4060	-0.0023	0.0005	0.0528	-1.5009	60	0.000	55.800000	37.500000	181.80	55.699356	36.757706	176.6	11011
24	2023-05-02	09:17:58	5596.4510	2	0.0290	0.0037	5597.9011	-4.3	-4.7	0.4069	-0.0025	0.0005	0.0528	-1.5009	60	0.000	55.800000	37.500000	181.80	55.699375	36.757553	176.1	11011
24	2023-05-02	09:18:58	5596.4512	2	0.0384	0.0050	5597.9015	-4.5	-3.2	0.4129	-0.0027	0.0003	0.0530	-1.5009	60	0.000	55.800000	37.500000	181.80	55.699375	36.757725	175.9	11011
24	2023-05-02	09:19:58	5596.4497	2	0.0317	0.0041	5597.9003	-3.9	-4.0	0.4021	-0.0029	0.0005	0.0527	-1.5009	60	0.000	55.800000	37.500000	181.80	55.699375	36.757725	175.9	11011
24	2023-05-02	09:20:58	5596.4508	2	0.0253	0.0033	5597.9020	-3.4	-3.3	0.4059	-0.0031	0.0003	0.0526	-1.5009	60	0.000	55.800000	37.500000	181.80	55.699375	36.757725	175.9	11011
24	2023-05-02	09:21:58	5596.4506	2	0.0437	0.0056	5597.9019	-4.2	-3.2	0.4074	-0.0033	0.0004	0.0525	-1.5009	60	0.000	55.800000	37.500000	181.80	55.699375	36.757725	175.9	11011
24	2023-05-02	09:22:58	5596.4516	2	0.0320	0.0041	5597.9034	-3.3	-1.7	0.4029	-0.0035	0.0002	0.0524	-1.5010	60	0.000	55.800000	37.500000	181.80	55.699375	36.757725	175.9	11011
24	2023-05-02	09:23:58	5596.4508	2	0.0321	0.0041	5597.9029	-2.6	-1.1	0.4061	-0.0037	0.0001	0.0523	-1.5010	60	0.000	55.800000	37.500000	181.80	55.699280	36.757771	175.1	11011
24	2023-05-02	09:24:58	5596.4508	2	0.0352	0.0045	5597.9031	-3.4	-0.7	0.4016	-0.0039	0.0003	0.0522	-1.5010	60	0.000	55.800000	37.500000	181.80	55.699280	36.757771	175.1	11011
24	2023-05-02	09:25:58	5596.4519	2	0.0307	0.0040	5597.9046	-2.6	-2.3	0.4005	-0.0041	0.0002	0.0522	-1.5010	60	0.000	55.800000	37.500000	181.80	55.699368	36.757759	175.1	11011
24	2023-05-02	09:26:58	5596.4508	2	0.0283	0.0037	5597.9039	-1.8	-2.6	0.3997	-0.0043	0.0002	0.0520	-1.5010	60	0.000	55.800000	37.500000	181.80	55.699368	36.757759	175.1	11011
24	2023-05-02	09:27:58	5596.4494	2	0.0325	0.0042	5597.9028	-2.4	-2.6	0.4007	-0.0045	0.0002	0.0519	-1.5010	60	0.000	55.800000	37.500000	181.80	55.699368	36.757759	175.1	11011
24	2023-05-02	09:28:58	5596.4493	2	0.0226	0.0029	5597.9028	-1.4	-2.7	0.3978	-0.0047	0.0001	0.0521	-1.5010	60	0.000	55.800000	37.500000	181.80	55.699368	36.757759	175.1	11011
24	2023-05-02	09:29:58	5596.4484	2	0.0322	0.0042	5597.9024	0.1	-0.3	0.3931	-0.0049	0.0000	0.0518	-1.5010	60	0.000	55.800000	37.500000	181.80	55.699413	36.757591	174.6	11011
24	2023-05-02	09:30:58	5596.4491	2	0.0315	0.0041	5597.9033	-0.5	-2.8	0.3951	-0.0051	0.0001	0.0518	-1.5011	60	0.000	55.800000	37.500000	181.80	55.699379	36.757778	174.5	11011
24	2023-05-02	09:31:58	5596.4480	2	0.0395	0.0051	5597.9026	-1.4	-2.7	0.3992	-0.0053	0.0001	0.0517	-1.5011	60	0.000	55.800000	37.500000	181.80	55.699379	36.757778	174.5	11011
24	2023-05-02	09:32:58	5596.4501	2	0.0375	0.0048	5597.9048	-1.8	-2.0	0.3956	-0.0055	0.0001	0.0518	-1.5011	60	0.000	55.800000	37.500000	181.80	55.699413	36.757778	173.6	11011
24	2023-05-02	09:33:58	5596.4498	2	0.0314	0.0041	5597.9048	-1.6	-1.6	0.3992	-0.0057	0.0001	0.0517	-1.5011	60	0.000	55.800000	37.500000	181.80	55.699406	36.757607	173.5	11011
24	2023-05-02	09:34:58	5596.4507	2	0.0364	0.0047	5597.9059	-2.8	-2.7	0.3974	-0.0059	0.0002	0.0517	-1.5011	60	0.000	55.800000	37.500000	181.80	55.699425	36.757587	173.1	11011
24	2023-05-02	09:35:58	5596.4507	2	0.0278	0.0036	5597.9064	-3.6	-2.2	0.3959	-0.0062	0.0002	0.0515	-1.5011	60	0.000	55.800000	37.500000	181.80	55.699455	36.757751	172.6	11011
4	2023-05-02	11:13:29	5619.0411	2	0.0263	0.0034	5620.5152	0.3	-1.0	0.4792	-0.0335	0.0000	0.0618	-1.5024	60	0.000	55.800000	37.500000	181.80	55.780983	37.639381	165.4	11011
4	2023-05-02	11:14:29	5619.0399	2	0.0261	0.0034	5620.5147	-0.4	-0.4	0.4671	-0.0338	0.0000	0.0615	-1.5024	60	0.000	55.800000	37.500000	181.80	55.780533	37.639763	168.0	11011
4	2023-05-02	11:15:29	5619.0406	2	0.0258	0.0033	5620.5160	-0.1	-0.9	0.4655	-0.0341	0.0000	0.0612	-1.5025	60	0.000	55.800000	37.500000	181.80	55.781143	37.639278	168.9	11011
4	2023-05-02	11:16:29	5619.0414	2	0.0342	0.0044	5620.5170	-0.1	-1.5	0.4743	-0.0345	0.0001	0.0613	-1.5025	60	0.000	55.800000	37.500000	181.80	55.780991	37.639381	171.1	11011
4	2023-05-02	11:17:29	5619.0417	2	0.0255	0.0033	5620.5179	0.2	-3.3	0.4683	-0.0348	0.0001	0.0609	-1.5025	60	0.000	55.800000	37.500000	181.80	55.781166	37.639164	172.6	11011
4	2023-05-02	11:18:29	5619.0410	2	0.0234	0.0030	5620.5177	-0.8	-2.3	0.4654	-0.0351	0.0001	0.0608	-1.5025	60	0.000	55.800000	37.500000	181.80	55.780991	37.639343	173.9	11011
4	2023-05-02	11:19:29	5619.0414	2	0.0228	0.0029	5620.5185	0.4	-1.0	0.4685	-0.0354	0.0000	0.0607	-1.5025	60	0.000	55.800000	37.500000	181.80	55.780991	37.639343	173.9	11011
4	2023-05-02	11:20:29	5619.0418	2	0.0258	0.0033	5620.5194	1.0	-1.5	0.4602	-0.0357	0.0001	0.0606	-1.5025	60	0.000	55.800000	37.500000	181.80	55.780876	37.639381	173.5	11011
4	2023-05-02	11:21:29	5619.0405	2	0.0269	0.0035	5620.5188	0.9	-1.1	0.4608	-0.0360	0.0000	0.0603	-1.5025	60	0.000	55.800000	37.500000	181.80	55.780994	37.639324	174.1	11011
4	2023-05-02	11:22:29	5619.0411	2	0.0222	0.0029	5620.5196	0.7	-1.8	0.4614	-0.0363	0.0001	0.0603	-1.5026	60	0.000	55.800000	37.500000	181.80	55.781097	37.639259	176.5	11011
4	2023-05-02	11:23:29	5619.0417	2	0.0224	0.0029	5620.5206	0.7	-0.8	0.4676	-0.0366	0.0000	0.0602	-1.5026	60	0.000	55.800000	37.500000	181.80	55.781315	37.639095	178.3	11011
4	2023-05-02	11:24:29	5619.0400	2	0.0214	0.0028	5620.5194	-1.3	-0.7	0.4689	-0.0369	0.0001	0.0600	-1.5026	60	0.000	55.800000	37.500000	181.80	55.781097	37.639236	178.6	11011
4	2023-05-02	11:25:29	5619.0399	2	0.0213	0.0027	5620.5196	-0.7	-1.5	0.4616	-0.0372	0.0001	0.0601	-1.5026	60	0.000	55.800000	37.500000	181.80	55.780880	37.639507	179.5	11011
4	2023-05-02	11:26:29	5619.0417	2	0.0248	0.0032	5620.5219	-0.0	-1.3	0.4600	-0.0375	0.0000	0.0598	-1.5026	60	0.000	55.800000	37.500000	181.80	55.781086	37.639236	180.0	11011
4	2023-05-02	11:27:29	5619.0414	2	0.0291	0.0038	5620.5219	-0.6	-1.2	0.4581	-0.0378	0.0000	0.0599	-1.5026	60	0.000	55.800000	37.500000	181.80	55.781200	37.639160	180.5	11011
4	2023-05-02	11:28:29	5619.0403	2	0.0204	0.0026	5620.5213	-1.4	-1.1	0.4597	-0.0381	0.0001	0.0597	-1.5026	60	0.000	55.800000	37.500000	181.80	55.781231	37.638912	183.7	11011
4	2023-05-02	11:29:29	5619.0418	2	0.0241	0.0031	5620.5231	-0.3	-0.6	0.4601	-0.0384	0.0000	0.0598	-1.5026	60	0.000	55.800000	37.500000	181.80	55.781109	37.639011	183.9	11011
4	2023-05-02	11:30:29	5619.0397	2	0.0234	0.0030	5620.5215	1.2	-2.6	0.4615	-0.0388	0.0001	0.0596	-1.5027	60	0.000	55.800000	37.500000	181.80	55.780994	37.639019	185.0	11011
4	2023-05-02	11:31:29	5619.0407	2	0.0209	0.0027	5620.5228	0.5	-1.6	0.4533	-0.0391	0.0001	0.0595	-1.5027	60	0.000	55.800000	37.500000	181.80	55.780972	37.639198	185.1	11011
4	2023-05-02	11:32:29	5619.0408	2	0.0260	0.0034	5620.5235	1.0	-1.8	0.4570	-0.0394	0.0000	0.0593	-1.5027	60	0.000	55.800000	37.500000	181.80	55.781029	37.639534	186.0	11011
4	2023-05-02	11:33:29	5619.0400	2	0.0216	0.0028	5620.5229	0.3	-2.6	0.4541	-0.0397	0.0001	0.0593	-1.5027	60	0.000	55.800000	37.500000	181.80	55.780994	37.639267	186.9	11011
4	2023-05-02	11:34:29	5619.0390	2	0.0213	0.0027	5620.5224	-0.6	-0.5	0.4594	-0.0400	0.0000	0.0592	-1.5027	60	0.000	55.800000	37.500000	181.80	55.781013	37.639278	187.0	11011
4	2023-05-02	11:35:29	5619.0384	2	0.0293	0.0038	5620.5222	0.1	-0.7	0.4489	-0.0403	0.0000	0.0592	-1.5027	60	0.000	55.800000	37.500000	181.80	55.781013	37.639278	187.0	11011
4	2023-05-02	11:36:29	5619.0391	2	0.0356	0.0046	5620.5231	-1.8	-0.8	0.4593	-0.0406	0.0001	0.0592	-1.5027	60	0.000	55.800000	37.500000	181.80	55.781097	37.639076	187.6	11011
4	2023-05-02	11:37:29	5619.0400	2	0.0193	0.0025	5620.5245	-0.9	-1.3	0.4515	-0.0409	0.0001	0.0591	-1.5028	60	0.000	55.800000	37.500000	181.80	55.780880	37.639164	188.0	11011
4	2023-05-02	11:38:29	5619.0397	2	0.0250	0.0032	5620.5245	-1.4	-0.9	0.4552	-0.0412	0.0001	0.0591	-1.5028	60	0.000	55.800000	37.500000	181.80	55.781048	37.639439	188.2	11011
4	2023-05-02	11:39:29	5619.0396	2	0.0335	0.0043	5620.5247	-1.5	-1.3	0.4560	-0.0415	0.0001	0.0591	-1.5028	60	0.000	55.800000	37.500000	181.80	--	--	--	11011
4	2023-05-02	11:40:29	5619.0405	2	0.0245	0.0032	5620.5257	-1.4	-1.1	0.4532	-0.0418	0.0001	0.0594	-1.5028	60	0.000	55.800000	37.500000	181.80	55.781029	37.639038	188.3	11011
4	2023-05-02	11:41:29	5619.0410	2	0.0268	0.0035	5620.5267	-1.5	-1.5	0.4539	-0.0421	0.0001	0.0591	-1.5028	60	0.000	55.800000	37.500000	181.80	55.781029	37.639038	188.3	11011
4	2023-05-02	11:42:29	5619.0409	2	0.0232	0.0030	5620.5271	-1.4	0.6	0.4464	-0.0424	0.0001	0.0589	-1.5028	60	0.000	55.800000	37.500000	181.80	55.781086	37.639030	188.0	11011
4	2023-05-02	11:43:29	5619.0399	2	0.0242	0.0031	5620.5264	-0.9	1.8	0.4498	-0.0427	0.0001	0.0589	-1.5028	60	0.000	55.800000	37.500000	181.80	55.781021	37.639191	187.2	11011
4	2023-05-02	11:44:29	5619.0402	2	0.0288	0.0037	5620.5272	-1.7	0.8	0.4518	-0.0430	0.0001	0.0588	-1.5028	60	0.000	55.800000	37.500000	181.80	55.780983	37.639240	186.1	11011
4	2023-05-02	11:45:29	5619.0401	2	0.0257	0.0033	5620.5274	-0.9	1.4	0.4508	-0.0433	0.0001	0.0587	-1.5029	60	0.000	55.800000	37.500000	181.80	55.780899	37.639446	184.1	11011
4	2023-05-02	11:46:29	5619.0396	2	0.0220	0.0028	5620.5272	-0.8	0.4	0.4513	-0.0436	0.0001	0.0588	-1.5029	60	0.000	55.800000	37.500000	181.80	55.781029	37.639202	184.4	11011
4	2023-05-02	11:47:29	5619.0406	2	0.0267	0.0034	5620.5287	-0.6	0.6	0.4552	-0.0439	0.0001	0.0585	-1.5029	60	0.000	55.800000	37.500000	181.80	55.781052	37.639393	183.4	11011
4	2023-05-02	11:48:29	5619.0386	2	0.0295	0.0038	5620.5269	-0.5	1.2	0.4521	-0.0441	0.0001	0.0587	-1.5029	60	0.000	55.800000	37.500000	181.80	55.780842	37.639542	183.0	11011
4	2023-05-02	11:49:29	5619.0401	2	0.0183	0.0024	5620.5288	-0.8	0.5	0.4500	-0.0444	0.0000	0.0587	-1.5029	60	0.000	55.800000	37.500000	181.80	55.781162	37.639050	181.6	11011
4	2023-05-02	11:50:29	5619.0394	2	0.0225	0.0029	5620.5284	-0.9	-0.4	0.4493	-0.0447	0.0000	0.0586	-1.5029	60	0.000	55.800000	37.500000	181.80	55.780933	37.639160	181.7	11011
4	2023-05-02	11:51:29	5619.0385	2	0.0199	0.0026	5620.5279	-1.0	-0.7	0.4501	-0.0450	0.0000	0.0586	-1.5029	60	0.000	55.800000	37.500000	181.80	55.781071	37.639294	182.3	11011
4	2023-05-02	11:52:29	5619.0405	2	0.0242	0.0031	5620.5303	-1.3	0.8	0.4449	-0.0453	0.0001	0.0584	-1.5030	60	0.000	55.800000	37.500000	181.80	55.780956	37.639145	183.2	11011
4	2023-05-02	11:53:29	5619.0401	2	0.0259	0.0033	5620.5301	-1.6	0.4	0.4576	-0.0456	0.0001	0.0585	-1.5030	60	0.000	55.800000	37.500000	181.80	55.780792	37.639217	182.3	11011
4	2023-05-02	11:54:29	5619.0392	2	0.0265	0.0034	5620.5294	-2.1	-0.5	0.4497	-0.0459	0.0001	0.0585	-1.5030	60	0.000	55.800000	37.500000	181.80	55.780991	37.639000	183.5	11011
4	2023-05-02	11:55:29	5619.0400	2	0.0234	0.0030	5620.5308	-1.9	0.3	0.4556	-0.0462	0.0001	0.0584	-1.5030	60	0.000	55.800000	37.500000	181.80	55.781975	37.639420	176.8	11011
4	2023-05-02	11:56:29	5619.0399	2	0.0238	0.0031	5620.5309	-2.2	0.2	0.4443	-0.0465	0.0001	0.0584	-1.5030	60	0.000	55.800000	37.500000	181.80	55.781887	37.639675	174.1	11011
4	2023-05-02	11:57:29	5619.0374	2	0.0278	0.0036	5620.5288	-1.5	-0.9	0.4471	-0.0468	0.0001	0.0583	-1.5030	60	0.000	55.800000	37.500000	181.80	55.780689	37.639240	179.2	11011
4	2023-05-02	11:58:29	5619.0384	2	0.0269	0.0035	5620.5299	-2.8	0.3	0.4532	-0.0470	0.0001	0.0584	-1.5030	60	0.000	55.800000	37.500000	181.80	55.780670	37.639351	180.7	11011
4	2023-05-02	11:59:29	5619.0384	2	0.0173	0.0022	5620.5304	-2.7	0.4	0.4514	-0.0473	0.0001	0.0582	-1.5030	60	0.000	55.800000	37.500000	181.80	55.780842	37.639675	183.4	11011
4	2023-05-02	12:00:29	5619.0368	2	0.0247	0.0032	5620.5292	-1.4	0.0	0.4491	-0.0476	0.0001	0.0583	-1.5031	60	0.000	55.800000	37.500000	181.80	55.780838	37.639332	183.5	11011
4	2023-05-02	12:01:29	5619.0388	2	0.0277	0.0036	5620.5314	-0.3	1.1	0.4488	-0.0479	0.0000	0.0582	-1.5031	60	0.000	55.800000	37.500000	181.80	55.780972	37.639389	183.2	11011
4	2023-05-02	12:02:29	5619.0381	2	0.0218	0.0028	5620.5310	-0.3	0.3	0.4456	-0.0482	0.0000	0.0583	-1.5031	60	0.000	55.800000	37.500000	181.80	55.780972	37.639389	183.2	11011
4	2023-05-02	12:03:29	5619.0401	2	0.0281	0.0036	5620.5332	-1.2	1.0	0.4533	-0.0484	0.0000	0.0583	-1.5031	60	0.000	55.800000	37.500000	181.80	55.780972	37.639389	183.2	11011
4	2023-05-02	12:04:29	5619.0392	2	0.0253	0.0033	5620.5327	-1.2	1.3	0.4439	-0.0487	0.0001	0.0582	-1.5031	60	0.000	55.800000	37.500000	181.80	55.780899	37.639240	196.4	11011
4	2023-05-02	12:05:29	5619.0376	2	0.0278	0.0036	5620.5318	-0.8	0.8	0.4470	-0.0490	0.0000	0.0579	-1.5031	60	0.000	55.800000	37.500000	181.80	55.780991	37.639286	195.2	11011
4	2023-05-02	12:06:29	5619.0389	2	0.0229	0.0030	5620.5336	-0.1	0.8	0.4433	-0.0493	0.0000	0.0577	-1.5031	60	0.000	55.800000	37.500000	181.80	55.780983	37.639389	194.9	11011
4	2023-05-02	12:07:29	5619.0368	2	0.0242	0.0031	5620.5318	-1.6	0.8	0.4432	-0.0496	0.0001	0.0577	-1.5032	60	0.000	55.800000	37.500000	181.80	55.780842	37.639088	194.9	11011
4	2023-05-02	12:08:29	5619.0371	2	0.0272	0.0035	5620.5324	-1.1	0.3	0.4532	-0.0498	0.0001	0.0576	-1.5032	60	0.000	55.800000	37.500000	181.80	55.780880	37.639038	195.5	11011
4	2023-05-02	12:09:29	5619.0380	2	0.0278	0.0036	5620.5336	-1.2	-0.4	0.4485	-0.0501	0.0001	0.0576	-1.5032	60	0.000	55.800000	37.500000	181.80	55.780819	37.639469	196.0	11011
4	2023-05-02	12:10:29	5619.0376	2	0.0299	0.0039	5620.5335	-1.1	0.5	0.4446	-0.0504	0.0001	0.0576	-1.5032	60	0.000	55.800000	37.500000	181.80	55.780499	37.639297	197.1	11011
4	2023-05-02	12:11:29	5619.0394	2	0.0258	0.0033	5620.5352	-0.9	2.4	0.4461	-0.0506	0.0001	0.0579	-1.5032	60	0.000	55.800000	37.500000	181.80	55.780926	37.639126	196.6	11011
4	2023-05-02	12:12:29	5619.0367	2	0.0267	0.0034	5620.5330	-0.1	1.2	0.4435	-0.0509	0.0000	0.0579	-1.5032	60	0.000	55.800000	37.500000	181.80	55.780754	37.639324	195.3	11011
