/		CG-6 Survey
/		Survey Name:	486-XXXX-1010
/		Instrument Serial Number:	000000022090457
/		Created:	2023-08-01 05:51:41
/
/		CG-6 Calibration
/		Operator:	BIZAK
/		Gcal1 [mGal]:	8129.961000
/		Goff [ADU]:	-8388608.000000
/		Gref [mGal]:	0.0000
/		X Scale [arc-sec/ADU]:	0.030517
/		Y Scale [arc-sec/ADU]:	0.030894
/		X Offset [ADU]:	-181093.299981
/		Y Offset [ADU]:	-246478.303346
/		Temperature Coefficient [mGal/mK]:	-0.133000
/		Temperature Scale [mK/ADU]:	-0.000111
/		Drift Rate [mGal/day]:	-0.005364
/		Drift Zero Time:	2022-08-15 19:04:54
/		Firmware Version:	CG6_2_20220815
/
/Station	Date	Time	CorrGrav	Line	StdDev	StdErr	RawGrav	X	Y	SensorTemp	TideCorr	TiltCorr	TempCorr	DriftCorr	MeasurDur	InstrHeight	LatUser	LonUser	ElevUser	LatGPS	LonGPS	ElevGPS	Corrections[drift-temp-na-tide-tilt]
486	2023-08-01	05:51:41	5181.3944	1	0.0128	0.0016	5179.4991	-5.6	-2.8	-0.5126	0.0833	0.0005	-0.0685	1.8800	60	0.211	51.153053	53.017128	56.40	51.153019	53.017128	55.6	11011
486	2023-08-01	05:52:41	5181.3937	1	0.0123	0.0016	5179.4975	-6.6	-3.3	-0.5114	0.0840	0.0006	-0.0684	1.8800	60	0.211	51.153053	53.017128	56.40	51.153019	53.017128	55.8	11011
486	2023-08-01	05:53:41	5181.3944	1	0.0126	0.0016	5179.4976	-6.0	-4.6	-0.5119	0.0847	0.0006	-0.0684	1.8800	60	0.211	51.153053	53.017128	56.40	51.153019	53.017128	55.8	11011
486	2023-08-01	05:54:41	5181.3927	1	0.0146	0.0019	5179.4951	-5.7	-4.3	-0.5086	0.0853	0.0005	-0.0682	1.8800	60	0.211	51.153053	53.017128	56.40	51.153019	53.017128	55.8	11011
486	2023-08-01	05:55:41	5181.3936	1	0.0146	0.0019	5179.4949	-5.4	-4.8	-0.5098	0.0860	0.0007	-0.0680	1.8800	60	0.211	51.153053	53.017128	56.40	51.153019	53.017128	55.8	11011
486	2023-08-01	05:56:41	5181.3937	1	0.0103	0.0013	5179.4942	-5.0	-4.7	-0.5032	0.0866	0.0006	-0.0677	1.8800	60	0.211	51.153053	53.017128	56.40	51.153019	53.017128	55.8	11011
486	2023-08-01	05:57:41	5181.3934	1	0.0111	0.0014	5179.4929	-5.3	-6.6	-0.5050	0.0873	0.0007	-0.0675	1.8800	60	0.211	51.153053	53.017128	56.40	51.153019	53.017139	55.5	11011
486	2023-08-01	05:58:41	5181.3924	1	0.0143	0.0018	5179.4907	-4.3	-7.5	-0.5007	0.0879	0.0008	-0.0671	1.8800	60	0.211	51.153053	53.017128	56.40	51.153027	53.017139	55.1	11011
486	2023-08-01	05:59:41	5181.3927	1	0.0114	0.0015	5179.4900	-6.5	-7.3	-0.4982	0.0886	0.0012	-0.0671	1.8800	60	0.211	51.153053	53.017128	56.40	51.153027	53.017139	54.9	11011
486	2023-08-01	06:00:41	5181.3920	1	0.0109	0.0014	5179.4882	-5.3	-8.8	-0.4939	0.0892	0.0012	-0.0666	1.8800	60	0.211	51.153053	53.017128	56.40	51.153027	53.017128	54.8	11011
498	2023-08-01	07:14:59	5160.7305	1	0.0156	0.0020	5158.7891	-1.0	3.7	-0.4996	0.1271	0.0002	-0.0662	1.8803	60	0.208	51.138500	53.260708	159.20	51.138485	53.260735	158.9	11011
498	2023-08-01	07:15:59	5160.7299	1	0.0138	0.0018	5158.7881	-1.4	4.8	-0.5079	0.1274	0.0003	-0.0662	1.8803	60	0.208	51.138500	53.260708	159.20	51.138485	53.260735	158.9	11011
498	2023-08-01	07:16:59	5160.7312	1	0.0179	0.0023	5158.7893	-1.4	4.0	-0.4985	0.1277	0.0002	-0.0663	1.8803	60	0.208	51.138500	53.260708	159.20	51.138485	53.260735	158.9	11011
498	2023-08-01	07:17:59	5160.7295	1	0.0153	0.0020	5158.7876	0.3	3.2	-0.4987	0.1280	0.0001	-0.0666	1.8803	60	0.208	51.138500	53.260708	159.20	51.138485	53.260735	158.9	11011
498	2023-08-01	07:18:59	5160.7296	1	0.0137	0.0018	5158.7873	0.3	4.9	-0.5013	0.1284	0.0003	-0.0666	1.8803	60	0.208	51.138500	53.260708	159.20	51.138485	53.260727	159.0	11011
498	2023-08-01	07:19:59	5160.7295	1	0.0165	0.0021	5158.7869	2.8	4.8	-0.5079	0.1287	0.0004	-0.0668	1.8803	60	0.208	51.138500	53.260708	159.20	51.138474	53.260735	159.0	11011
498	2023-08-01	07:20:59	5160.7287	1	0.0113	0.0015	5158.7857	3.5	4.6	-0.5045	0.1290	0.0005	-0.0668	1.8803	60	0.208	51.138500	53.260708	159.20	51.138474	53.260735	159.0	11011
498	2023-08-01	07:21:59	5160.7282	1	0.0127	0.0016	5158.7851	3.5	4.7	-0.5034	0.1293	0.0005	-0.0669	1.8803	60	0.208	51.138500	53.260708	159.20	51.138474	53.260735	159.1	11011
498	2023-08-01	07:22:59	5160.7290	1	0.0132	0.0017	5158.7852	4.9	4.0	-0.5096	0.1296	0.0005	-0.0667	1.8803	60	0.208	51.138500	53.260708	159.20	51.138474	53.260735	159.0	11011
498	2023-08-01	07:23:59	5160.7285	1	0.0163	0.0021	5158.7842	5.7	4.7	-0.5000	0.1299	0.0007	-0.0666	1.8803	60	0.208	51.138500	53.260708	159.20	51.138474	53.260735	159.0	11011
486	2023-08-01	08:22:13	5181.3930	1	0.0165	0.0021	5179.4376	5.4	-1.5	-0.4766	0.1377	0.0004	-0.0632	1.8805	60	0.213	51.153053	53.017128	58.30	51.153053	53.017120	58.5	11011
486	2023-08-01	08:23:13	5181.3935	1	0.0147	0.0019	5179.4379	6.0	-4.1	-0.4791	0.1376	0.0006	-0.0632	1.8805	60	0.213	51.153053	53.017128	58.30	51.153057	53.017128	58.7	11011
486	2023-08-01	08:24:13	5181.3930	1	0.0123	0.0016	5179.4376	5.6	-3.7	-0.4737	0.1376	0.0005	-0.0633	1.8805	60	0.213	51.153053	53.017128	58.30	51.153084	53.017155	57.7	11011
486	2023-08-01	08:25:13	5181.3937	1	0.0154	0.0020	5179.4384	4.8	-4.1	-0.4699	0.1376	0.0004	-0.0632	1.8806	60	0.213	51.153053	53.017128	58.30	51.153034	53.017174	57.6	11011
486	2023-08-01	08:26:13	5181.3940	1	0.0102	0.0013	5179.4379	6.5	-6.0	-0.4708	0.1375	0.0010	-0.0630	1.8806	60	0.213	51.153053	53.017128	58.30	51.153034	53.017185	55.5	11011
486	2023-08-01	08:27:13	5181.3934	1	0.0151	0.0019	5179.4368	7.9	-7.8	-0.4713	0.1375	0.0015	-0.0630	1.8806	60	0.213	51.153053	53.017128	58.30	51.153057	53.017166	52.7	11011
486	2023-08-01	08:28:13	5181.3928	1	0.0160	0.0021	5179.4361	7.2	-8.9	-0.4709	0.1374	0.0016	-0.0629	1.8806	60	0.213	51.153053	53.017128	58.30	51.153046	53.017155	53.3	11011
486	2023-08-01	08:29:13	5181.3925	1	0.0099	0.0013	5179.4351	7.6	-10.1	-0.4707	0.1374	0.0020	-0.0626	1.8806	60	0.213	51.153053	53.017128	58.30	51.153034	53.017147	54.2	11011
486	2023-08-01	08:30:13	5181.3940	1	0.0119	0.0015	5179.4369	8.2	-9.8	-0.4703	0.1373	0.0017	-0.0625	1.8806	60	0.213	51.153053	53.017128	58.30	51.153034	53.017139	53.7	11011
486	2023-08-01	08:31:13	5181.3933	1	0.0125	0.0016	5179.4356	7.1	-11.7	-0.4694	0.1373	0.0021	-0.0623	1.8806	60	0.213	51.153053	53.017128	58.30	51.153046	53.017139	53.5	11011
498	2023-08-01	09:31:40	5160.7320	1	0.0119	0.0015	5158.7903	-0.6	6.8	-0.4693	0.1228	0.0006	-0.0625	1.8808	60	0.208	51.138577	53.260494	153.40	51.138577	53.260601	152.8	11011
498	2023-08-01	09:32:40	5160.7307	1	0.0160	0.0021	5158.7893	1.3	8.5	-0.4760	0.1224	0.0008	-0.0626	1.8808	60	0.208	51.138577	53.260494	153.40	51.138580	53.260639	153.2	11011
498	2023-08-01	09:33:40	5160.7315	1	0.0135	0.0017	5158.7906	0.9	8.8	-0.4678	0.1220	0.0010	-0.0629	1.8808	60	0.208	51.138577	53.260494	153.40	51.138580	53.260670	154.5	11011
498	2023-08-01	09:34:40	5160.7300	1	0.0162	0.0021	5158.7904	1.7	7.6	-0.4705	0.1216	0.0006	-0.0634	1.8808	60	0.208	51.138577	53.260494	153.40	51.138569	53.260704	154.7	11011
498	2023-08-01	09:35:40	5160.7290	1	0.0144	0.0019	5158.7892	2.7	10.0	-0.4812	0.1212	0.0013	-0.0634	1.8808	60	0.208	51.138577	53.260494	153.40	51.138557	53.260735	155.5	11011
498	2023-08-01	09:36:40	5160.7312	1	0.0140	0.0018	5158.7912	4.9	10.9	-0.4780	0.1208	0.0019	-0.0635	1.8808	60	0.208	51.138577	53.260494	153.40	51.138557	53.260765	156.0	11011
498	2023-08-01	09:37:40	5160.7306	1	0.0154	0.0020	5158.7915	4.7	11.0	-0.4781	0.1204	0.0017	-0.0637	1.8808	60	0.208	51.138577	53.260494	153.40	51.138542	53.260792	156.6	11011
498	2023-08-01	09:38:40	5160.7307	1	0.0189	0.0024	5158.7928	3.9	6.5	-0.4777	0.1199	0.0006	-0.0635	1.8808	60	0.208	51.138577	53.260494	153.40	51.138531	53.260822	156.8	11011
498	2023-08-01	09:39:40	5160.7294	1	0.0115	0.0015	5158.7920	3.5	5.8	-0.4802	0.1195	0.0006	-0.0635	1.8808	60	0.208	51.138577	53.260494	153.40	51.138542	53.260841	157.4	11011
498	2023-08-01	09:40:40	5160.7307	1	0.0145	0.0019	5158.7937	2.8	5.7	-0.4782	0.1191	0.0005	-0.0634	1.8808	60	0.208	51.138577	53.260494	153.40	51.138542	53.260849	157.3	11011
498	2023-08-02	05:14:11	5160.7091	2	0.0130	0.0017	5158.8881	3.4	-5.2	-0.5591	0.0103	0.0005	-0.0749	1.8852	60	0.209	51.138588	53.260506	168.00	51.138634	53.260498	163.3	11011
498	2023-08-02	05:15:11	5160.7079	2	0.0143	0.0018	5158.8856	3.8	-5.9	-0.5592	0.0111	0.0007	-0.0747	1.8852	60	0.209	51.138588	53.260506	168.00	51.138638	53.260506	163.3	11011
498	2023-08-02	05:16:11	5160.7083	2	0.0132	0.0017	5158.8847	5.5	-6.7	-0.5548	0.0118	0.0010	-0.0745	1.8852	60	0.209	51.138588	53.260506	168.00	51.138645	53.260506	163.6	11011
498	2023-08-02	05:17:11	5160.7100	2	0.0174	0.0023	5158.8857	5.3	-6.5	-0.5584	0.0126	0.0009	-0.0744	1.8852	60	0.209	51.138588	53.260506	168.00	51.138657	53.260498	165.9	11011
498	2023-08-02	05:18:11	5160.7087	2	0.0157	0.0020	5158.8836	5.6	-5.5	-0.5592	0.0134	0.0006	-0.0742	1.8852	60	0.209	51.138588	53.260506	168.00	51.138645	53.260494	166.9	11011
498	2023-08-02	05:19:11	5160.7094	2	0.0168	0.0022	5158.8831	6.5	-5.9	-0.5539	0.0141	0.0008	-0.0739	1.8852	60	0.209	51.138588	53.260506	168.00	51.138645	53.260479	167.6	11011
498	2023-08-02	05:20:11	5160.7097	2	0.0124	0.0016	5158.8827	5.9	-5.2	-0.5513	0.0149	0.0007	-0.0739	1.8852	60	0.209	51.138588	53.260506	168.00	51.138657	53.260498	171.1	11011
498	2023-08-02	05:21:11	5160.7093	2	0.0146	0.0019	5158.8811	6.1	-5.2	-0.5492	0.0157	0.0008	-0.0735	1.8852	60	0.209	51.138588	53.260506	168.00	51.138607	53.260448	177.6	11011
498	2023-08-02	05:22:11	5160.7092	2	0.0123	0.0016	5158.8800	6.8	-4.8	-0.5538	0.0164	0.0008	-0.0733	1.8852	60	0.209	51.138588	53.260506	168.00	51.138607	53.260422	179.7	11011
498	2023-08-02	05:23:11	5160.7089	2	0.0158	0.0020	5158.8786	7.3	-5.5	-0.5448	0.0172	0.0009	-0.0731	1.8852	60	0.209	51.138588	53.260506	168.00	51.138626	53.260399	183.9	11011
bere	2023-08-02	05:37:54	5159.7656	2	0.0165	0.0021	5157.9226	-6.6	-4.9	-0.5323	0.0284	0.0008	-0.0715	1.8853	60	0.174	51.138588	53.260506	168.00	51.142792	53.260323	181.9	11011
bere	2023-08-02	05:38:54	5159.7657	2	0.0140	0.0018	5157.9218	-8.2	-4.4	-0.5307	0.0292	0.0009	-0.0715	1.8853	60	0.174	51.138588	53.260506	168.00	51.142784	53.260326	182.1	11011
bere	2023-08-02	05:39:54	5159.7658	2	0.0122	0.0016	5157.9214	-7.3	-3.8	-0.5355	0.0299	0.0009	-0.0717	1.8853	60	0.174	51.138588	53.260506	168.00	51.142784	53.260342	182.1	11011
bere	2023-08-02	05:40:54	5159.7653	2	0.0171	0.0022	5157.9205	-6.3	-4.4	-0.5350	0.0307	0.0006	-0.0718	1.8853	60	0.174	51.138588	53.260506	168.00	51.142784	53.260342	182.1	11011
bere	2023-08-02	05:41:54	5159.7660	2	0.0172	0.0022	5157.9203	-7.1	-5.6	-0.5361	0.0315	0.0011	-0.0721	1.8853	60	0.174	51.138588	53.260506	168.00	51.142792	53.260361	182.4	11011
bere	2023-08-02	05:42:54	5159.7666	2	0.0161	0.0021	5157.9200	-7.2	-6.4	-0.5379	0.0322	0.0012	-0.0722	1.8853	60	0.174	51.138588	53.260506	168.00	51.142784	53.260365	182.3	11011
bere	2023-08-02	05:43:54	5159.7658	2	0.0150	0.0019	5157.9187	-7.2	-6.7	-0.5462	0.0330	0.0012	-0.0723	1.8853	60	0.174	51.138588	53.260506	168.00	51.142773	53.260384	182.4	11011
bere	2023-08-02	05:44:54	5159.7656	2	0.0154	0.0020	5157.9180	-7.1	-6.5	-0.5446	0.0337	0.0011	-0.0725	1.8853	60	0.174	51.138588	53.260506	168.00	51.142765	53.260410	181.3	11011
bere	2023-08-02	05:45:54	5159.7661	2	0.0172	0.0022	5157.9178	-5.6	-7.1	-0.5462	0.0345	0.0008	-0.0724	1.8853	60	0.174	51.138588	53.260506	168.00	51.142746	53.260380	181.8	11011
bere	2023-08-02	05:46:54	5159.7661	2	0.0173	0.0022	5157.9168	-6.7	-8.0	-0.5441	0.0352	0.0014	-0.0727	1.8853	60	0.174	51.138588	53.260506	168.00	51.142757	53.260365	181.4	11011
498	2023-08-02	05:55:47	5160.7081	2	0.0143	0.0018	5158.8527	3.0	6.7	-0.5450	0.0419	0.0006	-0.0725	1.8854	60	0.208	51.138588	53.260506	168.00	51.138588	53.260555	166.1	11011
498	2023-08-02	05:56:47	5160.7099	2	0.0163	0.0021	5158.8541	3.4	6.7	-0.5513	0.0426	0.0007	-0.0728	1.8854	60	0.208	51.138588	53.260506	168.00	51.138599	53.260555	165.5	11011
498	2023-08-02	05:57:47	5160.7091	2	0.0150	0.0019	5158.8521	3.4	7.8	-0.5452	0.0434	0.0009	-0.0728	1.8854	60	0.208	51.138588	53.260506	168.00	51.138599	53.260555	165.5	11011
498	2023-08-02	05:58:47	5160.7098	2	0.0155	0.0020	5158.8522	4.4	7.4	-0.5493	0.0441	0.0008	-0.0727	1.8854	60	0.208	51.138588	53.260506	168.00	51.138599	53.260555	165.5	11011
498	2023-08-02	05:59:47	5160.7092	2	0.0143	0.0019	5158.8509	2.8	7.2	-0.5451	0.0448	0.0007	-0.0726	1.8854	60	0.208	51.138588	53.260506	168.00	51.138599	53.260555	165.6	11011
498	2023-08-02	06:00:47	5160.7085	2	0.0108	0.0014	5158.8490	2.1	8.5	-0.5522	0.0456	0.0010	-0.0725	1.8854	60	0.208	51.138588	53.260506	168.00	51.138599	53.260555	165.5	11011
498	2023-08-02	06:01:47	5160.7083	2	0.0129	0.0017	5158.8481	1.2	8.4	-0.5420	0.0463	0.0008	-0.0723	1.8854	60	0.208	51.138588	53.260506	168.00	51.138599	53.260555	165.5	11011
498	2023-08-02	06:02:47	5160.7093	2	0.0146	0.0019	5158.8482	-0.3	8.4	-0.5419	0.0470	0.0008	-0.0721	1.8854	60	0.208	51.138588	53.260506	168.00	51.138599	53.260555	165.5	11011
498	2023-08-02	06:03:47	5160.7076	2	0.0145	0.0019	5158.8456	-0.5	8.2	-0.5441	0.0478	0.0009	-0.0721	1.8854	60	0.208	51.138588	53.260506	168.00	51.138599	53.260555	165.5	11011
498	2023-08-02	06:04:47	5160.7083	2	0.0182	0.0024	5158.8456	-0.2	7.1	-0.5346	0.0485	0.0006	-0.0719	1.8854	60	0.208	51.138588	53.260506	168.00	51.138599	53.260555	165.5	11011
bere	2023-08-02	06:18:22	5159.7678	2	0.0148	0.0019	5157.8932	-6.2	5.4	-0.5330	0.0582	0.0008	-0.0699	1.8854	60	0.175	51.138588	53.260506	168.00	51.142715	53.260303	170.7	11011
bere	2023-08-02	06:19:22	5159.7677	2	0.0123	0.0016	5157.8924	-5.2	6.7	-0.5277	0.0589	0.0009	-0.0699	1.8854	60	0.175	51.138588	53.260506	168.00	51.142757	53.260303	171.7	11011
bere	2023-08-02	06:20:22	5159.7671	2	0.0146	0.0019	5157.8910	-4.3	6.6	-0.5230	0.0596	0.0008	-0.0698	1.8855	60	0.175	51.138588	53.260506	168.00	51.142792	53.260303	171.7	11011
bere	2023-08-02	06:21:22	5159.7663	2	0.0190	0.0025	5157.8897	-4.8	6.8	-0.5216	0.0603	0.0008	-0.0699	1.8855	60	0.175	51.138588	53.260506	168.00	51.142784	53.260323	172.9	11011
bere	2023-08-02	06:22:22	5159.7662	2	0.0170	0.0022	5157.8890	-4.3	6.8	-0.5331	0.0610	0.0008	-0.0700	1.8855	60	0.175	51.138588	53.260506	168.00	51.142784	53.260326	173.7	11011
bere	2023-08-02	06:23:22	5159.7662	3	0.0160	0.0021	5157.8884	-4.3	6.5	-0.5321	0.0617	0.0007	-0.0701	1.8855	60	0.175	51.138588	53.260506	168.00	51.142765	53.260326	173.6	11011
bere	2023-08-02	06:24:22	5159.7667	3	0.0170	0.0022	5157.8883	-3.9	6.6	-0.5209	0.0624	0.0007	-0.0702	1.8855	60	0.175	51.138588	53.260506	168.00	51.142757	53.260334	173.5	11011
bere	2023-08-02	06:25:22	5159.7654	3	0.0144	0.0019	5157.8864	-4.6	7.0	-0.5309	0.0631	0.0009	-0.0705	1.8855	60	0.175	51.138588	53.260506	168.00	51.142738	53.260384	172.1	11011
bere	2023-08-02	06:26:22	5159.7662	3	0.0145	0.0019	5157.8866	-3.7	6.9	-0.5255	0.0638	0.0008	-0.0704	1.8855	60	0.175	51.138588	53.260506	168.00	51.142738	53.260361	167.8	11011
bere	2023-08-02	06:27:22	5159.7651	3	0.0171	0.0022	5157.8853	-3.8	6.3	-0.5330	0.0644	0.0006	-0.0708	1.8855	60	0.175	51.138588	53.260506	168.00	51.142727	53.260361	167.0	11011
486	2023-08-02	07:16:11	5181.3684	3	0.0119	0.0015	5179.4552	1.8	-7.7	-0.4982	0.0935	0.0007	-0.0667	1.8857	60	0.214	51.153103	53.017216	61.80	51.153103	53.017231	61.5	11011
486	2023-08-02	07:17:11	5181.3678	3	0.0105	0.0014	5179.4544	1.2	-7.5	-0.5022	0.0940	0.0006	-0.0669	1.8857	60	0.214	51.153103	53.017216	61.80	51.153122	53.017231	60.7	11011
486	2023-08-02	07:18:11	5181.3697	3	0.0101	0.0013	5179.4557	1.9	-7.0	-0.4992	0.0946	0.0005	-0.0667	1.8857	60	0.214	51.153103	53.017216	61.80	51.153114	53.017231	61.2	11011
486	2023-08-02	07:19:11	5181.3684	3	0.0126	0.0016	5179.4539	2.0	-7.8	-0.5021	0.0951	0.0007	-0.0670	1.8857	60	0.214	51.153103	53.017216	61.80	51.153133	53.017212	59.2	11011
486	2023-08-02	07:20:11	5181.3688	3	0.0112	0.0015	5179.4533	2.8	-8.5	-0.4975	0.0956	0.0009	-0.0667	1.8857	60	0.214	51.153103	53.017216	61.80	51.153160	53.017178	56.4	11011
486	2023-08-02	07:21:11	5181.3692	3	0.0132	0.0017	5179.4530	4.0	-8.9	-0.5016	0.0961	0.0010	-0.0666	1.8857	60	0.214	51.153103	53.017216	61.80	51.153149	53.017155	57.0	11011
486	2023-08-02	07:22:11	5181.3675	3	0.0178	0.0023	5179.4511	3.6	-8.2	-0.5076	0.0966	0.0009	-0.0667	1.8857	60	0.214	51.153103	53.017216	61.80	51.153149	53.017139	57.0	11011
486	2023-08-02	07:23:11	5181.3669	3	0.0203	0.0026	5179.4498	4.2	-8.8	-0.4995	0.0971	0.0012	-0.0668	1.8857	60	0.214	51.153103	53.017216	61.80	51.153133	53.017139	57.8	11011
486	2023-08-02	07:24:11	5181.3668	3	0.0126	0.0016	5179.4492	4.1	-7.3	-0.5021	0.0976	0.0008	-0.0665	1.8857	60	0.214	51.153103	53.017216	61.80	51.153122	53.017120	57.4	11011
486	2023-08-02	07:25:11	5181.3679	3	0.0119	0.0015	5179.4498	3.7	-8.6	-0.5001	0.0981	0.0010	-0.0667	1.8857	60	0.214	51.153103	53.017216	61.80	51.153111	53.017120	60.4	11011
bere	2023-08-02	08:28:35	5159.7655	3	0.0299	0.0039	5157.8246	3.7	6.2	-0.4897	0.1198	0.0006	-0.0655	1.8859	60	0.175	51.142757	53.260307	178.70	51.142803	53.260361	170.8	11011
bere	2023-08-02	08:29:35	5159.7651	3	0.0193	0.0025	5157.8246	2.9	6.0	-0.5006	0.1200	0.0005	-0.0659	1.8859	60	0.175	51.142757	53.260307	178.70	51.142792	53.260323	172.0	11011
bere	2023-08-02	08:30:35	5159.7657	3	0.0728	0.0094	5157.8251	3.4	7.5	-0.5005	0.1201	0.0008	-0.0663	1.8859	60	0.175	51.142757	53.260307	178.70	51.142773	53.260323	173.3	11011
bere	2023-08-02	08:31:35	5159.7659	3	0.0222	0.0029	5157.8256	6.6	6.2	-0.5024	0.1203	0.0009	-0.0668	1.8859	60	0.175	51.142757	53.260307	178.70	51.142715	53.260136	184.3	11011
bere	2023-08-02	08:32:35	5159.7647	3	0.0226	0.0029	5157.8245	7.8	6.9	-0.5066	0.1204	0.0012	-0.0674	1.8859	60	0.175	51.142757	53.260307	178.70	51.142735	53.260136	185.6	11011
bere	2023-08-02	08:33:35	5159.7653	3	0.0367	0.0047	5157.8249	7.9	7.6	-0.5160	0.1206	0.0014	-0.0675	1.8859	60	0.175	51.142757	53.260307	178.70	51.142735	53.260155	186.1	11011
bere	2023-08-02	08:34:35	5159.7641	3	0.0131	0.0017	5157.8232	7.6	10.8	-0.5208	0.1207	0.0020	-0.0678	1.8860	60	0.175	51.142757	53.260307	178.70	51.142746	53.260174	186.2	11011
bere	2023-08-02	08:35:35	5159.7649	3	0.0217	0.0028	5157.8235	9.0	12.0	-0.5147	0.1209	0.0026	-0.0681	1.8860	60	0.175	51.142757	53.260307	178.70	51.142757	53.260288	185.2	11011
bere	2023-08-02	08:36:35	5159.7646	3	0.0217	0.0028	5157.8236	8.5	12.7	-0.5216	0.1210	0.0024	-0.0684	1.8860	60	0.175	51.142757	53.260307	178.70	51.142773	53.260361	184.3	11011
bere	2023-08-02	08:37:35	5159.7638	3	0.0193	0.0025	5157.8228	9.0	13.2	-0.5161	0.1211	0.0028	-0.0689	1.8860	60	0.175	51.142757	53.260307	178.70	51.142746	53.260384	182.7	11011
486	2023-08-02	09:28:24	5181.3683	3	0.0106	0.0014	5179.4256	-0.6	0.4	-0.4825	0.1203	0.0000	-0.0638	1.8862	60	0.213	51.153027	53.017155	55.40	51.153027	53.017174	53.9	11011
486	2023-08-02	09:29:24	5181.3684	3	0.0112	0.0014	5179.4261	-0.1	0.4	-0.4843	0.1202	0.0000	-0.0642	1.8862	60	0.213	51.153027	53.017155	55.40	51.153027	53.017174	53.9	11011
486	2023-08-02	09:30:24	5181.3688	3	0.0118	0.0015	5179.4268	-0.3	-1.0	-0.4796	0.1200	0.0000	-0.0642	1.8862	60	0.213	51.153027	53.017155	55.40	51.153027	53.017174	53.9	11011
486	2023-08-02	09:31:24	5181.3679	3	0.0116	0.0015	5179.4261	0.1	-0.7	-0.4786	0.1198	0.0000	-0.0642	1.8862	60	0.213	51.153027	53.017155	55.40	51.153027	53.017174	54.0	11011
486	2023-08-02	09:32:24	5181.3681	3	0.0134	0.0017	5179.4264	-0.1	-2.5	-0.4839	0.1197	0.0001	-0.0642	1.8862	60	0.213	51.153027	53.017155	55.40	51.153027	53.017174	53.9	11011
486	2023-08-02	09:33:24	5181.3678	3	0.0128	0.0017	5179.4261	1.4	-3.6	-0.4790	0.1195	0.0002	-0.0642	1.8862	60	0.213	51.153027	53.017155	55.40	51.153027	53.017174	53.9	11011
486	2023-08-02	09:34:24	5181.3686	3	0.0092	0.0012	5179.4269	0.6	-3.7	-0.4800	0.1193	0.0002	-0.0641	1.8862	60	0.213	51.153027	53.017155	55.40	51.153027	53.017174	54.4	11011
486	2023-08-02	09:35:24	5181.3664	3	0.0113	0.0015	5179.4246	0.3	-3.7	-0.4775	0.1191	0.0002	-0.0637	1.8862	60	0.213	51.153027	53.017155	55.40	51.153027	53.017174	54.4	11011
486	2023-08-02	09:36:24	5181.3680	3	0.0095	0.0012	5179.4259	-0.8	-6.1	-0.4757	0.1189	0.0005	-0.0635	1.8862	60	0.213	51.153027	53.017155	55.40	51.153027	53.017174	54.5	11011
486	2023-08-02	09:37:24	5181.3668	3	0.0139	0.0018	5179.4243	0.3	-7.1	-0.4772	0.1187	0.0006	-0.0630	1.8862	60	0.213	51.153027	53.017155	55.40	51.153027	53.017174	54.4	11011
