
/	CG-5 SURVEY
/	Survey name:   	pbz...
/	Instrument S/N:	49459
/	Client:        	geoken..
/	Operator:      	geoken..
/	Date:          	2022/11/18
/	Time:          	08:06:30
/	LONG:        	77.1000000 E
/	LAT:         	43.7000000 N
/	ZONE:        	43      
/	GMT DIFF.:   	-6.0

/	CG-5 SETUP PARAMETERS
/	Gref:			1500.000
/	Gcal1:		8925.088
/	TiltxS:		646.865 
/	TiltyS:		631.417 
/	TiltxO:		0.446   
/	TiltyO:		-1.821  
/	Tempco:		-0.121  
/	Drift:		0.521   
/	DriftTime Start:	08:06:40
/	DriftDate Start:	2022/11/18

/	CG-5 OPTIONS
/	Tide Correction:    YES
/	Cont. Tilt:         YES
/	Auto Rejection:     YES
/	Terrain Corr.:       NO
/	Seismic Filter:     YES
/	Raw Data:            NO
Line	   0.000S
/------LINE-----STATION-----ALT.------GRAV.---SD.--TILTX--TILTY-TEMP---TIDE---DUR-REJ-----TIME----DEC.TIME+DATE--TERRAIN---DATE
 0.0000000  10.0000000    0.0000   5947.374 0.015    0.3   -3.6 -2.48 0.035  40  13 08:07:37     44851.33808    0.0000  2022/11/18
 0.0000000  10.0000000    0.0000   5947.374 0.022    0.4   -3.6 -2.48 0.035  40   1 08:08:26     44851.33865    0.0000  2022/11/18
 0.0000000  10.0000000    0.0000   5947.374 0.010    0.1   -3.5 -2.48 0.035  40   0 08:09:10     44851.33916    0.0000  2022/11/18
 0.0000000  10.0000000    0.0000   5947.377 0.010    0.3   -3.5 -2.48 0.035  40   0 08:09:54     44851.33966    0.0000  2022/11/18
 0.0000000   2.0000000    0.0000   5948.890 0.009    3.0    1.4 -3.03 0.035  40   1 08:26:25     44851.35112    0.0000  2022/11/18
 0.0000000   2.0000000    0.0000   5948.892 0.010    3.8    2.3 -3.03 0.034  40   0 08:27:14     44851.35168    0.0000  2022/11/18
 0.0000000   2.0000000    0.0000   5948.891 0.012    4.7    2.5 -3.03 0.034  40   1 08:27:58     44851.35219    0.0000  2022/11/18
 0.0000000   2.0000000    0.0000   5948.890 0.012    5.2    2.4 -3.03 0.034  40   0 08:28:42     44851.35270    0.0000  2022/11/18
 0.0000000   1.0000000    0.0000   5966.978 0.019   -5.1   -7.7 -2.86 0.033  40   1 08:44:23     44851.36357    0.0000  2022/11/18
 0.0000000   1.0000000    0.0000   5966.977 0.017   -5.1   -8.0 -2.86 0.033  40   2 08:45:12     44851.36414    0.0000  2022/11/18
 0.0000000   1.0000000    0.0000   5966.976 0.019   -5.0   -8.6 -2.85 0.033  40   1 08:45:56     44851.36465    0.0000  2022/11/18
 0.0000000   1.0000000    0.0000   5966.976 0.016   -4.9   -9.9 -2.85 0.033  40   3 08:46:40     44851.36516    0.0000  2022/11/18
 0.0000000   1.0000000    0.0000   5966.979 0.011   -2.4   -3.6 -2.83 0.033  40   0 08:47:41     44851.36586    0.0000  2022/11/18
 0.0000000   2.0000000    0.0000   5948.897 0.009   -3.4    2.6 -2.24 0.031  40   0 09:03:54     44851.37710    0.0000  2022/11/18
 0.0000000   2.0000000    0.0000   5948.897 0.013   -3.2    3.1 -2.22 0.031  40   0 09:04:43     44851.37767    0.0000  2022/11/18
 0.0000000   2.0000000    0.0000   5948.897 0.011   -3.0    3.1 -2.20 0.031  40   0 09:05:27     44851.37818    0.0000  2022/11/18
 0.0000000   2.0000000    0.0000   5948.896 0.010   -3.0    3.1 -2.17 0.031  40   0 09:06:11     44851.37869    0.0000  2022/11/18
 0.0000000   1.0000000    0.0000   5966.978 0.020   -0.6   -3.7 -1.96 0.029  40   0 09:18:50     44851.38746    0.0000  2022/11/18
 0.0000000   1.0000000    0.0000   5966.979 0.011    0.7   -3.6 -1.96 0.028  40   0 09:19:39     44851.38802    0.0000  2022/11/18
 0.0000000   1.0000000    0.0000   5966.978 0.015    1.2   -2.9 -1.96 0.028  40   0 09:20:23     44851.38853    0.0000  2022/11/18
 0.0000000   1.0000000    0.0000   5966.979 0.014    0.6   -4.0 -1.95 0.028  40   0 09:21:07     44851.38904    0.0000  2022/11/18
 0.0000000   2.0000000    0.0000   5948.889 0.028   -1.6    1.1 -1.67 0.024  40   0 09:40:47     44851.40268    0.0000  2022/11/18
 0.0000000   2.0000000    0.0000   5948.888 0.019   -0.6    2.1 -1.66 0.024  40   0 09:41:36     44851.40324    0.0000  2022/11/18
 0.0000000   2.0000000    0.0000   5948.891 0.017    0.0    2.7 -1.65 0.024  40   0 09:42:20     44851.40375    0.0000  2022/11/18
 0.0000000   2.0000000    0.0000   5948.889 0.014    0.3    2.8 -1.64 0.023  40   0 09:43:04     44851.40426    0.0000  2022/11/18
 0.0000000   2.0999999    0.0000   5936.991 0.016   -3.1    1.3 -1.65 0.021  40   0 09:54:09     44851.41194    0.0000  2022/11/18
 0.0000000   2.0999999    0.0000   5936.992 0.013   -2.7    2.2 -1.64 0.020  40   0 09:54:58     44851.41251    0.0000  2022/11/18
 0.0000000   2.0999999    0.0000   5936.991 0.014   -2.6    2.8 -1.63 0.020  40   0 09:55:42     44851.41302    0.0000  2022/11/18
 0.0000000   2.0999999    0.0000   5936.990 0.013   -2.6    3.0 -1.63 0.020  40   6 09:56:26     44851.41353    0.0000  2022/11/18
 0.0000000   2.0000000    0.0000   5948.886 0.015   -4.2   -0.3 -1.59 0.017  40   0 10:08:01     44851.42156    0.0000  2022/11/18
 0.0000000   2.0000000    0.0000   5948.887 0.008   -4.3    0.7 -1.58 0.016  40   1 10:08:50     44851.42212    0.0000  2022/11/18
 0.0000000   2.0000000    0.0000   5948.888 0.009   -4.0    1.3 -1.58 0.016  40   0 10:09:34     44851.42263    0.0000  2022/11/18
 0.0000000   2.0000000    0.0000   5948.887 0.008   -4.0    1.3 -1.57 0.016  40   0 10:10:18     44851.42314    0.0000  2022/11/18
 0.0000000   2.0000000    0.0000   5948.888 0.009   -4.1    1.3 -1.57 0.016  40   0 10:11:02     44851.42365    0.0000  2022/11/18
 0.0000000   2.0999999    0.0000   5936.986 0.019   -2.5    1.2 -1.63 0.010  40   0 10:27:41     44851.43519    0.0000  2022/11/18
 0.0000000   2.0999999    0.0000   5936.990 0.026   -2.3    2.3 -1.63 0.010  40   0 10:28:30     44851.43576    0.0000  2022/11/18
 0.0000000   2.0999999    0.0000   5936.998 0.031   -1.7    2.9 -1.63 0.010  40   3 10:29:14     44851.43627    0.0000  2022/11/18
 0.0000000   2.0999999    0.0000   5936.988 0.032   -2.8   -1.3 -1.63 0.009  40   0 10:31:39     44851.43794    0.0000  2022/11/18
 0.0000000   2.0999999    0.0000   5936.988 0.027   -2.9   -1.2 -1.64 0.009  40   0 10:32:28     44851.43851    0.0000  2022/11/18
 0.0000000   2.0999999    0.0000   5936.989 0.018   -3.0   -1.4 -1.64 0.008  40   0 10:33:12     44851.43902    0.0000  2022/11/18
 0.0000000   3.0000000    0.0000   5925.256 0.021   -2.0    0.9 -1.75 0.005  40  17 10:41:04     44851.44447    0.0000  2022/11/18
 0.0000000   3.0000000    0.0000   5925.256 0.023   -0.1    0.0 -1.75 0.005  40   2 10:42:47     44851.44566    0.0000  2022/11/18
 0.0000000   3.0000000    0.0000   5925.256 0.021    0.0    0.3 -1.75 0.005  40   0 10:43:36     44851.44623    0.0000  2022/11/18
 0.0000000   3.0000000    0.0000   5925.256 0.021   -0.4    0.3 -1.74 0.004  40   0 10:44:20     44851.44674    0.0000  2022/11/18
 0.0000000   2.0999999    0.0000   5936.988 0.011    0.1    0.8 -1.78 0.001  40   0 10:51:48     44851.45191    0.0000  2022/11/18
 0.0000000   2.0999999    0.0000   5936.991 0.011    0.3    2.0 -1.77 0.001  40   0 10:52:37     44851.45248    0.0000  2022/11/18
 0.0000000   2.0999999    0.0000   5936.991 0.011    0.3    2.5 -1.77 0.001  40   0 10:53:21     44851.45299    0.0000  2022/11/18
 0.0000000   2.0999999    0.0000   5936.990 0.012    0.0    2.7 -1.77 0.001  40   0 10:54:05     44851.45350    0.0000  2022/11/18
 0.0000000   2.0999999    0.0000   5936.990 0.011   -0.1    2.6 -1.77 0.000  40   0 10:54:49     44851.45401    0.0000  2022/11/18
 0.0000000   2.0999999    0.0000   5936.991 0.012   -0.6    2.3 -1.76 0.000  40   0 10:55:33     44851.45451    0.0000  2022/11/18
 0.0000000   3.0000000    0.0000   5925.258 0.019    0.4   -1.8 -1.77 -0.003  40   0 11:05:44     44851.46158    0.0000  2022/11/18
 0.0000000   3.0000000    0.0000   5925.254 0.032    0.8    0.2 -1.76 -0.003  40   1 11:06:33     44851.46214    0.0000  2022/11/18
 0.0000000   3.0000000    0.0000   5925.255 0.017    0.7    0.6 -1.76 -0.003  40   0 11:07:17     44851.46265    0.0000  2022/11/18
 0.0000000   3.0000000    0.0000   5925.255 0.020    0.8    0.6 -1.75 -0.004  40   0 11:08:01     44851.46316    0.0000  2022/11/18
 0.0000000   3.0000000    0.0000   5925.256 0.015    0.5    0.2 -1.74 -0.004  40   0 11:08:45     44851.46367    0.0000  2022/11/18
 0.0000000   4.0000000    0.0000   5904.273 0.019   -2.2   -4.7 -1.73 -0.010  40   0 11:23:19     44851.47377    0.0000  2022/11/18
 0.0000000   4.0000000    0.0000   5904.273 0.026    0.1   -4.0 -1.73 -0.010  40   0 11:24:08     44851.47433    0.0000  2022/11/18
 0.0000000   4.0000000    0.0000   5904.275 0.029    1.0   -3.5 -1.73 -0.011  40   0 11:24:52     44851.47484    0.0000  2022/11/18
 0.0000000   4.0000000    0.0000   5904.275 0.024    1.2   -3.4 -1.73 -0.011  40   0 11:25:36     44851.47535    0.0000  2022/11/18
 0.0000000   4.0000000    0.0000   5904.275 0.020    1.2   -3.4 -1.73 -0.011  40   0 11:26:20     44851.47586    0.0000  2022/11/18
 0.0000000   3.0000000    0.0000   5925.251 0.020    0.3    3.7 -1.76 -0.015  40   0 11:35:53     44851.48248    0.0000  2022/11/18
 0.0000000   3.0000000    0.0000   5925.253 0.017    0.5    5.0 -1.76 -0.016  40   0 11:36:42     44851.48305    0.0000  2022/11/18
 0.0000000   3.0000000    0.0000   5925.254 0.025    0.3    5.3 -1.76 -0.016  40   1 11:37:26     44851.48355    0.0000  2022/11/18
 0.0000000   3.0000000    0.0000   5925.252 0.015    0.4    5.5 -1.76 -0.016  40   0 11:38:10     44851.48406    0.0000  2022/11/18
 0.0000000   3.0000000    0.0000   5925.253 0.016    0.1    5.2 -1.76 -0.017  40   0 11:38:54     44851.48457    0.0000  2022/11/18
 0.0000000   4.0000000    0.0000   5904.274 0.020   -2.2   -3.0 -1.81 -0.021  40   0 11:48:56     44851.49153    0.0000  2022/11/18
 0.0000000   4.0000000    0.0000   5904.274 0.024   -0.2   -0.8 -1.80 -0.021  40   0 11:49:45     44851.49209    0.0000  2022/11/18
 0.0000000   4.0000000    0.0000   5904.280 0.033    0.4    0.4 -1.80 -0.021  40   0 11:50:29     44851.49260    0.0000  2022/11/18
 0.0000000   4.0000000    0.0000   5904.276 0.033    0.9    1.0 -1.80 -0.022  40   0 11:51:13     44851.49311    0.0000  2022/11/18
 0.0000000   4.0000000    0.0000   5904.276 0.034    0.3    0.9 -1.80 -0.022  40   0 11:51:57     44851.49362    0.0000  2022/11/18
 0.0000000   5.0000000    0.0000   5886.143 0.026   -1.9    0.0 -1.88 -0.029  40   0 12:06:57     44851.50402    0.0000  2022/11/18
 0.0000000   5.0000000    0.0000   5886.141 0.030   -1.6    0.4 -1.88 -0.029  40   0 12:07:46     44851.50458    0.0000  2022/11/18
 0.0000000   5.0000000    0.0000   5886.145 0.033   -1.8    0.5 -1.88 -0.029  40   0 12:08:30     44851.50509    0.0000  2022/11/18
 0.0000000   5.0000000    0.0000   5886.146 0.031   -2.1    0.5 -1.88 -0.029  40   0 12:09:14     44851.50560    0.0000  2022/11/18
 0.0000000   4.0000000    0.0000   5904.275 0.019   -3.3   -0.8 -1.99 -0.036  40   0 12:24:23     44851.51611    0.0000  2022/11/18
 0.0000000   4.0000000    0.0000   5904.275 0.026   -2.6    0.0 -1.99 -0.036  40   0 12:25:12     44851.51667    0.0000  2022/11/18
 0.0000000   4.0000000    0.0000   5904.275 0.022   -2.4    0.3 -1.99 -0.037  40   0 12:25:56     44851.51718    0.0000  2022/11/18
 0.0000000   4.0000000    0.0000   5904.275 0.024   -2.4    0.5 -1.98 -0.037  40   0 12:26:40     44851.51769    0.0000  2022/11/18
 0.0000000   5.0000000    0.0000   5886.139 0.025    0.7    2.3 -2.03 -0.042  40   0 12:39:47     44851.52678    0.0000  2022/11/18
 0.0000000   5.0000000    0.0000   5886.149 0.022    1.4    3.5 -2.03 -0.042  40   0 12:40:36     44851.52735    0.0000  2022/11/18
 0.0000000   5.0000000    0.0000   5886.149 0.019    1.8    3.9 -2.03 -0.043  40   0 12:41:20     44851.52786    0.0000  2022/11/18
 0.0000000   5.0000000    0.0000   5886.148 0.022    1.8    4.0 -2.03 -0.043  40   0 12:42:04     44851.52837    0.0000  2022/11/18
 0.0000000   5.0000000    0.0000   5886.147 0.019    2.0    4.1 -2.03 -0.043  40   0 12:42:48     44851.52887    0.0000  2022/11/18
 0.0000000   6.0000000    0.0000   5866.101 0.046    1.7   -0.5 -2.39 -0.059  40   0 13:25:48     44851.55869    0.0000  2022/11/18
 0.0000000   6.0000000    0.0000   5866.104 0.037    1.9   -0.3 -2.39 -0.059  40   0 13:26:37     44851.55925    0.0000  2022/11/18
 0.0000000   6.0000000    0.0000   5866.101 0.042    2.4   -0.7 -2.39 -0.060  40   0 13:27:21     44851.55976    0.0000  2022/11/18
 0.0000000   6.0000000    0.0000   5866.102 0.039    2.6   -1.8 -2.39 -0.060  40   0 13:28:05     44851.56027    0.0000  2022/11/18
 0.0000000   6.0000000    0.0000   5866.101 0.029    2.6   -2.2 -2.39 -0.060  40   0 13:28:49     44851.56078    0.0000  2022/11/18
 0.0000000   5.0000000    0.0000   5886.145 0.023   -2.4    0.8 -2.42 -0.063  40   2 13:38:57     44851.56781    0.0000  2022/11/18
 0.0000000   5.0000000    0.0000   5886.148 0.030   -2.1    1.7 -2.41 -0.064  40   0 13:39:46     44851.56837    0.0000  2022/11/18
 0.0000000   5.0000000    0.0000   5886.149 0.031   -1.0    1.9 -2.41 -0.064  40   0 13:40:30     44851.56888    0.0000  2022/11/18
 0.0000000   5.0000000    0.0000   5886.148 0.035    0.1    1.8 -2.40 -0.064  40   0 13:41:14     44851.56939    0.0000  2022/11/18
 0.0000000   6.0000000    0.0000   5866.094 0.036    0.7   -0.2 -2.36 -0.069  40   1 13:59:37     44851.58213    0.0000  2022/11/18
 0.0000000   6.0000000    0.0000   5866.100 0.035    1.3    0.6 -2.35 -0.069  40   0 14:00:26     44851.58270    0.0000  2022/11/18
 0.0000000   6.0000000    0.0000   5866.099 0.033    1.6    0.9 -2.34 -0.069  40   0 14:01:10     44851.58321    0.0000  2022/11/18
 0.0000000   6.0000000    0.0000   5866.099 0.035    2.1    0.8 -2.34 -0.070  40   0 14:01:54     44851.58372    0.0000  2022/11/18
 0.0000000   6.0000000    0.0000   5866.099 0.030    1.8    0.9 -2.33 -0.070  40   0 14:02:38     44851.58423    0.0000  2022/11/18
 0.0000000   5.0000000    0.0000   5886.144 0.028   -0.9    1.2 -2.32 -0.072  40   0 14:14:44     44851.59262    0.0000  2022/11/18
 0.0000000   5.0000000    0.0000   5886.151 0.039    0.3    1.7 -2.31 -0.072  40   1 14:15:33     44851.59318    0.0000  2022/11/18
 0.0000000   5.0000000    0.0000   5886.147 0.030    0.7    1.8 -2.30 -0.073  40   0 14:16:17     44851.59369    0.0000  2022/11/18
 0.0000000   5.0000000    0.0000   5886.148 0.030    0.6    1.7 -2.30 -0.073  40   0 14:17:01     44851.59420    0.0000  2022/11/18
 0.0000000   5.0000000    0.0000   5886.146 0.025    0.6    1.6 -2.29 -0.073  40   0 14:17:45     44851.59471    0.0000  2022/11/18
 0.0000000   4.0000000    0.0000   5904.276 0.028   -2.6    0.1 -2.28 -0.075  40   0 14:30:52     44851.60380    0.0000  2022/11/18
 0.0000000   4.0000000    0.0000   5904.275 0.041   -2.4    0.6 -2.28 -0.076  40   0 14:31:41     44851.60437    0.0000  2022/11/18
 0.0000000   4.0000000    0.0000   5904.280 0.042   -2.1    0.8 -2.28 -0.076  40   0 14:32:25     44851.60488    0.0000  2022/11/18
 0.0000000   4.0000000    0.0000   5904.278 0.035   -2.0    0.8 -2.28 -0.076  40   0 14:33:09     44851.60538    0.0000  2022/11/18
 0.0000000   5.0000000    0.0000   5886.149 0.023    0.0    0.7 -2.32 -0.078  40   0 14:46:00     44851.61429    0.0000  2022/11/18
 0.0000000   5.0000000    0.0000   5886.152 0.026    0.3    1.5 -2.32 -0.078  40   0 14:46:49     44851.61486    0.0000  2022/11/18
 0.0000000   5.0000000    0.0000   5886.151 0.028    0.6    1.9 -2.31 -0.078  40   0 14:47:33     44851.61537    0.0000  2022/11/18
 0.0000000   5.0000000    0.0000   5886.150 0.028    0.5    1.7 -2.31 -0.078  40   0 14:48:17     44851.61588    0.0000  2022/11/18
 0.0000000   4.0000000    0.0000   5904.280 0.032   -2.8    0.2 -2.40 -0.079  40   0 15:04:54     44851.62740    0.0000  2022/11/18
 0.0000000   4.0000000    0.0000   5904.282 0.020   -3.0    0.9 -2.40 -0.079  40   0 15:05:43     44851.62796    0.0000  2022/11/18
 0.0000000   4.0000000    0.0000   5904.283 0.021   -2.8    1.4 -2.40 -0.079  40   0 15:06:27     44851.62847    0.0000  2022/11/18
 0.0000000   4.0000000    0.0000   5904.281 0.023   -2.7    1.5 -2.39 -0.079  40   0 15:07:11     44851.62898    0.0000  2022/11/18
 0.0000000   3.0000000    0.0000   5925.251 0.028   -3.9   -3.5 -2.44 -0.080  40   0 15:18:34     44851.63687    0.0000  2022/11/18
 0.0000000   3.0000000    0.0000   5925.250 0.030   -3.7   -2.0 -2.45 -0.080  40   0 15:19:59     44851.63786    0.0000  2022/11/18
 0.0000000   3.0000000    0.0000   5925.242 0.055   -3.4   -2.7 -2.45 -0.080  40   1 15:20:48     44851.63842    0.0000  2022/11/18
 0.0000000   3.0000000    0.0000   5925.249 0.037   -3.7   -3.7 -2.44 -0.080  40   3 15:21:55     44851.63920    0.0000  2022/11/18
 0.0000000   3.0000000    0.0000   5925.250 0.031   -3.7   -4.0 -2.44 -0.080  40   0 15:22:44     44851.63976    0.0000  2022/11/18
 0.0000000   4.0000000    0.0000   5904.276 0.026   -0.7   -2.1 -2.43 -0.080  40   0 15:35:57     44851.64893    0.0000  2022/11/18
 0.0000000   4.0000000    0.0000   5904.272 0.027   -0.8   -3.1 -2.43 -0.080  40   0 15:36:46     44851.64949    0.0000  2022/11/18
 0.0000000   4.0000000    0.0000   5904.269 0.022   -1.9   -2.7 -2.43 -0.080  40   0 15:37:30     44851.65000    0.0000  2022/11/18
 0.0000000   4.0000000    0.0000   5904.276 0.021   -1.3   -3.3 -2.43 -0.079  40   0 15:38:14     44851.65051    0.0000  2022/11/18
 0.0000000   4.0000000    0.0000   5904.275 0.025   -0.9   -3.4 -2.42 -0.079  40   0 15:38:58     44851.65102    0.0000  2022/11/18
 0.0000000   4.0000000    0.0000   5904.266 0.024   -1.0   -3.8 -2.42 -0.079  40   0 15:39:42     44851.65153    0.0000  2022/11/18
 0.0000000   3.0000000    0.0000   5925.261 0.023    2.0    3.9 -2.36 -0.079  40   0 15:51:31     44851.65972    0.0000  2022/11/18
 0.0000000   3.0000000    0.0000   5925.257 0.032    1.4    5.0 -2.34 -0.079  40   6 15:52:20     44851.66028    0.0000  2022/11/18
 0.0000000   3.0000000    0.0000   5925.258 0.020    0.6    5.7 -2.32 -0.078  40   1 15:53:04     44851.66079    0.0000  2022/11/18
 0.0000000   3.0000000    0.0000   5925.260 0.014    0.1    6.0 -2.30 -0.078  40   0 15:53:48     44851.66130    0.0000  2022/11/18
 0.0000000   2.0999999    0.0000   5936.989 0.019   -2.3   -3.4 -2.14 -0.078  40   0 16:02:13     44851.66714    0.0000  2022/11/18
 0.0000000   2.0999999    0.0000   5936.994 0.033   -2.1   -1.3 -2.14 -0.077  40   0 16:03:02     44851.66770    0.0000  2022/11/18
 0.0000000   2.0999999    0.0000   5936.990 0.015   -2.2   -0.9 -2.13 -0.077  40   0 16:03:46     44851.66821    0.0000  2022/11/18
 0.0000000   2.0999999    0.0000   5936.989 0.032   -2.2   -0.8 -2.13 -0.077  40   0 16:04:30     44851.66872    0.0000  2022/11/18
 0.0000000   2.0999999    0.0000   5936.988 0.017   -2.4   -0.9 -2.12 -0.077  40   0 16:05:14     44851.66923    0.0000  2022/11/18
 0.0000000   3.0000000    0.0000   5925.253 0.018   -3.4    0.7 -2.10 -0.076  40   0 16:13:05     44851.67467    0.0000  2022/11/18
 0.0000000   3.0000000    0.0000   5925.255 0.014   -3.4    1.6 -2.09 -0.076  40   0 16:13:54     44851.67524    0.0000  2022/11/18
 0.0000000   3.0000000    0.0000   5925.255 0.016   -3.9    1.9 -2.08 -0.076  40   0 16:14:38     44851.67575    0.0000  2022/11/18
 0.0000000   3.0000000    0.0000   5925.255 0.019   -4.3    1.9 -2.07 -0.076  40   0 16:15:22     44851.67625    0.0000  2022/11/18
 0.0000000   2.0999999    0.0000   5936.987 0.024   -2.7    0.0 -2.00 -0.074  40   1 16:27:44     44851.68483    0.0000  2022/11/18
 0.0000000   2.0999999    0.0000   5936.990 0.015   -2.5    1.0 -1.99 -0.074  40   1 16:28:33     44851.68539    0.0000  2022/11/18
 0.0000000   2.0999999    0.0000   5936.989 0.014   -2.4    1.6 -1.99 -0.073  40   0 16:29:17     44851.68590    0.0000  2022/11/18
 0.0000000   2.0999999    0.0000   5936.990 0.013   -2.3    1.6 -1.99 -0.073  40   1 16:30:01     44851.68641    0.0000  2022/11/18
 0.0000000   2.0000000    0.0000   5948.884 0.015   -1.8    0.5 -2.04 -0.071  40   0 16:40:45     44851.69385    0.0000  2022/11/18
 0.0000000   2.0000000    0.0000   5948.883 0.011   -1.8    1.5 -2.03 -0.071  40   0 16:41:34     44851.69442    0.0000  2022/11/18
 0.0000000   2.0000000    0.0000   5948.885 0.014   -1.9    2.3 -2.03 -0.071  40   0 16:42:18     44851.69493    0.0000  2022/11/18
 0.0000000   2.0000000    0.0000   5948.885 0.008   -1.7    2.4 -2.03 -0.070  40   0 16:43:02     44851.69544    0.0000  2022/11/18
 0.0000000   2.0999999    0.0000   5936.988 0.029   -3.4   -1.0 -2.04 -0.068  40   0 16:52:48     44851.70221    0.0000  2022/11/18
 0.0000000   2.0999999    0.0000   5936.989 0.019   -3.0    0.1 -2.04 -0.068  40   0 16:53:37     44851.70277    0.0000  2022/11/18
 0.0000000   2.0999999    0.0000   5936.989 0.017   -3.0    0.7 -2.04 -0.068  40   0 16:54:21     44851.70328    0.0000  2022/11/18
 0.0000000   2.0999999    0.0000   5936.989 0.022   -2.9    0.9 -2.04 -0.067  40   0 16:55:05     44851.70379    0.0000  2022/11/18
 0.0000000   2.0000000    0.0000   5948.884 0.028    1.1   -3.5 -2.04 -0.065  40   1 17:03:41     44851.70975    0.0000  2022/11/18
 0.0000000   2.0000000    0.0000   5948.886 0.022    1.3   -2.6 -2.03 -0.065  40   2 17:04:30     44851.71032    0.0000  2022/11/18
 0.0000000   2.0000000    0.0000   5948.887 0.016    1.0   -2.2 -2.03 -0.065  40   0 17:05:14     44851.71083    0.0000  2022/11/18
 0.0000000   2.0000000    0.0000   5948.887 0.018    0.8   -2.1 -2.03 -0.064  40   0 17:05:58     44851.71134    0.0000  2022/11/18
 0.0000000   2.0000000    0.0000   5948.885 0.022    0.8   -2.4 -2.02 -0.064  40   0 17:06:42     44851.71185    0.0000  2022/11/18
 0.0000000  10.0000000    0.0000   5947.367 0.014    4.6   -0.1 -2.01 -0.062  40   6 17:15:11     44851.71773    0.0000  2022/11/18
 0.0000000  10.0000000    0.0000   5947.368 0.014    4.9    0.7 -2.00 -0.061  40   1 17:16:00     44851.71829    0.0000  2022/11/18
 0.0000000  10.0000000    0.0000   5947.367 0.030    4.9    1.2 -2.00 -0.061  40   0 17:16:44     44851.71880    0.0000  2022/11/18
 0.0000000  10.0000000    0.0000   5947.367 0.035    4.9    1.5 -1.99 -0.061  40   0 17:17:28     44851.71931    0.0000  2022/11/18
 0.0000000  10.0000000    0.0000   5947.367 0.013    4.6    1.5 -1.99 -0.061  40   0 17:18:12     44851.71982    0.0000  2022/11/18
 348172333149467980000000000.000,0   ,0.000   ,     0.000,   0.000,-199,  15,  -1.#QO,   0.000,0.000   ,0.000   ,0.000   ,1.755   