
/	CG-5 SURVEY
/	Survey name:   	pbz...
/	Instrument S/N:	49459
/	Client:        	geoken..
/	Operator:      	geoken..
/	Date:          	2022/11/21
/	Time:          	08:11:35
/	LONG:        	77.1000000 E
/	LAT:         	43.7000000 N
/	ZONE:        	43      
/	GMT DIFF.:   	-6.0

/	CG-5 SETUP PARAMETERS
/	Gref:			1500.000
/	Gcal1:		8925.088
/	TiltxS:		646.865 
/	TiltyS:		631.417 
/	TiltxO:		0.446   
/	TiltyO:		-1.821  
/	Tempco:		-0.121  
/	Drift:		0.521   
/	DriftTime Start:	08:11:37
/	DriftDate Start:	2022/11/21

/	CG-5 OPTIONS
/	Tide Correction:    YES
/	Cont. Tilt:         YES
/	Auto Rejection:     YES
/	Terrain Corr.:       NO
/	Seismic Filter:     YES
/	Raw Data:            NO
Line	   0.000S
/------LINE-----STATION-----ALT.------GRAV.---SD.--TILTX--TILTY-TEMP---TIDE---DUR-REJ-----TIME----DEC.TIME+DATE--TERRAIN---DATE
 0.0000000  10.0000000    0.0000   5948.938 0.018   -1.8    0.3 -2.86 -0.096  40   1 07:58:00     44856.33141    0.0000  2022/11/23
 0.0000000  10.0000000    0.0000   5948.938 0.015   -0.8    0.4 -2.86 -0.096  40   0 07:58:49     44856.33198    0.0000  2022/11/23
 0.0000000  10.0000000    0.0000   5948.937 0.022   -1.6    0.5 -2.86 -0.096  40   0 07:59:33     44856.33249    0.0000  2022/11/23
 0.0000000  10.0000000    0.0000   5948.936 0.022   -0.7    0.5 -2.86 -0.096  40   0 08:00:17     44856.33300    0.0000  2022/11/23
 0.0000000   2.0000000    0.0000   5950.452 0.010    2.3    0.7 -3.47 -0.092  40   0 08:22:15     44856.34823    0.0000  2022/11/23
 0.0000000   2.0000000    0.0000   5950.452 0.010    3.7    0.9 -3.47 -0.092  40   0 08:23:04     44856.34879    0.0000  2022/11/23
 0.0000000   2.0000000    0.0000   5950.454 0.016    4.5    1.0 -3.47 -0.092  40   0 08:23:48     44856.34930    0.0000  2022/11/23
 0.0000000   2.0000000    0.0000   5950.454 0.014    5.2    1.2 -3.47 -0.092  40   0 08:24:32     44856.34981    0.0000  2022/11/23
 0.0000000   1.0000000    0.0000   5968.539 0.016    0.6   -4.4 -3.13 -0.087  40   0 08:43:22     44856.36287    0.0000  2022/11/23
 0.0000000   1.0000000    0.0000   5968.539 0.010    1.6   -4.4 -3.11 -0.087  40   0 08:44:11     44856.36343    0.0000  2022/11/23
 0.0000000   1.0000000    0.0000   5968.541 0.012    2.3   -4.5 -3.10 -0.086  40   0 08:44:55     44856.36394    0.0000  2022/11/23
 0.0000000   1.0000000    0.0000   5968.542 0.012    2.4   -4.8 -3.08 -0.086  40   0 08:45:39     44856.36445    0.0000  2022/11/23
 0.0000000   2.0000000    0.0000   5950.453 0.017    2.0    4.2 -2.57 -0.081  40   2 09:04:32     44856.37754    0.0000  2022/11/23
 0.0000000   2.0000000    0.0000   5950.456 0.009    2.8    5.1 -2.56 -0.081  40   0 09:05:21     44856.37811    0.0000  2022/11/23
 0.0000000   2.0000000    0.0000   5950.454 0.008    3.2    5.5 -2.56 -0.080  40   0 09:06:05     44856.37862    0.0000  2022/11/23
 0.0000000   2.0000000    0.0000   5950.455 0.010    3.3    5.8 -2.55 -0.080  40   0 09:06:49     44856.37913    0.0000  2022/11/23
 0.0000000   1.0000000    0.0000   5968.530 0.009   -2.5    0.9 -2.15 -0.074  40   2 09:25:52     44856.39233    0.0000  2022/11/23
 0.0000000   1.0000000    0.0000   5968.532 0.008   -1.9    1.4 -2.15 -0.074  40   0 09:26:41     44856.39290    0.0000  2022/11/23
 0.0000000   1.0000000    0.0000   5968.531 0.012   -0.1    1.6 -2.14 -0.074  40   0 09:27:25     44856.39341    0.0000  2022/11/23
 0.0000000   1.0000000    0.0000   5968.532 0.009    0.0    1.5 -2.14 -0.073  40   0 09:28:09     44856.39392    0.0000  2022/11/23
 0.0000000   2.0000000    0.0000   5950.437 0.016   -3.4   -0.5 -1.98 -0.067  40   0 09:47:00     44856.40699    0.0000  2022/11/23
 0.0000000   2.0000000    0.0000   5950.437 0.018   -3.3    0.2 -1.98 -0.067  40   0 09:47:49     44856.40755    0.0000  2022/11/23
 0.0000000   2.0000000    0.0000   5950.437 0.022   -3.1    0.5 -1.97 -0.067  40   0 09:48:33     44856.40806    0.0000  2022/11/23
 0.0000000   2.0000000    0.0000   5950.438 0.015   -2.9    0.4 -1.97 -0.067  40   0 09:49:17     44856.40857    0.0000  2022/11/23
 0.0000000   2.0999999    0.0000   5938.543 0.034    2.7   -2.5 -1.93 -0.063  40   0 10:00:33     44856.41638    0.0000  2022/11/23
 0.0000000   2.0999999    0.0000   5938.544 0.023    3.0    0.1 -1.91 -0.063  40   0 10:01:22     44856.41695    0.0000  2022/11/23
 0.0000000   2.0999999    0.0000   5938.545 0.031    3.5    0.4 -1.90 -0.063  40   0 10:02:06     44856.41746    0.0000  2022/11/23
 0.0000000   2.0999999    0.0000   5938.548 0.022    3.6    0.6 -1.89 -0.062  40   0 10:02:50     44856.41796    0.0000  2022/11/23
 0.0000000   2.0999999    0.0000   5938.547 0.024    3.2    0.5 -1.88 -0.062  40   0 10:03:34     44856.41847    0.0000  2022/11/23
 0.0000000   2.0000000    0.0000   5950.441 0.011    0.6    0.7 -1.83 -0.059  40   0 10:13:47     44856.42556    0.0000  2022/11/23
 0.0000000   2.0000000    0.0000   5950.441 0.011    1.0    1.4 -1.82 -0.059  40   0 10:14:36     44856.42612    0.0000  2022/11/23
 0.0000000   2.0000000    0.0000   5950.440 0.012    1.1    1.6 -1.81 -0.059  40   1 10:15:20     44856.42663    0.0000  2022/11/23
 0.0000000   2.0000000    0.0000   5950.442 0.015    1.0    1.7 -1.80 -0.058  40   0 10:16:04     44856.42714    0.0000  2022/11/23
 0.0000000   2.0999999    0.0000   5938.564 0.046   -2.1    2.5 -1.77 -0.056  40  18 10:26:25     44856.43432    0.0000  2022/11/23
 0.0000000   2.0999999    0.0000   5938.540 0.014   -2.1    3.1 -1.76 -0.055  40   0 10:27:14     44856.43488    0.0000  2022/11/23
 0.0000000   2.0999999    0.0000   5938.541 0.013   -2.0    3.4 -1.76 -0.055  40   0 10:27:58     44856.43539    0.0000  2022/11/23
 0.0000000   2.0999999    0.0000   5938.542 0.014   -1.7    3.3 -1.75 -0.055  40   0 10:28:42     44856.43590    0.0000  2022/11/23
 0.0000000   2.0999999    0.0000   5938.541 0.017   -2.1    3.2 -1.74 -0.055  40   0 10:29:26     44856.43641    0.0000  2022/11/23
 0.0000000   3.0000000    0.0000   5926.813 0.026   -2.3    0.4 -1.75 -0.053  40  10 10:36:37     44856.44139    0.0000  2022/11/23
 0.0000000   3.0000000    0.0000   5926.801 0.013   -2.2    1.4 -1.74 -0.053  40   0 10:37:26     44856.44195    0.0000  2022/11/23
 0.0000000   3.0000000    0.0000   5926.805 0.026   -2.0    1.8 -1.73 -0.052  40   3 10:38:10     44856.44246    0.0000  2022/11/23
 0.0000000   3.0000000    0.0000   5926.800 0.017   -2.0    1.9 -1.72 -0.052  40   0 10:38:54     44856.44297    0.0000  2022/11/23
 0.0000000   3.0000000    0.0000   5926.800 0.016   -2.2    1.8 -1.72 -0.052  40   0 10:39:38     44856.44348    0.0000  2022/11/23
 0.0000000   3.0000000    0.0000   5926.803 0.019   -2.3    1.6 -1.71 -0.052  40   2 10:40:22     44856.44399    0.0000  2022/11/23
 0.0000000   2.0999999    0.0000   5938.541 0.027    1.0    1.3 -1.71 -0.050  40   4 10:47:45     44856.44911    0.0000  2022/11/23
 0.0000000   2.0999999    0.0000   5938.542 0.023    1.2    2.6 -1.70 -0.050  40   0 10:48:34     44856.44967    0.0000  2022/11/23
 0.0000000   2.0999999    0.0000   5938.544 0.011    1.5    3.0 -1.70 -0.050  40   0 10:49:18     44856.45018    0.0000  2022/11/23
 0.0000000   2.0999999    0.0000   5938.543 0.011    1.7    3.1 -1.70 -0.049  40   0 10:50:02     44856.45069    0.0000  2022/11/23
 0.0000000   2.0999999    0.0000   5938.543 0.010    1.7    3.1 -1.69 -0.049  40   0 10:50:46     44856.45120    0.0000  2022/11/23
 0.0000000   2.0999999    0.0000   5938.543 0.014    1.8    3.0 -1.69 -0.049  40   9 10:51:30     44856.45171    0.0000  2022/11/23
 0.0000000   3.0000000    0.0000   5926.801 0.016   -0.4   -3.6 -1.70 -0.047  40   5 10:59:45     44856.45743    0.0000  2022/11/23
 0.0000000   3.0000000    0.0000   5926.802 0.020    0.1   -2.9 -1.70 -0.047  40   8 11:00:34     44856.45799    0.0000  2022/11/23
 0.0000000   3.0000000    0.0000   5926.806 0.015    0.1   -2.3 -1.69 -0.047  40   0 11:01:18     44856.45850    0.0000  2022/11/23
 0.0000000   3.0000000    0.0000   5926.809 0.013    0.1   -2.3 -1.68 -0.047  40   1 11:02:02     44856.45901    0.0000  2022/11/23
 0.0000000   3.0000000    0.0000   5926.809 0.015   -0.1   -2.1 -1.67 -0.047  40   0 11:02:46     44856.45952    0.0000  2022/11/23
 0.0000000   3.0000000    0.0000   5926.807 0.015   -0.1   -2.6 -1.67 -0.047  40   0 11:03:30     44856.46003    0.0000  2022/11/23
 0.0000000   4.0000000    0.0000   5905.837 0.021   -4.3   -3.1 -1.62 -0.044  40   0 11:16:31     44856.46905    0.0000  2022/11/23
 0.0000000   4.0000000    0.0000   5905.840 0.025   -4.5   -3.5 -1.62 -0.044  40   0 11:17:20     44856.46962    0.0000  2022/11/23
 0.0000000   4.0000000    0.0000   5905.837 0.021   -4.5   -3.7 -1.62 -0.044  40   0 11:18:04     44856.47013    0.0000  2022/11/23
 0.0000000   4.0000000    0.0000   5905.836 0.037   -4.8   -4.0 -1.62 -0.044  40   1 11:18:48     44856.47063    0.0000  2022/11/23
 0.0000000   3.0000000    0.0000   5926.809 0.029   -3.0    0.8 -1.67 -0.043  40   0 11:27:20     44856.47655    0.0000  2022/11/23
 0.0000000   3.0000000    0.0000   5926.810 0.020   -2.8    2.2 -1.67 -0.043  40   1 11:28:09     44856.47712    0.0000  2022/11/23
 0.0000000   3.0000000    0.0000   5926.812 0.018   -2.8    2.9 -1.67 -0.043  40   0 11:28:53     44856.47763    0.0000  2022/11/23
 0.0000000   3.0000000    0.0000   5926.812 0.016   -2.6    3.2 -1.67 -0.043  40   0 11:29:37     44856.47813    0.0000  2022/11/23
 0.0000000   3.0000000    0.0000   5926.810 0.019   -2.9    3.1 -1.66 -0.043  40   0 11:30:21     44856.47864    0.0000  2022/11/23
 0.0000000   4.0000000    0.0000   5905.832 0.036    0.2    0.6 -1.71 -0.041  40   1 11:42:33     44856.48710    0.0000  2022/11/23
 0.0000000   4.0000000    0.0000   5905.834 0.035    0.4    1.1 -1.70 -0.041  40   0 11:43:22     44856.48767    0.0000  2022/11/23
 0.0000000   4.0000000    0.0000   5905.834 0.028    0.6    1.4 -1.70 -0.041  40   0 11:44:06     44856.48818    0.0000  2022/11/23
 0.0000000   4.0000000    0.0000   5905.837 0.022    0.5    1.5 -1.69 -0.041  40   0 11:44:50     44856.48868    0.0000  2022/11/23
 0.0000000   4.0000000    0.0000   5905.834 0.021    0.6    1.4 -1.69 -0.041  40   0 11:45:34     44856.48919    0.0000  2022/11/23
 0.0000000   4.0000000    0.0000   5905.833 0.029    0.6    1.3 -1.68 -0.041  40   1 11:46:18     44856.48970    0.0000  2022/11/23
 0.0000000   4.0000000    0.0000   5905.834 0.024    0.3    1.0 -1.68 -0.041  40   0 11:47:02     44856.49021    0.0000  2022/11/23
 0.0000000   5.0000000    0.0000   5887.698 0.022   -2.8   -1.1 -1.69 -0.041  40   0 12:00:36     44856.49962    0.0000  2022/11/23
 0.0000000   5.0000000    0.0000   5887.697 0.024   -2.0   -0.5 -1.69 -0.041  40   0 12:01:25     44856.50018    0.0000  2022/11/23
 0.0000000   5.0000000    0.0000   5887.699 0.022    0.0   -0.5 -1.68 -0.041  40   0 12:02:09     44856.50069    0.0000  2022/11/23
 0.0000000   5.0000000    0.0000   5887.697 0.021   -0.3   -0.2 -1.68 -0.041  40   1 12:02:53     44856.50120    0.0000  2022/11/23
 0.0000000   4.0000000    0.0000   5905.829 0.034   -3.5    0.5 -1.71 -0.041  40   0 12:16:29     44856.51063    0.0000  2022/11/23
 0.0000000   4.0000000    0.0000   5905.830 0.039   -3.3    1.9 -1.71 -0.041  40   0 12:17:18     44856.51119    0.0000  2022/11/23
 0.0000000   4.0000000    0.0000   5905.830 0.026   -2.7    2.4 -1.71 -0.041  40   0 12:18:02     44856.51170    0.0000  2022/11/23
 0.0000000   4.0000000    0.0000   5905.832 0.029   -2.4    2.5 -1.70 -0.041  40   0 12:18:46     44856.51221    0.0000  2022/11/23
 0.0000000   4.0000000    0.0000   5905.832 0.025   -2.6    2.3 -1.70 -0.041  40   0 12:19:30     44856.51272    0.0000  2022/11/23
 0.0000000   4.0000000    0.0000   5905.832 0.019   -2.7    2.3 -1.69 -0.041  40   0 12:20:14     44856.51323    0.0000  2022/11/23
 0.0000000   4.0000000    0.0000   5905.833 0.023   -3.0    2.1 -1.69 -0.041  40   0 12:20:58     44856.51374    0.0000  2022/11/23
 0.0000000   4.0000000    0.0000   5905.829 0.021   -3.2    1.8 -1.69 -0.041  40   0 12:21:42     44856.51425    0.0000  2022/11/23
 0.0000000   5.0000000    0.0000   5887.704 0.040   -1.0    0.3 -1.74 -0.042  40   0 12:33:06     44856.52215    0.0000  2022/11/23
 0.0000000   5.0000000    0.0000   5887.703 0.041   -0.7    1.2 -1.73 -0.042  40   0 12:33:55     44856.52272    0.0000  2022/11/23
 0.0000000   5.0000000    0.0000   5887.705 0.042    0.0    1.8 -1.72 -0.042  40   0 12:34:39     44856.52322    0.0000  2022/11/23
 0.0000000   5.0000000    0.0000   5887.703 0.034    0.2    2.1 -1.72 -0.042  40   0 12:35:23     44856.52373    0.0000  2022/11/23
 0.0000000   6.0000000    0.0000   5867.653 0.031    2.3    2.0 -2.16 -0.053  40   0 13:33:32     44856.56405    0.0000  2022/11/23
 0.0000000   6.0000000    0.0000   5867.659 0.029    3.0    3.0 -2.16 -0.053  40   0 13:34:21     44856.56462    0.0000  2022/11/23
 0.0000000   6.0000000    0.0000   5867.660 0.038    4.0    3.2 -2.16 -0.053  40   0 13:35:05     44856.56512    0.0000  2022/11/23
 0.0000000   6.0000000    0.0000   5867.660 0.033    4.5    3.3 -2.16 -0.053  40   0 13:35:49     44856.56563    0.0000  2022/11/23
 0.0000000   6.0000000    0.0000   5867.661 0.024    4.6    3.1 -2.16 -0.053  40   1 13:36:33     44856.56614    0.0000  2022/11/23
 0.0000000   5.0000000    0.0000   5887.699 0.026   -3.6    1.2 -2.14 -0.058  40   0 13:50:39     44856.57592    0.0000  2022/11/23
 0.0000000   5.0000000    0.0000   5887.702 0.027   -3.0    2.4 -2.13 -0.058  40   0 13:51:28     44856.57648    0.0000  2022/11/23
 0.0000000   5.0000000    0.0000   5887.703 0.024   -2.9    3.0 -2.12 -0.058  40   0 13:52:12     44856.57699    0.0000  2022/11/23
 0.0000000   5.0000000    0.0000   5887.703 0.026   -2.9    3.1 -2.12 -0.058  40   0 13:52:56     44856.57750    0.0000  2022/11/23
 0.0000000   5.0000000    0.0000   5887.704 0.023   -2.5    3.1 -2.11 -0.058  40   0 13:53:40     44856.57801    0.0000  2022/11/23
 0.0000000   5.0000000    0.0000   5887.705 0.025   -3.0    2.9 -2.10 -0.058  40   0 13:54:24     44856.57852    0.0000  2022/11/23
 0.0000000   6.0000000    0.0000   5867.659 0.026    2.3   -2.2 -2.01 -0.063  40   2 14:08:10     44856.58806    0.0000  2022/11/23
 0.0000000   6.0000000    0.0000   5867.658 0.040    2.9    0.6 -2.00 -0.063  40   0 14:08:59     44856.58863    0.0000  2022/11/23
 0.0000000   6.0000000    0.0000   5867.657 0.031    3.0    1.1 -2.00 -0.063  40   0 14:09:43     44856.58914    0.0000  2022/11/23
 0.0000000   6.0000000    0.0000   5867.659 0.031    3.2    1.3 -1.99 -0.063  40   0 14:10:27     44856.58965    0.0000  2022/11/23
 0.0000000   5.0000000    0.0000   5887.705 0.019    2.7    1.1 -1.95 -0.068  40   0 14:24:02     44856.59906    0.0000  2022/11/23
 0.0000000   5.0000000    0.0000   5887.705 0.020    3.5    2.2 -1.95 -0.068  40   0 14:24:51     44856.59963    0.0000  2022/11/23
 0.0000000   5.0000000    0.0000   5887.706 0.019    4.2    2.7 -1.95 -0.068  40   0 14:25:35     44856.60014    0.0000  2022/11/23
 0.0000000   5.0000000    0.0000   5887.702 0.021    4.7    3.1 -1.95 -0.069  40   0 14:26:19     44856.60065    0.0000  2022/11/23
 0.0000000   4.0000000    0.0000   5905.831 0.026   -3.0    0.6 -1.98 -0.074  40   0 14:43:30     44856.61256    0.0000  2022/11/23
 0.0000000   4.0000000    0.0000   5905.827 0.030   -2.9    1.8 -1.97 -0.074  40   2 14:44:19     44856.61313    0.0000  2022/11/23
 0.0000000   4.0000000    0.0000   5905.825 0.038   -2.9    2.3 -1.96 -0.075  40   2 14:45:03     44856.61363    0.0000  2022/11/23
 0.0000000   4.0000000    0.0000   5905.835 0.044   -3.0    2.6 -1.95 -0.075  40   2 14:46:07     44856.61437    0.0000  2022/11/23
 0.0000000   4.0000000    0.0000   5905.829 0.034   -2.9    2.6 -1.94 -0.075  40   2 14:46:56     44856.61494    0.0000  2022/11/23
 0.0000000   4.0000000    0.0000   5905.844 0.076   -2.7    2.5 -1.93 -0.076  40   2 14:47:40     44856.61545    0.0000  2022/11/23
 0.0000000   4.0000000    0.0000   5905.829 0.027    0.0   -1.8 -1.92 -0.076  40   1 14:49:00     44856.61637    0.0000  2022/11/23
 0.0000000   4.0000000    0.0000   5905.829 0.029   -0.7   -1.2 -1.92 -0.076  40   0 14:49:49     44856.61694    0.0000  2022/11/23
 0.0000000   4.0000000    0.0000   5905.828 0.026   -2.0   -0.9 -1.92 -0.076  40   0 14:50:33     44856.61745    0.0000  2022/11/23
 0.0000000   5.0000000    0.0000   5887.699 0.026    0.0    2.1 -1.94 -0.081  40   2 15:02:41     44856.62586    0.0000  2022/11/23
 0.0000000   5.0000000    0.0000   5887.701 0.021    0.5    3.4 -1.93 -0.081  40   0 15:03:30     44856.62643    0.0000  2022/11/23
 0.0000000   5.0000000    0.0000   5887.699 0.021    0.7    4.1 -1.93 -0.081  40   0 15:04:14     44856.62694    0.0000  2022/11/23
 0.0000000   5.0000000    0.0000   5887.700 0.024    0.9    4.6 -1.93 -0.081  40   2 15:04:58     44856.62744    0.0000  2022/11/23
 0.0000000   4.0000000    0.0000   5905.824 0.027   -3.2    0.7 -1.91 -0.086  40   1 15:21:30     44856.63891    0.0000  2022/11/23
 0.0000000   4.0000000    0.0000   5905.825 0.021   -2.9    1.7 -1.91 -0.086  40   0 15:22:19     44856.63947    0.0000  2022/11/23
 0.0000000   4.0000000    0.0000   5905.840 0.031   -2.5    2.2 -1.91 -0.087  40   2 15:23:03     44856.63998    0.0000  2022/11/23
 0.0000000   4.0000000    0.0000   5905.830 0.030   -2.4    2.5 -1.91 -0.087  40   0 15:23:47     44856.64049    0.0000  2022/11/23
 0.0000000   4.0000000    0.0000   5905.821 0.026   -2.6    2.6 -1.90 -0.087  40   0 15:24:31     44856.64100    0.0000  2022/11/23
 0.0000000   4.0000000    0.0000   5905.825 0.031   -2.5    2.5 -1.90 -0.087  40   0 15:25:15     44856.64151    0.0000  2022/11/23
 0.0000000   3.0000000    0.0000   5926.809 0.031    0.1   -0.1 -1.93 -0.093  40   3 15:46:18     44856.65610    0.0000  2022/11/23
 0.0000000   3.0000000    0.0000   5926.807 0.020    0.3    1.0 -1.92 -0.093  40   2 15:47:07     44856.65667    0.0000  2022/11/23
 0.0000000   3.0000000    0.0000   5926.818 0.032    0.7    1.6 -1.92 -0.093  40   1 15:47:51     44856.65718    0.0000  2022/11/23
 0.0000000   3.0000000    0.0000   5926.809 0.016    0.8    1.8 -1.92 -0.093  40   0 15:48:35     44856.65768    0.0000  2022/11/23
 0.0000000   3.0000000    0.0000   5926.811 0.019    0.7    1.9 -1.91 -0.094  40   0 15:49:19     44856.65819    0.0000  2022/11/23
 0.0000000   4.0000000    0.0000   5905.828 0.031   -5.2   -0.6 -1.97 -0.096  40   3 15:58:42     44856.66470    0.0000  2022/11/23
 0.0000000   4.0000000    0.0000   5905.830 0.022   -5.1    0.2 -1.96 -0.096  40   0 15:59:31     44856.66526    0.0000  2022/11/23
 0.0000000   4.0000000    0.0000   5905.831 0.020   -5.2    1.0 -1.96 -0.096  40   0 16:00:15     44856.66577    0.0000  2022/11/23
 0.0000000   4.0000000    0.0000   5905.830 0.027   -4.9    0.8 -1.95 -0.096  40   0 16:00:59     44856.66628    0.0000  2022/11/23
 0.0000000   4.0000000    0.0000   5905.833 0.031   -5.1    0.9 -1.95 -0.096  40   0 16:01:43     44856.66679    0.0000  2022/11/23
 0.0000000   3.0000000    0.0000   5926.806 0.019   -2.5    0.1 -1.99 -0.099  40   0 16:16:00     44856.67669    0.0000  2022/11/23
 0.0000000   3.0000000    0.0000   5926.806 0.019   -2.4    1.0 -1.97 -0.099  40   0 16:16:49     44856.67726    0.0000  2022/11/23
 0.0000000   3.0000000    0.0000   5926.819 0.019   -2.3    1.4 -1.96 -0.099  40   1 16:17:33     44856.67777    0.0000  2022/11/23
 0.0000000   3.0000000    0.0000   5926.809 0.016   -2.3    1.4 -1.95 -0.099  40   0 16:18:17     44856.67828    0.0000  2022/11/23
 0.0000000   3.0000000    0.0000   5926.808 0.016   -2.5    1.5 -1.94 -0.099  40   0 16:19:01     44856.67878    0.0000  2022/11/23
 0.0000000   2.0999999    0.0000   5938.543 0.020    1.4   -2.6 -1.75 -0.100  40   1 16:29:38     44856.68615    0.0000  2022/11/23
 0.0000000   2.0999999    0.0000   5938.542 0.013    1.7   -0.3 -1.74 -0.100  40   1 16:30:27     44856.68671    0.0000  2022/11/23
 0.0000000   2.0999999    0.0000   5938.545 0.012    1.9    0.1 -1.74 -0.100  40   0 16:31:11     44856.68722    0.0000  2022/11/23
 0.0000000   2.0999999    0.0000   5938.542 0.013    2.3    0.3 -1.73 -0.101  40   0 16:31:55     44856.68773    0.0000  2022/11/23
 0.0000000   3.0000000    0.0000   5926.799 0.023   -2.3    1.2 -1.75 -0.101  40   2 16:42:51     44856.69531    0.0000  2022/11/23
 0.0000000   3.0000000    0.0000   5926.801 0.023   -2.2    2.4 -1.74 -0.101  40   0 16:43:40     44856.69588    0.0000  2022/11/23
 0.0000000   3.0000000    0.0000   5926.804 0.025   -1.6    2.9 -1.74 -0.101  40   2 16:44:24     44856.69638    0.0000  2022/11/23
 0.0000000   3.0000000    0.0000   5926.804 0.027   -0.6    3.0 -1.73 -0.101  40   1 16:45:08     44856.69689    0.0000  2022/11/23
 0.0000000   3.0000000    0.0000   5926.803 0.022   -1.0    2.9 -1.73 -0.101  40   0 16:45:52     44856.69740    0.0000  2022/11/23
 0.0000000   2.0999999    0.0000   5938.542 0.023    0.9    1.0 -1.74 -0.101  40   1 16:56:30     44856.70477    0.0000  2022/11/23
 0.0000000   2.0999999    0.0000   5938.543 0.019    1.2    2.2 -1.74 -0.101  40   0 16:57:19     44856.70534    0.0000  2022/11/23
 0.0000000   2.0999999    0.0000   5938.543 0.011    1.2    2.8 -1.74 -0.101  40   0 16:58:03     44856.70585    0.0000  2022/11/23
 0.0000000   2.0999999    0.0000   5938.542 0.011    1.4    3.1 -1.74 -0.101  40   0 16:58:47     44856.70636    0.0000  2022/11/23
 0.0000000   2.0000000    0.0000   5950.432 0.030   -3.8   -0.9 -1.75 -0.100  40   4 17:16:51     44856.71888    0.0000  2022/11/23
 0.0000000   2.0000000    0.0000   5950.436 0.011   -3.4    0.0 -1.74 -0.100  40   0 17:17:40     44856.71945    0.0000  2022/11/23
 0.0000000   2.0000000    0.0000   5950.435 0.015   -3.4    0.3 -1.73 -0.100  40   0 17:18:24     44856.71996    0.0000  2022/11/23
 0.0000000   2.0000000    0.0000   5950.435 0.015   -3.4    0.4 -1.73 -0.100  40   0 17:19:08     44856.72047    0.0000  2022/11/23
 0.0000000   2.0000000    0.0000   5950.435 0.014   -3.5    0.0 -1.73 -0.099  40   0 17:19:52     44856.72097    0.0000  2022/11/23
 0.0000000   2.0000000    0.0000   5950.435 0.013   -3.6   -0.2 -1.72 -0.099  40   0 17:20:36     44856.72148    0.0000  2022/11/23
 0.0000000   2.0000000    0.0000   5950.435 0.013   -3.9   -0.5 -1.72 -0.099  40   0 17:21:20     44856.72199    0.0000  2022/11/23
 0.0000000   2.0000000    0.0000   5950.436 0.012   -4.1   -0.7 -1.72 -0.099  40   0 17:22:04     44856.72250    0.0000  2022/11/23
 0.0000000   2.0000000    0.0000   5950.490 0.377  144.5  921.7 -1.73 -0.099  40  42 17:22:48     44856.72301    0.0000  2022/11/23
 0.0000000   2.0999999    0.0000   5938.540 0.027   -3.0    3.7 -1.79 -0.098  40   0 17:30:51     44856.72859    0.0000  2022/11/23
 0.0000000   2.0999999    0.0000   5938.541 0.036   -3.0    4.6 -1.79 -0.097  40   1 17:31:40     44856.72916    0.0000  2022/11/23
 0.0000000   2.0999999    0.0000   5938.543 0.039   -2.8    5.1 -1.79 -0.097  40  10 17:32:24     44856.72966    0.0000  2022/11/23
 0.0000000   2.0999999    0.0000   5938.540 0.016    1.7   -1.6 -1.78 -0.097  40   0 17:33:24     44856.73036    0.0000  2022/11/23
 0.0000000   2.0999999    0.0000   5938.540 0.010    1.5   -2.2 -1.78 -0.097  40   0 17:34:13     44856.73092    0.0000  2022/11/23
 0.0000000   2.0999999    0.0000   5938.541 0.013    1.4   -2.5 -1.78 -0.097  40   0 17:34:57     44856.73143    0.0000  2022/11/23
 0.0000000   2.0000000    0.0000   5950.419 0.027   -2.0    0.0 -1.82 -0.094  40   4 17:47:15     44856.73996    0.0000  2022/11/23
 0.0000000   2.0000000    0.0000   5950.427 0.020   -2.0    1.2 -1.81 -0.094  40   0 17:48:04     44856.74053    0.0000  2022/11/23
 0.0000000   2.0000000    0.0000   5950.426 0.010   -2.0    1.9 -1.81 -0.093  40   0 17:48:48     44856.74103    0.0000  2022/11/23
 0.0000000   2.0000000    0.0000   5950.431 0.009   -1.9    2.2 -1.80 -0.093  40   0 17:49:32     44856.74154    0.0000  2022/11/23
 0.0000000   2.0000000    0.0000   5950.430 0.012   -2.3    2.2 -1.81 -0.093  40   0 17:50:16     44856.74205    0.0000  2022/11/23
 0.0000000   2.0000000    0.0000   5950.429 0.019   -2.3    1.7 -1.82 -0.093  40  10 17:51:00     44856.74256    0.0000  2022/11/23
 0.0000000   2.0000000    0.0000   5950.431 0.026   -2.5    1.5 -1.83 -0.093  40   2 17:51:44     44856.74307    0.0000  2022/11/23
 0.0000000  10.0000000    0.0000   5948.912 0.022   -8.4   -1.4 -1.79 -0.090  40   2 18:01:01     44856.74950    0.0000  2022/11/23
 0.0000000  10.0000000    0.0000   5948.912 0.023   -8.7   -0.9 -1.78 -0.089  40   5 18:01:50     44856.75007    0.0000  2022/11/23
 0.0000000  10.0000000    0.0000   5948.915 0.047   -8.9   -0.8 -1.77 -0.089  40   6 18:02:34     44856.75058    0.0000  2022/11/23
 0.0000000  10.0000000    0.0000   5948.912 0.022   -9.3   -0.7 -1.76 -0.089  40   1 18:03:18     44856.75109    0.0000  2022/11/23
 -2969964330205466100000000000000000000.000,0   ,0.000   ,502284612870281720000000000000.000,   0.000,-22529,65529,   0.000,   0.000,0.000   ,0.000   ,0.000   ,1.755   