
/	CG-5 SURVEY
/	Survey name:   	pbz..
/	Instrument S/N:	40823
/	Client:        	geoken..
/	Operator:      	geoken..
/	Date:          	2022/11/21
/	Time:          	08:11:11
/	LONG:        	77.1000000 E
/	LAT:         	43.7000000 N
/	ZONE:        	43      
/	GMT DIFF.:   	-6.0

/	CG-5 SETUP PARAMETERS
/	Gref:			0.000   
/	Gcal1:		8505.171
/	TiltxS:		624.323 
/	TiltyS:		619.681 
/	TiltxO:		0.545   
/	TiltyO:		12.438  
/	Tempco:		-0.134  
/	Drift:		0.010   
/	DriftTime Start:	08:11:13
/	DriftDate Start:	2022/11/21

/	CG-5 OPTIONS
/	Tide Correction:    YES
/	Cont. Tilt:         YES
/	Auto Rejection:     YES
/	Terrain Corr.:       NO
/	Seismic Filter:     YES
/	Raw Data:            NO
Line	   0.000S
/------LINE-----STATION-----ALT.------GRAV.---SD.--TILTX--TILTY-TEMP---TIDE---DUR-REJ-----TIME----DEC.TIME+DATE--TERRAIN---DATE
 0.0000000  10.0000000    0.0000   3833.595 0.010   -2.7   -1.2 -4.38 -0.039  40   0 08:14:01     44854.34252    0.0000  2022/11/21
 0.0000000  10.0000000    0.0000   3833.596 0.009   -2.8   -1.1 -4.38 -0.038  40   0 08:14:50     44854.34308    0.0000  2022/11/21
 0.0000000  10.0000000    0.0000   3833.594 0.007   -2.7   -1.1 -4.38 -0.038  40   0 08:15:34     44854.34359    0.0000  2022/11/21
 0.0000000  10.0000000    0.0000   3833.593 0.010   -2.6   -1.0 -4.38 -0.038  40   5 08:16:18     44854.34410    0.0000  2022/11/21
 0.0000000   2.0000000    0.0000   3835.111 0.009    0.9    0.0 -4.28 -0.034  40   7 08:27:14     44854.35168    0.0000  2022/11/21
 0.0000000   2.0000000    0.0000   3835.117 0.010    4.6    1.5 -4.24 -0.034  40   1 08:28:03     44854.35225    0.0000  2022/11/21
 0.0000000   2.0000000    0.0000   3835.118 0.012    7.0    2.4 -4.22 -0.034  40   0 08:28:47     44854.35276    0.0000  2022/11/21
 0.0000000   2.0000000    0.0000   3835.120 0.008    9.1    2.8 -4.21 -0.034  40   0 08:29:31     44854.35326    0.0000  2022/11/21
 0.0000000   2.0000000    0.0000   3835.119 0.008    9.8    2.5 -4.20 -0.033  40   0 08:30:15     44854.35377    0.0000  2022/11/21
 0.0000000   2.0000000    0.0000   3835.118 0.009   11.2    2.2 -4.19 -0.033  40   9 08:30:59     44854.35428    0.0000  2022/11/21
 0.0000000   1.0000000    0.0000   3853.228 0.022   -2.8    0.4 -4.09 -0.029  40   2 08:44:24     44854.36358    0.0000  2022/11/21
 0.0000000   1.0000000    0.0000   3853.227 0.008    1.3    2.4 -4.11 -0.028  40   0 08:45:13     44854.36415    0.0000  2022/11/21
 0.0000000   1.0000000    0.0000   3853.227 0.008    2.8    3.3 -4.12 -0.028  40   0 08:45:57     44854.36466    0.0000  2022/11/21
 0.0000000   1.0000000    0.0000   3853.227 0.010    4.1    3.7 -4.12 -0.028  40   0 08:46:41     44854.36517    0.0000  2022/11/21
 0.0000000   2.0000000    0.0000   3835.060 0.014    3.6   -0.1 -4.15 -0.023  40   3 09:03:14     44854.37664    0.0000  2022/11/21
 0.0000000   2.0000000    0.0000   3835.064 0.010    5.1    0.5 -4.14 -0.023  40   0 09:04:03     44854.37721    0.0000  2022/11/21
 0.0000000   2.0000000    0.0000   3835.070 0.010    6.6    0.8 -4.14 -0.023  40   0 09:04:47     44854.37772    0.0000  2022/11/21
 0.0000000   2.0000000    0.0000   3835.073 0.009    7.1    0.6 -4.14 -0.023  40   0 09:05:31     44854.37822    0.0000  2022/11/21
 0.0000000   2.0000000    0.0000   3835.075 0.011    7.7    0.5 -4.14 -0.022  40   0 09:06:15     44854.37873    0.0000  2022/11/21
 0.0000000   2.0000000    0.0000   3835.079 0.010    8.0    0.3 -4.14 -0.022  40   0 09:06:59     44854.37924    0.0000  2022/11/21
 0.0000000   2.0000000    0.0000   3835.080 0.008    8.2    0.2 -4.15 -0.022  40   1 09:07:43     44854.37975    0.0000  2022/11/21
 0.0000000   2.0000000    0.0000   3835.079 0.011   -3.1   -0.7 -4.16 -0.021  40   0 09:08:43     44854.38044    0.0000  2022/11/21
 0.0000000   1.0000000    0.0000   3853.228 0.018    2.8   -4.0 -4.09 -0.018  40  11 09:21:51     44854.38955    0.0000  2022/11/21
 0.0000000   1.0000000    0.0000   3853.231 0.014    4.3   -2.9 -4.10 -0.018  40   2 09:22:40     44854.39012    0.0000  2022/11/21
 0.0000000   1.0000000    0.0000   3853.230 0.009    5.7   -2.3 -4.11 -0.018  40   1 09:23:24     44854.39062    0.0000  2022/11/21
 0.0000000   1.0000000    0.0000   3853.229 0.010    6.7   -2.1 -4.11 -0.018  40   0 09:24:08     44854.39113    0.0000  2022/11/21
 0.0000000   1.0000000    0.0000   3853.229 0.009    7.8   -2.0 -4.12 -0.017  40   2 09:24:52     44854.39164    0.0000  2022/11/21
 0.0000000   1.0000000    0.0000   3853.228 0.008   10.3   -1.6 -4.13 -0.017  40   1 09:25:36     44854.39215    0.0000  2022/11/21
 0.0000000   2.0000000    0.0000   3835.132 0.013    3.6    0.2 -4.15 -0.014  40   4 09:41:03     44854.40286    0.0000  2022/11/21
 0.0000000   2.0000000    0.0000   3835.130 0.021    5.8    1.6 -4.15 -0.014  40   5 09:41:52     44854.40343    0.0000  2022/11/21
 0.0000000   2.0000000    0.0000   3835.132 0.017    6.4    2.2 -4.14 -0.014  40   0 09:42:36     44854.40394    0.0000  2022/11/21
 0.0000000   2.0000000    0.0000   3835.130 0.020    7.1    2.4 -4.14 -0.013  40   0 09:43:20     44854.40444    0.0000  2022/11/21
 0.0000000   2.0999999    0.0000   3823.220 0.013   -2.4    5.0 -4.17 -0.011  40   0 09:54:58     44854.41251    0.0000  2022/11/21
 0.0000000   2.0999999    0.0000   3823.218 0.021   -1.7    6.4 -4.16 -0.011  40   5 09:55:47     44854.41308    0.0000  2022/11/21
 0.0000000   2.0999999    0.0000   3823.221 0.012    0.2    7.2 -4.16 -0.011  40   0 09:56:31     44854.41358    0.0000  2022/11/21
 0.0000000   2.0999999    0.0000   3823.222 0.011    0.8    7.5 -4.15 -0.011  40   5 09:57:15     44854.41409    0.0000  2022/11/21
 0.0000000   2.0999999    0.0000   3823.222 0.011    1.0    7.5 -4.15 -0.011  40   0 09:57:59     44854.41460    0.0000  2022/11/21
 0.0000000   2.0999999    0.0000   3823.223 0.011    1.3    7.4 -4.15 -0.011  40   0 09:58:43     44854.41511    0.0000  2022/11/21
 0.0000000   2.0000000    0.0000   3835.116 0.010    2.1    2.9 -4.18 -0.010  40  11 10:08:30     44854.42189    0.0000  2022/11/21
 0.0000000   2.0000000    0.0000   3835.121 0.012    2.7    4.5 -4.17 -0.009  40   1 10:09:19     44854.42246    0.0000  2022/11/21
 0.0000000   2.0000000    0.0000   3835.121 0.009    3.2    5.5 -4.17 -0.009  40   0 10:10:03     44854.42297    0.0000  2022/11/21
 0.0000000   2.0000000    0.0000   3835.122 0.013    3.8    5.8 -4.16 -0.009  40   0 10:10:47     44854.42348    0.0000  2022/11/21
 0.0000000   2.0000000    0.0000   3835.120 0.009    4.3    5.7 -4.16 -0.009  40   1 10:11:31     44854.42398    0.0000  2022/11/21
 0.0000000   2.0999999    0.0000   3823.224 0.017   -0.6    0.7 -4.20 -0.008  40   1 10:23:58     44854.43262    0.0000  2022/11/21
 0.0000000   2.0999999    0.0000   3823.225 0.017    0.1    1.8 -4.19 -0.008  40   1 10:24:47     44854.43318    0.0000  2022/11/21
 0.0000000   2.0999999    0.0000   3823.226 0.028    0.6    2.2 -4.19 -0.008  40   0 10:25:31     44854.43369    0.0000  2022/11/21
 0.0000000   2.0999999    0.0000   3823.225 0.011    1.2    2.3 -4.19 -0.008  40   2 10:26:15     44854.43420    0.0000  2022/11/21
 0.0000000   2.0999999    0.0000   3823.225 0.010    1.5    2.2 -4.19 -0.008  40   0 10:26:59     44854.43471    0.0000  2022/11/21
 0.0000000   2.0999999    0.0000   3823.225 0.011    1.7    2.1 -4.19 -0.008  40   4 10:27:43     44854.43522    0.0000  2022/11/21
 0.0000000   3.0000000    0.0000   3811.472 0.017    0.8    4.1 -4.18 -0.008  40   0 10:34:51     44854.44016    0.0000  2022/11/21
 0.0000000   3.0000000    0.0000   3811.474 0.021    1.4    5.6 -4.17 -0.008  40   3 10:35:40     44854.44073    0.0000  2022/11/21
 0.0000000   3.0000000    0.0000   3811.470 0.024    1.8    6.3 -4.17 -0.008  40   2 10:36:24     44854.44124    0.0000  2022/11/21
 0.0000000   3.0000000    0.0000   3811.474 0.015    2.1    6.5 -4.17 -0.008  40   0 10:37:08     44854.44175    0.0000  2022/11/21
 0.0000000   2.0999999    0.0000   3823.220 0.027    2.4    4.2 -4.17 -0.008  40   0 10:45:29     44854.44754    0.0000  2022/11/21
 0.0000000   2.0999999    0.0000   3823.221 0.014    3.6    5.7 -4.17 -0.008  40   0 10:46:18     44854.44810    0.0000  2022/11/21
 0.0000000   2.0999999    0.0000   3823.219 0.015    4.8    6.4 -4.17 -0.008  40   0 10:47:02     44854.44861    0.0000  2022/11/21
 0.0000000   2.0999999    0.0000   3823.221 0.021    5.3    6.6 -4.17 -0.008  40   1 10:47:46     44854.44912    0.0000  2022/11/21
 0.0000000   3.0000000    0.0000   3811.504 0.044   -2.0    0.7 -4.20 -0.008  40   8 10:56:05     44854.45488    0.0000  2022/11/21
 0.0000000   3.0000000    0.0000   3811.496 0.027   -1.4    2.0 -4.19 -0.008  40   2 10:56:54     44854.45545    0.0000  2022/11/21
 0.0000000   3.0000000    0.0000   3811.495 0.018    0.3    2.9 -4.18 -0.008  40   1 10:57:38     44854.45596    0.0000  2022/11/21
 0.0000000   3.0000000    0.0000   3811.494 0.017    0.7    3.0 -4.18 -0.008  40   0 10:58:22     44854.45647    0.0000  2022/11/21
 0.0000000   3.0000000    0.0000   3811.492 0.016    1.0    2.9 -4.17 -0.008  40   0 10:59:06     44854.45698    0.0000  2022/11/21
 0.0000000   3.0000000    0.0000   3811.491 0.016    1.4    2.9 -4.17 -0.008  40   0 10:59:50     44854.45748    0.0000  2022/11/21
 0.0000000   3.0000000    0.0000   3811.487 0.033    1.7    2.9 -4.17 -0.008  40   2 11:00:34     44854.45799    0.0000  2022/11/21
 0.0000000   3.0000000    0.0000   3811.483 0.029    1.7    2.7 -4.18 -0.008  40   0 11:01:18     44854.45850    0.0000  2022/11/21
 0.0000000   3.0000000    0.0000   3811.485 0.019    1.9    2.5 -4.18 -0.008  40   0 11:02:02     44854.45901    0.0000  2022/11/21
 0.0000000   3.0000000    0.0000   3811.481 0.021    2.5    2.4 -4.19 -0.008  40   0 11:02:46     44854.45952    0.0000  2022/11/21
 0.0000000   3.0000000    0.0000   3811.482 0.018    2.6    2.4 -4.20 -0.008  40   1 11:03:30     44854.46003    0.0000  2022/11/21
 0.0000000   4.0000000    0.0000   3790.504 0.021   -0.8   -0.2 -4.13 -0.010  40   0 11:19:06     44854.47084    0.0000  2022/11/21
 0.0000000   4.0000000    0.0000   3790.505 0.025    0.4    1.3 -4.11 -0.010  40   0 11:19:55     44854.47141    0.0000  2022/11/21
 0.0000000   4.0000000    0.0000   3790.503 0.022    1.0    2.0 -4.11 -0.010  40   0 11:20:39     44854.47192    0.0000  2022/11/21
 0.0000000   4.0000000    0.0000   3790.503 0.025    1.3    2.3 -4.11 -0.010  40   0 11:21:23     44854.47243    0.0000  2022/11/21
 0.0000000   4.0000000    0.0000   3790.499 0.043    1.5    2.2 -4.11 -0.011  40   1 11:22:07     44854.47293    0.0000  2022/11/21
 0.0000000   3.0000000    0.0000   3811.505 0.031    1.2   -1.1 -4.15 -0.012  40   1 11:34:33     44854.48155    0.0000  2022/11/21
 0.0000000   3.0000000    0.0000   3811.503 0.030    2.8   -0.2 -4.15 -0.013  40   1 11:35:22     44854.48212    0.0000  2022/11/21
 0.0000000   3.0000000    0.0000   3811.502 0.021    4.0    0.1 -4.15 -0.013  40   0 11:36:06     44854.48263    0.0000  2022/11/21
 0.0000000   3.0000000    0.0000   3811.501 0.037    5.2    0.3 -4.15 -0.013  40   0 11:36:50     44854.48314    0.0000  2022/11/21
 0.0000000   3.0000000    0.0000   3811.498 0.033    6.2    0.1 -4.16 -0.013  40   0 11:37:53     44854.48387    0.0000  2022/11/21
 0.0000000   3.0000000    0.0000   3811.501 0.027    6.6    0.2 -4.16 -0.013  40   2 11:38:42     44854.48443    0.0000  2022/11/21
 0.0000000   4.0000000    0.0000   3790.421 0.025   -2.0    0.2 -4.19 -0.016  40   0 11:49:34     44854.49197    0.0000  2022/11/21
 0.0000000   4.0000000    0.0000   3790.426 0.024   -1.4    1.1 -4.19 -0.016  40   0 11:50:23     44854.49253    0.0000  2022/11/21
 0.0000000   4.0000000    0.0000   3790.434 0.028    0.0    1.4 -4.19 -0.016  40   0 11:51:07     44854.49304    0.0000  2022/11/21
 0.0000000   4.0000000    0.0000   3790.438 0.023    0.7    1.5 -4.19 -0.016  40   0 11:51:51     44854.49355    0.0000  2022/11/21
 0.0000000   4.0000000    0.0000   3790.440 0.026    1.2    1.4 -4.19 -0.016  40   0 11:52:35     44854.49406    0.0000  2022/11/21
 0.0000000   4.0000000    0.0000   3790.443 0.023    1.6    1.4 -4.19 -0.016  40   0 11:53:19     44854.49457    0.0000  2022/11/21
 0.0000000   4.0000000    0.0000   3790.449 0.032    2.1    1.2 -4.20 -0.017  40   0 11:54:17     44854.49524    0.0000  2022/11/21
 0.0000000   4.0000000    0.0000   3790.446 0.021    2.0    1.1 -4.21 -0.017  40   0 11:55:06     44854.49580    0.0000  2022/11/21
 0.0000000   4.0000000    0.0000   3790.446 0.023    2.5    1.0 -4.22 -0.017  40   6 11:55:50     44854.49631    0.0000  2022/11/21
 0.0000000   4.0000000    0.0000   3790.457 0.045    3.1    1.0 -4.23 -0.017  40   0 11:56:34     44854.49682    0.0000  2022/11/21
 0.0000000   4.0000000    0.0000   3790.449 0.026    3.3    0.8 -4.24 -0.017  40   0 11:57:18     44854.49733    0.0000  2022/11/21
 0.0000000   5.0000000    0.0000   3772.383 0.030    2.5    0.3 -4.20 -0.021  40   0 12:08:45     44854.50527    0.0000  2022/11/21
 0.0000000   5.0000000    0.0000   3772.378 0.023    3.1    0.7 -4.19 -0.021  40   0 12:09:34     44854.50583    0.0000  2022/11/21
 0.0000000   5.0000000    0.0000   3772.374 0.021    3.7    0.8 -4.19 -0.021  40   0 12:10:18     44854.50634    0.0000  2022/11/21
 0.0000000   5.0000000    0.0000   3772.371 0.018    4.1    0.5 -4.18 -0.021  40   0 12:11:02     44854.50685    0.0000  2022/11/21
 0.0000000   5.0000000    0.0000   3772.370 0.017    4.3    0.3 -4.18 -0.022  40   0 12:11:46     44854.50736    0.0000  2022/11/21
 0.0000000   5.0000000    0.0000   3772.368 0.019    4.4    0.4 -4.18 -0.022  40   0 12:12:30     44854.50787    0.0000  2022/11/21
 0.0000000   5.0000000    0.0000   3772.366 0.023    4.9    0.1 -4.19 -0.022  40   0 12:13:14     44854.50838    0.0000  2022/11/21
 0.0000000   5.0000000    0.0000   3772.365 0.021    1.5   -0.4 -4.20 -0.022  40   0 12:14:21     44854.50915    0.0000  2022/11/21
 0.0000000   5.0000000    0.0000   3772.362 0.026    1.6   -0.2 -4.21 -0.022  40   0 12:15:10     44854.50972    0.0000  2022/11/21
 0.0000000   5.0000000    0.0000   3772.361 0.024    1.7   -0.4 -4.22 -0.023  40   0 12:15:54     44854.51022    0.0000  2022/11/21
 0.0000000   5.0000000    0.0000   3772.361 0.024    1.8   -0.2 -4.24 -0.023  40   0 12:16:38     44854.51073    0.0000  2022/11/21
 0.0000000   5.0000000    0.0000   3772.359 0.023    2.0   -0.2 -4.25 -0.023  40   1 12:17:22     44854.51124    0.0000  2022/11/21
 0.0000000   4.0000000    0.0000   3790.491 0.027    2.7    0.3 -4.19 -0.027  40   0 12:27:50     44854.51850    0.0000  2022/11/21
 0.0000000   4.0000000    0.0000   3790.491 0.035    3.9    1.9 -4.18 -0.027  40   0 12:28:39     44854.51906    0.0000  2022/11/21
 0.0000000   4.0000000    0.0000   3790.493 0.047    4.5    2.5 -4.17 -0.027  40   0 12:29:23     44854.51957    0.0000  2022/11/21
 0.0000000   4.0000000    0.0000   3790.491 0.037    5.0    2.7 -4.17 -0.027  40   0 12:30:07     44854.52008    0.0000  2022/11/21
 0.0000000   5.0000000    0.0000   3772.376 0.020    2.7    4.7 -4.05 -0.033  40   0 12:47:17     44854.53198    0.0000  2022/11/21
 0.0000000   5.0000000    0.0000   3772.377 0.019    3.0    5.1 -4.05 -0.034  40   0 12:48:06     44854.53255    0.0000  2022/11/21
 0.0000000   5.0000000    0.0000   3772.375 0.024    3.3    5.2 -4.05 -0.034  40   0 12:48:50     44854.53306    0.0000  2022/11/21
 0.0000000   5.0000000    0.0000   3772.375 0.027    3.7    5.0 -4.05 -0.034  40   0 12:49:34     44854.53357    0.0000  2022/11/21
 0.0000000   5.0000000    0.0000   3772.373 0.033    4.0    5.0 -4.06 -0.034  40   0 12:50:18     44854.53407    0.0000  2022/11/21
 0.0000000   6.0000000    0.0000   3752.314 0.055   -0.5    1.2 -4.05 -0.040  40   2 13:03:36     44854.54330    0.0000  2022/11/21
 0.0000000   6.0000000    0.0000   3752.313 0.035    1.4    2.3 -4.05 -0.040  40   1 13:04:25     44854.54386    0.0000  2022/11/21
 0.0000000   6.0000000    0.0000   3752.314 0.037    2.1    2.9 -4.06 -0.040  40   0 13:05:09     44854.54437    0.0000  2022/11/21
 0.0000000   6.0000000    0.0000   3752.311 0.043    2.7    2.9 -4.06 -0.040  40   1 13:05:53     44854.54488    0.0000  2022/11/21
 0.0000000   5.0000000    0.0000   3772.396 0.023    1.6    2.1 -4.00 -0.065  40   0 14:07:23     44854.58752    0.0000  2022/11/21
 0.0000000   5.0000000    0.0000   3772.395 0.023    2.1    3.1 -4.01 -0.065  40   0 14:08:12     44854.58809    0.0000  2022/11/21
 0.0000000   5.0000000    0.0000   3772.393 0.021    2.4    3.5 -4.01 -0.066  40   0 14:08:56     44854.58859    0.0000  2022/11/21
 0.0000000   5.0000000    0.0000   3772.390 0.018    3.1    3.6 -4.02 -0.066  40   0 14:09:40     44854.58910    0.0000  2022/11/21
 0.0000000   5.0000000    0.0000   3772.390 0.021    3.8    3.6 -4.02 -0.066  40   0 14:10:24     44854.58961    0.0000  2022/11/21
 0.0000000   5.0000000    0.0000   3772.387 0.022    4.1    3.4 -4.03 -0.066  40   0 14:11:08     44854.59012    0.0000  2022/11/21
 0.0000000   5.0000000    0.0000   3772.386 0.020    4.0    3.3 -4.05 -0.067  40   0 14:11:52     44854.59063    0.0000  2022/11/21
 0.0000000   6.0000000    0.0000   3752.293 0.035    5.2    2.5 -4.12 -0.071  40   0 14:24:20     44854.59927    0.0000  2022/11/21
 0.0000000   6.0000000    0.0000   3752.293 0.032    5.7    2.4 -4.12 -0.072  40   0 14:25:09     44854.59984    0.0000  2022/11/21
 0.0000000   6.0000000    0.0000   3752.294 0.030    6.0    2.3 -4.13 -0.072  40   1 14:25:53     44854.60035    0.0000  2022/11/21
 0.0000000   6.0000000    0.0000   3752.293 0.048    7.0    2.2 -4.13 -0.072  40   0 14:26:37     44854.60085    0.0000  2022/11/21
 0.0000000   5.0000000    0.0000   3772.343 0.029   -0.3    3.9 -4.23 -0.082  40   0 14:57:30     44854.62227    0.0000  2022/11/21
 0.0000000   5.0000000    0.0000   3772.344 0.027    0.3    4.8 -4.22 -0.082  40   0 14:58:19     44854.62283    0.0000  2022/11/21
 0.0000000   5.0000000    0.0000   3772.344 0.025    0.7    5.2 -4.21 -0.083  40   0 14:59:03     44854.62334    0.0000  2022/11/21
 0.0000000   5.0000000    0.0000   3772.342 0.037    0.8    5.2 -4.20 -0.083  40   1 14:59:47     44854.62385    0.0000  2022/11/21
 0.0000000   4.0000000    0.0000   3790.508 0.026    3.3    1.5 -4.14 -0.087  40   0 15:15:09     44854.63450    0.0000  2022/11/21
 0.0000000   4.0000000    0.0000   3790.505 0.028    4.8    2.1 -4.13 -0.087  40   1 15:15:58     44854.63507    0.0000  2022/11/21
 0.0000000   4.0000000    0.0000   3790.506 0.027    5.7    2.2 -4.13 -0.087  40   0 15:16:42     44854.63558    0.0000  2022/11/21
 0.0000000   4.0000000    0.0000   3790.504 0.027    6.1    1.8 -4.13 -0.087  40   0 15:17:26     44854.63609    0.0000  2022/11/21
 0.0000000   4.0000000    0.0000   3790.502 0.021    7.3    1.9 -4.13 -0.087  40   0 15:18:10     44854.63660    0.0000  2022/11/21
 0.0000000   5.0000000    0.0000   3772.387 0.025    2.5   -1.0 -4.17 -0.090  40   0 15:32:40     44854.64665    0.0000  2022/11/21
 0.0000000   5.0000000    0.0000   3772.386 0.033    3.5    0.0 -4.16 -0.090  40   0 15:33:29     44854.64722    0.0000  2022/11/21
 0.0000000   5.0000000    0.0000   3772.384 0.021    4.4    0.4 -4.16 -0.090  40   0 15:34:13     44854.64772    0.0000  2022/11/21
 0.0000000   5.0000000    0.0000   3772.383 0.021    5.0    0.4 -4.15 -0.090  40   1 15:34:57     44854.64823    0.0000  2022/11/21
 0.0000000   5.0000000    0.0000   3772.381 0.022    5.9    0.2 -4.15 -0.091  40   0 15:35:41     44854.64874    0.0000  2022/11/21
 0.0000000   5.0000000    0.0000   3772.377 0.025    6.3    0.2 -4.15 -0.091  40   0 15:36:25     44854.64925    0.0000  2022/11/21
 0.0000000   5.0000000    0.0000   3772.375 0.020    0.3   -0.3 -4.16 -0.091  40   0 15:37:22     44854.64991    0.0000  2022/11/21
 0.0000000   5.0000000    0.0000   3772.374 0.020    0.3   -0.4 -4.16 -0.091  40   0 15:38:11     44854.65047    0.0000  2022/11/21
 0.0000000   5.0000000    0.0000   3772.372 0.018    0.4   -0.6 -4.17 -0.091  40   0 15:38:55     44854.65098    0.0000  2022/11/21
 0.0000000   5.0000000    0.0000   3772.370 0.025    0.4   -0.6 -4.18 -0.091  40   0 15:39:39     44854.65149    0.0000  2022/11/21
 0.0000000   5.0000000    0.0000   3772.369 0.020    0.5   -0.6 -4.19 -0.091  40   0 15:40:23     44854.65200    0.0000  2022/11/21
 0.0000000   5.0000000    0.0000   3772.368 0.027    0.7   -0.4 -4.20 -0.091  40   3 15:41:07     44854.65251    0.0000  2022/11/21
 0.0000000   5.0000000    0.0000   3772.386 0.034    2.8    3.0 -4.22 -0.091  40  12 15:41:51     44854.65302    0.0000  2022/11/21
 0.0000000   4.0000000    0.0000   3790.493 0.036    3.8    1.5 -4.15 -0.092  40   1 15:53:13     44854.66090    0.0000  2022/11/21
 0.0000000   4.0000000    0.0000   3790.494 0.042    4.5    1.9 -4.14 -0.093  40   0 15:54:02     44854.66146    0.0000  2022/11/21
 0.0000000   4.0000000    0.0000   3790.494 0.037    5.0    1.9 -4.13 -0.093  40   0 15:54:46     44854.66197    0.0000  2022/11/21
 0.0000000   4.0000000    0.0000   3790.488 0.035    5.3    1.7 -4.13 -0.093  40   0 15:55:30     44854.66248    0.0000  2022/11/21
 0.0000000   4.0000000    0.0000   3790.495 0.049    5.6    1.6 -4.13 -0.093  40   0 15:56:14     44854.66299    0.0000  2022/11/21
 0.0000000   3.0000000    0.0000   3811.470 0.020    3.8    2.5 -4.20 -0.093  40   1 16:15:32     44854.67637    0.0000  2022/11/21
 0.0000000   3.0000000    0.0000   3811.470 0.018    5.2    3.4 -4.20 -0.093  40   2 16:16:21     44854.67694    0.0000  2022/11/21
 0.0000000   3.0000000    0.0000   3811.470 0.024    6.1    3.7 -4.19 -0.093  40   0 16:17:05     44854.67744    0.0000  2022/11/21
 0.0000000   3.0000000    0.0000   3811.468 0.018    6.7    3.7 -4.19 -0.093  40   1 16:17:49     44854.67795    0.0000  2022/11/21
 0.0000000   4.0000000    0.0000   3790.480 0.016    4.0    1.7 -4.12 -0.092  40   0 16:30:34     44854.68679    0.0000  2022/11/21
 0.0000000   4.0000000    0.0000   3790.471 0.021    4.7    2.1 -4.12 -0.092  40   7 16:31:23     44854.68736    0.0000  2022/11/21
 0.0000000   4.0000000    0.0000   3790.480 0.021    4.9    2.2 -4.12 -0.092  40   0 16:32:07     44854.68787    0.0000  2022/11/21
 0.0000000   4.0000000    0.0000   3790.479 0.022    5.9    2.1 -4.12 -0.092  40   0 16:32:51     44854.68838    0.0000  2022/11/21
 0.0000000   4.0000000    0.0000   3790.475 0.025    6.2    2.1 -4.12 -0.092  40   0 16:33:35     44854.68888    0.0000  2022/11/21
 0.0000000   4.0000000    0.0000   3790.476 0.028    6.2    1.8 -4.13 -0.092  40   0 16:34:19     44854.68939    0.0000  2022/11/21
 0.0000000   4.0000000    0.0000   3790.478 0.023    6.2    1.7 -4.14 -0.092  40   0 16:35:03     44854.68990    0.0000  2022/11/21
 0.0000000   3.0000000    0.0000   3811.469 0.026    0.5    1.4 -4.13 -0.090  40   2 16:49:23     44854.69984    0.0000  2022/11/21
 0.0000000   3.0000000    0.0000   3811.471 0.019    2.0    2.1 -4.13 -0.090  40   1 16:50:12     44854.70041    0.0000  2022/11/21
 0.0000000   3.0000000    0.0000   3811.471 0.019    2.8    2.4 -4.13 -0.089  40   1 16:50:56     44854.70091    0.0000  2022/11/21
 0.0000000   3.0000000    0.0000   3811.470 0.019    3.6    2.5 -4.13 -0.089  40   1 16:51:40     44854.70142    0.0000  2022/11/21
 0.0000000   2.0999999    0.0000   3823.214 0.019    5.1    4.0 -4.10 -0.088  40   2 16:58:34     44854.70621    0.0000  2022/11/21
 0.0000000   2.0999999    0.0000   3823.215 0.016    6.0    5.0 -4.11 -0.088  40   1 16:59:23     44854.70677    0.0000  2022/11/21
 0.0000000   2.0999999    0.0000   3823.216 0.010    6.5    5.3 -4.12 -0.087  40   0 17:00:07     44854.70728    0.0000  2022/11/21
 0.0000000   2.0999999    0.0000   3823.214 0.016    7.2    5.3 -4.13 -0.087  40   2 17:00:51     44854.70779    0.0000  2022/11/21
 0.0000000   3.0000000    0.0000   3811.468 0.020    3.5    2.5 -4.10 -0.085  40   0 17:09:20     44854.71367    0.0000  2022/11/21
 0.0000000   3.0000000    0.0000   3811.470 0.021    4.8    3.6 -4.10 -0.085  40   2 17:10:09     44854.71424    0.0000  2022/11/21
 0.0000000   3.0000000    0.0000   3811.471 0.027    5.6    4.1 -4.10 -0.085  40   0 17:10:53     44854.71475    0.0000  2022/11/21
 0.0000000   3.0000000    0.0000   3811.472 0.025    6.4    3.9 -4.10 -0.085  40   1 17:11:37     44854.71525    0.0000  2022/11/21
 0.0000000   3.0000000    0.0000   3811.469 0.039    6.7    3.8 -4.10 -0.084  40   0 17:12:21     44854.71576    0.0000  2022/11/21
 0.0000000   2.0999999    0.0000   3823.207 0.012    2.7    4.4 -4.16 -0.081  40   0 17:23:05     44854.72320    0.0000  2022/11/21
 0.0000000   2.0999999    0.0000   3823.208 0.014    3.5    5.0 -4.16 -0.080  40   2 17:23:54     44854.72377    0.0000  2022/11/21
 0.0000000   2.0999999    0.0000   3823.205 0.015    3.6    5.1 -4.16 -0.080  40   0 17:24:38     44854.72428    0.0000  2022/11/21
 0.0000000   2.0999999    0.0000   3823.210 0.014    3.6    5.0 -4.16 -0.080  40   0 17:25:22     44854.72479    0.0000  2022/11/21
 0.0000000   2.0999999    0.0000   3823.208 0.012    3.9    5.1 -4.16 -0.080  40   0 17:26:06     44854.72530    0.0000  2022/11/21
 0.0000000   2.0000000    0.0000   3835.107 0.011   -2.2   -0.8 -4.18 -0.076  40   6 17:37:00     44854.73285    0.0000  2022/11/21
 0.0000000   2.0000000    0.0000   3835.108 0.009   -1.3   -0.5 -4.17 -0.075  40   0 17:37:49     44854.73342    0.0000  2022/11/21
 0.0000000   2.0000000    0.0000   3835.108 0.008    0.0   -0.7 -4.16 -0.075  40   0 17:38:33     44854.73393    0.0000  2022/11/21
 0.0000000   2.0000000    0.0000   3835.094 0.022    0.6   -0.8 -4.16 -0.075  40  15 17:39:17     44854.73444    0.0000  2022/11/21
 0.0000000   2.0000000    0.0000   3835.108 0.009    1.1   -1.1 -4.16 -0.074  40   1 17:40:01     44854.73494    0.0000  2022/11/21
 0.0000000   2.0999999    0.0000   3823.212 0.013    1.8    1.1 -4.14 -0.070  40   0 17:50:14     44854.74203    0.0000  2022/11/21
 0.0000000   2.0999999    0.0000   3823.212 0.013    2.9    2.2 -4.14 -0.070  40   2 17:51:03     44854.74259    0.0000  2022/11/21
 0.0000000   2.0999999    0.0000   3823.214 0.012    3.6    2.4 -4.13 -0.069  40   1 17:51:47     44854.74310    0.0000  2022/11/21
 0.0000000   2.0999999    0.0000   3823.211 0.017    3.8    2.4 -4.13 -0.069  40   0 17:52:31     44854.74361    0.0000  2022/11/21
 0.0000000   2.0999999    0.0000   3823.212 0.017    4.0    2.2 -4.13 -0.069  40   0 17:53:15     44854.74412    0.0000  2022/11/21
 0.0000000   2.0000000    0.0000   3835.111 0.029    2.0    0.3 -4.11 -0.064  40  11 18:03:16     44854.75106    0.0000  2022/11/21
 0.0000000   2.0000000    0.0000   3835.111 0.016    2.6    0.5 -4.11 -0.063  40   2 18:04:05     44854.75163    0.0000  2022/11/21
 0.0000000   2.0000000    0.0000   3835.112 0.007    3.0    0.1 -4.10 -0.063  40   0 18:04:49     44854.75214    0.0000  2022/11/21
 0.0000000   2.0000000    0.0000   3835.110 0.006    3.4    0.0 -4.10 -0.063  40   0 18:05:33     44854.75265    0.0000  2022/11/21
 0.0000000   2.0000000    0.0000   3835.109 0.013    3.5    0.0 -4.10 -0.062  40  24 18:06:17     44854.75316    0.0000  2022/11/21
 0.0000000   2.0000000    0.0000   3835.112 0.024    4.0   -0.2 -4.11 -0.062  40   7 18:07:01     44854.75366    0.0000  2022/11/21
 0.0000000  10.0000000    0.0000   3833.603 0.019   -0.2    1.6 -4.17 -0.056  40   3 18:17:09     44854.76069    0.0000  2022/11/21
 0.0000000  10.0000000    0.0000   3833.600 0.012   -1.6    1.8 -4.16 -0.056  40   6 18:17:58     44854.76126    0.0000  2022/11/21
 0.0000000  10.0000000    0.0000   3833.598 0.012   -1.6    1.7 -4.15 -0.055  40   6 18:18:42     44854.76177    0.0000  2022/11/21
 0.0000000  10.0000000    0.0000   3833.601 0.007   -1.7    1.7 -4.15 -0.055  40   0 18:19:26     44854.76227    0.0000  2022/11/21
 -78939229243376441000000000000.000,0   ,-0.000  ,    -0.000,   0.000,-13825,25086,   0.000,   0.000,0.000   ,0.000   ,89088.008,1.035   