
/	CG-5 SURVEY
/	Survey name:   	pbz
/	Instrument S/N:	40824
/	Client:        	GEOKEN...
/	Operator:      	geoken
/	Date:          	2022/11/21
/	Time:          	08:06:25
/	LONG:        	77.1000000 E
/	LAT:         	43.7000000 N
/	ZONE:        	43      
/	GMT DIFF.:   	-6.0

/	CG-5 SETUP PARAMETERS
/	Gref:			0.000   
/	Gcal1:		8400.551
/	TiltxS:		611.134 
/	TiltyS:		656.320 
/	TiltxO:		-96.350 
/	TiltyO:		76.278  
/	Tempco:		-0.130  
/	Drift:		0.570   
/	DriftTime Start:	08:06:27
/	DriftDate Start:	2022/11/21

/	CG-5 OPTIONS
/	Tide Correction:    YES
/	Cont. Tilt:         YES
/	Auto Rejection:     YES
/	Terrain Corr.:       NO
/	Seismic Filter:     YES
/	Raw Data:            NO
Line	   0.000S
/------LINE-----STATION-----ALT.------GRAV.---SD.--TILTX--TILTY-TEMP---TIDE---DUR-REJ-----TIME----DEC.TIME+DATE--TERRAIN---DATE
 0.0000000  10.0000000    0.0000   5646.313 0.028    1.1   -2.4 -1.90 -0.096  40   1 07:57:38     44856.33116    0.0000  2022/11/23
 0.0000000  10.0000000    0.0000   5646.312 0.018    1.2   -2.3 -1.90 -0.096  40   0 07:58:27     44856.33173    0.0000  2022/11/23
 0.0000000  10.0000000    0.0000   5646.314 0.018    1.3   -2.4 -1.90 -0.096  40   0 07:59:11     44856.33223    0.0000  2022/11/23
 0.0000000  10.0000000    0.0000   5646.314 0.023    1.5   -2.4 -1.90 -0.096  40   0 07:59:55     44856.33274    0.0000  2022/11/23
 0.0000000  10.0000000    0.0000   5647.816 0.022    0.5   -1.5 -1.64 -0.092  40   7 08:21:52     44856.34796    0.0000  2022/11/23
 0.0000000  10.0000000    0.0000   5647.818 0.014    2.6   -1.2 -1.63 -0.092  40   0 08:22:41     44856.34853    0.0000  2022/11/23
 0.0000000  10.0000000    0.0000   5647.819 0.018    3.9   -1.6 -1.63 -0.092  40   1 08:23:25     44856.34904    0.0000  2022/11/23
 0.0000000  10.0000000    0.0000   5647.818 0.015    4.6   -2.3 -1.63 -0.092  40   0 08:24:09     44856.34954    0.0000  2022/11/23
 0.0000000   1.0000000    0.0000   5665.925 0.013    3.5    2.2 -1.86 -0.087  40   0 08:43:16     44856.36280    0.0000  2022/11/23
 0.0000000   1.0000000    0.0000   5665.925 0.012    5.6    3.3 -1.86 -0.087  40   0 08:44:05     44856.36336    0.0000  2022/11/23
 0.0000000   1.0000000    0.0000   5665.929 0.012    7.0    3.7 -1.87 -0.086  40   0 08:44:49     44856.36387    0.0000  2022/11/23
 0.0000000   1.0000000    0.0000   5665.929 0.014    8.5    3.8 -1.87 -0.086  40   0 08:45:33     44856.36438    0.0000  2022/11/23
 0.0000000   2.0000000    0.0000   5647.812 0.028    0.0   -9.5 -1.92 -0.081  40  10 09:04:04     44856.37722    0.0000  2022/11/23
 0.0000000   2.0000000    0.0000   5647.818 0.010   -0.3   -3.9 -1.93 -0.081  40   0 09:05:14     44856.37803    0.0000  2022/11/23
 0.0000000   2.0000000    0.0000   5647.819 0.009    0.5   -4.2 -1.92 -0.080  40   0 09:06:03     44856.37859    0.0000  2022/11/23
 0.0000000   2.0000000    0.0000   5647.821 0.013    1.1   -4.4 -1.92 -0.080  40   0 09:06:47     44856.37910    0.0000  2022/11/23
 0.0000000   2.0000000    0.0000   5647.820 0.012    1.3   -4.5 -1.91 -0.080  40   0 09:07:31     44856.37961    0.0000  2022/11/23
 0.0000000   2.0000000    0.0000   5647.821 0.009    1.5   -4.6 -1.91 -0.080  40   0 09:08:15     44856.38012    0.0000  2022/11/23
 0.0000000   1.0000000    0.0000   5665.922 0.009    1.8    1.4 -1.91 -0.074  40   0 09:25:41     44856.39221    0.0000  2022/11/23
 0.0000000   1.0000000    0.0000   5665.922 0.009    3.0    2.5 -1.91 -0.074  40   0 09:26:30     44856.39277    0.0000  2022/11/23
 0.0000000   1.0000000    0.0000   5665.925 0.013    3.8    2.9 -1.91 -0.074  40   0 09:27:14     44856.39328    0.0000  2022/11/23
 0.0000000   1.0000000    0.0000   5665.924 0.010    4.3    3.0 -1.91 -0.073  40   0 09:27:58     44856.39379    0.0000  2022/11/23
 0.0000000   2.0000000    0.0000   5647.823 0.024   -3.2    0.8 -1.89 -0.068  40   0 09:46:24     44856.40657    0.0000  2022/11/23
 0.0000000   2.0000000    0.0000   5647.822 0.028   -3.1    1.3 -1.88 -0.067  40   0 09:47:13     44856.40714    0.0000  2022/11/23
 0.0000000   2.0000000    0.0000   5647.825 0.038   -3.3    1.3 -1.88 -0.067  40   0 09:47:57     44856.40765    0.0000  2022/11/23
 0.0000000   2.0000000    0.0000   5647.823 0.035   -3.1    1.1 -1.87 -0.067  40   0 09:48:41     44856.40815    0.0000  2022/11/23
 0.0000000   2.0999999    0.0000   5635.919 0.053   -0.4   -3.9 -1.89 -0.063  40   0 10:00:42     44856.41649    0.0000  2022/11/23
 0.0000000   2.0999999    0.0000   5635.916 0.058    1.3   -3.7 -1.89 -0.063  40   0 10:01:31     44856.41705    0.0000  2022/11/23
 0.0000000   2.0999999    0.0000   5635.921 0.050    2.1   -3.9 -1.89 -0.063  40   0 10:02:15     44856.41756    0.0000  2022/11/23
 0.0000000   2.0999999    0.0000   5635.918 0.042    2.5   -4.2 -1.88 -0.062  40   0 10:02:59     44856.41807    0.0000  2022/11/23
 0.0000000   2.0000000    0.0000   5647.824 0.015   -1.4    0.6 -1.87 -0.059  40   1 10:13:33     44856.42539    0.0000  2022/11/23
 0.0000000   2.0000000    0.0000   5647.824 0.012   -0.5    1.9 -1.87 -0.059  40   0 10:14:22     44856.42596    0.0000  2022/11/23
 0.0000000   2.0000000    0.0000   5647.825 0.013    0.0    2.4 -1.87 -0.059  40   0 10:15:06     44856.42647    0.0000  2022/11/23
 0.0000000   2.0000000    0.0000   5647.826 0.015    0.2    2.4 -1.87 -0.058  40   0 10:15:50     44856.42698    0.0000  2022/11/23
 0.0000000   2.0000000    0.0000   5647.825 0.014    0.6    2.2 -1.87 -0.058  40   3 10:16:34     44856.42749    0.0000  2022/11/23
 0.0000000   2.0999999    0.0000   5635.919 0.030    2.4   -1.8 -1.87 -0.056  40   0 10:26:12     44856.43417    0.0000  2022/11/23
 0.0000000   2.0999999    0.0000   5635.919 0.028    3.5   -1.7 -1.87 -0.055  40   0 10:27:01     44856.43473    0.0000  2022/11/23
 0.0000000   2.0999999    0.0000   5635.919 0.021    3.9   -1.8 -1.87 -0.055  40   0 10:27:45     44856.43524    0.0000  2022/11/23
 0.0000000   2.0999999    0.0000   5635.922 0.021    4.3   -1.9 -1.87 -0.055  40   1 10:28:29     44856.43575    0.0000  2022/11/23
 0.0000000   3.0000000    0.0000   5624.179 0.025    0.0   -2.6 -1.86 -0.053  40   0 10:36:22     44856.44121    0.0000  2022/11/23
 0.0000000   3.0000000    0.0000   5624.179 0.022    1.5   -2.0 -1.86 -0.053  40   0 10:37:11     44856.44178    0.0000  2022/11/23
 0.0000000   3.0000000    0.0000   5624.176 0.042    2.4   -1.7 -1.86 -0.052  40   2 10:37:55     44856.44229    0.0000  2022/11/23
 0.0000000   3.0000000    0.0000   5624.181 0.029    2.7   -1.6 -1.86 -0.052  40   0 10:38:39     44856.44280    0.0000  2022/11/23
 0.0000000   2.0999999    0.0000   5635.921 0.016    1.0    1.5 -1.87 -0.050  40   0 10:48:55     44856.44992    0.0000  2022/11/23
 0.0000000   2.0999999    0.0000   5635.922 0.016    1.0    1.6 -1.87 -0.049  40   0 10:49:44     44856.45048    0.0000  2022/11/23
 0.0000000   2.0999999    0.0000   5635.923 0.015    0.7    1.6 -1.87 -0.049  40   0 10:50:28     44856.45099    0.0000  2022/11/23
 0.0000000   2.0999999    0.0000   5635.918 0.019    0.5    1.3 -1.87 -0.049  40   2 10:51:12     44856.45150    0.0000  2022/11/23
 0.0000000   2.0999999    0.0000   5635.922 0.023    0.9    1.7 -1.88 -0.049  40   0 10:51:56     44856.45201    0.0000  2022/11/23
 0.0000000   3.0000000    0.0000   5624.183 0.021   -0.9   -0.7 -1.88 -0.048  40   0 10:59:12     44856.45705    0.0000  2022/11/23
 0.0000000   3.0000000    0.0000   5624.181 0.040   -0.2   -0.6 -1.88 -0.047  40   1 11:00:01     44856.45761    0.0000  2022/11/23
 0.0000000   3.0000000    0.0000   5624.183 0.038    0.1   -0.5 -1.88 -0.047  40   9 11:00:45     44856.45812    0.0000  2022/11/23
 0.0000000   3.0000000    0.0000   5624.182 0.026    0.4   -0.6 -1.87 -0.047  40   0 11:01:29     44856.45863    0.0000  2022/11/23
 0.0000000   4.0000000    0.0000   5603.194 0.039   -3.4   -1.1 -1.91 -0.044  40   0 11:15:43     44856.46850    0.0000  2022/11/23
 0.0000000   4.0000000    0.0000   5603.198 0.038   -3.0   -1.4 -1.91 -0.044  40   1 11:16:32     44856.46906    0.0000  2022/11/23
 0.0000000   4.0000000    0.0000   5603.195 0.039   -3.1   -1.3 -1.91 -0.044  40   0 11:17:16     44856.46957    0.0000  2022/11/23
 0.0000000   4.0000000    0.0000   5603.197 0.041   -2.5   -1.1 -1.91 -0.044  40   0 11:18:00     44856.47008    0.0000  2022/11/23
 0.0000000   4.0000000    0.0000   5603.194 0.056   -2.2   -1.2 -1.91 -0.044  40   4 11:18:44     44856.47059    0.0000  2022/11/23
 0.0000000   3.0000000    0.0000   5624.184 0.034    1.2    2.2 -1.90 -0.043  40   0 11:27:42     44856.47681    0.0000  2022/11/23
 0.0000000   3.0000000    0.0000   5624.186 0.033    2.0    3.1 -1.90 -0.043  40   0 11:28:31     44856.47737    0.0000  2022/11/23
 0.0000000   3.0000000    0.0000   5624.188 0.029    2.7    3.5 -1.90 -0.043  40   1 11:29:15     44856.47788    0.0000  2022/11/23
 0.0000000   3.0000000    0.0000   5624.190 0.027    3.2    3.7 -1.90 -0.043  40   1 11:29:59     44856.47839    0.0000  2022/11/23
 0.0000000   3.0000000    0.0000   5624.187 0.029    3.7    3.7 -1.89 -0.042  40   0 11:30:43     44856.47890    0.0000  2022/11/23
 0.0000000   4.0000000    0.0000   5603.197 0.075   -0.2   -0.6 -1.92 -0.041  40   0 11:42:16     44856.48690    0.0000  2022/11/23
 0.0000000   4.0000000    0.0000   5603.197 0.057    0.4   -0.3 -1.92 -0.041  40   0 11:43:05     44856.48747    0.0000  2022/11/23
 0.0000000   4.0000000    0.0000   5603.197 0.049    1.1   -0.5 -1.92 -0.041  40   0 11:43:49     44856.48798    0.0000  2022/11/23
 0.0000000   4.0000000    0.0000   5603.198 0.034    1.6   -0.6 -1.92 -0.041  40   0 11:44:33     44856.48849    0.0000  2022/11/23
 0.0000000   4.0000000    0.0000   5603.201 0.032    1.9   -0.8 -1.92 -0.041  40   0 11:45:17     44856.48900    0.0000  2022/11/23
 0.0000000   4.0000000    0.0000   5603.190 0.047    2.6   -0.7 -1.92 -0.041  40   1 11:46:01     44856.48950    0.0000  2022/11/23
 0.0000000   4.0000000    0.0000   5603.197 0.037    2.3   -0.9 -1.92 -0.041  40   0 11:46:45     44856.49001    0.0000  2022/11/23
 0.0000000   5.0000000    0.0000   5585.060 0.043    1.7   -1.2 -1.75 -0.041  40   0 12:00:15     44856.49937    0.0000  2022/11/23
 0.0000000   5.0000000    0.0000   5585.062 0.031    2.5   -0.8 -1.74 -0.041  40   0 12:01:04     44856.49994    0.0000  2022/11/23
 0.0000000   5.0000000    0.0000   5585.063 0.036    3.1   -0.5 -1.74 -0.041  40   0 12:01:48     44856.50045    0.0000  2022/11/23
 0.0000000   5.0000000    0.0000   5585.063 0.034    3.4   -0.6 -1.73 -0.041  40   0 12:02:32     44856.50096    0.0000  2022/11/23
 0.0000000   5.0000000    0.0000   5585.061 0.034    3.5   -0.7 -1.74 -0.041  40   0 12:03:16     44856.50146    0.0000  2022/11/23
 0.0000000   3.0000000    0.0000   5603.194 0.055    0.2   -0.3 -1.82 -0.041  40   0 12:16:09     44856.51040    0.0000  2022/11/23
 0.0000000   3.0000000    0.0000   5603.194 0.075    1.2    0.5 -1.82 -0.041  40   0 12:16:58     44856.51096    0.0000  2022/11/23
 0.0000000   3.0000000    0.0000   5603.193 0.051    2.0    0.6 -1.82 -0.041  40   0 12:17:42     44856.51147    0.0000  2022/11/23
 0.0000000   3.0000000    0.0000   5603.194 0.053    2.4    0.5 -1.82 -0.041  40   0 12:18:26     44856.51198    0.0000  2022/11/23
 0.0000000   5.0000000    0.0000   5585.056 0.055   -2.7   -1.6 -1.78 -0.042  40   0 12:33:00     44856.52208    0.0000  2022/11/23
 0.0000000   5.0000000    0.0000   5585.061 0.074   -2.5   -1.0 -1.77 -0.042  40   0 12:33:49     44856.52265    0.0000  2022/11/23
 0.0000000   5.0000000    0.0000   5585.059 0.074   -2.1   -0.8 -1.76 -0.042  40   0 12:34:33     44856.52315    0.0000  2022/11/23
 0.0000000   5.0000000    0.0000   5585.059 0.057   -2.0   -0.9 -1.76 -0.042  40   0 12:35:17     44856.52366    0.0000  2022/11/23
 0.0000000   5.0000000    0.0000   5585.060 0.057   -1.9   -0.7 -1.76 -0.042  40   0 12:36:01     44856.52417    0.0000  2022/11/23
 0.0000000   6.0000000    0.0000   5565.001 0.062    2.4   -0.2 -1.77 -0.053  40   0 13:33:39     44856.56413    0.0000  2022/11/23
 0.0000000   6.0000000    0.0000   5565.005 0.047    4.1    1.0 -1.77 -0.053  40   0 13:34:28     44856.56470    0.0000  2022/11/23
 0.0000000   6.0000000    0.0000   5565.007 0.055    5.6    1.8 -1.77 -0.053  40   0 13:35:12     44856.56521    0.0000  2022/11/23
 0.0000000   6.0000000    0.0000   5565.011 0.040    6.3    2.1 -1.77 -0.053  40   0 13:35:56     44856.56571    0.0000  2022/11/23
 0.0000000   6.0000000    0.0000   5565.009 0.047    6.8    2.3 -1.77 -0.054  40   0 13:36:40     44856.56622    0.0000  2022/11/23
 0.0000000   6.0000000    0.0000   5565.010 0.038    6.7    2.4 -1.77 -0.054  40   0 13:37:24     44856.56673    0.0000  2022/11/23
 0.0000000   6.0000000    0.0000   5565.010 0.042    7.0    2.6 -1.77 -0.054  40   0 13:38:08     44856.56724    0.0000  2022/11/23
 0.0000000   6.0000000    0.0000   5565.008 0.042    6.8    2.6 -1.78 -0.054  40   0 13:38:52     44856.56775    0.0000  2022/11/23
 0.0000000   5.0000000    0.0000   5585.055 0.044    3.2   -1.2 -1.86 -0.057  40   0 13:50:25     44856.57576    0.0000  2022/11/23
 0.0000000   5.0000000    0.0000   5585.054 0.047    4.3   -0.8 -1.86 -0.058  40   0 13:51:14     44856.57632    0.0000  2022/11/23
 0.0000000   5.0000000    0.0000   5585.054 0.040    5.2   -0.3 -1.85 -0.058  40   1 13:51:58     44856.57683    0.0000  2022/11/23
 0.0000000   5.0000000    0.0000   5585.055 0.045    5.6   -0.3 -1.85 -0.058  40   0 13:52:42     44856.57734    0.0000  2022/11/23
 0.0000000   6.0000000    0.0000   5565.033 0.067    1.7    1.4 -1.89 -0.063  40   1 14:08:38     44856.58839    0.0000  2022/11/23
 0.0000000   6.0000000    0.0000   5565.025 0.051    3.2    2.5 -1.89 -0.063  40   0 14:09:27     44856.58895    0.0000  2022/11/23
 0.0000000   6.0000000    0.0000   5565.015 0.055    3.9    3.2 -1.88 -0.063  40   0 14:10:11     44856.58946    0.0000  2022/11/23
 0.0000000   6.0000000    0.0000   5565.015 0.068    4.4    3.4 -1.88 -0.064  40   0 14:10:55     44856.58997    0.0000  2022/11/23
 0.0000000   6.0000000    0.0000   5565.018 0.064    5.2    3.3 -1.87 -0.064  40   0 14:11:39     44856.59048    0.0000  2022/11/23
 0.0000000   6.0000000    0.0000   5565.015 0.052    5.8    3.4 -1.87 -0.064  40   0 14:12:23     44856.59099    0.0000  2022/11/23
 0.0000000   5.0000000    0.0000   5585.054 0.028    2.9   -2.6 -1.88 -0.068  40   0 14:23:49     44856.59891    0.0000  2022/11/23
 0.0000000   5.0000000    0.0000   5585.056 0.034    3.5   -1.8 -1.88 -0.068  40   0 14:24:38     44856.59948    0.0000  2022/11/23
 0.0000000   5.0000000    0.0000   5585.057 0.029    4.1   -1.4 -1.88 -0.068  40   0 14:25:22     44856.59999    0.0000  2022/11/23
 0.0000000   5.0000000    0.0000   5585.058 0.030    4.6   -1.1 -1.88 -0.069  40   0 14:26:06     44856.60050    0.0000  2022/11/23
 0.0000000   5.0000000    0.0000   5585.058 0.041    4.9   -1.1 -1.88 -0.069  40   0 14:26:50     44856.60100    0.0000  2022/11/23
 0.0000000   5.0000000    0.0000   5585.060 0.036    5.2   -1.0 -1.88 -0.069  40   0 14:27:34     44856.60151    0.0000  2022/11/23
 0.0000000   4.0000000    0.0000   5603.188 0.050    3.7   -4.1 -1.90 -0.074  40   1 14:44:10     44856.61302    0.0000  2022/11/23
 0.0000000   4.0000000    0.0000   5603.191 0.071    5.2   -4.1 -1.89 -0.075  40   0 14:44:59     44856.61359    0.0000  2022/11/23
 0.0000000   4.0000000    0.0000   5603.189 0.075    5.7   -4.7 -1.89 -0.075  40   1 14:45:43     44856.61410    0.0000  2022/11/23
 0.0000000   4.0000000    0.0000   5603.195 0.146    6.4   -4.2 -1.89 -0.075  40   6 14:46:27     44856.61461    0.0000  2022/11/23
 0.0000000   4.0000000    0.0000   5603.195 0.060    6.9   -4.2 -1.88 -0.075  40   8 14:47:11     44856.61511    0.0000  2022/11/23
 0.0000000   4.0000000    0.0000   5603.195 0.105    7.1   -4.0 -1.88 -0.076  40   0 14:47:55     44856.61562    0.0000  2022/11/23
 0.0000000   4.0000000    0.0000   5603.194 0.044    7.1   -4.2 -1.88 -0.076  40   0 14:48:39     44856.61613    0.0000  2022/11/23
 0.0000000   5.0000000    0.0000   5585.056 0.039   -1.3    0.8 -1.88 -0.080  40   0 15:02:22     44856.62564    0.0000  2022/11/23
 0.0000000   5.0000000    0.0000   5585.059 0.039   -0.3    1.8 -1.88 -0.081  40   0 15:03:11     44856.62621    0.0000  2022/11/23
 0.0000000   5.0000000    0.0000   5585.059 0.034    0.3    2.3 -1.88 -0.081  40   0 15:03:55     44856.62672    0.0000  2022/11/23
 0.0000000   5.0000000    0.0000   5585.058 0.043    1.0    2.7 -1.88 -0.081  40   0 15:04:39     44856.62722    0.0000  2022/11/23
 0.0000000   4.0000000    0.0000   5603.186 0.059   -1.1   -2.6 -1.87 -0.086  40   1 15:20:57     44856.63853    0.0000  2022/11/23
 0.0000000   4.0000000    0.0000   5603.192 0.039   -0.5   -2.2 -1.87 -0.086  40   1 15:21:46     44856.63909    0.0000  2022/11/23
 0.0000000   4.0000000    0.0000   5603.192 0.041    0.0   -2.1 -1.87 -0.086  40   1 15:22:30     44856.63960    0.0000  2022/11/23
 0.0000000   4.0000000    0.0000   5603.194 0.055    0.5   -2.1 -1.87 -0.087  40   0 15:23:14     44856.64011    0.0000  2022/11/23
 0.0000000   4.0000000    0.0000   5603.193 0.046    1.4   -2.1 -1.87 -0.087  40   0 15:23:58     44856.64062    0.0000  2022/11/23
 0.0000000   3.0000000    0.0000   5624.175 0.036   -1.4   -2.0 -1.95 -0.093  40   0 15:46:12     44856.65603    0.0000  2022/11/23
 0.0000000   3.0000000    0.0000   5624.174 0.022    0.2   -1.7 -1.96 -0.093  40   0 15:47:01     44856.65660    0.0000  2022/11/23
 0.0000000   3.0000000    0.0000   5624.178 0.036    1.4   -1.7 -1.96 -0.093  40   0 15:47:45     44856.65711    0.0000  2022/11/23
 0.0000000   3.0000000    0.0000   5624.178 0.022    1.8   -1.7 -1.96 -0.093  40   0 15:48:29     44856.65762    0.0000  2022/11/23
 0.0000000   4.0000000    0.0000   5603.189 0.033    1.4   -1.0 -1.94 -0.096  40   0 15:58:56     44856.66486    0.0000  2022/11/23
 0.0000000   4.0000000    0.0000   5603.190 0.037    2.5   -0.3 -1.95 -0.096  40   0 15:59:45     44856.66543    0.0000  2022/11/23
 0.0000000   4.0000000    0.0000   5603.188 0.050    3.0   -0.3 -1.95 -0.096  40   0 16:00:29     44856.66594    0.0000  2022/11/23
 0.0000000   4.0000000    0.0000   5603.195 0.049    3.1    0.0 -1.95 -0.096  40   4 16:01:13     44856.66644    0.0000  2022/11/23
 0.0000000   4.0000000    0.0000   5603.192 0.036    3.3    0.0 -1.95 -0.096  40   0 16:01:57     44856.66695    0.0000  2022/11/23
 0.0000000   3.0000000    0.0000   5624.173 0.028    1.7    0.0 -1.96 -0.099  40   0 16:15:48     44856.67655    0.0000  2022/11/23
 0.0000000   3.0000000    0.0000   5624.175 0.028    3.0    0.6 -1.95 -0.099  40   1 16:16:37     44856.67712    0.0000  2022/11/23
 0.0000000   3.0000000    0.0000   5624.176 0.029    3.8    0.8 -1.95 -0.099  40   0 16:17:21     44856.67763    0.0000  2022/11/23
 0.0000000   3.0000000    0.0000   5624.176 0.024    4.3    0.8 -1.94 -0.099  40   0 16:18:05     44856.67814    0.0000  2022/11/23
 0.0000000   3.0000000    0.0000   5624.178 0.025    4.6    0.8 -1.94 -0.099  40   0 16:18:49     44856.67865    0.0000  2022/11/23
 0.0000000   2.0999999    0.0000   5635.910 0.034   -3.8    1.1 -1.94 -0.100  40   2 16:29:25     44856.68600    0.0000  2022/11/23
 0.0000000   2.0999999    0.0000   5635.911 0.018   -3.4    2.1 -1.94 -0.100  40   1 16:30:14     44856.68656    0.0000  2022/11/23
 0.0000000   2.0999999    0.0000   5635.912 0.020   -3.2    2.7 -1.94 -0.100  40   0 16:30:58     44856.68707    0.0000  2022/11/23
 0.0000000   2.0999999    0.0000   5635.914 0.014   -3.0    3.0 -1.94 -0.101  40   0 16:31:42     44856.68758    0.0000  2022/11/23
 0.0000000   2.0999999    0.0000   5635.915 0.015   -2.9    3.0 -1.94 -0.101  40   0 16:32:26     44856.68809    0.0000  2022/11/23
 0.0000000   2.0999999    0.0000   5635.915 0.021   -3.0    3.0 -1.94 -0.101  40   0 16:33:10     44856.68860    0.0000  2022/11/23
 0.0000000   2.0999999    0.0000   5635.917 0.019   -3.1    3.1 -1.93 -0.101  40   0 16:33:54     44856.68910    0.0000  2022/11/23
 0.0000000   3.0000000    0.0000   5624.173 0.033    2.6   -4.1 -1.90 -0.101  40   0 16:43:25     44856.69570    0.0000  2022/11/23
 0.0000000   3.0000000    0.0000   5624.180 0.046    3.4   -4.0 -1.89 -0.101  40   4 16:44:14     44856.69627    0.0000  2022/11/23
 0.0000000   3.0000000    0.0000   5624.178 0.037    4.1   -4.0 -1.87 -0.101  40   0 16:44:58     44856.69678    0.0000  2022/11/23
 0.0000000   3.0000000    0.0000   5624.177 0.032    4.5   -4.1 -1.86 -0.101  40   0 16:45:42     44856.69729    0.0000  2022/11/23
 0.0000000   3.0000000    0.0000   5624.177 0.046    4.9   -4.2 -1.85 -0.101  40   0 16:46:26     44856.69779    0.0000  2022/11/23
 0.0000000   3.0000000    0.0000   5624.179 0.034    4.7   -4.4 -1.84 -0.101  40   0 16:47:10     44856.69830    0.0000  2022/11/23
 0.0000000   2.0999999    0.0000   5635.910 0.040   -1.5   -1.8 -1.83 -0.101  40   0 16:56:47     44856.70497    0.0000  2022/11/23
 0.0000000   2.0999999    0.0000   5635.914 0.017   -1.6   -1.0 -1.83 -0.101  40   1 16:57:36     44856.70554    0.0000  2022/11/23
 0.0000000   2.0999999    0.0000   5635.913 0.016   -1.4   -0.5 -1.83 -0.101  40   1 16:58:20     44856.70604    0.0000  2022/11/23
 0.0000000   2.0999999    0.0000   5635.913 0.019   -1.2   -0.6 -1.82 -0.101  40   0 16:59:04     44856.70655    0.0000  2022/11/23
 0.0000000   2.0999999    0.0000   5635.913 0.025   -1.0   -0.6 -1.82 -0.101  40   1 16:59:48     44856.70706    0.0000  2022/11/23
 0.0000000   2.0999999    0.0000   5635.914 0.022   -0.9   -0.9 -1.82 -0.101  40   0 17:00:32     44856.70757    0.0000  2022/11/23
 0.0000000   2.0000000    0.0000   5647.814 0.021   -0.8    2.0 -1.82 -0.100  40   0 17:17:02     44856.71901    0.0000  2022/11/23
 0.0000000   2.0000000    0.0000   5647.816 0.021    0.0    2.9 -1.81 -0.100  40   0 17:17:51     44856.71958    0.0000  2022/11/23
 0.0000000   2.0000000    0.0000   5647.816 0.014    0.8    3.0 -1.81 -0.100  40   3 17:18:35     44856.72008    0.0000  2022/11/23
 0.0000000   2.0000000    0.0000   5647.816 0.014    1.6    3.0 -1.81 -0.100  40   0 17:19:19     44856.72059    0.0000  2022/11/23
 0.0000000   2.0000000    0.0000   5647.817 0.017    2.0    2.6 -1.81 -0.099  40   1 17:20:03     44856.72110    0.0000  2022/11/23
 0.0000000   2.0999999    0.0000   5635.912 0.033    0.1   -2.7 -1.82 -0.098  40   0 17:30:58     44856.72867    0.0000  2022/11/23
 0.0000000   2.0999999    0.0000   5635.910 0.041    1.4   -2.9 -1.82 -0.097  40   5 17:31:47     44856.72924    0.0000  2022/11/23
 0.0000000   2.0999999    0.0000   5635.913 0.020    1.6   -3.3 -1.82 -0.097  40   0 17:32:31     44856.72974    0.0000  2022/11/23
 0.0000000   2.0999999    0.0000   5635.912 0.024    2.0   -3.4 -1.81 -0.097  40   0 17:33:15     44856.73025    0.0000  2022/11/23
 0.0000000   2.0000000    0.0000   5647.791 0.050   -0.5    0.5 -1.84 -0.094  40   2 17:47:14     44856.73995    0.0000  2022/11/23
 0.0000000   2.0000000    0.0000   5647.816 0.015    0.0    2.0 -1.83 -0.094  40   0 17:48:03     44856.74051    0.0000  2022/11/23
 0.0000000   2.0000000    0.0000   5647.818 0.012    0.3    2.6 -1.83 -0.093  40   0 17:48:47     44856.74102    0.0000  2022/11/23
 0.0000000   2.0000000    0.0000   5647.817 0.010    0.9    3.0 -1.83 -0.093  40   0 17:49:31     44856.74153    0.0000  2022/11/23
 0.0000000   2.0000000    0.0000   5647.816 0.012    1.6    3.0 -1.82 -0.093  40   6 17:50:15     44856.74204    0.0000  2022/11/23
 0.0000000   2.0000000    0.0000   5647.819 0.010    1.5    2.9 -1.82 -0.093  40   4 17:50:59     44856.74255    0.0000  2022/11/23
 0.0000000  10.0000000    0.0000   5646.294 0.023    1.3    0.3 -1.80 -0.090  40   2 18:00:55     44856.74944    0.0000  2022/11/23
 0.0000000  10.0000000    0.0000   5646.297 0.028    1.7    0.8 -1.79 -0.089  40   3 18:01:44     44856.75000    0.0000  2022/11/23
 0.0000000  10.0000000    0.0000   5646.296 0.037    1.7    0.8 -1.78 -0.089  40   3 18:02:28     44856.75051    0.0000  2022/11/23
 0.0000000  10.0000000    0.0000   5646.296 0.018    1.7    0.6 -1.78 -0.089  40   2 18:03:12     44856.75102    0.0000  2022/11/23
 0.0000000  10.0000000    0.0000   5646.296 0.022    1.5    0.4 -1.77 -0.089  40   1 18:03:56     44856.75153    0.0000  2022/11/23
 0.0000000  10.0000000    0.0000   5646.297 0.026    1.4    0.1 -1.77 -0.088  40   0 18:04:40     44856.75204    0.0000  2022/11/23
 0.000   ,0   ,0.000   ,    -2.170,   0.000,-22273,20479,   0.000,   0.000,0.000   ,0.000   ,-0.000  ,1.767   