
/	CG-5 SURVEY
/	Survey name:   	pbz
/	Instrument S/N:	40824
/	Client:        	GEOKEN...
/	Operator:      	geoken
/	Date:          	2022/11/18
/	Time:          	08:04:24
/	LONG:        	77.1000000 E
/	LAT:         	43.7000000 N
/	ZONE:        	43      
/	GMT DIFF.:   	-6.0

/	CG-5 SETUP PARAMETERS
/	Gref:			0.000   
/	Gcal1:		8400.551
/	TiltxS:		611.134 
/	TiltyS:		656.320 
/	TiltxO:		-96.350 
/	TiltyO:		76.278  
/	Tempco:		-0.130  
/	Drift:		0.570   
/	DriftTime Start:	08:04:27
/	DriftDate Start:	2022/11/18

/	CG-5 OPTIONS
/	Tide Correction:    YES
/	Cont. Tilt:         YES
/	Auto Rejection:     YES
/	Terrain Corr.:       NO
/	Seismic Filter:     YES
/	Raw Data:            NO
Line	   0.000S
/------LINE-----STATION-----ALT.------GRAV.---SD.--TILTX--TILTY-TEMP---TIDE---DUR-REJ-----TIME----DEC.TIME+DATE--TERRAIN---DATE
 0.0000000  10.0000000    0.0000   5644.680 0.014   -1.4   -3.7 -1.90 0.035  40   2 08:07:18     44851.33786    0.0000  2022/11/18
 0.0000000  10.0000000    0.0000   5644.680 0.015   -1.5   -3.5 -1.90 0.035  40   4 08:08:07     44851.33843    0.0000  2022/11/18
 0.0000000  10.0000000    0.0000   5644.679 0.008   -1.5   -3.3 -1.90 0.035  40   0 08:08:51     44851.33894    0.0000  2022/11/18
 0.0000000  10.0000000    0.0000   5644.681 0.014   -1.5   -3.2 -1.90 0.035  40   0 08:09:35     44851.33944    0.0000  2022/11/18
 0.0000000   2.0000000    0.0000   5646.185 0.017    2.2    0.5 -1.73 0.035  40   6 08:26:13     44851.35098    0.0000  2022/11/18
 0.0000000   2.0000000    0.0000   5646.186 0.013    3.2    0.7 -1.73 0.034  40   0 08:27:02     44851.35154    0.0000  2022/11/18
 0.0000000   2.0000000    0.0000   5646.187 0.022    4.1    0.6 -1.73 0.034  40   3 08:27:46     44851.35205    0.0000  2022/11/18
 0.0000000   2.0000000    0.0000   5646.186 0.017    5.1    0.6 -1.73 0.034  40   0 08:28:30     44851.35256    0.0000  2022/11/18
 0.0000000   1.0000000    0.0000   5664.284 0.020   10.5    5.1 -1.92 0.033  40   0 08:44:30     44851.36365    0.0000  2022/11/18
 0.0000000   1.0000000    0.0000   5664.285 0.021   12.5    5.9 -1.93 0.033  40   1 08:45:19     44851.36422    0.0000  2022/11/18
 0.0000000   1.0000000    0.0000   5664.282 0.020   -3.5   -2.9 -1.94 0.033  40   2 08:46:35     44851.36510    0.0000  2022/11/18
 0.0000000   1.0000000    0.0000   5664.283 0.016   -2.9   -3.2 -1.94 0.033  40   0 08:47:24     44851.36566    0.0000  2022/11/18
 0.0000000   1.0000000    0.0000   5664.282 0.018   -3.2   -3.5 -1.94 0.033  40   0 08:48:08     44851.36617    0.0000  2022/11/18
 0.0000000   2.0000000    0.0000   5646.186 0.011    0.0    2.5 -1.97 0.031  40   0 09:03:24     44851.37676    0.0000  2022/11/18
 0.0000000   2.0000000    0.0000   5646.187 0.016    0.4    3.1 -1.97 0.031  40   0 09:04:13     44851.37732    0.0000  2022/11/18
 0.0000000   2.0000000    0.0000   5646.187 0.017    1.0    3.2 -1.97 0.031  40   1 09:04:57     44851.37783    0.0000  2022/11/18
 0.0000000   2.0000000    0.0000   5646.188 0.013    1.2    3.1 -1.96 0.031  40   0 09:05:41     44851.37834    0.0000  2022/11/18
 0.0000000   2.0000000    0.0000   5646.187 0.013    1.3    2.9 -1.96 0.031  40   4 09:06:25     44851.37885    0.0000  2022/11/18
 0.0000000   1.0000000    0.0000   5664.279 0.017    2.4   -1.3 -1.95 0.029  40   2 09:19:10     44851.38769    0.0000  2022/11/18
 0.0000000   1.0000000    0.0000   5664.281 0.019    4.3   -0.8 -1.95 0.028  40   0 09:19:59     44851.38826    0.0000  2022/11/18
 0.0000000   1.0000000    0.0000   5664.283 0.019    5.1   -1.1 -1.96 0.028  40   0 09:20:43     44851.38876    0.0000  2022/11/18
 0.0000000   1.0000000    0.0000   5664.284 0.023    6.4   -0.8 -1.96 0.028  40   0 09:21:27     44851.38927    0.0000  2022/11/18
 0.0000000   1.0000000    0.0000   5664.285 0.033    7.1   -1.0 -1.95 0.028  40   1 09:22:11     44851.38978    0.0000  2022/11/18
 0.0000000   1.0000000    0.0000   5664.285 0.023    6.9   -1.2 -1.95 0.028  40   0 09:22:55     44851.39029    0.0000  2022/11/18
 0.0000000   1.0000000    0.0000   5664.285 0.028    7.4   -1.4 -1.94 0.028  40   0 09:23:39     44851.39080    0.0000  2022/11/18
 0.0000000   1.0000000    0.0000   5664.287 0.023    7.1   -1.5 -1.94 0.028  40   0 09:24:23     44851.39131    0.0000  2022/11/18
 0.0000000   2.0000000    0.0000   5646.186 0.029    0.0    0.4 -1.88 0.024  40   0 09:41:26     44851.40313    0.0000  2022/11/18
 0.0000000   2.0000000    0.0000   5646.186 0.022    1.1    0.4 -1.88 0.024  40   0 09:42:15     44851.40369    0.0000  2022/11/18
 0.0000000   2.0000000    0.0000   5646.187 0.020    1.7    0.0 -1.88 0.023  40   0 09:42:59     44851.40420    0.0000  2022/11/18
 0.0000000   2.0000000    0.0000   5646.189 0.020    2.1    0.0 -1.87 0.023  40   0 09:43:43     44851.40471    0.0000  2022/11/18
 0.0000000   2.0000000    0.0000   5646.188 0.018    2.2   -0.1 -1.87 0.023  40   0 09:44:27     44851.40522    0.0000  2022/11/18
 0.0000000   2.0999999    0.0000   5634.276 0.022   -0.3   -4.8 -1.87 0.021  40   0 09:54:28     44851.41216    0.0000  2022/11/18
 0.0000000   2.0999999    0.0000   5634.276 0.017    1.1   -5.2 -1.87 0.020  40   1 09:55:17     44851.41273    0.0000  2022/11/18
 0.0000000   2.0999999    0.0000   5634.278 0.015    2.0   -5.6 -1.87 0.020  40   7 09:56:01     44851.41324    0.0000  2022/11/18
 0.0000000   2.0999999    0.0000   5634.278 0.021    2.5   -6.0 -1.87 0.020  40   1 09:56:45     44851.41375    0.0000  2022/11/18
 0.0000000   2.0999999    0.0000   5634.281 0.017    2.7   -6.1 -1.86 0.020  40   0 09:57:29     44851.41426    0.0000  2022/11/18
 0.0000000   2.0000000    0.0000   5646.186 0.011    2.2   -0.1 -1.87 0.017  40   1 10:08:17     44851.42174    0.0000  2022/11/18
 0.0000000   2.0000000    0.0000   5646.188 0.012    2.6    0.7 -1.86 0.016  40   0 10:09:06     44851.42231    0.0000  2022/11/18
 0.0000000   2.0000000    0.0000   5646.188 0.011    3.0    0.9 -1.86 0.016  40   0 10:09:50     44851.42282    0.0000  2022/11/18
 0.0000000   2.0000000    0.0000   5646.188 0.011    3.4    0.8 -1.86 0.016  40   0 10:10:34     44851.42333    0.0000  2022/11/18
 0.0000000   2.0999999    0.0000   5634.282 0.033    0.2   -3.6 -1.72 0.010  40   1 10:27:55     44851.43536    0.0000  2022/11/18
 0.0000000   2.0999999    0.0000   5634.284 0.045    1.7   -4.1 -1.71 0.010  40   0 10:28:44     44851.43592    0.0000  2022/11/18
 0.0000000   2.0999999    0.0000   5634.264 0.074    2.7   -4.3 -1.70 0.010  40  12 10:29:28     44851.43643    0.0000  2022/11/18
 0.0000000   2.0999999    0.0000   5634.284 0.060   -0.1   -0.4 -1.69 0.009  40   0 10:31:23     44851.43776    0.0000  2022/11/18
 0.0000000   2.0999999    0.0000   5634.286 0.051   -0.1   -0.8 -1.69 0.009  40   0 10:32:12     44851.43833    0.0000  2022/11/18
 0.0000000   2.0999999    0.0000   5634.286 0.029    0.1   -0.8 -1.69 0.008  40   0 10:32:56     44851.43883    0.0000  2022/11/18
 0.0000000   2.0999999    0.0000   5634.286 0.038    0.4   -0.7 -1.70 0.008  40   0 10:33:40     44851.43934    0.0000  2022/11/18
 0.0000000   3.0000000    0.0000   5622.545 0.037    7.5   -2.7 -1.78 0.005  40   0 10:41:40     44851.44489    0.0000  2022/11/18
 0.0000000   3.0000000    0.0000   5622.548 0.040    2.2   -1.2 -1.78 0.005  40   0 10:42:55     44851.44576    0.0000  2022/11/18
 0.0000000   3.0000000    0.0000   5622.542 0.044    2.4   -1.5 -1.77 0.004  40   1 10:43:44     44851.44632    0.0000  2022/11/18
 0.0000000   3.0000000    0.0000   5622.549 0.044    2.9   -1.5 -1.77 0.004  40   0 10:44:28     44851.44683    0.0000  2022/11/18
 0.0000000   3.0000000    0.0000   5622.545 0.035    3.2   -1.7 -1.78 0.004  40   2 10:45:12     44851.44734    0.0000  2022/11/18
 0.0000000   2.0999999    0.0000   5634.280 0.014    1.1    0.8 -1.80 0.001  40   0 10:52:09     44851.45216    0.0000  2022/11/18
 0.0000000   2.0999999    0.0000   5634.281 0.013    1.3    1.7 -1.80 0.001  40   0 10:52:58     44851.45272    0.0000  2022/11/18
 0.0000000   2.0999999    0.0000   5634.282 0.014    1.5    2.1 -1.80 0.001  40   0 10:53:42     44851.45323    0.0000  2022/11/18
 0.0000000   2.0999999    0.0000   5634.282 0.016    1.6    2.2 -1.80 0.001  40   0 10:54:26     44851.45374    0.0000  2022/11/18
 0.0000000   2.0999999    0.0000   5634.281 0.022    1.7    2.2 -1.81 0.000  40   0 10:55:10     44851.45425    0.0000  2022/11/18
 0.0000000   3.0000000    0.0000   5622.538 0.048    1.2   -3.3 -1.79 -0.003  40   6 11:06:01     44851.46177    0.0000  2022/11/18
 0.0000000   3.0000000    0.0000   5622.547 0.033    2.8   -3.7 -1.78 -0.003  40   0 11:06:50     44851.46234    0.0000  2022/11/18
 0.0000000   3.0000000    0.0000   5622.549 0.024    3.9   -3.4 -1.78 -0.003  40   0 11:07:34     44851.46285    0.0000  2022/11/18
 0.0000000   3.0000000    0.0000   5622.548 0.026    4.5   -3.6 -1.77 -0.004  40   0 11:08:18     44851.46335    0.0000  2022/11/18
 0.0000000   3.0000000    0.0000   5622.546 0.036    4.8   -3.9 -1.77 -0.004  40   0 11:09:02     44851.46386    0.0000  2022/11/18
 0.0000000   4.0000000    0.0000   5601.561 0.037    2.0   -0.8 -1.85 -0.010  40   0 11:23:44     44851.47406    0.0000  2022/11/18
 0.0000000   4.0000000    0.0000   5601.560 0.055    2.8   -1.3 -1.85 -0.010  40   0 11:24:33     44851.47462    0.0000  2022/11/18
 0.0000000   4.0000000    0.0000   5601.564 0.046    3.4   -1.6 -1.85 -0.011  40   0 11:25:17     44851.47513    0.0000  2022/11/18
 0.0000000   4.0000000    0.0000   5601.563 0.035    3.4   -1.7 -1.85 -0.011  40   0 11:26:01     44851.47564    0.0000  2022/11/18
 0.0000000   3.0000000    0.0000   5622.544 0.030   -0.8   -1.2 -1.86 -0.015  40   0 11:36:12     44851.48270    0.0000  2022/11/18
 0.0000000   3.0000000    0.0000   5622.543 0.068    0.0   -0.8 -1.87 -0.016  40   1 11:37:01     44851.48326    0.0000  2022/11/18
 0.0000000   3.0000000    0.0000   5622.542 0.025    0.6   -0.5 -1.87 -0.016  40   0 11:37:45     44851.48377    0.0000  2022/11/18
 0.0000000   3.0000000    0.0000   5622.546 0.027    1.0   -0.7 -1.87 -0.016  40   0 11:38:29     44851.48428    0.0000  2022/11/18
 0.0000000   4.0000000    0.0000   5601.558 0.050   -0.9   -3.7 -1.87 -0.021  40   0 11:49:32     44851.49194    0.0000  2022/11/18
 0.0000000   4.0000000    0.0000   5601.558 0.061   -0.3   -3.6 -1.87 -0.021  40   0 11:50:21     44851.49251    0.0000  2022/11/18
 0.0000000   4.0000000    0.0000   5601.559 0.058    0.4   -3.5 -1.87 -0.022  40   0 11:51:05     44851.49302    0.0000  2022/11/18
 0.0000000   4.0000000    0.0000   5601.560 0.073    0.7   -3.7 -1.87 -0.022  40   0 11:51:49     44851.49353    0.0000  2022/11/18
 0.0000000   4.0000000    0.0000   5601.563 0.084    1.2   -3.8 -1.86 -0.022  40   7 11:52:33     44851.49403    0.0000  2022/11/18
 0.0000000   4.0000000    0.0000   5601.562 0.078   -1.3   -2.2 -1.86 -0.023  40   0 11:54:04     44851.49509    0.0000  2022/11/18
 0.0000000   4.0000000    0.0000   5601.562 0.065   -1.4   -2.4 -1.86 -0.023  40   0 11:54:53     44851.49565    0.0000  2022/11/18
 0.0000000   5.0000000    0.0000   5583.416 0.053   -0.4   -0.7 -1.87 -0.028  40   0 12:06:18     44851.50357    0.0000  2022/11/18
 0.0000000   5.0000000    0.0000   5583.418 0.058    1.3   -0.7 -1.86 -0.029  40   0 12:07:07     44851.50413    0.0000  2022/11/18
 0.0000000   5.0000000    0.0000   5583.420 0.074    2.1   -0.9 -1.86 -0.029  40   0 12:07:51     44851.50464    0.0000  2022/11/18
 0.0000000   5.0000000    0.0000   5583.421 0.067    2.6   -0.7 -1.86 -0.029  40   0 12:08:35     44851.50515    0.0000  2022/11/18
 0.0000000   5.0000000    0.0000   5583.421 0.055    3.2   -0.9 -1.85 -0.029  40   0 12:09:19     44851.50566    0.0000  2022/11/18
 0.0000000   5.0000000    0.0000   5583.421 0.061    3.5   -0.9 -1.85 -0.030  40   0 12:10:03     44851.50617    0.0000  2022/11/18
 0.0000000   5.0000000    0.0000   5583.423 0.100    3.7   -0.9 -1.85 -0.030  40   0 12:10:47     44851.50668    0.0000  2022/11/18
 0.0000000   4.0000000    0.0000   5601.554 0.038   -1.4   -1.2 -1.89 -0.036  40   0 12:24:41     44851.51631    0.0000  2022/11/18
 0.0000000   4.0000000    0.0000   5601.555 0.040   -0.9   -0.8 -1.89 -0.036  40   0 12:25:30     44851.51688    0.0000  2022/11/18
 0.0000000   4.0000000    0.0000   5601.551 0.042    0.0   -0.1 -1.88 -0.037  40   0 12:26:14     44851.51739    0.0000  2022/11/18
 0.0000000   4.0000000    0.0000   5601.556 0.052   -0.1   -0.8 -1.88 -0.037  40   0 12:26:58     44851.51790    0.0000  2022/11/18
 0.0000000   4.0000000    0.0000   5601.556 0.039    0.5   -0.3 -1.87 -0.037  40   0 12:27:42     44851.51841    0.0000  2022/11/18
 0.0000000   4.0000000    0.0000   5601.553 0.054    0.7   -0.4 -1.87 -0.037  40   1 12:28:26     44851.51891    0.0000  2022/11/18
 0.0000000   5.0000000    0.0000   5583.415 0.045    0.1   -3.1 -1.87 -0.042  40   0 12:40:13     44851.52708    0.0000  2022/11/18
 0.0000000   5.0000000    0.0000   5583.416 0.032    1.7   -3.3 -1.87 -0.043  40   0 12:41:02     44851.52765    0.0000  2022/11/18
 0.0000000   5.0000000    0.0000   5583.418 0.039    2.4   -3.5 -1.86 -0.043  40   0 12:41:46     44851.52816    0.0000  2022/11/18
 0.0000000   5.0000000    0.0000   5583.417 0.037    2.7   -3.6 -1.86 -0.043  40   0 12:42:30     44851.52867    0.0000  2022/11/18
 0.0000000   6.0000000    0.0000   5563.366 0.091    0.4   -1.5 -1.71 -0.059  40   0 13:25:33     44851.55851    0.0000  2022/11/18
 0.0000000   6.0000000    0.0000   5563.368 0.083    1.7   -1.8 -1.71 -0.059  40   0 13:26:22     44851.55908    0.0000  2022/11/18
 0.0000000   6.0000000    0.0000   5563.367 0.080    2.2   -1.8 -1.71 -0.060  40   0 13:27:06     44851.55959    0.0000  2022/11/18
 0.0000000   6.0000000    0.0000   5563.369 0.073    2.4   -1.9 -1.72 -0.060  40   0 13:27:50     44851.56010    0.0000  2022/11/18
 0.0000000   5.0000000    0.0000   5583.414 0.055   -0.5   -4.5 -1.82 -0.063  40   0 13:39:13     44851.56799    0.0000  2022/11/18
 0.0000000   5.0000000    0.0000   5583.415 0.049    1.0   -4.6 -1.83 -0.064  40   0 13:40:02     44851.56856    0.0000  2022/11/18
 0.0000000   5.0000000    0.0000   5583.416 0.053    2.1   -4.3 -1.83 -0.064  40   0 13:40:46     44851.56906    0.0000  2022/11/18
 0.0000000   5.0000000    0.0000   5583.418 0.039    2.9   -4.9 -1.84 -0.064  40   0 13:41:30     44851.56957    0.0000  2022/11/18
 0.0000000   5.0000000    0.0000   5583.417 0.034    3.2   -4.9 -1.84 -0.064  40   0 13:42:14     44851.57008    0.0000  2022/11/18
 0.0000000   6.0000000    0.0000   5563.365 0.061    3.0   -0.8 -1.92 -0.069  40   0 13:59:52     44851.58231    0.0000  2022/11/18
 0.0000000   6.0000000    0.0000   5563.364 0.056    4.2    0.0 -1.91 -0.069  40   0 14:00:41     44851.58287    0.0000  2022/11/18
 0.0000000   6.0000000    0.0000   5563.368 0.062    5.3    0.2 -1.90 -0.069  40   0 14:01:25     44851.58338    0.0000  2022/11/18
 0.0000000   6.0000000    0.0000   5563.370 0.062    5.7    0.1 -1.89 -0.070  40   0 14:02:09     44851.58389    0.0000  2022/11/18
 0.0000000   6.0000000    0.0000   5563.368 0.083    6.3    0.2 -1.88 -0.070  40   1 14:02:53     44851.58440    0.0000  2022/11/18
 0.0000000   5.0000000    0.0000   5583.411 0.098    0.3   -4.3 -1.82 -0.072  40   0 14:15:19     44851.59302    0.0000  2022/11/18
 0.0000000   5.0000000    0.0000   5583.411 0.047    1.4   -4.7 -1.81 -0.073  40   1 14:16:08     44851.59359    0.0000  2022/11/18
 0.0000000   5.0000000    0.0000   5583.416 0.054    1.6   -4.7 -1.81 -0.073  40   0 14:16:52     44851.59409    0.0000  2022/11/18
 0.0000000   5.0000000    0.0000   5583.416 0.054    1.9   -4.9 -1.80 -0.073  40   0 14:17:36     44851.59460    0.0000  2022/11/18
 0.0000000   5.0000000    0.0000   5583.417 0.049    2.0   -5.1 -1.80 -0.073  40   0 14:18:20     44851.59511    0.0000  2022/11/18
 0.0000000   5.0000000    0.0000   5583.417 0.049    2.2   -4.5 -1.80 -0.073  40   0 14:19:27     44851.59589    0.0000  2022/11/18
 0.0000000   4.0000000    0.0000   5601.559 0.047   -0.7   -1.6 -1.85 -0.075  40   0 14:30:37     44851.60363    0.0000  2022/11/18
 0.0000000   4.0000000    0.0000   5601.558 0.077   -0.3   -1.4 -1.85 -0.075  40   0 14:31:26     44851.60419    0.0000  2022/11/18
 0.0000000   4.0000000    0.0000   5601.559 0.079    0.5   -1.5 -1.85 -0.076  40   0 14:32:10     44851.60470    0.0000  2022/11/18
 0.0000000   4.0000000    0.0000   5601.559 0.074    1.6   -1.5 -1.85 -0.076  40   0 14:32:54     44851.60521    0.0000  2022/11/18
 0.0000000   5.0000000    0.0000   5583.415 0.043    1.4   -1.2 -1.85 -0.078  40   0 14:45:48     44851.61415    0.0000  2022/11/18
 0.0000000   5.0000000    0.0000   5583.418 0.045    2.7   -1.2 -1.85 -0.078  40   0 14:46:37     44851.61472    0.0000  2022/11/18
 0.0000000   5.0000000    0.0000   5583.418 0.048    3.8   -1.2 -1.85 -0.078  40   0 14:47:21     44851.61523    0.0000  2022/11/18
 0.0000000   5.0000000    0.0000   5583.421 0.048    4.0   -1.3 -1.85 -0.078  40   0 14:48:05     44851.61574    0.0000  2022/11/18
 0.0000000   5.0000000    0.0000   5583.421 0.044    4.3   -1.3 -1.85 -0.078  40   0 14:48:49     44851.61625    0.0000  2022/11/18
 0.0000000   5.0000000    0.0000   5583.421 0.042    4.8   -1.5 -1.85 -0.078  40   0 14:49:33     44851.61675    0.0000  2022/11/18
 0.0000000   4.0000000    0.0000   5601.553 0.054    2.0    0.7 -1.86 -0.079  40   0 15:04:42     44851.62726    0.0000  2022/11/18
 0.0000000   4.0000000    0.0000   5601.557 0.033    2.4    1.0 -1.86 -0.079  40   0 15:05:31     44851.62782    0.0000  2022/11/18
 0.0000000   4.0000000    0.0000   5601.557 0.036    2.9    1.1 -1.86 -0.079  40   0 15:06:15     44851.62833    0.0000  2022/11/18
 0.0000000   4.0000000    0.0000   5601.558 0.046    3.4    1.3 -1.86 -0.079  40   0 15:06:59     44851.62884    0.0000  2022/11/18
 0.0000000   3.0000000    0.0000   5622.545 0.052    2.4   -1.1 -1.87 -0.080  40   2 15:18:23     44851.63675    0.0000  2022/11/18
 0.0000000   3.0000000    0.0000   5622.547 0.059    1.6    0.0 -1.88 -0.080  40   0 15:19:57     44851.63783    0.0000  2022/11/18
 0.0000000   3.0000000    0.0000   5622.542 0.070    2.5   -0.3 -1.88 -0.080  40   4 15:20:46     44851.63840    0.0000  2022/11/18
 0.0000000   3.0000000    0.0000   5622.545 0.087    2.9   -0.4 -1.88 -0.080  40   0 15:21:30     44851.63891    0.0000  2022/11/18
 0.0000000   4.0000000    0.0000   5601.556 0.034    0.2   -1.6 -1.90 -0.080  40   0 15:36:07     44851.64904    0.0000  2022/11/18
 0.0000000   4.0000000    0.0000   5601.558 0.040    1.1   -2.0 -1.90 -0.080  40   1 15:36:56     44851.64961    0.0000  2022/11/18
 0.0000000   4.0000000    0.0000   5601.557 0.034    1.4   -2.2 -1.90 -0.079  40   0 15:37:40     44851.65012    0.0000  2022/11/18
 0.0000000   4.0000000    0.0000   5601.559 0.039    1.6   -2.2 -1.90 -0.079  40   0 15:38:24     44851.65062    0.0000  2022/11/18
 0.0000000   3.0000000    0.0000   5622.544 0.032   -1.0    1.3 -1.91 -0.079  40   0 15:50:59     44851.65935    0.0000  2022/11/18
 0.0000000   3.0000000    0.0000   5622.545 0.048   -0.2    2.0 -1.91 -0.079  40   0 15:51:48     44851.65991    0.0000  2022/11/18
 0.0000000   3.0000000    0.0000   5622.549 0.025   -0.1    2.1 -1.91 -0.079  40   1 15:52:32     44851.66042    0.0000  2022/11/18
 0.0000000   3.0000000    0.0000   5622.546 0.025    0.0    2.1 -1.91 -0.078  40   0 15:53:16     44851.66093    0.0000  2022/11/18
 0.0000000   3.0000000    0.0000   5622.545 0.027    0.2    2.1 -1.90 -0.078  40   3 15:54:00     44851.66144    0.0000  2022/11/18
 0.0000000   3.0000000    0.0000   5622.547 0.027    0.5    2.1 -1.90 -0.078  40   0 15:54:44     44851.66195    0.0000  2022/11/18
 0.0000000   2.0999999    0.0000   5634.279 0.032    2.5    1.0 -1.89 -0.078  40   0 16:02:06     44851.66706    0.0000  2022/11/18
 0.0000000   2.0999999    0.0000   5634.279 0.058    3.4    1.3 -1.89 -0.077  40   3 16:02:55     44851.66762    0.0000  2022/11/18
 0.0000000   2.0999999    0.0000   5634.281 0.021    3.6    1.4 -1.89 -0.077  40   0 16:03:39     44851.66813    0.0000  2022/11/18
 0.0000000   2.0999999    0.0000   5634.282 0.062    3.8    1.2 -1.89 -0.077  40   0 16:04:23     44851.66864    0.0000  2022/11/18
 0.0000000   2.0999999    0.0000   5634.280 0.023    4.1    1.1 -1.89 -0.077  40   0 16:05:07     44851.66915    0.0000  2022/11/18
 0.0000000   3.0000000    0.0000   5622.540 0.019   -0.4   -2.3 -1.89 -0.076  40   0 16:13:21     44851.67486    0.0000  2022/11/18
 0.0000000   3.0000000    0.0000   5622.542 0.028    0.1   -2.7 -1.89 -0.076  40   0 16:14:10     44851.67542    0.0000  2022/11/18
 0.0000000   3.0000000    0.0000   5622.542 0.026    0.2   -2.8 -1.88 -0.076  40   0 16:14:54     44851.67593    0.0000  2022/11/18
 0.0000000   3.0000000    0.0000   5622.543 0.021    0.6   -2.9 -1.88 -0.076  40   2 16:15:38     44851.67644    0.0000  2022/11/18
 0.0000000   2.0999999    0.0000   5634.277 0.024   -2.8   -3.3 -1.90 -0.074  40   1 16:28:05     44851.68507    0.0000  2022/11/18
 0.0000000   2.0999999    0.0000   5634.278 0.019   -2.9   -2.6 -1.90 -0.073  40   0 16:28:54     44851.68564    0.0000  2022/11/18
 0.0000000   2.0999999    0.0000   5634.279 0.027   -2.8   -2.3 -1.90 -0.073  40   0 16:29:38     44851.68615    0.0000  2022/11/18
 0.0000000   2.0999999    0.0000   5634.260 0.046   -2.6   -2.4 -1.90 -0.073  40   0 16:30:22     44851.68665    0.0000  2022/11/18
 0.0000000   2.0999999    0.0000   5634.280 0.045   -2.5   -2.7 -1.90 -0.073  40   1 16:31:06     44851.68716    0.0000  2022/11/18
 0.0000000   2.0999999    0.0000   5634.281 0.028   -2.4   -2.9 -1.90 -0.073  40   0 16:31:50     44851.68767    0.0000  2022/11/18
 0.0000000   2.0999999    0.0000   5634.275 0.031   -2.2   -3.0 -1.90 -0.073  40  11 16:32:34     44851.68818    0.0000  2022/11/18
 0.0000000   2.0999999    0.0000   5634.282 0.034   -2.3   -3.2 -1.90 -0.073  40   0 16:33:18     44851.68869    0.0000  2022/11/18
 0.0000000   2.0000000    0.0000   5646.183 0.013   -0.1    2.5 -1.91 -0.071  40   3 16:40:40     44851.69380    0.0000  2022/11/18
 0.0000000   2.0000000    0.0000   5646.183 0.012    0.0    3.5 -1.90 -0.071  40   0 16:41:29     44851.69436    0.0000  2022/11/18
 0.0000000   2.0000000    0.0000   5646.183 0.013    0.1    3.9 -1.91 -0.071  40   2 16:42:13     44851.69487    0.0000  2022/11/18
 0.0000000   2.0000000    0.0000   5646.183 0.014    0.5    4.2 -1.90 -0.070  40   0 16:42:57     44851.69538    0.0000  2022/11/18
 0.0000000   2.0999999    0.0000   5634.275 0.038   -0.9   -4.2 -1.91 -0.068  40   0 16:52:56     44851.70230    0.0000  2022/11/18
 0.0000000   2.0999999    0.0000   5634.278 0.028    0.0   -4.3 -1.91 -0.068  40   0 16:53:45     44851.70287    0.0000  2022/11/18
 0.0000000   2.0999999    0.0000   5634.276 0.044    1.1   -4.8 -1.90 -0.068  40   0 16:54:29     44851.70338    0.0000  2022/11/18
 0.0000000   2.0999999    0.0000   5634.273 0.078    1.9   -5.0 -1.90 -0.067  40   1 16:55:13     44851.70388    0.0000  2022/11/18
 0.0000000   2.0000000    0.0000   5646.179 0.023   -3.2    2.3 -1.86 -0.065  40   7 17:03:05     44851.70934    0.0000  2022/11/18
 0.0000000   2.0000000    0.0000   5646.184 0.017   -2.8    3.4 -1.86 -0.065  40   3 17:03:54     44851.70990    0.0000  2022/11/18
 0.0000000   2.0000000    0.0000   5646.185 0.016   -2.4    3.8 -1.86 -0.065  40   2 17:04:38     44851.71041    0.0000  2022/11/18
 0.0000000   2.0000000    0.0000   5646.184 0.029   -2.0    3.9 -1.86 -0.065  40   0 17:05:22     44851.71092    0.0000  2022/11/18
 0.0000000   2.0000000    0.0000   5646.184 0.033   -1.8    3.7 -1.85 -0.064  40   0 17:06:06     44851.71143    0.0000  2022/11/18
 0.0000000  10.0000000    0.0000   5644.669 0.015   -1.6    1.0 -1.84 -0.061  40   2 17:15:34     44851.71799    0.0000  2022/11/18
 0.0000000  10.0000000    0.0000   5644.670 0.032   -1.5    2.2 -1.84 -0.061  40   0 17:16:23     44851.71856    0.0000  2022/11/18
 0.0000000  10.0000000    0.0000   5644.671 0.029   -1.8    2.6 -1.83 -0.061  40   2 17:17:07     44851.71907    0.0000  2022/11/18
 0.0000000  10.0000000    0.0000   5644.669 0.018   -2.0    2.8 -1.82 -0.061  40   1 17:17:51     44851.71958    0.0000  2022/11/18
 -1233633241053003200000000000.000,0   ,64651580065972224.000,     0.000,   0.000,-15361,19199,   0.000,   0.000,0.000   ,0.000   ,-0.000  ,1.767   