/		CG-6 Survey
/		Survey Name:	MAIN-ZVEB-MEN3
/		Instrument Serial Number:	000000022090469
/		Created:	2023-04-20 05:18:30
/
/		CG-6 Calibration
/		Operator:	EPR
/		Gcal1 [mGal]:	8231.937000
/		Goff [ADU]:	-8388608.000000
/		Gref [mGal]:	0.0000
/		X Scale [arc-sec/ADU]:	0.031069
/		Y Scale [arc-sec/ADU]:	0.030920
/		X Offset [ADU]:	-230679.188987
/		Y Offset [ADU]:	-200835.621911
/		Temperature Coefficient [mGal/mK]:	-0.122000
/		Temperature Scale [mK/ADU]:	-0.000111
/		Drift Rate [mGal/day]:	0.011500
/		Drift Zero Time:	2023-02-13 12:00:00
/		Firmware Version:	CG6_2_20220815
/
/Station	Date	Time	CorrGrav	Line	StdDev	StdErr	RawGrav	X	Y	SensorTemp	TideCorr	TiltCorr	TempCorr	DriftCorr	MeasurDur	InstrHeight	LatUser	LonUser	ElevUser	LatGPS	LonGPS	ElevGPS	Corrections[drift-temp-na-tide-tilt]
2	2023-05-03	05:01:41	5868.1691	4	0.0252	0.0033	5869.0610	-1.2	-1.0	0.3450	-0.0286	0.0001	0.0418	-0.9052	60	0.000	55.800000	37.500000	192.10	55.780991	37.639236	206.0	11011
2	2023-05-03	05:02:41	5868.1689	4	0.0288	0.0037	5869.0606	-0.5	-0.4	0.3388	-0.0282	0.0001	0.0416	-0.9052	60	0.000	55.800000	37.500000	192.10	55.780895	37.639267	197.4	11011
2	2023-05-03	05:03:41	5868.1683	4	0.0288	0.0037	5869.0596	-0.5	-1.3	0.3356	-0.0277	0.0001	0.0416	-0.9052	60	0.000	55.800000	37.500000	192.10	55.780792	37.639259	199.9	11011
2	2023-05-03	05:04:41	5868.1690	4	0.0179	0.0023	5869.0598	-0.2	-0.8	0.3418	-0.0273	0.0001	0.0416	-0.9052	60	0.000	55.800000	37.500000	192.10	55.780746	37.639427	196.0	11011
2	2023-05-03	05:05:41	5868.1685	4	0.0322	0.0042	5869.0591	-0.4	-0.1	0.3378	-0.0269	0.0001	0.0414	-0.9052	60	0.000	55.800000	37.500000	192.10	55.780849	37.639336	197.3	11011
2	2023-05-03	05:06:41	5868.1689	4	0.0281	0.0036	5869.0591	-1.2	-0.1	0.3413	-0.0264	0.0001	0.0414	-0.9052	60	0.000	55.800000	37.500000	192.10	55.781013	37.639160	201.6	11011
2	2023-05-03	05:07:41	5868.1680	4	0.0217	0.0028	5869.0579	-0.9	-0.3	0.3388	-0.0260	0.0001	0.0413	-0.9052	60	0.000	55.800000	37.500000	192.10	55.781109	37.639145	199.4	11011
2	2023-05-03	05:08:41	5868.1688	4	0.0230	0.0030	5869.0582	0.5	-0.4	0.3392	-0.0256	0.0000	0.0413	-0.9052	60	0.000	55.800000	37.500000	192.10	55.781109	37.639145	199.4	11011
2	2023-05-03	05:09:41	5868.1694	4	0.0304	0.0039	5869.0585	2.5	-0.6	0.3386	-0.0252	0.0001	0.0412	-0.9052	60	0.000	55.800000	37.500000	192.10	55.780933	37.639236	201.9	11011
2	2023-05-03	05:10:41	5868.1689	4	0.0203	0.0026	5869.0578	1.0	-1.7	0.3320	-0.0247	0.0001	0.0411	-0.9052	60	0.000	55.800000	37.500000	192.10	55.780861	37.639229	204.4	11011
2	2023-05-03	05:11:41	5868.1666	4	0.0311	0.0040	5869.0550	0.9	-0.7	0.3383	-0.0243	0.0000	0.0410	-0.9052	60	0.000	55.800000	37.500000	192.10	55.780907	37.639202	210.4	11011
2	2023-05-03	05:12:41	5868.1685	4	0.0272	0.0035	5869.0565	2.0	-1.1	0.3391	-0.0239	0.0001	0.0410	-0.9052	60	0.000	55.800000	37.500000	192.10	55.780556	37.639389	209.8	11011
2	2023-05-03	05:13:41	5868.1689	4	0.0200	0.0026	5869.0566	1.3	-1.1	0.3347	-0.0234	0.0001	0.0409	-0.9053	60	0.000	55.800000	37.500000	192.10	55.780933	37.639172	211.1	11011
2	2023-05-03	05:14:41	5868.1684	4	0.0312	0.0040	5869.0556	1.4	-3.1	0.3394	-0.0230	0.0003	0.0407	-0.9053	60	0.000	55.800000	37.500000	192.10	--	--	--	11011
2	2023-05-03	05:15:41	5868.1669	4	0.0250	0.0032	5869.0539	1.5	-0.9	0.3348	-0.0226	0.0001	0.0408	-0.9053	60	0.000	55.800000	37.500000	192.10	55.781414	37.639324	194.9	11011
2	2023-05-03	05:16:41	5868.1669	4	0.0273	0.0035	5869.0534	1.8	0.2	0.3346	-0.0222	0.0002	0.0408	-0.9053	60	0.000	55.800000	37.500000	192.10	55.781143	37.639122	188.3	11011
2	2023-05-03	05:17:41	5868.1677	4	0.0197	0.0025	5869.0538	1.4	-0.5	0.3394	-0.0217	0.0001	0.0409	-0.9053	60	0.000	55.800000	37.500000	192.10	55.781155	37.639210	193.1	11011
2	2023-05-03	05:18:41	5868.1669	4	0.0245	0.0032	5869.0525	2.5	0.9	0.3280	-0.0213	0.0001	0.0408	-0.9053	60	0.000	55.800000	37.500000	192.10	55.781269	37.639076	197.3	11011
2	2023-05-03	05:19:41	5868.1670	4	0.0222	0.0029	5869.0524	2.3	-0.2	0.3336	-0.0209	0.0001	0.0407	-0.9053	60	0.000	55.800000	37.500000	192.10	55.780964	37.639317	191.0	11011
2	2023-05-03	05:20:41	5868.1674	4	0.0322	0.0042	5869.0524	0.6	1.1	0.3358	-0.0205	0.0001	0.0407	-0.9053	60	0.000	55.800000	37.500000	192.10	55.781105	37.639114	194.7	11011
2	2023-05-03	05:21:41	5868.1677	4	0.0195	0.0025	5869.0522	0.9	-0.5	0.3368	-0.0200	0.0001	0.0408	-0.9053	60	0.000	55.800000	37.500000	192.10	55.781200	37.639221	198.5	11011
2	2023-05-03	05:22:41	5868.1696	4	0.0296	0.0038	5869.0535	1.6	-1.1	0.3308	-0.0196	0.0001	0.0408	-0.9053	60	0.000	55.800000	37.500000	192.10	55.781193	37.639122	202.7	11011
2	2023-05-03	05:23:41	5868.1679	4	0.0242	0.0031	5869.0517	1.4	-0.3	0.3326	-0.0192	0.0001	0.0407	-0.9053	60	0.000	55.800000	37.500000	192.10	55.781231	37.639221	202.1	11011
2	2023-05-03	05:24:41	5868.1658	4	0.0208	0.0027	5869.0493	1.0	2.3	0.3318	-0.0188	0.0001	0.0406	-0.9053	60	0.000	55.800000	37.500000	192.10	55.781174	37.639317	201.5	11011
2	2023-05-03	05:25:41	5868.1662	4	0.0226	0.0029	5869.0492	0.7	2.0	0.3308	-0.0184	0.0002	0.0405	-0.9053	60	0.000	55.800000	37.500000	192.10	55.781105	37.639362	203.7	11011
2	2023-05-03	05:26:41	5868.1673	4	0.0279	0.0036	5869.0500	1.4	0.7	0.3313	-0.0179	0.0001	0.0405	-0.9054	60	0.000	55.800000	37.500000	192.10	55.781219	37.639221	201.2	11011
2	2023-05-03	05:27:41	5868.1676	4	0.0237	0.0031	5869.0497	2.2	1.7	0.3296	-0.0175	0.0001	0.0407	-0.9054	60	0.000	55.800000	37.500000	192.10	55.781162	37.639027	203.1	11011
2	2023-05-03	05:28:41	5868.1672	4	0.0257	0.0033	5869.0490	2.3	0.8	0.3237	-0.0171	0.0001	0.0406	-0.9054	60	0.000	55.800000	37.500000	192.10	55.781258	37.638668	209.1	11011
2	2023-05-03	05:29:41	5868.1671	4	0.0258	0.0033	5869.0486	1.8	0.7	0.3370	-0.0167	0.0001	0.0404	-0.9054	60	0.000	55.800000	37.500000	192.10	55.781185	37.638935	210.4	11011
2	2023-05-03	05:30:41	5868.1666	4	0.0308	0.0040	5869.0476	2.1	-2.7	0.3376	-0.0163	0.0002	0.0404	-0.9054	60	0.000	55.800000	37.500000	192.10	55.781124	37.638802	209.6	11011
2	2023-05-03	05:31:41	5868.1668	4	0.0238	0.0031	5869.0476	2.0	0.1	0.3340	-0.0159	0.0001	0.0403	-0.9054	60	0.000	55.800000	37.500000	192.10	55.781223	37.639229	215.0	11011
2	2023-05-03	05:32:41	5868.1683	4	0.0215	0.0028	5869.0486	2.2	0.6	0.3279	-0.0154	0.0001	0.0404	-0.9054	60	0.000	55.800000	37.500000	192.10	55.781231	37.639019	222.0	11011
2	2023-05-03	05:33:41	5868.1660	4	0.0204	0.0026	5869.0460	2.1	1.4	0.3300	-0.0150	0.0001	0.0404	-0.9054	60	0.000	55.800000	37.500000	192.10	55.780964	37.638817	224.9	11011
2	2023-05-03	05:34:41	5868.1670	4	0.0324	0.0042	5869.0466	0.4	1.3	0.3319	-0.0146	0.0001	0.0404	-0.9054	60	0.000	55.800000	37.500000	192.10	55.781300	37.639046	231.8	11011
2	2023-05-03	05:35:41	5868.1653	4	0.0263	0.0034	5869.0444	0.6	2.3	0.3369	-0.0142	0.0001	0.0404	-0.9054	60	0.000	55.800000	37.500000	192.10	55.781300	37.639046	231.8	11011
2	2023-05-03	05:36:41	5868.1653	4	0.0238	0.0031	5869.0442	0.9	0.3	0.3299	-0.0138	0.0001	0.0403	-0.9054	60	0.000	55.800000	37.500000	192.10	55.781364	37.639065	231.7	11011
2	2023-05-03	05:37:41	5868.1661	4	0.0201	0.0026	5869.0444	1.1	-0.8	0.3281	-0.0134	0.0001	0.0405	-0.9054	60	0.000	55.800000	37.500000	192.10	55.780991	37.639267	233.1	11011
2	2023-05-03	05:38:41	5868.1660	4	0.0231	0.0030	5869.0439	2.0	-0.9	0.3338	-0.0130	0.0001	0.0404	-0.9055	60	0.000	55.800000	37.500000	192.10	55.781078	37.639141	233.2	11011
2	2023-05-03	05:39:41	5868.1654	4	0.0270	0.0035	5869.0430	0.6	-1.8	0.3358	-0.0126	0.0001	0.0403	-0.9055	60	0.000	55.800000	37.500000	192.10	55.781372	37.638783	233.2	11011
2	2023-05-03	05:40:41	5868.1662	4	0.0259	0.0033	5869.0435	0.4	-1.8	0.3376	-0.0121	0.0001	0.0403	-0.9055	60	0.000	55.800000	37.500000	192.10	55.781185	37.639317	233.1	11011
2	2023-05-03	05:41:41	5868.1660	4	0.0317	0.0041	5869.0430	0.2	-1.1	0.3330	-0.0117	0.0000	0.0401	-0.9055	60	0.000	55.800000	37.500000	192.10	55.781258	37.639317	234.3	11011
2	2023-05-03	05:42:41	5868.1666	4	0.0309	0.0040	5869.0433	1.8	-1.1	0.3308	-0.0113	0.0001	0.0400	-0.9055	60	0.000	55.800000	37.500000	192.10	55.781010	37.639221	231.2	11011
2	2023-05-03	05:43:41	5868.1669	4	0.0168	0.0022	5869.0431	1.4	-0.4	0.3323	-0.0109	0.0001	0.0402	-0.9055	60	0.000	55.800000	37.500000	192.10	55.781013	37.639027	228.3	11011
2	2023-05-03	05:44:41	5868.1665	4	0.0236	0.0030	5869.0421	0.6	-1.0	0.3289	-0.0105	0.0001	0.0403	-0.9055	60	0.000	55.800000	37.500000	192.10	55.780621	37.638702	235.0	11011
2	2023-05-03	05:45:41	5868.1667	4	0.0271	0.0035	5869.0421	-0.6	-0.1	0.3257	-0.0101	0.0000	0.0402	-0.9055	60	0.000	55.800000	37.500000	192.10	55.781109	37.639103	234.7	11011
2	2023-05-03	05:46:41	5868.1665	4	0.0254	0.0033	5869.0415	-0.8	-0.7	0.3353	-0.0097	0.0001	0.0403	-0.9055	60	0.000	55.800000	37.500000	192.10	55.781639	37.638695	237.7	11011
2	2023-05-03	05:47:41	5868.1674	4	0.0331	0.0043	5869.0419	0.2	-1.5	0.3331	-0.0093	0.0001	0.0402	-0.9055	60	0.000	55.800000	37.500000	192.10	55.781364	37.639210	251.8	11011
2	2023-05-03	05:48:41	5868.1647	4	0.0275	0.0036	5869.0389	0.4	-1.1	0.3283	-0.0089	0.0001	0.0402	-0.9055	60	0.000	55.800000	37.500000	192.10	55.781212	37.639240	254.6	11011
2	2023-05-03	05:49:41	5868.1654	4	0.0286	0.0037	5869.0392	0.9	-0.9	0.3343	-0.0085	0.0001	0.0402	-0.9055	60	0.000	55.800000	37.500000	192.10	55.781479	37.639259	254.3	11011
2	2023-05-03	05:50:41	5868.1650	4	0.0244	0.0031	5869.0385	0.8	-1.0	0.3258	-0.0081	0.0001	0.0401	-0.9055	60	0.000	55.800000	37.500000	192.10	55.781811	37.638931	250.1	11011
2	2023-05-03	05:51:41	5868.1654	4	0.0346	0.0045	5869.0385	1.4	-1.4	0.3252	-0.0077	0.0001	0.0401	-0.9056	60	0.000	55.800000	37.500000	192.10	55.781715	37.638847	238.4	11011
2	2023-05-03	05:52:41	5868.1636	4	0.0241	0.0031	5869.0364	1.7	-1.8	0.3269	-0.0073	0.0001	0.0400	-0.9056	60	0.000	55.800000	37.500000	192.10	55.780582	37.639370	216.8	11011
2	2023-05-03	05:53:41	5868.1644	4	0.0174	0.0022	5869.0369	1.0	-1.1	0.3266	-0.0070	0.0001	0.0399	-0.9056	60	0.000	55.800000	37.500000	192.10	55.781029	37.639217	206.2	11011
2	2023-05-03	05:54:41	5868.1641	4	0.0143	0.0019	5869.0361	0.8	-0.2	0.3256	-0.0066	0.0000	0.0400	-0.9056	60	0.000	55.800000	37.500000	192.10	55.781029	37.639240	205.6	11011
2	2023-05-03	05:55:41	5868.1656	4	0.0203	0.0026	5869.0370	1.8	0.9	0.3256	-0.0062	0.0001	0.0402	-0.9056	60	0.000	55.800000	37.500000	192.10	55.781681	37.639202	200.4	11011
2	2023-05-03	05:56:41	5868.1653	4	0.0319	0.0041	5869.0365	2.7	-1.3	0.3273	-0.0058	0.0002	0.0400	-0.9056	60	0.000	55.800000	37.500000	192.10	55.781605	37.639336	194.4	11011
2	2023-05-03	05:57:41	5868.1652	4	0.0257	0.0033	5869.0359	1.0	-2.1	0.3229	-0.0054	0.0001	0.0401	-0.9056	60	0.000	55.800000	37.500000	192.10	55.781338	37.639256	200.9	11011
2	2023-05-03	05:58:41	5868.1649	4	0.0293	0.0038	5869.0355	0.0	-1.0	0.3229	-0.0050	0.0001	0.0400	-0.9056	60	0.000	55.800000	37.500000	192.10	55.780994	37.639324	194.2	11011
2	2023-05-03	05:59:41	5868.1645	4	0.0214	0.0028	5869.0347	0.4	-0.1	0.3267	-0.0046	0.0001	0.0400	-0.9056	60	0.000	55.800000	37.500000	192.10	55.780552	37.639446	186.1	11011
2	2023-05-03	06:00:41	5868.1645	4	0.0207	0.0027	5869.0343	2.0	-1.8	0.3259	-0.0042	0.0001	0.0400	-0.9056	60	0.000	55.800000	37.500000	192.10	55.781048	37.639294	189.9	11011
22	2023-05-03	07:47:01	5845.5704	4	0.0307	0.0040	5846.4072	1.2	-1.7	0.3663	0.0239	0.0001	0.0457	-0.9065	60	0.000	55.800000	37.500000	192.10	55.699493	36.757763	188.7	11011
22	2023-05-03	07:48:01	5845.5690	4	0.0231	0.0030	5846.4060	0.5	-0.3	0.3696	0.0240	0.0000	0.0454	-0.9065	60	0.000	55.800000	37.500000	192.10	55.699341	36.757782	178.5	11011
22	2023-05-03	07:49:01	5845.5686	4	0.0336	0.0043	5846.4062	1.4	-0.4	0.3619	0.0241	0.0001	0.0448	-0.9065	60	0.000	55.800000	37.500000	192.10	55.699253	36.757866	172.4	11011
22	2023-05-03	07:50:01	5845.5708	4	0.0276	0.0036	5846.4087	0.6	1.1	0.3687	0.0242	0.0001	0.0443	-0.9065	60	0.000	55.800000	37.500000	192.10	55.699368	36.757801	174.7	11011
22	2023-05-03	07:51:01	5845.5702	4	0.0279	0.0036	5846.4083	1.3	0.2	0.3615	0.0243	0.0001	0.0439	-0.9065	60	0.000	55.800000	37.500000	192.10	55.699291	36.757893	173.6	11011
22	2023-05-03	07:52:01	5845.5699	4	0.0380	0.0049	5846.4083	-0.3	-0.1	0.3522	0.0244	0.0000	0.0437	-0.9065	60	0.000	55.800000	37.500000	192.10	55.699291	36.757893	173.6	11011
22	2023-05-03	07:53:01	5845.5704	4	0.0326	0.0042	5846.4089	0.3	1.0	0.3540	0.0245	0.0001	0.0434	-0.9065	60	0.000	55.800000	37.500000	192.10	55.699501	36.757820	179.8	11011
22	2023-05-03	07:54:01	5845.5695	4	0.0298	0.0039	5846.4083	0.7	0.8	0.3578	0.0246	0.0001	0.0431	-0.9065	60	0.000	55.800000	37.500000	192.10	55.699501	36.757820	179.8	11011
22	2023-05-03	07:55:01	5845.5674	4	0.0237	0.0031	5846.4065	0.5	1.2	0.3482	0.0247	0.0001	0.0427	-0.9065	60	0.000	55.800000	37.500000	192.10	55.699501	36.757820	179.8	11011
22	2023-05-03	07:56:01	5845.5696	4	0.0203	0.0026	5846.4086	-0.5	0.1	0.3497	0.0248	0.0001	0.0426	-0.9065	60	0.000	55.800000	37.500000	192.10	55.699413	36.757778	189.4	11011
22	2023-05-03	07:57:01	5845.5691	4	0.0363	0.0047	5846.4085	-1.5	0.4	0.3409	0.0249	0.0001	0.0422	-0.9066	60	0.000	55.800000	37.500000	192.10	55.699322	36.757687	190.7	11011
22	2023-05-03	07:58:01	5845.5696	4	0.0292	0.0038	5846.4091	-2.2	0.5	0.3427	0.0250	0.0002	0.0419	-0.9066	60	0.000	55.800000	37.500000	192.10	55.699398	36.757607	190.6	11011
22	2023-05-03	07:59:01	5845.5680	4	0.0242	0.0031	5846.4077	-0.2	-0.8	0.3422	0.0251	0.0000	0.0418	-0.9066	60	0.000	55.800000	37.500000	192.10	55.699482	36.757675	193.3	11011
22	2023-05-03	08:00:01	5845.5685	4	0.0336	0.0043	5846.4084	-0.1	-0.8	0.3402	0.0251	0.0001	0.0415	-0.9066	60	0.000	55.800000	37.500000	192.10	55.699379	36.757725	188.0	11011
22	2023-05-03	08:01:01	5845.5685	4	0.0374	0.0048	5846.4085	-1.1	-1.8	0.3366	0.0252	0.0001	0.0412	-0.9066	60	0.000	55.800000	37.500000	192.10	55.699570	36.757759	194.3	11011
22	2023-05-03	08:02:01	5845.5678	4	0.0255	0.0033	5846.4081	-1.3	-0.6	0.3348	0.0253	0.0001	0.0410	-0.9066	60	0.000	55.800000	37.500000	192.10	55.699577	36.757771	194.3	11011
22	2023-05-03	08:03:01	5845.5685	4	0.0213	0.0028	5846.4086	-1.8	-2.6	0.3292	0.0254	0.0002	0.0409	-0.9066	60	0.000	55.800000	37.500000	192.10	55.699455	36.757885	193.7	11011
22	2023-05-03	08:04:01	5845.5676	4	0.0230	0.0030	5846.4080	-2.3	-3.3	0.3356	0.0254	0.0002	0.0405	-0.9066	60	0.000	55.800000	37.500000	192.10	55.699642	36.757645	194.3	11011
22	2023-05-03	08:05:01	5845.5686	4	0.0234	0.0030	5846.4088	-1.6	-4.4	0.3280	0.0255	0.0004	0.0405	-0.9066	60	0.000	55.800000	37.500000	192.10	55.699436	36.757790	198.2	11011
22	2023-05-03	08:06:01	5845.5674	4	0.0391	0.0050	5846.4079	-0.4	-5.2	0.3268	0.0255	0.0003	0.0403	-0.9066	60	0.000	55.800000	37.500000	192.10	55.699432	36.757645	195.4	11011
22	2023-05-03	08:07:01	5845.5678	4	0.0242	0.0031	5846.4084	-2.0	-5.8	0.3312	0.0256	0.0005	0.0399	-0.9066	60	0.000	55.800000	37.500000	192.10	55.699265	36.757523	193.2	11011
22	2023-05-03	08:08:01	5845.5682	4	0.0275	0.0036	5846.4092	-1.6	-2.7	0.3232	0.0256	0.0001	0.0399	-0.9066	60	0.000	55.800000	37.500000	192.10	55.699436	36.757626	192.6	11011
22	2023-05-03	08:09:01	5845.5680	4	0.0350	0.0045	5846.4090	-1.2	-4.6	0.3301	0.0257	0.0004	0.0396	-0.9067	60	0.000	55.800000	37.500000	192.10	55.699539	36.757610	191.2	11011
22	2023-05-03	08:10:01	5845.5678	4	0.0329	0.0042	5846.4090	-0.3	-3.5	0.3196	0.0257	0.0002	0.0396	-0.9067	60	0.000	55.800000	37.500000	192.10	55.699406	36.757923	191.7	11011
22	2023-05-03	08:11:01	5845.5683	4	0.0290	0.0037	5846.4097	-0.7	-3.2	0.3284	0.0258	0.0001	0.0393	-0.9067	60	0.000	55.800000	37.500000	192.10	55.699501	36.757534	191.8	11011
22	2023-05-03	08:12:01	5845.5678	4	0.0334	0.0043	5846.4092	-2.5	-4.5	0.3241	0.0258	0.0004	0.0391	-0.9067	60	0.000	55.800000	37.500000	192.10	55.699551	36.757645	201.0	11011
22	2023-05-03	08:13:01	5845.5689	4	0.0301	0.0039	5846.4103	-2.3	-5.2	0.3162	0.0258	0.0005	0.0390	-0.9067	60	0.000	55.800000	37.500000	192.10	55.699635	36.757702	222.3	11011
22	2023-05-03	08:14:01	5845.5673	4	0.0294	0.0038	5846.4090	-2.7	-5.5	0.3225	0.0259	0.0004	0.0387	-0.9067	60	0.000	55.800000	37.500000	192.10	55.699635	36.757702	222.3	11011
22	2023-05-03	08:15:01	5845.5681	4	0.0233	0.0030	5846.4099	-2.3	-5.8	0.3112	0.0259	0.0003	0.0387	-0.9067	60	0.000	55.800000	37.500000	192.10	55.699482	36.757935	228.1	11011
22	2023-05-03	08:16:01	5845.5668	4	0.0340	0.0044	5846.4087	-2.6	-4.3	0.3178	0.0259	0.0003	0.0386	-0.9067	60	0.000	55.800000	37.500000	192.10	55.699589	36.757668	229.5	11011
22	2023-05-03	08:17:01	5845.5667	4	0.0295	0.0038	5846.4087	-2.3	-4.8	0.3111	0.0260	0.0003	0.0384	-0.9067	60	0.000	55.800000	37.500000	192.10	55.699585	36.757675	229.5	11011
22	2023-05-03	08:18:01	5845.5678	4	0.0300	0.0039	5846.4098	-2.3	-5.3	0.3099	0.0260	0.0004	0.0384	-0.9067	60	0.000	55.800000	37.500000	192.10	55.699665	36.757607	230.5	11011
22	2023-05-03	08:19:01	5845.5649	4	0.0324	0.0042	5846.4071	-3.4	-4.8	0.3122	0.0260	0.0004	0.0382	-0.9067	60	0.000	55.800000	37.500000	192.10	55.699570	36.757553	231.5	11011
22	2023-05-03	08:20:01	5845.5667	4	0.0267	0.0034	5846.4091	-4.3	-3.5	0.3099	0.0260	0.0004	0.0380	-0.9067	60	0.000	55.800000	37.500000	192.10	55.699665	36.757629	236.7	11011
22	2023-05-03	08:21:01	5845.5677	4	0.0240	0.0031	5846.4100	-4.3	-4.9	0.3094	0.0260	0.0005	0.0379	-0.9067	60	0.000	55.800000	37.500000	192.10	55.699978	36.758202	321.4	11011
22	2023-05-03	08:22:01	5845.5673	4	0.0262	0.0034	5846.4098	-2.9	-4.0	0.3127	0.0260	0.0004	0.0378	-0.9068	60	0.000	55.800000	37.500000	192.10	55.700123	36.757610	330.9	11011
22	2023-05-03	08:23:01	5845.5662	4	0.0249	0.0032	5846.4089	-3.1	-4.9	0.3082	0.0260	0.0003	0.0377	-0.9068	60	0.000	55.800000	37.500000	192.10	55.699978	36.757969	317.5	11011
22	2023-05-03	08:24:01	5845.5649	4	0.0277	0.0036	5846.4078	-2.7	-4.1	0.3043	0.0260	0.0002	0.0376	-0.9068	60	0.000	55.800000	37.500000	192.10	55.699871	36.757656	286.2	11011
22	2023-05-03	08:25:01	5845.5655	4	0.0304	0.0039	5846.4086	-1.9	-2.7	0.3057	0.0260	0.0002	0.0375	-0.9068	60	0.000	55.800000	37.500000	192.10	55.699871	36.757656	286.2	11011
22	2023-05-03	08:26:01	5845.5660	4	0.0255	0.0033	5846.4092	-3.6	-2.0	0.3046	0.0260	0.0003	0.0373	-0.9068	60	0.000	55.800000	37.500000	192.10	55.699776	36.757740	285.8	11011
22	2023-05-03	08:27:01	5845.5658	4	0.0320	0.0041	5846.4091	-4.1	-1.5	0.3051	0.0260	0.0003	0.0372	-0.9068	60	0.000	55.800000	37.500000	192.10	55.699776	36.757740	283.3	11011
22	2023-05-03	08:28:01	5845.5665	4	0.0258	0.0033	5846.4098	-4.2	-3.4	0.3067	0.0260	0.0004	0.0371	-0.9068	60	0.000	55.800000	37.500000	192.10	55.699722	36.759018	282.1	11011
22	2023-05-03	08:29:01	5845.5662	4	0.0259	0.0033	5846.4097	-1.6	-2.9	0.3060	0.0260	0.0002	0.0371	-0.9068	60	0.000	55.800000	37.500000	192.10	55.699837	36.757797	286.9	11011
22	2023-05-03	08:30:01	5845.5655	4	0.0254	0.0033	5846.4093	-1.7	-2.1	0.3019	0.0259	0.0003	0.0368	-0.9068	60	0.000	55.800000	37.500000	192.10	55.699432	36.757961	273.8	11011
22	2023-05-03	08:31:01	5845.5658	4	0.0273	0.0035	5846.4097	-1.4	-2.0	0.3067	0.0259	0.0001	0.0368	-0.9068	60	0.000	55.800000	37.500000	192.10	55.699444	36.758160	253.7	11011
22	2023-05-03	08:32:01	5845.5648	4	0.0313	0.0040	5846.4089	-1.8	-2.1	0.2928	0.0259	0.0001	0.0367	-0.9068	60	0.000	55.800000	37.500000	192.10	55.699444	36.757954	240.3	11011
22	2023-05-03	08:33:01	5845.5663	4	0.0256	0.0033	5846.4105	-1.4	-2.4	0.3024	0.0259	0.0001	0.0366	-0.9068	60	0.000	55.800000	37.500000	192.10	55.699375	36.757801	220.5	11011
22	2023-05-03	08:34:01	5845.5649	4	0.0232	0.0030	5846.4092	-2.1	-0.8	0.2988	0.0258	0.0002	0.0365	-0.9069	60	0.000	55.800000	37.500000	192.10	55.699413	36.757915	211.0	11011
22	2023-05-03	08:35:01	5845.5651	4	0.0292	0.0038	5846.4096	-3.0	-1.6	0.2985	0.0258	0.0002	0.0364	-0.9069	60	0.000	55.800000	37.500000	192.10	55.699322	36.757790	206.0	11011
22	2023-05-03	08:36:01	5845.5645	4	0.0241	0.0031	5846.4091	-1.9	-1.7	0.3021	0.0257	0.0002	0.0363	-0.9069	60	0.000	55.800000	37.500000	192.10	55.699413	36.757725	194.6	11011
22	2023-05-03	08:37:01	5845.5636	4	0.0279	0.0036	5846.4083	-2.7	-3.2	0.2988	0.0257	0.0002	0.0363	-0.9069	60	0.000	55.800000	37.500000	192.10	55.699413	36.757725	194.6	11011
22	2023-05-03	08:38:01	5845.5664	4	0.0311	0.0040	5846.4110	-1.8	-5.9	0.2935	0.0257	0.0005	0.0362	-0.9069	60	0.000	55.800000	37.500000	192.10	55.699413	36.757725	194.6	11011
22	2023-05-03	08:39:01	5845.5670	4	0.0306	0.0040	5846.4115	-2.2	-6.2	0.2929	0.0256	0.0006	0.0362	-0.9069	60	0.000	55.800000	37.500000	192.10	55.699413	36.757725	194.6	11011
22	2023-05-03	08:40:01	5845.5647	4	0.0271	0.0035	5846.4093	-2.9	-6.7	0.3023	0.0256	0.0007	0.0360	-0.9069	60	0.000	55.800000	37.500000	192.10	55.699413	36.757725	194.6	11011
22	2023-05-03	08:41:01	5845.5663	4	0.0249	0.0032	5846.4109	-2.7	-8.2	0.2940	0.0255	0.0007	0.0361	-0.9069	60	0.000	55.800000	37.500000	192.10	55.699413	36.757725	194.6	11011
22	2023-05-03	08:42:01	5845.5652	4	0.0257	0.0033	5846.4099	-3.0	-8.2	0.2932	0.0254	0.0009	0.0359	-0.9069	60	0.000	55.800000	37.500000	192.10	55.699413	36.757725	194.6	11011
22	2023-05-03	08:43:01	5845.5656	4	0.0263	0.0034	5846.4106	-2.3	-7.1	0.2986	0.0254	0.0007	0.0359	-0.9069	60	0.000	55.800000	37.500000	192.10	55.699413	36.757725	194.6	11011
22	2023-05-03	08:44:01	5845.5643	4	0.0256	0.0033	5846.4096	-2.0	-7.2	0.2963	0.0253	0.0007	0.0356	-0.9069	60	0.000	55.800000	37.500000	192.10	55.699413	36.757725	194.6	11011
22	2023-05-03	08:45:01	5845.5632	4	0.0264	0.0034	5846.4085	-1.4	-8.5	0.2908	0.0252	0.0008	0.0356	-0.9069	60	0.000	55.800000	37.500000	192.10	55.699455	36.757751	171.6	11011
22	2023-05-03	08:46:01	5845.5665	4	0.0306	0.0040	5846.4120	-2.0	-6.7	0.2862	0.0252	0.0006	0.0357	-0.9069	60	0.000	55.800000	37.500000	192.10	55.699348	36.757675	171.2	11011
62	2023-05-03	10:59:22	5899.7811	4	0.0280	0.0036	5900.6529	-0.4	3.4	0.3711	-0.0089	0.0002	0.0450	-0.9080	60	0.000	55.800000	37.500000	192.10	56.028343	37.231030	198.5	11011
62	2023-05-03	11:00:22	5899.7833	4	0.0304	0.0039	5900.6553	0.8	3.8	0.3665	-0.0093	0.0002	0.0451	-0.9080	60	0.000	55.800000	37.500000	192.10	56.028599	37.231094	198.0	11011
62	2023-05-03	11:01:22	5899.7825	4	0.0247	0.0032	5900.6552	0.1	3.0	0.3672	-0.0097	0.0002	0.0448	-0.9080	60	0.000	55.800000	37.500000	192.10	56.028503	37.230503	198.4	11011
62	2023-05-03	11:02:22	5899.7829	4	0.0241	0.0031	5900.6562	-0.2	1.0	0.3632	-0.0101	0.0000	0.0447	-0.9080	60	0.000	55.800000	37.500000	192.10	56.028622	37.231125	198.6	11011
62	2023-05-03	11:03:22	5899.7817	4	0.0318	0.0041	5900.6555	0.3	2.1	0.3650	-0.0105	0.0001	0.0446	-0.9080	60	0.000	55.800000	37.500000	192.10	56.028515	37.230534	199.5	11011
62	2023-05-03	11:04:22	5899.7820	4	0.0266	0.0034	5900.6560	0.3	2.0	0.3647	-0.0109	0.0001	0.0447	-0.9081	60	0.000	55.800000	37.500000	192.10	56.028389	37.229771	199.4	11011
62	2023-05-03	11:05:22	5899.7815	4	0.0228	0.0029	5900.6562	1.5	3.2	0.3732	-0.0113	0.0002	0.0444	-0.9081	60	0.000	55.800000	37.500000	192.10	56.028725	37.229282	200.9	11011
62	2023-05-03	11:06:22	5899.7811	4	0.0219	0.0028	5900.6561	1.0	2.3	0.3626	-0.0117	0.0001	0.0445	-0.9081	60	0.000	55.800000	37.500000	192.10	56.028828	37.229847	202.4	11011
62	2023-05-03	11:07:22	5899.7817	4	0.0277	0.0036	5900.6572	1.1	3.8	0.3667	-0.0120	0.0002	0.0444	-0.9081	60	0.000	55.800000	37.500000	192.10	56.028591	37.231007	203.3	11011
62	2023-05-03	11:08:22	5899.7821	4	0.0244	0.0032	5900.6582	1.5	3.4	0.3681	-0.0124	0.0003	0.0442	-0.9081	60	0.000	55.800000	37.500000	192.10	56.028725	37.231239	203.1	11011
62	2023-05-03	11:09:22	5899.7834	4	0.0258	0.0033	5900.6599	2.2	5.3	0.3582	-0.0128	0.0004	0.0441	-0.9081	60	0.000	55.800000	37.500000	192.10	56.028572	37.230370	203.0	11011
62	2023-05-03	11:10:22	5899.7830	4	0.0287	0.0037	5900.6600	2.4	4.7	0.3663	-0.0132	0.0003	0.0441	-0.9081	60	0.000	55.800000	37.500000	192.10	56.028572	37.230473	203.2	11011
62	2023-05-03	11:11:22	5899.7815	4	0.0279	0.0036	5900.6589	3.1	3.2	0.3584	-0.0136	0.0003	0.0440	-0.9081	60	0.000	55.800000	37.500000	192.10	56.028564	37.230320	203.8	11011
62	2023-05-03	11:12:22	5899.7834	4	0.0266	0.0034	5900.6612	2.6	3.1	0.3585	-0.0140	0.0002	0.0441	-0.9081	60	0.000	55.800000	37.500000	192.10	56.028694	37.230549	204.8	11011
62	2023-05-03	11:13:22	5899.7823	4	0.0246	0.0032	5900.6605	3.6	3.2	0.3630	-0.0144	0.0003	0.0440	-0.9081	60	0.000	55.800000	37.500000	192.10	56.028427	37.230980	205.8	11011
62	2023-05-03	11:14:22	5899.7820	4	0.0168	0.0022	5900.6606	3.9	4.0	0.3622	-0.0148	0.0004	0.0440	-0.9081	60	0.000	55.800000	37.500000	192.10	56.028458	37.231056	203.5	11011
62	2023-05-03	11:15:22	5899.7837	4	0.0244	0.0032	5900.6624	3.6	5.1	0.3600	-0.0152	0.0006	0.0441	-0.9081	60	0.000	55.800000	37.500000	192.10	56.028637	37.230419	202.3	11011
62	2023-05-03	11:16:22	5899.7826	4	0.0277	0.0036	5900.6622	2.8	4.8	0.3609	-0.0156	0.0003	0.0438	-0.9081	60	0.000	55.800000	37.500000	192.10	56.028564	37.230427	201.5	11011
62	2023-05-03	11:17:22	5899.7834	4	0.0204	0.0026	5900.6632	4.1	6.1	0.3659	-0.0160	0.0007	0.0438	-0.9082	60	0.000	55.800000	37.500000	192.10	56.028488	37.230865	200.8	11011
62	2023-05-03	11:18:22	5899.7820	4	0.0351	0.0045	5900.6621	4.0	5.5	0.3590	-0.0164	0.0006	0.0439	-0.9082	60	0.000	55.800000	37.500000	192.10	--	--	--	11011
62	2023-05-03	11:19:22	5899.7830	4	0.0239	0.0031	5900.6635	2.8	6.3	0.3582	-0.0169	0.0008	0.0438	-0.9082	60	0.000	55.800000	37.500000	192.10	--	--	--	11011
62	2023-05-03	11:20:22	5899.7825	4	0.0238	0.0031	5900.6635	1.2	5.1	0.3574	-0.0173	0.0004	0.0440	-0.9082	60	0.000	55.800000	37.500000	192.10	--	--	--	11011
62	2023-05-03	11:21:22	5899.7818	4	0.0173	0.0022	5900.6633	2.4	5.0	0.3636	-0.0177	0.0005	0.0438	-0.9082	60	0.000	55.800000	37.500000	192.10	--	--	--	11011
62	2023-05-03	11:22:22	5899.7826	4	0.0240	0.0031	5900.6647	2.7	5.1	0.3605	-0.0181	0.0003	0.0439	-0.9082	60	0.000	55.800000	37.500000	192.10	56.028458	37.231754	182.0	11011
62	2023-05-03	11:23:22	5899.7815	4	0.0230	0.0030	5900.6641	2.6	4.0	0.3564	-0.0185	0.0002	0.0439	-0.9082	60	0.000	55.800000	37.500000	192.10	56.028458	37.230492	195.3	11011
62	2023-05-03	11:24:22	5899.7828	4	0.0181	0.0023	5900.6653	2.9	6.2	0.3605	-0.0189	0.0009	0.0438	-0.9082	60	0.000	55.800000	37.500000	192.10	56.028069	37.230999	193.4	11011
62	2023-05-03	11:25:22	5899.7815	4	0.0233	0.0030	5900.6651	2.2	3.8	0.3619	-0.0193	0.0002	0.0437	-0.9082	60	0.000	55.800000	37.500000	192.10	56.028408	37.231037	180.4	11011
62	2023-05-03	11:26:22	5899.7804	4	0.0270	0.0035	5900.6644	2.5	4.5	0.3561	-0.0197	0.0003	0.0437	-0.9082	60	0.000	55.800000	37.500000	192.10	56.028522	37.231144	176.9	11011
62	2023-05-03	11:27:22	5899.7824	4	0.0288	0.0037	5900.6669	1.9	4.0	0.3515	-0.0201	0.0002	0.0436	-0.9082	60	0.000	55.800000	37.500000	192.10	56.028915	37.230961	180.3	11011
62	2023-05-03	11:28:22	5899.7822	4	0.0303	0.0039	5900.6671	2.8	4.8	0.3582	-0.0205	0.0004	0.0435	-0.9082	60	0.000	55.800000	37.500000	192.10	56.028751	37.231152	181.5	11011
62	2023-05-03	11:29:22	5899.7828	4	0.0250	0.0032	5900.6683	2.9	4.2	0.3536	-0.0209	0.0002	0.0435	-0.9083	60	0.000	55.800000	37.500000	192.10	56.028717	37.231400	182.1	11011
62	2023-05-03	11:30:22	5899.7817	4	0.0259	0.0033	5900.6672	3.5	5.1	0.3584	-0.0213	0.0004	0.0436	-0.9083	60	0.000	55.800000	37.500000	192.10	56.028458	37.231583	178.2	11011
62	2023-05-03	11:31:22	5899.7827	4	0.0269	0.0035	5900.6687	3.7	4.6	0.3566	-0.0217	0.0004	0.0437	-0.9083	60	0.000	55.800000	37.500000	192.10	56.028660	37.231247	181.7	11011
62	2023-05-03	11:32:22	5899.7824	4	0.0269	0.0035	5900.6687	3.5	5.7	0.3591	-0.0222	0.0006	0.0436	-0.9083	60	0.000	55.800000	37.500000	192.10	56.028446	37.231190	182.9	11011
62	2023-05-03	11:33:22	5899.7825	4	0.0201	0.0026	5900.6688	3.7	7.1	0.3529	-0.0226	0.0010	0.0435	-0.9083	60	0.000	55.800000	37.500000	192.10	56.028522	37.230381	187.4	11011
62	2023-05-03	11:34:22	5899.7838	4	0.0230	0.0030	5900.6707	3.6	7.9	0.3612	-0.0230	0.0009	0.0435	-0.9083	60	0.000	55.800000	37.500000	192.10	56.028172	37.230312	188.9	11011
62	2023-05-03	11:35:22	5899.7841	4	0.0308	0.0040	5900.6715	4.4	6.9	0.3590	-0.0234	0.0009	0.0434	-0.9083	60	0.000	55.800000	37.500000	192.10	--	--	--	11011
62	2023-05-03	11:36:22	5899.7826	4	0.0257	0.0033	5900.6706	4.0	6.0	0.3516	-0.0238	0.0005	0.0435	-0.9083	60	0.000	55.800000	37.500000	192.10	--	--	--	11011
62	2023-05-03	11:37:22	5899.7817	4	0.0234	0.0030	5900.6704	3.6	5.2	0.3572	-0.0242	0.0005	0.0433	-0.9083	60	0.000	55.800000	37.500000	192.10	--	--	--	11011
62	2023-05-03	11:38:22	5899.7823	4	0.0258	0.0033	5900.6714	4.0	5.9	0.3589	-0.0246	0.0005	0.0434	-0.9083	60	0.000	55.800000	37.500000	192.10	--	--	--	11011
62	2023-05-03	11:39:22	5899.7825	4	0.0305	0.0039	5900.6722	2.9	3.8	0.3549	-0.0250	0.0003	0.0433	-0.9083	60	0.000	55.800000	37.500000	192.10	--	--	--	11011
62	2023-05-03	11:40:22	5899.7824	4	0.0194	0.0025	5900.6724	4.0	3.5	0.3543	-0.0254	0.0003	0.0434	-0.9083	60	0.000	55.800000	37.500000	192.10	--	--	--	11011
62	2023-05-03	11:41:22	5899.7826	4	0.0257	0.0033	5900.6730	3.6	5.7	0.3578	-0.0258	0.0005	0.0433	-0.9083	60	0.000	55.800000	37.500000	192.10	--	--	--	11011
62	2023-05-03	11:42:22	5899.7827	4	0.0263	0.0034	5900.6731	4.5	5.7	0.3566	-0.0263	0.0007	0.0434	-0.9084	60	0.000	55.800000	37.500000	192.10	--	--	--	11011
62	2023-05-03	11:43:22	5899.7839	4	0.0250	0.0032	5900.6753	5.2	4.0	0.3581	-0.0267	0.0006	0.0431	-0.9084	60	0.000	55.800000	37.500000	192.10	--	--	--	11011
62	2023-05-03	11:44:22	5899.7833	4	0.0315	0.0041	5900.6749	4.2	3.0	0.3506	-0.0271	0.0005	0.0433	-0.9084	60	0.000	55.800000	37.500000	192.10	--	--	--	11011
62	2023-05-03	11:45:22	5899.7832	4	0.0273	0.0035	5900.6754	4.7	2.4	0.3503	-0.0275	0.0004	0.0433	-0.9084	60	0.000	55.800000	37.500000	192.10	--	--	--	11011
62	2023-05-03	11:46:22	5899.7832	4	0.0196	0.0025	5900.6758	5.4	2.3	0.3556	-0.0279	0.0004	0.0433	-0.9084	60	0.000	55.800000	37.500000	192.10	--	--	--	11011
62	2023-05-03	11:47:22	5899.7818	4	0.0247	0.0032	5900.6749	4.7	2.9	0.3518	-0.0283	0.0004	0.0432	-0.9084	60	0.000	55.800000	37.500000	192.10	--	--	--	11011
62	2023-05-03	11:48:22	5899.7828	4	0.0235	0.0030	5900.6762	3.8	3.1	0.3531	-0.0287	0.0004	0.0433	-0.9084	60	0.000	55.800000	37.500000	192.10	--	--	--	11011
62	2023-05-03	11:49:22	5899.7822	4	0.0186	0.0024	5900.6762	3.2	4.1	0.3576	-0.0291	0.0003	0.0433	-0.9084	60	0.000	55.800000	37.500000	192.10	--	--	--	11011
62	2023-05-03	11:50:22	5899.7815	4	0.0260	0.0034	5900.6757	3.2	4.4	0.3558	-0.0295	0.0004	0.0433	-0.9084	60	0.000	55.800000	37.500000	192.10	--	--	--	11011
62	2023-05-03	11:51:22	5899.7824	4	0.0321	0.0041	5900.6773	2.8	4.1	0.3548	-0.0300	0.0003	0.0432	-0.9084	60	0.000	55.800000	37.500000	192.10	--	--	--	11011
62	2023-05-03	11:52:22	5899.7825	4	0.0233	0.0030	5900.6778	3.4	3.6	0.3541	-0.0304	0.0003	0.0432	-0.9084	60	0.000	55.800000	37.500000	192.10	--	--	--	11011
62	2023-05-03	11:53:22	5899.7823	4	0.0292	0.0038	5900.6777	3.4	5.5	0.3495	-0.0308	0.0006	0.0432	-0.9084	60	0.000	55.800000	37.500000	192.10	--	--	--	11011
62	2023-05-03	11:54:22	5899.7813	4	0.0205	0.0026	5900.6773	3.2	5.6	0.3562	-0.0312	0.0005	0.0431	-0.9085	60	0.000	55.800000	37.500000	192.10	--	--	--	11011
62	2023-05-03	11:55:22	5899.7835	4	0.0187	0.0024	5900.6802	1.8	5.7	0.3523	-0.0316	0.0004	0.0430	-0.9085	60	0.000	55.800000	37.500000	192.10	--	--	--	11011
62	2023-05-03	11:56:22	5899.7832	4	0.0254	0.0033	5900.6800	2.8	4.6	0.3530	-0.0320	0.0005	0.0432	-0.9085	60	0.000	55.800000	37.500000	192.10	--	--	--	11011
62	2023-05-03	11:57:22	5899.7838	4	0.0235	0.0030	5900.6808	2.9	6.6	0.3558	-0.0324	0.0006	0.0432	-0.9085	60	0.000	55.800000	37.500000	192.10	--	--	--	11011
62	2023-05-03	11:58:22	5899.7813	4	0.0253	0.0033	5900.6786	2.9	6.7	0.3551	-0.0328	0.0009	0.0431	-0.9085	60	0.000	55.800000	37.500000	192.10	--	--	--	11011
22	2023-05-03	13:44:25	5845.5555	4	0.0224	0.0029	5846.4861	0.9	-0.4	0.3952	-0.0697	0.0001	0.0483	-0.9093	60	0.000	55.800000	37.500000	192.10	55.699528	36.757778	202.0	11011
22	2023-05-03	13:45:25	5845.5546	4	0.0332	0.0043	5846.4858	1.0	0.3	0.3946	-0.0699	0.0001	0.0480	-0.9093	60	0.000	55.800000	37.500000	192.10	55.699776	36.757759	214.8	11011
22	2023-05-03	13:46:25	5845.5554	4	0.0307	0.0040	5846.4872	2.2	-0.7	0.3866	-0.0702	0.0001	0.0476	-0.9093	60	0.000	55.800000	37.500000	192.10	55.699646	36.757980	220.8	11011
22	2023-05-03	13:47:25	5845.5558	4	0.0214	0.0028	5846.4884	1.5	-0.3	0.3848	-0.0704	0.0001	0.0472	-0.9094	60	0.000	55.800000	37.500000	192.10	55.699455	36.757771	213.2	11011
22	2023-05-03	13:48:25	5845.5548	4	0.0253	0.0033	5846.4882	1.6	0.8	0.3788	-0.0707	0.0001	0.0466	-0.9094	60	0.000	55.800000	37.500000	192.10	55.699120	36.757931	208.1	11011
22	2023-05-03	13:49:25	5845.5548	4	0.0215	0.0028	5846.4889	1.2	1.7	0.3758	-0.0709	0.0001	0.0461	-0.9094	60	0.000	55.800000	37.500000	192.10	55.699501	36.757687	204.5	11011
22	2023-05-03	13:50:25	5845.5541	4	0.0223	0.0029	5846.4888	0.9	0.9	0.3743	-0.0711	0.0001	0.0458	-0.9094	60	0.000	55.800000	37.500000	192.10	55.699528	36.757668	204.6	11011
22	2023-05-03	13:51:25	5845.5545	4	0.0204	0.0026	5846.4901	0.7	1.6	0.3662	-0.0714	0.0001	0.0451	-0.9094	60	0.000	55.800000	37.500000	192.10	55.699539	36.757854	204.9	11011
22	2023-05-03	13:52:25	5845.5543	4	0.0214	0.0028	5846.4901	0.5	1.5	0.3720	-0.0716	0.0001	0.0451	-0.9094	60	0.000	55.800000	37.500000	192.10	55.699539	36.757854	204.9	11011
22	2023-05-03	13:53:25	5845.5539	4	0.0233	0.0030	5846.4905	0.3	0.7	0.3599	-0.0718	0.0001	0.0446	-0.9094	60	0.000	55.800000	37.500000	192.10	55.699642	36.757858	203.0	11011
22	2023-05-03	13:54:25	5845.5557	4	0.0254	0.0033	5846.4927	1.0	-0.6	0.3570	-0.0721	0.0001	0.0444	-0.9094	60	0.000	55.800000	37.500000	192.10	55.699642	36.757858	203.0	11011
22	2023-05-03	13:55:25	5845.5552	4	0.0183	0.0024	5846.4930	2.3	-0.8	0.3605	-0.0723	0.0001	0.0438	-0.9094	60	0.000	55.800000	37.500000	192.10	55.699642	36.757877	196.9	11011
22	2023-05-03	13:56:25	5845.5553	4	0.0230	0.0030	5846.4933	1.3	-1.6	0.3603	-0.0725	0.0001	0.0437	-0.9094	60	0.000	55.800000	37.500000	192.10	55.699795	36.758018	199.4	11011
22	2023-05-03	13:57:25	5845.5540	4	0.0252	0.0033	5846.4926	1.1	-1.6	0.3623	-0.0727	0.0001	0.0434	-0.9094	60	0.000	55.800000	37.500000	192.10	55.699665	36.757759	204.8	11011
22	2023-05-03	13:58:25	5845.5532	4	0.0214	0.0028	5846.4924	1.3	-2.0	0.3516	-0.0730	0.0001	0.0431	-0.9094	60	0.000	55.800000	37.500000	192.10	55.699577	36.757847	204.9	11011
22	2023-05-03	13:59:25	5845.5553	4	0.0238	0.0031	5846.4950	0.9	1.1	0.3487	-0.0732	0.0001	0.0429	-0.9094	60	0.000	55.800000	37.500000	192.10	55.699253	36.757915	214.9	11011
22	2023-05-03	14:00:25	5845.5536	4	0.0234	0.0030	5846.4939	0.6	1.2	0.3501	-0.0734	0.0001	0.0425	-0.9095	60	0.000	55.800000	37.500000	192.10	55.699921	36.757210	218.3	11011
22	2023-05-03	14:01:25	5845.5546	4	0.0230	0.0030	5846.4953	1.4	1.3	0.3494	-0.0736	0.0001	0.0423	-0.9095	60	0.000	55.800000	37.500000	192.10	55.699261	36.758083	220.0	11011
22	2023-05-03	14:02:25	5845.5532	4	0.0211	0.0027	5846.4943	0.7	-0.4	0.3449	-0.0738	0.0001	0.0421	-0.9095	60	0.000	55.800000	37.500000	192.10	55.699547	36.757828	225.1	11011
22	2023-05-03	14:03:25	5845.5532	4	0.0145	0.0019	5846.4950	0.0	-0.6	0.3433	-0.0740	0.0000	0.0417	-0.9095	60	0.000	55.800000	37.500000	192.10	55.699776	36.757858	231.9	11011
22	2023-05-03	14:04:25	5845.5540	4	0.0227	0.0029	5846.4960	0.2	-1.5	0.3418	-0.0742	0.0001	0.0417	-0.9095	60	0.000	55.800000	37.500000	192.10	55.699482	36.757771	234.5	11011
22	2023-05-03	14:05:25	5845.5538	4	0.0201	0.0026	5846.4963	-1.3	-0.2	0.3357	-0.0744	0.0001	0.0413	-0.9095	60	0.000	55.800000	37.500000	192.10	55.699482	36.757771	234.5	11011
22	2023-05-03	14:06:25	5845.5532	4	0.0264	0.0034	5846.4959	-1.6	-0.9	0.3380	-0.0746	0.0002	0.0413	-0.9095	60	0.000	55.800000	37.500000	192.10	55.699482	36.757771	215.8	11011
22	2023-05-03	14:07:25	5845.5542	4	0.0246	0.0032	5846.4974	-0.7	-2.1	0.3367	-0.0748	0.0001	0.0410	-0.9095	60	0.000	55.800000	37.500000	192.10	55.699398	36.757664	215.8	11011
22	2023-05-03	14:08:25	5845.5535	4	0.0250	0.0032	5846.4971	-0.6	-2.7	0.3370	-0.0750	0.0001	0.0409	-0.9095	60	0.000	55.800000	37.500000	192.10	55.699375	36.757858	208.9	11011
22	2023-05-03	14:09:25	5845.5537	4	0.0233	0.0030	5846.4979	-0.4	-0.2	0.3251	-0.0752	0.0000	0.0405	-0.9095	60	0.000	55.800000	37.500000	192.10	55.699482	36.757801	204.4	11011
22	2023-05-03	14:10:25	5845.5531	4	0.0211	0.0027	5846.4977	-0.3	-0.7	0.3317	-0.0754	0.0001	0.0403	-0.9095	60	0.000	55.800000	37.500000	192.10	55.699585	36.757923	207.9	11011
22	2023-05-03	14:11:25	5845.5539	4	0.0195	0.0025	5846.4989	0.8	0.1	0.3290	-0.0756	0.0001	0.0401	-0.9095	60	0.000	55.800000	37.500000	192.10	55.699547	36.757732	204.1	11011
22	2023-05-03	14:12:25	5845.5540	4	0.0267	0.0034	5846.4992	0.4	-1.4	0.3203	-0.0758	0.0001	0.0400	-0.9096	60	0.000	55.800000	37.500000	192.10	55.699547	36.757732	204.1	11011
22	2023-05-03	14:13:25	5845.5528	4	0.0230	0.0030	5846.4984	-0.1	-0.1	0.3227	-0.0759	0.0001	0.0399	-0.9096	60	0.000	55.800000	37.500000	192.10	55.699436	36.757771	186.3	11011
22	2023-05-03	14:14:25	5845.5528	4	0.0186	0.0024	5846.4988	0.6	0.4	0.3293	-0.0761	0.0001	0.0396	-0.9096	60	0.000	55.800000	37.500000	192.10	55.699432	36.757713	178.2	11011
22	2023-05-03	14:15:25	5845.5523	4	0.0202	0.0026	5846.4987	0.3	0.5	0.3255	-0.0763	0.0001	0.0394	-0.9096	60	0.000	55.800000	37.500000	192.10	55.699318	36.757778	177.0	11011
22	2023-05-03	14:16:25	5845.5549	4	0.0236	0.0030	5846.5015	0.2	0.6	0.3132	-0.0765	0.0001	0.0393	-0.9096	60	0.000	55.800000	37.500000	192.10	55.699242	36.757744	184.1	11011
22	2023-05-03	14:17:25	5845.5527	4	0.0233	0.0030	5846.4995	0.2	-0.2	0.3198	-0.0766	0.0001	0.0393	-0.9096	60	0.000	55.800000	37.500000	192.10	55.699242	36.757744	184.1	11011
22	2023-05-03	14:18:25	5845.5518	4	0.0196	0.0025	5846.4991	-0.1	0.3	0.3208	-0.0768	0.0001	0.0390	-0.9096	60	0.000	55.800000	37.500000	192.10	55.699413	36.757553	195.5	11011
22	2023-05-03	14:19:25	5845.5523	4	0.0173	0.0022	5846.5000	-0.8	-0.8	0.3213	-0.0770	0.0001	0.0388	-0.9096	60	0.000	55.800000	37.500000	192.10	55.699341	36.757725	198.3	11011
22	2023-05-03	14:20:25	5845.5525	4	0.0251	0.0032	5846.5005	-0.6	-1.1	0.3121	-0.0771	0.0000	0.0387	-0.9096	60	0.000	55.800000	37.500000	192.10	55.699444	36.757816	198.9	11011
22	2023-05-03	14:21:25	5845.5519	4	0.0203	0.0026	5846.5003	-0.4	-0.7	0.3171	-0.0773	0.0001	0.0385	-0.9096	60	0.000	55.800000	37.500000	192.10	55.699356	36.757771	185.1	11011
22	2023-05-03	14:22:25	5845.5522	4	0.0206	0.0027	5846.5006	-0.8	-0.9	0.3145	-0.0775	0.0001	0.0386	-0.9096	60	0.000	55.800000	37.500000	192.10	55.699356	36.757771	175.1	11011
22	2023-05-03	14:23:25	5845.5518	4	0.0268	0.0035	5846.5008	-0.8	0.4	0.3148	-0.0776	0.0001	0.0382	-0.9096	60	0.000	55.800000	37.500000	192.10	55.699436	36.757790	174.9	11011
22	2023-05-03	14:24:25	5845.5504	4	0.0256	0.0033	5846.4996	-0.8	0.2	0.3066	-0.0778	0.0000	0.0382	-0.9096	60	0.000	55.800000	37.500000	192.10	55.699436	36.757790	174.9	11011
22	2023-05-03	14:25:25	5845.5520	4	0.0182	0.0024	5846.5014	-2.2	-1.0	0.3146	-0.0779	0.0001	0.0380	-0.9097	60	0.000	55.800000	37.500000	192.10	55.699646	36.757511	173.2	11011
22	2023-05-03	14:26:25	5845.5514	4	0.0281	0.0036	5846.5011	-0.8	-0.5	0.3135	-0.0781	0.0001	0.0380	-0.9097	60	0.000	55.800000	37.500000	192.10	55.699432	36.757656	175.9	11011
22	2023-05-03	14:27:25	5845.5515	4	0.0220	0.0028	5846.5014	-1.3	0.3	0.3164	-0.0782	0.0001	0.0378	-0.9097	60	0.000	55.800000	37.500000	192.10	55.699310	36.757854	180.6	11011
22	2023-05-03	14:28:25	5845.5525	4	0.0268	0.0035	5846.5027	-2.2	-0.4	0.3069	-0.0784	0.0001	0.0378	-0.9097	60	0.000	55.800000	37.500000	192.10	55.699471	36.757980	189.1	11011
22	2023-05-03	14:29:25	5845.5513	4	0.0200	0.0026	5846.5018	-2.1	-0.6	0.3008	-0.0785	0.0001	0.0376	-0.9097	60	0.000	55.800000	37.500000	192.10	55.699406	36.757835	189.7	11011
22	2023-05-03	14:30:25	5845.5511	4	0.0245	0.0032	5846.5017	-2.5	-0.4	0.3049	-0.0786	0.0001	0.0375	-0.9097	60	0.000	55.800000	37.500000	192.10	55.699406	36.757835	189.7	11011
22	2023-05-03	14:31:25	5845.5511	4	0.0193	0.0025	5846.5020	-3.1	-0.6	0.3045	-0.0788	0.0001	0.0375	-0.9097	60	0.000	55.800000	37.500000	192.10	55.699406	36.757835	189.7	11011
22	2023-05-03	14:32:25	5845.5513	4	0.0214	0.0028	5846.5022	-3.2	1.5	0.3023	-0.0789	0.0002	0.0374	-0.9097	60	0.000	55.800000	37.500000	192.10	55.699436	36.757683	174.3	11011
22	2023-05-03	14:33:25	5845.5503	4	0.0216	0.0028	5846.5017	-3.7	0.6	0.3046	-0.0790	0.0002	0.0371	-0.9097	60	0.000	55.800000	37.500000	192.10	55.699436	36.757683	174.3	11011
22	2023-05-03	14:34:25	5845.5518	4	0.0231	0.0030	5846.5034	-3.6	0.8	0.3029	-0.0791	0.0002	0.0371	-0.9097	60	0.000	55.800000	37.500000	192.10	55.699436	36.757683	174.3	11011
22	2023-05-03	14:35:25	5845.5501	4	0.0302	0.0039	5846.5021	-2.3	0.2	0.2977	-0.0793	0.0001	0.0370	-0.9097	60	0.000	55.800000	37.500000	192.10	55.699436	36.757683	174.3	11011
22	2023-05-03	14:36:25	5845.5503	4	0.0248	0.0032	5846.5024	-3.3	0.0	0.2998	-0.0794	0.0001	0.0369	-0.9097	60	0.000	55.800000	37.500000	192.10	55.699436	36.757683	174.3	11011
22	2023-05-03	14:37:25	5845.5509	4	0.0243	0.0031	5846.5033	-3.4	-1.0	0.3053	-0.0795	0.0001	0.0367	-0.9098	60	0.000	55.800000	37.500000	192.10	55.699558	36.757732	159.3	11011
22	2023-05-03	14:38:25	5845.5508	4	0.0233	0.0030	5846.5033	-3.4	-0.3	0.3037	-0.0796	0.0002	0.0367	-0.9098	60	0.000	55.800000	37.500000	192.10	55.699455	36.757706	168.0	11011
22	2023-05-03	14:39:25	5845.5496	4	0.0209	0.0027	5846.5025	-3.2	0.3	0.2998	-0.0797	0.0002	0.0365	-0.9098	60	0.000	55.800000	37.500000	192.10	55.699348	36.757732	165.9	11011
22	2023-05-03	14:40:25	5845.5512	4	0.0216	0.0028	5846.5041	-3.3	-1.3	0.2981	-0.0798	0.0002	0.0365	-0.9098	60	0.000	55.800000	37.500000	192.10	55.699406	36.757687	175.7	11011
22	2023-05-03	14:41:25	5845.5495	4	0.0187	0.0024	5846.5027	-2.1	0.4	0.2964	-0.0800	0.0001	0.0365	-0.9098	60	0.000	55.800000	37.500000	192.10	55.699528	36.757713	177.4	11011
22	2023-05-03	14:42:25	5845.5494	4	0.0209	0.0027	5846.5026	-2.4	1.8	0.2950	-0.0801	0.0001	0.0364	-0.9098	60	0.000	55.800000	37.500000	192.10	55.699299	36.757626	177.7	11011
22	2023-05-03	14:43:25	5845.5493	4	0.0218	0.0028	5846.5027	-2.6	1.9	0.3061	-0.0802	0.0002	0.0364	-0.9098	60	0.000	55.800000	37.500000	192.10	55.699493	36.757732	167.6	11011
2	2023-05-03	16:38:32	5868.1333	4	0.0264	0.0034	5869.0747	1.9	-2.4	0.3746	-0.0759	0.0002	0.0450	-0.9107	60	0.000	55.800000	37.500000	192.10	--	--	--	11011
2	2023-05-03	16:39:32	5868.1330	4	0.0207	0.0027	5869.0744	1.3	0.4	0.3747	-0.0757	0.0000	0.0451	-0.9107	60	0.000	55.800000	37.500000	192.10	--	--	--	11011
2	2023-05-03	16:40:32	5868.1338	4	0.0177	0.0023	5869.0749	1.8	-0.1	0.3682	-0.0756	0.0001	0.0451	-0.9107	60	0.000	55.800000	37.500000	192.10	--	--	--	11011
2	2023-05-03	16:41:32	5868.1328	4	0.0154	0.0020	5869.0743	1.0	-1.0	0.3652	-0.0754	0.0001	0.0446	-0.9107	60	0.000	55.800000	37.500000	192.10	--	--	--	11011
2	2023-05-03	16:42:32	5868.1336	4	0.0145	0.0019	5869.0749	1.8	-1.9	0.3653	-0.0753	0.0002	0.0445	-0.9108	60	0.000	55.800000	37.500000	192.10	--	--	--	11011
2	2023-05-03	16:43:32	5868.1315	4	0.0206	0.0027	5869.0728	0.7	-0.5	0.3634	-0.0751	0.0001	0.0445	-0.9108	60	0.000	55.800000	37.500000	192.10	--	--	--	11011
2	2023-05-03	16:44:32	5868.1311	4	0.0174	0.0023	5869.0725	1.5	-2.4	0.3579	-0.0750	0.0001	0.0441	-0.9108	60	0.000	55.800000	37.500000	192.10	--	--	--	11011
2	2023-05-03	16:45:32	5868.1336	4	0.0228	0.0029	5869.0751	2.0	-1.5	0.3614	-0.0748	0.0001	0.0439	-0.9108	60	0.000	55.800000	37.500000	192.10	--	--	--	11011
2	2023-05-03	16:46:32	5868.1322	4	0.0228	0.0029	5869.0733	2.0	-1.0	0.3612	-0.0746	0.0002	0.0442	-0.9108	60	0.000	55.800000	37.500000	192.10	--	--	--	11011
2	2023-05-03	16:47:32	5868.1311	4	0.0179	0.0023	5869.0725	1.8	-0.1	0.3623	-0.0745	0.0001	0.0439	-0.9108	60	0.000	55.800000	37.500000	192.10	--	--	--	11011
2	2023-05-03	16:48:32	5868.1304	4	0.0154	0.0020	5869.0717	1.2	0.7	0.3559	-0.0743	0.0001	0.0438	-0.9108	60	0.000	55.800000	37.500000	192.10	--	--	--	11011
2	2023-05-03	16:49:32	5868.1320	4	0.0216	0.0028	5869.0730	1.1	-2.4	0.3511	-0.0742	0.0001	0.0439	-0.9108	60	0.000	55.800000	37.500000	192.10	--	--	--	11011
2	2023-05-03	16:50:32	5868.1315	4	0.0222	0.0029	5869.0725	0.3	-1.4	0.3571	-0.0740	0.0001	0.0437	-0.9108	60	0.000	55.800000	37.500000	192.10	--	--	--	11011
2	2023-05-03	16:51:32	5868.1314	4	0.0152	0.0020	5869.0724	0.6	-1.5	0.3564	-0.0738	0.0001	0.0435	-0.9108	60	0.000	55.800000	37.500000	192.10	--	--	--	11011
2	2023-05-03	16:52:32	5868.1317	4	0.0210	0.0027	5869.0728	0.7	-0.2	0.3580	-0.0737	0.0000	0.0433	-0.9108	60	0.000	55.800000	37.500000	192.10	--	--	--	11011
2	2023-05-03	16:53:32	5868.1308	4	0.0151	0.0020	5869.0715	0.6	-0.7	0.3581	-0.0735	0.0000	0.0435	-0.9108	60	0.000	55.800000	37.500000	192.10	--	--	--	11011
2	2023-05-03	16:54:32	5868.1317	4	0.0163	0.0021	5869.0724	-0.1	-1.6	0.3509	-0.0733	0.0001	0.0434	-0.9108	60	0.000	55.800000	37.500000	192.10	--	--	--	11011
2	2023-05-03	16:55:32	5868.1303	4	0.0244	0.0032	5869.0709	0.5	-1.7	0.3604	-0.0731	0.0001	0.0432	-0.9109	60	0.000	55.800000	37.500000	192.10	--	--	--	11011
2	2023-05-03	16:56:32	5868.1313	4	0.0192	0.0025	5869.0717	1.4	-2.4	0.3565	-0.0730	0.0001	0.0433	-0.9109	60	0.000	55.800000	37.500000	192.10	--	--	--	11011
2	2023-05-03	16:57:32	5868.1315	4	0.0171	0.0022	5869.0717	3.2	-0.3	0.3478	-0.0728	0.0002	0.0433	-0.9109	60	0.000	55.800000	37.500000	192.10	--	--	--	11011
2	2023-05-03	16:58:32	5868.1303	4	0.0142	0.0018	5869.0707	2.4	-0.7	0.3589	-0.0726	0.0001	0.0430	-0.9109	60	0.000	55.800000	37.500000	192.10	--	--	--	11011
2	2023-05-03	16:59:32	5868.1317	4	0.0158	0.0020	5869.0720	2.2	-1.5	0.3591	-0.0725	0.0001	0.0429	-0.9109	60	0.000	55.800000	37.500000	192.10	--	--	--	11011
2	2023-05-03	17:00:32	5868.1306	4	0.0186	0.0024	5869.0706	0.6	-3.6	0.3540	-0.0723	0.0002	0.0430	-0.9109	60	0.000	55.800000	37.500000	192.10	--	--	--	11011
2	2023-05-03	17:01:32	5868.1316	4	0.0190	0.0024	5869.0716	0.6	-1.1	0.3501	-0.0721	0.0001	0.0430	-0.9109	60	0.000	55.800000	37.500000	192.10	--	--	--	11011
2	2023-05-03	17:02:32	5868.1314	4	0.0178	0.0023	5869.0711	1.1	-2.4	0.3483	-0.0719	0.0002	0.0429	-0.9109	60	0.000	55.800000	37.500000	192.10	--	--	--	11011
2	2023-05-03	17:03:32	5868.1310	4	0.0177	0.0023	5869.0705	1.4	-2.7	0.3524	-0.0718	0.0002	0.0429	-0.9109	60	0.000	55.800000	37.500000	192.10	--	--	--	11011
2	2023-05-03	17:04:32	5868.1305	4	0.0173	0.0022	5869.0699	1.1	-1.9	0.3492	-0.0716	0.0001	0.0429	-0.9109	60	0.000	55.800000	37.500000	192.10	--	--	--	11011
2	2023-05-03	17:05:32	5868.1310	4	0.0149	0.0019	5869.0705	0.1	-1.1	0.3600	-0.0714	0.0001	0.0428	-0.9109	60	0.000	55.800000	37.500000	192.10	--	--	--	11011
2	2023-05-03	17:06:32	5868.1300	4	0.0226	0.0029	5869.0693	0.3	-2.4	0.3490	-0.0712	0.0001	0.0428	-0.9109	60	0.000	55.800000	37.500000	192.10	--	--	--	11011
2	2023-05-03	17:07:32	5868.1311	4	0.0174	0.0023	5869.0702	-0.4	-1.9	0.3441	-0.0710	0.0001	0.0428	-0.9110	60	0.000	55.800000	37.500000	192.10	--	--	--	11011
2	2023-05-03	17:08:32	5868.1291	4	0.0155	0.0020	5869.0681	0.7	-1.8	0.3500	-0.0708	0.0001	0.0427	-0.9110	60	0.000	55.800000	37.500000	192.10	--	--	--	11011
2	2023-05-03	17:09:32	5868.1278	4	0.0212	0.0027	5869.0667	0.5	-1.7	0.3495	-0.0707	0.0001	0.0427	-0.9110	60	0.000	55.800000	37.500000	192.10	--	--	--	11011
2	2023-05-03	17:10:32	5868.1313	4	0.0207	0.0027	5869.0699	-0.2	-2.9	0.3501	-0.0705	0.0002	0.0427	-0.9110	60	0.000	55.800000	37.500000	192.10	--	--	--	11011
2	2023-05-03	17:11:32	5868.1303	4	0.0166	0.0021	5869.0689	0.5	-0.1	0.3524	-0.0703	0.0001	0.0427	-0.9110	60	0.000	55.800000	37.500000	192.10	--	--	--	11011
2	2023-05-03	17:12:32	5868.1290	4	0.0158	0.0020	5869.0674	-0.1	-2.5	0.3491	-0.0701	0.0002	0.0426	-0.9110	60	0.000	55.800000	37.500000	192.10	--	--	--	11011
2	2023-05-03	17:13:32	5868.1310	4	0.0138	0.0018	5869.0692	-0.3	-2.5	0.3483	-0.0699	0.0002	0.0425	-0.9110	60	0.000	55.800000	37.500000	192.10	--	--	--	11011
2	2023-05-03	17:14:32	5868.1298	4	0.0170	0.0022	5869.0680	0.7	-1.8	0.3477	-0.0697	0.0001	0.0424	-0.9110	60	0.000	55.800000	37.500000	192.10	--	--	--	11011
2	2023-05-03	17:15:32	5868.1305	4	0.0160	0.0021	5869.0685	1.3	-2.4	0.3509	-0.0696	0.0001	0.0424	-0.9110	60	0.000	55.800000	37.500000	192.10	--	--	--	11011
2	2023-05-03	17:16:32	5868.1297	4	0.0208	0.0027	5869.0676	1.3	-3.1	0.3447	-0.0694	0.0002	0.0423	-0.9110	60	0.000	55.800000	37.500000	192.10	--	--	--	11011
2	2023-05-03	17:17:32	5868.1295	4	0.0184	0.0024	5869.0673	1.1	-1.7	0.3478	-0.0692	0.0001	0.0423	-0.9110	60	0.000	55.800000	37.500000	192.10	--	--	--	11011
2	2023-05-03	17:18:32	5868.1298	4	0.0192	0.0025	5869.0674	1.9	-1.2	0.3415	-0.0690	0.0001	0.0424	-0.9110	60	0.000	55.800000	37.500000	192.10	--	--	--	11011
2	2023-05-03	17:19:32	5868.1298	4	0.0144	0.0019	5869.0671	0.9	-1.9	0.3472	-0.0688	0.0001	0.0425	-0.9110	60	0.000	55.800000	37.500000	192.10	--	--	--	11011
2	2023-05-03	17:20:32	5868.1301	4	0.0186	0.0024	5869.0673	0.1	-3.3	0.3461	-0.0686	0.0003	0.0422	-0.9111	60	0.000	55.800000	37.500000	192.10	--	--	--	11011
2	2023-05-03	17:21:32	5868.1304	4	0.0400	0.0052	5869.0675	0.1	-1.1	0.3415	-0.0684	0.0000	0.0423	-0.9111	60	0.000	55.800000	37.500000	192.10	--	--	--	11011
2	2023-05-03	17:22:32	5868.1291	4	0.0263	0.0034	5869.0659	0.6	-1.3	0.3469	-0.0682	0.0001	0.0424	-0.9111	60	0.000	55.800000	37.500000	192.10	--	--	--	11011
2	2023-05-03	17:23:32	5868.1292	4	0.0213	0.0028	5869.0660	1.6	-1.7	0.3475	-0.0680	0.0001	0.0423	-0.9111	60	0.000	55.800000	37.500000	192.10	--	--	--	11011
2	2023-05-03	17:24:32	5868.1291	4	0.0189	0.0024	5869.0655	0.2	-2.8	0.3442	-0.0678	0.0001	0.0424	-0.9111	60	0.000	55.800000	37.500000	192.10	--	--	--	11011
2	2023-05-03	17:25:32	5868.1286	4	0.0247	0.0032	5869.0652	1.1	-2.2	0.3475	-0.0677	0.0001	0.0421	-0.9111	60	0.000	55.800000	37.500000	192.10	--	--	--	11011
2	2023-05-03	17:26:32	5868.1289	4	0.0215	0.0028	5869.0651	1.0	-4.3	0.3449	-0.0675	0.0003	0.0421	-0.9111	60	0.000	55.800000	37.500000	192.10	--	--	--	11011
2	2023-05-03	17:27:32	5868.1304	4	0.0221	0.0029	5869.0664	-0.6	-5.1	0.3499	-0.0673	0.0003	0.0421	-0.9111	60	0.000	55.800000	37.500000	192.10	--	--	--	11011
2	2023-05-03	17:28:32	5868.1277	4	0.0208	0.0027	5869.0633	-0.3	-5.0	0.3447	-0.0671	0.0003	0.0423	-0.9111	60	0.000	55.800000	37.500000	192.10	--	--	--	11011
2	2023-05-03	17:29:32	5868.1278	4	0.0220	0.0028	5869.0634	0.1	-5.2	0.3475	-0.0669	0.0003	0.0421	-0.9111	60	0.000	55.800000	37.500000	192.10	--	--	--	11011
2	2023-05-03	17:30:32	5868.1298	4	0.0183	0.0024	5869.0653	0.1	-4.8	0.3489	-0.0667	0.0003	0.0421	-0.9111	60	0.000	55.800000	37.500000	192.10	--	--	--	11011
2	2023-05-03	17:31:32	5868.1270	4	0.0193	0.0025	5869.0625	0.8	-3.1	0.3432	-0.0665	0.0001	0.0420	-0.9111	60	0.000	55.800000	37.500000	192.10	--	--	--	11011
2	2023-05-03	17:32:32	5868.1295	4	0.0185	0.0024	5869.0647	1.0	-4.4	0.3455	-0.0663	0.0003	0.0420	-0.9112	60	0.000	55.800000	37.500000	192.10	--	--	--	11011
2	2023-05-03	17:33:32	5868.1299	4	0.0189	0.0024	5869.0646	0.0	-6.1	0.3481	-0.0661	0.0005	0.0421	-0.9112	60	0.000	55.800000	37.500000	192.10	--	--	--	11011
2	2023-05-03	17:34:32	5868.1289	4	0.0180	0.0023	5869.0636	0.8	-4.4	0.3453	-0.0659	0.0004	0.0420	-0.9112	60	0.000	55.800000	37.500000	192.10	--	--	--	11011
2	2023-05-03	17:35:32	5868.1288	4	0.0158	0.0020	5869.0632	0.3	-4.7	0.3493	-0.0657	0.0005	0.0419	-0.9112	60	0.000	55.800000	37.500000	192.10	--	--	--	11011
2	2023-05-03	17:36:32	5868.1281	4	0.0164	0.0021	5869.0625	0.1	-6.3	0.3408	-0.0655	0.0005	0.0418	-0.9112	60	0.000	55.800000	37.500000	192.10	--	--	--	11011
2	2023-05-03	17:37:32	5868.1288	4	0.0235	0.0030	5869.0630	0.7	-5.2	0.3499	-0.0653	0.0003	0.0420	-0.9112	60	0.000	55.800000	37.500000	192.10	--	--	--	11011
