/		CG-6 Survey
/		Survey Name:	MAIN-ZVEB
/		Instrument Serial Number:	000000022090469
/		Created:	2023-04-18 06:05:10
/
/		CG-6 Calibration
/		Operator:	EPR
/		Gcal1 [mGal]:	8231.937000
/		Goff [ADU]:	-8388608.000000
/		Gref [mGal]:	0.0000
/		X Scale [arc-sec/ADU]:	0.031069
/		Y Scale [arc-sec/ADU]:	0.030920
/		X Offset [ADU]:	-230679.188987
/		Y Offset [ADU]:	-200835.621911
/		Temperature Coefficient [mGal/mK]:	-0.122000
/		Temperature Scale [mK/ADU]:	-0.000111
/		Drift Rate [mGal/day]:	0.011500
/		Drift Zero Time:	2023-02-13 12:00:00
/		Firmware Version:	CG6_2_20220815
/
/Station	Date	Time	CorrGrav	Line	StdDev	StdErr	RawGrav	X	Y	SensorTemp	TideCorr	TiltCorr	TempCorr	DriftCorr	MeasurDur	InstrHeight	LatUser	LonUser	ElevUser	LatGPS	LonGPS	ElevGPS	Corrections[drift-temp-na-tide-tilt]
4	2023-04-18	06:05:10	5869.0853	2	0.0096	0.0012	5869.8060	3.8	-0.1	0.3640	-0.0320	0.0002	0.0443	-0.7332	60	0.000	55.800000	37.500000	192.10	55.780895	37.639278	185.4	11011
4	2023-04-18	06:06:10	5869.0857	2	0.0085	0.0011	5869.8060	3.1	-1.2	0.3635	-0.0316	0.0002	0.0443	-0.7332	60	0.000	55.800000	37.500000	192.10	55.780983	37.639336	185.0	11011
4	2023-04-18	06:07:10	5869.0866	2	0.0085	0.0011	5869.8068	3.9	0.1	0.3650	-0.0312	0.0002	0.0440	-0.7332	60	0.000	55.800000	37.500000	192.10	55.781040	37.639191	185.4	11011
4	2023-04-18	06:08:10	5869.0861	2	0.0092	0.0012	5869.8059	4.0	1.5	0.3568	-0.0308	0.0002	0.0439	-0.7332	60	0.000	55.800000	37.500000	192.10	55.780956	37.639305	184.2	11011
4	2023-04-18	06:09:10	5869.0855	2	0.0091	0.0012	5869.8050	3.2	0.8	0.3572	-0.0303	0.0002	0.0438	-0.7332	60	0.000	55.800000	37.500000	192.10	55.781021	37.639240	184.3	11011
4	2023-04-18	06:10:10	5869.0849	2	0.0126	0.0016	5869.8039	4.4	0.4	0.3534	-0.0299	0.0003	0.0439	-0.7332	60	0.000	55.800000	37.500000	192.10	55.781128	37.639191	184.6	11011
4	2023-04-18	06:11:10	5869.0853	2	0.0111	0.0014	5869.8043	2.9	0.9	0.3595	-0.0295	0.0001	0.0436	-0.7332	60	0.000	55.800000	37.500000	192.10	55.781052	37.639313	188.3	11011
4	2023-04-18	06:12:10	5869.0857	2	0.0093	0.0012	5869.8044	2.6	0.7	0.3550	-0.0291	0.0001	0.0436	-0.7332	60	0.000	55.800000	37.500000	192.10	55.780956	37.639317	190.4	11011
4	2023-04-18	06:13:10	5869.0859	2	0.0110	0.0014	5869.8043	2.3	2.7	0.3594	-0.0287	0.0002	0.0434	-0.7332	60	0.000	55.800000	37.500000	192.10	55.780735	37.639412	190.9	11011
4	2023-04-18	06:14:10	5869.0840	2	0.0106	0.0014	5869.8018	1.3	3.4	0.3552	-0.0283	0.0002	0.0436	-0.7332	60	0.000	55.800000	37.500000	192.10	55.780933	37.639229	192.4	11011
4	2023-04-18	06:15:10	5869.0841	2	0.0095	0.0012	5869.8015	2.1	3.2	0.3545	-0.0279	0.0003	0.0434	-0.7332	60	0.000	55.800000	37.500000	192.10	55.780994	37.639248	198.3	11011
4	2023-04-18	06:16:10	5869.0862	2	0.0112	0.0014	5869.8033	1.8	4.4	0.3490	-0.0275	0.0002	0.0434	-0.7333	60	0.000	55.800000	37.500000	192.10	55.781250	37.639122	199.3	11011
4	2023-04-18	06:17:10	5869.0830	2	0.0112	0.0014	5869.7998	2.5	4.4	0.3594	-0.0271	0.0003	0.0432	-0.7333	60	0.000	55.800000	37.500000	192.10	55.780724	37.639427	199.8	11011
4	2023-04-18	06:18:10	5869.0848	2	0.0066	0.0008	5869.8012	1.4	4.7	0.3539	-0.0267	0.0004	0.0432	-0.7333	60	0.000	55.800000	37.500000	192.10	55.780746	37.639294	202.6	11011
4	2023-04-18	06:19:10	5869.0844	2	0.0087	0.0011	5869.8005	2.2	4.4	0.3520	-0.0263	0.0003	0.0431	-0.7333	60	0.000	55.800000	37.500000	192.10	--	--	--	11011
4	2023-04-18	06:20:10	5869.0833	2	0.0090	0.0012	5869.7990	2.0	3.6	0.3526	-0.0259	0.0003	0.0432	-0.7333	60	0.000	55.800000	37.500000	192.10	55.781128	37.639114	203.9	11011
4	2023-04-18	06:21:10	5869.0850	2	0.0086	0.0011	5869.8002	1.0	4.8	0.3508	-0.0255	0.0004	0.0431	-0.7333	60	0.000	55.800000	37.500000	192.10	55.781162	37.639088	205.7	11011
4	2023-04-18	06:22:10	5869.0829	2	0.0081	0.0010	5869.7977	1.8	6.0	0.3535	-0.0251	0.0006	0.0430	-0.7333	60	0.000	55.800000	37.500000	192.10	55.781048	37.639088	205.3	11011
4	2023-04-18	06:23:10	5869.0839	2	0.0088	0.0011	5869.7983	1.1	6.8	0.3472	-0.0247	0.0007	0.0429	-0.7333	60	0.000	55.800000	37.500000	192.10	55.781162	37.639126	208.5	11011
4	2023-04-18	06:24:10	5869.0829	2	0.0094	0.0012	5869.7973	2.0	4.4	0.3478	-0.0243	0.0003	0.0429	-0.7333	60	0.000	55.800000	37.500000	192.10	55.781307	37.639069	207.5	11011
4	2023-04-18	06:25:10	5869.0835	2	0.0079	0.0010	5869.7974	1.4	5.5	0.3519	-0.0239	0.0004	0.0429	-0.7333	60	0.000	55.800000	37.500000	192.10	55.781174	37.639294	203.7	11011
4	2023-04-18	06:26:10	5869.0836	2	0.0105	0.0014	5869.7973	2.0	2.7	0.3498	-0.0235	0.0002	0.0429	-0.7333	60	0.000	55.800000	37.500000	192.10	55.781071	37.639179	202.1	11011
4	2023-04-18	06:27:10	5869.0809	2	0.0087	0.0011	5869.7945	2.2	2.1	0.3506	-0.0231	0.0001	0.0428	-0.7333	60	0.000	55.800000	37.500000	192.10	55.781010	37.639122	202.9	11011
4	2023-04-18	06:28:10	5869.0842	2	0.0091	0.0012	5869.7972	2.4	2.6	0.3542	-0.0227	0.0002	0.0429	-0.7333	60	0.000	55.800000	37.500000	192.10	55.781052	37.638973	202.8	11011
4	2023-04-18	06:29:10	5869.0837	2	0.0080	0.0010	5869.7964	2.9	3.7	0.3541	-0.0224	0.0003	0.0427	-0.7334	60	0.000	55.800000	37.500000	192.10	55.781357	37.639011	203.1	11011
4	2023-04-18	06:30:10	5869.0831	2	0.0077	0.0010	5869.7954	3.2	4.9	0.3488	-0.0220	0.0005	0.0425	-0.7334	60	0.000	55.800000	37.500000	192.10	55.781242	37.639141	204.7	11011
4	2023-04-18	06:31:10	5869.0839	2	0.0107	0.0014	5869.7960	2.2	3.9	0.3399	-0.0216	0.0003	0.0426	-0.7334	60	0.000	55.800000	37.500000	192.10	55.781242	37.639141	204.7	11011
4	2023-04-18	06:32:10	5869.0829	2	0.0087	0.0011	5869.7945	2.4	3.1	0.3464	-0.0212	0.0003	0.0427	-0.7334	60	0.000	55.800000	37.500000	192.10	55.781086	37.639088	206.1	11011
4	2023-04-18	06:33:10	5869.0827	2	0.0108	0.0014	5869.7939	3.3	4.0	0.3500	-0.0208	0.0004	0.0426	-0.7334	60	0.000	55.800000	37.500000	192.10	55.781067	37.638916	207.2	11011
4	2023-04-18	06:34:10	5869.0842	2	0.0090	0.0012	5869.7952	3.5	2.5	0.3499	-0.0205	0.0003	0.0426	-0.7334	60	0.000	55.800000	37.500000	192.10	55.781048	37.638943	207.7	11011
4	2023-04-18	06:35:10	5869.0841	2	0.0100	0.0013	5869.7948	3.6	0.8	0.3489	-0.0201	0.0003	0.0425	-0.7334	60	0.000	55.800000	37.500000	192.10	55.780762	37.639259	208.6	11011
4	2023-04-18	06:36:10	5869.0835	2	0.0108	0.0014	5869.7939	4.1	2.0	0.3455	-0.0197	0.0003	0.0424	-0.7334	60	0.000	55.800000	37.500000	192.10	55.780899	37.639648	210.5	11011
4	2023-04-18	06:37:10	5869.0833	2	0.0093	0.0012	5869.7933	4.6	0.5	0.3499	-0.0193	0.0004	0.0424	-0.7334	60	0.000	55.800000	37.500000	192.10	55.780991	37.639191	210.6	11011
4	2023-04-18	06:38:10	5869.0824	2	0.0081	0.0010	5869.7922	4.0	0.1	0.3512	-0.0190	0.0003	0.0424	-0.7334	60	0.000	55.800000	37.500000	192.10	55.781071	37.639370	210.0	11011
4	2023-04-18	06:39:10	5869.0837	2	0.0100	0.0013	5869.7931	3.5	-0.8	0.3495	-0.0186	0.0002	0.0424	-0.7334	60	0.000	55.800000	37.500000	192.10	55.781155	37.639286	210.0	11011
4	2023-04-18	06:40:10	5869.0811	2	0.0071	0.0009	5869.7903	3.4	-0.6	0.3438	-0.0182	0.0002	0.0423	-0.7334	60	0.000	55.800000	37.500000	192.10	55.781162	37.638973	209.2	11011
4	2023-04-18	06:41:10	5869.0822	2	0.0103	0.0013	5869.7912	3.7	0.3	0.3421	-0.0179	0.0002	0.0421	-0.7334	60	0.000	55.800000	37.500000	192.10	55.780983	37.639030	208.8	11011
4	2023-04-18	06:42:10	5869.0823	2	0.0075	0.0010	5869.7909	3.2	2.2	0.3429	-0.0175	0.0003	0.0421	-0.7335	60	0.000	55.800000	37.500000	192.10	55.781162	37.639126	208.9	11011
4	2023-04-18	06:43:10	5869.0830	2	0.0064	0.0008	5869.7912	3.3	1.2	0.3490	-0.0172	0.0001	0.0423	-0.7335	60	0.000	55.800000	37.500000	192.10	55.780762	37.639336	207.5	11011
4	2023-04-18	06:44:10	5869.0821	2	0.0081	0.0011	5869.7902	2.9	1.4	0.3472	-0.0168	0.0002	0.0420	-0.7335	60	0.000	55.800000	37.500000	192.10	55.781258	37.639362	207.8	11011
4	2023-04-18	06:45:10	5869.0829	2	0.0085	0.0011	5869.7906	2.8	0.5	0.3427	-0.0164	0.0001	0.0421	-0.7335	60	0.000	55.800000	37.500000	192.10	55.780994	37.639381	209.8	11011
4	2023-04-18	06:46:10	5869.0827	2	0.0096	0.0012	5869.7901	2.1	1.4	0.3397	-0.0161	0.0001	0.0421	-0.7335	60	0.000	55.800000	37.500000	192.10	55.780724	37.639191	209.5	11011
4	2023-04-18	06:47:10	5869.0828	2	0.0101	0.0013	5869.7897	2.8	1.9	0.3444	-0.0157	0.0002	0.0421	-0.7335	60	0.000	55.800000	37.500000	192.10	55.781269	37.639526	209.1	11011
4	2023-04-18	06:48:10	5869.0827	2	0.0111	0.0014	5869.7892	2.4	4.2	0.3477	-0.0154	0.0004	0.0420	-0.7335	60	0.000	55.800000	37.500000	192.10	55.781269	37.639240	208.8	11011
4	2023-04-18	06:49:10	5869.0843	2	0.0060	0.0008	5869.7907	2.4	4.1	0.3421	-0.0150	0.0003	0.0419	-0.7335	60	0.000	55.800000	37.500000	192.10	55.781078	37.639259	205.0	11011
4	2023-04-18	06:50:10	5869.0830	2	0.0082	0.0011	5869.7891	1.0	1.1	0.3477	-0.0147	0.0000	0.0421	-0.7335	60	0.000	55.800000	37.500000	192.10	55.780991	37.639336	200.8	11011
4	2023-04-18	06:51:10	5869.0827	2	0.0080	0.0010	5869.7885	2.7	1.5	0.3461	-0.0144	0.0002	0.0419	-0.7335	60	0.000	55.800000	37.500000	192.10	55.780972	37.639294	197.8	11011
4	2023-04-18	06:52:10	5869.0821	2	0.0105	0.0013	5869.7878	2.1	2.1	0.3454	-0.0140	0.0002	0.0417	-0.7335	60	0.000	55.800000	37.500000	192.10	55.781097	37.639297	192.9	11011
4	2023-04-18	06:53:10	5869.0820	2	0.0085	0.0011	5869.7871	1.1	3.2	0.3448	-0.0137	0.0002	0.0419	-0.7335	60	0.000	55.800000	37.500000	192.10	55.781097	37.639297	192.9	11011
4	2023-04-18	06:54:10	5869.0829	2	0.0108	0.0014	5869.7880	0.8	2.0	0.3437	-0.0133	0.0001	0.0417	-0.7336	60	0.000	55.800000	37.500000	192.10	55.780994	37.639240	193.2	11011
4	2023-04-18	06:55:10	5869.0832	2	0.0075	0.0010	5869.7877	1.2	2.9	0.3457	-0.0130	0.0002	0.0418	-0.7336	60	0.000	55.800000	37.500000	192.10	55.781372	37.639122	193.6	11011
4	2023-04-18	06:56:10	5869.0822	2	0.0099	0.0013	5869.7865	2.6	3.0	0.3368	-0.0127	0.0002	0.0417	-0.7336	60	0.000	55.800000	37.500000	192.10	55.780983	37.639229	192.5	11011
4	2023-04-18	06:57:10	5869.0814	2	0.0114	0.0015	5869.7855	1.7	2.3	0.3425	-0.0124	0.0001	0.0417	-0.7336	60	0.000	55.800000	37.500000	192.10	55.780880	37.639324	191.9	11011
4	2023-04-18	06:58:10	5869.0820	2	0.0108	0.0014	5869.7857	2.1	3.6	0.3415	-0.0120	0.0003	0.0416	-0.7336	60	0.000	55.800000	37.500000	192.10	55.780514	37.639427	190.6	11011
4	2023-04-18	06:59:10	5869.0828	2	0.0113	0.0015	5869.7861	2.9	2.7	0.3411	-0.0117	0.0002	0.0418	-0.7336	60	0.000	55.800000	37.500000	192.10	55.781013	37.639286	189.6	11011
4	2023-04-18	07:00:10	5869.0831	2	0.0095	0.0012	5869.7862	3.1	2.9	0.3421	-0.0114	0.0002	0.0416	-0.7336	60	0.000	55.800000	37.500000	192.10	55.781128	37.639259	190.7	11011
4	2023-04-18	07:01:10	5869.0828	2	0.0088	0.0011	5869.7857	2.1	4.5	0.3395	-0.0111	0.0003	0.0415	-0.7336	60	0.000	55.800000	37.500000	192.10	55.781128	37.639259	190.7	11011
4	2023-04-18	07:02:10	5869.0832	2	0.0088	0.0011	5869.7857	1.8	3.5	0.3418	-0.0107	0.0003	0.0416	-0.7336	60	0.000	55.800000	37.500000	192.10	55.781013	37.639286	197.9	11011
4	2023-04-18	07:03:10	5869.0831	2	0.0100	0.0013	5869.7856	1.3	2.4	0.3430	-0.0104	0.0001	0.0415	-0.7336	60	0.000	55.800000	37.500000	192.10	55.780876	37.639217	197.3	11011
4	2023-04-18	07:04:10	5869.0815	2	0.0096	0.0012	5869.7837	0.8	1.9	0.3404	-0.0101	0.0001	0.0415	-0.7336	60	0.000	55.800000	37.500000	192.10	55.780876	37.639217	197.3	11011
22	2023-04-18	09:08:07	5846.4878	2	0.0101	0.0013	5847.1752	0.2	-2.5	0.3469	0.0043	0.0001	0.0429	-0.7346	60	0.000	55.800000	37.500000	192.10	55.699520	36.757458	211.2	11011
22	2023-04-18	09:09:07	5846.4878	2	0.0112	0.0014	5847.1758	-1.8	-2.6	0.3457	0.0042	0.0002	0.0423	-0.7346	60	0.000	55.800000	37.500000	192.10	55.699608	36.757511	208.2	11011
22	2023-04-18	09:10:07	5846.4884	2	0.0110	0.0014	5847.1770	-2.0	-0.7	0.3437	0.0041	0.0001	0.0419	-0.7346	60	0.000	55.800000	37.500000	192.10	55.699699	36.757362	207.7	11011
22	2023-04-18	09:11:07	5846.4875	2	0.0093	0.0012	5847.1767	-0.9	0.0	0.3376	0.0040	0.0001	0.0415	-0.7346	60	0.000	55.800000	37.500000	192.10	55.699615	36.757492	208.2	11011
22	2023-04-18	09:12:07	5846.4888	2	0.0088	0.0011	5847.1783	-1.9	-0.1	0.3350	0.0039	0.0001	0.0413	-0.7347	60	0.000	55.800000	37.500000	192.10	55.699684	36.757599	209.8	11011
22	2023-04-18	09:13:07	5846.4873	2	0.0107	0.0014	5847.1776	-1.6	0.2	0.3267	0.0038	0.0001	0.0405	-0.7347	60	0.000	55.800000	37.500000	192.10	55.699539	36.757504	214.0	11011
22	2023-04-18	09:14:07	5846.4883	2	0.0114	0.0015	5847.1789	-1.7	0.5	0.3299	0.0036	0.0001	0.0403	-0.7347	60	0.000	55.800000	37.500000	192.10	55.699780	36.757675	239.0	11011
22	2023-04-18	09:15:07	5846.4881	2	0.0118	0.0015	5847.1795	-2.2	0.0	0.3227	0.0035	0.0001	0.0397	-0.7347	60	0.000	55.800000	37.500000	192.10	55.700008	36.757771	262.6	11011
22	2023-04-18	09:16:07	5846.4869	2	0.0103	0.0013	5847.1785	-3.5	-2.2	0.3288	0.0034	0.0003	0.0394	-0.7347	60	0.000	55.800000	37.500000	192.10	55.699673	36.757839	243.1	11011
22	2023-04-18	09:17:07	5846.4885	2	0.0084	0.0011	5847.1808	-2.4	0.5	0.3159	0.0033	0.0002	0.0390	-0.7347	60	0.000	55.800000	37.500000	192.10	55.699875	36.757629	247.2	11011
22	2023-04-18	09:18:07	5846.4867	2	0.0078	0.0010	5847.1790	-3.0	0.3	0.3130	0.0031	0.0002	0.0390	-0.7347	60	0.000	55.800000	37.500000	192.10	55.699604	36.757725	267.9	11011
22	2023-04-18	09:19:07	5846.4866	2	0.0067	0.0009	5847.1795	-2.8	0.4	0.3131	0.0030	0.0002	0.0386	-0.7347	60	0.000	55.800000	37.500000	192.10	55.699673	36.757801	269.9	11011
22	2023-04-18	09:20:07	5846.4864	2	0.0103	0.0013	5847.1799	-3.4	-0.1	0.3046	0.0029	0.0001	0.0382	-0.7347	60	0.000	55.800000	37.500000	192.10	55.699646	36.757629	268.4	11011
22	2023-04-18	09:21:07	5846.4873	2	0.0101	0.0013	5847.1812	-3.1	0.2	0.3131	0.0027	0.0002	0.0380	-0.7347	60	0.000	55.800000	37.500000	192.10	55.699871	36.757675	267.8	11011
22	2023-04-18	09:22:07	5846.4867	2	0.0087	0.0011	5847.1808	-3.3	0.6	0.3011	0.0026	0.0002	0.0377	-0.7347	60	0.000	55.800000	37.500000	192.10	55.699875	36.757668	279.1	11011
22	2023-04-18	09:23:07	5846.4863	2	0.0092	0.0012	5847.1808	-3.0	0.2	0.3061	0.0025	0.0002	0.0375	-0.7347	60	0.000	55.800000	37.500000	192.10	55.700073	36.757675	329.0	11011
22	2023-04-18	09:24:07	5846.4870	2	0.0090	0.0012	5847.1820	-3.1	-0.3	0.3041	0.0023	0.0002	0.0372	-0.7348	60	0.000	55.800000	37.500000	192.10	55.699986	36.757702	323.4	11011
22	2023-04-18	09:25:07	5846.4862	2	0.0109	0.0014	5847.1816	-3.4	-0.3	0.3039	0.0022	0.0002	0.0370	-0.7348	60	0.000	55.800000	37.500000	192.10	55.700073	36.757599	323.5	11011
22	2023-04-18	09:26:07	5846.4862	2	0.0092	0.0012	5847.1819	-3.7	1.9	0.3025	0.0020	0.0003	0.0368	-0.7348	60	0.000	55.800000	37.500000	192.10	55.700035	36.757771	321.3	11011
22	2023-04-18	09:27:07	5846.4855	2	0.0086	0.0011	5847.1815	-3.0	2.0	0.3076	0.0018	0.0002	0.0367	-0.7348	60	0.000	55.800000	37.500000	192.10	55.700100	36.757725	319.7	11011
22	2023-04-18	09:28:07	5846.4855	2	0.0105	0.0014	5847.1819	-3.0	3.0	0.2995	0.0017	0.0002	0.0365	-0.7348	60	0.000	55.800000	37.500000	192.10	55.699661	36.758369	285.6	11011
22	2023-04-18	09:29:07	5846.4846	2	0.0122	0.0016	5847.1816	-3.6	2.3	0.2949	0.0015	0.0002	0.0361	-0.7348	60	0.000	55.800000	37.500000	192.10	55.699539	36.758316	253.4	11011
22	2023-04-18	09:30:07	5846.4854	2	0.0099	0.0013	5847.1827	-3.5	2.2	0.3001	0.0014	0.0002	0.0359	-0.7348	60	0.000	55.800000	37.500000	192.10	55.699432	36.757816	226.6	11011
22	2023-04-18	09:31:07	5846.4856	2	0.0083	0.0011	5847.1831	-4.2	1.3	0.2939	0.0012	0.0003	0.0359	-0.7348	60	0.000	55.800000	37.500000	192.10	55.699501	36.757935	203.1	11011
22	2023-04-18	09:32:07	5846.4856	2	0.0111	0.0014	5847.1835	-4.5	-1.1	0.2897	0.0010	0.0003	0.0356	-0.7348	60	0.000	55.800000	37.500000	192.10	55.699398	36.757782	196.5	11011
22	2023-04-18	09:33:07	5846.4853	2	0.0098	0.0013	5847.1833	-5.3	-0.2	0.2925	0.0008	0.0004	0.0356	-0.7348	60	0.000	55.800000	37.500000	192.10	55.699291	36.757763	186.0	11011
22	2023-04-18	09:34:07	5846.4840	2	0.0091	0.0012	5847.1827	-4.3	0.5	0.2899	0.0007	0.0002	0.0352	-0.7348	60	0.000	55.800000	37.500000	192.10	55.699570	36.758038	181.5	11011
22	2023-04-18	09:35:07	5846.4835	2	0.0115	0.0015	5847.1825	-4.0	1.8	0.2884	0.0005	0.0002	0.0351	-0.7348	60	0.000	55.800000	37.500000	192.10	55.699348	36.757626	181.7	11011
22	2023-04-18	09:36:07	5846.4834	2	0.0093	0.0012	5847.1827	-3.4	1.9	0.2832	0.0003	0.0003	0.0349	-0.7348	60	0.000	55.800000	37.500000	192.10	55.699348	36.757626	181.7	11011
22	2023-04-18	09:37:07	5846.4845	2	0.0100	0.0013	5847.1840	-5.0	0.8	0.2852	0.0001	0.0003	0.0350	-0.7349	60	0.000	55.800000	37.500000	192.10	55.699413	36.757751	173.3	11011
22	2023-04-18	09:38:07	5846.4842	2	0.0091	0.0012	5847.1842	-4.9	1.0	0.2788	-0.0001	0.0003	0.0347	-0.7349	60	0.000	55.800000	37.500000	192.10	55.699413	36.757751	173.3	11011
22	2023-04-18	09:39:07	5846.4831	2	0.0098	0.0013	5847.1833	-5.6	-0.3	0.2805	-0.0003	0.0004	0.0346	-0.7349	60	0.000	55.800000	37.500000	192.10	55.699337	36.757645	170.5	11011
22	2023-04-18	09:40:07	5846.4843	2	0.0079	0.0010	5847.1848	-5.7	0.5	0.2866	-0.0005	0.0004	0.0343	-0.7349	60	0.000	55.800000	37.500000	192.10	55.699337	36.757645	170.5	11011
22	2023-04-18	09:41:07	5846.4835	2	0.0090	0.0012	5847.1843	-5.5	1.3	0.2829	-0.0007	0.0004	0.0344	-0.7349	60	0.000	55.800000	37.500000	192.10	55.699436	36.757599	170.7	11011
22	2023-04-18	09:42:07	5846.4967	2	0.0500	0.0065	5847.1979	-5.4	2.1	0.2796	-0.0009	0.0004	0.0341	-0.7349	60	0.000	55.800000	37.500000	192.10	55.699490	36.757751	171.0	11011
22	2023-04-18	09:43:07	5846.4839	2	0.0080	0.0010	5847.1856	-4.7	1.7	0.2758	-0.0011	0.0003	0.0339	-0.7349	60	0.000	55.800000	37.500000	192.10	55.699490	36.757751	171.0	11011
22	2023-04-18	09:44:07	5846.4844	2	0.0086	0.0011	5847.1863	-5.2	0.5	0.2771	-0.0013	0.0004	0.0339	-0.7349	60	0.000	55.800000	37.500000	192.10	55.699558	36.757778	168.7	11011
22	2023-04-18	09:45:07	5846.4825	2	0.0097	0.0012	5847.1849	-5.3	0.8	0.2771	-0.0015	0.0005	0.0336	-0.7349	60	0.000	55.800000	37.500000	192.10	55.699184	36.757561	171.9	11011
22	2023-04-18	09:46:07	5846.4839	2	0.0105	0.0014	5847.1866	-5.9	-0.6	0.2736	-0.0017	0.0004	0.0335	-0.7349	60	0.000	55.800000	37.500000	192.10	55.699425	36.757721	174.9	11011
22	2023-04-18	09:47:07	5846.4846	2	0.0097	0.0013	5847.1876	-6.6	-0.4	0.2764	-0.0020	0.0005	0.0334	-0.7349	60	0.000	55.800000	37.500000	192.10	55.699547	36.757771	176.1	11011
22	2023-04-18	09:48:07	5846.4832	2	0.0088	0.0011	5847.1864	-6.6	0.8	0.2757	-0.0022	0.0006	0.0332	-0.7349	60	0.000	55.800000	37.500000	192.10	55.699375	36.757687	174.4	11011
22	2023-04-18	09:49:07	5846.4835	2	0.0085	0.0011	5847.1870	-7.2	0.9	0.2728	-0.0024	0.0007	0.0331	-0.7350	60	0.000	55.800000	37.500000	192.10	55.699375	36.757687	174.4	11011
22	2023-04-18	09:50:07	5846.4836	2	0.0105	0.0014	5847.1877	-6.2	1.4	0.2757	-0.0026	0.0005	0.0331	-0.7350	60	0.000	55.800000	37.500000	192.10	55.699490	36.757713	174.7	11011
22	2023-04-18	09:51:07	5846.4816	2	0.0106	0.0014	5847.1861	-6.5	0.6	0.2683	-0.0029	0.0005	0.0328	-0.7350	60	0.000	55.800000	37.500000	192.10	55.699280	36.757587	175.5	11011
22	2023-04-18	09:52:07	5846.4811	2	0.0067	0.0009	5847.1858	-6.3	1.3	0.2681	-0.0031	0.0006	0.0328	-0.7350	60	0.000	55.800000	37.500000	192.10	55.699348	36.757687	176.0	11011
22	2023-04-18	09:53:07	5846.4831	2	0.0096	0.0012	5847.1880	-5.9	-0.1	0.2688	-0.0033	0.0005	0.0329	-0.7350	60	0.000	55.800000	37.500000	192.10	55.699444	36.757744	175.7	11011
22	2023-04-18	09:54:07	5846.4831	2	0.0096	0.0012	5847.1886	-5.7	-0.4	0.2668	-0.0036	0.0004	0.0327	-0.7350	60	0.000	55.800000	37.500000	192.10	55.699356	36.757648	175.5	11011
22	2023-04-18	09:55:07	5846.4832	2	0.0108	0.0014	5847.1889	-5.9	-0.1	0.2668	-0.0038	0.0005	0.0326	-0.7350	60	0.000	55.800000	37.500000	192.10	55.699341	36.757645	175.4	11011
22	2023-04-18	09:56:07	5846.4833	2	0.0111	0.0014	5847.1894	-6.8	-0.2	0.2633	-0.0041	0.0006	0.0325	-0.7350	60	0.000	55.800000	37.500000	192.10	55.699341	36.757626	171.9	11011
22	2023-04-18	09:57:07	5846.4820	2	0.0089	0.0011	5847.1883	-6.5	1.7	0.2671	-0.0043	0.0005	0.0325	-0.7350	60	0.000	55.800000	37.500000	192.10	55.699436	36.757668	171.9	11011
22	2023-04-18	09:58:07	5846.4828	2	0.0085	0.0011	5847.1893	-7.2	1.3	0.2631	-0.0046	0.0007	0.0324	-0.7350	60	0.000	55.800000	37.500000	192.10	55.699436	36.757668	171.9	11011
22	2023-04-18	09:59:07	5846.4827	2	0.0095	0.0012	5847.1894	-8.1	-0.2	0.2665	-0.0048	0.0008	0.0323	-0.7350	60	0.000	55.800000	37.500000	192.10	55.699436	36.757668	171.9	11011
22	2023-04-18	10:00:07	5846.4824	2	0.0091	0.0012	5847.1897	-7.1	1.2	0.2615	-0.0051	0.0006	0.0322	-0.7350	60	0.000	55.800000	37.500000	192.10	55.699436	36.757668	171.9	11011
22	2023-04-18	10:01:07	5846.4824	2	0.0095	0.0012	5847.1901	-6.4	-0.2	0.2663	-0.0053	0.0004	0.0322	-0.7350	60	0.000	55.800000	37.500000	192.10	55.699482	36.757763	170.2	11011
22	2023-04-18	10:02:07	5846.4811	2	0.0115	0.0015	5847.1890	-7.2	-3.7	0.2614	-0.0056	0.0007	0.0320	-0.7351	60	0.000	55.800000	37.500000	192.10	55.699482	36.757763	170.2	11011
22	2023-04-18	10:03:07	5846.4817	2	0.0126	0.0016	5847.1902	-6.7	-2.5	0.2654	-0.0059	0.0007	0.0318	-0.7351	60	0.000	55.800000	37.500000	192.10	55.699261	36.757702	170.7	11011
22	2023-04-18	10:04:07	5846.4825	2	0.0097	0.0013	5847.1910	-7.1	0.6	0.2664	-0.0061	0.0007	0.0320	-0.7351	60	0.000	55.800000	37.500000	192.10	55.699261	36.757702	170.7	11011
22	2023-04-18	10:05:07	5846.4810	2	0.0105	0.0014	5847.1900	-7.4	-0.5	0.2622	-0.0064	0.0007	0.0318	-0.7351	60	0.000	55.800000	37.500000	192.10	55.699356	36.757702	173.5	11011
22	2023-04-18	10:06:07	5846.4822	2	0.0128	0.0017	5847.1911	-8.3	1.0	0.2638	-0.0067	0.0009	0.0319	-0.7351	60	0.000	55.800000	37.500000	192.10	55.699356	36.757702	173.5	11011
22	2023-04-18	10:07:07	5846.4810	2	0.0116	0.0015	5847.1902	-8.5	0.3	0.2643	-0.0069	0.0010	0.0319	-0.7351	60	0.000	55.800000	37.500000	192.10	55.699356	36.757702	173.5	11011
22	2023-04-18	10:19:03	5846.4833	2	0.0083	0.0011	5847.1969	-0.0	1.1	0.2650	-0.0104	0.0001	0.0320	-0.7352	60	0.000	55.800000	37.500000	192.10	55.699425	36.757683	182.8	11011
22	2023-04-18	10:20:03	5846.4834	2	0.0087	0.0011	5847.1974	0.3	1.2	0.2620	-0.0107	0.0001	0.0319	-0.7352	60	0.000	55.800000	37.500000	192.10	55.699318	36.757637	188.9	11011
22	2023-04-18	10:21:03	5846.4831	2	0.0095	0.0012	5847.1976	-0.4	0.0	0.2607	-0.0110	0.0000	0.0317	-0.7352	60	0.000	55.800000	37.500000	192.10	55.699318	36.757637	188.9	11011
22	2023-04-18	10:22:03	5846.4835	2	0.0085	0.0011	5847.1983	-1.2	1.0	0.2625	-0.0113	0.0001	0.0317	-0.7352	60	0.000	55.800000	37.500000	192.10	55.699318	36.757637	188.9	11011
22	2023-04-18	10:23:03	5846.4818	2	0.0113	0.0015	5847.1970	-0.4	2.3	0.2552	-0.0116	0.0001	0.0315	-0.7352	60	0.000	55.800000	37.500000	192.10	55.699379	36.757740	192.5	11011
22	2023-04-18	10:24:03	5846.4837	2	0.0088	0.0011	5847.1994	0.7	3.9	0.2545	-0.0120	0.0002	0.0312	-0.7352	60	0.000	55.800000	37.500000	192.10	55.699379	36.757740	192.5	11011
22	2023-04-18	10:25:03	5846.4824	2	0.0089	0.0011	5847.1985	0.2	4.2	0.2544	-0.0123	0.0002	0.0311	-0.7352	60	0.000	55.800000	37.500000	192.10	55.699379	36.757740	192.5	11011
22	2023-04-18	10:26:03	5846.4827	2	0.0091	0.0012	5847.1990	-0.9	4.4	0.2571	-0.0126	0.0003	0.0312	-0.7352	60	0.000	55.800000	37.500000	192.10	55.699379	36.757740	192.5	11011
22	2023-04-18	10:27:03	5846.4831	2	0.0115	0.0015	5847.1998	-1.1	3.6	0.2553	-0.0129	0.0002	0.0312	-0.7353	60	0.000	55.800000	37.500000	192.10	55.699348	36.757580	194.3	11011
22	2023-04-18	10:28:03	5846.4811	2	0.0101	0.0013	5847.1983	-1.4	3.6	0.2559	-0.0132	0.0002	0.0312	-0.7353	60	0.000	55.800000	37.500000	192.10	55.699387	36.757725	194.1	11011
22	2023-04-18	10:29:03	5846.4822	2	0.0092	0.0012	5847.1998	-0.9	3.1	0.2540	-0.0136	0.0002	0.0310	-0.7353	60	0.000	55.800000	37.500000	192.10	55.699387	36.757725	194.1	11011
22	2023-04-18	10:30:03	5846.4823	2	0.0090	0.0012	5847.2004	-0.8	0.6	0.2579	-0.0139	0.0000	0.0310	-0.7353	60	0.000	55.800000	37.500000	192.10	55.699387	36.757725	194.1	11011
22	2023-04-18	10:31:03	5846.4838	2	0.0122	0.0016	5847.2023	-2.1	-0.6	0.2556	-0.0142	0.0001	0.0309	-0.7353	60	0.000	55.800000	37.500000	192.10	55.699471	36.757816	193.7	11011
22	2023-04-18	10:32:03	5846.4841	2	0.0088	0.0011	5847.2031	-1.0	1.3	0.2509	-0.0146	0.0001	0.0307	-0.7353	60	0.000	55.800000	37.500000	192.10	55.699265	36.757587	192.7	11011
22	2023-04-18	10:33:03	5846.4833	2	0.0125	0.0016	5847.2026	-0.6	0.7	0.2541	-0.0149	0.0000	0.0308	-0.7353	60	0.000	55.800000	37.500000	192.10	55.699265	36.757587	192.7	11011
22	2023-04-18	10:34:03	5846.4824	2	0.0143	0.0018	5847.2022	-1.3	0.1	0.2476	-0.0152	0.0001	0.0307	-0.7353	60	0.000	55.800000	37.500000	192.10	55.699318	36.757725	191.5	11011
22	2023-04-18	10:35:03	5846.4819	2	0.0091	0.0012	5847.2020	-2.1	-2.8	0.2479	-0.0156	0.0001	0.0307	-0.7353	60	0.000	55.800000	37.500000	192.10	55.699242	36.757668	190.2	11011
22	2023-04-18	10:36:03	5846.4840	2	0.0103	0.0013	5847.2043	-1.9	-1.7	0.2504	-0.0159	0.0001	0.0308	-0.7353	60	0.000	55.800000	37.500000	192.10	55.699242	36.757668	190.2	11011
22	2023-04-18	10:37:03	5846.4832	2	0.0088	0.0011	5847.2040	-1.7	-0.1	0.2500	-0.0162	0.0001	0.0306	-0.7353	60	0.000	55.800000	37.500000	192.10	55.699341	36.757656	188.0	11011
22	2023-04-18	10:38:03	5846.4823	2	0.0097	0.0012	5847.2037	-0.1	0.2	0.2524	-0.0166	0.0000	0.0305	-0.7353	60	0.000	55.800000	37.500000	192.10	55.699341	36.757656	188.0	11011
22	2023-04-18	10:39:03	5846.4816	2	0.0113	0.0015	5847.2034	-0.6	0.4	0.2520	-0.0169	0.0000	0.0305	-0.7353	60	0.000	55.800000	37.500000	192.10	55.699406	36.757553	187.6	11011
22	2023-04-18	10:40:03	5846.4818	2	0.0083	0.0011	5847.2039	-0.5	0.1	0.2534	-0.0173	0.0001	0.0305	-0.7354	60	0.000	55.800000	37.500000	192.10	55.699413	36.757725	186.8	11011
22	2023-04-18	10:41:03	5846.4823	2	0.0086	0.0011	5847.2048	-0.0	-0.8	0.2492	-0.0176	0.0000	0.0305	-0.7354	60	0.000	55.800000	37.500000	192.10	55.699413	36.757725	186.8	11011
22	2023-04-18	10:42:03	5846.4822	2	0.0100	0.0013	5847.2048	-0.2	-1.4	0.2452	-0.0180	0.0001	0.0306	-0.7354	60	0.000	55.800000	37.500000	192.10	55.699413	36.757725	186.8	11011
22	2023-04-18	10:43:03	5846.4819	2	0.0094	0.0012	5847.2052	-0.7	0.2	0.2448	-0.0183	0.0001	0.0304	-0.7354	60	0.000	55.800000	37.500000	192.10	55.699512	36.757778	174.9	11011
22	2023-04-18	10:44:03	5846.4807	2	0.0100	0.0013	5847.2043	-0.1	0.9	0.2507	-0.0187	0.0001	0.0305	-0.7354	60	0.000	55.800000	37.500000	192.10	55.699406	36.757668	170.7	11011
22	2023-04-18	10:45:03	5846.4836	2	0.0098	0.0013	5847.2075	-0.4	-0.5	0.2555	-0.0190	0.0001	0.0305	-0.7354	60	0.000	55.800000	37.500000	192.10	55.699406	36.757668	170.7	11011
22	2023-04-18	10:46:03	5846.4819	2	0.0117	0.0015	5847.2061	0.1	-1.6	0.2510	-0.0194	0.0001	0.0305	-0.7354	60	0.000	55.800000	37.500000	192.10	55.699318	36.757645	168.9	11011
22	2023-04-18	10:47:03	5846.4826	2	0.0080	0.0010	5847.2074	-1.4	-0.9	0.2450	-0.0198	0.0001	0.0303	-0.7354	60	0.000	55.800000	37.500000	192.10	55.699387	36.757687	167.3	11011
22	2023-04-18	10:48:03	5846.4817	2	0.0089	0.0011	5847.2068	-1.4	-0.1	0.2533	-0.0201	0.0002	0.0302	-0.7354	60	0.000	55.800000	37.500000	192.10	55.699284	36.757668	168.0	11011
22	2023-04-18	10:49:03	5846.4827	2	0.0103	0.0013	5847.2084	-0.8	-0.3	0.2499	-0.0205	0.0001	0.0302	-0.7354	60	0.000	55.800000	37.500000	192.10	55.699341	36.757687	170.6	11011
22	2023-04-18	10:50:03	5846.4810	2	0.0099	0.0013	5847.2069	-1.1	0.0	0.2441	-0.0208	0.0000	0.0304	-0.7354	60	0.000	55.800000	37.500000	192.10	55.699341	36.757687	170.6	11011
22	2023-04-18	10:51:03	5846.4822	2	0.0099	0.0013	5847.2085	-1.0	0.8	0.2567	-0.0212	0.0001	0.0303	-0.7354	60	0.000	55.800000	37.500000	192.10	55.699341	36.757687	170.6	11011
22	2023-04-18	10:52:03	5846.4820	2	0.0066	0.0009	5847.2087	-1.5	0.2	0.2469	-0.0216	0.0001	0.0303	-0.7355	60	0.000	55.800000	37.500000	192.10	55.699341	36.757687	170.6	11011
22	2023-04-18	10:53:03	5846.4803	2	0.0097	0.0013	5847.2076	-1.9	0.4	0.2438	-0.0220	0.0001	0.0301	-0.7355	60	0.000	55.800000	37.500000	192.10	55.699341	36.757687	170.6	11011
22	2023-04-18	10:54:03	5846.4808	2	0.0119	0.0015	5847.2084	-1.7	0.7	0.2485	-0.0223	0.0001	0.0301	-0.7355	60	0.000	55.800000	37.500000	192.10	55.699413	36.757568	171.6	11011
22	2023-04-18	10:55:03	5846.4814	2	0.0098	0.0013	5847.2092	-2.9	0.1	0.2462	-0.0227	0.0002	0.0302	-0.7355	60	0.000	55.800000	37.500000	192.10	55.699482	36.757706	172.3	11011
22	2023-04-18	10:56:03	5846.4811	2	0.0109	0.0014	5847.2093	-3.4	-0.8	0.2475	-0.0231	0.0002	0.0302	-0.7355	60	0.000	55.800000	37.500000	192.10	55.699471	36.757530	171.6	11011
22	2023-04-18	10:57:03	5846.4798	2	0.0102	0.0013	5847.2085	-2.9	-1.1	0.2460	-0.0234	0.0002	0.0301	-0.7355	60	0.000	55.800000	37.500000	192.10	55.699425	36.757675	170.4	11011
22	2023-04-18	10:58:03	5846.4820	2	0.0107	0.0014	5847.2110	-2.7	-1.2	0.2473	-0.0238	0.0002	0.0301	-0.7355	60	0.000	55.800000	37.500000	192.10	55.699425	36.757675	170.4	11011
22	2023-04-18	10:59:03	5846.4821	2	0.0097	0.0013	5847.2114	-2.8	-1.1	0.2429	-0.0242	0.0002	0.0302	-0.7355	60	0.000	55.800000	37.500000	192.10	55.699406	36.757713	168.8	11011
22	2023-04-18	11:00:03	5846.4789	2	0.0097	0.0013	5847.2087	-3.4	0.4	0.2476	-0.0246	0.0002	0.0301	-0.7355	60	0.000	55.800000	37.500000	192.10	55.699444	36.757530	168.3	11011
22	2023-04-18	11:01:03	5846.4803	2	0.0105	0.0014	5847.2103	-4.6	0.2	0.2466	-0.0250	0.0003	0.0301	-0.7355	60	0.000	55.800000	37.500000	192.10	55.699387	36.757835	167.3	11011
22	2023-04-18	11:02:03	5846.4803	2	0.0112	0.0014	5847.2106	-5.3	1.3	0.2485	-0.0253	0.0003	0.0302	-0.7355	60	0.000	55.800000	37.500000	192.10	55.699398	36.757648	169.5	11011
22	2023-04-18	11:03:03	5846.4798	2	0.0095	0.0012	5847.2103	-4.5	3.3	0.2453	-0.0257	0.0005	0.0303	-0.7355	60	0.000	55.800000	37.500000	192.10	55.699398	36.757694	167.6	11011
22	2023-04-18	11:04:03	5846.4808	2	0.0075	0.0010	5847.2120	-4.5	2.3	0.2455	-0.0261	0.0003	0.0302	-0.7355	60	0.000	55.800000	37.500000	192.10	55.699398	36.757694	167.6	11011
22	2023-04-18	11:05:03	5846.4807	2	0.0095	0.0012	5847.2122	-4.0	3.9	0.2429	-0.0265	0.0004	0.0301	-0.7356	60	0.000	55.800000	37.500000	192.10	55.699387	36.757683	166.9	11011
22	2023-04-18	11:06:03	5846.4806	2	0.0093	0.0012	5847.2127	-3.5	2.9	0.2541	-0.0269	0.0003	0.0302	-0.7356	60	0.000	55.800000	37.500000	192.10	55.699387	36.757683	166.9	11011
22	2023-04-18	11:07:03	5846.4797	2	0.0095	0.0012	5847.2124	-2.6	1.8	0.2491	-0.0273	0.0001	0.0301	-0.7356	60	0.000	55.800000	37.500000	192.10	55.699387	36.757683	166.9	11011
22	2023-04-18	11:08:03	5846.4821	2	0.0094	0.0012	5847.2151	-3.6	1.1	0.2469	-0.0276	0.0003	0.0300	-0.7356	60	0.000	55.800000	37.500000	192.10	55.699310	36.757706	171.5	11011
22	2023-04-18	11:09:03	5846.4808	2	0.0109	0.0014	5847.2141	-3.4	1.6	0.2428	-0.0280	0.0002	0.0301	-0.7356	60	0.000	55.800000	37.500000	192.10	55.699310	36.757706	171.5	11011
22	2023-04-18	11:10:03	5846.4824	2	0.0107	0.0014	5847.2162	-3.7	1.1	0.2466	-0.0284	0.0002	0.0300	-0.7356	60	0.000	55.800000	37.500000	192.10	55.699310	36.757706	171.5	11011
22	2023-04-18	11:11:03	5846.4794	2	0.0088	0.0011	5847.2136	-3.3	2.2	0.2434	-0.0288	0.0002	0.0300	-0.7356	60	0.000	55.800000	37.500000	192.10	55.699310	36.757706	171.5	11011
22	2023-04-18	11:12:03	5846.4796	2	0.0091	0.0012	5847.2143	-2.2	2.5	0.2422	-0.0292	0.0001	0.0300	-0.7356	60	0.000	55.800000	37.500000	192.10	55.699310	36.757706	171.5	11011
22	2023-04-18	11:13:03	5846.4802	2	0.0097	0.0013	5847.2152	-3.4	2.4	0.2521	-0.0296	0.0002	0.0299	-0.7356	60	0.000	55.800000	37.500000	192.10	55.699310	36.757706	171.5	11011
22	2023-04-18	11:14:03	5846.4802	2	0.0119	0.0015	5847.2155	-3.5	2.7	0.2540	-0.0300	0.0002	0.0301	-0.7356	60	0.000	55.800000	37.500000	192.10	55.699310	36.757706	171.5	11011
22	2023-04-18	11:15:03	5846.4801	2	0.0096	0.0012	5847.2159	-3.2	2.7	0.2432	-0.0304	0.0002	0.0300	-0.7356	60	0.000	55.800000	37.500000	192.10	55.699310	36.757706	171.5	11011
22	2023-04-18	11:16:03	5846.4794	2	0.0092	0.0012	5847.2157	-3.8	2.8	0.2512	-0.0308	0.0003	0.0299	-0.7356	60	0.000	55.800000	37.500000	192.10	55.699425	36.757648	174.9	11011
22	2023-04-18	11:17:03	5846.4817	2	0.0089	0.0012	5847.2182	-3.6	3.6	0.2429	-0.0312	0.0004	0.0299	-0.7357	60	0.000	55.800000	37.500000	192.10	55.699425	36.757648	174.9	11011
22	2023-04-18	11:18:03	5846.4811	2	0.0082	0.0011	5847.2180	-3.9	3.7	0.2408	-0.0316	0.0003	0.0300	-0.7357	60	0.000	55.800000	37.500000	192.10	55.699425	36.757648	174.9	11011
2	2023-04-18	13:10:26	5869.0691	2	0.0167	0.0022	5869.8377	1.3	1.7	0.3472	-0.0748	0.0001	0.0427	-0.7366	60	0.000	55.800000	37.500000	192.10	55.780640	37.639065	183.7	11011
2	2023-04-18	13:11:26	5869.0692	2	0.0095	0.0012	5869.8381	1.0	0.4	0.3464	-0.0751	0.0001	0.0427	-0.7366	60	0.000	55.800000	37.500000	192.10	55.780804	37.639065	185.0	11011
2	2023-04-18	13:12:26	5869.0704	2	0.0082	0.0011	5869.8397	1.9	-0.1	0.3484	-0.0754	0.0001	0.0427	-0.7366	60	0.000	55.800000	37.500000	192.10	55.780785	37.639236	191.9	11011
2	2023-04-18	13:13:26	5869.0683	2	0.0092	0.0012	5869.8379	2.3	0.2	0.3528	-0.0757	0.0002	0.0426	-0.7366	60	0.000	55.800000	37.500000	192.10	55.780983	37.639236	191.0	11011
2	2023-04-18	13:14:26	5869.0701	2	0.0087	0.0011	5869.8401	1.8	-0.5	0.3475	-0.0761	0.0001	0.0426	-0.7366	60	0.000	55.800000	37.500000	192.10	55.780972	37.639217	192.1	11011
2	2023-04-18	13:15:26	5869.0695	2	0.0077	0.0010	5869.8398	1.9	0.6	0.3511	-0.0764	0.0001	0.0425	-0.7366	60	0.000	55.800000	37.500000	192.10	55.780991	37.639160	191.3	11011
2	2023-04-18	13:16:26	5869.0688	2	0.0093	0.0012	5869.8395	3.2	-0.2	0.3510	-0.0767	0.0002	0.0423	-0.7366	60	0.000	55.800000	37.500000	192.10	55.780746	37.639179	192.7	11011
2	2023-04-18	13:17:26	5869.0692	2	0.0076	0.0010	5869.8404	2.6	-0.7	0.3449	-0.0770	0.0002	0.0422	-0.7366	60	0.000	55.800000	37.500000	192.10	55.780849	37.639088	197.9	11011
2	2023-04-18	13:18:26	5869.0700	2	0.0086	0.0011	5869.8416	2.4	-1.0	0.3472	-0.0773	0.0002	0.0422	-0.7366	60	0.000	55.800000	37.500000	192.10	55.780766	37.639103	203.8	11011
2	2023-04-18	13:19:26	5869.0682	2	0.0092	0.0012	5869.8401	1.3	-1.6	0.3413	-0.0776	0.0001	0.0422	-0.7366	60	0.000	55.800000	37.500000	192.10	55.781013	37.639248	203.1	11011
2	2023-04-18	13:20:26	5869.0693	2	0.0104	0.0013	5869.8416	1.2	-0.6	0.3374	-0.0779	0.0001	0.0422	-0.7366	60	0.000	55.800000	37.500000	192.10	55.780933	37.639122	206.1	11011
2	2023-04-18	13:21:26	5869.0689	2	0.0091	0.0012	5869.8413	2.8	0.6	0.3487	-0.0782	0.0001	0.0423	-0.7366	60	0.000	55.800000	37.500000	192.10	55.780933	37.639122	206.1	11011
2	2023-04-18	13:22:26	5869.0694	2	0.0085	0.0011	5869.8422	2.4	-0.3	0.3449	-0.0784	0.0001	0.0422	-0.7367	60	0.000	55.800000	37.500000	192.10	55.780918	37.638912	206.3	11011
2	2023-04-18	13:23:26	5869.0671	2	0.0080	0.0010	5869.8403	1.4	-0.8	0.3395	-0.0787	0.0001	0.0422	-0.7367	60	0.000	55.800000	37.500000	192.10	55.780899	37.638760	213.0	11011
2	2023-04-18	13:24:26	5869.0686	2	0.0078	0.0010	5869.8419	1.8	0.1	0.3438	-0.0790	0.0001	0.0423	-0.7367	60	0.000	55.800000	37.500000	192.10	55.780762	37.638790	210.5	11011
2	2023-04-18	13:25:26	5869.0684	2	0.0108	0.0014	5869.8419	2.1	-0.2	0.3441	-0.0793	0.0001	0.0424	-0.7367	60	0.000	55.800000	37.500000	192.10	55.780983	37.639000	213.1	11011
2	2023-04-18	13:26:26	5869.0669	2	0.0087	0.0011	5869.8408	2.3	-2.3	0.3526	-0.0796	0.0002	0.0422	-0.7367	60	0.000	55.800000	37.500000	192.10	55.781040	37.639198	215.6	11011
2	2023-04-18	13:27:26	5869.0681	2	0.0080	0.0010	5869.8422	3.4	-2.0	0.3421	-0.0799	0.0003	0.0421	-0.7367	60	0.000	55.800000	37.500000	192.10	55.780876	37.639145	216.7	11011
2	2023-04-18	13:28:26	5869.0675	2	0.0083	0.0011	5869.8419	3.8	-0.8	0.3461	-0.0801	0.0003	0.0422	-0.7367	60	0.000	55.800000	37.500000	192.10	55.781696	37.639580	216.5	11011
2	2023-04-18	13:29:26	5869.0667	2	0.0091	0.0012	5869.8414	2.7	-2.3	0.3452	-0.0804	0.0002	0.0422	-0.7367	60	0.000	55.800000	37.500000	192.10	55.781029	37.639114	215.4	11011
2	2023-04-18	13:30:26	5869.0674	2	0.0091	0.0012	5869.8423	2.1	-2.1	0.3481	-0.0807	0.0001	0.0424	-0.7367	60	0.000	55.800000	37.500000	192.10	55.781155	37.639202	216.2	11011
2	2023-04-18	13:31:26	5869.0686	2	0.0085	0.0011	5869.8438	2.2	-0.1	0.3465	-0.0809	0.0001	0.0423	-0.7367	60	0.000	55.800000	37.500000	192.10	55.780754	37.638962	215.7	11011
2	2023-04-18	13:32:26	5869.0679	2	0.0091	0.0012	5869.8433	0.8	-1.5	0.3478	-0.0812	0.0001	0.0424	-0.7367	60	0.000	55.800000	37.500000	192.10	55.781029	37.639179	214.6	11011
2	2023-04-18	13:33:26	5869.0670	2	0.0096	0.0012	5869.8428	1.4	-0.7	0.3468	-0.0815	0.0001	0.0423	-0.7367	60	0.000	55.800000	37.500000	192.10	55.780849	37.638897	215.1	11011
2	2023-04-18	13:34:26	5869.0681	2	0.0095	0.0012	5869.8441	1.4	0.5	0.3395	-0.0817	0.0001	0.0425	-0.7368	60	0.000	55.800000	37.500000	192.10	55.780704	37.638973	217.6	11011
2	2023-04-18	13:35:26	5869.0666	2	0.0092	0.0012	5869.8427	1.9	1.7	0.3488	-0.0820	0.0002	0.0424	-0.7368	60	0.000	55.800000	37.500000	192.10	55.780861	37.639008	217.9	11011
2	2023-04-18	13:36:26	5869.0676	2	0.0086	0.0011	5869.8440	2.6	2.0	0.3491	-0.0823	0.0002	0.0425	-0.7368	60	0.000	55.800000	37.500000	192.10	55.781010	37.639267	217.3	11011
2	2023-04-18	13:37:26	5869.0656	2	0.0112	0.0014	5869.8422	2.3	2.4	0.3469	-0.0825	0.0002	0.0424	-0.7368	60	0.000	55.800000	37.500000	192.10	55.781071	37.639133	217.2	11011
2	2023-04-18	13:38:26	5869.0665	2	0.0100	0.0013	5869.8435	2.3	0.5	0.3457	-0.0828	0.0001	0.0424	-0.7368	60	0.000	55.800000	37.500000	192.10	55.781078	37.639427	214.8	11011
2	2023-04-18	13:39:26	5869.0673	2	0.0077	0.0010	5869.8444	3.1	-2.0	0.3455	-0.0830	0.0002	0.0425	-0.7368	60	0.000	55.800000	37.500000	192.10	55.780823	37.639259	213.5	11011
2	2023-04-18	13:40:26	5869.0657	2	0.0103	0.0013	5869.8431	2.2	0.0	0.3508	-0.0833	0.0001	0.0425	-0.7368	60	0.000	55.800000	37.500000	192.10	55.780823	37.639381	213.5	11011
2	2023-04-18	13:41:26	5869.0655	2	0.0093	0.0012	5869.8432	2.7	0.3	0.3485	-0.0835	0.0001	0.0425	-0.7368	60	0.000	55.800000	37.500000	192.10	55.780716	37.639133	211.8	11011
2	2023-04-18	13:42:26	5869.0668	2	0.0100	0.0013	5869.8445	2.8	0.4	0.3515	-0.0837	0.0001	0.0427	-0.7368	60	0.000	55.800000	37.500000	192.10	55.780842	37.639030	211.7	11011
2	2023-04-18	13:43:26	5869.0663	2	0.0094	0.0012	5869.8444	3.0	-2.0	0.3439	-0.0840	0.0002	0.0426	-0.7368	60	0.000	55.800000	37.500000	192.10	55.781105	37.639141	210.3	11011
2	2023-04-18	13:44:26	5869.0674	2	0.0109	0.0014	5869.8456	2.3	-1.0	0.3502	-0.0842	0.0001	0.0427	-0.7368	60	0.000	55.800000	37.500000	192.10	55.780621	37.639160	210.3	11011
2	2023-04-18	13:45:26	5869.0675	2	0.0090	0.0012	5869.8459	4.2	-2.6	0.3542	-0.0844	0.0003	0.0425	-0.7368	60	0.000	55.800000	37.500000	192.10	55.780952	37.639103	209.7	11011
2	2023-04-18	13:46:26	5869.0672	2	0.0117	0.0015	5869.8456	5.0	-0.9	0.3448	-0.0847	0.0005	0.0427	-0.7368	60	0.000	55.800000	37.500000	192.10	55.780487	37.639030	210.2	11011
2	2023-04-18	13:47:26	5869.0672	2	0.0092	0.0012	5869.8461	4.1	2.1	0.3454	-0.0849	0.0003	0.0426	-0.7369	60	0.000	55.800000	37.500000	192.10	55.780918	37.639256	210.2	11011
2	2023-04-18	13:48:26	5869.0662	2	0.0080	0.0010	5869.8451	5.1	-0.5	0.3508	-0.0851	0.0004	0.0427	-0.7369	60	0.000	55.800000	37.500000	192.10	55.780792	37.639355	213.3	11011
2	2023-04-18	13:49:26	5869.0671	2	0.0063	0.0008	5869.8465	3.1	-0.1	0.3525	-0.0853	0.0001	0.0427	-0.7369	60	0.000	55.800000	37.500000	192.10	55.780727	37.639217	212.7	11011
2	2023-04-18	13:50:26	5869.0659	2	0.0075	0.0010	5869.8455	3.3	-0.1	0.3472	-0.0856	0.0002	0.0427	-0.7369	60	0.000	55.800000	37.500000	192.10	55.780785	37.639370	212.5	11011
2	2023-04-18	13:51:26	5869.0670	2	0.0084	0.0011	5869.8468	2.6	0.5	0.3489	-0.0858	0.0002	0.0427	-0.7369	60	0.000	55.800000	37.500000	192.10	55.780869	37.639294	213.2	11011
2	2023-04-18	13:52:26	5869.0678	2	0.0096	0.0012	5869.8474	4.0	-2.9	0.3554	-0.0860	0.0003	0.0429	-0.7369	60	0.000	55.800000	37.500000	192.10	55.781071	37.639343	210.1	11011
2	2023-04-18	13:53:26	5869.0666	2	0.0074	0.0010	5869.8468	4.0	-1.0	0.3467	-0.0862	0.0002	0.0428	-0.7369	60	0.000	55.800000	37.500000	192.10	55.781097	37.639336	206.4	11011
2	2023-04-18	13:54:26	5869.0668	2	0.0097	0.0013	5869.8470	4.4	-1.7	0.3461	-0.0864	0.0003	0.0428	-0.7369	60	0.000	55.800000	37.500000	192.10	55.781021	37.639343	204.9	11011
2	2023-04-18	13:55:26	5869.0666	2	0.0106	0.0014	5869.8472	3.6	-0.7	0.3481	-0.0866	0.0002	0.0428	-0.7369	60	0.000	55.800000	37.500000	192.10	55.780918	37.639179	201.4	11011
2	2023-04-18	13:56:26	5869.0666	2	0.0100	0.0013	5869.8475	3.6	-0.2	0.3462	-0.0868	0.0002	0.0427	-0.7369	60	0.000	55.800000	37.500000	192.10	55.780956	37.639507	199.6	11011
2	2023-04-18	13:57:26	5869.0659	2	0.0083	0.0011	5869.8469	3.5	-1.8	0.3488	-0.0870	0.0003	0.0428	-0.7369	60	0.000	55.800000	37.500000	192.10	55.780991	37.639317	198.8	11011
2	2023-04-18	13:58:26	5869.0664	2	0.0097	0.0013	5869.8473	4.6	-2.1	0.3556	-0.0872	0.0004	0.0429	-0.7369	60	0.000	55.800000	37.500000	192.10	55.780964	37.639286	194.2	11011
2	2023-04-18	13:59:26	5869.0669	2	0.0084	0.0011	5869.8481	4.7	-1.4	0.3484	-0.0874	0.0003	0.0429	-0.7369	60	0.000	55.800000	37.500000	192.10	55.780849	37.639469	194.4	11011
2	2023-04-18	14:00:26	5869.0656	2	0.0087	0.0011	5869.8471	4.3	-1.0	0.3531	-0.0876	0.0003	0.0428	-0.7370	60	0.000	55.800000	37.500000	192.10	55.780781	37.639526	194.1	11011
2	2023-04-18	14:01:26	5869.0670	2	0.0083	0.0011	5869.8486	3.7	-2.0	0.3493	-0.0878	0.0002	0.0430	-0.7370	60	0.000	55.800000	37.500000	192.10	55.780983	37.639503	193.5	11011
2	2023-04-18	14:02:26	5869.0664	2	0.0081	0.0011	5869.8481	5.2	0.2	0.3525	-0.0880	0.0003	0.0430	-0.7370	60	0.000	55.800000	37.500000	192.10	55.780838	37.639286	193.3	11011
2	2023-04-18	14:03:26	5869.0655	2	0.0096	0.0012	5869.8475	4.5	0.8	0.3546	-0.0882	0.0003	0.0429	-0.7370	60	0.000	55.800000	37.500000	192.10	55.780952	37.639278	192.4	11011
2	2023-04-18	14:04:26	5869.0663	2	0.0101	0.0013	5869.8484	4.2	-1.0	0.3534	-0.0883	0.0003	0.0430	-0.7370	60	0.000	55.800000	37.500000	192.10	55.780895	37.639236	189.2	11011
2	2023-04-18	14:05:26	5869.0666	2	0.0085	0.0011	5869.8488	4.3	-1.5	0.3513	-0.0885	0.0003	0.0430	-0.7370	60	0.000	55.800000	37.500000	192.10	55.781029	37.639488	187.9	11011
2	2023-04-18	14:06:26	5869.0664	2	0.0126	0.0016	5869.8487	4.8	-2.1	0.3471	-0.0887	0.0003	0.0431	-0.7370	60	0.000	55.800000	37.500000	192.10	55.781155	37.639317	188.2	11011
2	2023-04-18	14:07:26	5869.0661	2	0.0119	0.0015	5869.8486	5.2	-1.4	0.3481	-0.0889	0.0004	0.0430	-0.7370	60	0.000	55.800000	37.500000	192.10	55.780956	37.639294	188.4	11011
2	2023-04-18	14:08:26	5869.0668	2	0.0101	0.0013	5869.8494	4.6	-0.9	0.3574	-0.0890	0.0004	0.0430	-0.7370	60	0.000	55.800000	37.500000	192.10	55.781010	37.639278	188.0	11011
2	2023-04-18	14:09:26	5869.0651	2	0.0104	0.0013	5869.8481	4.2	-0.2	0.3534	-0.0892	0.0002	0.0430	-0.7370	60	0.000	55.800000	37.500000	192.10	55.781105	37.639305	188.5	11011
2	2023-05-02	06:03:00	5868.2163	2	0.0305	0.0039	5869.0819	0.9	-0.9	0.3472	-0.0136	0.0001	0.0421	-0.8941	60	0.000	55.800000	37.500000	192.10	55.781052	37.639278	193.7	11011
2	2023-05-02	06:04:00	5868.2171	2	0.0237	0.0031	5869.0823	-0.3	-1.6	0.3440	-0.0133	0.0001	0.0421	-0.8942	60	0.000	55.800000	37.500000	192.10	55.781052	37.639278	193.7	11011
2	2023-05-02	06:05:00	5868.2185	2	0.0248	0.0032	5869.0837	-0.9	-1.2	0.3521	-0.0131	0.0000	0.0419	-0.8942	60	0.000	55.800000	37.500000	192.10	55.780880	37.639351	193.9	11011
2	2023-05-02	06:06:00	5868.2184	2	0.0330	0.0043	5869.0836	-0.9	-0.1	0.3414	-0.0128	0.0001	0.0417	-0.8942	60	0.000	55.800000	37.500000	192.10	55.781071	37.639294	193.9	11011
2	2023-05-02	06:07:00	5868.2160	2	0.0295	0.0038	5869.0810	-0.5	1.6	0.3413	-0.0125	0.0000	0.0417	-0.8942	60	0.000	55.800000	37.500000	192.10	55.781040	37.639278	193.8	11011
2	2023-05-02	06:08:00	5868.2155	2	0.0270	0.0035	5869.0802	-1.2	0.7	0.3390	-0.0122	0.0001	0.0416	-0.8942	60	0.000	55.800000	37.500000	192.10	55.781021	37.639297	199.6	11011
2	2023-05-02	06:09:00	5868.2176	2	0.0206	0.0027	5869.0818	-2.7	2.0	0.3357	-0.0119	0.0003	0.0416	-0.8942	60	0.000	55.800000	37.500000	192.10	55.780201	37.639278	201.8	11011
2	2023-05-02	06:10:00	5868.2164	2	0.0258	0.0033	5869.0807	-0.4	2.8	0.3379	-0.0117	0.0002	0.0414	-0.8942	60	0.000	55.800000	37.500000	192.10	55.781143	37.639267	202.1	11011
2	2023-05-02	06:11:00	5868.2165	2	0.0257	0.0033	5869.0805	0.1	2.2	0.3392	-0.0114	0.0001	0.0414	-0.8942	60	0.000	55.800000	37.500000	192.10	55.781040	37.639221	204.8	11011
2	2023-05-02	06:12:00	5868.2187	2	0.0254	0.0033	5869.0827	-0.9	0.9	0.3402	-0.0111	0.0001	0.0412	-0.8942	60	0.000	55.800000	37.500000	192.10	55.780956	37.639153	213.5	11011
2	2023-05-02	06:13:00	5868.2170	2	0.0179	0.0023	5869.0808	-1.6	2.8	0.3321	-0.0109	0.0001	0.0413	-0.8942	60	0.000	55.800000	37.500000	192.10	55.780781	37.639179	216.1	11011
2	2023-05-02	06:14:00	5868.2195	2	0.0234	0.0030	5869.0828	-1.6	3.3	0.3363	-0.0106	0.0002	0.0413	-0.8942	60	0.000	55.800000	37.500000	192.10	55.780525	37.639160	225.6	11011
2	2023-05-02	06:15:00	5868.2188	2	0.0290	0.0037	5869.0818	-0.1	4.5	0.3420	-0.0103	0.0003	0.0413	-0.8942	60	0.000	55.800000	37.500000	192.10	55.779572	37.639408	224.0	11011
2	2023-05-02	06:16:00	5868.2182	2	0.0212	0.0027	5869.0813	-0.7	2.3	0.3411	-0.0101	0.0001	0.0411	-0.8942	60	0.000	55.800000	37.500000	192.10	55.780785	37.639278	220.7	11011
2	2023-05-02	06:17:00	5868.2168	2	0.0264	0.0034	5869.0792	-0.8	3.3	0.3347	-0.0098	0.0002	0.0415	-0.8943	60	0.000	55.800000	37.500000	192.10	55.780907	37.639256	210.9	11011
2	2023-05-02	06:18:00	5868.2179	2	0.0235	0.0030	5869.0803	-0.4	3.1	0.3361	-0.0096	0.0001	0.0413	-0.8943	60	0.000	55.800000	37.500000	192.10	55.780613	37.639297	213.1	11011
2	2023-05-02	06:19:00	5868.2159	2	0.0265	0.0034	5869.0778	-0.7	5.1	0.3393	-0.0093	0.0003	0.0413	-0.8943	60	0.000	55.800000	37.500000	192.10	55.781048	37.639133	223.3	11011
2	2023-05-02	06:20:00	5868.2176	2	0.0255	0.0033	5869.0792	-1.5	4.9	0.3384	-0.0090	0.0004	0.0413	-0.8943	60	0.000	55.800000	37.500000	192.10	55.780937	37.639217	223.4	11011
2	2023-05-02	06:21:00	5868.2177	2	0.0208	0.0027	5869.0791	-0.9	5.2	0.3374	-0.0088	0.0004	0.0413	-0.8943	60	0.000	55.800000	37.500000	192.10	55.780937	37.639217	223.4	11011
2	2023-05-02	06:22:00	5868.2188	2	0.0210	0.0027	5869.0800	-1.3	2.7	0.3428	-0.0085	0.0002	0.0415	-0.8943	60	0.000	55.800000	37.500000	192.10	55.781040	37.639267	223.9	11011
2	2023-05-02	06:23:00	5868.2172	2	0.0181	0.0023	5869.0784	-1.1	1.6	0.3351	-0.0083	0.0001	0.0413	-0.8943	60	0.000	55.800000	37.500000	192.10	55.781040	37.639267	223.9	11011
2	2023-05-02	06:24:00	5868.2176	2	0.0221	0.0028	5869.0785	-0.0	2.3	0.3367	-0.0080	0.0001	0.0414	-0.8943	60	0.000	55.800000	37.500000	192.10	55.780937	37.639305	224.0	11011
2	2023-05-02	06:25:00	5868.2177	2	0.0253	0.0033	5869.0778	-1.2	6.6	0.3358	-0.0078	0.0006	0.0413	-0.8943	60	0.000	55.800000	37.500000	192.10	55.780937	37.639305	224.0	11011
2	2023-05-02	06:26:00	5868.2168	2	0.0261	0.0034	5869.0769	-1.1	5.3	0.3349	-0.0076	0.0004	0.0414	-0.8943	60	0.000	55.800000	37.500000	192.10	55.780994	37.639160	224.2	11011
2	2023-05-02	06:27:00	5868.2178	2	0.0194	0.0025	5869.0777	-1.1	6.1	0.3357	-0.0073	0.0005	0.0413	-0.8943	60	0.000	55.800000	37.500000	192.10	55.781013	37.639324	226.1	11011
2	2023-05-02	06:28:00	5868.2193	2	0.0269	0.0035	5869.0788	-0.9	5.8	0.3412	-0.0071	0.0004	0.0414	-0.8943	60	0.000	55.800000	37.500000	192.10	55.781029	37.639153	227.1	11011
2	2023-05-02	06:29:00	5868.2182	2	0.0244	0.0032	5869.0773	-1.1	6.3	0.3443	-0.0068	0.0006	0.0415	-0.8944	60	0.000	55.800000	37.500000	192.10	55.781029	37.639153	227.1	11011
2	2023-05-02	06:30:00	5868.2199	2	0.0304	0.0039	5869.0783	-1.7	8.4	0.3362	-0.0066	0.0011	0.0415	-0.8944	60	0.000	55.800000	37.500000	192.10	55.781029	37.639153	227.1	11011
2	2023-05-02	06:31:00	5868.2190	2	0.0257	0.0033	5869.0776	-1.5	6.9	0.3440	-0.0064	0.0004	0.0417	-0.8944	60	0.000	55.800000	37.500000	192.10	55.780926	37.639198	228.2	11011
2	2023-05-02	06:32:00	5868.2187	2	0.0264	0.0034	5869.0771	-2.3	7.0	0.3417	-0.0062	0.0005	0.0416	-0.8944	60	0.000	55.800000	37.500000	192.10	55.780952	37.639221	226.4	11011
2	2023-05-02	06:33:00	5868.2179	2	0.0316	0.0041	5869.0760	-2.2	8.0	0.3380	-0.0059	0.0008	0.0415	-0.8944	60	0.000	55.800000	37.500000	192.10	55.781040	37.639305	227.2	11011
2	2023-05-02	06:34:00	5868.2199	2	0.0214	0.0028	5869.0770	-1.8	9.4	0.3490	-0.0057	0.0014	0.0416	-0.8944	60	0.000	55.800000	37.500000	192.10	55.780842	37.639191	229.6	11011
2	2023-05-02	06:35:00	5868.2182	2	0.0193	0.0025	5869.0755	-1.2	8.5	0.3432	-0.0055	0.0008	0.0418	-0.8944	60	0.000	55.800000	37.500000	192.10	55.780926	37.639240	229.0	11011
2	2023-05-02	06:36:00	5868.2216	2	0.0253	0.0033	5869.0783	-1.6	9.5	0.3409	-0.0053	0.0014	0.0415	-0.8944	60	0.000	55.800000	37.500000	192.10	55.780952	37.639030	228.6	11011
2	2023-05-02	06:37:00	5868.2191	2	0.0250	0.0032	5869.0759	-2.4	9.1	0.3376	-0.0050	0.0010	0.0416	-0.8944	60	0.000	55.800000	37.500000	192.10	55.780972	37.639145	229.1	11011
2	2023-05-02	06:38:00	5868.2195	2	0.0239	0.0031	5869.0756	-0.7	10.8	0.3403	-0.0048	0.0016	0.0415	-0.8944	60	0.000	55.800000	37.500000	192.10	55.781300	37.639179	227.7	11011
2	2023-05-02	06:39:00	5868.2196	2	0.0233	0.0030	5869.0761	-1.7	8.0	0.3397	-0.0046	0.0009	0.0417	-0.8944	60	0.000	55.800000	37.500000	192.10	55.780754	37.639256	228.6	11011
2	2023-05-02	06:40:00	5868.2196	2	0.0210	0.0027	5869.0759	-1.2	7.7	0.3417	-0.0044	0.0007	0.0418	-0.8944	60	0.000	55.800000	37.500000	192.10	55.780964	37.639343	234.3	11011
2	2023-05-02	06:41:00	5868.2203	2	0.0218	0.0028	5869.0760	-2.0	9.4	0.3437	-0.0042	0.0012	0.0417	-0.8944	60	0.000	55.800000	37.500000	192.10	55.781315	37.639267	233.2	11011
2	2023-05-02	06:42:00	5868.2196	2	0.0264	0.0034	5869.0749	-2.4	10.3	0.3402	-0.0040	0.0014	0.0418	-0.8945	60	0.000	55.800000	37.500000	192.10	55.781040	37.639240	233.1	11011
2	2023-05-02	06:43:00	5868.2185	2	0.0232	0.0030	5869.0736	-2.2	10.7	0.3397	-0.0038	0.0014	0.0417	-0.8945	60	0.000	55.800000	37.500000	192.10	55.781212	37.639351	232.3	11011
2	2023-05-02	06:44:00	5868.2184	2	0.0259	0.0033	5869.0733	-1.5	10.8	0.3460	-0.0036	0.0014	0.0417	-0.8945	60	0.000	55.800000	37.500000	192.10	55.781658	37.639565	227.2	11011
2	2023-05-02	06:45:00	5868.2188	2	0.0257	0.0033	5869.0739	-1.7	9.4	0.3395	-0.0034	0.0010	0.0417	-0.8945	60	0.000	55.800000	37.500000	192.10	55.780876	37.639221	222.5	11011
2	2023-05-02	06:46:00	5868.2201	2	0.0263	0.0034	5869.0748	-2.1	9.5	0.3411	-0.0032	0.0011	0.0418	-0.8945	60	0.000	55.800000	37.500000	192.10	55.781307	37.639278	219.5	11011
2	2023-05-02	06:47:00	5868.2183	2	0.0247	0.0032	5869.0727	-2.9	9.9	0.3407	-0.0030	0.0013	0.0418	-0.8945	60	0.000	55.800000	37.500000	192.10	55.781071	37.639355	215.3	11011
2	2023-05-02	06:48:00	5868.2205	2	0.0220	0.0028	5869.0742	-1.4	11.9	0.3458	-0.0028	0.0016	0.0419	-0.8945	60	0.000	55.800000	37.500000	192.10	55.780937	37.639248	214.7	11011
2	2023-05-02	06:49:00	5868.2221	2	0.0249	0.0032	5869.0756	-1.4	12.4	0.3437	-0.0026	0.0016	0.0419	-0.8945	60	0.000	55.800000	37.500000	192.10	55.780937	37.639248	214.7	11011
2	2023-05-02	06:50:00	5868.2191	2	0.0241	0.0031	5869.0725	-1.3	11.6	0.3445	-0.0024	0.0015	0.0420	-0.8945	60	0.000	55.800000	37.500000	192.10	55.780849	37.639221	212.6	11011
2	2023-05-02	06:51:00	5868.2181	2	0.0272	0.0035	5869.0719	-1.8	9.5	0.3400	-0.0022	0.0011	0.0419	-0.8945	60	0.000	55.800000	37.500000	192.10	55.780849	37.639221	212.6	11011
2	2023-05-02	06:52:00	5868.2203	2	0.0284	0.0037	5869.0733	-2.8	9.8	0.3495	-0.0020	0.0015	0.0420	-0.8945	60	0.000	55.800000	37.500000	192.10	55.780964	37.639179	212.8	11011
2	2023-05-02	06:53:00	5868.2195	2	0.0251	0.0032	5869.0725	-2.1	11.3	0.3379	-0.0018	0.0016	0.0419	-0.8945	60	0.000	55.800000	37.500000	192.10	55.780964	37.639179	212.8	11011
2	2023-05-02	06:54:00	5868.2210	2	0.0273	0.0035	5869.0734	-3.1	11.9	0.3424	-0.0016	0.0018	0.0420	-0.8946	60	0.000	55.800000	37.500000	192.10	55.781021	37.639305	212.4	11011
2	2023-05-02	06:55:00	5868.2197	2	0.0290	0.0037	5869.0726	-3.0	10.0	0.3405	-0.0015	0.0013	0.0419	-0.8946	60	0.000	55.800000	37.500000	192.10	55.781021	37.639305	212.4	11011
2	2023-05-02	06:56:00	5868.2184	2	0.0287	0.0037	5869.0713	-2.9	9.1	0.3413	-0.0013	0.0011	0.0419	-0.8946	60	0.000	55.800000	37.500000	192.10	55.781021	37.639305	212.4	11011
2	2023-05-02	06:57:00	5868.2197	2	0.0246	0.0032	5869.0720	-2.6	9.9	0.3524	-0.0011	0.0013	0.0421	-0.8946	60	0.000	55.800000	37.500000	192.10	55.781021	37.639305	212.4	11011
2	2023-05-02	06:58:00	5868.2206	2	0.0239	0.0031	5869.0724	-2.7	11.8	0.3377	-0.0010	0.0017	0.0420	-0.8946	60	0.000	55.800000	37.500000	192.10	55.781021	37.639305	212.4	11011
2	2023-05-02	06:59:00	5868.2207	2	0.0304	0.0039	5869.0723	-1.7	12.5	0.3441	-0.0008	0.0018	0.0420	-0.8946	60	0.000	55.800000	37.500000	192.10	55.781021	37.639305	212.4	11011
2	2023-05-02	07:00:00	5868.2190	2	0.0247	0.0032	5869.0706	-2.3	12.4	0.3442	-0.0006	0.0016	0.0421	-0.8946	60	0.000	55.800000	37.500000	192.10	55.780918	37.639278	212.8	11011
2	2023-05-02	07:01:00	5868.2217	2	0.0318	0.0041	5869.0728	-0.7	13.2	0.3478	-0.0005	0.0018	0.0421	-0.8946	60	0.000	55.800000	37.500000	192.10	55.780918	37.639278	212.8	11011
2	2023-05-02	07:02:00	5868.2199	2	0.0179	0.0023	5869.0713	-1.5	11.9	0.3500	-0.0003	0.0016	0.0420	-0.8946	60	0.000	55.800000	37.500000	192.10	55.781021	37.639324	211.0	11011
22	2023-05-02	08:36:58	5845.6229	2	0.0299	0.0039	5846.4683	0.3	0.2	0.3805	0.0032	0.0000	0.0468	-0.8954	60	0.000	55.800000	37.500000	192.10	55.699432	36.757950	189.6	11011
22	2023-05-02	08:37:58	5845.6237	2	0.0383	0.0049	5846.4699	-0.6	0.6	0.3821	0.0031	0.0001	0.0461	-0.8954	60	0.000	55.800000	37.500000	192.10	55.699348	36.758114	190.3	11011
22	2023-05-02	08:38:58	5845.6236	2	0.0311	0.0040	5846.4702	0.6	1.7	0.3721	0.0030	0.0001	0.0457	-0.8954	60	0.000	55.800000	37.500000	192.10	55.699341	36.757874	191.2	11011
22	2023-05-02	08:39:58	5845.6243	2	0.0275	0.0035	5846.4715	0.7	2.2	0.3761	0.0029	0.0001	0.0453	-0.8954	60	0.000	55.800000	37.500000	192.10	55.699318	36.757702	187.2	11011
22	2023-05-02	08:40:58	5845.6236	2	0.0296	0.0038	5846.4712	1.1	1.6	0.3705	0.0028	0.0001	0.0449	-0.8954	60	0.000	55.800000	37.500000	192.10	55.699368	36.757854	187.6	11011
22	2023-05-02	08:41:58	5845.6240	2	0.0314	0.0040	5846.4720	1.9	2.5	0.3639	0.0027	0.0002	0.0446	-0.8954	60	0.000	55.800000	37.500000	192.10	55.699368	36.757854	187.6	11011
22	2023-05-02	08:42:58	5845.6233	2	0.0316	0.0041	5846.4716	1.7	3.5	0.3612	0.0026	0.0002	0.0443	-0.8954	60	0.000	55.800000	37.500000	192.10	55.699455	36.757809	185.3	11011
22	2023-05-02	08:43:58	5845.6242	2	0.0299	0.0039	5846.4731	0.2	3.3	0.3585	0.0025	0.0002	0.0439	-0.8954	60	0.000	55.800000	37.500000	192.10	55.699455	36.757809	185.2	11011
22	2023-05-02	08:44:58	5845.6236	2	0.0293	0.0038	5846.4730	1.2	4.5	0.3580	0.0024	0.0003	0.0435	-0.8954	60	0.000	55.800000	37.500000	192.10	55.699455	36.757809	185.2	11011
22	2023-05-02	08:45:58	5845.6235	2	0.0327	0.0042	5846.4733	1.9	3.5	0.3541	0.0023	0.0002	0.0432	-0.8954	60	0.000	55.800000	37.500000	192.10	55.699455	36.757809	185.2	11011
22	2023-05-02	08:46:58	5845.6223	2	0.0290	0.0037	5846.4726	1.4	3.0	0.3556	0.0021	0.0001	0.0429	-0.8955	60	0.000	55.800000	37.500000	192.10	55.699665	36.758011	182.3	11011
22	2023-05-02	08:47:58	5845.6239	2	0.0301	0.0039	5846.4743	-0.3	4.5	0.3521	0.0020	0.0002	0.0428	-0.8955	60	0.000	55.800000	37.500000	192.10	55.699482	36.757828	181.8	11011
22	2023-05-02	08:48:58	5845.6243	2	0.0353	0.0046	5846.4750	-0.3	4.4	0.3465	0.0019	0.0003	0.0425	-0.8955	60	0.000	55.800000	37.500000	192.10	55.699387	36.757771	181.5	11011
22	2023-05-02	08:49:58	5845.6236	2	0.0331	0.0043	5846.4749	0.9	3.0	0.3501	0.0018	0.0002	0.0422	-0.8955	60	0.000	55.800000	37.500000	192.10	55.699398	36.757744	181.0	11011
22	2023-05-02	08:50:58	5845.6220	2	0.0345	0.0045	5846.4738	-0.2	1.8	0.3401	0.0017	0.0001	0.0419	-0.8955	60	0.000	55.800000	37.500000	192.10	55.699406	36.757778	183.3	11011
22	2023-05-02	08:51:58	5845.6226	2	0.0217	0.0028	5846.4748	-1.1	2.0	0.3388	0.0015	0.0001	0.0417	-0.8955	60	0.000	55.800000	37.500000	192.10	55.699425	36.757782	183.6	11011
22	2023-05-02	08:52:58	5845.6225	2	0.0307	0.0040	5846.4747	-0.1	4.7	0.3358	0.0014	0.0004	0.0415	-0.8955	60	0.000	55.800000	37.500000	192.10	55.699337	36.757668	183.6	11011
22	2023-05-02	08:53:58	5845.6224	2	0.0344	0.0044	5846.4751	0.3	3.6	0.3414	0.0013	0.0002	0.0413	-0.8955	60	0.000	55.800000	37.500000	192.10	55.699337	36.757668	183.6	11011
22	2023-05-02	08:54:58	5845.6222	2	0.0314	0.0041	5846.4755	-0.6	3.0	0.3337	0.0012	0.0001	0.0410	-0.8955	60	0.000	55.800000	37.500000	192.10	55.699337	36.757668	183.6	11011
22	2023-05-02	08:55:58	5845.6235	2	0.0430	0.0055	5846.4771	-1.1	3.9	0.3338	0.0010	0.0002	0.0407	-0.8955	60	0.000	55.800000	37.500000	192.10	55.699337	36.757668	183.6	11011
22	2023-05-02	08:56:58	5845.6218	2	0.0366	0.0047	5846.4758	-0.3	2.7	0.3296	0.0009	0.0001	0.0406	-0.8955	60	0.000	55.800000	37.500000	192.10	55.699337	36.757668	183.6	11011
22	2023-05-02	08:57:58	5845.6219	2	0.0396	0.0051	5846.4760	-0.8	4.4	0.3342	0.0007	0.0003	0.0404	-0.8955	60	0.000	55.800000	37.500000	192.10	55.699337	36.757668	183.6	11011
22	2023-05-02	08:58:58	5845.6213	2	0.0428	0.0055	5846.4761	-1.0	2.7	0.3318	0.0006	0.0001	0.0401	-0.8956	60	0.000	55.800000	37.500000	192.10	55.699337	36.757668	183.6	11011
22	2023-05-02	08:59:58	5845.6224	2	0.0271	0.0035	5846.4772	-0.8	3.7	0.3300	0.0005	0.0002	0.0400	-0.8956	60	0.000	55.800000	37.500000	192.10	55.699337	36.757668	183.6	11011
22	2023-05-02	09:00:58	5845.6209	2	0.0257	0.0033	5846.4761	-1.3	2.7	0.3278	0.0003	0.0001	0.0399	-0.8956	60	0.000	55.800000	37.500000	192.10	55.699337	36.757668	183.6	11011
22	2023-05-02	09:01:58	5845.6203	2	0.0276	0.0036	5846.4761	-1.3	3.1	0.3240	0.0002	0.0002	0.0394	-0.8956	60	0.000	55.800000	37.500000	192.10	55.699425	36.757725	178.0	11011
22	2023-05-02	09:02:58	5845.6209	2	0.0238	0.0031	5846.4769	-2.0	1.7	0.3212	0.0000	0.0001	0.0395	-0.8956	60	0.000	55.800000	37.500000	192.10	55.699512	36.757763	180.5	11011
22	2023-05-02	09:03:58	5845.6216	2	0.0329	0.0042	5846.4780	-2.6	1.3	0.3251	-0.0001	0.0001	0.0392	-0.8956	60	0.000	55.800000	37.500000	192.10	55.699520	36.757771	180.5	11011
22	2023-05-02	09:04:58	5845.6211	2	0.0295	0.0038	5846.4777	-2.2	1.9	0.3185	-0.0003	0.0002	0.0391	-0.8956	60	0.000	55.800000	37.500000	192.10	55.699398	36.757759	179.6	11011
22	2023-05-02	09:05:58	5845.6209	2	0.0321	0.0041	5846.4778	-2.6	3.5	0.3185	-0.0005	0.0003	0.0389	-0.8956	60	0.000	55.800000	37.500000	192.10	55.699398	36.757740	180.1	11011
22	2023-05-02	09:06:58	5845.6225	2	0.0299	0.0039	5846.4797	-3.0	3.2	0.3166	-0.0006	0.0003	0.0388	-0.8956	60	0.000	55.800000	37.500000	192.10	55.699387	36.757732	180.2	11011
22	2023-05-02	09:07:58	5845.6223	2	0.0322	0.0042	5846.4795	-3.3	4.6	0.3119	-0.0008	0.0005	0.0387	-0.8956	60	0.000	55.800000	37.500000	192.10	55.699406	36.757713	180.4	11011
22	2023-05-02	09:08:58	5845.6207	2	0.0332	0.0043	5846.4786	-2.2	4.7	0.3172	-0.0009	0.0003	0.0384	-0.8956	60	0.000	55.800000	37.500000	192.10	55.699406	36.757713	180.4	11011
22	2023-05-02	09:09:58	5845.6218	2	0.0333	0.0043	5846.4800	-2.9	2.5	0.3119	-0.0011	0.0003	0.0383	-0.8956	60	0.000	55.800000	37.500000	192.10	55.699406	36.757713	180.4	11011
22	2023-05-02	09:10:58	5845.6214	2	0.0385	0.0050	5846.4799	-2.8	3.4	0.3185	-0.0013	0.0002	0.0382	-0.8956	60	0.000	55.800000	37.500000	192.10	55.699406	36.757713	180.4	11011
22	2023-05-02	09:11:58	5845.6213	2	0.0323	0.0042	5846.4801	-2.4	1.7	0.3156	-0.0014	0.0002	0.0381	-0.8957	60	0.000	55.800000	37.500000	192.10	55.699406	36.757713	180.4	11011
22	2023-05-02	09:12:58	5845.6205	2	0.0322	0.0042	5846.4796	-2.5	0.9	0.3106	-0.0016	0.0002	0.0381	-0.8957	60	0.000	55.800000	37.500000	192.10	55.699406	36.757713	180.4	11011
22	2023-05-02	09:13:58	5845.6202	2	0.0301	0.0039	5846.4795	-2.5	2.9	0.3031	-0.0018	0.0004	0.0378	-0.8957	60	0.000	55.800000	37.500000	192.10	55.699310	36.757618	179.8	11011
22	2023-05-02	09:14:58	5845.6217	2	0.0310	0.0040	5846.4813	-2.6	2.1	0.3092	-0.0020	0.0002	0.0378	-0.8957	60	0.000	55.800000	37.500000	192.10	55.699413	36.757656	179.2	11011
22	2023-05-02	09:15:58	5845.6215	2	0.0457	0.0059	5846.4814	-2.8	3.3	0.3082	-0.0021	0.0003	0.0376	-0.8957	60	0.000	55.800000	37.500000	192.10	55.699539	36.757763	180.9	11011
22	2023-05-02	09:16:58	5845.6212	2	0.0259	0.0033	5846.4812	-4.3	3.4	0.3038	-0.0023	0.0004	0.0376	-0.8957	60	0.000	55.800000	37.500000	192.10	55.699242	36.757725	181.3	11011
22	2023-05-02	09:17:58	5845.6207	2	0.0305	0.0039	5846.4812	-2.9	3.4	0.3087	-0.0025	0.0003	0.0375	-0.8957	60	0.000	55.800000	37.500000	192.10	55.699253	36.757732	181.4	11011
22	2023-05-02	09:18:58	5845.6197	2	0.0396	0.0051	5846.4807	-2.6	2.8	0.3096	-0.0027	0.0002	0.0373	-0.8957	60	0.000	55.800000	37.500000	192.10	55.699341	36.757675	181.4	11011
22	2023-05-02	09:19:58	5845.6208	2	0.0329	0.0042	5846.4817	-4.4	3.0	0.3001	-0.0029	0.0004	0.0373	-0.8957	60	0.000	55.800000	37.500000	192.10	55.699432	36.757732	181.1	11011
22	2023-05-02	09:20:58	5845.6213	2	0.0253	0.0033	5846.4826	-4.1	1.2	0.3049	-0.0031	0.0003	0.0372	-0.8957	60	0.000	55.800000	37.500000	192.10	55.699432	36.757732	181.1	11011
22	2023-05-02	09:21:58	5845.6205	2	0.0449	0.0058	5846.4818	-5.0	3.3	0.3000	-0.0033	0.0005	0.0371	-0.8957	60	0.000	55.800000	37.500000	192.10	55.699432	36.757732	181.1	11011
22	2023-05-02	09:22:58	5845.6185	2	0.0322	0.0042	5846.4805	-3.2	1.7	0.3007	-0.0035	0.0002	0.0370	-0.8957	60	0.000	55.800000	37.500000	192.10	55.699432	36.757732	181.1	11011
22	2023-05-02	09:23:58	5845.6203	2	0.0321	0.0041	5846.4826	-3.5	-0.1	0.3003	-0.0037	0.0002	0.0369	-0.8957	60	0.000	55.800000	37.500000	192.10	55.699432	36.757732	181.1	11011
22	2023-05-02	09:24:58	5845.6201	2	0.0355	0.0046	5846.4825	-4.6	0.7	0.3026	-0.0039	0.0003	0.0369	-0.8958	60	0.000	55.800000	37.500000	192.10	55.699432	36.757732	181.1	11011
22	2023-05-02	09:25:58	5845.6203	2	0.0320	0.0041	5846.4833	-4.9	0.2	0.2979	-0.0041	0.0002	0.0366	-0.8958	60	0.000	55.800000	37.500000	192.10	55.699432	36.757732	181.1	11011
22	2023-05-02	09:26:58	5845.6188	2	0.0293	0.0038	5846.4822	-4.2	-0.3	0.2966	-0.0043	0.0003	0.0364	-0.8958	60	0.000	55.800000	37.500000	192.10	55.699432	36.757732	181.1	11011
22	2023-05-02	09:27:58	5845.6198	2	0.0336	0.0043	5846.4831	-4.9	0.2	0.3026	-0.0045	0.0003	0.0366	-0.8958	60	0.000	55.800000	37.500000	192.10	55.699432	36.757732	181.1	11011
22	2023-05-02	09:28:58	5845.6186	2	0.0232	0.0030	5846.4824	-5.4	0.6	0.3001	-0.0047	0.0003	0.0363	-0.8958	60	0.000	55.800000	37.500000	192.10	55.699432	36.757732	181.1	11011
22	2023-05-02	09:29:58	5845.6193	2	0.0340	0.0044	5846.4832	-5.4	0.9	0.2963	-0.0049	0.0004	0.0363	-0.8958	60	0.000	55.800000	37.500000	192.10	55.699379	36.757561	182.8	11011
22	2023-05-02	09:30:58	5845.6194	2	0.0324	0.0042	5846.4838	-4.1	2.3	0.2949	-0.0051	0.0003	0.0362	-0.8958	60	0.000	55.800000	37.500000	192.10	55.699387	36.757732	182.3	11011
22	2023-05-02	09:31:58	5845.6199	2	0.0411	0.0053	5846.4844	-4.4	3.6	0.2936	-0.0053	0.0005	0.0361	-0.8958	60	0.000	55.800000	37.500000	192.10	55.699387	36.757732	182.3	11011
22	2023-05-02	09:32:58	5845.6191	2	0.0396	0.0051	5846.4838	-5.0	3.8	0.3030	-0.0055	0.0004	0.0362	-0.8958	60	0.000	55.800000	37.500000	192.10	55.699387	36.757732	182.3	11011
22	2023-05-02	09:33:58	5845.6204	2	0.0319	0.0041	5846.4857	-4.6	4.2	0.2876	-0.0057	0.0003	0.0360	-0.8958	60	0.000	55.800000	37.500000	192.10	55.699387	36.757732	182.3	11011
22	2023-05-02	09:34:58	5845.6197	2	0.0382	0.0049	5846.4848	-4.5	4.7	0.2950	-0.0059	0.0006	0.0360	-0.8958	60	0.000	55.800000	37.500000	192.10	55.699490	36.757732	178.3	11011
22	2023-05-02	09:35:58	5845.6198	2	0.0284	0.0037	5846.4852	-6.5	4.1	0.2926	-0.0062	0.0008	0.0359	-0.8958	60	0.000	55.800000	37.500000	192.10	55.699406	36.757778	177.3	11011
2	2023-05-02	11:13:29	5868.2043	2	0.0273	0.0035	5869.0884	0.7	1.1	0.3766	-0.0335	0.0001	0.0459	-0.8966	60	0.000	55.800000	37.500000	192.10	55.781029	37.639317	172.1	11011
2	2023-05-02	11:14:29	5868.2049	2	0.0269	0.0035	5869.0895	-0.5	-0.3	0.3719	-0.0338	0.0001	0.0458	-0.8966	60	0.000	55.800000	37.500000	192.10	55.780907	37.639355	172.1	11011
2	2023-05-02	11:15:29	5868.2042	2	0.0270	0.0035	5869.0894	-0.6	-1.8	0.3750	-0.0341	0.0001	0.0455	-0.8966	60	0.000	55.800000	37.500000	192.10	55.780933	37.639515	167.7	11011
2	2023-05-02	11:16:29	5868.2051	2	0.0362	0.0047	5869.0907	0.6	-1.5	0.3702	-0.0345	0.0001	0.0454	-0.8966	60	0.000	55.800000	37.500000	192.10	55.780933	37.639515	167.7	11011
2	2023-05-02	11:17:29	5868.2037	2	0.0262	0.0034	5869.0896	0.4	-2.5	0.3727	-0.0348	0.0002	0.0453	-0.8967	60	0.000	55.800000	37.500000	192.10	55.781048	37.639381	166.1	11011
2	2023-05-02	11:18:29	5868.2038	2	0.0246	0.0032	5869.0902	1.7	-1.5	0.3683	-0.0351	0.0001	0.0453	-0.8967	60	0.000	55.800000	37.500000	192.10	55.781021	37.639248	167.4	11011
2	2023-05-02	11:19:29	5868.2030	2	0.0233	0.0030	5869.0898	2.2	-1.8	0.3715	-0.0354	0.0002	0.0451	-0.8967	60	0.000	55.800000	37.500000	192.10	55.781086	37.639370	167.7	11011
2	2023-05-02	11:20:29	5868.2024	2	0.0273	0.0035	5869.0898	1.1	-1.1	0.3700	-0.0357	0.0001	0.0449	-0.8967	60	0.000	55.800000	37.500000	192.10	55.781086	37.639370	167.7	11011
2	2023-05-02	11:21:29	5868.2026	2	0.0283	0.0037	5869.0903	1.9	-2.2	0.3622	-0.0360	0.0001	0.0448	-0.8967	60	0.000	55.800000	37.500000	192.10	55.780991	37.639374	167.0	11011
2	2023-05-02	11:22:29	5868.2031	2	0.0225	0.0029	5869.0913	1.2	-2.4	0.3636	-0.0363	0.0001	0.0447	-0.8967	60	0.000	55.800000	37.500000	192.10	55.781013	37.639202	167.2	11011
2	2023-05-02	11:23:29	5868.2024	2	0.0226	0.0029	5869.0910	0.8	-2.3	0.3616	-0.0366	0.0001	0.0446	-0.8967	60	0.000	55.800000	37.500000	192.10	55.781242	37.639202	167.9	11011
2	2023-05-02	11:24:29	5868.2025	2	0.0228	0.0029	5869.0915	0.6	-1.0	0.3647	-0.0369	0.0001	0.0445	-0.8967	60	0.000	55.800000	37.500000	192.10	55.781086	37.639103	166.6	11011
2	2023-05-02	11:25:29	5868.2037	2	0.0218	0.0028	5869.0931	0.2	-2.0	0.3609	-0.0372	0.0001	0.0445	-0.8967	60	0.000	55.800000	37.500000	192.10	55.781185	37.639381	165.6	11011
2	2023-05-02	11:26:29	5868.2030	2	0.0253	0.0033	5869.0929	0.1	-1.5	0.3602	-0.0375	0.0001	0.0443	-0.8967	60	0.000	55.800000	37.500000	192.10	55.780994	37.639236	164.8	11011
2	2023-05-02	11:27:29	5868.2036	2	0.0307	0.0040	5869.0936	-0.9	-1.5	0.3617	-0.0378	0.0001	0.0445	-0.8967	60	0.000	55.800000	37.500000	192.10	55.780994	37.639236	164.8	11011
2	2023-05-02	11:28:29	5868.2015	2	0.0219	0.0028	5869.0921	0.9	-0.3	0.3663	-0.0381	0.0001	0.0441	-0.8967	60	0.000	55.800000	37.500000	192.10	55.780937	37.639317	165.6	11011
2	2023-05-02	11:29:29	5868.2032	2	0.0251	0.0032	5869.0942	-0.3	-0.4	0.3595	-0.0384	0.0001	0.0442	-0.8968	60	0.000	55.800000	37.500000	192.10	55.780823	37.639317	166.2	11011
2	2023-05-02	11:30:29	5868.2016	2	0.0248	0.0032	5869.0929	0.8	-3.9	0.3539	-0.0388	0.0003	0.0440	-0.8968	60	0.000	55.800000	37.500000	192.10	55.780727	37.639267	166.6	11011
2	2023-05-02	11:31:29	5868.2010	2	0.0220	0.0028	5869.0926	1.2	-3.7	0.3621	-0.0391	0.0002	0.0441	-0.8968	60	0.000	55.800000	37.500000	192.10	55.780838	37.639305	167.0	11011
2	2023-05-02	11:32:29	5868.2020	2	0.0267	0.0035	5869.0940	-0.3	-4.1	0.3583	-0.0394	0.0003	0.0439	-0.8968	60	0.000	55.800000	37.500000	192.10	55.781052	37.639389	163.5	11011
2	2023-05-02	11:33:29	5868.2034	2	0.0223	0.0029	5869.0957	0.0	-4.6	0.3598	-0.0397	0.0003	0.0439	-0.8968	60	0.000	55.800000	37.500000	192.10	55.780952	37.639420	163.7	11011
2	2023-05-02	11:34:29	5868.2017	2	0.0224	0.0029	5869.0944	-0.2	-5.1	0.3573	-0.0400	0.0004	0.0437	-0.8968	60	0.000	55.800000	37.500000	192.10	55.781029	37.638988	164.4	11011
2	2023-05-02	11:35:29	5868.2011	2	0.0302	0.0039	5869.0943	-0.0	-4.9	0.3523	-0.0403	0.0002	0.0436	-0.8968	60	0.000	55.800000	37.500000	192.10	55.780918	37.639019	164.1	11011
2	2023-05-02	11:36:29	5868.2029	2	0.0368	0.0047	5869.0962	0.3	-5.4	0.3591	-0.0406	0.0003	0.0438	-0.8968	60	0.000	55.800000	37.500000	192.10	55.781013	37.639278	165.3	11011
2	2023-05-02	11:37:29	5868.2028	2	0.0196	0.0025	5869.0965	-0.8	-3.7	0.3612	-0.0409	0.0003	0.0437	-0.8968	60	0.000	55.800000	37.500000	192.10	55.780956	37.639236	165.8	11011
2	2023-05-02	11:38:29	5868.2015	2	0.0270	0.0035	5869.0957	-1.3	-2.7	0.3592	-0.0412	0.0001	0.0437	-0.8968	60	0.000	55.800000	37.500000	192.10	55.781040	37.639122	166.3	11011
2	2023-05-02	11:39:29	5868.2023	2	0.0347	0.0045	5869.0961	-1.2	-5.7	0.3635	-0.0415	0.0007	0.0437	-0.8968	60	0.000	55.800000	37.500000	192.10	55.781067	37.639286	166.6	11011
2	2023-05-02	11:40:29	5868.2023	2	0.0255	0.0033	5869.0968	-1.5	-5.5	0.3573	-0.0418	0.0004	0.0438	-0.8968	60	0.000	55.800000	37.500000	192.10	55.781136	37.639336	166.9	11011
2	2023-05-02	11:41:29	5868.2011	2	0.0276	0.0036	5869.0959	-0.6	-5.9	0.3571	-0.0421	0.0006	0.0435	-0.8968	60	0.000	55.800000	37.500000	192.10	55.781300	37.639267	166.9	11011
2	2023-05-02	11:42:29	5868.2002	2	0.0245	0.0032	5869.0957	1.1	-3.7	0.3559	-0.0424	0.0002	0.0435	-0.8969	60	0.000	55.800000	37.500000	192.10	55.781086	37.639236	166.6	11011
2	2023-05-02	11:43:29	5868.2009	2	0.0256	0.0033	5869.0967	2.2	-3.5	0.3546	-0.0427	0.0003	0.0434	-0.8969	60	0.000	55.800000	37.500000	192.10	55.781048	37.639030	166.5	11011
2	2023-05-02	11:44:29	5868.1999	2	0.0300	0.0039	5869.0960	1.9	-3.8	0.3563	-0.0430	0.0003	0.0435	-0.8969	60	0.000	55.800000	37.500000	192.10	55.780972	37.639153	166.0	11011
2	2023-05-02	11:45:29	5868.2015	2	0.0266	0.0034	5869.0981	1.0	-4.6	0.3556	-0.0433	0.0002	0.0434	-0.8969	60	0.000	55.800000	37.500000	192.10	55.780972	37.639153	166.0	11011
2	2023-05-02	11:46:29	5868.2002	2	0.0230	0.0030	5869.0971	1.1	-3.3	0.3604	-0.0436	0.0001	0.0434	-0.8969	60	0.000	55.800000	37.500000	192.10	55.781078	37.639236	165.2	11011
2	2023-05-02	11:47:29	5868.2012	2	0.0268	0.0035	5869.0984	1.8	-4.3	0.3545	-0.0439	0.0003	0.0432	-0.8969	60	0.000	55.800000	37.500000	192.10	55.780983	37.639286	165.5	11011
2	2023-05-02	11:48:29	5868.2013	2	0.0298	0.0038	5869.0987	2.5	-4.0	0.3598	-0.0441	0.0003	0.0433	-0.8969	60	0.000	55.800000	37.500000	192.10	55.780983	37.639286	165.5	11011
2	2023-05-02	11:49:29	5868.2006	2	0.0191	0.0025	5869.0982	3.1	-5.6	0.3578	-0.0444	0.0005	0.0433	-0.8969	60	0.000	55.800000	37.500000	192.10	55.780983	37.639286	165.5	11011
2	2023-05-02	11:50:29	5868.2010	2	0.0233	0.0030	5869.0991	2.1	-5.6	0.3530	-0.0447	0.0004	0.0433	-0.8969	60	0.000	55.800000	37.500000	192.10	55.780876	37.639324	167.4	11011
2	2023-05-02	11:51:29	5868.1999	2	0.0213	0.0028	5869.0982	2.0	-5.2	0.3526	-0.0450	0.0004	0.0433	-0.8969	60	0.000	55.800000	37.500000	192.10	55.781300	37.639782	175.0	11011
2	2023-05-02	11:52:29	5868.2007	2	0.0249	0.0032	5869.0991	1.0	-6.0	0.3505	-0.0453	0.0007	0.0432	-0.8969	60	0.000	55.800000	37.500000	192.10	55.780437	37.639622	177.2	11011
2	2023-05-02	11:53:29	5868.2010	2	0.0272	0.0035	5869.0995	0.1	-8.9	0.3498	-0.0456	0.0009	0.0432	-0.8969	60	0.000	55.800000	37.500000	192.10	55.780952	37.639278	177.5	11011
2	2023-05-02	11:54:29	5868.2004	2	0.0277	0.0036	5869.0991	-0.1	-8.8	0.3535	-0.0459	0.0010	0.0431	-0.8970	60	0.000	55.800000	37.500000	192.10	55.781040	37.639381	176.0	11011
2	2023-05-02	11:55:29	5868.2014	2	0.0246	0.0032	5869.1007	0.1	-8.3	0.3455	-0.0462	0.0008	0.0431	-0.8970	60	0.000	55.800000	37.500000	192.10	55.780804	37.639164	172.6	11011
2	2023-05-02	11:56:29	5868.2005	2	0.0247	0.0032	5869.0997	2.0	-9.3	0.3528	-0.0465	0.0013	0.0430	-0.8970	60	0.000	55.800000	37.500000	192.10	55.780956	37.639141	172.1	11011
2	2023-05-02	11:57:29	5868.2009	2	0.0280	0.0036	5869.1008	1.2	-7.5	0.3531	-0.0468	0.0007	0.0432	-0.8970	60	0.000	55.800000	37.500000	192.10	55.780918	37.639488	174.1	11011
2	2023-05-02	11:58:29	5868.1989	2	0.0281	0.0036	5869.0992	1.4	-6.6	0.3536	-0.0470	0.0006	0.0431	-0.8970	60	0.000	55.800000	37.500000	192.10	55.780766	37.639172	176.1	11011
2	2023-05-02	11:59:29	5868.1985	2	0.0174	0.0022	5869.0995	1.7	-6.0	0.3521	-0.0473	0.0004	0.0429	-0.8970	60	0.000	55.800000	37.500000	192.10	55.780876	37.639267	181.7	11011
2	2023-05-02	12:00:29	5868.1997	2	0.0255	0.0033	5869.1006	0.4	-7.8	0.3422	-0.0476	0.0008	0.0429	-0.8970	60	0.000	55.800000	37.500000	192.10	55.780670	37.639145	185.2	11011
2	2023-05-02	12:01:29	5868.1995	2	0.0290	0.0037	5869.1006	2.1	-9.0	0.3536	-0.0479	0.0010	0.0429	-0.8970	60	0.000	55.800000	37.500000	192.10	55.780933	37.639317	184.5	11011
2	2023-05-02	12:02:29	5868.2005	2	0.0224	0.0029	5869.1015	1.3	-9.1	0.3505	-0.0482	0.0012	0.0429	-0.8970	60	0.000	55.800000	37.500000	192.10	55.780823	37.639202	184.2	11011
2	2023-05-02	12:03:29	5868.2002	2	0.0284	0.0037	5869.1019	2.4	-8.2	0.3529	-0.0484	0.0009	0.0429	-0.8970	60	0.000	55.800000	37.500000	192.10	55.781052	37.639088	185.0	11011
2	2023-05-02	12:04:29	5868.2008	2	0.0266	0.0034	5869.1019	2.9	-11.0	0.3509	-0.0487	0.0017	0.0430	-0.8970	60	0.000	55.800000	37.500000	192.10	55.780952	37.639324	188.6	11011
2	2023-05-02	12:05:29	5868.2002	2	0.0291	0.0038	5869.1020	2.2	-11.1	0.3532	-0.0490	0.0014	0.0428	-0.8970	60	0.000	55.800000	37.500000	192.10	55.780880	37.639160	188.1	11011
2	2023-05-02	12:06:29	5868.1992	2	0.0231	0.0030	5869.1010	1.8	-9.7	0.3539	-0.0493	0.0015	0.0430	-0.8970	60	0.000	55.800000	37.500000	192.10	55.781162	37.639446	190.3	11011
2	2023-05-02	12:07:29	5868.1982	2	0.0255	0.0033	5869.1011	1.8	-7.6	0.3471	-0.0496	0.0008	0.0428	-0.8971	60	0.000	55.800000	37.500000	192.10	55.780869	37.639160	191.5	11011
2	2023-05-02	12:08:29	5868.1998	2	0.0289	0.0037	5869.1033	2.1	-7.0	0.3479	-0.0498	0.0006	0.0428	-0.8971	60	0.000	55.800000	37.500000	192.10	55.780792	37.639400	192.0	11011
2	2023-05-02	12:09:29	5868.1999	2	0.0289	0.0037	5869.1032	2.2	-8.5	0.3512	-0.0501	0.0009	0.0429	-0.8971	60	0.000	55.800000	37.500000	192.10	55.780804	37.639217	191.3	11011
2	2023-05-02	12:10:29	5868.2005	2	0.0319	0.0041	5869.1041	2.4	-8.6	0.3479	-0.0504	0.0011	0.0428	-0.8971	60	0.000	55.800000	37.500000	192.10	55.781040	37.639259	190.0	11011
2	2023-05-02	12:11:29	5868.2003	2	0.0269	0.0035	5869.1047	2.1	-6.9	0.3434	-0.0506	0.0006	0.0427	-0.8971	60	0.000	55.800000	37.500000	192.10	55.780933	37.639107	188.6	11011
2	2023-05-02	12:12:29	5868.1998	2	0.0279	0.0036	5869.1041	2.9	-8.0	0.3458	-0.0509	0.0009	0.0428	-0.8971	60	0.000	55.800000	37.500000	192.10	55.780716	37.638771	188.4	11011
