/		CG-6 Survey
/		Survey Name:	MAIN-110A
/		Instrument Serial Number:	000000022090470
/		Created:	2023-04-17 06:40:37
/
/		CG-6 Calibration
/		Operator:	IASK
/		Gcal1 [mGal]:	7941.208000
/		Goff [ADU]:	-8388608.000000
/		Gref [mGal]:	0.0000
/		X Scale [arc-sec/ADU]:	0.031193
/		Y Scale [arc-sec/ADU]:	0.030978
/		X Offset [ADU]:	-38727.250535
/		Y Offset [ADU]:	-43473.881294
/		Temperature Coefficient [mGal/mK]:	-0.125000
/		Temperature Scale [mK/ADU]:	-0.000111
/		Drift Rate [mGal/day]:	0.011500
/		Drift Zero Time:	2022-09-14 11:11:53
/		Firmware Version:	CG6_2_20220815
/
/Station	Date	Time	CorrGrav	Line	StdDev	StdErr	RawGrav	X	Y	SensorTemp	TideCorr	TiltCorr	TempCorr	DriftCorr	MeasurDur	InstrHeight	LatUser	LonUser	ElevUser	LatGPS	LonGPS	ElevGPS	Corrections[drift-temp-na-tide-tilt]
3	2023-04-17	06:40:37	5589.9969	1	0.9946	0.1284	5592.3706	-2.6	0.4	1.0449	-0.0333	0.0001	0.1299	-2.4703	60	0.000	55.800000	37.500000	179.70	--	--	--	11011
3	2023-04-17	06:41:37	5589.8711	1	0.0085	0.0011	5592.2442	-2.9	1.4	1.0416	-0.0331	0.0002	0.1301	-2.4703	60	0.000	55.800000	37.500000	179.70	--	--	--	11011
3	2023-04-17	06:42:37	5589.8732	1	0.0102	0.0013	5592.2454	-1.6	1.2	1.0526	-0.0329	0.0002	0.1308	-2.4703	60	0.000	55.800000	37.500000	179.70	--	--	--	11011
3	2023-04-17	06:43:37	5589.8730	1	0.0089	0.0011	5592.2441	-1.0	0.4	1.0525	-0.0326	0.0001	0.1318	-2.4704	60	0.000	55.800000	37.500000	179.70	--	--	--	11011
3	2023-04-17	06:44:37	5589.8738	1	0.0068	0.0009	5592.2441	-0.9	0.5	1.0644	-0.0324	0.0001	0.1324	-2.4704	60	0.000	55.800000	37.500000	179.70	--	--	--	11011
3	2023-04-17	06:45:37	5589.8719	1	0.0076	0.0010	5592.2411	-1.3	2.9	1.0697	-0.0321	0.0002	0.1331	-2.4704	60	0.000	55.800000	37.500000	179.70	--	--	--	11011
3	2023-04-17	06:46:37	5589.8729	1	0.0118	0.0015	5592.2415	-0.8	2.8	1.0786	-0.0319	0.0002	0.1335	-2.4704	60	0.000	55.800000	37.500000	179.70	--	--	--	11011
3	2023-04-17	06:47:37	5589.8741	1	0.0069	0.0009	5592.2418	1.5	2.7	1.0763	-0.0317	0.0001	0.1342	-2.4704	60	0.000	55.800000	37.500000	179.70	--	--	--	11011
3	2023-04-17	06:48:37	5589.8740	1	0.0067	0.0009	5592.2412	1.4	2.0	1.0748	-0.0314	0.0001	0.1345	-2.4704	60	0.000	55.800000	37.500000	179.70	--	--	--	11011
3	2023-04-17	06:49:37	5589.8735	1	0.0095	0.0012	5592.2401	1.3	3.4	1.0802	-0.0312	0.0002	0.1347	-2.4704	60	0.000	55.800000	37.500000	179.70	--	--	--	11011
3	2023-04-17	06:50:37	5589.8731	1	0.0104	0.0013	5592.2394	-0.5	3.9	1.0796	-0.0310	0.0003	0.1348	-2.4704	60	0.000	55.800000	37.500000	179.70	--	--	--	11011
3	2023-04-17	06:51:37	5589.8718	1	0.0094	0.0012	5592.2378	2.0	2.4	1.0761	-0.0308	0.0002	0.1350	-2.4704	60	0.000	55.800000	37.500000	179.70	--	--	--	11011
3	2023-04-17	06:52:37	5589.8723	1	0.0089	0.0011	5592.2382	1.1	2.1	1.0789	-0.0305	0.0002	0.1349	-2.4704	60	0.000	55.800000	37.500000	179.70	--	--	--	11011
3	2023-04-17	06:53:37	5589.8730	1	0.0128	0.0017	5592.2388	-0.6	0.7	1.0792	-0.0303	0.0001	0.1350	-2.4704	60	0.000	55.800000	37.500000	179.70	--	--	--	11011
3	2023-04-17	06:54:37	5589.8733	1	0.0093	0.0012	5592.2386	1.1	0.5	1.0840	-0.0301	0.0001	0.1352	-2.4704	60	0.000	55.800000	37.500000	179.70	--	--	--	11011
3	2023-04-17	06:55:37	5589.8722	1	0.0077	0.0010	5592.2374	2.1	1.5	1.0859	-0.0299	0.0001	0.1350	-2.4704	60	0.000	55.800000	37.500000	179.70	--	--	--	11011
3	2023-04-17	06:56:37	5589.8729	1	0.0078	0.0010	5592.2377	2.5	2.9	1.0844	-0.0297	0.0003	0.1351	-2.4705	60	0.000	55.800000	37.500000	179.70	--	--	--	11011
3	2023-04-17	06:57:37	5589.8726	1	0.0147	0.0019	5592.2376	1.1	1.0	1.0794	-0.0295	0.0001	0.1348	-2.4705	60	0.000	55.800000	37.500000	179.70	--	--	--	11011
3	2023-04-17	06:58:37	5589.8705	1	0.0079	0.0010	5592.2354	-0.4	0.5	1.0778	-0.0293	0.0001	0.1348	-2.4705	60	0.000	55.800000	37.500000	179.70	--	--	--	11011
3	2023-04-17	06:59:37	5589.8717	1	0.0090	0.0012	5592.2361	0.6	-0.7	1.0817	-0.0291	0.0001	0.1350	-2.4705	60	0.000	55.800000	37.500000	179.70	--	--	--	11011
3	2023-04-17	07:00:37	5589.8708	1	0.0077	0.0010	5592.2350	-0.7	2.0	1.0810	-0.0289	0.0001	0.1350	-2.4705	60	0.000	55.800000	37.500000	179.70	--	--	--	11011
3	2023-04-17	07:01:37	5589.8724	1	0.0087	0.0011	5592.2363	-1.4	2.4	1.0788	-0.0287	0.0002	0.1351	-2.4705	60	0.000	55.800000	37.500000	179.70	--	--	--	11011
3	2023-04-17	07:02:37	5589.8715	1	0.0077	0.0010	5592.2356	-0.1	1.7	1.0766	-0.0285	0.0001	0.1349	-2.4705	60	0.000	55.800000	37.500000	179.70	--	--	--	11011
3	2023-04-17	07:03:37	5589.8712	1	0.0089	0.0012	5592.2350	-0.0	-0.1	1.0862	-0.0283	0.0001	0.1350	-2.4705	60	0.000	55.800000	37.500000	179.70	--	--	--	11011
3	2023-04-17	07:04:37	5589.8717	1	0.0117	0.0015	5592.2353	0.4	0.2	1.0711	-0.0281	0.0000	0.1349	-2.4705	60	0.000	55.800000	37.500000	179.70	--	--	--	11011
3	2023-04-17	07:05:37	5589.8718	1	0.0072	0.0009	5592.2352	0.1	0.1	1.0756	-0.0279	0.0001	0.1349	-2.4705	60	0.000	55.800000	37.500000	179.70	--	--	--	11011
3	2023-04-17	07:06:37	5589.8715	1	0.0105	0.0014	5592.2347	-0.2	0.4	1.0793	-0.0277	0.0001	0.1349	-2.4705	60	0.000	55.800000	37.500000	179.70	--	--	--	11011
3	2023-04-17	07:07:37	5589.8700	1	0.0096	0.0012	5592.2333	-0.1	0.5	1.0786	-0.0275	0.0001	0.1347	-2.4705	60	0.000	55.800000	37.500000	179.70	--	--	--	11011
3	2023-04-17	07:08:37	5589.8719	1	0.0089	0.0011	5592.2350	-0.1	-0.2	1.0790	-0.0273	0.0001	0.1347	-2.4706	60	0.000	55.800000	37.500000	179.70	--	--	--	11011
3	2023-04-17	07:09:37	5589.8709	1	0.0077	0.0010	5592.2337	0.7	2.0	1.0747	-0.0271	0.0001	0.1347	-2.4706	60	0.000	55.800000	37.500000	179.70	--	--	--	11011
3	2023-04-17	07:10:37	5589.8702	1	0.0082	0.0011	5592.2329	0.8	1.5	1.0735	-0.0270	0.0001	0.1348	-2.4706	60	0.000	55.800000	37.500000	179.70	--	--	--	11011
3	2023-04-17	07:11:37	5589.8719	1	0.0099	0.0013	5592.2345	0.8	1.9	1.0809	-0.0268	0.0001	0.1346	-2.4706	60	0.000	55.800000	37.500000	179.70	--	--	--	11011
3	2023-04-17	07:12:37	5589.8709	1	0.0087	0.0011	5592.2332	1.6	2.1	1.0771	-0.0266	0.0002	0.1347	-2.4706	60	0.000	55.800000	37.500000	179.70	--	--	--	11011
3	2023-04-17	07:13:37	5589.8715	1	0.0091	0.0012	5592.2336	1.1	2.6	1.0782	-0.0264	0.0002	0.1348	-2.4706	60	0.000	55.800000	37.500000	179.70	--	--	--	11011
3	2023-04-17	07:14:37	5589.8704	1	0.0088	0.0011	5592.2325	-1.1	2.5	1.0823	-0.0263	0.0001	0.1347	-2.4706	60	0.000	55.800000	37.500000	179.70	--	--	--	11011
3	2023-04-17	07:15:37	5589.8721	1	0.0084	0.0011	5592.2338	0.4	2.5	1.0813	-0.0261	0.0002	0.1348	-2.4706	60	0.000	55.800000	37.500000	179.70	--	--	--	11011
3	2023-04-17	07:16:37	5589.8711	1	0.0108	0.0014	5592.2328	1.2	0.9	1.0777	-0.0260	0.0001	0.1348	-2.4706	60	0.000	55.800000	37.500000	179.70	--	--	--	11011
3	2023-04-17	07:17:37	5589.8713	1	0.0090	0.0012	5592.2327	0.4	0.2	1.0800	-0.0258	0.0001	0.1349	-2.4706	60	0.000	55.800000	37.500000	179.70	--	--	--	11011
3	2023-04-17	07:18:37	5589.8715	1	0.0083	0.0011	5592.2330	0.2	0.8	1.0826	-0.0256	0.0001	0.1347	-2.4706	60	0.000	55.800000	37.500000	179.70	--	--	--	11011
3	2023-04-17	07:19:37	5589.8700	1	0.0136	0.0018	5592.2314	-0.7	0.7	1.0868	-0.0255	0.0001	0.1347	-2.4706	60	0.000	55.800000	37.500000	179.70	--	--	--	11011
3	2023-04-17	07:20:37	5589.8710	1	0.0122	0.0016	5592.2320	0.5	2.1	1.0682	-0.0253	0.0001	0.1349	-2.4706	60	0.000	55.800000	37.500000	179.70	--	--	--	11011
3	2023-04-17	07:21:37	5589.8703	1	0.0092	0.0012	5592.2313	0.2	3.1	1.0823	-0.0252	0.0002	0.1346	-2.4707	60	0.000	55.800000	37.500000	179.70	--	--	--	11011
3	2023-04-17	07:22:37	5589.8704	1	0.0071	0.0009	5592.2314	0.2	1.0	1.0728	-0.0250	0.0001	0.1346	-2.4707	60	0.000	55.800000	37.500000	179.70	--	--	--	11011
3	2023-04-17	07:23:37	5589.8692	1	0.0083	0.0011	5592.2299	-0.6	2.1	1.0799	-0.0249	0.0001	0.1347	-2.4707	60	0.000	55.800000	37.500000	179.70	--	--	--	11011
3	2023-04-17	07:24:37	5589.8697	1	0.0084	0.0011	5592.2303	0.0	1.4	1.0755	-0.0247	0.0001	0.1347	-2.4707	60	0.000	55.800000	37.500000	179.70	--	--	--	11011
13	2023-04-17	08:14:44	5613.0626	1	0.0532	0.0069	5615.4154	3.9	-2.8	1.1132	-0.0212	0.0004	0.1391	-2.4711	60	0.000	55.800000	37.500000	179.70	55.855076	37.516098	133.5	11011
13	2023-04-17	08:15:44	5613.0607	1	0.0085	0.0011	5615.4136	2.5	-3.6	1.1121	-0.0212	0.0003	0.1391	-2.4711	60	0.000	55.800000	37.500000	179.70	55.855072	37.515911	134.5	11011
13	2023-04-17	08:16:44	5613.0604	1	0.0084	0.0011	5615.4134	1.4	-3.2	1.1140	-0.0212	0.0002	0.1390	-2.4711	60	0.000	55.800000	37.500000	179.70	55.855152	37.515766	132.0	11011
13	2023-04-17	08:17:44	5613.0605	1	0.0092	0.0012	5615.4135	-0.1	-1.8	1.1132	-0.0212	0.0001	0.1391	-2.4711	60	0.000	55.800000	37.500000	179.70	55.855015	37.516281	129.2	11011
13	2023-04-17	08:18:44	5613.0598	1	0.0087	0.0011	5615.4126	1.9	-2.6	1.1169	-0.0212	0.0002	0.1392	-2.4711	60	0.000	55.800000	37.500000	179.70	55.854988	37.516136	121.0	11011
13	2023-04-17	08:19:44	5613.0602	1	0.0073	0.0009	5615.4132	0.3	-1.6	1.1093	-0.0212	0.0001	0.1392	-2.4711	60	0.000	55.800000	37.500000	179.70	55.855110	37.516312	123.1	11011
13	2023-04-17	08:20:44	5613.0619	1	0.0094	0.0012	5615.4149	0.5	-1.7	1.1162	-0.0212	0.0001	0.1392	-2.4711	60	0.000	55.800000	37.500000	179.70	55.855110	37.516140	129.7	11011
13	2023-04-17	08:21:44	5613.0616	1	0.0076	0.0010	5615.4146	0.6	-2.4	1.1171	-0.0212	0.0002	0.1393	-2.4711	60	0.000	55.800000	37.500000	179.70	55.855244	37.516502	136.5	11011
13	2023-04-17	08:22:44	5613.0603	1	0.0083	0.0011	5615.4134	0.7	-2.4	1.1204	-0.0213	0.0001	0.1392	-2.4711	60	0.000	55.800000	37.500000	179.70	55.855064	37.516117	126.2	11011
13	2023-04-17	08:23:44	5613.0583	1	0.0083	0.0011	5615.4111	1.0	-4.3	1.1203	-0.0213	0.0003	0.1393	-2.4712	60	0.000	55.800000	37.500000	179.70	55.855015	37.516232	122.3	11011
13	2023-04-17	08:24:44	5613.0599	1	0.0081	0.0010	5615.4125	1.4	-5.3	1.1148	-0.0213	0.0005	0.1394	-2.4712	60	0.000	55.800000	37.500000	179.70	55.854862	37.516155	123.5	11011
13	2023-04-17	08:25:44	5613.0594	1	0.0079	0.0010	5615.4121	-2.0	-5.3	1.1148	-0.0213	0.0004	0.1395	-2.4712	60	0.000	55.800000	37.500000	179.70	55.855103	37.516308	120.1	11011
13	2023-04-17	08:26:44	5613.0597	1	0.0089	0.0012	5615.4124	-2.4	-3.8	1.1225	-0.0214	0.0003	0.1396	-2.4712	60	0.000	55.800000	37.500000	179.70	55.855110	37.516281	113.9	11011
13	2023-04-17	08:27:44	5613.0598	1	0.0073	0.0009	5615.4125	-0.3	-4.1	1.1154	-0.0214	0.0004	0.1396	-2.4712	60	0.000	55.800000	37.500000	179.70	55.855019	37.515900	114.3	11011
13	2023-04-17	08:28:44	5613.0601	1	0.0076	0.0010	5615.4131	-0.8	0.2	1.1206	-0.0214	0.0001	0.1395	-2.4712	60	0.000	55.800000	37.500000	179.70	55.854939	37.516331	118.9	11011
13	2023-04-17	08:29:44	5613.0580	1	0.0066	0.0009	5615.4112	1.1	0.8	1.1173	-0.0215	0.0001	0.1394	-2.4712	60	0.000	55.800000	37.500000	179.70	55.854950	37.516033	125.6	11011
13	2023-04-17	08:30:44	5613.0590	1	0.0070	0.0009	5615.4119	0.6	-0.4	1.1161	-0.0215	0.0001	0.1398	-2.4712	60	0.000	55.800000	37.500000	179.70	55.855122	37.515919	126.9	11011
13	2023-04-17	08:31:44	5613.0589	1	0.0074	0.0010	5615.4118	1.6	-3.1	1.1233	-0.0216	0.0002	0.1398	-2.4712	60	0.000	55.800000	37.500000	179.70	55.854847	37.516338	130.0	11011
13	2023-04-17	08:32:44	5613.0576	1	0.0070	0.0009	5615.4103	2.6	-4.2	1.1186	-0.0216	0.0005	0.1397	-2.4712	60	0.000	55.800000	37.500000	179.70	55.855110	37.515919	135.6	11011
13	2023-04-17	08:33:44	5613.0588	1	0.0102	0.0013	5615.4118	0.8	-2.8	1.1220	-0.0217	0.0002	0.1397	-2.4712	60	0.000	55.800000	37.500000	179.70	55.854939	37.516216	137.0	11011
13	2023-04-17	08:34:44	5613.0604	1	0.0079	0.0010	5615.4132	0.0	-1.8	1.1167	-0.0217	0.0002	0.1400	-2.4712	60	0.000	55.800000	37.500000	179.70	55.854958	37.516273	135.8	11011
13	2023-04-17	08:35:44	5613.0591	1	0.0074	0.0010	5615.4121	-0.3	-1.7	1.1285	-0.0218	0.0001	0.1400	-2.4712	60	0.000	55.800000	37.500000	179.70	55.855072	37.516174	139.8	11011
13	2023-04-17	08:36:44	5613.0579	1	0.0081	0.0010	5615.4107	-0.7	-3.3	1.1184	-0.0218	0.0003	0.1400	-2.4713	60	0.000	55.800000	37.500000	179.70	55.855110	37.516193	130.9	11011
13	2023-04-17	08:37:44	5613.0574	1	0.0080	0.0010	5615.4104	0.0	-2.8	1.1178	-0.0219	0.0002	0.1400	-2.4713	60	0.000	55.800000	37.500000	179.70	55.855015	37.515945	126.5	11011
13	2023-04-17	08:38:44	5613.0579	1	0.0070	0.0009	5615.4109	0.6	-4.1	1.1175	-0.0220	0.0003	0.1400	-2.4713	60	0.000	55.800000	37.500000	179.70	55.855110	37.516071	133.9	11011
13	2023-04-17	08:39:44	5613.0575	1	0.0079	0.0010	5615.4106	0.0	-3.8	1.1215	-0.0220	0.0002	0.1400	-2.4713	60	0.000	55.800000	37.500000	179.70	55.855141	37.515907	131.8	11011
13	2023-04-17	08:40:44	5613.0579	1	0.0092	0.0012	5615.4108	1.0	-4.6	1.1238	-0.0221	0.0004	0.1401	-2.4713	60	0.000	55.800000	37.500000	179.70	55.854961	37.516262	133.8	11011
13	2023-04-17	08:41:44	5613.0581	1	0.0080	0.0010	5615.4112	-0.4	-4.4	1.1162	-0.0222	0.0002	0.1401	-2.4713	60	0.000	55.800000	37.500000	179.70	55.855015	37.516117	133.2	11011
13	2023-04-17	08:42:44	5613.0586	1	0.0082	0.0011	5615.4114	-1.2	-5.1	1.1238	-0.0222	0.0004	0.1403	-2.4713	60	0.000	55.800000	37.500000	179.70	55.855026	37.516003	131.5	11011
13	2023-04-17	08:43:44	5613.0580	1	0.0068	0.0009	5615.4113	-0.4	-3.0	1.1200	-0.0223	0.0001	0.1401	-2.4713	60	0.000	55.800000	37.500000	179.70	55.855095	37.515812	129.7	11011
13	2023-04-17	08:44:44	5613.0557	1	0.0093	0.0012	5615.4090	1.6	-3.2	1.1178	-0.0224	0.0002	0.1403	-2.4713	60	0.000	55.800000	37.500000	179.70	55.855015	37.516136	131.5	11011
13	2023-04-17	08:45:44	5613.0561	1	0.0095	0.0012	5615.4091	-0.2	-6.5	1.1204	-0.0225	0.0005	0.1403	-2.4713	60	0.000	55.800000	37.500000	179.70	55.855007	37.516319	136.6	11011
13	2023-04-17	08:46:44	5613.0578	1	0.0081	0.0010	5615.4110	1.4	-5.1	1.1246	-0.0226	0.0004	0.1402	-2.4713	60	0.000	55.800000	37.500000	179.70	55.854900	37.516422	138.1	11011
13	2023-04-17	08:47:44	5613.0569	1	0.0088	0.0011	5615.4100	1.1	-5.1	1.1217	-0.0227	0.0005	0.1403	-2.4713	60	0.000	55.800000	37.500000	179.70	55.854980	37.516281	139.3	11011
13	2023-04-17	08:48:44	5613.0568	1	0.0073	0.0009	5615.4102	1.5	-2.9	1.1239	-0.0227	0.0002	0.1405	-2.4714	60	0.000	55.800000	37.500000	179.70	55.855217	37.516350	147.3	11011
13	2023-04-17	08:49:44	5613.0570	1	0.0071	0.0009	5615.4106	0.9	-3.3	1.1276	-0.0228	0.0002	0.1404	-2.4714	60	0.000	55.800000	37.500000	179.70	55.855045	37.516167	146.4	11011
13	2023-04-17	08:50:44	5613.0552	1	0.0084	0.0011	5615.4092	0.6	-3.0	1.1219	-0.0229	0.0001	0.1402	-2.4714	60	0.000	55.800000	37.500000	179.70	55.855110	37.516350	146.0	11011
13	2023-04-17	08:51:44	5613.0545	1	0.0077	0.0010	5615.4084	0.2	-2.8	1.1203	-0.0230	0.0001	0.1404	-2.4714	60	0.000	55.800000	37.500000	179.70	55.854977	37.516594	147.9	11011
13	2023-04-17	08:52:44	5613.0552	1	0.0076	0.0010	5615.4089	-0.5	-4.5	1.1179	-0.0231	0.0003	0.1404	-2.4714	60	0.000	55.800000	37.500000	179.70	55.854816	37.516674	150.7	11011
13	2023-04-17	08:53:44	5613.0582	1	0.0070	0.0009	5615.4120	0.7	-5.0	1.1197	-0.0232	0.0004	0.1405	-2.4714	60	0.000	55.800000	37.500000	179.70	55.854919	37.516369	151.3	11011
13	2023-04-17	08:54:44	5613.0567	1	0.0097	0.0013	5615.4107	0.4	-2.2	1.1269	-0.0233	0.0001	0.1406	-2.4714	60	0.000	55.800000	37.500000	179.70	55.855083	37.516136	144.3	11011
13	2023-04-17	08:55:44	5613.0558	1	0.0081	0.0011	5615.4100	-1.3	-2.4	1.1239	-0.0235	0.0001	0.1405	-2.4714	60	0.000	55.800000	37.500000	179.70	55.855053	37.516033	141.6	11011
13	2023-04-17	08:56:44	5613.0563	1	0.0087	0.0011	5615.4105	-0.2	-3.3	1.1276	-0.0236	0.0002	0.1405	-2.4714	60	0.000	55.800000	37.500000	179.70	55.855026	37.516090	140.3	11011
13	2023-04-17	08:57:44	5613.0573	1	0.0084	0.0011	5615.4118	2.8	-1.7	1.1171	-0.0237	0.0002	0.1405	-2.4714	60	0.000	55.800000	37.500000	179.70	55.855015	37.516270	140.3	11011
13	2023-04-17	08:58:44	5613.0559	1	0.0139	0.0018	5615.4103	1.1	-2.1	1.1246	-0.0238	0.0001	0.1407	-2.4714	60	0.000	55.800000	37.500000	179.70	55.854977	37.516254	139.3	11011
3	2023-04-17	09:53:39	5589.8573	1	0.0087	0.0011	5592.2189	-2.4	2.6	1.1535	-0.0336	0.0002	0.1437	-2.4719	60	0.000	55.800000	37.500000	179.70	55.780849	37.639210	173.1	11011
3	2023-04-17	09:54:39	5589.8587	1	0.0107	0.0014	5592.2206	-2.6	1.7	1.1532	-0.0339	0.0002	0.1436	-2.4719	60	0.000	55.800000	37.500000	179.70	55.781109	37.639248	175.1	11011
3	2023-04-17	09:55:39	5589.8597	1	0.0081	0.0010	5592.2222	-1.7	1.4	1.1454	-0.0341	0.0001	0.1434	-2.4719	60	0.000	55.800000	37.500000	179.70	55.781071	37.639362	176.2	11011
3	2023-04-17	09:56:39	5589.8571	1	0.0082	0.0011	5592.2201	-1.4	1.7	1.1393	-0.0344	0.0001	0.1431	-2.4719	60	0.000	55.800000	37.500000	179.70	55.780933	37.639294	176.6	11011
3	2023-04-17	09:57:39	5589.8581	1	0.0099	0.0013	5592.2218	-2.6	0.9	1.1364	-0.0346	0.0002	0.1427	-2.4719	60	0.000	55.800000	37.500000	179.70	55.780907	37.639065	178.1	11011
3	2023-04-17	09:58:39	5589.8581	1	0.0100	0.0013	5592.2223	-2.6	1.2	1.1373	-0.0348	0.0002	0.1424	-2.4719	60	0.000	55.800000	37.500000	179.70	55.781086	37.639095	175.4	11011
3	2023-04-17	09:59:39	5589.8587	1	0.0085	0.0011	5592.2231	-1.4	2.0	1.1440	-0.0351	0.0001	0.1425	-2.4719	60	0.000	55.800000	37.500000	179.70	55.781010	37.639217	177.4	11011
3	2023-04-17	10:00:39	5589.8587	1	0.0086	0.0011	5592.2237	-0.7	1.7	1.1378	-0.0353	0.0001	0.1422	-2.4719	60	0.000	55.800000	37.500000	179.70	55.780907	37.639278	178.3	11011
3	2023-04-17	10:01:39	5589.8603	1	0.0079	0.0010	5592.2258	-1.2	1.9	1.1319	-0.0356	0.0001	0.1419	-2.4719	60	0.000	55.800000	37.500000	179.70	55.780762	37.639317	179.4	11011
3	2023-04-17	10:02:39	5589.8588	1	0.0075	0.0010	5592.2247	1.4	1.3	1.1307	-0.0358	0.0001	0.1418	-2.4719	60	0.000	55.800000	37.500000	179.70	55.780766	37.639172	180.5	11011
3	2023-04-17	10:03:39	5589.8606	1	0.0074	0.0009	5592.2268	-1.8	3.2	1.1279	-0.0361	0.0002	0.1416	-2.4720	60	0.000	55.800000	37.500000	179.70	55.780849	37.639393	180.8	11011
3	2023-04-17	10:04:39	5589.8600	1	0.0089	0.0011	5592.2265	-1.6	4.9	1.1339	-0.0363	0.0003	0.1414	-2.4720	60	0.000	55.800000	37.500000	179.70	55.780754	37.639248	182.4	11011
3	2023-04-17	10:05:39	5589.8602	1	0.0079	0.0010	5592.2268	-0.5	5.7	1.1285	-0.0366	0.0005	0.1414	-2.4720	60	0.000	55.800000	37.500000	179.70	55.780792	37.639267	183.1	11011
3	2023-04-17	10:06:39	5589.8604	1	0.0091	0.0012	5592.2277	-3.9	4.4	1.1289	-0.0368	0.0005	0.1410	-2.4720	60	0.000	55.800000	37.500000	179.70	55.780964	37.639324	184.6	11011
3	2023-04-17	10:07:39	5589.8591	1	0.0079	0.0010	5592.2269	-0.9	4.3	1.1336	-0.0371	0.0003	0.1410	-2.4720	60	0.000	55.800000	37.500000	179.70	55.780785	37.639179	182.9	11011
3	2023-04-17	10:08:39	5589.8616	1	0.0090	0.0012	5592.2299	-2.0	3.2	1.1245	-0.0373	0.0002	0.1408	-2.4720	60	0.000	55.800000	37.500000	179.70	55.780876	37.639221	183.2	11011
3	2023-04-17	10:09:39	5589.8613	1	0.0086	0.0011	5592.2299	-1.9	5.3	1.1184	-0.0376	0.0005	0.1405	-2.4720	60	0.000	55.800000	37.500000	179.70	55.780983	37.639305	183.7	11011
3	2023-04-17	10:10:39	5589.8601	1	0.0104	0.0013	5592.2290	-2.3	5.0	1.1230	-0.0378	0.0005	0.1405	-2.4720	60	0.000	55.800000	37.500000	179.70	55.780876	37.639103	184.7	11011
3	2023-04-17	10:11:39	5589.8602	1	0.0083	0.0011	5592.2299	-1.7	3.2	1.1120	-0.0381	0.0003	0.1402	-2.4720	60	0.000	55.800000	37.500000	179.70	55.780842	37.639103	186.1	11011
3	2023-04-17	10:12:39	5589.8610	1	0.0098	0.0013	5592.2310	-2.6	3.0	1.1200	-0.0383	0.0002	0.1401	-2.4720	60	0.000	55.800000	37.500000	179.70	55.780762	37.638950	185.4	11011
3	2023-04-17	10:13:39	5589.8600	1	0.0071	0.0009	5592.2304	-3.3	2.7	1.1178	-0.0386	0.0003	0.1400	-2.4720	60	0.000	55.800000	37.500000	179.70	55.781155	37.639484	185.0	11011
3	2023-04-17	10:14:39	5589.8613	1	0.0075	0.0010	5592.2315	-2.8	4.9	1.1185	-0.0389	0.0006	0.1400	-2.4720	60	0.000	55.800000	37.500000	179.70	55.780869	37.639278	184.9	11011
3	2023-04-17	10:15:39	5589.8603	1	0.0083	0.0011	5592.2311	-2.7	4.6	1.1168	-0.0391	0.0005	0.1398	-2.4720	60	0.000	55.800000	37.500000	179.70	55.780869	37.639191	185.5	11011
3	2023-04-17	10:16:39	5589.8613	1	0.0083	0.0011	5592.2324	-2.5	4.6	1.1126	-0.0394	0.0005	0.1398	-2.4721	60	0.000	55.800000	37.500000	179.70	55.780724	37.639038	185.3	11011
3	2023-04-17	10:17:39	5589.8617	1	0.0093	0.0012	5592.2338	-2.2	4.1	1.1169	-0.0397	0.0002	0.1395	-2.4721	60	0.000	55.800000	37.500000	179.70	55.780766	37.639267	186.0	11011
3	2023-04-17	10:18:39	5589.8613	1	0.0081	0.0010	5592.2336	-1.7	4.5	1.1141	-0.0399	0.0003	0.1393	-2.4721	60	0.000	55.800000	37.500000	179.70	55.780781	37.639259	186.0	11011
3	2023-04-17	10:19:39	5589.8608	1	0.0063	0.0008	5592.2333	-1.7	5.1	1.1178	-0.0402	0.0004	0.1394	-2.4721	60	0.000	55.800000	37.500000	179.70	55.780926	37.639256	186.5	11011
3	2023-04-17	10:20:39	5589.8613	1	0.0079	0.0010	5592.2343	-0.5	3.5	1.1053	-0.0405	0.0002	0.1393	-2.4721	60	0.000	55.800000	37.500000	179.70	55.780876	37.639248	186.0	11011
3	2023-04-17	10:21:39	5589.8610	1	0.0077	0.0010	5592.2345	-0.7	3.8	1.1155	-0.0407	0.0003	0.1390	-2.4721	60	0.000	55.800000	37.500000	179.70	55.780766	37.639145	186.4	11011
3	2023-04-17	10:22:39	5589.8606	1	0.0110	0.0014	5592.2344	-0.7	4.1	1.1123	-0.0410	0.0003	0.1390	-2.4721	60	0.000	55.800000	37.500000	179.70	55.780861	37.639297	188.2	11011
3	2023-04-17	10:23:39	5589.8618	1	0.0090	0.0012	5592.2356	-2.3	4.8	1.1178	-0.0413	0.0006	0.1390	-2.4721	60	0.000	55.800000	37.500000	179.70	55.780972	37.639381	188.3	11011
3	2023-04-17	10:24:39	5589.8616	1	0.0091	0.0012	5592.2359	-1.9	5.1	1.1149	-0.0415	0.0005	0.1389	-2.4721	60	0.000	55.800000	37.500000	179.70	55.780964	37.639336	188.4	11011
3	2023-04-17	10:25:39	5589.8613	1	0.0097	0.0013	5592.2360	0.5	5.9	1.1155	-0.0418	0.0005	0.1388	-2.4721	60	0.000	55.800000	37.500000	179.70	55.780876	37.639305	188.3	11011
3	2023-04-17	10:26:39	5589.8610	1	0.0086	0.0011	5592.2360	0.2	6.5	1.1155	-0.0421	0.0005	0.1386	-2.4721	60	0.000	55.800000	37.500000	179.70	55.781010	37.639278	189.9	11011
3	2023-04-17	10:27:39	5589.8617	1	0.0065	0.0008	5592.2369	1.2	5.2	1.1066	-0.0424	0.0005	0.1388	-2.4721	60	0.000	55.800000	37.500000	179.70	55.781281	37.639355	194.4	11011
3	2023-04-17	10:28:39	5589.8622	1	0.0091	0.0012	5592.2380	-0.8	5.5	1.1041	-0.0426	0.0004	0.1386	-2.4722	60	0.000	55.800000	37.500000	179.70	55.780972	37.639217	193.5	11011
3	2023-04-17	10:29:39	5589.8615	1	0.0066	0.0009	5592.2377	-1.7	4.8	1.1072	-0.0429	0.0005	0.1383	-2.4722	60	0.000	55.800000	37.500000	179.70	55.780804	37.639191	190.6	11011
3	2023-04-17	10:30:39	5589.8610	1	0.0101	0.0013	5592.2374	-2.1	6.6	1.1032	-0.0432	0.0005	0.1384	-2.4722	60	0.000	55.800000	37.500000	179.70	55.780899	37.639236	190.5	11011
3	2023-04-17	10:31:39	5589.8615	1	0.0091	0.0012	5592.2388	-0.6	4.0	1.1050	-0.0435	0.0002	0.1382	-2.4722	60	0.000	55.800000	37.500000	179.70	55.780849	37.639240	190.7	11011
3	2023-04-17	10:32:39	5589.8624	1	0.0092	0.0012	5592.2399	1.3	1.6	1.1056	-0.0438	0.0001	0.1383	-2.4722	60	0.000	55.800000	37.500000	179.70	55.780876	37.639221	193.8	11011
3	2023-04-17	10:33:39	5589.8626	1	0.0093	0.0012	5592.2404	1.4	2.7	1.1075	-0.0440	0.0003	0.1382	-2.4722	60	0.000	55.800000	37.500000	179.70	55.780956	37.639362	192.3	11011
3	2023-04-17	10:34:39	5589.8610	1	0.0071	0.0009	5592.2389	0.6	4.8	1.1029	-0.0443	0.0004	0.1381	-2.4722	60	0.000	55.800000	37.500000	179.70	55.780991	37.639324	191.7	11011
3	2023-04-17	10:35:39	5589.8617	1	0.0108	0.0014	5592.2396	-0.5	6.6	1.0980	-0.0446	0.0008	0.1382	-2.4722	60	0.000	55.800000	37.500000	179.70	55.781021	37.639057	191.3	11011
3	2023-04-17	10:36:39	5589.8628	1	0.0091	0.0012	5592.2415	1.4	5.2	1.1049	-0.0449	0.0004	0.1380	-2.4722	60	0.000	55.800000	37.500000	179.70	55.781021	37.639236	192.1	11011
3	2023-04-17	10:37:39	5589.8624	1	0.0092	0.0012	5592.2416	2.2	3.9	1.1001	-0.0452	0.0003	0.1379	-2.4722	60	0.000	55.800000	37.500000	179.70	55.781067	37.639305	194.3	11011
13	2023-04-17	11:41:35	5613.0462	1	0.0533	0.0069	5615.4415	1.5	-2.3	1.1302	-0.0635	0.0002	0.1408	-2.4727	60	0.000	55.800000	37.500000	179.70	55.855076	37.515995	137.0	11011
13	2023-04-17	11:42:35	5613.0478	1	0.0086	0.0011	5615.4432	0.9	-4.5	1.1277	-0.0638	0.0002	0.1409	-2.4727	60	0.000	55.800000	37.500000	179.70	55.855015	37.516014	138.3	11011
13	2023-04-17	11:43:35	5613.0465	1	0.0107	0.0014	5615.4423	0.5	-4.1	1.1301	-0.0640	0.0003	0.1407	-2.4727	60	0.000	55.800000	37.500000	179.70	55.854980	37.516281	146.0	11011
13	2023-04-17	11:44:35	5613.0470	1	0.0104	0.0013	5615.4431	0.7	-4.6	1.1245	-0.0643	0.0003	0.1407	-2.4728	60	0.000	55.800000	37.500000	179.70	55.855015	37.516193	148.6	11011
13	2023-04-17	11:45:35	5613.0454	1	0.0078	0.0010	5615.4418	0.4	-4.7	1.1258	-0.0646	0.0004	0.1406	-2.4728	60	0.000	55.800000	37.500000	179.70	55.855019	37.516159	145.4	11011
13	2023-04-17	11:46:35	5613.0465	1	0.0087	0.0011	5615.4431	1.6	-5.3	1.1176	-0.0648	0.0004	0.1405	-2.4728	60	0.000	55.800000	37.500000	179.70	55.854980	37.516178	146.2	11011
13	2023-04-17	11:47:35	5613.0470	1	0.0068	0.0009	5615.4443	1.8	-3.6	1.1253	-0.0651	0.0002	0.1404	-2.4728	60	0.000	55.800000	37.500000	179.70	55.854958	37.516212	145.4	11011
13	2023-04-17	11:48:35	5613.0473	1	0.0087	0.0011	5615.4448	0.8	-2.5	1.1219	-0.0654	0.0001	0.1405	-2.4728	60	0.000	55.800000	37.500000	179.70	55.855019	37.516319	147.8	11011
13	2023-04-17	11:49:35	5613.0469	1	0.0068	0.0009	5615.4443	1.2	-3.3	1.1322	-0.0656	0.0003	0.1407	-2.4728	60	0.000	55.800000	37.500000	179.70	55.855019	37.516232	148.1	11011
13	2023-04-17	11:50:35	5613.0448	1	0.0088	0.0011	5615.4426	-0.6	-4.1	1.1208	-0.0659	0.0003	0.1407	-2.4728	60	0.000	55.800000	37.500000	179.70	55.855015	37.516117	148.2	11011
13	2023-04-17	11:51:35	5613.0475	1	0.0079	0.0010	5615.4456	0.6	-5.4	1.1220	-0.0662	0.0004	0.1405	-2.4728	60	0.000	55.800000	37.500000	179.70	55.855026	37.516224	147.2	11011
13	2023-04-17	11:52:35	5613.0457	1	0.0068	0.0009	5615.4440	-0.1	-3.9	1.1259	-0.0664	0.0002	0.1407	-2.4728	60	0.000	55.800000	37.500000	179.70	55.855064	37.516396	148.1	11011
13	2023-04-17	11:53:35	5613.0454	1	0.0073	0.0009	5615.4442	-0.5	-4.0	1.1241	-0.0667	0.0002	0.1406	-2.4728	60	0.000	55.800000	37.500000	179.70	55.855133	37.516109	146.8	11011
13	2023-04-17	11:54:35	5613.0449	1	0.0086	0.0011	5615.4436	-1.8	-4.1	1.1308	-0.0670	0.0003	0.1408	-2.4728	60	0.000	55.800000	37.500000	179.70	55.855064	37.516193	145.1	11011
13	2023-04-17	11:55:35	5613.0455	1	0.0094	0.0012	5615.4446	-1.0	-4.7	1.1228	-0.0672	0.0004	0.1406	-2.4728	60	0.000	55.800000	37.500000	179.70	55.855076	37.516117	147.0	11011
13	2023-04-17	11:56:35	5613.0462	1	0.0089	0.0012	5615.4455	-1.2	-5.8	1.1276	-0.0675	0.0004	0.1406	-2.4729	60	0.000	55.800000	37.500000	179.70	55.854961	37.516273	147.1	11011
13	2023-04-17	11:57:35	5613.0460	1	0.0100	0.0013	5615.4454	-2.8	-6.7	1.1275	-0.0677	0.0007	0.1405	-2.4729	60	0.000	55.800000	37.500000	179.70	55.854923	37.516365	146.7	11011
13	2023-04-17	11:58:35	5613.0471	1	0.0092	0.0012	5615.4469	-2.8	-6.1	1.1234	-0.0680	0.0004	0.1406	-2.4729	60	0.000	55.800000	37.500000	179.70	55.854939	37.516300	146.1	11011
13	2023-04-17	11:59:35	5613.0469	1	0.0071	0.0009	5615.4467	-3.9	-4.7	1.1284	-0.0682	0.0007	0.1406	-2.4729	60	0.000	55.800000	37.500000	179.70	55.855026	37.516747	147.7	11011
13	2023-04-17	12:00:35	5613.0460	1	0.0089	0.0012	5615.4459	-3.6	-7.4	1.1253	-0.0685	0.0009	0.1406	-2.4729	60	0.000	55.800000	37.500000	179.70	55.854988	37.516689	148.2	11011
13	2023-04-17	12:01:35	5613.0458	1	0.0069	0.0009	5615.4461	-2.9	-6.6	1.1237	-0.0688	0.0007	0.1407	-2.4729	60	0.000	55.800000	37.500000	179.70	55.855122	37.516121	146.5	11011
13	2023-04-17	12:02:35	5613.0471	1	0.0076	0.0010	5615.4473	-4.4	-6.2	1.1310	-0.0690	0.0008	0.1408	-2.4729	60	0.000	55.800000	37.500000	179.70	55.855141	37.516090	145.9	11011
13	2023-04-17	12:03:35	5613.0452	1	0.0082	0.0011	5615.4459	-3.7	-6.9	1.1269	-0.0693	0.0008	0.1406	-2.4729	60	0.000	55.800000	37.500000	179.70	55.854950	37.516148	144.3	11011
13	2023-04-17	12:04:35	5613.0468	1	0.0075	0.0010	5615.4479	-4.1	-5.4	1.1238	-0.0695	0.0006	0.1408	-2.4729	60	0.000	55.800000	37.500000	179.70	55.854961	37.516308	144.4	11011
13	2023-04-17	12:05:35	5613.0447	1	0.0102	0.0013	5615.4461	-4.8	-4.6	1.1228	-0.0697	0.0006	0.1407	-2.4729	60	0.000	55.800000	37.500000	179.70	55.854958	37.516510	143.9	11011
13	2023-04-17	12:06:35	5613.0465	1	0.0078	0.0010	5615.4485	-2.0	-3.5	1.1253	-0.0700	0.0002	0.1407	-2.4729	60	0.000	55.800000	37.500000	179.70	55.854893	37.516502	143.8	11011
13	2023-04-17	12:07:35	5613.0448	1	0.0078	0.0010	5615.4471	-1.8	-3.0	1.1264	-0.0702	0.0002	0.1407	-2.4729	60	0.000	55.800000	37.500000	179.70	55.855015	37.516178	143.6	11011
13	2023-04-17	12:08:35	5613.0441	1	0.0084	0.0011	5615.4466	-0.5	-4.6	1.1234	-0.0705	0.0003	0.1407	-2.4729	60	0.000	55.800000	37.500000	179.70	55.854988	37.516273	143.1	11011
13	2023-04-17	12:09:35	5613.0456	1	0.0079	0.0010	5615.4481	-1.5	-5.5	1.1269	-0.0707	0.0004	0.1408	-2.4730	60	0.000	55.800000	37.500000	179.70	55.855026	37.516148	142.6	11011
13	2023-04-17	12:10:35	5613.0449	1	0.0098	0.0013	5615.4477	-1.8	-5.7	1.1354	-0.0710	0.0003	0.1408	-2.4730	60	0.000	55.800000	37.500000	179.70	55.855015	37.516216	139.7	11011
13	2023-04-17	12:11:35	5613.0430	1	0.0098	0.0013	5615.4459	-3.6	-5.6	1.1315	-0.0712	0.0006	0.1407	-2.4730	60	0.000	55.800000	37.500000	179.70	55.854836	37.516655	138.3	11011
13	2023-04-17	12:12:35	5613.0443	1	0.0072	0.0009	5615.4476	-1.7	-6.2	1.1266	-0.0714	0.0004	0.1407	-2.4730	60	0.000	55.800000	37.500000	179.70	55.854939	37.516510	139.4	11011
13	2023-04-17	12:13:35	5613.0454	1	0.0082	0.0011	5615.4486	-1.2	-7.1	1.1326	-0.0717	0.0007	0.1408	-2.4730	60	0.000	55.800000	37.500000	179.70	55.854923	37.516396	135.7	11011
13	2023-04-17	12:14:35	5613.0450	1	0.0088	0.0011	5615.4483	-3.3	-7.4	1.1271	-0.0719	0.0008	0.1407	-2.4730	60	0.000	55.800000	37.500000	179.70	55.854961	37.516350	135.5	11011
13	2023-04-17	12:15:35	5613.0444	1	0.0084	0.0011	5615.4487	-2.4	-4.6	1.1244	-0.0721	0.0003	0.1406	-2.4730	60	0.000	55.800000	37.500000	179.70	55.855026	37.516434	139.7	11011
13	2023-04-17	12:16:35	5613.0454	1	0.0077	0.0010	5615.4497	0.2	-3.8	1.1238	-0.0724	0.0002	0.1408	-2.4730	60	0.000	55.800000	37.500000	179.70	55.854904	37.516548	139.7	11011
13	2023-04-17	12:17:35	5613.0446	1	0.0085	0.0011	5615.4490	-2.2	-5.3	1.1274	-0.0726	0.0005	0.1408	-2.4730	60	0.000	55.800000	37.500000	179.70	55.854919	37.516460	138.8	11011
13	2023-04-17	12:18:35	5613.0454	1	0.0088	0.0011	5615.4501	-1.8	-5.1	1.1166	-0.0728	0.0004	0.1407	-2.4730	60	0.000	55.800000	37.500000	179.70	55.854977	37.516273	132.7	11011
13	2023-04-17	12:19:35	5613.0444	1	0.0072	0.0009	5615.4494	-0.9	-5.2	1.1304	-0.0730	0.0004	0.1406	-2.4730	60	0.000	55.800000	37.500000	179.70	55.854996	37.516262	131.2	11011
13	2023-04-17	12:20:35	5613.0443	1	0.0079	0.0010	5615.4492	-1.5	-4.2	1.1299	-0.0733	0.0004	0.1409	-2.4730	60	0.000	55.800000	37.500000	179.70	55.854786	37.516376	129.4	11011
13	2023-04-17	12:21:35	5613.0443	1	0.0081	0.0010	5615.4497	-0.5	-5.1	1.1272	-0.0735	0.0004	0.1408	-2.4731	60	0.000	55.800000	37.500000	179.70	55.855064	37.516376	129.4	11011
13	2023-04-17	12:22:35	5613.0445	1	0.0080	0.0010	5615.4503	-1.2	-4.2	1.1239	-0.0737	0.0002	0.1407	-2.4731	60	0.000	55.800000	37.500000	179.70	55.854996	37.515968	130.5	11011
13	2023-04-17	12:23:35	5613.0457	1	0.0091	0.0012	5615.4516	-0.7	-5.9	1.1264	-0.0739	0.0004	0.1407	-2.4731	60	0.000	55.800000	37.500000	179.70	55.855072	37.516445	137.4	11011
13	2023-04-17	12:24:35	5613.0456	1	0.0080	0.0010	5615.4512	-3.4	-6.8	1.1265	-0.0741	0.0008	0.1408	-2.4731	60	0.000	55.800000	37.500000	179.70	55.855427	37.516083	147.9	11011
13	2023-04-17	12:25:35	5613.0451	1	0.0080	0.0010	5615.4506	-3.3	-9.4	1.1285	-0.0744	0.0011	0.1409	-2.4731	60	0.000	55.800000	37.500000	179.70	55.854988	37.516479	149.5	11011
3	2023-04-17	13:18:03	5589.8471	1	0.0120	0.0016	5592.2598	-1.2	-2.1	1.1421	-0.0827	0.0001	0.1433	-2.4735	60	0.000	55.800000	37.500000	179.70	--	--	--	11011
3	2023-04-17	13:19:03	5589.8484	1	0.0092	0.0012	5592.2613	-2.9	-2.7	1.1453	-0.0828	0.0003	0.1430	-2.4735	60	0.000	55.800000	37.500000	179.70	55.780880	37.639069	203.7	11011
3	2023-04-17	13:20:03	5589.8478	1	0.0085	0.0011	5592.2612	0.2	-1.1	1.1351	-0.0829	0.0001	0.1428	-2.4735	60	0.000	55.800000	37.500000	179.70	--	--	--	11011
3	2023-04-17	13:21:03	5589.8476	1	0.0085	0.0011	5592.2614	0.2	0.3	1.1359	-0.0829	0.0001	0.1426	-2.4735	60	0.000	55.800000	37.500000	179.70	55.780762	37.639019	206.2	11011
3	2023-04-17	13:22:03	5589.8484	1	0.0078	0.0010	5592.2624	1.8	-1.5	1.1458	-0.0830	0.0001	0.1424	-2.4735	60	0.000	55.800000	37.500000	179.70	55.780670	37.638817	209.3	11011
3	2023-04-17	13:23:03	5589.8473	1	0.0079	0.0010	5592.2619	1.5	-1.9	1.1389	-0.0831	0.0001	0.1420	-2.4735	60	0.000	55.800000	37.500000	179.70	55.780697	37.638962	211.6	11011
3	2023-04-17	13:24:03	5589.8479	1	0.0083	0.0011	5592.2626	1.8	-2.4	1.1353	-0.0832	0.0002	0.1419	-2.4736	60	0.000	55.800000	37.500000	179.70	55.780724	37.638973	212.2	11011
3	2023-04-17	13:25:03	5589.8478	1	0.0081	0.0011	5592.2628	2.1	-2.4	1.1320	-0.0833	0.0002	0.1416	-2.4736	60	0.000	55.800000	37.500000	179.70	55.781097	37.639179	213.0	11011
3	2023-04-17	13:26:03	5589.8495	1	0.0084	0.0011	5592.2647	1.6	-2.9	1.1306	-0.0834	0.0001	0.1416	-2.4736	60	0.000	55.800000	37.500000	179.70	55.781364	37.639076	217.8	11011
3	2023-04-17	13:27:03	5589.8490	1	0.0099	0.0013	5592.2645	2.7	-3.2	1.1287	-0.0834	0.0002	0.1413	-2.4736	60	0.000	55.800000	37.500000	179.70	55.781174	37.638714	227.8	11011
3	2023-04-17	13:28:03	5589.8474	1	0.0074	0.0010	5592.2632	1.7	-2.4	1.1279	-0.0835	0.0002	0.1411	-2.4736	60	0.000	55.800000	37.500000	179.70	55.780907	37.638725	233.2	11011
3	2023-04-17	13:29:03	5589.8492	1	0.0091	0.0012	5592.2652	3.0	-1.4	1.1288	-0.0836	0.0002	0.1410	-2.4736	60	0.000	55.800000	37.500000	179.70	55.780972	37.638885	233.2	11011
3	2023-04-17	13:30:03	5589.8484	1	0.0082	0.0011	5592.2647	2.1	-1.1	1.1226	-0.0837	0.0001	0.1408	-2.4736	60	0.000	55.800000	37.500000	179.70	55.780983	37.639114	231.1	11011
3	2023-04-17	13:31:03	5589.8484	1	0.0086	0.0011	5592.2650	3.9	-1.5	1.1218	-0.0837	0.0002	0.1405	-2.4736	60	0.000	55.800000	37.500000	179.70	55.781086	37.639172	230.3	11011
3	2023-04-17	13:32:03	5589.8500	1	0.0097	0.0013	5592.2666	5.0	-1.1	1.1189	-0.0838	0.0003	0.1404	-2.4736	60	0.000	55.800000	37.500000	179.70	55.781078	37.639107	231.8	11011
3	2023-04-17	13:33:03	5589.8481	1	0.0084	0.0011	5592.2649	5.8	-0.3	1.1155	-0.0838	0.0005	0.1402	-2.4736	60	0.000	55.800000	37.500000	179.70	55.780983	37.638836	232.8	11011
3	2023-04-17	13:34:03	5589.8491	1	0.0083	0.0011	5592.2664	3.7	-0.3	1.1162	-0.0839	0.0003	0.1400	-2.4736	60	0.000	55.800000	37.500000	179.70	55.780678	37.638828	233.2	11011
3	2023-04-17	13:35:03	5589.8491	1	0.0072	0.0009	5592.2666	1.8	-1.7	1.1244	-0.0839	0.0002	0.1399	-2.4736	60	0.000	55.800000	37.500000	179.70	55.780678	37.638912	234.0	11011
3	2023-04-17	13:36:03	5589.8496	1	0.0097	0.0013	5592.2673	2.6	-1.3	1.1136	-0.0840	0.0002	0.1397	-2.4736	60	0.000	55.800000	37.500000	179.70	55.780155	37.638561	230.6	11011
3	2023-04-17	13:37:03	5589.8480	1	0.0098	0.0013	5592.2660	3.1	-1.3	1.1130	-0.0840	0.0002	0.1395	-2.4737	60	0.000	55.800000	37.500000	179.70	55.780956	37.639076	230.1	11011
3	2023-04-17	13:38:03	5589.8485	1	0.0078	0.0010	5592.2669	2.9	-0.8	1.1123	-0.0841	0.0002	0.1392	-2.4737	60	0.000	55.800000	37.500000	179.70	55.780842	37.639088	231.2	11011
3	2023-04-17	13:39:03	5589.8504	1	0.0105	0.0014	5592.2686	2.5	-3.4	1.1130	-0.0841	0.0003	0.1393	-2.4737	60	0.000	55.800000	37.500000	179.70	55.780781	37.638916	228.1	11011
3	2023-04-17	13:40:03	5589.8486	1	0.0098	0.0013	5592.2673	3.4	-1.3	1.1161	-0.0842	0.0002	0.1390	-2.4737	60	0.000	55.800000	37.500000	179.70	55.780861	37.639095	228.8	11011
3	2023-04-17	13:41:03	5589.8486	1	0.0093	0.0012	5592.2675	3.3	-1.6	1.1044	-0.0842	0.0002	0.1388	-2.4737	60	0.000	55.800000	37.500000	179.70	--	--	--	11011
3	2023-04-17	13:42:03	5589.8504	1	0.0088	0.0011	5592.2694	4.0	-0.4	1.1123	-0.0843	0.0003	0.1387	-2.4737	60	0.000	55.800000	37.500000	179.70	55.780418	37.638828	229.1	11011
3	2023-04-17	13:43:03	5589.8498	1	0.0104	0.0013	5592.2687	3.3	-1.2	1.1039	-0.0843	0.0003	0.1387	-2.4737	60	0.000	55.800000	37.500000	179.70	55.780403	37.638912	229.9	11011
3	2023-04-17	13:44:03	5589.8493	1	0.0074	0.0009	5592.2688	2.0	-0.5	1.1071	-0.0843	0.0001	0.1385	-2.4737	60	0.000	55.800000	37.500000	179.70	55.780514	37.639172	227.9	11011
3	2023-04-17	13:45:03	5589.8508	1	0.0064	0.0008	5592.2703	4.2	-0.8	1.0979	-0.0843	0.0003	0.1382	-2.4737	60	0.000	55.800000	37.500000	179.70	55.780544	37.638931	226.7	11011
3	2023-04-17	13:46:03	5589.8505	1	0.0087	0.0011	5592.2705	3.0	-0.4	1.1018	-0.0844	0.0001	0.1380	-2.4737	60	0.000	55.800000	37.500000	179.70	55.781128	37.638840	224.7	11011
3	2023-04-17	13:47:03	5589.8498	1	0.0086	0.0011	5592.2699	2.8	0.8	1.1042	-0.0844	0.0002	0.1379	-2.4737	60	0.000	55.800000	37.500000	179.70	55.780895	37.639133	222.9	11011
3	2023-04-17	13:48:03	5589.8501	1	0.0085	0.0011	5592.2705	2.4	-1.1	1.0967	-0.0844	0.0001	0.1377	-2.4737	60	0.000	55.800000	37.500000	179.70	55.780556	37.638943	222.3	11011
3	2023-04-17	13:49:03	5589.8490	1	0.0086	0.0011	5592.2695	0.1	-0.5	1.1038	-0.0844	0.0002	0.1376	-2.4738	60	0.000	55.800000	37.500000	179.70	55.780926	37.639019	220.3	11011
3	2023-04-17	13:50:03	5589.8496	1	0.0080	0.0010	5592.2701	2.2	0.3	1.0977	-0.0844	0.0002	0.1376	-2.4738	60	0.000	55.800000	37.500000	179.70	55.781124	37.639324	219.9	11011
3	2023-04-17	13:51:03	5589.8521	1	0.0085	0.0011	5592.2724	5.0	-0.3	1.0980	-0.0845	0.0004	0.1376	-2.4738	60	0.000	55.800000	37.500000	179.70	55.781258	37.639427	220.1	11011
3	2023-04-17	13:52:03	5589.8504	1	0.0085	0.0011	5592.2709	4.3	-1.2	1.0967	-0.0845	0.0002	0.1375	-2.4738	60	0.000	55.800000	37.500000	179.70	55.781281	37.639458	219.6	11011
3	2023-04-17	13:53:03	5589.8510	1	0.0090	0.0012	5592.2715	4.1	-1.4	1.1010	-0.0845	0.0004	0.1373	-2.4738	60	0.000	55.800000	37.500000	179.70	55.780823	37.639275	219.8	11011
3	2023-04-17	13:54:03	5589.8504	1	0.0101	0.0013	5592.2707	5.8	-1.6	1.1007	-0.0845	0.0007	0.1373	-2.4738	60	0.000	55.800000	37.500000	179.70	55.780842	37.639107	220.1	11011
3	2023-04-17	13:55:03	5589.8517	1	0.0111	0.0014	5592.2724	5.5	-1.8	1.0953	-0.0845	0.0005	0.1371	-2.4738	60	0.000	55.800000	37.500000	179.70	55.780861	37.639332	219.4	11011
3	2023-04-17	13:56:03	5589.8501	1	0.0096	0.0012	5592.2710	5.2	-1.2	1.0969	-0.0845	0.0004	0.1370	-2.4738	60	0.000	55.800000	37.500000	179.70	55.780972	37.639179	217.2	11011
3	2023-04-17	13:57:03	5589.8512	1	0.0073	0.0009	5592.2718	6.7	0.8	1.0995	-0.0845	0.0006	0.1371	-2.4738	60	0.000	55.800000	37.500000	179.70	55.781086	37.639236	216.9	11011
3	2023-04-17	13:58:03	5589.8496	1	0.0067	0.0009	5592.2704	6.2	1.4	1.0928	-0.0845	0.0006	0.1369	-2.4738	60	0.000	55.800000	37.500000	179.70	55.780621	37.639030	218.7	11011
3	2023-04-17	13:59:03	5589.8499	1	0.0102	0.0013	5592.2708	4.4	1.5	1.0967	-0.0844	0.0005	0.1369	-2.4738	60	0.000	55.800000	37.500000	179.70	55.780899	37.639259	220.0	11011
3	2023-04-17	14:00:03	5589.8499	1	0.0066	0.0009	5592.2709	5.4	1.8	1.0949	-0.0844	0.0004	0.1368	-2.4738	60	0.000	55.800000	37.500000	179.70	55.781548	37.639294	218.5	11011
3	2023-04-17	14:01:03	5589.8507	1	0.0098	0.0013	5592.2717	5.5	2.5	1.0933	-0.0844	0.0006	0.1367	-2.4738	60	0.000	55.800000	37.500000	179.70	55.780838	37.639305	218.2	11011
3	2023-04-17	14:02:03	5589.8520	1	0.0120	0.0015	5592.2732	4.8	2.5	1.0960	-0.0844	0.0004	0.1366	-2.4739	60	0.000	55.800000	37.500000	179.70	55.781567	37.639217	218.6	11011
