
/	CG-5 SURVEY
/	Survey name:   	110a-mend
/	Instrument S/N:	40443
/	Client:        	tsniigaik
/	Operator:      	epr
/	Date:          	2022/ 4/18
/	Time:          	05:45:26
/	LONG:        	37.5000000 E
/	LAT:         	55.8000000 N
/	ZONE:        	0       
/	GMT DIFF.:   	0.0 

/	CG-5 SETUP PARAMETERS
/	Gref:			0.000   
/	Gcal1:		8444.126
/	TiltxS:		621.286 
/	TiltyS:		641.192 
/	TiltxO:		-39.915 
/	TiltyO:		6.881   
/	Tempco:		-0.130  
/	Drift:		0.743   
/	DriftTime Start:	05:45:28
/	DriftDate Start:	2022/04/18

/	CG-5 OPTIONS
/	Tide Correction:    YES
/	Cont. Tilt:          NO
/	Auto Rejection:     YES
/	Terrain Corr.:       NO
/	Seismic Filter:     YES
/	Raw Data:           YES
Line	  16.000N
/------LINE-----STATION-----ALT.------GRAV.---SD.--TILTX--TILTY-TEMP---TIDE---DUR-REJ-----TIME----DEC.TIME+DATE--TERRAIN---DATE
16.0000000  14.0000000   28.8572   6845.777 0.160   -2.5    0.4 -2.09 -0.044  55  10 05:56:32     44637.24720    0.0000  2022/04/18
16.0000000  14.0000000   29.1014   6845.775 0.080   -2.9    0.0 -2.09 -0.043  55   0 05:57:37     44637.24795    0.0000  2022/04/18
16.0000000  14.0000000   29.1014   6845.775 0.108   -3.2   -0.2 -2.09 -0.043  55   0 05:58:37     44637.24864    0.0000  2022/04/18
16.0000000  14.0000000   28.8572   6845.772 0.082   -3.4   -0.3 -2.10 -0.042  55   1 05:59:37     44637.24933    0.0000  2022/04/18
16.0000000  14.0000000   29.1014   6845.773 0.052   -3.6   -0.4 -2.11 -0.042  55   1 06:00:37     44637.25003    0.0000  2022/04/18
16.0000000  14.0000000   29.1014   6845.770 0.070   -3.8   -0.6 -2.12 -0.041  55   8 06:01:37     44637.25072    0.0000  2022/04/18
16.0000000  14.0000000   29.1014   6845.773 0.068   -3.9   -0.7 -2.12 -0.041  55   0 06:02:37     44637.25141    0.0000  2022/04/18
16.0000000  14.0000000   29.1014   6845.772 0.046   -4.0   -0.8 -2.13 -0.040  55   0 06:03:37     44637.25211    0.0000  2022/04/18
16.0000000  14.0000000   29.1014   6845.775 0.070   -4.1   -1.1 -2.14 -0.040  55   0 06:04:37     44637.25280    0.0000  2022/04/18
16.0000000  14.0000000   29.1014   6845.777 0.050   -4.1   -1.1 -2.14 -0.039  55   3 06:05:37     44637.25349    0.0000  2022/04/18
16.0000000  14.0000000   29.1014   6845.772 0.103   -4.2   -1.4 -2.15 -0.038  55   0 06:06:37     44637.25419    0.0000  2022/04/18
16.0000000  14.0000000   29.1014   6845.776 0.059   -4.2   -1.5 -2.16 -0.038  55   2 06:07:37     44637.25488    0.0000  2022/04/18
16.0000000  14.0000000   29.1014   6845.773 0.067   -4.2   -1.5 -2.16 -0.037  55   0 06:08:37     44637.25557    0.0000  2022/04/18
16.0000000  14.0000000   29.1014   6845.773 0.064   -4.3   -1.7 -2.16 -0.037  55   2 06:09:37     44637.25627    0.0000  2022/04/18
16.0000000  14.0000000   29.3455   6845.777 0.066   -4.5   -2.0 -2.17 -0.036  55   1 06:10:37     44637.25696    0.0000  2022/04/18
16.0000000  14.0000000   29.3455   6845.772 0.091   -4.3   -2.0 -2.17 -0.036  55   0 06:11:37     44637.25765    0.0000  2022/04/18
16.0000000  14.0000000   29.1014   6845.772 0.045   -4.3   -2.1 -2.18 -0.035  55   0 06:12:37     44637.25835    0.0000  2022/04/18
16.0000000  14.0000000   29.3455   6845.773 0.050   -4.4   -2.2 -2.18 -0.034  55   0 06:13:37     44637.25904    0.0000  2022/04/18
16.0000000  14.0000000   29.1014   6845.774 0.065   -4.4   -2.3 -2.18 -0.034  55   0 06:14:37     44637.25973    0.0000  2022/04/18
16.0000000  14.0000000   29.1014   6845.773 0.041   -4.4   -2.5 -2.18 -0.033  55   0 06:15:37     44637.26043    0.0000  2022/04/18
16.0000000  14.0000000   29.1014   6845.774 0.045   -4.6   -2.6 -2.18 -0.033  55   0 06:16:37     44637.26112    0.0000  2022/04/18
16.0000000  14.0000000   29.1014   6845.771 0.043   -4.6   -2.7 -2.19 -0.032  55   1 06:17:37     44637.26181    0.0000  2022/04/18
16.0000000  14.0000000   29.1014   6845.770 0.056   -4.6   -2.7 -2.19 -0.031  55   0 06:18:37     44637.26251    0.0000  2022/04/18
16.0000000  14.0000000   29.1014   6845.774 0.048   -4.6   -2.8 -2.19 -0.031  55   1 06:19:37     44637.26320    0.0000  2022/04/18
16.0000000  14.0000000   29.1014   6845.772 0.095   -4.7   -3.1 -2.19 -0.030  55   0 06:20:37     44637.26389    0.0000  2022/04/18
16.0000000  14.0000000   29.1014   6845.771 0.097   -4.6   -3.1 -2.19 -0.030  55   0 06:21:37     44637.26459    0.0000  2022/04/18
16.0000000  14.0000000   29.3455   6845.773 0.051   -4.7   -3.1 -2.19 -0.029  55   1 06:22:37     44637.26528    0.0000  2022/04/18
16.0000000  14.0000000   29.3455   6845.773 0.063   -4.7   -3.2 -2.20 -0.029  55   0 06:23:37     44637.26597    0.0000  2022/04/18
16.0000000  14.0000000   29.3455   6845.773 0.045   -4.7   -3.4 -2.20 -0.028  55   0 06:24:37     44637.26667    0.0000  2022/04/18
16.0000000  14.0000000   29.3455   6845.772 0.045   -4.7   -3.4 -2.20 -0.027  55   0 06:25:37     44637.26736    0.0000  2022/04/18
16.0000000  14.0000000   29.3455   6845.772 0.064   -4.7   -3.6 -2.20 -0.027  55   5 06:26:37     44637.26805    0.0000  2022/04/18
16.0000000  14.0000000   29.1014   6845.770 0.073   -4.8   -3.6 -2.20 -0.026  55   0 06:27:37     44637.26875    0.0000  2022/04/18
16.0000000  14.0000000   29.3455   6845.771 0.139   -4.8   -3.7 -2.20 -0.026  55   0 06:28:37     44637.26944    0.0000  2022/04/18
16.0000000  14.0000000   29.1014   6845.771 0.051   -4.7   -3.7 -2.20 -0.025  55   0 06:29:37     44637.27013    0.0000  2022/04/18
16.0000000  14.0000000   29.3455   6845.773 0.052   -4.9   -3.7 -2.20 -0.024  55   0 06:30:37     44637.27083    0.0000  2022/04/18
16.0000000  14.0000000   29.3455   6845.772 0.063   -4.9   -3.9 -2.20 -0.024  55   0 06:31:37     44637.27152    0.0000  2022/04/18
16.0000000  14.0000000   29.3455   6845.773 0.058   -4.8   -4.0 -2.20 -0.023  55   0 06:32:37     44637.27221    0.0000  2022/04/18
16.0000000  14.0000000   29.3455   6845.772 0.045   -4.9   -4.1 -2.20 -0.023  55   0 06:33:37     44637.27291    0.0000  2022/04/18
16.0000000  14.0000000   29.3455   6845.772 0.061   -4.9   -4.2 -2.20 -0.022  55   0 06:34:37     44637.27360    0.0000  2022/04/18
16.0000000  14.0000000   29.3455   6845.772 0.056   -4.9   -4.2 -2.20 -0.021  55   0 06:35:37     44637.27429    0.0000  2022/04/18
16.0000000  14.0000000   29.3455   6845.771 0.060   -4.9   -4.3 -2.20 -0.021  55   2 06:36:37     44637.27499    0.0000  2022/04/18
16.0000000  14.0000000   29.3455   6845.772 0.057   -5.0   -4.5 -2.20 -0.020  55   0 06:37:37     44637.27568    0.0000  2022/04/18
16.0000000  14.0000000   29.3455   6845.771 0.040   -4.9   -4.5 -2.20 -0.020  55   0 06:38:37     44637.27637    0.0000  2022/04/18
16.0000000  14.0000000   29.3455   6845.771 0.070   -4.9   -4.5 -2.20 -0.019  55   0 06:39:37     44637.27707    0.0000  2022/04/18
16.0000000  14.0000000   29.1014   6845.771 0.039   -4.9   -4.6 -2.20 -0.018  55   0 06:40:37     44637.27776    0.0000  2022/04/18
16.0000000  14.0000000   29.3455   6845.771 0.065   -4.9   -4.7 -2.20 -0.018  55   0 06:41:37     44637.27845    0.0000  2022/04/18
16.0000000  14.0000000   29.3455   6845.772 0.077   -4.9   -4.8 -2.20 -0.017  55   1 06:42:37     44637.27915    0.0000  2022/04/18
16.0000000  14.0000000   29.3455   6845.772 0.048   -5.0   -4.9 -2.20 -0.017  55   0 06:43:37     44637.27984    0.0000  2022/04/18
16.0000000  14.0000000   29.3455   6845.772 0.059   -4.9   -4.9 -2.20 -0.016  55   0 06:44:37     44637.28053    0.0000  2022/04/18
16.0000000  14.0000000   29.3455   6845.771 0.044   -4.9   -5.0 -2.20 -0.015  55   0 06:45:37     44637.28123    0.0000  2022/04/18
16.0000000  14.0000000   29.3455   6845.772 0.040   -5.0   -5.0 -2.20 -0.015  55   0 06:46:37     44637.28192    0.0000  2022/04/18
16.0000000  14.0000000   29.3455   6845.771 0.054   -5.0   -5.1 -2.20 -0.014  55   0 06:47:37     44637.28261    0.0000  2022/04/18
16.0000000  14.0000000   29.3455   6845.771 0.048   -4.9   -5.2 -2.20 -0.014  55   0 06:48:37     44637.28331    0.0000  2022/04/18
16.0000000  14.0000000   29.3455   6845.770 0.045   -4.9   -5.2 -2.20 -0.013  55   0 06:49:37     44637.28400    0.0000  2022/04/18
16.0000000  14.0000000   29.3455   6845.771 0.048   -4.9   -5.3 -2.20 -0.012  55   0 06:50:37     44637.28469    0.0000  2022/04/18
16.0000000  14.0000000   29.3455   6845.772 0.065   -5.0   -5.4 -2.20 -0.012  55   3 06:51:37     44637.28539    0.0000  2022/04/18
16.0000000  14.0000000   29.3455   6845.771 0.053   -5.0   -5.6 -2.20 -0.011  55   0 06:52:37     44637.28608    0.0000  2022/04/18
16.0000000  14.0000000   29.3455   6845.771 0.058   -5.0   -5.5 -2.20 -0.011  55   0 06:53:37     44637.28677    0.0000  2022/04/18
16.0000000  14.0000000   29.3455   6845.771 0.055   -5.0   -5.7 -2.20 -0.010  55   0 06:54:37     44637.28747    0.0000  2022/04/18
16.0000000  14.0000000   28.3689   6845.771 0.053   -5.0   -5.7 -2.20 -0.009  55   0 06:55:38     44637.28817    0.0000  2022/04/18
16.0000000  64.0000000   27.6365   6854.179 0.058    0.0    0.2 -2.04 0.069  55  21 11:13:41     44637.46709    0.0000  2022/04/18
16.0000000  64.0000000   27.8807   6854.184 0.024   -0.3    0.0 -2.05 0.069  55   0 11:14:46     44637.46784    0.0000  2022/04/18
16.0000000  64.0000000   27.8807   6854.183 0.019   -0.5   -0.2 -2.06 0.069  55   0 11:15:46     44637.46853    0.0000  2022/04/18
16.0000000  64.0000000   27.8807   6854.182 0.022   -0.7   -0.4 -2.07 0.069  55   1 11:16:46     44637.46922    0.0000  2022/04/18
16.0000000  64.0000000   27.8807   6854.183 0.020   -0.7   -0.5 -2.08 0.069  55   0 11:17:46     44637.46992    0.0000  2022/04/18
16.0000000  64.0000000   27.8807   6854.181 0.021   -0.9   -0.8 -2.09 0.069  55   1 11:18:46     44637.47061    0.0000  2022/04/18
16.0000000  64.0000000   27.8807   6854.182 0.022   -1.0   -1.0 -2.10 0.068  55   0 11:19:46     44637.47130    0.0000  2022/04/18
16.0000000  64.0000000   27.8807   6854.181 0.018   -0.9   -1.1 -2.11 0.068  55   0 11:20:46     44637.47200    0.0000  2022/04/18
16.0000000  64.0000000   27.8807   6854.182 0.019   -1.1   -1.3 -2.11 0.068  55   0 11:21:46     44637.47269    0.0000  2022/04/18
16.0000000  64.0000000   27.8807   6854.181 0.022   -1.0   -1.5 -2.12 0.068  55   0 11:22:46     44637.47338    0.0000  2022/04/18
16.0000000  64.0000000   27.8807   6854.182 0.019   -1.1   -1.7 -2.13 0.068  55   0 11:23:46     44637.47408    0.0000  2022/04/18
16.0000000  64.0000000   28.1248   6854.182 0.021   -1.2   -1.9 -2.13 0.067  55   0 11:24:46     44637.47477    0.0000  2022/04/18
16.0000000  64.0000000   27.8807   6854.182 0.024   -1.2   -2.0 -2.14 0.067  55   0 11:25:46     44637.47546    0.0000  2022/04/18
16.0000000  64.0000000   27.8807   6854.182 0.021   -1.3   -2.1 -2.14 0.067  55   0 11:26:46     44637.47616    0.0000  2022/04/18
16.0000000  64.0000000   27.8807   6854.180 0.017   -1.3   -2.2 -2.15 0.067  55   0 11:27:46     44637.47685    0.0000  2022/04/18
16.0000000  64.0000000   27.6365   6854.181 0.019   -1.3   -2.3 -2.15 0.067  55   0 11:28:46     44637.47754    0.0000  2022/04/18
16.0000000  64.0000000   27.8807   6854.181 0.025   -1.3   -2.4 -2.15 0.066  55   0 11:29:46     44637.47824    0.0000  2022/04/18
16.0000000  64.0000000   27.8807   6854.181 0.024   -1.4   -2.6 -2.16 0.066  55   0 11:30:46     44637.47893    0.0000  2022/04/18
16.0000000  64.0000000   27.8807   6854.182 0.021   -1.4   -2.8 -2.16 0.066  55   0 11:31:46     44637.47962    0.0000  2022/04/18
16.0000000  64.0000000   27.8807   6854.181 0.023   -1.4   -2.9 -2.16 0.066  55   0 11:32:46     44637.48032    0.0000  2022/04/18
16.0000000  64.0000000   27.8807   6854.180 0.023   -1.5   -3.0 -2.16 0.065  55   0 11:33:46     44637.48101    0.0000  2022/04/18
16.0000000  64.0000000   27.8807   6854.180 0.022   -1.5   -3.1 -2.16 0.065  55   0 11:34:46     44637.48170    0.0000  2022/04/18
16.0000000  64.0000000   27.8807   6854.179 0.022   -1.5   -3.3 -2.16 0.065  55   0 11:35:46     44637.48240    0.0000  2022/04/18
16.0000000  64.0000000   27.8807   6854.181 0.019   -1.6   -3.4 -2.17 0.065  55   0 11:36:46     44637.48309    0.0000  2022/04/18
16.0000000  64.0000000   27.6365   6854.181 0.026   -1.6   -3.5 -2.17 0.064  55   0 11:37:46     44637.48378    0.0000  2022/04/18
16.0000000  64.0000000   27.8807   6854.181 0.020   -1.7   -3.6 -2.17 0.064  55   0 11:38:46     44637.48448    0.0000  2022/04/18
16.0000000  64.0000000   27.8807   6854.181 0.023   -1.7   -3.6 -2.17 0.064  55   0 11:39:46     44637.48517    0.0000  2022/04/18
16.0000000  64.0000000   27.8807   6854.180 0.031   -1.8   -3.7 -2.17 0.064  55   0 11:40:46     44637.48586    0.0000  2022/04/18
16.0000000  64.0000000   27.8807   6854.180 0.030   -1.8   -3.8 -2.17 0.063  55   0 11:41:46     44637.48656    0.0000  2022/04/18
16.0000000  64.0000000   27.8807   6854.180 0.025   -1.9   -3.9 -2.17 0.063  55   1 11:42:46     44637.48725    0.0000  2022/04/18
16.0000000  64.0000000   27.8807   6854.180 0.023   -1.9   -4.0 -2.17 0.063  55   0 11:43:46     44637.48794    0.0000  2022/04/18
16.0000000  64.0000000   27.6365   6854.179 0.022   -1.9   -4.0 -2.17 0.062  55   0 11:44:46     44637.48864    0.0000  2022/04/18
16.0000000  64.0000000   27.8807   6854.178 0.023   -1.9   -4.2 -2.17 0.062  55   0 11:45:46     44637.48933    0.0000  2022/04/18
16.0000000  64.0000000   27.6365   6854.180 0.020   -2.0   -4.2 -2.17 0.062  55   0 11:46:46     44637.49002    0.0000  2022/04/18
16.0000000  64.0000000   27.8807   6854.180 0.017   -2.0   -4.3 -2.17 0.062  55   0 11:47:46     44637.49072    0.0000  2022/04/18
16.0000000  64.0000000   27.8807   6854.180 0.018   -2.0   -4.4 -2.17 0.061  55   0 11:48:46     44637.49141    0.0000  2022/04/18
16.0000000  64.0000000   27.8807   6854.179 0.027   -2.0   -4.4 -2.18 0.061  55   0 11:49:46     44637.49210    0.0000  2022/04/18
16.0000000  64.0000000   27.8807   6854.180 0.025   -2.1   -4.5 -2.18 0.061  55   0 11:50:46     44637.49280    0.0000  2022/04/18
16.0000000  64.0000000   27.8807   6854.178 0.022   -2.1   -4.6 -2.18 0.060  55   0 11:51:46     44637.49349    0.0000  2022/04/18
16.0000000  64.0000000   27.8807   6854.178 0.022   -2.2   -4.7 -2.18 0.060  55   0 11:52:46     44637.49418    0.0000  2022/04/18
16.0000000  64.0000000   27.8807   6854.178 0.024   -2.2   -4.8 -2.18 0.060  55   0 11:53:46     44637.49488    0.0000  2022/04/18
16.0000000  64.0000000   27.8807   6854.179 0.026   -2.2   -4.9 -2.18 0.059  55   0 11:54:46     44637.49557    0.0000  2022/04/18
16.0000000  64.0000000   27.8807   6854.179 0.020   -2.2   -4.9 -2.18 0.059  55   0 11:55:46     44637.49626    0.0000  2022/04/18
16.0000000  64.0000000   28.1248   6854.181 0.019   -2.3   -4.9 -2.18 0.059  55   0 11:56:46     44637.49696    0.0000  2022/04/18
16.0000000  64.0000000   27.8807   6854.179 0.025   -2.2   -5.0 -2.18 0.059  55   0 11:57:46     44637.49765    0.0000  2022/04/18
16.0000000  64.0000000   27.6365   6854.179 0.022   -2.2   -5.1 -2.18 0.058  55   0 11:58:46     44637.49834    0.0000  2022/04/18
16.0000000  64.0000000   27.6365   6854.180 0.021   -2.3   -5.1 -2.18 0.058  55   0 11:59:46     44637.49904    0.0000  2022/04/18
16.0000000  64.0000000   27.6365   6854.179 0.019   -2.2   -5.2 -2.18 0.058  55   0 12:00:46     44637.49973    0.0000  2022/04/18
16.0000000  64.0000000   27.6365   6854.178 0.021   -2.2   -5.3 -2.18 0.057  55   0 12:01:46     44637.50042    0.0000  2022/04/18
16.0000000  64.0000000   27.8807   6854.173 0.033   -2.8   -5.4 -2.18 0.057  55  13 12:02:46     44637.50112    0.0000  2022/04/18
16.0000000  64.0000000   27.8807   6854.181 0.028   -2.3   -5.6 -2.18 0.056  55  10 12:03:46     44637.50181    0.0000  2022/04/18
16.0000000  64.0000000   27.6365   6854.179 0.038   -2.7   -5.5 -2.18 0.056  55   7 12:04:46     44637.50250    0.0000  2022/04/18
16.0000000  64.0000000   27.8807   6854.179 0.019   -2.6   -5.5 -2.18 0.056  55   0 12:05:46     44637.50320    0.0000  2022/04/18
16.0000000  64.0000000   27.6365   6854.178 0.019   -2.7   -5.7 -2.18 0.055  55   0 12:06:46     44637.50389    0.0000  2022/04/18
16.0000000  64.0000000   27.8807   6854.179 0.022   -2.7   -5.8 -2.18 0.055  55   0 12:07:46     44637.50458    0.0000  2022/04/18
16.0000000  64.0000000   27.8807   6854.179 0.025   -2.6   -5.8 -2.18 0.055  55   0 12:08:46     44637.50528    0.0000  2022/04/18
16.0000000  64.0000000   28.1248   6854.177 0.025   -2.7   -5.9 -2.18 0.054  55   0 12:09:46     44637.50597    0.0000  2022/04/18
16.0000000  64.0000000   27.8807   6854.178 0.023   -2.7   -6.0 -2.18 0.054  55   0 12:10:46     44637.50666    0.0000  2022/04/18
16.0000000  64.0000000   27.8807   6854.179 0.022   -2.7   -6.1 -2.18 0.054  55   4 12:11:46     44637.50736    0.0000  2022/04/18
16.0000000  64.0000000   26.9041   6854.178 0.036   -2.7   -6.1 -2.18 0.053  55   9 12:12:47     44637.50806    0.0000  2022/04/18
16.0000000  14.0000000   30.8103   6845.763 0.111   -0.6    0.5 -2.06 0.019  55   9 13:25:56     44637.55878    0.0000  2022/04/18
16.0000000  14.0000000   30.5662   6845.770 0.060   -0.8    0.2 -2.07 0.018  55   0 13:27:01     44637.55953    0.0000  2022/04/18
16.0000000  14.0000000   30.8103   6845.770 0.042   -0.8   -0.1 -2.09 0.018  55   0 13:28:01     44637.56022    0.0000  2022/04/18
16.0000000  14.0000000   30.8103   6845.766 0.067   -0.8   -0.5 -2.10 0.017  55   0 13:29:01     44637.56092    0.0000  2022/04/18
16.0000000  14.0000000   30.8103   6845.768 0.065   -0.8   -0.8 -2.11 0.017  55   0 13:30:01     44637.56161    0.0000  2022/04/18
16.0000000  14.0000000   30.5662   6845.768 0.036   -0.8   -1.1 -2.12 0.016  55   0 13:31:01     44637.56230    0.0000  2022/04/18
16.0000000  14.0000000   30.5662   6845.767 0.051   -0.8   -1.3 -2.13 0.016  55   0 13:32:01     44637.56300    0.0000  2022/04/18
16.0000000  14.0000000   30.5662   6845.767 0.049   -0.8   -1.7 -2.14 0.015  55   0 13:33:01     44637.56369    0.0000  2022/04/18
16.0000000  14.0000000   30.5662   6845.767 0.056   -0.8   -1.9 -2.14 0.015  55   0 13:34:01     44637.56438    0.0000  2022/04/18
16.0000000  14.0000000   30.5662   6845.766 0.071   -0.7   -2.2 -2.15 0.014  55   0 13:35:01     44637.56508    0.0000  2022/04/18
16.0000000  14.0000000   30.3221   6845.760 0.091   -0.7   -2.3 -2.16 0.014  55   3 13:36:01     44637.56577    0.0000  2022/04/18
16.0000000  14.0000000   30.5662   6845.766 0.050   -0.8   -2.7 -2.17 0.013  55   0 13:37:01     44637.56646    0.0000  2022/04/18
16.0000000  14.0000000   30.5662   6845.766 0.040   -0.7   -2.8 -2.17 0.012  55   0 13:38:01     44637.56716    0.0000  2022/04/18
16.0000000  14.0000000   30.3221   6845.766 0.052   -0.7   -3.0 -2.18 0.012  55   0 13:39:01     44637.56785    0.0000  2022/04/18
16.0000000  14.0000000   30.3221   6845.765 0.042   -0.8   -3.3 -2.18 0.011  55   0 13:40:01     44637.56854    0.0000  2022/04/18
16.0000000  14.0000000   30.3221   6845.765 0.080   -0.8   -3.3 -2.19 0.011  55   0 13:41:01     44637.56924    0.0000  2022/04/18
16.0000000  14.0000000   30.3221   6845.765 0.060   -0.9   -3.6 -2.19 0.010  55   0 13:42:01     44637.56993    0.0000  2022/04/18
16.0000000  14.0000000   30.3221   6845.766 0.047   -1.0   -3.7 -2.20 0.010  55   0 13:43:01     44637.57062    0.0000  2022/04/18
16.0000000  14.0000000   30.0779   6845.764 0.047   -1.1   -4.0 -2.20 0.009  55   0 13:44:01     44637.57132    0.0000  2022/04/18
16.0000000  14.0000000   30.3221   6845.765 0.045   -1.0   -4.1 -2.20 0.009  55   0 13:45:01     44637.57201    0.0000  2022/04/18
16.0000000  14.0000000   30.3221   6845.764 0.084   -1.0   -4.2 -2.20 0.008  55   0 13:46:01     44637.57270    0.0000  2022/04/18
16.0000000  14.0000000   30.0779   6845.765 0.142   -1.2   -4.5 -2.21 0.007  55   0 13:47:01     44637.57340    0.0000  2022/04/18
16.0000000  14.0000000   30.0779   6845.765 0.059   -1.2   -4.6 -2.21 0.007  55   0 13:48:01     44637.57409    0.0000  2022/04/18
16.0000000  14.0000000   30.0779   6845.765 0.049   -1.1   -4.8 -2.21 0.006  55   0 13:49:01     44637.57478    0.0000  2022/04/18
16.0000000  14.0000000   30.0779   6845.764 0.068   -1.1   -4.8 -2.21 0.006  55   0 13:50:01     44637.57548    0.0000  2022/04/18
16.0000000  14.0000000   30.0779   6845.764 0.087   -1.1   -5.0 -2.21 0.005  55   0 13:51:01     44637.57617    0.0000  2022/04/18
16.0000000  14.0000000   30.0779   6845.765 0.102   -1.2   -5.2 -2.21 0.005  55   0 13:52:01     44637.57686    0.0000  2022/04/18
16.0000000  14.0000000   30.0779   6845.764 0.094   -1.2   -5.2 -2.22 0.004  55   0 13:53:01     44637.57756    0.0000  2022/04/18
16.0000000  14.0000000   30.0779   6845.764 0.065   -1.3   -5.4 -2.22 0.004  55   0 13:54:01     44637.57825    0.0000  2022/04/18
16.0000000  14.0000000   30.0779   6845.765 0.092   -1.4   -5.5 -2.22 0.003  55   0 13:55:01     44637.57894    0.0000  2022/04/18
16.0000000  14.0000000   30.0779   6845.763 0.058   -1.3   -5.7 -2.22 0.002  55   0 13:56:01     44637.57964    0.0000  2022/04/18
16.0000000  14.0000000   30.0779   6845.765 0.052   -1.4   -5.7 -2.22 0.002  55   0 13:57:01     44637.58033    0.0000  2022/04/18
16.0000000  14.0000000   30.0779   6845.764 0.050   -1.5   -5.8 -2.22 0.001  55   0 13:58:01     44637.58102    0.0000  2022/04/18
16.0000000  14.0000000   30.0779   6845.766 0.048   -1.5   -5.9 -2.22 0.001  55   0 13:59:01     44637.58172    0.0000  2022/04/18
16.0000000  14.0000000   29.8338   6845.764 0.053   -1.5   -6.1 -2.22 0.000  55   0 14:00:01     44637.58241    0.0000  2022/04/18
16.0000000  14.0000000   29.8338   6845.763 0.055   -1.4   -6.2 -2.22 0.000  55   0 14:01:01     44637.58310    0.0000  2022/04/18
16.0000000  14.0000000   30.0779   6845.764 0.053   -1.5   -6.2 -2.22 0.000  55   0 14:02:01     44637.58380    0.0000  2022/04/18
16.0000000  14.0000000   29.8338   6845.763 0.044   -1.5   -6.4 -2.22 0.000  55   0 14:03:01     44637.58449    0.0000  2022/04/18
16.0000000  14.0000000   29.8338   6845.762 0.072   -1.5   -6.3 -2.22 -0.001  55   0 14:04:01     44637.58518    0.0000  2022/04/18
16.0000000  14.0000000   29.8338   6845.762 0.066   -1.6   -6.4 -2.22 -0.002  55   0 14:05:01     44637.58588    0.0000  2022/04/18
16.0000000  14.0000000   29.8338   6845.762 0.048   -1.6   -6.4 -2.22 -0.002  55   0 14:06:01     44637.58657    0.0000  2022/04/18
16.0000000  14.0000000   29.5896   6845.762 0.053   -1.7   -6.5 -2.22 -0.003  55   0 14:07:01     44637.58726    0.0000  2022/04/18
16.0000000  14.0000000   29.5896   6845.758 0.069   -1.8   -6.6 -2.22 -0.003  55   1 14:08:01     44637.58796    0.0000  2022/04/18
16.0000000  14.0000000   29.8338   6845.761 0.111   -1.8   -6.6 -2.22 -0.004  55   0 14:09:01     44637.58865    0.0000  2022/04/18
16.0000000  14.0000000   29.8338   6845.764 0.063   -1.8   -6.8 -2.22 -0.004  55   0 14:10:01     44637.58934    0.0000  2022/04/18
16.0000000  14.0000000   29.8338   6845.761 0.096   -1.8   -6.8 -2.22 -0.005  55   0 14:11:01     44637.59004    0.0000  2022/04/18
16.0000000  14.0000000   29.8338   6845.753 0.108   -1.9   -6.8 -2.22 -0.006  55   8 14:12:01     44637.59073    0.0000  2022/04/18
16.0000000  14.0000000   29.8338   6845.762 0.047   -1.9   -6.9 -2.22 -0.006  55   0 14:13:01     44637.59142    0.0000  2022/04/18
16.0000000  14.0000000   29.5896   6845.762 0.049   -1.9   -7.0 -2.22 -0.007  55   0 14:14:01     44637.59212    0.0000  2022/04/18
16.0000000  14.0000000   29.8338   6845.763 0.068   -1.9   -7.0 -2.22 -0.007  55   0 14:15:01     44637.59281    0.0000  2022/04/18
16.0000000  14.0000000   29.5896   6845.762 0.090   -2.0   -7.0 -2.22 -0.008  55   0 14:16:01     44637.59350    0.0000  2022/04/18
16.0000000  14.0000000   29.5896   6845.763 0.055   -2.0   -7.2 -2.22 -0.008  55   0 14:17:01     44637.59420    0.0000  2022/04/18
16.0000000  14.0000000   29.8338   6845.760 0.102   -2.2   -7.3 -2.22 -0.009  55   2 14:18:01     44637.59489    0.0000  2022/04/18
16.0000000  14.0000000   29.5896   6845.764 0.059   -2.0   -7.4 -2.22 -0.010  55   0 14:19:01     44637.59558    0.0000  2022/04/18
16.0000000  14.0000000   29.5896   6845.761 0.051   -2.1   -7.5 -2.22 -0.010  55   0 14:20:01     44637.59628    0.0000  2022/04/18
16.0000000  14.0000000   29.5896   6845.763 0.108   -2.1   -7.5 -2.22 -0.011  55   0 14:21:01     44637.59697    0.0000  2022/04/18
16.0000000  14.0000000   29.5896   6845.761 0.055   -2.2   -7.5 -2.22 -0.011  55   0 14:22:01     44637.59766    0.0000  2022/04/18
16.0000000  14.0000000   29.5896   6845.762 0.045   -2.0   -7.5 -2.22 -0.012  55   0 14:23:01     44637.59836    0.0000  2022/04/18
16.0000000  14.0000000   29.5896   6845.763 0.048   -2.0   -7.7 -2.22 -0.012  55   0 14:24:01     44637.59905    0.0000  2022/04/18
16.0000000  14.0000000   28.1248   6845.763 0.045   -2.1   -7.9 -2.22 -0.013  55   0 14:25:02     44637.59976    0.0000  2022/04/18