
/	CG-5 SURVEY
/	Survey name:   	110a-kpre-zveb
/	Instrument S/N:	51265
/	Client:        	tsniigaik
/	Operator:      	aip
/	Date:          	2022/ 4/21
/	Time:          	05:18:18
/	LONG:        	37.5000000 E
/	LAT:         	55.8000000 N
/	ZONE:        	0       
/	GMT DIFF.:   	0.0 

/	CG-5 SETUP PARAMETERS
/	Gref:			0.000   
/	Gcal1:		8017.994
/	TiltxS:		646.306 
/	TiltyS:		739.919 
/	TiltxO:		-46.165 
/	TiltyO:		-37.934 
/	Tempco:		-0.137  
/	Drift:		0.875   
/	DriftTime Start:	05:18:20
/	DriftDate Start:	2022/04/21

/	CG-5 OPTIONS
/	Tide Correction:    YES
/	Cont. Tilt:          NO
/	Auto Rejection:     YES
/	Terrain Corr.:       NO
/	Seismic Filter:     YES
/	Raw Data:           YES
Line	 132.000N
/------LINE-----STATION-----ALT.------GRAV.---SD.--TILTX--TILTY-TEMP---TIDE---DUR-REJ-----TIME----DEC.TIME+DATE--TERRAIN---DATE
132.0000000  12.0000000   31.2986   6193.372 0.074   -3.1   -1.2 -0.32 -0.083  55   1 05:25:26     44640.22563    0.0000  2022/04/21
132.0000000  12.0000000   31.2986   6193.371 0.041   -3.1   -1.5 -0.32 -0.083  55   0 05:26:31     44640.22638    0.0000  2022/04/21
132.0000000  12.0000000   31.2986   6193.371 0.046   -3.1   -1.7 -0.33 -0.083  55   0 05:27:31     44640.22708    0.0000  2022/04/21
132.0000000  12.0000000   31.2986   6193.370 0.034   -3.3   -1.7 -0.34 -0.082  55   1 05:28:31     44640.22777    0.0000  2022/04/21
132.0000000  12.0000000   31.2986   6193.370 0.039   -3.5   -1.8 -0.34 -0.082  55   0 05:29:31     44640.22846    0.0000  2022/04/21
132.0000000  12.0000000   31.2986   6193.370 0.040   -3.6   -1.8 -0.35 -0.082  55   0 05:30:31     44640.22916    0.0000  2022/04/21
132.0000000  12.0000000   31.2986   6193.370 0.046   -3.6   -2.0 -0.36 -0.082  55   0 05:31:31     44640.22985    0.0000  2022/04/21
132.0000000  12.0000000   31.2986   6193.371 0.055   -3.7   -2.1 -0.36 -0.081  55   0 05:32:31     44640.23054    0.0000  2022/04/21
132.0000000  12.0000000   31.2986   6193.371 0.057   -3.6   -2.1 -0.37 -0.081  55  10 05:33:31     44640.23124    0.0000  2022/04/21
132.0000000  12.0000000   31.5428   6193.367 0.035   -3.8   -2.3 -0.37 -0.081  55   1 05:34:31     44640.23193    0.0000  2022/04/21
132.0000000  12.0000000   31.5428   6193.370 0.035   -3.8   -2.4 -0.38 -0.081  55   0 05:35:31     44640.23262    0.0000  2022/04/21
132.0000000  12.0000000   31.5428   6193.371 0.038   -3.9   -2.5 -0.38 -0.080  55   0 05:36:31     44640.23332    0.0000  2022/04/21
132.0000000  12.0000000   31.2986   6193.368 0.036   -3.9   -2.5 -0.39 -0.080  55   0 05:37:31     44640.23401    0.0000  2022/04/21
132.0000000  12.0000000   31.5428   6193.369 0.036   -4.0   -2.6 -0.39 -0.080  55   0 05:38:31     44640.23470    0.0000  2022/04/21
132.0000000  12.0000000   31.2986   6193.370 0.046   -4.0   -2.8 -0.39 -0.079  55   0 05:39:31     44640.23540    0.0000  2022/04/21
132.0000000  12.0000000   31.2986   6193.369 0.038   -4.0   -2.9 -0.40 -0.079  55   0 05:40:31     44640.23609    0.0000  2022/04/21
132.0000000  12.0000000   31.5428   6193.369 0.058   -3.9   -3.0 -0.40 -0.079  55   0 05:41:31     44640.23678    0.0000  2022/04/21
132.0000000  12.0000000   31.5428   6193.369 0.040   -4.0   -3.1 -0.40 -0.079  55   0 05:42:31     44640.23748    0.0000  2022/04/21
132.0000000  12.0000000   31.5428   6193.371 0.037   -4.0   -3.2 -0.41 -0.078  55   0 05:43:31     44640.23817    0.0000  2022/04/21
132.0000000  12.0000000   31.5428   6193.370 0.034   -4.0   -3.4 -0.41 -0.078  55   0 05:44:31     44640.23886    0.0000  2022/04/21
132.0000000  12.0000000   31.5428   6193.369 0.045   -4.2   -3.5 -0.41 -0.078  55   0 05:45:31     44640.23956    0.0000  2022/04/21
132.0000000  12.0000000   31.2986   6193.367 0.031   -4.2   -3.6 -0.41 -0.077  55   1 05:46:31     44640.24025    0.0000  2022/04/21
132.0000000  12.0000000   31.2986   6193.369 0.054   -4.2   -3.7 -0.41 -0.077  55   0 05:47:31     44640.24094    0.0000  2022/04/21
132.0000000  12.0000000   31.2986   6193.364 0.139   -4.0   -3.8 -0.41 -0.077  55   1 05:48:31     44640.24164    0.0000  2022/04/21
132.0000000  12.0000000   31.2986   6193.369 0.035   -4.0   -3.9 -0.41 -0.077  55   0 05:49:31     44640.24233    0.0000  2022/04/21
132.0000000  12.0000000   31.2986   6193.369 0.040   -4.1   -4.1 -0.42 -0.076  55   0 05:50:31     44640.24302    0.0000  2022/04/21
132.0000000  12.0000000   31.5428   6193.369 0.075   -4.0   -4.2 -0.42 -0.076  55   2 05:51:31     44640.24372    0.0000  2022/04/21
132.0000000  12.0000000   31.5428   6193.370 0.066   -4.1   -4.3 -0.42 -0.076  55   0 05:52:31     44640.24441    0.0000  2022/04/21
132.0000000  12.0000000   31.5428   6193.370 0.037   -4.2   -4.4 -0.42 -0.075  55   0 05:53:31     44640.24510    0.0000  2022/04/21
132.0000000  12.0000000   31.2986   6193.369 0.049   -4.0   -4.6 -0.42 -0.075  55   0 05:54:31     44640.24580    0.0000  2022/04/21
132.0000000  12.0000000   31.5428   6193.370 0.037   -4.1   -4.8 -0.42 -0.075  55   0 05:55:31     44640.24649    0.0000  2022/04/21
132.0000000  12.0000000   31.2986   6193.368 0.053   -4.4   -5.0 -0.42 -0.074  55   0 05:56:31     44640.24718    0.0000  2022/04/21
132.0000000  12.0000000   31.2986   6193.369 0.043   -4.3   -5.0 -0.42 -0.074  55   0 05:57:31     44640.24788    0.0000  2022/04/21
132.0000000  12.0000000   31.5428   6193.369 0.034   -4.1   -5.1 -0.42 -0.074  55   0 05:58:31     44640.24857    0.0000  2022/04/21
132.0000000  12.0000000   31.5428   6193.368 0.040   -4.2   -5.3 -0.42 -0.074  55   0 05:59:31     44640.24926    0.0000  2022/04/21
132.0000000  12.0000000   31.2986   6193.368 0.037   -4.4   -5.4 -0.42 -0.073  55   0 06:00:31     44640.24996    0.0000  2022/04/21
132.0000000  12.0000000   31.5428   6193.370 0.042   -4.3   -5.5 -0.42 -0.073  55   0 06:01:31     44640.25065    0.0000  2022/04/21
132.0000000  12.0000000   31.5428   6193.368 0.042   -4.3   -5.7 -0.42 -0.073  55   0 06:02:31     44640.25134    0.0000  2022/04/21
132.0000000  12.0000000   31.5428   6193.368 0.045   -4.5   -5.8 -0.42 -0.072  55   0 06:03:31     44640.25204    0.0000  2022/04/21
132.0000000  12.0000000   31.5428   6193.368 0.042   -4.3   -5.9 -0.42 -0.072  55   0 06:04:31     44640.25273    0.0000  2022/04/21
132.0000000  12.0000000   31.5428   6193.369 0.043   -4.3   -6.0 -0.42 -0.072  55   0 06:05:31     44640.25342    0.0000  2022/04/21
132.0000000  12.0000000   31.2986   6193.367 0.081   -4.3   -6.1 -0.42 -0.071  55   0 06:06:31     44640.25412    0.0000  2022/04/21
132.0000000  12.0000000   31.5428   6193.367 0.048   -4.2   -6.2 -0.42 -0.071  55   0 06:07:31     44640.25481    0.0000  2022/04/21
132.0000000  12.0000000   31.5428   6193.364 0.073   -4.4   -6.4 -0.42 -0.071  55   1 06:08:31     44640.25550    0.0000  2022/04/21
132.0000000  12.0000000   31.5428   6193.368 0.113   -4.4   -6.4 -0.42 -0.070  55   0 06:09:31     44640.25620    0.0000  2022/04/21
132.0000000  12.0000000   31.2986   6193.369 0.054   -4.2   -6.5 -0.42 -0.070  55   0 06:10:31     44640.25689    0.0000  2022/04/21
132.0000000  12.0000000   31.5428   6193.368 0.049   -4.4   -6.7 -0.42 -0.070  55   0 06:11:31     44640.25758    0.0000  2022/04/21
132.0000000  12.0000000   31.5428   6193.369 0.036   -4.5   -6.7 -0.42 -0.069  55   0 06:12:31     44640.25828    0.0000  2022/04/21
132.0000000  12.0000000   31.5428   6193.373 0.051   -4.4   -6.9 -0.43 -0.069  55  10 06:13:31     44640.25897    0.0000  2022/04/21
132.0000000  12.0000000   31.2986   6193.370 0.089   -4.6   -7.0 -0.42 -0.069  55   0 06:14:31     44640.25966    0.0000  2022/04/21
132.0000000  12.0000000   31.5428   6193.368 0.041   -4.3   -7.2 -0.42 -0.068  55   0 06:15:31     44640.26036    0.0000  2022/04/21
132.0000000  12.0000000   31.5428   6193.369 0.048   -4.4   -7.1 -0.43 -0.068  55   0 06:16:31     44640.26105    0.0000  2022/04/21
132.0000000  12.0000000   31.2986   6193.370 0.048   -4.4   -7.3 -0.43 -0.068  55   0 06:17:31     44640.26174    0.0000  2022/04/21
132.0000000  12.0000000   31.5428   6193.369 0.040   -4.5   -7.4 -0.43 -0.067  55   0 06:18:31     44640.26244    0.0000  2022/04/21
132.0000000  12.0000000   31.5428   6193.368 0.040   -4.4   -7.5 -0.43 -0.067  55   0 06:19:31     44640.26313    0.0000  2022/04/21
132.0000000  12.0000000   31.5428   6193.369 0.038   -4.6   -7.7 -0.43 -0.066  55   0 06:20:31     44640.26382    0.0000  2022/04/21
132.0000000  12.0000000   31.5428   6193.369 0.037   -4.4   -7.8 -0.43 -0.066  55   0 06:21:31     44640.26452    0.0000  2022/04/21
132.0000000  12.0000000   31.2986   6193.369 0.051   -4.3   -7.9 -0.43 -0.066  55   0 06:22:31     44640.26521    0.0000  2022/04/21
132.0000000  12.0000000   31.2986   6193.369 0.065   -4.5   -8.0 -0.43 -0.065  55   0 06:23:31     44640.26590    0.0000  2022/04/21
132.0000000  12.0000000   30.3221   6193.367 0.055   -4.4   -8.1 -0.43 -0.065  55   1 06:24:32     44640.26661    0.0000  2022/04/21
132.0000000  32.0000000   32.5193   6166.860 0.019   -0.3   -1.1 -0.21 -0.027  55   0 07:51:54     44640.32718    0.0000  2022/04/21
132.0000000  32.0000000   32.2752   6166.860 0.018   -0.6   -1.2 -0.24 -0.027  55   0 07:52:59     44640.32794    0.0000  2022/04/21
132.0000000  32.0000000   32.2752   6166.860 0.015   -0.7   -1.3 -0.25 -0.026  55   0 07:53:59     44640.32863    0.0000  2022/04/21
132.0000000  32.0000000   32.2752   6166.860 0.014   -0.8   -1.3 -0.27 -0.026  55   0 07:54:59     44640.32932    0.0000  2022/04/21
132.0000000  32.0000000   32.0310   6166.861 0.021   -0.9   -1.4 -0.29 -0.025  55   0 07:55:59     44640.33002    0.0000  2022/04/21
132.0000000  32.0000000   32.0310   6166.861 0.020   -1.1   -1.6 -0.30 -0.025  55   0 07:56:59     44640.33071    0.0000  2022/04/21
132.0000000  32.0000000   31.7869   6166.861 0.017   -1.3   -1.7 -0.31 -0.024  55   0 07:57:59     44640.33140    0.0000  2022/04/21
132.0000000  32.0000000   31.7869   6166.860 0.025   -1.5   -1.8 -0.33 -0.024  55   0 07:58:59     44640.33210    0.0000  2022/04/21
132.0000000  32.0000000   31.7869   6166.859 0.028   -1.7   -1.9 -0.34 -0.023  55   0 07:59:59     44640.33279    0.0000  2022/04/21
132.0000000  32.0000000   31.7869   6166.862 0.027   -1.7   -2.0 -0.35 -0.023  55   0 08:00:59     44640.33348    0.0000  2022/04/21
132.0000000  32.0000000   31.5428   6166.861 0.020   -2.0   -2.1 -0.36 -0.022  55   0 08:01:59     44640.33418    0.0000  2022/04/21
132.0000000  32.0000000   31.5428   6166.862 0.028   -2.1   -2.2 -0.37 -0.022  55   1 08:02:59     44640.33487    0.0000  2022/04/21
132.0000000  32.0000000   31.5428   6166.860 0.023   -2.3   -2.3 -0.37 -0.021  55   0 08:03:59     44640.33556    0.0000  2022/04/21
132.0000000  32.0000000   31.5428   6166.860 0.022   -2.4   -2.4 -0.38 -0.021  55   0 08:04:59     44640.33626    0.0000  2022/04/21
132.0000000  32.0000000   31.5428   6166.861 0.018   -2.5   -2.5 -0.39 -0.020  55   0 08:05:59     44640.33695    0.0000  2022/04/21
132.0000000  32.0000000   31.2986   6166.863 0.023   -2.7   -2.7 -0.39 -0.020  55   0 08:06:59     44640.33764    0.0000  2022/04/21
132.0000000  32.0000000   31.2986   6166.862 0.018   -2.9   -2.8 -0.40 -0.019  55   0 08:07:59     44640.33834    0.0000  2022/04/21
132.0000000  32.0000000   31.2986   6166.863 0.025   -3.0   -2.9 -0.40 -0.019  55   0 08:08:59     44640.33903    0.0000  2022/04/21
132.0000000  32.0000000   31.0545   6166.862 0.021   -3.2   -3.0 -0.41 -0.018  55   0 08:09:59     44640.33972    0.0000  2022/04/21
132.0000000  32.0000000   30.8103   6166.862 0.017   -3.2   -3.1 -0.41 -0.018  55   0 08:10:59     44640.34042    0.0000  2022/04/21
132.0000000  32.0000000   30.8103   6166.863 0.020   -3.4   -3.3 -0.42 -0.017  55   0 08:11:59     44640.34111    0.0000  2022/04/21
132.0000000  32.0000000   30.8103   6166.863 0.017   -3.5   -3.5 -0.42 -0.017  55   0 08:12:59     44640.34180    0.0000  2022/04/21
132.0000000  32.0000000   31.2986   6166.859 0.022   -3.7   -3.6 -0.42 -0.016  55   0 08:13:59     44640.34250    0.0000  2022/04/21
132.0000000  32.0000000   30.8103   6166.856 0.024   -3.7   -3.8 -0.42 -0.016  55   0 08:14:59     44640.34319    0.0000  2022/04/21
132.0000000  32.0000000   30.8103   6166.860 0.023   -3.9   -3.9 -0.43 -0.015  55   0 08:15:59     44640.34388    0.0000  2022/04/21
132.0000000  32.0000000   30.8103   6166.860 0.017   -4.0   -4.0 -0.43 -0.015  55   0 08:16:59     44640.34458    0.0000  2022/04/21
132.0000000  32.0000000   30.5662   6166.864 0.017   -4.1   -4.1 -0.43 -0.014  55   0 08:17:59     44640.34527    0.0000  2022/04/21
132.0000000  32.0000000   30.5662   6166.860 0.021   -4.3   -4.3 -0.43 -0.014  55   0 08:18:59     44640.34596    0.0000  2022/04/21
132.0000000  32.0000000   30.5662   6166.861 0.020   -4.7   -4.4 -0.44 -0.013  55   0 08:19:59     44640.34666    0.0000  2022/04/21
132.0000000  32.0000000   30.5662   6166.859 0.025   -4.8   -4.6 -0.44 -0.013  55   0 08:20:59     44640.34735    0.0000  2022/04/21
132.0000000  32.0000000   30.5662   6166.858 0.034   -4.9   -4.7 -0.44 -0.012  55   0 08:21:59     44640.34804    0.0000  2022/04/21
132.0000000  32.0000000   30.3221   6166.860 0.025   -5.0   -4.7 -0.44 -0.012  55   0 08:22:59     44640.34874    0.0000  2022/04/21
132.0000000  32.0000000   30.5662   6166.859 0.022   -5.1   -4.8 -0.44 -0.011  55   0 08:23:59     44640.34943    0.0000  2022/04/21
132.0000000  32.0000000   30.5662   6166.862 0.016   -5.2   -5.0 -0.44 -0.011  55   0 08:24:59     44640.35012    0.0000  2022/04/21
132.0000000  32.0000000   30.3221   6166.861 0.035   -5.3   -5.1 -0.44 -0.010  55   0 08:25:59     44640.35082    0.0000  2022/04/21
132.0000000  32.0000000   30.3221   6166.859 0.016   -5.3   -5.3 -0.44 -0.010  55   0 08:26:59     44640.35151    0.0000  2022/04/21
132.0000000  32.0000000   30.3221   6166.862 0.020   -5.4   -5.4 -0.44 -0.009  55   0 08:27:59     44640.35220    0.0000  2022/04/21
132.0000000  32.0000000   30.0779   6166.864 0.018   -5.5   -5.6 -0.45 -0.009  55   0 08:28:59     44640.35290    0.0000  2022/04/21
132.0000000  32.0000000   30.3221   6166.862 0.018   -5.6   -5.7 -0.45 -0.008  55   0 08:29:59     44640.35359    0.0000  2022/04/21
132.0000000  32.0000000   30.0779   6166.857 0.023   -5.7   -5.8 -0.45 -0.008  55   0 08:30:59     44640.35428    0.0000  2022/04/21
132.0000000  32.0000000   30.0779   6166.860 0.035   -5.8   -5.9 -0.45 -0.007  55   0 08:31:59     44640.35498    0.0000  2022/04/21
132.0000000  32.0000000   30.0779   6166.863 0.038   -5.8   -6.1 -0.45 -0.007  55   0 08:32:59     44640.35567    0.0000  2022/04/21
132.0000000  32.0000000   30.3221   6166.860 0.050   -5.8   -6.2 -0.45 -0.006  55   0 08:33:59     44640.35636    0.0000  2022/04/21
132.0000000  32.0000000   30.0779   6166.861 0.080   -5.9   -6.4 -0.45 -0.006  55   0 08:34:59     44640.35706    0.0000  2022/04/21
132.0000000  32.0000000   30.0779   6166.868 0.122   -6.0   -6.5 -0.45 -0.005  55   0 08:35:59     44640.35775    0.0000  2022/04/21
132.0000000  32.0000000   30.0779   6166.863 0.147   -6.1   -6.7 -0.45 -0.005  55   0 08:36:59     44640.35844    0.0000  2022/04/21
132.0000000  32.0000000   30.0779   6166.860 0.210   -6.2   -6.7 -0.45 -0.004  55   0 08:37:59     44640.35914    0.0000  2022/04/21
132.0000000  32.0000000   30.0779   6166.866 0.076   -6.1   -6.7 -0.45 -0.004  55   0 08:38:59     44640.35983    0.0000  2022/04/21
132.0000000  32.0000000   30.0779   6166.869 0.204   -6.2   -6.8 -0.45 -0.003  55   0 08:39:59     44640.36052    0.0000  2022/04/21
132.0000000  32.0000000   30.0779   6166.859 0.057   -6.3   -7.0 -0.45 -0.003  55   0 08:40:59     44640.36122    0.0000  2022/04/21
132.0000000  32.0000000   30.0779   6166.865 0.085   -6.3   -7.2 -0.45 -0.002  55   0 08:41:59     44640.36191    0.0000  2022/04/21
132.0000000  32.0000000   30.0779   6166.862 0.058   -6.4   -7.3 -0.45 -0.001  55   0 08:42:59     44640.36260    0.0000  2022/04/21
132.0000000  32.0000000   29.8338   6166.861 0.030   -6.4   -7.3 -0.45 -0.001  55   0 08:43:59     44640.36330    0.0000  2022/04/21
132.0000000  32.0000000   29.8338   6166.855 0.080   -6.5   -7.5 -0.45 0.000  55   0 08:44:59     44640.36399    0.0000  2022/04/21
132.0000000  32.0000000   29.8338   6166.858 0.035   -6.5   -7.7 -0.45 0.000  55   0 08:45:59     44640.36468    0.0000  2022/04/21
132.0000000  32.0000000   29.8338   6166.865 0.030   -6.6   -7.7 -0.45 0.000  55   0 08:46:59     44640.36538    0.0000  2022/04/21
132.0000000  32.0000000   29.8338   6166.864 0.060   -6.6   -7.8 -0.45 0.000  55   0 08:47:59     44640.36607    0.0000  2022/04/21
132.0000000  32.0000000   29.5896   6166.858 0.068   -6.6   -8.0 -0.45 0.001  55   0 08:48:59     44640.36676    0.0000  2022/04/21
132.0000000  32.0000000   29.8338   6166.862 0.018   -6.6   -8.0 -0.45 0.001  55   0 08:49:59     44640.36746    0.0000  2022/04/21
132.0000000  32.0000000   28.8572   6166.861 0.023   -6.7   -8.1 -0.45 0.002  55   0 08:51:00     44640.36816    0.0000  2022/04/21
132.0000000  22.0000000   24.9510   6147.572 0.017   -2.0    0.9 -0.38 0.046  55   0 10:24:46     44640.43317    0.0000  2022/04/21
132.0000000  22.0000000   24.9510   6147.572 0.020   -2.1    0.8 -0.39 0.046  55   0 10:25:51     44640.43392    0.0000  2022/04/21
132.0000000  22.0000000   24.7068   6147.570 0.024   -2.2    0.6 -0.40 0.047  55   0 10:26:51     44640.43462    0.0000  2022/04/21
132.0000000  22.0000000   24.4627   6147.572 0.020   -2.4    0.4 -0.41 0.047  55   0 10:27:51     44640.43531    0.0000  2022/04/21
132.0000000  22.0000000   24.2186   6147.572 0.015   -2.5    0.2 -0.42 0.048  55   0 10:28:51     44640.43600    0.0000  2022/04/21
132.0000000  22.0000000   24.2186   6147.572 0.014   -2.7    0.0 -0.43 0.048  55   0 10:29:51     44640.43670    0.0000  2022/04/21
132.0000000  22.0000000   23.9744   6147.572 0.018   -3.0   -0.2 -0.43 0.048  55   0 10:30:51     44640.43739    0.0000  2022/04/21
132.0000000  22.0000000   23.7303   6147.571 0.018   -3.2   -0.5 -0.44 0.049  55   2 10:31:51     44640.43808    0.0000  2022/04/21
132.0000000  22.0000000   23.4861   6147.572 0.011   -3.4   -0.6 -0.45 0.049  55   0 10:32:51     44640.43878    0.0000  2022/04/21
132.0000000  22.0000000   23.4861   6147.572 0.012   -3.6   -0.9 -0.45 0.050  55   0 10:33:51     44640.43947    0.0000  2022/04/21
132.0000000  22.0000000   23.2420   6147.573 0.017   -3.8   -1.2 -0.46 0.050  55   1 10:34:51     44640.44016    0.0000  2022/04/21
132.0000000  22.0000000   22.9979   6147.572 0.014   -4.0   -1.5 -0.46 0.050  55   1 10:35:51     44640.44086    0.0000  2022/04/21
132.0000000  22.0000000   22.9979   6147.573 0.012   -4.5   -1.8 -0.47 0.051  55   0 10:36:51     44640.44155    0.0000  2022/04/21
132.0000000  22.0000000   22.7537   6147.572 0.015   -4.8   -2.1 -0.47 0.051  55   0 10:37:51     44640.44224    0.0000  2022/04/21
132.0000000  22.0000000   22.7537   6147.574 0.012   -5.1   -2.4 -0.47 0.052  55   0 10:38:51     44640.44294    0.0000  2022/04/21
132.0000000  22.0000000   22.5096   6147.573 0.012   -5.4   -2.7 -0.48 0.052  55   0 10:39:51     44640.44363    0.0000  2022/04/21
132.0000000  22.0000000   22.2654   6147.572 0.015   -5.6   -2.9 -0.48 0.052  55   0 10:40:51     44640.44432    0.0000  2022/04/21
132.0000000  22.0000000   22.2654   6147.571 0.012   -5.7   -3.3 -0.48 0.053  55   0 10:41:51     44640.44502    0.0000  2022/04/21
132.0000000  22.0000000   22.0213   6147.572 0.011   -6.1   -3.6 -0.49 0.053  55   0 10:42:51     44640.44571    0.0000  2022/04/21
132.0000000  22.0000000   21.7772   6147.572 0.014   -6.3   -3.9 -0.49 0.054  55   0 10:43:51     44640.44640    0.0000  2022/04/21
132.0000000  22.0000000   22.0213   6147.572 0.011   -6.5   -4.1 -0.49 0.054  55   0 10:44:51     44640.44710    0.0000  2022/04/21
132.0000000  22.0000000   21.7772   6147.571 0.014   -6.7   -4.4 -0.49 0.054  55   0 10:45:51     44640.44779    0.0000  2022/04/21
132.0000000  22.0000000   21.7772   6147.572 0.012   -6.9   -4.8 -0.49 0.055  55   0 10:46:51     44640.44848    0.0000  2022/04/21
132.0000000  22.0000000   21.5330   6147.574 0.011   -7.1   -5.0 -0.50 0.055  55   0 10:47:51     44640.44918    0.0000  2022/04/21
132.0000000  22.0000000   21.2889   6147.571 0.010   -7.2   -5.3 -0.50 0.055  55   0 10:48:51     44640.44987    0.0000  2022/04/21
132.0000000  22.0000000   21.2889   6147.572 0.010   -7.5   -5.6 -0.50 0.056  55   0 10:49:51     44640.45056    0.0000  2022/04/21
132.0000000  22.0000000   21.2889   6147.572 0.009   -7.6   -5.8 -0.50 0.056  55   0 10:50:51     44640.45126    0.0000  2022/04/21
132.0000000  22.0000000   21.0447   6147.573 0.014   -7.9   -6.0 -0.50 0.056  55   0 10:51:51     44640.45195    0.0000  2022/04/21
132.0000000  22.0000000   21.0447   6147.571 0.011   -8.1   -6.3 -0.50 0.057  55   0 10:52:51     44640.45264    0.0000  2022/04/21
132.0000000  22.0000000   20.0682   6147.573 0.012   -8.3   -6.6 -0.50 0.057  55   0 10:53:52     44640.45335    0.0000  2022/04/21
132.0000000  22.0000000   20.5565   6147.572 0.012   -0.9   -1.1 -0.50 0.058  55   0 10:56:47     44640.45537    0.0000  2022/04/21
132.0000000  22.0000000   20.8006   6147.571 0.014   -0.8   -1.0 -0.50 0.059  55   0 10:57:52     44640.45612    0.0000  2022/04/21
132.0000000  22.0000000   20.5565   6147.572 0.013   -0.8   -0.9 -0.50 0.059  55   0 10:58:52     44640.45681    0.0000  2022/04/21
132.0000000  22.0000000   20.5565   6147.573 0.011   -0.7   -0.9 -0.50 0.059  55   0 10:59:52     44640.45751    0.0000  2022/04/21
132.0000000  22.0000000   20.3123   6147.571 0.016   -0.8   -0.9 -0.50 0.060  55   0 11:00:52     44640.45820    0.0000  2022/04/21
132.0000000  22.0000000   20.0682   6147.572 0.014   -0.8   -1.0 -0.51 0.060  55   0 11:01:52     44640.45889    0.0000  2022/04/21
132.0000000  22.0000000   20.3123   6147.573 0.014   -0.8   -1.1 -0.50 0.060  55   0 11:02:52     44640.45959    0.0000  2022/04/21
132.0000000  22.0000000   20.3123   6147.573 0.013   -0.8   -1.3 -0.50 0.061  55   0 11:03:52     44640.46028    0.0000  2022/04/21
132.0000000  22.0000000   20.0682   6147.573 0.009   -0.9   -1.4 -0.51 0.061  55   0 11:04:52     44640.46097    0.0000  2022/04/21
132.0000000  22.0000000   20.0682   6147.572 0.014   -1.0   -1.6 -0.51 0.061  55   0 11:05:52     44640.46167    0.0000  2022/04/21
132.0000000  22.0000000   20.0682   6147.573 0.015   -1.1   -1.7 -0.51 0.062  55   0 11:06:52     44640.46236    0.0000  2022/04/21
132.0000000  22.0000000   20.0682   6147.572 0.013   -1.1   -1.9 -0.51 0.062  55   0 11:07:52     44640.46305    0.0000  2022/04/21
132.0000000  22.0000000   19.8240   6147.572 0.010   -1.1   -2.1 -0.51 0.062  55   0 11:08:52     44640.46375    0.0000  2022/04/21
132.0000000  22.0000000   19.8240   6147.571 0.011   -1.3   -2.2 -0.51 0.063  55   0 11:09:52     44640.46444    0.0000  2022/04/21
132.0000000  22.0000000   19.8240   6147.572 0.011   -1.3   -2.4 -0.51 0.063  55   0 11:10:52     44640.46513    0.0000  2022/04/21
132.0000000  22.0000000   19.8240   6147.572 0.013   -1.4   -2.6 -0.51 0.063  55   0 11:11:52     44640.46583    0.0000  2022/04/21
132.0000000  22.0000000   19.5799   6147.571 0.009   -1.5   -2.7 -0.51 0.064  55   0 11:12:52     44640.46652    0.0000  2022/04/21
132.0000000  22.0000000   19.5799   6147.571 0.016   -1.5   -3.0 -0.51 0.064  55   0 11:13:52     44640.46721    0.0000  2022/04/21
132.0000000  22.0000000   19.8240   6147.571 0.015   -1.6   -3.1 -0.51 0.064  55   0 11:14:52     44640.46791    0.0000  2022/04/21
132.0000000  22.0000000   19.5799   6147.571 0.011   -1.7   -3.3 -0.51 0.064  55   0 11:15:52     44640.46860    0.0000  2022/04/21
132.0000000  22.0000000   19.3358   6147.570 0.013   -1.7   -3.4 -0.51 0.065  55   0 11:16:52     44640.46929    0.0000  2022/04/21
132.0000000  22.0000000   19.5799   6147.571 0.014   -1.7   -3.5 -0.51 0.065  55   0 11:17:52     44640.46999    0.0000  2022/04/21
132.0000000  22.0000000   19.3358   6147.569 0.010   -1.9   -3.7 -0.51 0.065  55   0 11:18:52     44640.47068    0.0000  2022/04/21
132.0000000  22.0000000   19.3358   6147.571 0.013   -1.9   -3.9 -0.51 0.066  55   0 11:19:52     44640.47137    0.0000  2022/04/21
132.0000000  22.0000000   19.5799   6147.570 0.013   -2.0   -4.0 -0.51 0.066  55   0 11:20:52     44640.47207    0.0000  2022/04/21
132.0000000  22.0000000   19.3358   6147.570 0.010   -2.0   -4.2 -0.51 0.066  55   0 11:21:52     44640.47276    0.0000  2022/04/21
132.0000000  22.0000000   19.5799   6147.570 0.013   -2.1   -4.4 -0.51 0.067  55   0 11:22:52     44640.47345    0.0000  2022/04/21
132.0000000  22.0000000   19.0916   6147.570 0.011   -2.2   -4.6 -0.51 0.067  55   0 11:23:52     44640.47415    0.0000  2022/04/21
132.0000000  22.0000000   19.3358   6147.571 0.012   -2.2   -4.7 -0.51 0.067  55   0 11:24:52     44640.47484    0.0000  2022/04/21
132.0000000  22.0000000   18.3592   6147.570 0.015   -2.3   -4.8 -0.51 0.067  55   0 11:25:53     44640.47555    0.0000  2022/04/21
132.0000000  32.0000000   28.3689   6166.842 0.020    0.2   -0.4 -0.28 0.081  55   1 12:53:00     44640.53595    0.0000  2022/04/21
132.0000000  32.0000000   28.3689   6166.842 0.018    0.2   -0.4 -0.29 0.081  55   1 12:54:05     44640.53670    0.0000  2022/04/21
132.0000000  32.0000000   28.3689   6166.845 0.015    0.2   -0.5 -0.30 0.081  55   0 12:55:05     44640.53739    0.0000  2022/04/21
132.0000000  32.0000000   28.3689   6166.843 0.016    0.2   -0.7 -0.32 0.081  55   0 12:56:05     44640.53808    0.0000  2022/04/21
132.0000000  32.0000000   28.3689   6166.844 0.016    0.2   -0.8 -0.33 0.081  55   0 12:57:05     44640.53878    0.0000  2022/04/21
132.0000000  32.0000000   28.6131   6166.842 0.018    0.2   -0.9 -0.34 0.081  55   0 12:58:05     44640.53947    0.0000  2022/04/21
132.0000000  32.0000000   28.6131   6166.843 0.014    0.1   -1.0 -0.35 0.081  55   0 12:59:05     44640.54016    0.0000  2022/04/21
132.0000000  32.0000000   28.6131   6166.844 0.017    0.1   -1.2 -0.36 0.081  55   0 13:00:05     44640.54086    0.0000  2022/04/21
132.0000000  32.0000000   28.6131   6166.842 0.015    0.0   -1.2 -0.37 0.081  55   0 13:01:05     44640.54155    0.0000  2022/04/21
132.0000000  32.0000000   28.6131   6166.842 0.016    0.0   -1.3 -0.38 0.081  55   0 13:02:05     44640.54224    0.0000  2022/04/21
132.0000000  32.0000000   28.6131   6166.842 0.015    0.0   -1.4 -0.39 0.081  55   0 13:03:05     44640.54294    0.0000  2022/04/21
132.0000000  32.0000000   28.6131   6166.843 0.016    0.0   -1.6 -0.39 0.081  55   0 13:04:05     44640.54363    0.0000  2022/04/21
132.0000000  32.0000000   28.6131   6166.843 0.014    0.0   -1.7 -0.40 0.081  55   1 13:05:05     44640.54432    0.0000  2022/04/21
132.0000000  32.0000000   28.6131   6166.842 0.016    0.0   -1.8 -0.41 0.081  55   0 13:06:05     44640.54502    0.0000  2022/04/21
132.0000000  32.0000000   28.6131   6166.843 0.014   -0.1   -1.9 -0.41 0.081  55   0 13:07:05     44640.54571    0.0000  2022/04/21
132.0000000  32.0000000   28.6131   6166.845 0.015    0.0   -2.1 -0.42 0.081  55   0 13:08:05     44640.54640    0.0000  2022/04/21
132.0000000  32.0000000   28.6131   6166.844 0.017   -0.1   -2.2 -0.42 0.081  55   0 13:09:05     44640.54710    0.0000  2022/04/21
132.0000000  32.0000000   28.6131   6166.843 0.016   -0.1   -2.3 -0.42 0.081  55   0 13:10:05     44640.54779    0.0000  2022/04/21
132.0000000  32.0000000   28.6131   6166.843 0.016   -0.1   -2.5 -0.43 0.081  55   0 13:11:05     44640.54848    0.0000  2022/04/21
132.0000000  32.0000000   28.6131   6166.844 0.015   -0.2   -2.6 -0.43 0.081  55   0 13:12:05     44640.54918    0.0000  2022/04/21
132.0000000  32.0000000   28.6131   6166.844 0.017   -0.2   -2.7 -0.43 0.081  55   0 13:13:05     44640.54987    0.0000  2022/04/21
132.0000000  32.0000000   28.6131   6166.843 0.015   -0.3   -2.9 -0.44 0.081  55   0 13:14:05     44640.55056    0.0000  2022/04/21
132.0000000  32.0000000   28.8572   6166.844 0.016   -0.3   -3.0 -0.44 0.081  55   0 13:15:05     44640.55126    0.0000  2022/04/21
132.0000000  32.0000000   28.6131   6166.842 0.017   -0.3   -3.1 -0.44 0.081  55   0 13:16:05     44640.55195    0.0000  2022/04/21
132.0000000  32.0000000   28.6131   6166.843 0.016   -0.4   -3.2 -0.44 0.081  55   0 13:17:05     44640.55264    0.0000  2022/04/21
132.0000000  32.0000000   28.6131   6166.841 0.014   -0.4   -3.3 -0.45 0.081  55   0 13:18:05     44640.55334    0.0000  2022/04/21
132.0000000  32.0000000   28.6131   6166.842 0.014   -0.4   -3.5 -0.45 0.081  55   0 13:19:05     44640.55403    0.0000  2022/04/21
132.0000000  32.0000000   28.6131   6166.842 0.016   -0.4   -3.5 -0.45 0.081  55   0 13:20:05     44640.55472    0.0000  2022/04/21
132.0000000  32.0000000   28.6131   6166.843 0.016   -0.4   -3.7 -0.45 0.081  55   0 13:21:05     44640.55542    0.0000  2022/04/21
132.0000000  32.0000000   28.6131   6166.842 0.014   -0.4   -3.8 -0.45 0.081  55   0 13:22:05     44640.55611    0.0000  2022/04/21
132.0000000  32.0000000   28.8572   6166.843 0.016   -0.4   -3.9 -0.45 0.081  55   0 13:23:05     44640.55680    0.0000  2022/04/21
132.0000000  32.0000000   28.8572   6166.842 0.017   -0.5   -4.1 -0.46 0.081  55   0 13:24:05     44640.55750    0.0000  2022/04/21
132.0000000  32.0000000   28.8572   6166.843 0.013   -0.5   -4.1 -0.46 0.081  55   0 13:25:05     44640.55819    0.0000  2022/04/21
132.0000000  32.0000000   28.8572   6166.842 0.014   -0.5   -4.1 -0.46 0.081  55   0 13:26:05     44640.55888    0.0000  2022/04/21
132.0000000  32.0000000   28.8572   6166.841 0.016   -0.6   -4.3 -0.46 0.081  55   0 13:27:05     44640.55958    0.0000  2022/04/21
132.0000000  32.0000000   28.8572   6166.843 0.016   -0.5   -4.5 -0.46 0.081  55   0 13:28:05     44640.56027    0.0000  2022/04/21
132.0000000  32.0000000   28.8572   6166.841 0.015   -0.6   -4.7 -0.46 0.081  55   0 13:29:05     44640.56096    0.0000  2022/04/21
132.0000000  32.0000000   28.8572   6166.842 0.015   -0.6   -4.8 -0.46 0.081  55   0 13:30:05     44640.56166    0.0000  2022/04/21
132.0000000  32.0000000   28.8572   6166.842 0.016   -0.6   -4.8 -0.46 0.080  55   0 13:31:05     44640.56235    0.0000  2022/04/21
132.0000000  32.0000000   28.8572   6166.842 0.013   -0.7   -4.9 -0.46 0.080  55   0 13:32:05     44640.56304    0.0000  2022/04/21
132.0000000  32.0000000   28.8572   6166.841 0.016   -0.6   -5.0 -0.46 0.080  55   0 13:33:05     44640.56374    0.0000  2022/04/21
132.0000000  32.0000000   28.8572   6166.842 0.016   -0.7   -5.2 -0.46 0.080  55   0 13:34:05     44640.56443    0.0000  2022/04/21
132.0000000  32.0000000   28.8572   6166.841 0.017   -0.6   -5.3 -0.46 0.080  55   0 13:35:05     44640.56512    0.0000  2022/04/21
132.0000000  32.0000000   28.8572   6166.842 0.014   -0.7   -5.4 -0.46 0.080  55   0 13:36:05     44640.56582    0.0000  2022/04/21
132.0000000  32.0000000   28.8572   6166.842 0.015   -0.7   -5.5 -0.47 0.080  55   0 13:37:05     44640.56651    0.0000  2022/04/21
132.0000000  32.0000000   28.8572   6166.842 0.016   -0.6   -5.6 -0.47 0.080  55   0 13:38:05     44640.56720    0.0000  2022/04/21
132.0000000  32.0000000   28.8572   6166.841 0.016   -0.7   -5.7 -0.47 0.080  55   0 13:39:05     44640.56790    0.0000  2022/04/21
132.0000000  32.0000000   28.8572   6166.840 0.014   -0.7   -5.8 -0.47 0.080  55   0 13:40:05     44640.56859    0.0000  2022/04/21
132.0000000  32.0000000   28.8572   6166.841 0.017   -0.7   -5.8 -0.47 0.080  55   0 13:41:05     44640.56928    0.0000  2022/04/21
132.0000000  32.0000000   28.8572   6166.840 0.015   -0.7   -5.9 -0.47 0.079  55   0 13:42:05     44640.56998    0.0000  2022/04/21
132.0000000  32.0000000   28.8572   6166.842 0.018   -0.7   -6.1 -0.47 0.079  55   0 13:43:05     44640.57067    0.0000  2022/04/21
132.0000000  32.0000000   28.8572   6166.840 0.016   -0.7   -6.3 -0.47 0.079  55   0 13:44:05     44640.57136    0.0000  2022/04/21
132.0000000  32.0000000   28.8572   6166.840 0.017   -0.7   -6.4 -0.47 0.079  55   0 13:45:05     44640.57206    0.0000  2022/04/21
132.0000000  32.0000000   28.8572   6166.840 0.014   -0.8   -6.4 -0.47 0.079  55   0 13:46:05     44640.57275    0.0000  2022/04/21
132.0000000  32.0000000   28.8572   6166.840 0.013   -0.7   -6.6 -0.47 0.079  55   0 13:47:05     44640.57344    0.0000  2022/04/21
132.0000000  32.0000000   29.1014   6166.840 0.014   -0.8   -6.6 -0.47 0.079  55   0 13:48:05     44640.57414    0.0000  2022/04/21
132.0000000  32.0000000   28.8572   6166.840 0.014   -0.7   -6.8 -0.47 0.079  55   0 13:49:05     44640.57483    0.0000  2022/04/21
132.0000000  32.0000000   28.8572   6166.840 0.016   -0.7   -6.9 -0.47 0.078  55   0 13:50:05     44640.57552    0.0000  2022/04/21
132.0000000  32.0000000   28.8572   6166.840 0.014   -0.7   -7.0 -0.47 0.078  55   0 13:51:05     44640.57622    0.0000  2022/04/21
132.0000000  32.0000000   28.1248   6166.840 0.014   -0.8   -7.1 -0.47 0.078  55   0 13:52:06     44640.57692    0.0000  2022/04/21
132.0000000  12.0000000   31.7869   6193.331 0.067   -1.9   -1.1 -0.20 0.066  55   1 14:50:10     44640.61718    0.0000  2022/04/21
132.0000000  12.0000000   32.0310   6193.331 0.053   -1.8   -1.2 -0.22 0.066  55   0 14:51:15     44640.61793    0.0000  2022/04/21
132.0000000  12.0000000   31.7869   6193.329 0.107   -1.8   -1.2 -0.24 0.066  55   0 14:52:15     44640.61863    0.0000  2022/04/21
132.0000000  12.0000000   31.7869   6193.331 0.045   -1.7   -1.4 -0.26 0.065  55   0 14:53:15     44640.61932    0.0000  2022/04/21
132.0000000  12.0000000   31.7869   6193.329 0.041   -1.8   -1.6 -0.28 0.065  55   0 14:54:15     44640.62001    0.0000  2022/04/21
132.0000000  12.0000000   31.7869   6193.330 0.029   -1.8   -1.6 -0.29 0.065  55   0 14:55:15     44640.62071    0.0000  2022/04/21
132.0000000  12.0000000   31.7869   6193.329 0.041   -1.8   -1.6 -0.31 0.064  55   0 14:56:15     44640.62140    0.0000  2022/04/21
132.0000000  12.0000000   31.7869   6193.328 0.034   -1.9   -1.7 -0.32 0.064  55   0 14:57:15     44640.62209    0.0000  2022/04/21
132.0000000  12.0000000   31.7869   6193.328 0.037   -2.0   -1.8 -0.33 0.064  55   0 14:58:15     44640.62279    0.0000  2022/04/21
132.0000000  12.0000000   31.7869   6193.329 0.049   -2.1   -1.9 -0.35 0.064  55   0 14:59:15     44640.62348    0.0000  2022/04/21
132.0000000  12.0000000   31.7869   6193.329 0.047   -2.2   -2.0 -0.36 0.063  55   0 15:00:15     44640.62417    0.0000  2022/04/21
132.0000000  12.0000000   31.7869   6193.328 0.073   -2.3   -2.2 -0.36 0.063  55   0 15:01:15     44640.62487    0.0000  2022/04/21
132.0000000  12.0000000   31.7869   6193.331 0.042   -2.3   -2.1 -0.37 0.063  55   0 15:02:15     44640.62556    0.0000  2022/04/21
132.0000000  12.0000000   31.7869   6193.333 0.064   -2.4   -2.1 -0.38 0.062  55   2 15:03:15     44640.62625    0.0000  2022/04/21
132.0000000  12.0000000   31.5428   6193.330 0.062   -2.5   -2.3 -0.39 0.062  55   2 15:04:15     44640.62695    0.0000  2022/04/21
132.0000000  12.0000000   31.5428   6193.325 0.049   -2.4   -2.4 -0.39 0.062  55   1 15:05:15     44640.62764    0.0000  2022/04/21
132.0000000  12.0000000   31.5428   6193.329 0.047   -2.6   -2.4 -0.40 0.061  55   0 15:06:15     44640.62833    0.0000  2022/04/21
132.0000000  12.0000000   31.5428   6193.330 0.038   -2.6   -2.5 -0.41 0.061  55   0 15:07:15     44640.62903    0.0000  2022/04/21
132.0000000  12.0000000   31.7869   6193.328 0.053   -2.7   -2.6 -0.41 0.061  55   1 15:08:15     44640.62972    0.0000  2022/04/21
132.0000000  12.0000000   31.5428   6193.330 0.044   -2.6   -2.8 -0.41 0.060  55   0 15:09:15     44640.63041    0.0000  2022/04/21
132.0000000  12.0000000   31.5428   6193.329 0.049   -2.8   -2.8 -0.42 0.060  55   0 15:10:15     44640.63111    0.0000  2022/04/21
132.0000000  12.0000000   31.5428   6193.329 0.035   -2.8   -2.9 -0.42 0.060  55   0 15:11:15     44640.63180    0.0000  2022/04/21
132.0000000  12.0000000   31.5428   6193.327 0.046   -2.9   -3.0 -0.43 0.060  55   0 15:12:15     44640.63249    0.0000  2022/04/21
132.0000000  12.0000000   31.5428   6193.329 0.039   -2.9   -3.2 -0.43 0.059  55   0 15:13:15     44640.63319    0.0000  2022/04/21
132.0000000  12.0000000   31.5428   6193.329 0.034   -3.0   -3.2 -0.43 0.059  55   0 15:14:15     44640.63388    0.0000  2022/04/21
132.0000000  12.0000000   31.5428   6193.328 0.030   -3.0   -3.4 -0.44 0.059  55   0 15:15:15     44640.63457    0.0000  2022/04/21
132.0000000  12.0000000   31.5428   6193.329 0.036   -3.1   -3.5 -0.44 0.058  55   0 15:16:15     44640.63527    0.0000  2022/04/21
132.0000000  12.0000000   31.5428   6193.329 0.035   -3.1   -3.6 -0.44 0.058  55   0 15:17:15     44640.63596    0.0000  2022/04/21
132.0000000  12.0000000   31.5428   6193.329 0.028   -3.2   -3.7 -0.44 0.058  55   0 15:18:15     44640.63665    0.0000  2022/04/21
132.0000000  12.0000000   31.5428   6193.330 0.035   -3.2   -3.8 -0.44 0.057  55   0 15:19:15     44640.63735    0.0000  2022/04/21
132.0000000  12.0000000   31.5428   6193.328 0.035   -3.2   -4.0 -0.44 0.057  55   0 15:20:15     44640.63804    0.0000  2022/04/21
132.0000000  12.0000000   31.5428   6193.329 0.032   -3.3   -4.1 -0.44 0.057  55   0 15:21:15     44640.63873    0.0000  2022/04/21
132.0000000  12.0000000   31.5428   6193.329 0.038   -3.3   -4.3 -0.44 0.056  55   0 15:22:15     44640.63943    0.0000  2022/04/21
132.0000000  12.0000000   31.5428   6193.329 0.039   -3.3   -4.4 -0.45 0.056  55   0 15:23:15     44640.64012    0.0000  2022/04/21
132.0000000  12.0000000   31.5428   6193.329 0.031   -3.4   -4.5 -0.45 0.056  55   0 15:24:15     44640.64081    0.0000  2022/04/21
132.0000000  12.0000000   31.5428   6193.329 0.033   -3.5   -4.7 -0.45 0.055  55   0 15:25:15     44640.64151    0.0000  2022/04/21
132.0000000  12.0000000   31.5428   6193.328 0.037   -3.4   -4.8 -0.45 0.055  55   0 15:26:15     44640.64220    0.0000  2022/04/21
132.0000000  12.0000000   31.2986   6193.328 0.059   -3.4   -4.8 -0.45 0.054  55   0 15:27:15     44640.64289    0.0000  2022/04/21
132.0000000  12.0000000   31.5428   6193.330 0.096   -3.4   -5.0 -0.45 0.054  55   7 15:28:15     44640.64359    0.0000  2022/04/21
132.0000000  12.0000000   31.5428   6193.327 0.053   -3.5   -5.2 -0.45 0.054  55   0 15:29:15     44640.64428    0.0000  2022/04/21
132.0000000  12.0000000   31.5428   6193.327 0.034   -3.6   -5.3 -0.45 0.053  55   0 15:30:15     44640.64497    0.0000  2022/04/21
132.0000000  12.0000000   31.5428   6193.328 0.031   -3.6   -5.4 -0.45 0.053  55   0 15:31:15     44640.64567    0.0000  2022/04/21
132.0000000  12.0000000   31.5428   6193.329 0.038   -3.6   -5.4 -0.45 0.053  55   0 15:32:15     44640.64636    0.0000  2022/04/21
132.0000000  12.0000000   31.5428   6193.325 0.035   -3.7   -5.6 -0.45 0.052  55   0 15:33:15     44640.64705    0.0000  2022/04/21
132.0000000  12.0000000   31.5428   6193.327 0.033   -3.7   -5.7 -0.45 0.052  55   0 15:34:15     44640.64775    0.0000  2022/04/21
132.0000000  12.0000000   31.5428   6193.324 0.039   -3.7   -5.8 -0.45 0.052  55   1 15:35:15     44640.64844    0.0000  2022/04/21
132.0000000  12.0000000   31.2986   6193.327 0.037   -3.7   -5.9 -0.45 0.051  55   0 15:36:15     44640.64913    0.0000  2022/04/21
132.0000000  12.0000000   31.5428   6193.327 0.037   -3.8   -6.1 -0.45 0.051  55   0 15:37:15     44640.64983    0.0000  2022/04/21
132.0000000  12.0000000   31.5428   6193.327 0.028   -3.8   -6.2 -0.45 0.051  55   0 15:38:15     44640.65052    0.0000  2022/04/21
132.0000000  12.0000000   31.5428   6193.326 0.041   -3.8   -6.3 -0.45 0.050  55   0 15:39:15     44640.65121    0.0000  2022/04/21
132.0000000  12.0000000   31.2986   6193.327 0.033   -3.8   -6.4 -0.45 0.050  55   0 15:40:15     44640.65191    0.0000  2022/04/21
132.0000000  12.0000000   31.5428   6193.327 0.028   -3.8   -6.6 -0.45 0.049  55   0 15:41:15     44640.65260    0.0000  2022/04/21
132.0000000  12.0000000   31.2986   6193.327 0.035   -3.9   -6.6 -0.46 0.049  55   0 15:42:15     44640.65329    0.0000  2022/04/21
132.0000000  12.0000000   31.5428   6193.328 0.075   -4.0   -6.8 -0.45 0.049  55   3 15:43:15     44640.65399    0.0000  2022/04/21
132.0000000  12.0000000   31.5428   6193.329 0.031   -4.0   -6.8 -0.46 0.048  55   0 15:44:15     44640.65468    0.0000  2022/04/21
132.0000000  12.0000000   31.5428   6193.327 0.025   -3.9   -6.9 -0.46 0.048  55   0 15:45:15     44640.65537    0.0000  2022/04/21
132.0000000  12.0000000   31.5428   6193.330 0.041   -3.9   -7.0 -0.46 0.048  55   1 15:46:15     44640.65607    0.0000  2022/04/21
132.0000000  12.0000000   31.2986   6193.327 0.040   -3.9   -7.1 -0.46 0.047  55   0 15:47:15     44640.65676    0.0000  2022/04/21
132.0000000  12.0000000   31.2986   6193.328 0.035   -3.9   -7.2 -0.46 0.047  55   0 15:48:15     44640.65745    0.0000  2022/04/21
132.0000000  12.0000000   30.3221   6193.328 0.031   -3.9   -7.3 -0.46 0.046  55   0 15:49:16     44640.65816    0.0000  2022/04/21