/		CG-6 Survey
/		Survey Name:	MAIN-ZVEB
/		Instrument Serial Number:	000000022090468
/		Created:	2023-04-18 06:05:10
/
/		CG-6 Calibration
/		Operator:	VSB
/		Gcal1 [mGal]:	8009.604000
/		Goff [ADU]:	-8388608.000000
/		Gref [mGal]:	0.0000
/		X Scale [arc-sec/ADU]:	0.030806
/		Y Scale [arc-sec/ADU]:	0.030639
/		X Offset [ADU]:	-161936.653023
/		Y Offset [ADU]:	-219406.324612
/		Temperature Coefficient [mGal/mK]:	-0.125000
/		Temperature Scale [mK/ADU]:	-0.000111
/		Drift Rate [mGal/day]:	0.006250
/		Drift Zero Time:	2023-02-13 12:00:00
/		Firmware Version:	CG6_2_20220815
/
/Station	Date	Time	CorrGrav	Line	StdDev	StdErr	RawGrav	X	Y	SensorTemp	TideCorr	TiltCorr	TempCorr	DriftCorr	MeasurDur	InstrHeight	LatUser	LonUser	ElevUser	LatGPS	LonGPS	ElevGPS	Corrections[drift-temp-na-tide-tilt]
1	2023-04-18	06:05:10	5742.9870	2	0.0093	0.0012	5743.0560	0.7	1.5	2.8898	-0.0317	0.0001	0.3611	-0.3985	60	0.000	55.780838	37.639160	185.10	55.780918	37.639297	186.2	11011
1	2023-04-18	06:06:10	5742.9881	2	0.0090	0.0012	5743.0569	0.5	2.6	2.8859	-0.0313	0.0001	0.3609	-0.3985	60	0.000	55.780838	37.639160	185.10	55.781315	37.639103	183.8	11011
1	2023-04-18	06:07:10	5742.9896	2	0.0087	0.0011	5743.0580	0.9	2.1	2.8843	-0.0309	0.0001	0.3608	-0.3985	60	0.000	55.780838	37.639160	185.10	55.781155	37.639160	185.7	11011
1	2023-04-18	06:08:10	5742.9878	2	0.0090	0.0012	5743.0559	2.1	2.9	2.8775	-0.0305	0.0001	0.3607	-0.3985	60	0.000	55.780838	37.639160	185.10	55.781162	37.638802	186.5	11011
1	2023-04-18	06:09:10	5742.9877	2	0.0107	0.0014	5743.0557	2.0	2.5	2.8873	-0.0300	0.0002	0.3604	-0.3985	60	0.000	55.780838	37.639160	185.10	55.781307	37.638962	190.3	11011
1	2023-04-18	06:10:10	5742.9826	2	0.0116	0.0015	5743.0502	2.2	1.1	2.8819	-0.0296	0.0001	0.3604	-0.3985	60	0.000	55.780838	37.639160	185.10	55.781307	37.639050	193.1	11011
1	2023-04-18	06:11:10	5742.9838	2	0.0110	0.0014	5743.0513	1.6	-0.1	2.8830	-0.0292	0.0001	0.3602	-0.3985	60	0.000	55.780838	37.639160	185.10	55.780926	37.639278	193.5	11011
1	2023-04-18	06:12:10	5742.9857	2	0.0096	0.0012	5743.0527	2.3	0.1	2.8905	-0.0288	0.0001	0.3602	-0.3985	60	0.000	55.780838	37.639160	185.10	55.780983	37.639297	196.4	11011
1	2023-04-18	06:13:10	5742.9866	2	0.0120	0.0016	5743.0532	2.5	1.4	2.8828	-0.0284	0.0001	0.3602	-0.3985	60	0.000	55.780838	37.639160	185.10	55.780991	37.639259	197.2	11011
1	2023-04-18	06:14:10	5742.9835	2	0.0112	0.0014	5743.0496	2.8	1.6	2.8888	-0.0280	0.0002	0.3602	-0.3985	60	0.000	55.780838	37.639160	185.10	55.780704	37.639229	196.8	11011
1	2023-04-18	06:15:10	5742.9866	2	0.0091	0.0012	5743.0524	3.5	1.3	2.8787	-0.0276	0.0002	0.3601	-0.3985	60	0.000	55.780838	37.639160	185.10	55.780994	37.639240	196.5	11011
1	2023-04-18	06:16:10	5742.9863	2	0.0099	0.0013	5743.0518	3.6	0.8	2.8793	-0.0272	0.0002	0.3600	-0.3985	60	0.000	55.780838	37.639160	185.10	55.781136	37.639133	198.3	11011
1	2023-04-18	06:17:10	5742.9857	2	0.0112	0.0014	5743.0510	3.0	0.1	2.8824	-0.0268	0.0001	0.3599	-0.3985	60	0.000	55.780838	37.639160	185.10	55.781128	37.639153	202.2	11011
1	2023-04-18	06:18:10	5742.9854	2	0.0065	0.0008	5743.0503	4.4	0.7	2.8816	-0.0264	0.0002	0.3597	-0.3985	60	0.000	55.780838	37.639160	185.10	55.781071	37.639217	202.4	11011
1	2023-04-18	06:19:10	5742.9849	2	0.0088	0.0011	5743.0493	4.0	0.0	2.8769	-0.0260	0.0002	0.3599	-0.3985	60	0.000	55.780838	37.639160	185.10	55.781155	37.639275	204.3	11011
1	2023-04-18	06:20:10	5742.9855	2	0.0090	0.0012	5743.0495	2.9	-2.0	2.8858	-0.0256	0.0002	0.3599	-0.3985	60	0.000	55.780838	37.639160	185.10	55.781143	37.639133	208.3	11011
1	2023-04-18	06:21:10	5742.9863	2	0.0088	0.0011	5743.0502	2.6	-1.2	2.8771	-0.0252	0.0001	0.3598	-0.3985	60	0.000	55.780838	37.639160	185.10	55.781300	37.639057	209.9	11011
1	2023-04-18	06:22:10	5742.9883	2	0.0088	0.0011	5743.0517	3.4	-0.5	2.8783	-0.0248	0.0001	0.3598	-0.3985	60	0.000	55.780838	37.639160	185.10	55.781067	37.639351	210.7	11011
1	2023-04-18	06:23:10	5742.9880	2	0.0107	0.0014	5743.0509	2.2	0.5	2.8793	-0.0244	0.0001	0.3599	-0.3985	60	0.000	55.780838	37.639160	185.10	55.781029	37.639217	210.4	11011
1	2023-04-18	06:24:10	5742.9880	2	0.0095	0.0012	5743.0506	2.4	-0.7	2.8849	-0.0240	0.0001	0.3598	-0.3985	60	0.000	55.780838	37.639160	185.10	55.781109	37.639198	210.2	11011
1	2023-04-18	06:25:10	5742.9874	2	0.0079	0.0010	5743.0500	1.7	-1.3	2.8818	-0.0236	0.0001	0.3595	-0.3985	60	0.000	55.780838	37.639160	185.10	55.780907	37.639278	209.4	11011
1	2023-04-18	06:26:10	5742.9886	2	0.0100	0.0013	5743.0507	1.2	-1.4	2.8771	-0.0232	0.0000	0.3596	-0.3985	60	0.000	55.780838	37.639160	185.10	55.780918	37.639286	209.6	11011
1	2023-04-18	06:27:10	5742.9862	2	0.0094	0.0012	5743.0480	2.5	-1.7	2.8735	-0.0228	0.0002	0.3595	-0.3986	60	0.000	55.780838	37.639160	185.10	55.781021	37.639198	209.9	11011
1	2023-04-18	06:28:10	5742.9850	2	0.0100	0.0013	5743.0463	2.5	-1.7	2.8695	-0.0225	0.0002	0.3595	-0.3986	60	0.000	55.780838	37.639160	185.10	55.781166	37.639122	209.8	11011
1	2023-04-18	06:29:10	5742.9857	2	0.0090	0.0012	5743.0467	1.1	-1.3	2.8732	-0.0221	0.0001	0.3595	-0.3986	60	0.000	55.780838	37.639160	185.10	55.781231	37.639439	209.8	11011
1	2023-04-18	06:30:10	5742.9848	2	0.0077	0.0010	5743.0456	1.9	-0.3	2.8776	-0.0217	0.0001	0.3593	-0.3986	60	0.000	55.780838	37.639160	185.10	55.781395	37.638893	209.7	11011
1	2023-04-18	06:31:10	5742.9856	2	0.0109	0.0014	5743.0461	2.4	-0.6	2.8755	-0.0213	0.0001	0.3593	-0.3986	60	0.000	55.780838	37.639160	185.10	55.782478	37.638840	209.7	11011
1	2023-04-18	06:32:10	5742.9825	2	0.0091	0.0012	5743.0425	1.7	-1.1	2.8766	-0.0209	0.0001	0.3594	-0.3986	60	0.000	55.780838	37.639160	185.10	--	--	--	11011
1	2023-04-18	06:33:10	5742.9839	2	0.0107	0.0014	5743.0436	1.6	-1.3	2.8687	-0.0206	0.0001	0.3594	-0.3986	60	0.000	55.780838	37.639160	185.10	55.781086	37.639133	211.6	11011
1	2023-04-18	06:34:10	5742.9830	2	0.0077	0.0010	5743.0422	2.4	-0.8	2.8736	-0.0202	0.0001	0.3595	-0.3986	60	0.000	55.780838	37.639160	185.10	55.780895	37.639236	214.9	11011
1	2023-04-18	06:35:10	5742.9818	2	0.0116	0.0015	5743.0409	2.5	-0.1	2.8707	-0.0198	0.0001	0.3591	-0.3986	60	0.000	55.780838	37.639160	185.10	55.781212	37.638779	214.6	11011
1	2023-04-18	06:36:10	5742.9827	2	0.0112	0.0015	5743.0414	-0.4	2.0	2.8737	-0.0194	0.0001	0.3593	-0.3986	60	0.000	55.780838	37.639160	185.10	55.781460	37.638306	213.4	11011
1	2023-04-18	06:37:10	5742.9820	2	0.0098	0.0013	5743.0403	-0.8	1.3	2.8741	-0.0191	0.0000	0.3593	-0.3986	60	0.000	55.780838	37.639160	185.10	55.781086	37.639153	214.5	11011
1	2023-04-18	06:38:10	5742.9819	2	0.0087	0.0011	5743.0400	-0.2	0.8	2.8756	-0.0187	0.0000	0.3591	-0.3986	60	0.000	55.780838	37.639160	185.10	55.781269	37.639259	214.7	11011
1	2023-04-18	06:39:10	5742.9793	2	0.0103	0.0013	5743.0369	-0.2	1.4	2.8707	-0.0183	0.0000	0.3593	-0.3986	60	0.000	55.780838	37.639160	185.10	55.781052	37.639336	214.7	11011
1	2023-04-18	06:40:10	5742.9800	2	0.0085	0.0011	5743.0374	-0.1	1.2	2.8710	-0.0180	0.0001	0.3591	-0.3986	60	0.000	55.780838	37.639160	185.10	55.781010	37.639488	214.6	11011
1	2023-04-18	06:41:10	5742.9825	2	0.0118	0.0015	5743.0395	-1.2	0.5	2.8708	-0.0176	0.0000	0.3592	-0.3986	60	0.000	55.780838	37.639160	185.10	55.781307	37.639076	215.5	11011
1	2023-04-18	06:42:10	5742.9812	2	0.0077	0.0010	5743.0378	0.8	0.2	2.8746	-0.0172	0.0000	0.3592	-0.3986	60	0.000	55.780838	37.639160	185.10	--	--	--	11011
1	2023-04-18	06:43:10	5742.9837	2	0.0071	0.0009	5743.0400	0.6	-1.6	2.8728	-0.0169	0.0001	0.3591	-0.3986	60	0.000	55.780838	37.639160	185.10	55.780308	37.640278	216.4	11011
1	2023-04-18	06:44:10	5742.9826	2	0.0086	0.0011	5743.0386	1.2	0.9	2.8646	-0.0165	0.0001	0.3591	-0.3986	60	0.000	55.780838	37.639160	185.10	--	--	--	11011
1	2023-04-18	06:45:10	5742.9816	2	0.0093	0.0012	5743.0373	0.7	0.8	2.8684	-0.0162	0.0001	0.3591	-0.3986	60	0.000	55.780838	37.639160	185.10	--	--	--	11011
1	2023-04-18	06:46:10	5742.9816	2	0.0086	0.0011	5743.0371	0.0	-0.9	2.8734	-0.0158	0.0000	0.3589	-0.3986	60	0.000	55.780838	37.639160	185.10	--	--	--	11011
1	2023-04-18	06:47:10	5742.9825	2	0.0102	0.0013	5743.0376	0.3	-0.6	2.8719	-0.0155	0.0000	0.3591	-0.3986	60	0.000	55.780838	37.639160	185.10	55.781029	37.639332	216.2	11011
1	2023-04-18	06:48:10	5742.9811	2	0.0118	0.0015	5743.0359	1.1	-1.0	2.8721	-0.0151	0.0001	0.3589	-0.3986	60	0.000	55.780838	37.639160	185.10	55.781029	37.639179	217.3	11011
1	2023-04-18	06:49:10	5742.9821	2	0.0071	0.0009	5743.0366	1.7	0.4	2.8728	-0.0148	0.0001	0.3589	-0.3986	60	0.000	55.780838	37.639160	185.10	55.781281	37.639114	217.1	11011
1	2023-04-18	06:50:10	5742.9833	2	0.0086	0.0011	5743.0374	1.2	1.4	2.8695	-0.0144	0.0001	0.3589	-0.3987	60	0.000	55.780838	37.639160	185.10	55.781124	37.639236	216.7	11011
1	2023-04-18	06:51:10	5742.9818	2	0.0075	0.0010	5743.0356	2.4	-1.0	2.8680	-0.0141	0.0001	0.3588	-0.3987	60	0.000	55.780838	37.639160	185.10	55.781277	37.639145	217.0	11011
1	2023-04-18	06:52:10	5742.9839	2	0.0093	0.0012	5743.0373	1.9	-0.5	2.8713	-0.0138	0.0001	0.3589	-0.3987	60	0.000	55.780838	37.639160	185.10	55.780964	37.639141	217.2	11011
1	2023-04-18	06:53:10	5742.9812	2	0.0091	0.0012	5743.0344	0.2	-0.3	2.8681	-0.0134	0.0000	0.3588	-0.3987	60	0.000	55.780838	37.639160	185.10	55.780918	37.639374	216.7	11011
1	2023-04-18	06:54:10	5742.9815	2	0.0113	0.0015	5743.0342	0.5	-1.1	2.8737	-0.0131	0.0001	0.3589	-0.3987	60	0.000	55.780838	37.639160	185.10	55.780937	37.639431	216.3	11011
1	2023-04-18	06:55:10	5742.9844	2	0.0077	0.0010	5743.0369	-0.1	-0.8	2.8755	-0.0128	0.0000	0.3589	-0.3987	60	0.000	55.780838	37.639160	185.10	55.781071	37.639381	215.3	11011
1	2023-04-18	06:56:10	5742.9827	2	0.0096	0.0012	5743.0349	0.6	-0.2	2.8742	-0.0124	0.0000	0.3588	-0.3987	60	0.000	55.780838	37.639160	185.10	55.781200	37.639523	218.1	11011
1	2023-04-18	06:57:10	5742.9831	2	0.0113	0.0015	5743.0350	0.9	-1.2	2.8670	-0.0121	0.0001	0.3588	-0.3987	60	0.000	55.780838	37.639160	185.10	55.781021	37.639675	217.5	11011
1	2023-04-18	06:58:10	5742.9823	2	0.0108	0.0014	5743.0340	1.6	-1.3	2.8676	-0.0118	0.0001	0.3588	-0.3987	60	0.000	55.780838	37.639160	185.10	55.781193	37.639317	216.2	11011
1	2023-04-18	06:59:10	5742.9824	2	0.0106	0.0014	5743.0337	1.8	-1.4	2.8713	-0.0115	0.0001	0.3587	-0.3987	60	0.000	55.780838	37.639160	185.10	55.781460	37.639236	215.4	11011
1	2023-04-18	07:00:10	5742.9808	2	0.0097	0.0013	5743.0317	1.2	-1.3	2.8703	-0.0111	0.0001	0.3588	-0.3987	60	0.000	55.780838	37.639160	185.10	55.780792	37.640163	214.8	11011
1	2023-04-18	07:01:10	5742.9817	2	0.0097	0.0012	5743.0325	0.8	-0.7	2.8708	-0.0108	0.0000	0.3587	-0.3987	60	0.000	55.780838	37.639160	185.10	55.781582	37.639732	220.3	11011
1	2023-04-18	07:02:10	5742.9834	2	0.0100	0.0013	5743.0338	2.1	-0.5	2.8668	-0.0105	0.0001	0.3587	-0.3987	60	0.000	55.780838	37.639160	185.10	55.780956	37.639126	218.7	11011
1	2023-04-18	07:03:10	5742.9810	2	0.0091	0.0012	5743.0312	1.0	0.8	2.8652	-0.0102	0.0000	0.3586	-0.3987	60	0.000	55.780838	37.639160	185.10	55.781067	37.639313	216.3	11011
1	2023-04-18	07:04:10	5742.9821	2	0.0093	0.0012	5743.0319	2.4	-0.7	2.8704	-0.0099	0.0001	0.3587	-0.3987	60	0.000	55.780838	37.639160	185.10	55.781071	37.639160	213.8	11011
21	2023-04-18	09:08:07	5720.3951	2	0.0100	0.0013	5720.4307	-1.5	3.0	2.8691	0.0043	0.0002	0.3592	-0.3993	60	0.000	55.780838	37.639160	185.10	55.699406	36.757668	208.9	11011
21	2023-04-18	09:09:07	5720.3934	2	0.0116	0.0015	5720.4295	-2.5	2.4	2.8704	0.0042	0.0001	0.3588	-0.3993	60	0.000	55.780838	37.639160	185.10	55.699661	36.757656	204.8	11011
21	2023-04-18	09:10:07	5720.3974	2	0.0111	0.0014	5720.4341	-3.2	2.9	2.8598	0.0041	0.0002	0.3583	-0.3993	60	0.000	55.780838	37.639160	185.10	55.699425	36.757904	203.7	11011
21	2023-04-18	09:11:07	5720.3966	2	0.0108	0.0014	5720.4337	-3.3	4.5	2.8586	0.0040	0.0004	0.3578	-0.3993	60	0.000	55.780838	37.639160	185.10	55.699291	36.757778	203.4	11011
21	2023-04-18	09:12:07	5720.3931	2	0.0088	0.0011	5720.4308	-3.2	3.9	2.8584	0.0039	0.0003	0.3574	-0.3993	60	0.000	55.780838	37.639160	185.10	55.699718	36.757572	204.6	11011
21	2023-04-18	09:13:07	5720.3941	2	0.0119	0.0015	5720.4318	-4.4	4.2	2.8586	0.0038	0.0006	0.3572	-0.3993	60	0.000	55.780838	37.639160	185.10	55.699493	36.757687	202.9	11011
21	2023-04-18	09:14:07	5720.3950	2	0.0112	0.0014	5720.4337	-4.2	3.2	2.8529	0.0037	0.0003	0.3566	-0.3993	60	0.000	55.780838	37.639160	185.10	55.699528	36.757607	202.3	11011
21	2023-04-18	09:15:07	5720.3961	2	0.0120	0.0015	5720.4351	-4.1	4.6	2.8496	0.0035	0.0005	0.3563	-0.3993	60	0.000	55.780838	37.639160	185.10	55.698826	36.758286	199.1	11011
21	2023-04-18	09:16:07	5720.3950	2	0.0106	0.0014	5720.4345	-3.7	4.3	2.8449	0.0034	0.0004	0.3560	-0.3993	60	0.000	55.780838	37.639160	185.10	55.699718	36.757401	195.3	11011
21	2023-04-18	09:17:07	5720.3972	2	0.0097	0.0012	5720.4373	-3.6	2.9	2.8429	0.0033	0.0003	0.3555	-0.3993	60	0.000	55.780838	37.639160	185.10	55.699615	36.757835	193.6	11011
21	2023-04-18	09:18:07	5720.3952	2	0.0086	0.0011	5720.4358	-4.5	2.3	2.8450	0.0032	0.0003	0.3553	-0.3993	60	0.000	55.780838	37.639160	185.10	55.699547	36.757778	193.6	11011
21	2023-04-18	09:19:07	5720.3943	2	0.0075	0.0010	5720.4348	-5.1	4.0	2.8320	0.0030	0.0006	0.3551	-0.3993	60	0.000	55.780838	37.639160	185.10	55.700111	36.758190	192.9	11011
21	2023-04-18	09:20:07	5720.3959	2	0.0108	0.0014	5720.4370	-6.0	4.1	2.8289	0.0029	0.0007	0.3547	-0.3993	60	0.000	55.780838	37.639160	185.10	55.699512	36.758343	192.4	11011
21	2023-04-18	09:21:07	5720.3970	2	0.0108	0.0014	5720.4386	-5.4	3.4	2.8366	0.0027	0.0005	0.3545	-0.3993	60	0.000	55.780838	37.639160	185.10	55.699577	36.757504	193.6	11011
21	2023-04-18	09:22:07	5720.3979	2	0.0100	0.0013	5720.4396	-5.3	4.9	2.8284	0.0026	0.0007	0.3543	-0.3993	60	0.000	55.780838	37.639160	185.10	55.699455	36.757732	194.2	11011
21	2023-04-18	09:23:07	5720.3948	2	0.0097	0.0013	5720.4369	-5.1	5.3	2.8336	0.0025	0.0008	0.3539	-0.3993	60	0.000	55.780838	37.639160	185.10	55.699661	36.757553	193.6	11011
21	2023-04-18	09:24:07	5720.3939	2	0.0092	0.0012	5720.4366	-5.1	5.3	2.8278	0.0023	0.0006	0.3537	-0.3993	60	0.000	55.780838	37.639160	185.10	55.699837	36.757759	194.7	11011
21	2023-04-18	09:25:07	5720.3948	2	0.0116	0.0015	5720.4378	-6.2	5.1	2.8286	0.0022	0.0009	0.3534	-0.3993	60	0.000	55.780838	37.639160	185.10	55.699718	36.757610	194.3	11011
21	2023-04-18	09:26:07	5720.3934	2	0.0091	0.0012	5720.4367	-6.0	5.3	2.8234	0.0020	0.0007	0.3533	-0.3993	60	0.000	55.780838	37.639160	185.10	55.699444	36.757645	193.4	11011
21	2023-04-18	09:27:07	5720.3930	2	0.0091	0.0012	5720.4365	-6.8	5.7	2.8245	0.0018	0.0008	0.3532	-0.3993	60	0.000	55.780838	37.639160	185.10	55.699635	36.757542	193.4	11011
21	2023-04-18	09:28:07	5720.3933	2	0.0095	0.0012	5720.4371	-7.0	6.4	2.8172	0.0017	0.0010	0.3529	-0.3993	60	0.000	55.780838	37.639160	185.10	55.699806	36.757809	193.8	11011
21	2023-04-18	09:29:07	5720.3959	2	0.0117	0.0015	5720.4401	-6.3	6.0	2.8197	0.0015	0.0008	0.3528	-0.3993	60	0.000	55.780838	37.639160	185.10	55.699512	36.757626	193.6	11011
21	2023-04-18	09:30:07	5720.3951	2	0.0109	0.0014	5720.4397	-6.3	6.0	2.8234	0.0013	0.0009	0.3525	-0.3993	60	0.000	55.780838	37.639160	185.10	55.699387	36.757645	193.4	11011
21	2023-04-18	09:31:07	5720.3961	2	0.0083	0.0011	5720.4411	-4.3	6.8	2.8157	0.0012	0.0009	0.3523	-0.3994	60	0.000	55.780838	37.639160	185.10	55.699818	36.757790	192.3	11011
21	2023-04-18	09:32:07	5720.3937	2	0.0114	0.0015	5720.4388	-5.8	6.7	2.8146	0.0010	0.0010	0.3523	-0.3994	60	0.000	55.780838	37.639160	185.10	55.699528	36.757626	191.8	11011
21	2023-04-18	09:33:07	5720.3932	2	0.0100	0.0013	5720.4384	-5.4	8.1	2.8145	0.0008	0.0012	0.3521	-0.3994	60	0.000	55.780838	37.639160	185.10	55.699635	36.757694	190.4	11011
21	2023-04-18	09:34:07	5720.3952	2	0.0092	0.0012	5720.4411	-5.2	7.7	2.8230	0.0006	0.0011	0.3517	-0.3994	60	0.000	55.780838	37.639160	185.10	55.699703	36.757553	186.0	11011
21	2023-04-18	09:35:07	5720.3941	2	0.0125	0.0016	5720.4406	-4.2	6.5	2.8154	0.0004	0.0007	0.3516	-0.3994	60	0.000	55.780838	37.639160	185.10	55.699589	36.757458	180.9	11011
21	2023-04-18	09:36:07	5720.3940	2	0.0099	0.0013	5720.4407	-4.8	6.7	2.8134	0.0003	0.0008	0.3515	-0.3994	60	0.000	55.780838	37.639160	185.10	55.699482	36.757732	172.1	11011
21	2023-04-18	09:37:07	5720.3928	2	0.0096	0.0012	5720.4398	-5.2	5.9	2.8126	0.0001	0.0008	0.3515	-0.3994	60	0.000	55.780838	37.639160	185.10	55.699455	36.757713	168.6	11011
21	2023-04-18	09:38:07	5720.3920	2	0.0098	0.0013	5720.4395	-4.4	6.9	2.8078	-0.0001	0.0008	0.3512	-0.3994	60	0.000	55.780838	37.639160	185.10	55.699413	36.757553	163.3	11011
21	2023-04-18	09:39:07	5720.3930	2	0.0096	0.0012	5720.4406	-5.3	7.2	2.8106	-0.0003	0.0010	0.3511	-0.3994	60	0.000	55.780838	37.639160	185.10	55.699436	36.757675	162.6	11011
21	2023-04-18	09:40:07	5720.3918	2	0.0095	0.0012	5720.4400	-4.9	6.9	2.8094	-0.0005	0.0008	0.3509	-0.3994	60	0.000	55.780838	37.639160	185.10	55.699379	36.758030	162.3	11011
21	2023-04-18	09:41:07	5720.3947	2	0.0096	0.0012	5720.4434	-5.2	6.4	2.7989	-0.0007	0.0008	0.3506	-0.3994	60	0.000	55.780838	37.639160	185.10	55.699425	36.757858	162.2	11011
21	2023-04-18	09:42:07	5720.5310	2	0.2472	0.0319	5720.5797	-5.3	7.5	2.8058	-0.0009	0.0010	0.3506	-0.3994	60	0.000	55.780838	37.639160	185.10	55.699348	36.757771	161.4	11011
21	2023-04-18	09:43:07	5720.3942	2	0.0081	0.0010	5720.4431	-5.2	8.4	2.8061	-0.0011	0.0011	0.3506	-0.3994	60	0.000	55.780838	37.639160	185.10	55.699444	36.757587	162.7	11011
21	2023-04-18	09:44:07	5720.3941	2	0.0089	0.0011	5720.4436	-3.9	8.4	2.8027	-0.0014	0.0010	0.3503	-0.3994	60	0.000	55.780838	37.639160	185.10	55.699444	36.756855	162.9	11011
21	2023-04-18	09:45:07	5720.3926	2	0.0100	0.0013	5720.4422	-4.0	7.6	2.7980	-0.0016	0.0010	0.3504	-0.3994	60	0.000	55.780838	37.639160	185.10	55.699490	36.757084	161.2	11011
21	2023-04-18	09:46:07	5720.3940	2	0.0107	0.0014	5720.4442	-4.4	6.7	2.7968	-0.0018	0.0008	0.3503	-0.3994	60	0.000	55.780838	37.639160	185.10	55.699051	36.757378	161.8	11011
21	2023-04-18	09:47:07	5720.3947	2	0.0098	0.0013	5720.4451	-4.4	8.3	2.8006	-0.0020	0.0010	0.3501	-0.3994	60	0.000	55.780838	37.639160	185.10	55.699642	36.757721	162.9	11011
21	2023-04-18	09:48:07	5720.3943	2	0.0093	0.0012	5720.4452	-4.6	6.4	2.8027	-0.0022	0.0007	0.3500	-0.3994	60	0.000	55.780838	37.639160	185.10	55.699604	36.757744	162.3	11011
21	2023-04-18	09:49:07	5720.3928	2	0.0092	0.0012	5720.4437	-5.7	6.5	2.7980	-0.0025	0.0011	0.3499	-0.3994	60	0.000	55.780838	37.639160	185.10	55.699406	36.757744	162.3	11011
21	2023-04-18	09:50:07	5720.3930	2	0.0108	0.0014	5720.4446	-4.6	6.5	2.7981	-0.0027	0.0008	0.3497	-0.3994	60	0.000	55.780838	37.639160	185.10	55.699520	36.757732	162.3	11011
21	2023-04-18	09:51:07	5720.3924	2	0.0104	0.0013	5720.4442	-5.1	6.5	2.7957	-0.0029	0.0009	0.3497	-0.3994	60	0.000	55.780838	37.639160	185.10	55.699436	36.757587	163.5	11011
21	2023-04-18	09:52:07	5720.3919	2	0.0066	0.0009	5720.4439	-5.9	6.7	2.8006	-0.0032	0.0010	0.3497	-0.3994	60	0.000	55.780838	37.639160	185.10	55.699356	36.757530	164.4	11011
21	2023-04-18	09:53:07	5720.3895	2	0.0097	0.0012	5720.4419	-5.6	7.0	2.7957	-0.0034	0.0010	0.3494	-0.3994	60	0.000	55.780838	37.639160	185.10	55.699375	36.757515	165.5	11011
21	2023-04-18	09:54:07	5720.3905	2	0.0104	0.0013	5720.4434	-5.9	7.6	2.7956	-0.0036	0.0010	0.3493	-0.3995	60	0.000	55.780838	37.639160	185.10	55.699432	36.757492	166.0	11011
21	2023-04-18	09:55:07	5720.3913	2	0.0124	0.0016	5720.4442	-6.0	7.9	2.7855	-0.0039	0.0011	0.3493	-0.3995	60	0.000	55.780838	37.639160	185.10	55.699490	36.757572	166.2	11011
21	2023-04-18	09:56:07	5720.3911	2	0.0108	0.0014	5720.4447	-6.1	6.6	2.7975	-0.0041	0.0009	0.3491	-0.3995	60	0.000	55.780838	37.639160	185.10	55.699261	36.757523	166.0	11011
21	2023-04-18	09:57:07	5720.3945	2	0.0091	0.0012	5720.4481	-5.6	6.7	2.7951	-0.0044	0.0009	0.3493	-0.3995	60	0.000	55.780838	37.639160	185.10	55.699432	36.757553	166.3	11011
21	2023-04-18	09:58:07	5720.3915	2	0.0080	0.0010	5720.4457	-5.5	7.7	2.8004	-0.0046	0.0010	0.3489	-0.3995	60	0.000	55.780838	37.639160	185.10	55.699699	36.757721	167.5	11011
21	2023-04-18	09:59:07	5720.3931	2	0.0105	0.0014	5720.4473	-5.9	8.3	2.7952	-0.0049	0.0013	0.3489	-0.3995	60	0.000	55.780838	37.639160	185.10	55.699833	36.757858	173.4	11011
21	2023-04-18	10:00:07	5720.3917	2	0.0100	0.0013	5720.4465	-4.9	8.1	2.7962	-0.0051	0.0010	0.3489	-0.3995	60	0.000	55.780838	37.639160	185.10	55.699471	36.757713	172.8	11011
21	2023-04-18	10:01:07	5720.3957	2	0.0100	0.0013	5720.4503	-6.1	9.1	2.7915	-0.0054	0.0016	0.3487	-0.3995	60	0.000	55.780838	37.639160	185.10	55.699253	36.757587	171.5	11011
21	2023-04-18	10:02:07	5720.3917	2	0.0117	0.0015	5720.4469	-6.1	8.4	2.7970	-0.0057	0.0013	0.3486	-0.3995	60	0.000	55.780838	37.639160	185.10	55.699318	36.757687	171.3	11011
21	2023-04-18	10:03:07	5720.3911	2	0.0137	0.0018	5720.4465	-5.8	8.8	2.7818	-0.0059	0.0014	0.3486	-0.3995	60	0.000	55.780838	37.639160	185.10	55.699436	36.757572	171.5	11011
21	2023-04-18	10:04:07	5720.3925	2	0.0106	0.0014	5720.4481	-6.7	9.1	2.7849	-0.0062	0.0015	0.3486	-0.3995	60	0.000	55.780838	37.639160	185.10	55.699436	36.757465	170.9	11011
21	2023-04-18	10:05:07	5720.3939	2	0.0103	0.0013	5720.4497	-7.8	8.7	2.7915	-0.0065	0.0015	0.3486	-0.3995	60	0.000	55.780838	37.639160	185.10	55.699432	36.757568	170.8	11011
21	2023-04-18	10:06:07	5720.3916	2	0.0127	0.0016	5720.4478	-6.2	9.8	2.7837	-0.0067	0.0016	0.3485	-0.3995	60	0.000	55.780838	37.639160	185.10	55.699387	36.757835	170.8	11011
21	2023-04-18	10:07:07	5720.3923	2	0.0117	0.0015	5720.4490	-5.4	9.4	2.7885	-0.0070	0.0014	0.3484	-0.3995	60	0.000	55.780838	37.639160	185.10	55.699375	36.757610	170.9	11011
21	2023-04-18	10:19:03	5720.3904	2	0.0086	0.0011	5720.4516	-2.8	2.7	2.7979	-0.0105	0.0002	0.3486	-0.3996	60	0.000	55.780838	37.639160	185.10	55.699551	36.757694	173.2	11011
21	2023-04-18	10:20:03	5720.3920	2	0.0090	0.0012	5720.4539	-2.5	2.6	2.7915	-0.0108	0.0002	0.3483	-0.3996	60	0.000	55.780838	37.639160	185.10	55.699444	36.757629	171.9	11011
21	2023-04-18	10:21:03	5720.3914	2	0.0098	0.0013	5720.4535	-3.4	3.3	2.7860	-0.0111	0.0003	0.3483	-0.3996	60	0.000	55.780838	37.639160	185.10	55.699425	36.757694	171.5	11011
21	2023-04-18	10:22:03	5720.3904	2	0.0096	0.0012	5720.4528	-3.1	4.4	2.7829	-0.0114	0.0005	0.3481	-0.3996	60	0.000	55.780838	37.639160	185.10	55.699322	36.757721	171.5	11011
21	2023-04-18	10:23:03	5720.3911	2	0.0111	0.0014	5720.4537	-3.5	6.1	2.7868	-0.0118	0.0007	0.3481	-0.3996	60	0.000	55.780838	37.639160	185.10	55.699398	36.757706	171.8	11011
21	2023-04-18	10:24:03	5720.3910	2	0.0087	0.0011	5720.4539	-5.7	5.4	2.7842	-0.0121	0.0009	0.3479	-0.3996	60	0.000	55.780838	37.639160	185.10	55.699379	36.757668	172.0	11011
21	2023-04-18	10:25:03	5720.3906	2	0.0105	0.0013	5720.4544	-4.8	4.2	2.7869	-0.0124	0.0005	0.3478	-0.3996	60	0.000	55.780838	37.639160	185.10	55.699406	36.757771	170.7	11011
21	2023-04-18	10:26:03	5720.3896	2	0.0090	0.0012	5720.4537	-4.0	4.0	2.7806	-0.0127	0.0005	0.3478	-0.3996	60	0.000	55.780838	37.639160	185.10	55.699539	36.757626	170.5	11011
21	2023-04-18	10:27:03	5720.3910	2	0.0108	0.0014	5720.4556	-3.7	3.2	2.7753	-0.0130	0.0004	0.3477	-0.3996	60	0.000	55.780838	37.639160	185.10	55.699471	36.757153	169.9	11011
21	2023-04-18	10:28:03	5720.3910	2	0.0100	0.0013	5720.4560	-4.7	3.4	2.7823	-0.0134	0.0004	0.3476	-0.3996	60	0.000	55.780838	37.639160	185.10	55.699482	36.757835	170.3	11011
21	2023-04-18	10:29:03	5720.3894	2	0.0092	0.0012	5720.4544	-5.0	4.9	2.7799	-0.0137	0.0006	0.3477	-0.3996	60	0.000	55.780838	37.639160	185.10	55.699398	36.757706	171.2	11011
21	2023-04-18	10:30:03	5720.3928	2	0.0087	0.0011	5720.4583	-5.1	4.6	2.7792	-0.0140	0.0007	0.3476	-0.3996	60	0.000	55.780838	37.639160	185.10	55.699356	36.757759	170.9	11011
21	2023-04-18	10:31:03	5720.3922	2	0.0114	0.0015	5720.4583	-4.7	3.2	2.7762	-0.0143	0.0004	0.3475	-0.3996	60	0.000	55.780838	37.639160	185.10	55.699375	36.757713	170.7	11011
21	2023-04-18	10:32:03	5720.3886	2	0.0099	0.0013	5720.4551	-4.6	3.6	2.7803	-0.0147	0.0004	0.3474	-0.3996	60	0.000	55.780838	37.639160	185.10	55.699375	36.757706	172.1	11011
21	2023-04-18	10:33:03	5720.3914	2	0.0117	0.0015	5720.4580	-6.1	3.2	2.7865	-0.0150	0.0007	0.3473	-0.3996	60	0.000	55.780838	37.639160	185.10	55.699425	36.757782	171.9	11011
21	2023-04-18	10:34:03	5720.3905	2	0.0140	0.0018	5720.4576	-4.4	3.7	2.7798	-0.0154	0.0005	0.3474	-0.3996	60	0.000	55.780838	37.639160	185.10	55.699432	36.757801	170.4	11011
21	2023-04-18	10:35:03	5720.3950	2	0.0091	0.0012	5720.4628	-4.3	4.3	2.7814	-0.0157	0.0004	0.3472	-0.3996	60	0.000	55.780838	37.639160	185.10	55.699444	36.757771	170.6	11011
21	2023-04-18	10:36:03	5720.3933	2	0.0119	0.0015	5720.4611	-5.0	4.3	2.7748	-0.0160	0.0006	0.3472	-0.3996	60	0.000	55.780838	37.639160	185.10	55.699406	36.757763	170.9	11011
21	2023-04-18	10:37:03	5720.3897	2	0.0090	0.0012	5720.4583	-3.7	3.2	2.7787	-0.0164	0.0003	0.3471	-0.3996	60	0.000	55.780838	37.639160	185.10	55.699425	36.757759	170.2	11011
21	2023-04-18	10:38:03	5720.3917	2	0.0097	0.0013	5720.4606	-3.5	3.2	2.7782	-0.0167	0.0003	0.3472	-0.3996	60	0.000	55.780838	37.639160	185.10	55.699406	36.757763	168.8	11011
21	2023-04-18	10:39:03	5720.3903	2	0.0102	0.0013	5720.4594	-3.4	4.3	2.7774	-0.0171	0.0004	0.3473	-0.3996	60	0.000	55.780838	37.639160	185.10	55.699368	36.757683	168.0	11011
21	2023-04-18	10:40:03	5720.3912	2	0.0088	0.0011	5720.4608	-4.4	3.6	2.7754	-0.0174	0.0004	0.3471	-0.3997	60	0.000	55.780838	37.639160	185.10	55.699455	36.757797	166.3	11011
21	2023-04-18	10:41:03	5720.3906	2	0.0086	0.0011	5720.4606	-3.8	2.9	2.7762	-0.0178	0.0003	0.3471	-0.3997	60	0.000	55.780838	37.639160	185.10	55.699432	36.757744	166.1	11011
21	2023-04-18	10:42:03	5720.3908	2	0.0091	0.0012	5720.4611	-4.7	2.8	2.7789	-0.0181	0.0004	0.3471	-0.3997	60	0.000	55.780838	37.639160	185.10	55.699436	36.757751	166.6	11011
21	2023-04-18	10:43:03	5720.3905	2	0.0094	0.0012	5720.4609	-5.7	3.7	2.7772	-0.0185	0.0006	0.3472	-0.3997	60	0.000	55.780838	37.639160	185.10	55.699463	36.757790	164.7	11011
21	2023-04-18	10:44:03	5720.3889	2	0.0090	0.0012	5720.4600	-4.6	2.4	2.7727	-0.0188	0.0004	0.3470	-0.3997	60	0.000	55.780838	37.639160	185.10	55.699432	36.757607	164.6	11011
21	2023-04-18	10:45:03	5720.3889	2	0.0099	0.0013	5720.4606	-4.3	2.0	2.7743	-0.0192	0.0003	0.3469	-0.3997	60	0.000	55.780838	37.639160	185.10	55.699490	36.757828	164.4	11011
21	2023-04-18	10:46:03	5720.3912	2	0.0122	0.0016	5720.4630	-5.5	1.5	2.7792	-0.0195	0.0005	0.3469	-0.3997	60	0.000	55.780838	37.639160	185.10	55.699627	36.757782	165.0	11011
21	2023-04-18	10:47:03	5720.3938	2	0.0082	0.0011	5720.4660	-5.3	2.4	2.7786	-0.0199	0.0004	0.3471	-0.3997	60	0.000	55.780838	37.639160	185.10	55.699512	36.757816	163.7	11011
21	2023-04-18	10:48:03	5720.3917	2	0.0082	0.0011	5720.4644	-4.9	2.8	2.7757	-0.0203	0.0003	0.3470	-0.3997	60	0.000	55.780838	37.639160	185.10	55.699432	36.757732	162.8	11011
21	2023-04-18	10:49:03	5720.3893	2	0.0100	0.0013	5720.4623	-4.7	2.9	2.7713	-0.0206	0.0004	0.3470	-0.3997	60	0.000	55.780838	37.639160	185.10	55.699406	36.757656	162.7	11011
21	2023-04-18	10:50:03	5720.3892	2	0.0105	0.0014	5720.4625	-5.3	2.4	2.7696	-0.0210	0.0004	0.3470	-0.3997	60	0.000	55.780838	37.639160	185.10	55.699425	36.757744	162.7	11011
21	2023-04-18	10:51:03	5720.3902	2	0.0102	0.0013	5720.4638	-5.7	3.1	2.7721	-0.0214	0.0005	0.3469	-0.3997	60	0.000	55.780838	37.639160	185.10	55.699432	36.757744	162.6	11011
21	2023-04-18	10:52:03	5720.3878	2	0.0074	0.0010	5720.4618	-3.1	4.2	2.7713	-0.0217	0.0003	0.3471	-0.3997	60	0.000	55.780838	37.639160	185.10	55.699413	36.757751	162.5	11011
21	2023-04-18	10:53:03	5720.3886	2	0.0101	0.0013	5720.4633	-2.2	4.9	2.7828	-0.0221	0.0003	0.3468	-0.3997	60	0.000	55.780838	37.639160	185.10	55.699432	36.757721	162.6	11011
21	2023-04-18	10:54:03	5720.3901	2	0.0117	0.0015	5720.4652	-2.1	4.9	2.7762	-0.0225	0.0003	0.3468	-0.3997	60	0.000	55.780838	37.639160	185.10	55.699413	36.757675	162.2	11011
21	2023-04-18	10:55:03	5720.3898	2	0.0092	0.0012	5720.4650	-3.4	5.3	2.7768	-0.0228	0.0004	0.3469	-0.3997	60	0.000	55.780838	37.639160	185.10	55.699413	36.757675	160.5	11011
21	2023-04-18	10:56:03	5720.3906	2	0.0108	0.0014	5720.4659	-5.1	5.0	2.7700	-0.0232	0.0007	0.3469	-0.3997	60	0.000	55.780838	37.639160	185.10	55.699398	36.757687	159.4	11011
21	2023-04-18	10:57:03	5720.3890	2	0.0092	0.0012	5720.4650	-4.7	4.7	2.7823	-0.0236	0.0005	0.3468	-0.3997	60	0.000	55.780838	37.639160	185.10	55.699387	36.757645	158.4	11011
21	2023-04-18	10:58:03	5720.3882	2	0.0106	0.0014	5720.4645	-4.4	4.5	2.7778	-0.0240	0.0006	0.3469	-0.3997	60	0.000	55.780838	37.639160	185.10	55.699406	36.757637	158.1	11011
21	2023-04-18	10:59:03	5720.3890	2	0.0089	0.0011	5720.4657	-5.1	5.1	2.7747	-0.0244	0.0007	0.3467	-0.3997	60	0.000	55.780838	37.639160	185.10	55.699375	36.757607	157.4	11011
21	2023-04-18	11:00:03	5720.3863	2	0.0110	0.0014	5720.4636	-3.9	4.3	2.7761	-0.0247	0.0004	0.3467	-0.3997	60	0.000	55.780838	37.639160	185.10	55.699375	36.757629	158.3	11011
21	2023-04-18	11:01:03	5720.3892	2	0.0108	0.0014	5720.4669	-4.8	4.6	2.7735	-0.0251	0.0005	0.3466	-0.3997	60	0.000	55.780838	37.639160	185.10	55.699379	36.757687	160.1	11011
21	2023-04-18	11:02:03	5720.3910	2	0.0112	0.0014	5720.4689	-4.7	3.9	2.7772	-0.0255	0.0005	0.3468	-0.3997	60	0.000	55.780838	37.639160	185.10	55.699471	36.757694	162.6	11011
21	2023-04-18	11:03:03	5720.3901	2	0.0101	0.0013	5720.4686	-3.6	4.1	2.7743	-0.0259	0.0003	0.3468	-0.3998	60	0.000	55.780838	37.639160	185.10	55.699444	36.757713	165.0	11011
21	2023-04-18	11:04:03	5720.3916	2	0.0083	0.0011	5720.4706	-2.2	4.1	2.7690	-0.0263	0.0004	0.3466	-0.3998	60	0.000	55.780838	37.639160	185.10	55.699490	36.757675	161.4	11011
21	2023-04-18	11:05:03	5720.3928	2	0.0096	0.0012	5720.4721	-3.2	4.0	2.7717	-0.0267	0.0004	0.3468	-0.3998	60	0.000	55.780838	37.639160	185.10	55.699463	36.757668	161.5	11011
21	2023-04-18	11:06:03	5720.3928	2	0.0081	0.0011	5720.4725	-4.7	4.4	2.7762	-0.0270	0.0004	0.3466	-0.3998	60	0.000	55.780838	37.639160	185.10	55.699501	36.757675	161.5	11011
21	2023-04-18	11:07:03	5720.3906	2	0.0106	0.0014	5720.4706	-2.9	5.9	2.7778	-0.0274	0.0006	0.3466	-0.3998	60	0.000	55.780838	37.639160	185.10	55.699375	36.757607	160.6	11011
21	2023-04-18	11:08:03	5720.3902	2	0.0090	0.0012	5720.4706	-3.6	4.8	2.7705	-0.0278	0.0004	0.3467	-0.3998	60	0.000	55.780838	37.639160	185.10	55.699184	36.757610	159.4	11011
21	2023-04-18	11:09:03	5720.3891	2	0.0113	0.0015	5720.4699	-3.7	5.5	2.7670	-0.0282	0.0005	0.3467	-0.3998	60	0.000	55.780838	37.639160	185.10	55.699169	36.757568	161.0	11011
21	2023-04-18	11:10:03	5720.3903	2	0.0104	0.0013	5720.4717	-3.7	5.0	2.7693	-0.0286	0.0005	0.3465	-0.3998	60	0.000	55.780838	37.639160	185.10	55.699062	36.757553	157.1	11011
21	2023-04-18	11:11:03	5720.3906	2	0.0096	0.0012	5720.4723	-3.5	4.1	2.7725	-0.0290	0.0003	0.3467	-0.3998	60	0.000	55.780838	37.639160	185.10	55.699299	36.757664	156.2	11011
21	2023-04-18	11:12:03	5720.3901	2	0.0100	0.0013	5720.4723	-3.5	4.8	2.7762	-0.0294	0.0004	0.3465	-0.3998	60	0.000	55.780838	37.639160	185.10	55.699413	36.757744	154.5	11011
21	2023-04-18	11:13:03	5720.3914	2	0.0103	0.0013	5720.4737	-5.1	5.0	2.7649	-0.0298	0.0007	0.3465	-0.3998	60	0.000	55.780838	37.639160	185.10	55.699356	36.757763	154.4	11011
21	2023-04-18	11:14:03	5720.3941	2	0.0120	0.0016	5720.4769	-4.6	5.5	2.7674	-0.0302	0.0006	0.3466	-0.3998	60	0.000	55.780838	37.639160	185.10	55.699444	36.757725	153.1	11011
21	2023-04-18	11:15:03	5720.3923	2	0.0102	0.0013	5720.4756	-3.4	4.6	2.7709	-0.0306	0.0004	0.3466	-0.3998	60	0.000	55.780838	37.639160	185.10	55.699398	36.757683	155.1	11011
21	2023-04-18	11:16:03	5720.3919	2	0.0088	0.0011	5720.4756	-3.9	5.0	2.7739	-0.0310	0.0005	0.3465	-0.3998	60	0.000	55.780838	37.639160	185.10	55.699432	36.757713	156.2	11011
21	2023-04-18	11:17:03	5720.3912	2	0.0093	0.0012	5720.4754	-3.7	5.7	2.7808	-0.0314	0.0006	0.3465	-0.3998	60	0.000	55.780838	37.639160	185.10	55.699512	36.757618	158.4	11011
21	2023-04-18	11:18:03	5720.3924	2	0.0100	0.0013	5720.4767	-4.0	5.9	2.7752	-0.0318	0.0006	0.3466	-0.3998	60	0.000	55.780838	37.639160	185.10	55.699398	36.757683	156.8	11011
1	2023-04-18	13:10:26	5742.9564	2	0.0151	0.0019	5743.0713	1.6	0.4	2.8767	-0.0750	0.0001	0.3603	-0.4003	60	0.000	55.780838	37.639160	185.10	55.780819	37.639133	180.9	11011
1	2023-04-18	13:11:26	5742.9609	2	0.0101	0.0013	5743.0763	1.5	0.4	2.8759	-0.0753	0.0001	0.3602	-0.4003	60	0.000	55.780838	37.639160	185.10	55.780670	37.639114	184.4	11011
1	2023-04-18	13:12:26	5742.9627	2	0.0080	0.0010	5743.0785	2.3	-0.2	2.8796	-0.0756	0.0001	0.3600	-0.4003	60	0.000	55.780838	37.639160	185.10	55.780811	37.639240	184.3	11011
1	2023-04-18	13:13:26	5742.9630	2	0.0096	0.0012	5743.0791	1.5	-0.1	2.8799	-0.0759	0.0001	0.3600	-0.4003	60	0.000	55.780838	37.639160	185.10	55.780437	37.638771	188.9	11011
1	2023-04-18	13:14:26	5742.9649	2	0.0091	0.0012	5743.0814	1.7	-0.0	2.8786	-0.0762	0.0001	0.3600	-0.4003	60	0.000	55.780838	37.639160	185.10	55.780952	37.639172	192.2	11011
1	2023-04-18	13:15:26	5742.9624	2	0.0069	0.0009	5743.0790	4.2	0.6	2.8729	-0.0765	0.0003	0.3600	-0.4003	60	0.000	55.780838	37.639160	185.10	55.781128	37.639317	192.3	11011
1	2023-04-18	13:16:26	5742.9645	2	0.0105	0.0014	5743.0813	5.4	1.1	2.8752	-0.0768	0.0004	0.3600	-0.4003	60	0.000	55.780838	37.639160	185.10	55.781162	37.639381	194.8	11011
1	2023-04-18	13:17:26	5742.9632	2	0.0075	0.0010	5743.0808	3.7	0.0	2.8747	-0.0771	0.0002	0.3597	-0.4003	60	0.000	55.780838	37.639160	185.10	55.781029	37.639465	194.4	11011
1	2023-04-18	13:18:26	5742.9644	2	0.0096	0.0012	5743.0822	3.3	-0.2	2.8824	-0.0774	0.0001	0.3598	-0.4003	60	0.000	55.780838	37.639160	185.10	55.780933	37.639374	194.4	11011
1	2023-04-18	13:19:26	5742.9653	2	0.0100	0.0013	5743.0835	3.6	-0.2	2.8728	-0.0777	0.0002	0.3596	-0.4003	60	0.000	55.780838	37.639160	185.10	55.780819	37.639183	195.2	11011
1	2023-04-18	13:20:26	5742.9633	2	0.0099	0.0013	5743.0819	2.9	-0.7	2.8769	-0.0780	0.0001	0.3596	-0.4003	60	0.000	55.780838	37.639160	185.10	55.780849	37.639145	196.6	11011
1	2023-04-18	13:21:26	5742.9599	2	0.0102	0.0013	5743.0787	4.5	-0.5	2.8791	-0.0783	0.0002	0.3596	-0.4004	60	0.000	55.780838	37.639160	185.10	55.781021	37.639393	197.3	11011
1	2023-04-18	13:22:26	5742.9618	2	0.0094	0.0012	5743.0809	4.4	-0.9	2.8807	-0.0786	0.0002	0.3596	-0.4004	60	0.000	55.780838	37.639160	185.10	55.781315	37.639439	197.9	11011
1	2023-04-18	13:23:26	5742.9629	2	0.0084	0.0011	5743.0822	3.9	-0.7	2.8750	-0.0789	0.0002	0.3597	-0.4004	60	0.000	55.780838	37.639160	185.10	55.781315	37.639465	200.1	11011
1	2023-04-18	13:24:26	5742.9639	2	0.0077	0.0010	5743.0834	3.9	-0.2	2.8749	-0.0792	0.0002	0.3598	-0.4004	60	0.000	55.780838	37.639160	185.10	55.781242	37.639412	200.8	11011
1	2023-04-18	13:25:26	5742.9625	2	0.0114	0.0015	5743.0825	4.0	-0.7	2.8776	-0.0794	0.0002	0.3596	-0.4004	60	0.000	55.780838	37.639160	185.10	55.781162	37.639381	200.3	11011
1	2023-04-18	13:26:26	5742.9648	2	0.0090	0.0012	5743.0851	3.2	-1.0	2.8760	-0.0797	0.0002	0.3597	-0.4004	60	0.000	55.780838	37.639160	185.10	55.781269	37.639324	200.4	11011
1	2023-04-18	13:27:26	5742.9619	2	0.0081	0.0010	5743.0824	2.9	0.1	2.8717	-0.0800	0.0002	0.3597	-0.4004	60	0.000	55.780838	37.639160	185.10	55.781174	37.639420	200.3	11011
1	2023-04-18	13:28:26	5742.9632	2	0.0087	0.0011	5743.0841	4.8	-0.5	2.8742	-0.0803	0.0003	0.3595	-0.4004	60	0.000	55.780838	37.639160	185.10	55.781128	37.639400	199.4	11011
1	2023-04-18	13:29:26	5742.9608	2	0.0093	0.0012	5743.0820	4.0	0.6	2.8797	-0.0806	0.0003	0.3594	-0.4004	60	0.000	55.780838	37.639160	185.10	55.781029	37.639507	200.9	11011
1	2023-04-18	13:30:26	5742.9624	2	0.0095	0.0012	5743.0837	3.9	0.1	2.8727	-0.0808	0.0002	0.3597	-0.4004	60	0.000	55.780838	37.639160	185.10	55.780991	37.639553	201.7	11011
1	2023-04-18	13:31:26	5742.9619	2	0.0094	0.0012	5743.0837	5.1	-0.2	2.8781	-0.0811	0.0003	0.3595	-0.4004	60	0.000	55.780838	37.639160	185.10	55.781105	37.639362	197.6	11011
1	2023-04-18	13:32:26	5742.9625	2	0.0103	0.0013	5743.0842	5.9	0.1	2.8735	-0.0814	0.0004	0.3596	-0.4004	60	0.000	55.780838	37.639160	185.10	55.780907	37.639469	195.0	11011
1	2023-04-18	13:33:26	5742.9619	2	0.0098	0.0013	5743.0839	6.1	-0.4	2.8741	-0.0816	0.0004	0.3596	-0.4004	60	0.000	55.780838	37.639160	185.10	55.780918	37.639465	193.9	11011
1	2023-04-18	13:34:26	5742.9615	2	0.0100	0.0013	5743.0838	5.6	0.2	2.8786	-0.0819	0.0003	0.3596	-0.4004	60	0.000	55.780838	37.639160	185.10	55.781162	37.639389	194.3	11011
1	2023-04-18	13:35:26	5742.9656	2	0.0099	0.0013	5743.0878	6.1	0.3	2.8839	-0.0821	0.0005	0.3598	-0.4004	60	0.000	55.780838	37.639160	185.10	55.781128	37.639469	191.8	11011
1	2023-04-18	13:36:26	5742.9645	2	0.0095	0.0012	5743.0873	6.0	0.3	2.8775	-0.0824	0.0005	0.3596	-0.4004	60	0.000	55.780838	37.639160	185.10	55.781143	37.639374	194.6	11011
1	2023-04-18	13:37:26	5742.9576	2	0.0116	0.0015	5743.0803	7.2	0.1	2.8745	-0.0826	0.0007	0.3597	-0.4004	60	0.000	55.780838	37.639160	185.10	55.781021	37.639343	193.2	11011
1	2023-04-18	13:38:26	5742.9601	2	0.0089	0.0011	5743.0828	7.6	0.3	2.8789	-0.0829	0.0009	0.3598	-0.4004	60	0.000	55.780838	37.639160	185.10	55.781166	37.639389	192.5	11011
1	2023-04-18	13:39:26	5742.9601	2	0.0082	0.0011	5743.0833	7.8	-0.3	2.8745	-0.0831	0.0007	0.3597	-0.4004	60	0.000	55.780838	37.639160	185.10	55.781166	37.639381	193.7	11011
1	2023-04-18	13:40:26	5742.9581	2	0.0104	0.0013	5743.0818	6.8	-0.2	2.8807	-0.0834	0.0004	0.3597	-0.4004	60	0.000	55.780838	37.639160	185.10	55.781086	37.639294	192.9	11011
1	2023-04-18	13:41:26	5742.9591	2	0.0095	0.0012	5743.0829	6.6	0.8	2.8747	-0.0836	0.0006	0.3597	-0.4004	60	0.000	55.780838	37.639160	185.10	55.782406	37.640175	185.2	11011
1	2023-04-18	13:42:26	5742.9599	2	0.0103	0.0013	5743.0841	6.0	-0.1	2.8727	-0.0839	0.0004	0.3598	-0.4004	60	0.000	55.780838	37.639160	185.10	55.781776	37.639450	176.3	11011
1	2023-04-18	13:43:26	5742.9595	2	0.0104	0.0013	5743.0841	5.0	-0.1	2.8730	-0.0841	0.0003	0.3597	-0.4004	60	0.000	55.780838	37.639160	185.10	55.781219	37.639523	179.7	11011
1	2023-04-18	13:44:26	5742.9617	2	0.0114	0.0015	5743.0865	4.7	-0.4	2.8777	-0.0843	0.0003	0.3598	-0.4005	60	0.000	55.780838	37.639160	185.10	55.781124	37.639446	180.1	11011
1	2023-04-18	13:45:26	5742.9611	2	0.0090	0.0012	5743.0861	5.3	0.0	2.8833	-0.0846	0.0003	0.3598	-0.4005	60	0.000	55.780838	37.639160	185.10	55.780983	37.639408	180.1	11011
1	2023-04-18	13:46:26	5742.9606	2	0.0100	0.0013	5743.0854	5.9	-1.2	2.8798	-0.0848	0.0005	0.3599	-0.4005	60	0.000	55.780838	37.639160	185.10	55.780991	37.639362	180.4	11011
1	2023-04-18	13:47:26	5742.9596	2	0.0097	0.0013	5743.0852	5.3	-0.4	2.8793	-0.0850	0.0003	0.3596	-0.4005	60	0.000	55.780838	37.639160	185.10	55.781067	37.639351	179.2	11011
1	2023-04-18	13:48:26	5742.9591	2	0.0087	0.0011	5743.0846	5.9	-0.7	2.8747	-0.0852	0.0004	0.3597	-0.4005	60	0.000	55.780838	37.639160	185.10	55.780952	37.639381	179.7	11011
1	2023-04-18	13:49:26	5742.9604	2	0.0083	0.0011	5743.0862	7.4	0.7	2.8745	-0.0855	0.0006	0.3596	-0.4005	60	0.000	55.780838	37.639160	185.10	55.781040	37.639248	182.9	11011
1	2023-04-18	13:50:26	5742.9635	2	0.0088	0.0011	5743.0892	6.9	0.2	2.8792	-0.0857	0.0006	0.3599	-0.4005	60	0.000	55.780838	37.639160	185.10	55.781040	37.639221	185.0	11011
1	2023-04-18	13:51:26	5742.9642	2	0.0090	0.0012	5743.0902	6.9	0.7	2.8804	-0.0859	0.0006	0.3598	-0.4005	60	0.000	55.780838	37.639160	185.10	55.780983	37.639324	184.1	11011
1	2023-04-18	13:52:26	5742.9622	2	0.0092	0.0012	5743.0887	5.9	-0.3	2.8813	-0.0861	0.0004	0.3598	-0.4005	60	0.000	55.780838	37.639160	185.10	55.780956	37.639427	182.2	11011
1	2023-04-18	13:53:26	5742.9594	2	0.0086	0.0011	5743.0859	5.9	-0.2	2.8885	-0.0863	0.0005	0.3598	-0.4005	60	0.000	55.780838	37.639160	185.10	55.780952	37.639217	182.7	11011
1	2023-04-18	13:54:26	5742.9610	2	0.0099	0.0013	5743.0878	6.3	0.5	2.8741	-0.0865	0.0005	0.3597	-0.4005	60	0.000	55.780838	37.639160	185.10	55.780792	37.639057	179.3	11011
1	2023-04-18	13:55:26	5742.9590	2	0.0113	0.0015	5743.0860	5.8	0.7	2.8822	-0.0867	0.0004	0.3598	-0.4005	60	0.000	55.780838	37.639160	185.10	55.781105	37.639317	174.7	11011
1	2023-04-18	13:56:26	5742.9604	2	0.0101	0.0013	5743.0876	6.0	-0.3	2.8800	-0.0869	0.0004	0.3598	-0.4005	60	0.000	55.780838	37.639160	185.10	55.780933	37.639217	176.9	11011
1	2023-04-18	13:57:26	5742.9615	2	0.0079	0.0010	5743.0886	7.9	1.1	2.8718	-0.0871	0.0007	0.3598	-0.4005	60	0.000	55.780838	37.639160	185.10	55.780964	37.639362	176.8	11011
1	2023-04-18	13:58:26	5742.9627	2	0.0108	0.0014	5743.0896	9.0	-0.9	2.8799	-0.0873	0.0010	0.3600	-0.4005	60	0.000	55.780838	37.639160	185.10	55.781010	37.639286	176.7	11011
1	2023-04-18	13:59:26	5742.9595	2	0.0089	0.0011	5743.0871	6.9	-1.3	2.8785	-0.0875	0.0006	0.3599	-0.4005	60	0.000	55.780838	37.639160	185.10	55.780952	37.639362	175.3	11011
1	2023-04-18	14:00:26	5742.9608	2	0.0080	0.0010	5743.0883	7.9	-1.2	2.8783	-0.0877	0.0009	0.3599	-0.4005	60	0.000	55.780838	37.639160	185.10	55.780952	37.639526	174.9	11011
1	2023-04-18	14:01:26	5742.9618	2	0.0089	0.0012	5743.0899	5.9	-0.4	2.8839	-0.0879	0.0004	0.3599	-0.4005	60	0.000	55.780838	37.639160	185.10	55.780972	37.639336	173.0	11011
1	2023-04-18	14:02:26	5742.9640	2	0.0092	0.0012	5743.0921	6.2	0.9	2.8760	-0.0881	0.0006	0.3599	-0.4005	60	0.000	55.780838	37.639160	185.10	55.781155	37.639122	173.1	11011
1	2023-04-18	14:03:26	5742.9625	2	0.0107	0.0014	5743.0907	6.0	-0.4	2.8796	-0.0883	0.0005	0.3601	-0.4005	60	0.000	55.780838	37.639160	185.10	55.780899	37.639427	172.8	11011
1	2023-04-18	14:04:26	5742.9638	2	0.0099	0.0013	5743.0923	6.0	-0.1	2.8787	-0.0884	0.0005	0.3601	-0.4005	60	0.000	55.780838	37.639160	185.10	55.780849	37.639324	174.7	11011
1	2023-04-18	14:05:26	5742.9609	2	0.0085	0.0011	5743.0897	6.0	-1.3	2.8778	-0.0886	0.0004	0.3599	-0.4005	60	0.000	55.780838	37.639160	185.10	55.780964	37.639400	176.3	11011
1	2023-04-18	14:06:26	5742.9645	2	0.0120	0.0016	5743.0934	4.6	-0.7	2.8881	-0.0888	0.0003	0.3602	-0.4005	60	0.000	55.780838	37.639160	185.10	55.780926	37.639393	174.7	11011
1	2023-04-18	14:07:26	5742.9611	2	0.0116	0.0015	5743.0902	5.8	-1.4	2.8838	-0.0890	0.0005	0.3599	-0.4006	60	0.000	55.780838	37.639160	185.10	55.780956	37.639526	174.0	11011
1	2023-04-18	14:08:26	5742.9612	2	0.0089	0.0011	5743.0903	5.9	-1.5	2.8855	-0.0891	0.0005	0.3601	-0.4006	60	0.000	55.780838	37.639160	185.10	55.780952	37.639248	180.8	11011
1	2023-04-18	14:09:26	5742.9603	2	0.0105	0.0014	5743.0894	6.5	-1.1	2.8855	-0.0893	0.0006	0.3601	-0.4006	60	0.000	55.780838	37.639160	185.10	55.780861	37.639370	178.4	11011
1	2023-05-02	06:03:04	5742.2558	2	0.0303	0.0039	5742.3998	-2.2	-0.8	2.8368	-0.0134	0.0001	0.3552	-0.4859	60	0.000	55.780838	37.639160	185.10	55.781605	37.638706	209.1	11011
1	2023-05-02	06:04:04	5742.2551	2	0.0208	0.0027	5742.3989	-2.4	-1.4	2.8363	-0.0131	0.0001	0.3551	-0.4860	60	0.000	55.780838	37.639160	185.10	55.781471	37.638798	208.5	11011
1	2023-05-02	06:05:04	5742.2546	2	0.0292	0.0038	5742.3981	-3.5	-1.0	2.8406	-0.0128	0.0003	0.3550	-0.4860	60	0.000	55.780838	37.639160	185.10	55.781509	37.639133	208.4	11011
1	2023-05-02	06:06:04	5742.2582	2	0.0308	0.0040	5742.4015	-3.0	-0.7	2.8386	-0.0125	0.0001	0.3550	-0.4860	60	0.000	55.780838	37.639160	185.10	55.781506	37.638954	208.3	11011
1	2023-05-02	06:07:04	5742.2550	2	0.0284	0.0037	5742.3982	-2.8	-0.1	2.8429	-0.0123	0.0001	0.3548	-0.4860	60	0.000	55.780838	37.639160	185.10	55.781242	37.639164	207.3	11011
1	2023-05-02	06:08:04	5742.2553	2	0.0270	0.0035	5742.3984	-2.8	1.0	2.8386	-0.0120	0.0001	0.3547	-0.4860	60	0.000	55.780838	37.639160	185.10	55.781414	37.638535	207.8	11011
1	2023-05-02	06:09:04	5742.2548	2	0.0218	0.0028	5742.3977	-3.0	0.7	2.8350	-0.0117	0.0001	0.3546	-0.4860	60	0.000	55.780838	37.639160	185.10	55.781269	37.638817	207.4	11011
1	2023-05-02	06:10:04	5742.2538	2	0.0257	0.0033	5742.3966	-2.8	0.7	2.8359	-0.0114	0.0001	0.3545	-0.4860	60	0.000	55.780838	37.639160	185.10	55.780964	37.639381	208.1	11011
1	2023-05-02	06:11:04	5742.2551	2	0.0258	0.0033	5742.3978	-3.4	0.4	2.8287	-0.0112	0.0002	0.3543	-0.4860	60	0.000	55.780838	37.639160	185.10	55.780781	37.639145	208.6	11011
1	2023-05-02	06:12:04	5742.2541	2	0.0255	0.0033	5742.3966	-2.4	0.0	2.8348	-0.0109	0.0001	0.3543	-0.4860	60	0.000	55.780838	37.639160	185.10	55.780907	37.639141	206.2	11011
1	2023-05-02	06:13:04	5742.2556	2	0.0225	0.0029	5742.3979	-1.6	-0.5	2.8372	-0.0106	0.0000	0.3543	-0.4860	60	0.000	55.780838	37.639160	185.10	55.780899	37.639259	205.7	11011
1	2023-05-02	06:14:04	5742.2564	2	0.0242	0.0031	5742.3983	-2.9	0.3	2.8299	-0.0104	0.0001	0.3544	-0.4860	60	0.000	55.780838	37.639160	185.10	55.780823	37.639248	205.7	11011
1	2023-05-02	06:15:04	5742.2540	2	0.0304	0.0039	5742.3960	-2.0	0.0	2.8355	-0.0101	0.0001	0.3541	-0.4860	60	0.000	55.780838	37.639160	185.10	55.780811	37.639153	204.9	11011
1	2023-05-02	06:16:04	5742.2556	2	0.0221	0.0028	5742.3972	-2.5	1.1	2.8342	-0.0099	0.0001	0.3542	-0.4860	60	0.000	55.780838	37.639160	185.10	55.780869	37.639240	209.2	11011
1	2023-05-02	06:17:04	5742.2558	2	0.0267	0.0034	5742.3972	-2.3	0.3	2.8317	-0.0096	0.0001	0.3540	-0.4860	60	0.000	55.780838	37.639160	185.10	55.780842	37.639313	208.1	11011
1	2023-05-02	06:18:04	5742.2571	2	0.0239	0.0031	5742.3983	-1.4	1.5	2.8325	-0.0093	0.0001	0.3541	-0.4860	60	0.000	55.780838	37.639160	185.10	55.780926	37.639305	205.7	11011
1	2023-05-02	06:19:04	5742.2582	2	0.0285	0.0037	5742.3990	-2.4	2.6	2.8371	-0.0091	0.0001	0.3542	-0.4860	60	0.000	55.780838	37.639160	185.10	55.780876	37.639374	208.8	11011
1	2023-05-02	06:20:04	5742.2557	2	0.0268	0.0035	5742.3961	-3.0	3.5	2.8299	-0.0088	0.0003	0.3542	-0.4860	60	0.000	55.780838	37.639160	185.10	55.780937	37.639332	209.5	11011
1	2023-05-02	06:21:04	5742.2543	2	0.0190	0.0025	5742.3945	-2.2	1.7	2.8335	-0.0086	0.0001	0.3543	-0.4860	60	0.000	55.780838	37.639160	185.10	55.781067	37.639362	209.3	11011
1	2023-05-02	06:22:04	5742.2546	2	0.0224	0.0029	5742.3946	-1.8	3.3	2.8318	-0.0083	0.0002	0.3542	-0.4860	60	0.000	55.780838	37.639160	185.10	55.780937	37.639324	209.3	11011
1	2023-05-02	06:23:04	5742.2556	2	0.0168	0.0022	5742.3953	-3.6	2.6	2.8332	-0.0081	0.0003	0.3540	-0.4860	60	0.000	55.780838	37.639160	185.10	55.780991	37.639259	209.2	11011
1	2023-05-02	06:24:04	5742.2543	2	0.0236	0.0030	5742.3939	-3.0	1.3	2.8422	-0.0078	0.0001	0.3542	-0.4860	60	0.000	55.780838	37.639160	185.10	55.781048	37.639324	209.7	11011
1	2023-05-02	06:25:04	5742.2544	2	0.0250	0.0032	5742.3937	-3.2	2.2	2.8397	-0.0076	0.0002	0.3542	-0.4860	60	0.000	55.780838	37.639160	185.10	55.780983	37.639381	210.8	11011
1	2023-05-02	06:26:04	5742.2544	2	0.0259	0.0033	5742.3935	-3.0	1.7	2.8286	-0.0074	0.0001	0.3542	-0.4860	60	0.000	55.780838	37.639160	185.10	55.780964	37.639240	210.5	11011
1	2023-05-02	06:27:04	5742.2565	2	0.0192	0.0025	5742.3951	-4.7	1.6	2.8389	-0.0071	0.0003	0.3543	-0.4861	60	0.000	55.780838	37.639160	185.10	55.780842	37.639179	208.1	11011
1	2023-05-02	06:28:04	5742.2581	2	0.0263	0.0034	5742.3964	-3.9	2.4	2.8359	-0.0069	0.0002	0.3545	-0.4861	60	0.000	55.780838	37.639160	185.10	55.780613	37.639160	208.2	11011
1	2023-05-02	06:29:04	5742.2570	2	0.0230	0.0030	5742.3950	-5.7	1.2	2.8318	-0.0066	0.0005	0.3543	-0.4861	60	0.000	55.780838	37.639160	185.10	55.780876	37.639217	208.6	11011
1	2023-05-02	06:30:04	5742.2557	2	0.0309	0.0040	5742.3934	-5.2	2.1	2.8366	-0.0064	0.0004	0.3544	-0.4861	60	0.000	55.780838	37.639160	185.10	55.781136	37.639317	209.2	11011
1	2023-05-02	06:31:04	5742.2564	2	0.0257	0.0033	5742.3938	-5.4	2.7	2.8332	-0.0062	0.0005	0.3544	-0.4861	60	0.000	55.780838	37.639160	185.10	55.781013	37.639305	209.5	11011
1	2023-05-02	06:32:04	5742.2558	2	0.0269	0.0035	5742.3932	-5.0	1.2	2.8315	-0.0059	0.0004	0.3543	-0.4861	60	0.000	55.780838	37.639160	185.10	55.780983	37.639297	217.1	11011
1	2023-05-02	06:33:04	5742.2565	2	0.0320	0.0041	5742.3935	-4.4	1.4	2.8335	-0.0057	0.0003	0.3545	-0.4861	60	0.000	55.780838	37.639160	185.10	55.780956	37.639217	211.7	11011
1	2023-05-02	06:34:04	5742.2569	2	0.0229	0.0030	5742.3937	-5.6	0.6	2.8299	-0.0055	0.0004	0.3544	-0.4861	60	0.000	55.780838	37.639160	185.10	55.780956	37.639317	210.7	11011
1	2023-05-02	06:35:04	5742.2557	2	0.0209	0.0027	5742.3923	-5.1	0.3	2.8440	-0.0053	0.0005	0.3543	-0.4861	60	0.000	55.780838	37.639160	185.10	55.780994	37.639305	212.9	11011
1	2023-05-02	06:36:04	5742.2553	2	0.0248	0.0032	5742.3917	-5.3	-0.6	2.8400	-0.0051	0.0004	0.3544	-0.4861	60	0.000	55.780838	37.639160	185.10	55.781071	37.639336	213.2	11011
1	2023-05-02	06:37:04	5742.2555	2	0.0244	0.0031	5742.3914	-5.3	-0.7	2.8375	-0.0048	0.0004	0.3547	-0.4861	60	0.000	55.780838	37.639160	185.10	55.780861	37.639313	213.2	11011
1	2023-05-02	06:38:04	5742.2557	2	0.0255	0.0033	5742.3915	-5.5	-0.2	2.8321	-0.0046	0.0004	0.3546	-0.4861	60	0.000	55.780838	37.639160	185.10	55.780823	37.639160	213.6	11011
1	2023-05-02	06:39:04	5742.2573	2	0.0241	0.0031	5742.3929	-5.6	-0.2	2.8382	-0.0044	0.0003	0.3545	-0.4861	60	0.000	55.780838	37.639160	185.10	55.780716	37.639202	219.0	11011
1	2023-05-02	06:40:04	5742.2556	2	0.0205	0.0027	5742.3911	-4.1	0.1	2.8366	-0.0042	0.0002	0.3546	-0.4861	60	0.000	55.780838	37.639160	185.10	55.780933	37.639294	224.8	11011
1	2023-05-02	06:41:04	5742.2573	2	0.0235	0.0030	5742.3925	-3.6	1.6	2.8365	-0.0040	0.0002	0.3546	-0.4861	60	0.000	55.780838	37.639160	185.10	55.780991	37.639145	223.5	11011
1	2023-05-02	06:42:04	5742.2557	2	0.0258	0.0033	5742.3907	-4.6	0.5	2.8381	-0.0038	0.0003	0.3546	-0.4861	60	0.000	55.780838	37.639160	185.10	55.781307	37.639324	219.6	11011
1	2023-05-02	06:43:04	5742.2524	2	0.0223	0.0029	5742.3870	-5.4	-0.2	2.8357	-0.0036	0.0005	0.3547	-0.4861	60	0.000	55.780838	37.639160	185.10	55.781124	37.639355	219.6	11011
1	2023-05-02	06:44:04	5742.2511	2	0.0288	0.0037	5742.3856	-4.7	0.2	2.8410	-0.0034	0.0002	0.3548	-0.4861	60	0.000	55.780838	37.639160	185.10	55.780991	37.639229	220.4	11011
1	2023-05-02	06:45:04	5742.2530	2	0.0272	0.0035	5742.3876	-3.2	1.2	2.8386	-0.0032	0.0002	0.3546	-0.4861	60	0.000	55.780838	37.639160	185.10	55.781052	37.639305	220.5	11011
1	2023-05-02	06:46:04	5742.2561	2	0.0289	0.0037	5742.3902	-3.7	1.0	2.8378	-0.0030	0.0002	0.3547	-0.4861	60	0.000	55.780838	37.639160	185.10	55.781029	37.639343	219.0	11011
1	2023-05-02	06:47:04	5742.2520	2	0.0258	0.0033	5742.3860	-2.1	0.8	2.8366	-0.0028	0.0001	0.3548	-0.4861	60	0.000	55.780838	37.639160	185.10	55.780964	37.639370	218.6	11011
1	2023-05-02	06:48:04	5742.2547	2	0.0260	0.0034	5742.3887	-3.4	0.7	2.8418	-0.0026	0.0001	0.3546	-0.4861	60	0.000	55.780838	37.639160	185.10	55.780842	37.639393	217.6	11011
1	2023-05-02	06:49:04	5742.2546	2	0.0219	0.0028	5742.3882	-3.1	-0.9	2.8342	-0.0024	0.0001	0.3548	-0.4861	60	0.000	55.780838	37.639160	185.10	55.781048	37.639332	220.2	11011
1	2023-05-02	06:50:04	5742.2556	2	0.0246	0.0032	5742.3891	-3.4	-0.3	2.8435	-0.0022	0.0002	0.3548	-0.4862	60	0.000	55.780838	37.639160	185.10	55.781128	37.639305	220.3	11011
1	2023-05-02	06:51:04	5742.2552	2	0.0270	0.0035	5742.3884	-2.8	0.5	2.8442	-0.0020	0.0002	0.3549	-0.4862	60	0.000	55.780838	37.639160	185.10	55.780895	37.639313	220.0	11011
1	2023-05-02	06:52:04	5742.2556	2	0.0261	0.0034	5742.3885	-4.8	0.2	2.8339	-0.0018	0.0003	0.3548	-0.4862	60	0.000	55.780838	37.639160	185.10	55.780964	37.639259	230.1	11011
1	2023-05-02	06:53:04	5742.2565	2	0.0249	0.0032	5742.3894	-3.9	0.2	2.8396	-0.0017	0.0002	0.3548	-0.4862	60	0.000	55.780838	37.639160	185.10	55.780876	37.639256	222.0	11011
1	2023-05-02	06:54:04	5742.2559	2	0.0289	0.0037	5742.3883	-3.5	0.9	2.8375	-0.0015	0.0002	0.3551	-0.4862	60	0.000	55.780838	37.639160	185.10	55.780994	37.639305	239.4	11011
1	2023-05-02	06:55:04	5742.2548	2	0.0282	0.0036	5742.3869	-4.0	1.6	2.8371	-0.0013	0.0003	0.3550	-0.4862	60	0.000	55.780838	37.639160	185.10	55.781021	37.639336	238.3	11011
1	2023-05-02	06:56:04	5742.2556	2	0.0299	0.0039	5742.3875	-5.6	1.7	2.8438	-0.0011	0.0004	0.3550	-0.4862	60	0.000	55.780838	37.639160	185.10	55.781071	37.639370	238.4	11011
1	2023-05-02	06:57:04	5742.2552	2	0.0222	0.0029	5742.3869	-5.9	1.3	2.8337	-0.0010	0.0005	0.3550	-0.4862	60	0.000	55.780838	37.639160	185.10	55.781067	37.639336	238.3	11011
1	2023-05-02	06:58:04	5742.2553	2	0.0256	0.0033	5742.3871	-4.9	1.5	2.8435	-0.0008	0.0003	0.3548	-0.4862	60	0.000	55.780838	37.639160	185.10	55.781105	37.639332	245.9	11011
1	2023-05-02	06:59:04	5742.2547	2	0.0305	0.0039	5742.3861	-4.3	0.9	2.8414	-0.0006	0.0003	0.3550	-0.4862	60	0.000	55.780838	37.639160	185.10	55.781010	37.639317	243.3	11011
1	2023-05-02	07:00:04	5742.2548	2	0.0257	0.0033	5742.3861	-4.7	2.2	2.8392	-0.0004	0.0004	0.3550	-0.4862	60	0.000	55.780838	37.639160	185.10	55.781013	37.639267	247.7	11011
1	2023-05-02	07:01:04	5742.2560	2	0.0322	0.0042	5742.3871	-5.0	2.3	2.8442	-0.0003	0.0004	0.3550	-0.4862	60	0.000	55.780838	37.639160	185.10	55.780983	37.639240	247.5	11011
1	2023-05-02	07:02:04	5742.2543	2	0.0168	0.0022	5742.3855	-3.7	1.6	2.8452	-0.0001	0.0002	0.3550	-0.4862	60	0.000	55.780838	37.639160	185.10	55.780899	37.639221	244.5	11011
21	2023-05-02	08:36:59	5719.6664	2	0.0303	0.0039	5719.7906	0.2	-1.9	2.8667	0.0032	0.0001	0.3591	-0.4866	60	0.000	55.780838	37.639160	185.10	55.699482	36.757751	172.4	11011
21	2023-05-02	08:37:59	5719.6671	2	0.0398	0.0051	5719.7917	0.9	-1.9	2.8739	0.0031	0.0001	0.3589	-0.4866	60	0.000	55.780838	37.639160	185.10	55.699375	36.757675	174.1	11011
21	2023-05-02	08:38:59	5719.6702	2	0.0304	0.0039	5719.7951	1.5	-2.6	2.8709	0.0030	0.0002	0.3586	-0.4866	60	0.000	55.780838	37.639160	185.10	55.699463	36.757763	175.0	11011
21	2023-05-02	08:39:59	5719.6672	2	0.0285	0.0037	5719.7926	2.4	-2.7	2.8677	0.0029	0.0002	0.3581	-0.4866	60	0.000	55.780838	37.639160	185.10	55.699436	36.757759	177.3	11011
21	2023-05-02	08:40:59	5719.6680	2	0.0301	0.0039	5719.7939	1.9	-2.6	2.8570	0.0028	0.0002	0.3578	-0.4866	60	0.000	55.780838	37.639160	185.10	55.699432	36.757835	177.4	11011
21	2023-05-02	08:41:59	5719.6682	2	0.0315	0.0041	5719.7945	1.5	-0.1	2.8552	0.0027	0.0001	0.3576	-0.4866	60	0.000	55.780838	37.639160	185.10	55.699444	36.757778	176.9	11011
21	2023-05-02	08:42:59	5719.6702	2	0.0322	0.0042	5719.7971	1.5	-1.1	2.8585	0.0026	0.0001	0.3571	-0.4866	60	0.000	55.780838	37.639160	185.10	55.699444	36.757790	175.7	11011
21	2023-05-02	08:43:59	5719.6647	2	0.0301	0.0039	5719.7922	1.3	-1.6	2.8485	0.0025	0.0001	0.3566	-0.4866	60	0.000	55.780838	37.639160	185.10	55.699463	36.757763	177.7	11011
21	2023-05-02	08:44:59	5719.6652	2	0.0287	0.0037	5719.7932	0.2	-1.1	2.8514	0.0024	0.0000	0.3563	-0.4867	60	0.000	55.780838	37.639160	185.10	55.699379	36.757759	176.2	11011
21	2023-05-02	08:45:59	5719.6660	2	0.0331	0.0043	5719.7943	1.5	-1.8	2.8542	0.0023	0.0001	0.3560	-0.4867	60	0.000	55.780838	37.639160	185.10	55.699730	36.758152	175.4	11011
21	2023-05-02	08:46:59	5719.6653	2	0.0293	0.0038	5719.7940	2.3	-1.8	2.8440	0.0021	0.0002	0.3557	-0.4867	60	0.000	55.780838	37.639160	185.10	55.699547	36.757801	178.0	11011
21	2023-05-02	08:47:59	5719.6645	2	0.0308	0.0040	5719.7937	0.8	-2.0	2.8427	0.0020	0.0001	0.3554	-0.4867	60	0.000	55.780838	37.639160	185.10	55.699673	36.758018	177.6	11011
21	2023-05-02	08:48:59	5719.6661	2	0.0361	0.0047	5719.7957	1.7	-1.1	2.8479	0.0019	0.0001	0.3551	-0.4867	60	0.000	55.780838	37.639160	185.10	55.699539	36.757778	178.2	11011
21	2023-05-02	08:49:59	5719.6658	2	0.0333	0.0043	5719.7957	2.2	-0.2	2.8376	0.0018	0.0001	0.3549	-0.4867	60	0.000	55.780838	37.639160	185.10	55.699539	36.757816	179.1	11011
21	2023-05-02	08:50:59	5719.6651	2	0.0350	0.0045	5719.7955	2.2	-0.7	2.8394	0.0017	0.0001	0.3545	-0.4867	60	0.000	55.780838	37.639160	185.10	55.699471	36.757771	179.3	11011
21	2023-05-02	08:51:59	5719.6669	2	0.0213	0.0028	5719.7978	1.3	-1.3	2.8406	0.0015	0.0001	0.3542	-0.4867	60	0.000	55.780838	37.639160	185.10	55.699368	36.757587	179.0	11011
21	2023-05-02	08:52:59	5719.6678	2	0.0293	0.0038	5719.7988	1.3	2.0	2.8367	0.0014	0.0001	0.3542	-0.4867	60	0.000	55.780838	37.639160	185.10	55.699444	36.757702	180.3	11011
21	2023-05-02	08:53:59	5719.6692	2	0.0335	0.0043	5719.8006	1.9	0.9	2.8234	0.0013	0.0001	0.3540	-0.4867	60	0.000	55.780838	37.639160	185.10	55.699455	36.757607	176.4	11011
21	2023-05-02	08:54:59	5719.6687	2	0.0310	0.0040	5719.8005	0.5	0.5	2.8332	0.0011	0.0000	0.3536	-0.4867	60	0.000	55.780838	37.639160	185.10	55.699368	36.757549	177.9	11011
21	2023-05-02	08:55:59	5719.6679	2	0.0416	0.0054	5719.8000	0.9	0.2	2.8327	0.0010	0.0000	0.3536	-0.4867	60	0.000	55.780838	37.639160	185.10	55.699398	36.757626	177.9	11011
21	2023-05-02	08:56:59	5719.6703	2	0.0366	0.0047	5719.8029	0.9	-0.1	2.8239	0.0009	0.0000	0.3532	-0.4867	60	0.000	55.780838	37.639160	185.10	55.699375	36.757568	175.8	11011
21	2023-05-02	08:57:59	5719.6655	2	0.0394	0.0051	5719.7981	0.9	0.2	2.8265	0.0007	0.0000	0.3533	-0.4867	60	0.000	55.780838	37.639160	185.10	55.699432	36.757751	176.0	11011
21	2023-05-02	08:58:59	5719.6667	2	0.0431	0.0056	5719.7996	2.3	0.7	2.8222	0.0006	0.0001	0.3531	-0.4867	60	0.000	55.780838	37.639160	185.10	55.699253	36.757599	176.3	11011
21	2023-05-02	08:59:59	5719.6673	2	0.0273	0.0035	5719.8007	2.1	0.5	2.8232	0.0004	0.0001	0.3528	-0.4867	60	0.000	55.780838	37.639160	185.10	55.699692	36.757874	176.4	11011
21	2023-05-02	09:00:59	5719.6674	2	0.0261	0.0034	5719.8010	1.7	0.9	2.8199	0.0003	0.0001	0.3527	-0.4867	60	0.000	55.780838	37.639160	185.10	55.699348	36.757626	176.8	11011
21	2023-05-02	09:01:59	5719.6669	2	0.0280	0.0036	5719.8010	1.8	1.0	2.8167	0.0001	0.0000	0.3525	-0.4867	60	0.000	55.780838	37.639160	185.10	55.699413	36.757580	177.2	11011
21	2023-05-02	09:02:59	5719.6651	2	0.0249	0.0032	5719.7993	1.9	1.3	2.8183	-0.0000	0.0001	0.3524	-0.4867	60	0.000	55.780838	37.639160	185.10	55.699539	36.757771	176.5	11011
21	2023-05-02	09:03:59	5719.6667	2	0.0325	0.0042	5719.8014	1.3	1.5	2.8120	-0.0002	0.0001	0.3522	-0.4867	60	0.000	55.780838	37.639160	185.10	55.699413	36.757725	176.4	11011
21	2023-05-02	09:04:59	5719.6657	2	0.0306	0.0040	5719.8005	2.1	1.5	2.8135	-0.0003	0.0001	0.3521	-0.4867	60	0.000	55.780838	37.639160	185.10	55.699642	36.757694	175.7	11011
21	2023-05-02	09:05:59	5719.6654	2	0.0321	0.0041	5719.8008	1.3	1.5	2.8140	-0.0005	0.0001	0.3517	-0.4867	60	0.000	55.780838	37.639160	185.10	55.699341	36.757702	175.2	11011
21	2023-05-02	09:06:59	5719.6666	2	0.0302	0.0039	5719.8023	2.1	1.5	2.8094	-0.0006	0.0001	0.3516	-0.4867	60	0.000	55.780838	37.639160	185.10	55.699207	36.757675	174.6	11011
21	2023-05-02	09:07:59	5719.6656	2	0.0328	0.0042	5719.8014	1.2	2.3	2.8115	-0.0008	0.0001	0.3517	-0.4868	60	0.000	55.780838	37.639160	185.10	55.699398	36.757587	175.5	11011
21	2023-05-02	09:08:59	5719.6659	2	0.0334	0.0043	5719.8023	1.1	2.0	2.8064	-0.0010	0.0000	0.3513	-0.4868	60	0.000	55.780838	37.639160	185.10	55.699356	36.757675	176.4	11011
21	2023-05-02	09:09:59	5719.6668	2	0.0326	0.0042	5719.8032	2.2	2.4	2.8074	-0.0011	0.0002	0.3514	-0.4868	60	0.000	55.780838	37.639160	185.10	55.699444	36.757713	175.6	11011
21	2023-05-02	09:10:59	5719.6667	2	0.0378	0.0049	5719.8034	3.1	2.6	2.8081	-0.0013	0.0002	0.3511	-0.4868	60	0.000	55.780838	37.639160	185.10	55.699375	36.757645	174.9	11011
21	2023-05-02	09:11:59	5719.6664	2	0.0322	0.0042	5719.8037	1.9	1.3	2.8095	-0.0015	0.0001	0.3508	-0.4868	60	0.000	55.780838	37.639160	185.10	55.699368	36.757648	174.2	11011
21	2023-05-02	09:12:59	5719.6658	2	0.0333	0.0043	5719.8032	1.2	2.7	2.8051	-0.0017	0.0002	0.3509	-0.4868	60	0.000	55.780838	37.639160	185.10	55.699341	36.757713	172.0	11011
21	2023-05-02	09:13:59	5719.6651	2	0.0305	0.0039	5719.8028	1.6	2.6	2.7997	-0.0018	0.0002	0.3507	-0.4868	60	0.000	55.780838	37.639160	185.10	55.699444	36.757683	172.3	11011
21	2023-05-02	09:14:59	5719.6646	2	0.0309	0.0040	5719.8025	0.1	2.9	2.7998	-0.0020	0.0002	0.3507	-0.4868	60	0.000	55.780838	37.639160	185.10	55.699398	36.757706	173.1	11011
21	2023-05-02	09:15:59	5719.6647	2	0.0465	0.0060	5719.8031	1.7	1.9	2.8032	-0.0022	0.0001	0.3505	-0.4868	60	0.000	55.780838	37.639160	185.10	55.699387	36.757744	172.3	11011
21	2023-05-02	09:16:59	5719.6671	2	0.0259	0.0033	5719.8058	2.0	1.0	2.8037	-0.0024	0.0001	0.3504	-0.4868	60	0.000	55.780838	37.639160	185.10	55.699375	36.757668	169.7	11011
21	2023-05-02	09:17:59	5719.6658	2	0.0308	0.0040	5719.8048	1.9	1.1	2.8054	-0.0026	0.0001	0.3502	-0.4868	60	0.000	55.780838	37.639160	185.10	55.699413	36.757702	169.9	11011
21	2023-05-02	09:18:59	5719.6653	2	0.0408	0.0053	5719.8046	1.7	1.5	2.7962	-0.0028	0.0001	0.3502	-0.4868	60	0.000	55.780838	37.639160	185.10	55.699318	36.757687	169.4	11011
21	2023-05-02	09:19:59	5719.6647	2	0.0331	0.0043	5719.8044	1.4	1.2	2.7940	-0.0029	0.0001	0.3500	-0.4868	60	0.000	55.780838	37.639160	185.10	55.699406	36.757675	168.0	11011
21	2023-05-02	09:20:59	5719.6654	2	0.0260	0.0034	5719.8052	3.3	2.6	2.7982	-0.0031	0.0003	0.3499	-0.4868	60	0.000	55.780838	37.639160	185.10	55.699512	36.757687	163.5	11011
21	2023-05-02	09:21:59	5719.6646	2	0.0466	0.0060	5719.8049	2.3	2.1	2.7977	-0.0033	0.0001	0.3497	-0.4868	60	0.000	55.780838	37.639160	185.10	55.699341	36.757713	165.5	11011
21	2023-05-02	09:22:59	5719.6668	2	0.0331	0.0043	5719.8072	2.3	1.7	2.7921	-0.0035	0.0002	0.3498	-0.4868	60	0.000	55.780838	37.639160	185.10	55.699375	36.757668	166.5	11011
21	2023-05-02	09:23:59	5719.6660	2	0.0333	0.0043	5719.8067	2.9	1.3	2.7972	-0.0037	0.0002	0.3496	-0.4868	60	0.000	55.780838	37.639160	185.10	55.699368	36.757675	172.0	11011
21	2023-05-02	09:24:59	5719.6655	2	0.0352	0.0045	5719.8066	1.8	1.3	2.7936	-0.0039	0.0001	0.3496	-0.4868	60	0.000	55.780838	37.639160	185.10	55.699348	36.757668	168.3	11011
21	2023-05-02	09:25:59	5719.6657	2	0.0323	0.0042	5719.8073	0.7	1.4	2.8058	-0.0041	0.0000	0.3492	-0.4868	60	0.000	55.780838	37.639160	185.10	55.699322	36.757607	163.1	11011
21	2023-05-02	09:26:59	5719.6659	2	0.0313	0.0040	5719.8076	0.4	1.1	2.7928	-0.0043	0.0000	0.3494	-0.4868	60	0.000	55.780838	37.639160	185.10	55.699398	36.757702	162.8	11011
21	2023-05-02	09:27:59	5719.6681	2	0.0338	0.0044	5719.8099	-0.4	1.5	2.7960	-0.0045	0.0001	0.3495	-0.4868	60	0.000	55.780838	37.639160	185.10	55.699490	36.757751	162.6	11011
21	2023-05-02	09:28:59	5719.6662	2	0.0230	0.0030	5719.8085	0.6	2.2	2.7904	-0.0047	0.0001	0.3492	-0.4868	60	0.000	55.780838	37.639160	185.10	55.699551	36.757675	162.0	11011
21	2023-05-02	09:29:59	5719.6657	2	0.0338	0.0044	5719.8084	-0.4	2.2	2.7864	-0.0049	0.0001	0.3490	-0.4868	60	0.000	55.780838	37.639160	185.10	55.699444	36.757675	162.1	11011
21	2023-05-02	09:30:59	5719.6675	2	0.0314	0.0040	5719.8105	1.1	2.3	2.7915	-0.0052	0.0001	0.3490	-0.4869	60	0.000	55.780838	37.639160	185.10	55.699482	36.757725	161.9	11011
21	2023-05-02	09:31:59	5719.6664	2	0.0409	0.0053	5719.8095	1.1	2.5	2.7893	-0.0054	0.0001	0.3490	-0.4869	60	0.000	55.780838	37.639160	185.10	55.699444	36.757656	160.9	11011
21	2023-05-02	09:32:59	5719.6652	2	0.0399	0.0052	5719.8086	0.5	3.1	2.7931	-0.0056	0.0001	0.3489	-0.4869	60	0.000	55.780838	37.639160	185.10	55.699528	36.757713	161.0	11011
21	2023-05-02	09:33:59	5719.6669	2	0.0307	0.0040	5719.8108	0.1	3.2	2.7884	-0.0058	0.0002	0.3487	-0.4869	60	0.000	55.780838	37.639160	185.10	55.699547	36.757744	161.4	11011
21	2023-05-02	09:34:59	5719.6698	2	0.0388	0.0050	5719.8140	-0.0	3.2	2.7881	-0.0060	0.0001	0.3486	-0.4869	60	0.000	55.780838	37.639160	185.10	55.699471	36.757702	162.5	11011
21	2023-05-02	09:35:59	5719.6693	2	0.0289	0.0037	5719.8138	-1.7	1.5	2.7888	-0.0062	0.0001	0.3485	-0.4869	60	0.000	55.780838	37.639160	185.10	55.699490	36.757740	162.6	11011
1	2023-05-02	11:13:29	5742.2453	2	0.0256	0.0033	5742.4082	-1.2	-1.2	2.8659	-0.0337	0.0001	0.3580	-0.4873	60	0.000	55.780838	37.639160	185.10	55.781067	37.639351	145.8	11011
1	2023-05-02	11:14:29	5742.2454	2	0.0285	0.0037	5742.4088	-1.5	-2.2	2.8644	-0.0340	0.0001	0.3579	-0.4873	60	0.000	55.780838	37.639160	185.10	55.780972	37.639343	145.4	11011
1	2023-05-02	11:15:29	5742.2480	2	0.0266	0.0034	5742.4115	-2.3	-1.8	2.8656	-0.0343	0.0001	0.3579	-0.4873	60	0.000	55.780838	37.639160	185.10	55.781166	37.639305	147.8	11011
1	2023-05-02	11:16:29	5742.2486	2	0.0359	0.0046	5742.4127	-2.3	-1.7	2.8612	-0.0346	0.0001	0.3577	-0.4873	60	0.000	55.780838	37.639160	185.10	55.780907	37.639343	147.8	11011
1	2023-05-02	11:17:29	5742.2471	2	0.0268	0.0035	5742.4116	-1.1	-1.2	2.8542	-0.0349	0.0001	0.3576	-0.4873	60	0.000	55.780838	37.639160	185.10	55.780933	37.639420	151.0	11011
1	2023-05-02	11:18:29	5742.2443	2	0.0250	0.0032	5742.4092	-2.2	-2.2	2.8562	-0.0352	0.0002	0.3574	-0.4873	60	0.000	55.780838	37.639160	185.10	55.780895	37.639469	154.5	11011
1	2023-05-02	11:19:29	5742.2444	2	0.0238	0.0031	5742.4099	-2.6	-0.9	2.8555	-0.0355	0.0001	0.3573	-0.4873	60	0.000	55.780838	37.639160	185.10	55.781029	37.639172	156.7	11011
1	2023-05-02	11:20:29	5742.2460	2	0.0274	0.0035	5742.4119	-3.2	0.2	2.8558	-0.0358	0.0001	0.3571	-0.4873	60	0.000	55.780838	37.639160	185.10	55.780876	37.639294	164.1	11011
1	2023-05-02	11:21:29	5742.2468	2	0.0287	0.0037	5742.4131	-2.0	0.0	2.8531	-0.0361	0.0001	0.3571	-0.4873	60	0.000	55.780838	37.639160	185.10	55.780918	37.639336	163.9	11011
1	2023-05-02	11:22:29	5742.2448	2	0.0241	0.0031	5742.4116	-2.0	-0.1	2.8594	-0.0364	0.0001	0.3570	-0.4873	60	0.000	55.780838	37.639160	185.10	55.781010	37.639458	164.2	11011
1	2023-05-02	11:23:29	5742.2469	2	0.0239	0.0031	5742.4141	-0.9	1.1	2.8560	-0.0368	0.0000	0.3569	-0.4873	60	0.000	55.780838	37.639160	185.10	55.781078	37.639191	165.1	11011
1	2023-05-02	11:24:29	5742.2470	2	0.0229	0.0030	5742.4144	-1.9	1.5	2.8557	-0.0371	0.0001	0.3570	-0.4873	60	0.000	55.780838	37.639160	185.10	55.781067	37.639248	163.9	11011
1	2023-05-02	11:25:29	5742.2480	2	0.0214	0.0028	5742.4157	-2.4	1.6	2.8541	-0.0374	0.0001	0.3569	-0.4873	60	0.000	55.780838	37.639160	185.10	55.780956	37.639324	163.3	11011
1	2023-05-02	11:26:29	5742.2465	2	0.0250	0.0032	5742.4146	-1.8	1.2	2.8524	-0.0377	0.0001	0.3569	-0.4874	60	0.000	55.780838	37.639160	185.10	55.781067	37.639256	163.9	11011
1	2023-05-02	11:27:29	5742.2448	2	0.0297	0.0038	5742.4134	-0.7	2.0	2.8510	-0.0380	0.0001	0.3566	-0.4874	60	0.000	55.780838	37.639160	185.10	55.781013	37.639160	163.0	11011
1	2023-05-02	11:28:29	5742.2483	2	0.0210	0.0027	5742.4173	-0.6	1.6	2.8524	-0.0383	0.0001	0.3566	-0.4874	60	0.000	55.780838	37.639160	185.10	55.781067	37.639164	166.2	11011
1	2023-05-02	11:29:29	5742.2476	2	0.0250	0.0032	5742.4170	-0.6	1.1	2.8565	-0.0386	0.0000	0.3566	-0.4874	60	0.000	55.780838	37.639160	185.10	55.780994	37.639294	166.9	11011
1	2023-05-02	11:30:29	5742.2458	2	0.0235	0.0030	5742.4153	-1.6	0.5	2.8504	-0.0389	0.0001	0.3567	-0.4874	60	0.000	55.780838	37.639160	185.10	55.780754	37.639275	167.9	11011
1	2023-05-02	11:31:29	5742.2462	2	0.0213	0.0027	5742.4161	-2.1	0.9	2.8523	-0.0392	0.0001	0.3567	-0.4874	60	0.000	55.780838	37.639160	185.10	55.781040	37.639114	168.0	11011
1	2023-05-02	11:32:29	5742.2490	2	0.0276	0.0036	5742.4195	-1.4	0.9	2.8570	-0.0395	0.0001	0.3564	-0.4874	60	0.000	55.780838	37.639160	185.10	55.780964	37.639465	168.5	11011
1	2023-05-02	11:33:29	5742.2471	2	0.0224	0.0029	5742.4178	-0.8	0.4	2.8506	-0.0398	0.0000	0.3564	-0.4874	60	0.000	55.780838	37.639160	185.10	55.781067	37.639439	168.5	11011
1	2023-05-02	11:34:29	5742.2454	2	0.0218	0.0028	5742.4164	-0.7	0.7	2.8530	-0.0401	0.0001	0.3564	-0.4874	60	0.000	55.780838	37.639160	185.10	55.780933	37.639248	169.3	11011
1	2023-05-02	11:35:29	5742.2446	2	0.0304	0.0039	5742.4160	0.1	0.9	2.8508	-0.0404	0.0000	0.3564	-0.4874	60	0.000	55.780838	37.639160	185.10	55.780918	37.639370	168.8	11011
1	2023-05-02	11:36:29	5742.2444	2	0.0372	0.0048	5742.4163	-0.3	0.5	2.8493	-0.0407	0.0000	0.3562	-0.4874	60	0.000	55.780838	37.639160	185.10	55.780983	37.639278	170.5	11011
1	2023-05-02	11:37:29	5742.2440	2	0.0205	0.0026	5742.4163	-0.6	0.1	2.8480	-0.0410	0.0000	0.3561	-0.4874	60	0.000	55.780838	37.639160	185.10	55.780983	37.639229	171.1	11011
1	2023-05-02	11:38:29	5742.2464	2	0.0262	0.0034	5742.4190	-1.5	0.9	2.8473	-0.0413	0.0001	0.3561	-0.4874	60	0.000	55.780838	37.639160	185.10	55.781109	37.639324	171.2	11011
1	2023-05-02	11:39:29	5742.2461	2	0.0333	0.0043	5742.4190	-1.0	0.8	2.8468	-0.0416	0.0000	0.3561	-0.4874	60	0.000	55.780838	37.639160	185.10	55.780972	37.639324	171.3	11011
1	2023-05-02	11:40:29	5742.2449	2	0.0255	0.0033	5742.4182	-1.2	0.5	2.8566	-0.0419	0.0000	0.3559	-0.4874	60	0.000	55.780838	37.639160	185.10	55.781040	37.639019	171.3	11011
1	2023-05-02	11:41:29	5742.2452	2	0.0280	0.0036	5742.4187	-2.1	1.0	2.8484	-0.0422	0.0001	0.3561	-0.4874	60	0.000	55.780838	37.639160	185.10	55.781040	37.639069	171.0	11011
1	2023-05-02	11:42:29	5742.2444	2	0.0243	0.0031	5742.4183	-2.9	0.9	2.8421	-0.0425	0.0001	0.3559	-0.4874	60	0.000	55.780838	37.639160	185.10	55.780514	37.639858	171.1	11011
1	2023-05-02	11:43:29	5742.2450	2	0.0256	0.0033	5742.4192	-1.9	-0.3	2.8491	-0.0428	0.0001	0.3559	-0.4874	60	0.000	55.780838	37.639160	185.10	55.780842	37.639446	172.8	11011
1	2023-05-02	11:44:29	5742.2442	2	0.0306	0.0040	5742.4187	-2.0	0.1	2.8478	-0.0431	0.0001	0.3559	-0.4874	60	0.000	55.780838	37.639160	185.10	55.780991	37.639259	172.9	11011
1	2023-05-02	11:45:29	5742.2453	2	0.0274	0.0035	5742.4202	-1.9	-0.0	2.8474	-0.0434	0.0001	0.3559	-0.4874	60	0.000	55.780838	37.639160	185.10	55.781048	37.639343	172.8	11011
1	2023-05-02	11:46:29	5742.2442	2	0.0239	0.0031	5742.4194	-2.0	0.7	2.8386	-0.0437	0.0001	0.3559	-0.4874	60	0.000	55.780838	37.639160	185.10	55.780907	37.639324	172.4	11011
1	2023-05-02	11:47:29	5742.2438	2	0.0272	0.0035	5742.4191	-2.3	1.5	2.8416	-0.0440	0.0001	0.3560	-0.4874	60	0.000	55.780838	37.639160	185.10	55.780937	37.639374	173.9	11011
1	2023-05-02	11:48:29	5742.2467	2	0.0296	0.0038	5742.4223	-2.6	2.4	2.8488	-0.0443	0.0002	0.3559	-0.4874	60	0.000	55.780838	37.639160	185.10	55.780918	37.639370	175.9	11011
1	2023-05-02	11:49:29	5742.2438	2	0.0202	0.0026	5742.4199	-1.8	1.5	2.8484	-0.0446	0.0001	0.3559	-0.4875	60	0.000	55.780838	37.639160	185.10	55.780895	37.639259	178.9	11011
1	2023-05-02	11:50:29	5742.2453	2	0.0247	0.0032	5742.4217	-1.7	1.8	2.8461	-0.0449	0.0001	0.3558	-0.4875	60	0.000	55.780838	37.639160	185.10	55.780926	37.639248	179.6	11011
1	2023-05-02	11:51:29	5742.2410	2	0.0223	0.0029	5742.4177	-1.1	2.7	2.8447	-0.0452	0.0002	0.3558	-0.4875	60	0.000	55.780838	37.639160	185.10	55.781078	37.639259	180.1	11011
1	2023-05-02	11:52:29	5742.2413	2	0.0247	0.0032	5742.4183	0.0	3.2	2.8407	-0.0455	0.0001	0.3558	-0.4875	60	0.000	55.780838	37.639160	185.10	55.781067	37.639297	180.6	11011
1	2023-05-02	11:53:29	5742.2420	2	0.0282	0.0036	5742.4194	-0.4	3.4	2.8402	-0.0457	0.0002	0.3557	-0.4875	60	0.000	55.780838	37.639160	185.10	55.780918	37.639294	183.2	11011
1	2023-05-02	11:54:29	5742.2434	2	0.0287	0.0037	5742.4210	0.2	4.0	2.8485	-0.0460	0.0002	0.3557	-0.4875	60	0.000	55.780838	37.639160	185.10	55.780983	37.639236	184.0	11011
1	2023-05-02	11:55:29	5742.2420	2	0.0255	0.0033	5742.4200	0.4	3.3	2.8426	-0.0463	0.0002	0.3557	-0.4875	60	0.000	55.780838	37.639160	185.10	55.781071	37.639267	184.6	11011
1	2023-05-02	11:56:29	5742.2435	2	0.0250	0.0032	5742.4218	1.0	3.3	2.8413	-0.0466	0.0002	0.3556	-0.4875	60	0.000	55.780838	37.639160	185.10	55.780983	37.639256	184.9	11011
1	2023-05-02	11:57:29	5742.2411	2	0.0279	0.0036	5742.4198	-0.2	2.7	2.8462	-0.0469	0.0001	0.3556	-0.4875	60	0.000	55.780838	37.639160	185.10	55.781155	37.639172	185.3	11011
1	2023-05-02	11:58:29	5742.2428	2	0.0276	0.0036	5742.4217	-0.9	4.0	2.8431	-0.0472	0.0002	0.3557	-0.4875	60	0.000	55.780838	37.639160	185.10	55.780849	37.639229	188.7	11011
1	2023-05-02	11:59:29	5742.2408	2	0.0187	0.0024	5742.4199	-0.9	3.9	2.8424	-0.0475	0.0002	0.3557	-0.4875	60	0.000	55.780838	37.639160	185.10	55.780842	37.639305	192.1	11011
1	2023-05-02	12:00:29	5742.2429	2	0.0260	0.0034	5742.4224	-1.6	4.2	2.8427	-0.0477	0.0003	0.3555	-0.4875	60	0.000	55.780838	37.639160	185.10	55.780849	37.639221	193.4	11011
1	2023-05-02	12:01:29	5742.2433	2	0.0282	0.0036	5742.4229	-1.6	5.1	2.8522	-0.0480	0.0004	0.3556	-0.4875	60	0.000	55.780838	37.639160	185.10	55.780991	37.639332	193.0	11011
1	2023-05-02	12:02:29	5742.2427	2	0.0232	0.0030	5742.4226	-1.4	4.4	2.8437	-0.0483	0.0002	0.3557	-0.4875	60	0.000	55.780838	37.639160	185.10	55.780933	37.639336	193.3	11011
1	2023-05-02	12:03:29	5742.2429	2	0.0286	0.0037	5742.4232	-2.0	4.2	2.8485	-0.0486	0.0003	0.3555	-0.4875	60	0.000	55.780838	37.639160	185.10	55.780895	37.639236	193.3	11011
1	2023-05-02	12:04:29	5742.2416	2	0.0259	0.0033	5742.4223	-1.5	3.2	2.8448	-0.0489	0.0001	0.3556	-0.4875	60	0.000	55.780838	37.639160	185.10	55.780563	37.638992	192.8	11011
1	2023-05-02	12:05:29	5742.2431	2	0.0295	0.0038	5742.4240	-1.6	2.9	2.8444	-0.0491	0.0002	0.3556	-0.4875	60	0.000	55.780838	37.639160	185.10	55.780495	37.639019	192.8	11011
1	2023-05-02	12:06:29	5742.2442	2	0.0237	0.0031	5742.4255	-1.1	3.8	2.8418	-0.0494	0.0002	0.3554	-0.4875	60	0.000	55.780838	37.639160	185.10	55.781021	37.639523	194.2	11011
1	2023-05-02	12:07:29	5742.2430	2	0.0260	0.0034	5742.4244	-2.4	3.6	2.8437	-0.0497	0.0003	0.3555	-0.4875	60	0.000	55.780838	37.639160	185.10	55.781021	37.639278	195.6	11011
1	2023-05-02	12:08:29	5742.2435	2	0.0274	0.0035	5742.4253	-2.9	2.5	2.8461	-0.0500	0.0002	0.3555	-0.4875	60	0.000	55.780838	37.639160	185.10	55.780823	37.639236	195.7	11011
1	2023-05-02	12:09:29	5742.2432	2	0.0284	0.0037	5742.4254	-2.4	2.7	2.8423	-0.0502	0.0002	0.3554	-0.4875	60	0.000	55.780838	37.639160	185.10	55.780880	37.639294	196.3	11011
1	2023-05-02	12:10:29	5742.2448	2	0.0311	0.0040	5742.4272	-1.4	4.4	2.8414	-0.0505	0.0003	0.3554	-0.4875	60	0.000	55.780838	37.639160	185.10	55.780983	37.639000	200.4	11011
1	2023-05-02	12:11:29	5742.2460	2	0.0269	0.0035	5742.4288	-1.4	2.6	2.8409	-0.0508	0.0001	0.3554	-0.4875	60	0.000	55.780838	37.639160	185.10	55.781162	37.639622	199.6	11011
1	2023-05-02	12:12:29	5742.2453	2	0.0283	0.0037	5742.4283	-2.1	2.7	2.8470	-0.0510	0.0002	0.3554	-0.4876	60	0.000	55.780838	37.639160	185.10	55.780956	37.639393	197.8	11011
