
/	CG-5 SURVEY
/	Survey name:   	110A-LEDV
/	Instrument S/N:	41262
/	Client:        	tsniigaik
/	Operator:      	IASK
/	Date:          	2022/ 4/12
/	Time:          	05:39:27
/	LONG:        	37.5000000 E
/	LAT:         	55.8000000 N
/	ZONE:        	0       
/	GMT DIFF.:   	0.0 

/	CG-5 SETUP PARAMETERS
/	Gref:			0.000   
/	Gcal1:		8489.254
/	TiltxS:		714.166 
/	TiltyS:		708.889 
/	TiltxO:		17.920  
/	TiltyO:		-24.094 
/	Tempco:		-0.131  
/	Drift:		0.141   
/	DriftTime Start:	05:40:03
/	DriftDate Start:	2022/04/12

/	CG-5 OPTIONS
/	Tide Correction:    YES
/	Cont. Tilt:          NO
/	Auto Rejection:     YES
/	Terrain Corr.:       NO
/	Seismic Filter:     YES
/	Raw Data:           YES
Line	  14.000N
/------LINE-----STATION-----ALT.------GRAV.---SD.--TILTX--TILTY-TEMP---TIDE---DUR-REJ-----TIME----DEC.TIME+DATE--TERRAIN---DATE
14.0000000  10.0000000   30.0779   5307.210 0.095   -2.1   -2.0 2.39 -0.055  55   3 05:53:43     44631.24524    0.0000  2022/04/12
14.0000000  10.0000000   30.3221   5307.211 0.079   -2.5   -2.4 2.39 -0.055  55   0 05:54:48     44631.24599    0.0000  2022/04/12
14.0000000  10.0000000   30.3221   5307.210 0.052   -2.7   -2.6 2.39 -0.055  55   0 05:55:48     44631.24669    0.0000  2022/04/12
14.0000000  10.0000000   30.3221   5307.211 0.047   -2.8   -3.0 2.39 -0.055  55   0 05:56:48     44631.24738    0.0000  2022/04/12
14.0000000  10.0000000   30.3221   5307.209 0.056   -3.1   -3.1 2.38 -0.055  55   0 05:57:48     44631.24807    0.0000  2022/04/12
14.0000000  10.0000000   30.3221   5307.211 0.050   -3.3   -3.4 2.38 -0.054  55   0 05:58:48     44631.24877    0.0000  2022/04/12
14.0000000  10.0000000   30.3221   5307.211 0.046   -3.5   -3.5 2.38 -0.054  55   0 05:59:48     44631.24946    0.0000  2022/04/12
14.0000000  10.0000000   30.3221   5307.210 0.040   -3.7   -3.5 2.37 -0.054  55   0 06:00:48     44631.25015    0.0000  2022/04/12
14.0000000  10.0000000   30.5662   5307.210 0.048   -3.7   -3.8 2.37 -0.054  55   0 06:01:48     44631.25085    0.0000  2022/04/12
14.0000000  10.0000000   30.5662   5307.210 0.037   -3.7   -3.8 2.36 -0.054  55   0 06:02:48     44631.25154    0.0000  2022/04/12
14.0000000  10.0000000   30.5662   5307.210 0.065   -3.8   -4.0 2.36 -0.054  55   0 06:03:48     44631.25223    0.0000  2022/04/12
14.0000000  10.0000000   30.3221   5307.210 0.044   -3.9   -4.0 2.36 -0.053  55   0 06:04:48     44631.25293    0.0000  2022/04/12
14.0000000  10.0000000   30.5662   5307.209 0.042   -3.9   -4.1 2.35 -0.053  55   0 06:05:48     44631.25362    0.0000  2022/04/12
14.0000000  10.0000000   30.3221   5307.212 0.058   -4.0   -4.2 2.35 -0.053  55   0 06:06:48     44631.25431    0.0000  2022/04/12
14.0000000  10.0000000   30.5662   5307.210 0.049   -4.1   -4.4 2.35 -0.053  55   0 06:07:48     44631.25501    0.0000  2022/04/12
14.0000000  10.0000000   30.5662   5307.209 0.053   -4.1   -4.5 2.35 -0.053  55   1 06:08:48     44631.25570    0.0000  2022/04/12
14.0000000  10.0000000   30.5662   5307.211 0.059   -4.0   -4.5 2.34 -0.053  55   0 06:09:48     44631.25639    0.0000  2022/04/12
14.0000000  10.0000000   30.5662   5307.212 0.052   -4.0   -4.7 2.34 -0.053  55   2 06:10:48     44631.25709    0.0000  2022/04/12
14.0000000  10.0000000   30.5662   5307.208 0.074   -4.1   -5.0 2.34 -0.052  55   2 06:11:48     44631.25778    0.0000  2022/04/12
14.0000000  10.0000000   30.5662   5307.210 0.054   -4.2   -4.8 2.34 -0.052  55   0 06:12:48     44631.25847    0.0000  2022/04/12
14.0000000  10.0000000   30.5662   5307.211 0.044   -4.2   -5.0 2.34 -0.052  55   0 06:13:48     44631.25917    0.0000  2022/04/12
14.0000000  10.0000000   30.5662   5307.212 0.040   -4.2   -5.2 2.33 -0.052  55   0 06:14:48     44631.25986    0.0000  2022/04/12
14.0000000  10.0000000   30.8103   5307.211 0.042   -4.2   -5.4 2.33 -0.052  55   0 06:15:48     44631.26055    0.0000  2022/04/12
14.0000000  10.0000000   30.5662   5307.210 0.045   -4.3   -5.3 2.33 -0.052  55   0 06:16:48     44631.26125    0.0000  2022/04/12
14.0000000  10.0000000   30.5662   5307.212 0.071   -4.3   -5.7 2.33 -0.051  55   1 06:17:48     44631.26194    0.0000  2022/04/12
14.0000000  10.0000000   30.5662   5307.211 0.043   -4.4   -5.7 2.33 -0.051  55   0 06:18:48     44631.26263    0.0000  2022/04/12
14.0000000  10.0000000   30.5662   5307.211 0.054   -4.3   -5.9 2.33 -0.051  55   0 06:19:48     44631.26333    0.0000  2022/04/12
14.0000000  10.0000000   30.5662   5307.212 0.046   -4.4   -6.0 2.33 -0.051  55   0 06:20:48     44631.26402    0.0000  2022/04/12
14.0000000  10.0000000   30.5662   5307.211 0.044   -4.4   -6.2 2.33 -0.051  55   0 06:21:48     44631.26471    0.0000  2022/04/12
14.0000000  10.0000000   30.5662   5307.211 0.046   -4.5   -6.3 2.33 -0.051  55   0 06:22:48     44631.26541    0.0000  2022/04/12
14.0000000  10.0000000   30.8103   5307.211 0.055   -4.5   -6.5 2.33 -0.051  55   0 06:23:48     44631.26610    0.0000  2022/04/12
14.0000000  10.0000000   30.8103   5307.212 0.067   -4.6   -6.6 2.33 -0.050  55   0 06:24:48     44631.26679    0.0000  2022/04/12
14.0000000  10.0000000   30.5662   5307.211 0.040   -4.7   -6.6 2.33 -0.050  55   0 06:25:48     44631.26749    0.0000  2022/04/12
14.0000000  10.0000000   30.5662   5307.211 0.046   -4.6   -6.8 2.33 -0.050  55   0 06:26:48     44631.26818    0.0000  2022/04/12
14.0000000  10.0000000   30.5662   5307.211 0.045   -4.7   -6.9 2.33 -0.050  55   0 06:27:48     44631.26887    0.0000  2022/04/12
14.0000000  10.0000000   30.5662   5307.212 0.055   -4.7   -7.0 2.33 -0.050  55   0 06:28:48     44631.26957    0.0000  2022/04/12
14.0000000  10.0000000   30.5662   5307.211 0.048   -4.7   -6.9 2.33 -0.050  55   0 06:29:48     44631.27026    0.0000  2022/04/12
14.0000000  10.0000000   30.5662   5307.212 0.048   -4.7   -7.0 2.33 -0.050  55   0 06:30:48     44631.27095    0.0000  2022/04/12
14.0000000  10.0000000   30.5662   5307.213 0.057   -4.7   -7.2 2.33 -0.049  55   0 06:31:48     44631.27165    0.0000  2022/04/12
14.0000000  10.0000000   30.5662   5307.213 0.054   -4.7   -7.2 2.33 -0.049  55   0 06:32:48     44631.27234    0.0000  2022/04/12
14.0000000  10.0000000   30.5662   5307.211 0.070   -4.7   -7.3 2.33 -0.049  55   0 06:33:48     44631.27303    0.0000  2022/04/12
14.0000000  10.0000000   30.5662   5307.212 0.073   -4.9   -7.2 2.33 -0.049  55   0 06:34:48     44631.27373    0.0000  2022/04/12
14.0000000  10.0000000   30.5662   5307.212 0.057   -4.9   -7.4 2.33 -0.049  55   0 06:35:48     44631.27442    0.0000  2022/04/12
14.0000000  10.0000000   30.5662   5307.212 0.054   -4.8   -7.5 2.32 -0.049  55   0 06:36:48     44631.27511    0.0000  2022/04/12
14.0000000  10.0000000   30.5662   5307.212 0.043   -4.9   -7.7 2.32 -0.049  55   0 06:37:48     44631.27581    0.0000  2022/04/12
14.0000000  10.0000000   30.5662   5307.213 0.078   -4.9   -7.8 2.33 -0.048  55   0 06:38:48     44631.27650    0.0000  2022/04/12
14.0000000  10.0000000   30.5662   5307.213 0.051   -4.8   -7.8 2.32 -0.048  55   0 06:39:48     44631.27719    0.0000  2022/04/12
14.0000000  10.0000000   30.5662   5307.213 0.047   -4.9   -7.9 2.32 -0.048  55   0 06:40:48     44631.27789    0.0000  2022/04/12
14.0000000  10.0000000   30.5662   5307.213 0.047   -4.9   -8.0 2.32 -0.048  55   0 06:41:48     44631.27858    0.0000  2022/04/12
14.0000000  10.0000000   30.5662   5307.214 0.055   -4.8   -8.0 2.33 -0.048  55   0 06:42:48     44631.27927    0.0000  2022/04/12
14.0000000  10.0000000   30.5662   5307.213 0.043   -4.9   -8.1 2.32 -0.048  55   0 06:43:48     44631.27997    0.0000  2022/04/12
14.0000000  10.0000000   30.5662   5307.215 0.053   -4.9   -8.2 2.32 -0.048  55   1 06:44:48     44631.28066    0.0000  2022/04/12
14.0000000  10.0000000   30.5662   5307.213 0.048   -5.0   -8.2 2.32 -0.048  55   0 06:45:48     44631.28135    0.0000  2022/04/12
14.0000000  10.0000000   30.5662   5307.214 0.057   -4.9   -8.2 2.32 -0.047  55   0 06:46:48     44631.28205    0.0000  2022/04/12
14.0000000  10.0000000   30.5662   5307.212 0.066   -5.0   -8.1 2.32 -0.047  55   0 06:47:48     44631.28274    0.0000  2022/04/12
14.0000000  10.0000000   30.8103   5307.213 0.043   -4.9   -8.4 2.32 -0.047  55   0 06:48:48     44631.28343    0.0000  2022/04/12
14.0000000  10.0000000   30.5662   5307.214 0.057   -5.1   -8.4 2.32 -0.047  55   1 06:49:48     44631.28413    0.0000  2022/04/12
14.0000000  10.0000000   31.0545   5307.213 0.046   -4.9   -8.6 2.32 -0.047  55   0 06:50:48     44631.28482    0.0000  2022/04/12
14.0000000  10.0000000   30.5662   5307.214 0.036   -5.0   -8.7 2.32 -0.047  55   0 06:51:48     44631.28551    0.0000  2022/04/12
14.0000000  10.0000000   29.5896   5307.213 0.040   -5.1   -8.7 2.32 -0.047  55   0 06:52:49     44631.28622    0.0000  2022/04/12
14.0000000  40.0000000   31.5428   5287.605 0.095   -1.0   -1.1 2.44 -0.042  55   3 08:15:38     44631.34364    0.0000  2022/04/12
14.0000000  40.0000000   31.5428   5287.604 0.052   -1.2   -1.1 2.43 -0.042  55   0 08:16:43     44631.34439    0.0000  2022/04/12
14.0000000  40.0000000   31.5428   5287.604 0.081   -1.4   -1.1 2.43 -0.042  55   0 08:17:43     44631.34508    0.0000  2022/04/12
14.0000000  40.0000000   31.5428   5287.604 0.039   -1.4   -1.2 2.42 -0.042  55   0 08:18:43     44631.34578    0.0000  2022/04/12
14.0000000  40.0000000   31.5428   5287.604 0.042   -1.5   -1.2 2.41 -0.042  55   0 08:19:43     44631.34647    0.0000  2022/04/12
14.0000000  40.0000000   31.5428   5287.605 0.065   -1.6   -1.2 2.40 -0.042  55   0 08:20:43     44631.34716    0.0000  2022/04/12
14.0000000  40.0000000   31.5428   5287.606 0.055   -1.6   -1.3 2.39 -0.042  55   0 08:21:43     44631.34786    0.0000  2022/04/12
14.0000000  40.0000000   31.5428   5287.605 0.045   -1.8   -1.2 2.39 -0.042  55   0 08:22:43     44631.34855    0.0000  2022/04/12
14.0000000  40.0000000   31.5428   5287.605 0.040   -1.7   -1.5 2.38 -0.042  55   0 08:23:43     44631.34924    0.0000  2022/04/12
14.0000000  40.0000000   31.2986   5287.606 0.035   -1.8   -1.5 2.37 -0.042  55   0 08:24:43     44631.34994    0.0000  2022/04/12
14.0000000  40.0000000   31.2986   5287.606 0.036   -1.8   -1.6 2.37 -0.042  55   0 08:25:43     44631.35063    0.0000  2022/04/12
14.0000000  40.0000000   31.2986   5287.605 0.037   -1.9   -1.6 2.36 -0.042  55   0 08:26:43     44631.35132    0.0000  2022/04/12
14.0000000  40.0000000   31.2986   5287.604 0.029   -1.9   -1.8 2.36 -0.042  55   0 08:27:43     44631.35202    0.0000  2022/04/12
14.0000000  40.0000000   31.2986   5287.605 0.028   -2.0   -1.9 2.36 -0.042  55   0 08:28:43     44631.35271    0.0000  2022/04/12
14.0000000  40.0000000   31.2986   5287.605 0.029   -2.0   -2.0 2.35 -0.042  55   0 08:29:43     44631.35340    0.0000  2022/04/12
14.0000000  40.0000000   31.2986   5287.606 0.038   -2.2   -2.1 2.35 -0.042  55   0 08:30:43     44631.35410    0.0000  2022/04/12
14.0000000  40.0000000   31.2986   5287.605 0.053   -2.2   -2.2 2.34 -0.042  55   0 08:31:43     44631.35479    0.0000  2022/04/12
14.0000000  40.0000000   31.2986   5287.606 0.034   -2.4   -2.4 2.34 -0.042  55   1 08:32:43     44631.35548    0.0000  2022/04/12
14.0000000  40.0000000   31.2986   5287.607 0.041   -2.5   -2.5 2.34 -0.043  55   0 08:33:43     44631.35618    0.0000  2022/04/12
14.0000000  40.0000000   31.2986   5287.608 0.027   -2.5   -2.6 2.34 -0.043  55   0 08:34:43     44631.35687    0.0000  2022/04/12
14.0000000  40.0000000   31.0545   5287.606 0.033   -2.6   -2.8 2.33 -0.043  55   0 08:35:43     44631.35756    0.0000  2022/04/12
14.0000000  40.0000000   31.0545   5287.606 0.063   -2.8   -2.7 2.33 -0.043  55   0 08:36:43     44631.35826    0.0000  2022/04/12
14.0000000  40.0000000   31.2986   5287.604 0.105   -2.7   -3.0 2.33 -0.043  55   1 08:37:43     44631.35895    0.0000  2022/04/12
14.0000000  40.0000000   31.0545   5287.608 0.062   -2.8   -3.1 2.33 -0.043  55   0 08:38:43     44631.35964    0.0000  2022/04/12
14.0000000  40.0000000   31.0545   5287.607 0.029   -2.9   -3.3 2.33 -0.043  55   0 08:39:43     44631.36034    0.0000  2022/04/12
14.0000000  40.0000000   31.0545   5287.606 0.033   -3.1   -3.2 2.33 -0.043  55   0 08:40:43     44631.36103    0.0000  2022/04/12
14.0000000  40.0000000   31.2986   5287.606 0.030   -3.1   -3.5 2.33 -0.043  55   0 08:41:43     44631.36172    0.0000  2022/04/12
14.0000000  40.0000000   30.8103   5287.608 0.029   -3.1   -3.6 2.32 -0.043  55   0 08:42:43     44631.36242    0.0000  2022/04/12
14.0000000  40.0000000   31.0545   5287.608 0.033   -3.2   -3.7 2.32 -0.043  55   0 08:43:43     44631.36311    0.0000  2022/04/12
14.0000000  40.0000000   31.0545   5287.607 0.033   -3.3   -3.8 2.32 -0.043  55   0 08:44:43     44631.36380    0.0000  2022/04/12
14.0000000  40.0000000   31.0545   5287.608 0.028   -3.4   -3.8 2.32 -0.043  55   0 08:45:43     44631.36450    0.0000  2022/04/12
14.0000000  40.0000000   30.8103   5287.608 0.032   -3.5   -4.0 2.32 -0.043  55   0 08:46:43     44631.36519    0.0000  2022/04/12
14.0000000  40.0000000   30.8103   5287.607 0.036   -3.5   -4.1 2.32 -0.043  55   0 08:47:43     44631.36588    0.0000  2022/04/12
14.0000000  40.0000000   30.8103   5287.607 0.029   -3.6   -4.2 2.32 -0.043  55   0 08:48:43     44631.36658    0.0000  2022/04/12
14.0000000  40.0000000   30.8103   5287.608 0.033   -3.7   -4.3 2.32 -0.043  55   0 08:49:43     44631.36727    0.0000  2022/04/12
14.0000000  40.0000000   30.8103   5287.608 0.031   -3.8   -4.4 2.32 -0.043  55   0 08:50:43     44631.36796    0.0000  2022/04/12
14.0000000  40.0000000   30.8103   5287.608 0.031   -3.8   -4.5 2.32 -0.043  55   0 08:51:43     44631.36866    0.0000  2022/04/12
14.0000000  40.0000000   30.8103   5287.607 0.040   -3.9   -4.6 2.32 -0.043  55   0 08:52:43     44631.36935    0.0000  2022/04/12
14.0000000  40.0000000   30.8103   5287.608 0.042   -4.1   -4.5 2.32 -0.043  55   0 08:53:43     44631.37004    0.0000  2022/04/12
14.0000000  40.0000000   31.0545   5287.609 0.031   -4.0   -4.8 2.32 -0.043  55   0 08:54:43     44631.37074    0.0000  2022/04/12
14.0000000  40.0000000   30.8103   5287.608 0.057   -4.1   -4.9 2.32 -0.043  55   0 08:55:43     44631.37143    0.0000  2022/04/12
14.0000000  40.0000000   30.8103   5287.608 0.093   -4.1   -4.9 2.32 -0.043  55   0 08:56:43     44631.37212    0.0000  2022/04/12
14.0000000  40.0000000   30.8103   5287.608 0.070   -4.2   -5.0 2.32 -0.043  55   4 08:57:43     44631.37282    0.0000  2022/04/12
14.0000000  40.0000000   30.8103   5287.610 0.037   -4.3   -5.1 2.32 -0.043  55   2 08:58:43     44631.37351    0.0000  2022/04/12
14.0000000  40.0000000   30.8103   5287.608 0.110   -4.4   -5.2 2.32 -0.043  55   0 08:59:43     44631.37420    0.0000  2022/04/12
14.0000000  40.0000000   30.8103   5287.607 0.055   -4.4   -5.3 2.32 -0.044  55   0 09:00:43     44631.37490    0.0000  2022/04/12
14.0000000  40.0000000   30.8103   5287.608 0.033   -4.4   -5.4 2.31 -0.044  55   0 09:01:43     44631.37559    0.0000  2022/04/12
14.0000000  40.0000000   30.5662   5287.608 0.040   -4.5   -5.5 2.32 -0.044  55   0 09:02:43     44631.37628    0.0000  2022/04/12
14.0000000  40.0000000   30.8103   5287.608 0.035   -4.5   -5.6 2.32 -0.044  55   0 09:03:43     44631.37698    0.0000  2022/04/12
14.0000000  40.0000000   30.8103   5287.609 0.030   -4.6   -5.6 2.32 -0.044  55   0 09:04:43     44631.37767    0.0000  2022/04/12
14.0000000  40.0000000   30.5662   5287.610 0.027   -4.7   -5.8 2.32 -0.044  55   0 09:05:43     44631.37836    0.0000  2022/04/12
14.0000000  40.0000000   30.5662   5287.609 0.029   -4.7   -5.9 2.32 -0.044  55   0 09:06:43     44631.37906    0.0000  2022/04/12
14.0000000  40.0000000   30.8103   5287.609 0.033   -4.7   -5.9 2.32 -0.044  55   0 09:07:43     44631.37975    0.0000  2022/04/12
14.0000000  40.0000000   30.5662   5287.610 0.022   -4.8   -6.0 2.31 -0.044  55   0 09:08:43     44631.38044    0.0000  2022/04/12
14.0000000  40.0000000   30.8103   5287.610 0.030   -4.8   -6.1 2.31 -0.044  55   0 09:09:43     44631.38114    0.0000  2022/04/12
14.0000000  40.0000000   30.8103   5287.610 0.027   -4.9   -6.2 2.32 -0.044  55   0 09:10:43     44631.38183    0.0000  2022/04/12
14.0000000  40.0000000   30.5662   5287.609 0.030   -4.9   -6.3 2.32 -0.044  55   0 09:11:43     44631.38252    0.0000  2022/04/12
14.0000000  40.0000000   30.5662   5287.610 0.027   -5.2   -6.1 2.32 -0.044  55   0 09:12:43     44631.38322    0.0000  2022/04/12
14.0000000  40.0000000   30.8103   5287.608 0.038   -5.0   -6.4 2.32 -0.044  55   0 09:13:43     44631.38391    0.0000  2022/04/12
14.0000000  40.0000000   29.5896   5287.610 0.030   -5.0   -6.5 2.32 -0.044  55   0 09:14:44     44631.38462    0.0000  2022/04/12
14.0000000  10.0000000   33.9842   5307.215 0.063   -1.0    1.2 2.60 -0.052  55   9 10:45:07     44631.44728    0.0000  2022/04/12
14.0000000  10.0000000   34.2283   5307.216 0.038   -0.8    0.8 2.58 -0.052  55   0 10:46:12     44631.44803    0.0000  2022/04/12
14.0000000  10.0000000   33.9842   5307.217 0.041   -0.5    0.5 2.56 -0.052  55   0 10:47:12     44631.44873    0.0000  2022/04/12
14.0000000  10.0000000   33.9842   5307.217 0.045   -0.5    0.2 2.54 -0.052  55   0 10:48:12     44631.44942    0.0000  2022/04/12
14.0000000  10.0000000   33.9842   5307.217 0.043   -0.5   -0.1 2.53 -0.052  55   0 10:49:12     44631.45011    0.0000  2022/04/12
14.0000000  10.0000000   33.7400   5307.217 0.037   -0.4   -0.4 2.51 -0.052  55   0 10:50:12     44631.45081    0.0000  2022/04/12
14.0000000  10.0000000   33.7400   5307.217 0.039   -0.4   -0.7 2.49 -0.052  55   0 10:51:12     44631.45150    0.0000  2022/04/12
14.0000000  10.0000000   33.4959   5307.216 0.040   -0.6   -0.6 2.47 -0.052  55   1 10:52:12     44631.45219    0.0000  2022/04/12
14.0000000  10.0000000   33.4959   5307.216 0.057   -0.4   -1.1 2.46 -0.052  55   0 10:53:12     44631.45289    0.0000  2022/04/12
14.0000000  10.0000000   33.4959   5307.217 0.048   -0.8   -1.1 2.44 -0.052  55   0 10:54:12     44631.45358    0.0000  2022/04/12
14.0000000  10.0000000   33.2517   5307.217 0.043   -0.5   -1.5 2.43 -0.052  55   0 10:55:12     44631.45427    0.0000  2022/04/12
14.0000000  10.0000000   33.2517   5307.219 0.071   -0.6   -1.8 2.42 -0.052  55   0 10:56:12     44631.45497    0.0000  2022/04/12
14.0000000  10.0000000   33.2517   5307.219 0.059   -0.7   -1.9 2.41 -0.052  55   0 10:57:12     44631.45566    0.0000  2022/04/12
14.0000000  10.0000000   33.0076   5307.218 0.084   -0.7   -2.2 2.40 -0.052  55   0 10:58:12     44631.45635    0.0000  2022/04/12
14.0000000  10.0000000   33.0076   5307.219 0.055   -0.8   -2.2 2.39 -0.053  55   0 10:59:12     44631.45705    0.0000  2022/04/12
14.0000000  10.0000000   33.0076   5307.219 0.076   -0.8   -2.6 2.38 -0.053  55   0 11:00:12     44631.45774    0.0000  2022/04/12
14.0000000  10.0000000   33.0076   5307.220 0.061   -0.9   -2.7 2.37 -0.053  55   0 11:01:12     44631.45843    0.0000  2022/04/12
14.0000000  10.0000000   33.0076   5307.219 0.046   -1.0   -2.8 2.36 -0.053  55   0 11:02:12     44631.45913    0.0000  2022/04/12
14.0000000  10.0000000   32.7635   5307.219 0.061   -1.1   -3.1 2.36 -0.053  55   0 11:03:12     44631.45982    0.0000  2022/04/12
14.0000000  10.0000000   32.7635   5307.220 0.048   -1.3   -3.1 2.35 -0.053  55   0 11:04:12     44631.46051    0.0000  2022/04/12
14.0000000  10.0000000   32.7635   5307.223 0.076   -1.4   -3.2 2.35 -0.053  55   1 11:05:12     44631.46121    0.0000  2022/04/12
14.0000000  10.0000000   32.7635   5307.220 0.043   -1.3   -3.5 2.34 -0.053  55   0 11:06:12     44631.46190    0.0000  2022/04/12
14.0000000  10.0000000   33.0076   5307.219 0.046   -1.5   -3.7 2.34 -0.053  55   1 11:07:12     44631.46259    0.0000  2022/04/12
14.0000000  10.0000000   32.5193   5307.220 0.057   -1.5   -3.8 2.33 -0.053  55   0 11:08:12     44631.46329    0.0000  2022/04/12
14.0000000  10.0000000   32.5193   5307.221 0.041   -1.6   -3.9 2.33 -0.053  55   0 11:09:12     44631.46398    0.0000  2022/04/12
14.0000000  10.0000000   32.5193   5307.220 0.047   -1.7   -4.1 2.33 -0.053  55   0 11:10:12     44631.46467    0.0000  2022/04/12
14.0000000  10.0000000   32.2752   5307.221 0.043   -1.7   -4.3 2.32 -0.053  55   1 11:11:12     44631.46537    0.0000  2022/04/12
14.0000000  10.0000000   32.2752   5307.220 0.107   -1.8   -4.4 2.32 -0.053  55   0 11:12:12     44631.46606    0.0000  2022/04/12
14.0000000  10.0000000   32.2752   5307.221 0.045   -2.2   -4.2 2.32 -0.053  55   0 11:13:12     44631.46675    0.0000  2022/04/12
14.0000000  10.0000000   32.2752   5307.220 0.072   -2.2   -4.7 2.32 -0.053  55   1 11:14:12     44631.46745    0.0000  2022/04/12
14.0000000  10.0000000   32.2752   5307.221 0.038   -2.2   -4.9 2.32 -0.054  55   1 11:15:12     44631.46814    0.0000  2022/04/12
14.0000000  10.0000000   32.2752   5307.221 0.050   -2.2   -5.0 2.32 -0.054  55   0 11:16:12     44631.46883    0.0000  2022/04/12
14.0000000  10.0000000   32.2752   5307.223 0.085   -2.4   -5.1 2.31 -0.054  55   6 11:17:12     44631.46953    0.0000  2022/04/12
14.0000000  10.0000000   32.2752   5307.222 0.058   -2.5   -5.1 2.31 -0.054  55   0 11:18:12     44631.47022    0.0000  2022/04/12
14.0000000  10.0000000   32.0310   5307.222 0.085   -2.5   -5.3 2.31 -0.054  55   0 11:19:12     44631.47091    0.0000  2022/04/12
14.0000000  10.0000000   32.0310   5307.222 0.052   -2.6   -5.3 2.31 -0.054  55   0 11:20:12     44631.47161    0.0000  2022/04/12
14.0000000  10.0000000   32.0310   5307.222 0.066   -2.7   -5.5 2.31 -0.054  55   0 11:21:12     44631.47230    0.0000  2022/04/12
14.0000000  10.0000000   32.0310   5307.222 0.065   -2.7   -5.5 2.31 -0.054  55   0 11:22:12     44631.47299    0.0000  2022/04/12
14.0000000  10.0000000   32.0310   5307.222 0.049   -2.8   -5.6 2.31 -0.054  55   0 11:23:12     44631.47369    0.0000  2022/04/12
14.0000000  10.0000000   31.7869   5307.224 0.048   -2.9   -5.7 2.31 -0.054  55   0 11:24:12     44631.47438    0.0000  2022/04/12
14.0000000  10.0000000   31.7869   5307.222 0.053   -2.9   -5.6 2.31 -0.054  55   0 11:25:12     44631.47507    0.0000  2022/04/12
14.0000000  10.0000000   31.7869   5307.223 0.070   -3.1   -5.8 2.31 -0.054  55   0 11:26:12     44631.47577    0.0000  2022/04/12
14.0000000  10.0000000   31.7869   5307.220 0.098   -2.9   -5.8 2.31 -0.054  55   0 11:27:12     44631.47646    0.0000  2022/04/12
14.0000000  10.0000000   31.7869   5307.223 0.047   -3.2   -6.0 2.31 -0.054  55   0 11:28:12     44631.47715    0.0000  2022/04/12
14.0000000  10.0000000   31.7869   5307.223 0.039   -3.2   -6.0 2.31 -0.054  55   0 11:29:12     44631.47785    0.0000  2022/04/12
14.0000000  10.0000000   31.7869   5307.224 0.070   -3.3   -6.0 2.31 -0.054  55   0 11:30:12     44631.47854    0.0000  2022/04/12
14.0000000  10.0000000   31.7869   5307.223 0.057   -3.4   -6.2 2.31 -0.054  55   0 11:31:12     44631.47923    0.0000  2022/04/12
14.0000000  10.0000000   31.7869   5307.224 0.057   -3.4   -6.2 2.30 -0.054  55   0 11:32:12     44631.47993    0.0000  2022/04/12
14.0000000  10.0000000   32.0310   5307.225 0.051   -3.4   -6.3 2.31 -0.054  55   1 11:33:12     44631.48062    0.0000  2022/04/12
14.0000000  10.0000000   31.5428   5307.223 0.052   -3.6   -6.4 2.30 -0.054  55   0 11:34:12     44631.48131    0.0000  2022/04/12
14.0000000  10.0000000   31.5428   5307.224 0.046   -3.6   -6.4 2.30 -0.054  55   0 11:35:12     44631.48201    0.0000  2022/04/12
14.0000000  10.0000000   31.7869   5307.223 0.058   -3.5   -6.5 2.31 -0.054  55   0 11:36:12     44631.48270    0.0000  2022/04/12
14.0000000  10.0000000   31.5428   5307.224 0.044   -3.7   -6.5 2.31 -0.055  55   0 11:37:12     44631.48339    0.0000  2022/04/12
14.0000000  10.0000000   31.5428   5307.223 0.044   -3.7   -6.6 2.30 -0.055  55   0 11:38:12     44631.48409    0.0000  2022/04/12
14.0000000  10.0000000   31.5428   5307.224 0.039   -3.8   -6.5 2.31 -0.055  55   0 11:39:12     44631.48478    0.0000  2022/04/12
14.0000000  10.0000000   31.5428   5307.223 0.039   -3.8   -6.6 2.31 -0.055  55   0 11:40:12     44631.48547    0.0000  2022/04/12
14.0000000  10.0000000   31.5428   5307.225 0.041   -3.8   -6.7 2.31 -0.055  55   2 11:41:12     44631.48617    0.0000  2022/04/12
14.0000000  10.0000000   31.5428   5307.222 0.045   -4.0   -6.9 2.31 -0.055  55   0 11:42:12     44631.48686    0.0000  2022/04/12
14.0000000  10.0000000   31.5428   5307.224 0.055   -4.0   -6.9 2.31 -0.055  55   0 11:43:12     44631.48755    0.0000  2022/04/12
14.0000000  10.0000000   29.8338   5307.222 0.048   -4.1   -6.9 2.31 -0.055  55   0 11:44:13     44631.48826    0.0000  2022/04/12