/		CG-6 Survey
/		Survey Name:	110A-LEDV
/		Instrument Serial Number:	000000021080368
/		Created:	2022-04-12 05:54:52
/
/		CG-6 Calibration
/		Operator:	AKE
/		Gcal1 [mGal]:	7960.246000
/		Goff [ADU]:	-8388608.000000
/		Gref [mGal]:	0.0000
/		X Scale [arc-sec/ADU]:	0.030913
/		Y Scale [arc-sec/ADU]:	0.031179
/		X Offset [ADU]:	-198388.746919
/		Y Offset [ADU]:	-94188.153940
/		Temperature Coefficient [mGal/mK]:	-0.129000
/		Temperature Scale [mK/ADU]:	-0.000111
/		Drift Rate [mGal/day]:	-0.021437
/		Drift Zero Time:	2021-08-16 18:07:31
/		Firmware Version:	CG6_2_20190125
/
/Station	Date	Time	CorrGrav	Line	StdDev	StdErr	RawGrav	X	Y	SensorTemp	TideCorr	TiltCorr	TempCorr	DriftCorr	MeasurDur	InstrHeight	LatUser	LonUser	ElevUser	LatGPS	LonGPS	ElevGPS	Corrections[drift-temp-na-tide-tilt]
13	2022-04-12	05:54:52	5490.6730	14	0.0724	0.0093	5485.5453	0.1	-2.6	0.5527	-0.0558	0.0001	0.0708	5.1126	60	0.000	55.800000	37.500000	0.00	55.854961	37.515831	150.1	11011
13	2022-04-12	05:55:52	5490.6722	14	0.0241	0.0031	5485.5442	1.3	-3.2	0.5450	-0.0556	0.0002	0.0708	5.1126	60	0.000	55.800000	37.500000	0.00	55.855141	37.516376	152.4	11011
13	2022-04-12	05:56:52	5490.6724	14	0.0233	0.0030	5485.5444	1.2	-3.7	0.5423	-0.0554	0.0002	0.0706	5.1127	60	0.000	55.800000	37.500000	0.00	55.855103	37.516117	153.1	11011
13	2022-04-12	05:57:52	5490.6732	14	0.0210	0.0027	5485.5450	0.8	-3.5	0.5487	-0.0553	0.0002	0.0706	5.1127	60	0.000	55.800000	37.500000	0.00	55.855053	37.516102	153.1	11011
13	2022-04-12	05:58:52	5490.6736	14	0.0241	0.0031	5485.5455	-0.4	-2.8	0.5475	-0.0551	0.0001	0.0705	5.1127	60	0.000	55.800000	37.500000	0.00	55.855186	37.516300	152.7	11011
13	2022-04-12	05:59:52	5490.6731	14	0.0201	0.0026	5485.5447	-0.6	-2.7	0.5489	-0.0549	0.0001	0.0705	5.1127	60	0.000	55.800000	37.500000	0.00	55.855186	37.516159	153.2	11011
13	2022-04-12	06:00:52	5490.6741	14	0.0233	0.0030	5485.5457	0.1	-3.1	0.5467	-0.0548	0.0001	0.0703	5.1127	60	0.000	55.800000	37.500000	0.00	55.855076	37.516026	152.1	11011
13	2022-04-12	06:01:52	5490.6734	14	0.0247	0.0032	5485.5448	-0.1	-3.0	0.5488	-0.0546	0.0001	0.0704	5.1127	60	0.000	55.800000	37.500000	0.00	55.855133	37.516117	151.8	11011
13	2022-04-12	06:02:52	5490.6733	14	0.0344	0.0044	5485.5443	-0.3	-4.0	0.5421	-0.0544	0.0002	0.0704	5.1127	60	0.000	55.800000	37.500000	0.00	55.855045	37.516251	152.0	11011
13	2022-04-12	06:03:52	5490.6735	14	0.0262	0.0034	5485.5444	0.8	-4.8	0.5423	-0.0543	0.0004	0.0702	5.1128	60	0.000	55.800000	37.500000	0.00	55.855015	37.516674	153.1	11011
13	2022-04-12	06:04:52	5490.6741	14	0.0277	0.0036	5485.5450	0.2	-3.9	0.5474	-0.0541	0.0003	0.0701	5.1128	60	0.000	55.800000	37.500000	0.00	55.855053	37.516193	154.2	11011
13	2022-04-12	06:05:52	5490.6739	14	0.0283	0.0036	5485.5444	0.4	-4.3	0.5391	-0.0539	0.0003	0.0704	5.1128	60	0.000	55.800000	37.500000	0.00	55.855141	37.516388	158.7	11011
13	2022-04-12	06:06:52	5490.6730	14	0.0219	0.0028	5485.5435	0.4	-4.7	0.5548	-0.0538	0.0003	0.0702	5.1128	60	0.000	55.800000	37.500000	0.00	55.855217	37.516415	162.6	11011
13	2022-04-12	06:07:52	5490.6728	14	0.0175	0.0023	5485.5430	0.3	-4.2	0.5471	-0.0536	0.0003	0.0703	5.1128	60	0.000	55.800000	37.500000	0.00	55.855129	37.516083	166.0	11011
13	2022-04-12	06:08:52	5490.6728	14	0.0271	0.0035	5485.5428	0.5	-3.9	0.5452	-0.0534	0.0002	0.0704	5.1128	60	0.000	55.800000	37.500000	0.00	55.855045	37.516174	166.1	11011
13	2022-04-12	06:09:52	5490.6732	14	0.0280	0.0036	5485.5429	1.2	-4.2	0.5364	-0.0533	0.0003	0.0703	5.1128	60	0.000	55.800000	37.500000	0.00	55.855110	37.516384	164.3	11011
13	2022-04-12	06:10:52	5490.6732	14	0.0308	0.0040	5485.5428	0.3	-4.7	0.5459	-0.0531	0.0004	0.0704	5.1129	60	0.000	55.800000	37.500000	0.00	55.855160	37.516136	164.8	11011
13	2022-04-12	06:11:52	5490.6728	14	0.0208	0.0027	5485.5424	-0.2	-3.2	0.5475	-0.0530	0.0001	0.0703	5.1129	60	0.000	55.800000	37.500000	0.00	55.855167	37.516098	165.1	11011
13	2022-04-12	06:12:52	5490.6728	14	0.0262	0.0034	5485.5421	0.5	-3.2	0.5455	-0.0528	0.0002	0.0704	5.1129	60	0.000	55.800000	37.500000	0.00	55.855072	37.516079	164.7	11011
13	2022-04-12	06:13:52	5490.6731	14	0.0261	0.0034	5485.5424	0.3	-1.8	0.5508	-0.0526	0.0000	0.0704	5.1129	60	0.000	55.800000	37.500000	0.00	55.855064	37.515968	164.3	11011
13	2022-04-12	06:14:52	5490.6735	14	0.0319	0.0041	5485.5427	-0.3	-2.3	0.5422	-0.0525	0.0001	0.0704	5.1129	60	0.000	55.800000	37.500000	0.00	55.855083	37.516331	164.0	11011
13	2022-04-12	06:15:52	5490.6730	14	0.0283	0.0037	5485.5418	-2.4	-3.3	0.5459	-0.0523	0.0002	0.0704	5.1129	60	0.000	55.800000	37.500000	0.00	55.855133	37.516155	163.9	11011
13	2022-04-12	06:16:52	5490.6730	14	0.0275	0.0035	5485.5416	-2.0	-2.6	0.5535	-0.0522	0.0002	0.0705	5.1129	60	0.000	55.800000	37.500000	0.00	55.854950	37.516613	166.2	11011
13	2022-04-12	06:17:52	5490.6726	14	0.0291	0.0038	5485.5411	-1.4	-1.4	0.5438	-0.0520	0.0001	0.0704	5.1130	60	0.000	55.800000	37.500000	0.00	55.854977	37.516445	166.4	11011
13	2022-04-12	06:18:52	5490.6733	14	0.0321	0.0041	5485.5418	-1.5	-1.8	0.5468	-0.0519	0.0001	0.0704	5.1130	60	0.000	55.800000	37.500000	0.00	55.855129	37.516006	165.5	11011
13	2022-04-12	06:19:52	5490.6733	14	0.0229	0.0030	5485.5416	-1.9	-3.3	0.5416	-0.0517	0.0001	0.0703	5.1130	60	0.000	55.800000	37.500000	0.00	55.855045	37.516396	165.9	11011
13	2022-04-12	06:20:52	5490.6725	14	0.0210	0.0027	5485.5404	-1.2	-3.3	0.5451	-0.0516	0.0002	0.0705	5.1130	60	0.000	55.800000	37.500000	0.00	55.855103	37.516117	165.6	11011
13	2022-04-12	06:21:52	5490.6736	14	0.0365	0.0047	5485.5413	0.5	-3.6	0.5413	-0.0514	0.0002	0.0705	5.1130	60	0.000	55.800000	37.500000	0.00	55.855160	37.515945	165.0	11011
13	2022-04-12	06:22:52	5490.6736	14	0.0383	0.0049	5485.5411	-0.4	-3.2	0.5504	-0.0513	0.0002	0.0706	5.1130	60	0.000	55.800000	37.500000	0.00	55.855045	37.516216	165.0	11011
13	2022-04-12	06:23:52	5490.6720	14	0.0224	0.0029	5485.5394	0.7	-3.2	0.5497	-0.0511	0.0001	0.0705	5.1131	60	0.000	55.800000	37.500000	0.00	55.855045	37.515900	164.7	11011
13	2022-04-12	06:24:52	5490.6728	14	0.0386	0.0050	5485.5401	1.0	-2.5	0.5444	-0.0510	0.0001	0.0705	5.1131	60	0.000	55.800000	37.500000	0.00	55.855083	37.515606	161.8	11011
13	2022-04-12	06:25:52	5490.6732	14	0.0451	0.0058	5485.5405	1.2	-2.0	0.5422	-0.0508	0.0001	0.0704	5.1131	60	0.000	55.800000	37.500000	0.00	55.855095	37.515678	161.6	11011
13	2022-04-12	06:26:52	5490.6733	14	0.0295	0.0038	5485.5402	0.9	-3.4	0.5477	-0.0507	0.0002	0.0705	5.1131	60	0.000	55.800000	37.500000	0.00	55.855072	37.515976	161.8	11011
13	2022-04-12	06:27:52	5490.6730	14	0.0285	0.0037	5485.5400	-0.4	-3.5	0.5443	-0.0506	0.0001	0.0704	5.1131	60	0.000	55.800000	37.500000	0.00	55.855064	37.516293	163.0	11011
13	2022-04-12	06:28:52	5490.6724	14	0.0258	0.0033	5485.5390	0.1	-3.9	0.5474	-0.0504	0.0002	0.0704	5.1131	60	0.000	55.800000	37.500000	0.00	55.855064	37.516205	163.7	11011
13	2022-04-12	06:29:52	5490.6722	14	0.0254	0.0033	5485.5387	-0.4	-3.7	0.5438	-0.0503	0.0002	0.0704	5.1131	60	0.000	55.800000	37.500000	0.00	55.855095	37.516148	165.0	11011
13	2022-04-12	06:30:52	5490.6735	14	0.0266	0.0034	5485.5397	0.8	-3.6	0.5425	-0.0501	0.0002	0.0706	5.1132	60	0.000	55.800000	37.500000	0.00	55.855133	37.515945	165.3	11011
13	2022-04-12	06:31:52	5490.6736	14	0.0287	0.0037	5485.5397	-0.5	-3.8	0.5438	-0.0500	0.0002	0.0705	5.1132	60	0.000	55.800000	37.500000	0.00	55.855072	37.515945	167.0	11011
13	2022-04-12	06:32:52	5490.6739	14	0.0372	0.0048	5485.5397	0.3	-4.1	0.5503	-0.0499	0.0003	0.0706	5.1132	60	0.000	55.800000	37.500000	0.00	55.855160	37.515907	167.5	11011
13	2022-04-12	06:33:52	5490.6732	14	0.0280	0.0036	5485.5391	0.1	-3.8	0.5445	-0.0497	0.0002	0.0704	5.1132	60	0.000	55.800000	37.500000	0.00	55.855190	37.516205	170.4	11011
13	2022-04-12	06:34:52	5490.6742	14	0.0268	0.0035	5485.5399	1.1	-2.2	0.5402	-0.0496	0.0001	0.0706	5.1132	60	0.000	55.800000	37.500000	0.00	55.855072	37.516052	171.1	11011
13	2022-04-12	06:35:52	5490.6742	14	0.0279	0.0036	5485.5397	0.2	-2.6	0.5534	-0.0495	0.0001	0.0706	5.1132	60	0.000	55.800000	37.500000	0.00	55.855015	37.516186	171.2	11011
13	2022-04-12	06:36:52	5490.6724	14	0.0297	0.0038	5485.5377	-0.3	-3.1	0.5516	-0.0493	0.0001	0.0706	5.1132	60	0.000	55.800000	37.500000	0.00	55.855072	37.516148	171.6	11011
13	2022-04-12	06:37:52	5490.6721	14	0.0182	0.0023	5485.5375	-0.1	-2.7	0.5420	-0.0492	0.0001	0.0705	5.1133	60	0.000	55.800000	37.500000	0.00	55.855064	37.516384	172.2	11011
13	2022-04-12	06:38:52	5490.6736	14	0.0204	0.0026	5485.5387	-0.6	-3.5	0.5488	-0.0491	0.0001	0.0705	5.1133	60	0.000	55.800000	37.500000	0.00	55.855064	37.516205	172.0	11011
13	2022-04-12	06:39:52	5490.6719	14	0.0300	0.0039	5485.5367	-0.9	-3.2	0.5516	-0.0489	0.0002	0.0706	5.1133	60	0.000	55.800000	37.500000	0.00	55.855083	37.516384	172.3	11011
13	2022-04-12	06:40:52	5490.6731	14	0.0275	0.0035	5485.5382	-1.3	-1.8	0.5427	-0.0488	0.0001	0.0703	5.1133	60	0.000	55.800000	37.500000	0.00	55.855083	37.516243	172.0	11011
13	2022-04-12	06:41:52	5490.6728	14	0.0195	0.0025	5485.5375	-1.0	-0.9	0.5473	-0.0487	0.0001	0.0706	5.1133	60	0.000	55.800000	37.500000	0.00	55.855152	37.516453	172.8	11011
13	2022-04-12	06:42:52	5490.6738	14	0.0322	0.0042	5485.5383	-0.7	-0.5	0.5414	-0.0486	0.0000	0.0706	5.1133	60	0.000	55.800000	37.500000	0.00	55.855129	37.516117	173.2	11011
13	2022-04-12	06:43:52	5490.6736	14	0.0327	0.0042	5485.5381	-0.8	-0.8	0.5389	-0.0484	0.0000	0.0705	5.1134	60	0.000	55.800000	37.500000	0.00	55.855083	37.516064	172.6	11011
13	2022-04-12	06:44:52	5490.6738	14	0.0287	0.0037	5485.5380	0.2	-1.1	0.5517	-0.0483	0.0001	0.0707	5.1134	60	0.000	55.800000	37.500000	0.00	55.855103	37.516159	172.4	11011
13	2022-04-12	06:45:52	5490.6729	14	0.0271	0.0035	5485.5373	0.3	-1.2	0.5471	-0.0482	0.0001	0.0704	5.1134	60	0.000	55.800000	37.500000	0.00	55.855110	37.516312	172.7	11011
13	2022-04-12	06:46:52	5490.6738	14	0.0284	0.0037	5485.5378	-0.2	-1.9	0.5473	-0.0481	0.0001	0.0706	5.1134	60	0.000	55.800000	37.500000	0.00	55.855072	37.516251	172.9	11011
13	2022-04-12	06:47:52	5490.6723	14	0.0384	0.0050	5485.5360	-0.4	-1.9	0.5495	-0.0480	0.0001	0.0708	5.1134	60	0.000	55.800000	37.500000	0.00	55.855072	37.516159	172.8	11011
13	2022-04-12	06:48:52	5490.6719	14	0.0237	0.0031	5485.5355	-0.1	-2.5	0.5456	-0.0478	0.0002	0.0707	5.1134	60	0.000	55.800000	37.500000	0.00	55.855064	37.516052	173.0	11011
13	2022-04-12	06:49:52	5490.6738	14	0.0324	0.0042	5485.5372	-0.4	-2.9	0.5465	-0.0477	0.0002	0.0706	5.1134	60	0.000	55.800000	37.500000	0.00	55.854996	37.516396	173.1	11011
13	2022-04-12	06:50:52	5490.6720	14	0.0232	0.0030	5485.5354	-0.4	-1.7	0.5441	-0.0476	0.0001	0.0707	5.1135	60	0.000	55.800000	37.500000	0.00	55.855064	37.516510	173.3	11011
13	2022-04-12	06:51:52	5490.6731	14	0.0276	0.0036	5485.5365	-0.7	-1.0	0.5459	-0.0475	0.0001	0.0705	5.1135	60	0.000	55.800000	37.500000	0.00	55.854977	37.516251	173.6	11011
13	2022-04-12	06:52:52	5490.6736	14	0.0262	0.0034	5485.5366	-0.4	-0.8	0.5456	-0.0474	0.0000	0.0709	5.1135	60	0.000	55.800000	37.500000	0.00	55.855015	37.516331	174.1	11011
13	2022-04-12	06:53:52	5490.6731	14	0.0258	0.0033	5485.5362	-0.6	-2.2	0.5493	-0.0473	0.0001	0.0705	5.1135	60	0.000	55.800000	37.500000	0.00	55.855015	37.516205	172.6	11011
43	2022-04-12	08:16:47	5471.0455	14	0.0365	0.0047	5465.9005	-0.9	1.3	0.5693	-0.0428	0.0001	0.0729	5.1147	60	0.000	55.800000	37.500000	0.00	55.857861	37.975830	147.8	11011
43	2022-04-12	08:17:47	5471.0463	14	0.0279	0.0036	5465.9014	-2.7	0.8	0.5646	-0.0428	0.0001	0.0728	5.1147	60	0.000	55.800000	37.500000	0.00	55.857861	37.975830	147.7	11011
43	2022-04-12	08:18:47	5471.0457	14	0.0321	0.0041	5465.9010	-1.6	1.6	0.5581	-0.0428	0.0001	0.0726	5.1148	60	0.000	55.800000	37.500000	0.00	55.857861	37.975876	146.8	11011
43	2022-04-12	08:19:47	5471.0454	14	0.0260	0.0034	5465.9007	-0.7	2.3	0.5558	-0.0428	0.0001	0.0726	5.1148	60	0.000	55.800000	37.500000	0.00	55.857857	37.975887	148.0	11011
43	2022-04-12	08:20:47	5471.0454	14	0.0294	0.0038	5465.9010	-1.9	2.1	0.5627	-0.0428	0.0001	0.0723	5.1148	60	0.000	55.800000	37.500000	0.00	55.857841	37.975903	147.4	11011
43	2022-04-12	08:21:47	5471.0469	14	0.0188	0.0024	5465.9025	-1.0	3.3	0.5617	-0.0428	0.0002	0.0723	5.1148	60	0.000	55.800000	37.500000	0.00	55.857876	37.975914	148.1	11011
43	2022-04-12	08:22:47	5471.0460	14	0.0318	0.0041	5465.9018	-1.7	3.0	0.5591	-0.0428	0.0002	0.0720	5.1148	60	0.000	55.800000	37.500000	0.00	55.857876	37.975922	147.6	11011
43	2022-04-12	08:23:47	5471.0468	14	0.0241	0.0031	5465.9027	-0.3	4.2	0.5543	-0.0428	0.0002	0.0719	5.1148	60	0.000	55.800000	37.500000	0.00	55.857876	37.975922	147.6	11011
43	2022-04-12	08:24:47	5471.0463	14	0.0378	0.0049	5465.9022	0.2	3.9	0.5566	-0.0429	0.0002	0.0719	5.1149	60	0.000	55.800000	37.500000	0.00	55.857876	37.975922	147.6	11011
43	2022-04-12	08:25:47	5471.0468	14	0.0251	0.0032	5465.9027	0.2	4.4	0.5547	-0.0429	0.0002	0.0719	5.1149	60	0.000	55.800000	37.500000	0.00	55.857876	37.975922	147.6	11011
43	2022-04-12	08:26:47	5471.0470	14	0.0317	0.0041	5465.9029	1.6	4.9	0.5607	-0.0429	0.0003	0.0717	5.1149	60	0.000	55.800000	37.500000	0.00	55.857887	37.975922	147.7	11011
43	2022-04-12	08:27:47	5471.0474	14	0.0254	0.0033	5465.9035	3.5	3.3	0.5590	-0.0429	0.0003	0.0715	5.1149	60	0.000	55.800000	37.500000	0.00	55.857876	37.975922	147.7	11011
43	2022-04-12	08:28:47	5471.0469	14	0.0274	0.0035	5465.9031	2.7	4.0	0.5587	-0.0429	0.0002	0.0716	5.1149	60	0.000	55.800000	37.500000	0.00	55.857876	37.975914	147.8	11011
43	2022-04-12	08:29:47	5471.0476	14	0.0314	0.0041	5465.9037	1.8	3.7	0.5517	-0.0429	0.0003	0.0716	5.1149	60	0.000	55.800000	37.500000	0.00	55.857861	37.975903	149.0	11011
43	2022-04-12	08:30:47	5471.0455	14	0.0224	0.0029	5465.9016	1.3	4.6	0.5540	-0.0429	0.0003	0.0716	5.1149	60	0.000	55.800000	37.500000	0.00	55.857861	37.975883	149.4	11011
43	2022-04-12	08:31:47	5471.0459	14	0.0250	0.0032	5465.9022	1.8	4.9	0.5565	-0.0430	0.0003	0.0714	5.1150	60	0.000	55.800000	37.500000	0.00	55.857861	37.975876	148.8	11011
43	2022-04-12	08:32:47	5471.0462	14	0.0209	0.0027	5465.9027	1.1	4.3	0.5504	-0.0430	0.0003	0.0713	5.1150	60	0.000	55.800000	37.500000	0.00	55.857868	37.975868	148.2	11011
43	2022-04-12	08:33:47	5471.0469	14	0.0325	0.0042	5465.9031	1.7	5.3	0.5476	-0.0430	0.0004	0.0713	5.1150	60	0.000	55.800000	37.500000	0.00	55.857952	37.976040	146.6	11011
43	2022-04-12	08:34:47	5471.0482	14	0.0248	0.0032	5465.9045	1.4	6.2	0.5537	-0.0430	0.0005	0.0712	5.1150	60	0.000	55.800000	37.500000	0.00	55.857975	37.975998	149.9	11011
43	2022-04-12	08:35:47	5471.0484	14	0.0230	0.0030	5465.9047	0.1	6.2	0.5553	-0.0431	0.0005	0.0713	5.1150	60	0.000	55.800000	37.500000	0.00	55.857956	37.975979	149.9	11011
43	2022-04-12	08:36:47	5471.0458	14	0.0271	0.0035	5465.9022	-0.3	5.6	0.5557	-0.0431	0.0004	0.0713	5.1150	60	0.000	55.800000	37.500000	0.00	55.857887	37.975925	149.6	11011
43	2022-04-12	08:37:47	5471.0458	14	0.0233	0.0030	5465.9025	0.4	4.8	0.5523	-0.0431	0.0003	0.0712	5.1150	60	0.000	55.800000	37.500000	0.00	55.857895	37.975933	147.9	11011
43	2022-04-12	08:38:47	5471.0477	14	0.0211	0.0027	5465.9042	-0.4	5.4	0.5608	-0.0431	0.0004	0.0712	5.1151	60	0.000	55.800000	37.500000	0.00	55.857933	37.975883	150.0	11011
43	2022-04-12	08:39:47	5471.0474	14	0.0260	0.0034	5465.9040	-0.3	5.0	0.5549	-0.0432	0.0003	0.0711	5.1151	60	0.000	55.800000	37.500000	0.00	55.857918	37.975857	150.8	11011
43	2022-04-12	08:40:47	5471.0470	14	0.0218	0.0028	5465.9037	0.6	4.6	0.5472	-0.0432	0.0003	0.0711	5.1151	60	0.000	55.800000	37.500000	0.00	55.857914	37.975857	151.7	11011
43	2022-04-12	08:41:47	5471.0467	14	0.0242	0.0031	5465.9035	1.5	4.1	0.5493	-0.0432	0.0002	0.0710	5.1151	60	0.000	55.800000	37.500000	0.00	55.857914	37.975849	151.7	11011
43	2022-04-12	08:42:47	5471.0472	14	0.0237	0.0031	5465.9039	0.6	5.1	0.5506	-0.0433	0.0004	0.0711	5.1151	60	0.000	55.800000	37.500000	0.00	55.857914	37.975857	151.8	11011
43	2022-04-12	08:43:47	5471.0473	14	0.0312	0.0040	5465.9042	0.4	4.6	0.5443	-0.0433	0.0003	0.0709	5.1151	60	0.000	55.800000	37.500000	0.00	55.857914	37.975857	151.7	11011
43	2022-04-12	08:44:47	5471.0475	14	0.0294	0.0038	5465.9042	0.9	5.4	0.5479	-0.0433	0.0004	0.0711	5.1152	60	0.000	55.800000	37.500000	0.00	55.857914	37.975857	151.8	11011
43	2022-04-12	08:45:47	5471.0465	14	0.0289	0.0037	5465.9035	1.8	5.6	0.5504	-0.0434	0.0004	0.0709	5.1152	60	0.000	55.800000	37.500000	0.00	55.857899	37.975857	151.9	11011
43	2022-04-12	08:46:47	5471.0475	14	0.0243	0.0031	5465.9041	3.9	6.1	0.5476	-0.0434	0.0006	0.0710	5.1152	60	0.000	55.800000	37.500000	0.00	55.857914	37.975857	151.7	11011
43	2022-04-12	08:47:47	5471.0471	14	0.0248	0.0032	5465.9036	3.8	6.5	0.5581	-0.0434	0.0007	0.0711	5.1152	60	0.000	55.800000	37.500000	0.00	55.857914	37.975857	151.7	11011
43	2022-04-12	08:48:47	5471.0472	14	0.0238	0.0031	5465.9040	3.1	5.7	0.5534	-0.0435	0.0005	0.0710	5.1152	60	0.000	55.800000	37.500000	0.00	55.857914	37.975857	151.7	11011
43	2022-04-12	08:49:47	5471.0463	14	0.0164	0.0021	5465.9036	2.1	4.8	0.5452	-0.0435	0.0003	0.0707	5.1152	60	0.000	55.800000	37.500000	0.00	55.857914	37.975857	151.8	11011
43	2022-04-12	08:50:47	5471.0477	14	0.0219	0.0028	5465.9048	1.5	5.7	0.5544	-0.0436	0.0004	0.0708	5.1152	60	0.000	55.800000	37.500000	0.00	55.857914	37.975857	151.7	11011
43	2022-04-12	08:51:47	5471.0483	14	0.0270	0.0035	5465.9055	2.0	6.0	0.5416	-0.0436	0.0004	0.0708	5.1153	60	0.000	55.800000	37.500000	0.00	55.857914	37.975849	151.8	11011
43	2022-04-12	08:52:47	5471.0489	14	0.0261	0.0034	5465.9059	2.5	5.0	0.5515	-0.0436	0.0004	0.0709	5.1153	60	0.000	55.800000	37.500000	0.00	55.857914	37.975849	151.7	11011
43	2022-04-12	08:53:47	5471.0483	14	0.0278	0.0036	5465.9052	3.2	6.0	0.5467	-0.0437	0.0006	0.0709	5.1153	60	0.000	55.800000	37.500000	0.00	55.857914	37.975838	152.1	11011
43	2022-04-12	08:54:47	5471.0481	14	0.0301	0.0039	5465.9052	2.9	5.1	0.5448	-0.0437	0.0004	0.0709	5.1153	60	0.000	55.800000	37.500000	0.00	55.857914	37.975838	151.0	11011
43	2022-04-12	08:55:47	5471.0475	14	0.0239	0.0031	5465.9047	3.8	5.1	0.5485	-0.0438	0.0005	0.0707	5.1153	60	0.000	55.800000	37.500000	0.00	55.857914	37.975838	151.0	11011
43	2022-04-12	08:56:47	5471.0483	14	0.0244	0.0031	5465.9056	2.5	4.5	0.5522	-0.0438	0.0004	0.0708	5.1153	60	0.000	55.800000	37.500000	0.00	55.857895	37.975830	151.6	11011
43	2022-04-12	08:57:47	5471.0480	14	0.0297	0.0038	5465.9051	1.7	6.3	0.5581	-0.0439	0.0006	0.0708	5.1153	60	0.000	55.800000	37.500000	0.00	55.857895	37.975826	151.7	11011
43	2022-04-12	08:58:47	5471.0465	14	0.0225	0.0029	5465.9037	2.0	6.5	0.5448	-0.0439	0.0006	0.0707	5.1154	60	0.000	55.800000	37.500000	0.00	55.857895	37.975811	151.6	11011
43	2022-04-12	08:59:47	5471.0465	14	0.0247	0.0032	5465.9033	2.8	8.6	0.5506	-0.0440	0.0011	0.0707	5.1154	60	0.000	55.800000	37.500000	0.00	55.857887	37.975826	151.8	11011
43	2022-04-12	09:00:47	5471.0483	14	0.0299	0.0039	5465.9054	1.9	7.8	0.5493	-0.0440	0.0008	0.0708	5.1154	60	0.000	55.800000	37.500000	0.00	55.857887	37.975826	151.8	11011
43	2022-04-12	09:01:47	5471.0479	14	0.0241	0.0031	5465.9051	2.6	7.9	0.5503	-0.0441	0.0008	0.0707	5.1154	60	0.000	55.800000	37.500000	0.00	55.857876	37.975826	151.8	11011
43	2022-04-12	09:02:47	5471.0476	14	0.0197	0.0025	5465.9050	2.3	8.2	0.5458	-0.0441	0.0009	0.0705	5.1154	60	0.000	55.800000	37.500000	0.00	55.857887	37.975830	151.6	11011
43	2022-04-12	09:03:47	5471.0478	14	0.0312	0.0040	5465.9050	2.8	7.7	0.5483	-0.0442	0.0008	0.0707	5.1154	60	0.000	55.800000	37.500000	0.00	55.857887	37.975830	151.6	11011
43	2022-04-12	09:04:47	5471.0474	14	0.0317	0.0041	5465.9048	0.8	7.2	0.5498	-0.0442	0.0006	0.0707	5.1154	60	0.000	55.800000	37.500000	0.00	55.857887	37.975826	151.4	11011
43	2022-04-12	09:05:47	5471.0485	14	0.0274	0.0035	5465.9058	-0.6	7.2	0.5477	-0.0443	0.0006	0.0708	5.1155	60	0.000	55.800000	37.500000	0.00	55.857887	37.975830	151.4	11011
43	2022-04-12	09:06:47	5471.0474	14	0.0244	0.0032	5465.9051	0.9	7.1	0.5477	-0.0443	0.0006	0.0706	5.1155	60	0.000	55.800000	37.500000	0.00	55.857887	37.975830	151.4	11011
43	2022-04-12	09:07:47	5471.0470	14	0.0278	0.0036	5465.9047	0.5	6.6	0.5476	-0.0444	0.0006	0.0706	5.1155	60	0.000	55.800000	37.500000	0.00	55.857895	37.975830	151.3	11011
43	2022-04-12	09:08:47	5471.0466	14	0.0309	0.0040	5465.9043	-0.3	7.1	0.5487	-0.0445	0.0007	0.0706	5.1155	60	0.000	55.800000	37.500000	0.00	55.857895	37.975845	151.1	11011
43	2022-04-12	09:09:47	5471.0478	14	0.0264	0.0034	5465.9055	0.8	7.3	0.5491	-0.0445	0.0006	0.0707	5.1155	60	0.000	55.800000	37.500000	0.00	55.857899	37.975845	151.8	11011
43	2022-04-12	09:10:47	5471.0463	14	0.0283	0.0037	5465.9043	1.6	6.4	0.5512	-0.0446	0.0005	0.0706	5.1155	60	0.000	55.800000	37.500000	0.00	55.857899	37.975845	151.8	11011
43	2022-04-12	09:11:47	5471.0470	14	0.0263	0.0034	5465.9051	0.7	6.9	0.5459	-0.0446	0.0006	0.0704	5.1156	60	0.000	55.800000	37.500000	0.00	55.857914	37.975830	151.7	11011
43	2022-04-12	09:12:47	5471.0474	14	0.0277	0.0036	5465.9055	0.7	6.0	0.5399	-0.0447	0.0005	0.0706	5.1156	60	0.000	55.800000	37.500000	0.00	55.857914	37.975838	151.7	11011
43	2022-04-12	09:13:47	5471.0472	14	0.0232	0.0030	5465.9051	0.7	7.3	0.5431	-0.0448	0.0007	0.0705	5.1156	60	0.000	55.800000	37.500000	0.00	55.857914	37.975826	151.3	11011
43	2022-04-12	09:14:47	5471.0470	14	0.0214	0.0028	5465.9050	0.7	7.0	0.5400	-0.0448	0.0006	0.0706	5.1156	60	0.000	55.800000	37.500000	0.00	55.857899	37.975826	148.1	11011
43	2022-04-12	09:15:47	5471.0481	14	0.0246	0.0032	5465.9059	1.8	8.1	0.5495	-0.0449	0.0009	0.0706	5.1156	60	0.000	55.800000	37.500000	0.00	55.857925	37.975811	147.9	11011
13	2022-04-12	10:46:16	5490.6723	14	0.0473	0.0061	5485.5334	1.4	0.8	0.5701	-0.0521	0.0001	0.0739	5.1170	60	0.000	55.800000	37.500000	0.00	55.854996	37.516308	145.8	11011
13	2022-04-12	10:47:16	5490.6745	14	0.0188	0.0024	5485.5359	0.8	1.9	0.5745	-0.0521	0.0000	0.0737	5.1170	60	0.000	55.800000	37.500000	0.00	55.855007	37.516273	146.2	11011
13	2022-04-12	10:48:16	5490.6743	14	0.0202	0.0026	5485.5357	0.6	3.0	0.5729	-0.0522	0.0001	0.0737	5.1170	60	0.000	55.800000	37.500000	0.00	55.855026	37.516262	146.5	11011
13	2022-04-12	10:49:16	5490.6747	14	0.0212	0.0027	5485.5364	0.2	1.8	0.5688	-0.0523	0.0001	0.0735	5.1170	60	0.000	55.800000	37.500000	0.00	55.854996	37.516216	146.0	11011
13	2022-04-12	10:50:16	5490.6749	14	0.0272	0.0035	5485.5368	0.6	1.3	0.5677	-0.0524	0.0001	0.0734	5.1170	60	0.000	55.800000	37.500000	0.00	55.855015	37.516205	146.4	11011
13	2022-04-12	10:51:16	5490.6740	14	0.0199	0.0026	5485.5362	1.0	2.2	0.5641	-0.0524	0.0001	0.0732	5.1170	60	0.000	55.800000	37.500000	0.00	55.855038	37.516148	146.8	11011
13	2022-04-12	10:52:16	5490.6747	14	0.0232	0.0030	5485.5369	-0.5	3.1	0.5704	-0.0525	0.0002	0.0730	5.1170	60	0.000	55.800000	37.500000	0.00	55.855019	37.516071	147.1	11011
13	2022-04-12	10:53:16	5490.6745	14	0.0206	0.0027	5485.5368	-0.1	1.4	0.5612	-0.0526	0.0000	0.0731	5.1171	60	0.000	55.800000	37.500000	0.00	55.855053	37.516338	149.7	11011
13	2022-04-12	10:54:16	5490.6748	14	0.0244	0.0032	5485.5374	-0.1	2.1	0.5703	-0.0527	0.0001	0.0729	5.1171	60	0.000	55.800000	37.500000	0.00	55.855103	37.516281	150.7	11011
13	2022-04-12	10:55:16	5490.6737	14	0.0249	0.0032	5485.5364	0.1	2.0	0.5661	-0.0527	0.0001	0.0729	5.1171	60	0.000	55.800000	37.500000	0.00	55.855133	37.516350	152.2	11011
13	2022-04-12	10:56:16	5490.6740	14	0.0241	0.0031	5485.5368	1.8	3.7	0.5584	-0.0528	0.0002	0.0727	5.1171	60	0.000	55.800000	37.500000	0.00	55.855026	37.516064	151.4	11011
13	2022-04-12	10:57:16	5490.6749	14	0.0209	0.0027	5485.5378	1.5	2.8	0.5594	-0.0529	0.0001	0.0727	5.1171	60	0.000	55.800000	37.500000	0.00	55.855343	37.516434	152.8	11011
13	2022-04-12	10:58:16	5490.6746	14	0.0292	0.0038	5485.5375	2.6	3.1	0.5660	-0.0529	0.0003	0.0726	5.1171	60	0.000	55.800000	37.500000	0.00	55.855015	37.516319	156.6	11011
13	2022-04-12	10:59:16	5490.6745	14	0.0256	0.0033	5485.5377	1.0	2.9	0.5653	-0.0530	0.0001	0.0726	5.1172	60	0.000	55.800000	37.500000	0.00	55.854988	37.516384	156.7	11011
13	2022-04-12	11:00:16	5490.6753	14	0.0263	0.0034	5485.5385	1.8	3.5	0.5590	-0.0531	0.0002	0.0725	5.1172	60	0.000	55.800000	37.500000	0.00	55.854977	37.516434	156.5	11011
13	2022-04-12	11:01:16	5490.6747	14	0.0283	0.0037	5485.5379	1.6	3.9	0.5606	-0.0531	0.0002	0.0725	5.1172	60	0.000	55.800000	37.500000	0.00	55.854980	37.516464	156.4	11011
13	2022-04-12	11:02:16	5490.6744	14	0.0219	0.0028	5485.5379	1.4	4.0	0.5600	-0.0532	0.0002	0.0724	5.1172	60	0.000	55.800000	37.500000	0.00	55.855007	37.516396	156.6	11011
13	2022-04-12	11:03:16	5490.6758	14	0.0274	0.0035	5485.5393	0.9	3.5	0.5587	-0.0533	0.0002	0.0724	5.1172	60	0.000	55.800000	37.500000	0.00	55.855053	37.516308	155.8	11011
13	2022-04-12	11:04:16	5490.6749	14	0.0241	0.0031	5485.5385	0.4	3.6	0.5612	-0.0533	0.0001	0.0724	5.1172	60	0.000	55.800000	37.500000	0.00	55.855053	37.516243	155.8	11011
13	2022-04-12	11:05:16	5490.6750	14	0.0180	0.0023	5485.5384	1.4	4.9	0.5717	-0.0534	0.0003	0.0724	5.1172	60	0.000	55.800000	37.500000	0.00	55.855045	37.516193	155.4	11011
13	2022-04-12	11:06:16	5490.6758	14	0.0256	0.0033	5485.5394	2.6	3.8	0.5638	-0.0535	0.0003	0.0723	5.1173	60	0.000	55.800000	37.500000	0.00	55.855015	37.516254	154.5	11011
13	2022-04-12	11:07:16	5490.6744	14	0.0238	0.0031	5485.5380	2.9	4.2	0.5602	-0.0535	0.0003	0.0723	5.1173	60	0.000	55.800000	37.500000	0.00	55.855015	37.516426	154.9	11011
13	2022-04-12	11:08:16	5490.6762	14	0.0254	0.0033	5485.5400	2.5	3.8	0.5619	-0.0536	0.0003	0.0722	5.1173	60	0.000	55.800000	37.500000	0.00	55.855019	37.516579	155.6	11011
13	2022-04-12	11:09:16	5490.6742	14	0.0207	0.0027	5485.5382	1.2	3.3	0.5623	-0.0537	0.0002	0.0722	5.1173	60	0.000	55.800000	37.500000	0.00	55.855045	37.516270	155.4	11011
13	2022-04-12	11:10:16	5490.6758	14	0.0198	0.0026	5485.5399	0.3	3.8	0.5616	-0.0537	0.0002	0.0721	5.1173	60	0.000	55.800000	37.500000	0.00	55.855045	37.516197	155.0	11011
13	2022-04-12	11:11:16	5490.6746	14	0.0228	0.0029	5485.5386	2.3	3.2	0.5567	-0.0538	0.0003	0.0721	5.1173	60	0.000	55.800000	37.500000	0.00	55.855045	37.516350	155.9	11011
13	2022-04-12	11:12:16	5490.6763	14	0.0261	0.0034	5485.5406	2.4	2.2	0.5516	-0.0538	0.0001	0.0721	5.1173	60	0.000	55.800000	37.500000	0.00	55.854996	37.516235	155.9	11011
13	2022-04-12	11:13:16	5490.6750	14	0.0315	0.0041	5485.5392	1.6	2.5	0.5564	-0.0539	0.0001	0.0722	5.1174	60	0.000	55.800000	37.500000	0.00	55.855083	37.516403	156.2	11011
13	2022-04-12	11:14:16	5490.6745	14	0.0320	0.0041	5485.5391	0.4	2.7	0.5598	-0.0540	0.0001	0.0719	5.1174	60	0.000	55.800000	37.500000	0.00	55.855103	37.516388	156.1	11011
13	2022-04-12	11:15:16	5490.6741	14	0.0163	0.0021	5485.5386	1.1	1.8	0.5632	-0.0540	0.0001	0.0720	5.1174	60	0.000	55.800000	37.500000	0.00	55.855072	37.516293	156.3	11011
13	2022-04-12	11:16:16	5490.6756	14	0.0233	0.0030	5485.5402	2.4	3.1	0.5540	-0.0541	0.0002	0.0719	5.1174	60	0.000	55.800000	37.500000	0.00	55.855045	37.516396	156.1	11011
13	2022-04-12	11:17:16	5490.6750	14	0.0234	0.0030	5485.5396	1.0	3.0	0.5573	-0.0541	0.0001	0.0720	5.1174	60	0.000	55.800000	37.500000	0.00	55.855064	37.516319	156.2	11011
13	2022-04-12	11:18:16	5490.6745	14	0.0288	0.0037	5485.5390	0.2	3.9	0.5570	-0.0542	0.0002	0.0720	5.1174	60	0.000	55.800000	37.500000	0.00	55.855026	37.516365	156.3	11011
13	2022-04-12	11:19:16	5490.6744	14	0.0273	0.0035	5485.5388	-0.8	5.2	0.5622	-0.0542	0.0003	0.0720	5.1175	60	0.000	55.800000	37.500000	0.00	55.855038	37.516579	156.4	11011
13	2022-04-12	11:20:16	5490.6738	14	0.0259	0.0033	5485.5385	0.5	4.5	0.5612	-0.0543	0.0002	0.0719	5.1175	60	0.000	55.800000	37.500000	0.00	55.855045	37.516453	155.7	11011
13	2022-04-12	11:21:16	5490.6751	14	0.0240	0.0031	5485.5395	1.0	5.7	0.5564	-0.0543	0.0005	0.0720	5.1175	60	0.000	55.800000	37.500000	0.00	55.855045	37.516502	155.3	11011
13	2022-04-12	11:22:16	5490.6751	14	0.0262	0.0034	5485.5399	-0.0	4.9	0.5548	-0.0544	0.0003	0.0718	5.1175	60	0.000	55.800000	37.500000	0.00	55.855026	37.516403	154.6	11011
13	2022-04-12	11:23:16	5490.6754	14	0.0323	0.0042	5485.5399	0.1	5.2	0.5529	-0.0544	0.0004	0.0720	5.1175	60	0.000	55.800000	37.500000	0.00	55.855019	37.516518	154.7	11011
13	2022-04-12	11:24:16	5490.6753	14	0.0270	0.0035	5485.5401	-0.2	4.8	0.5544	-0.0545	0.0003	0.0719	5.1175	60	0.000	55.800000	37.500000	0.00	55.855026	37.516346	154.7	11011
13	2022-04-12	11:25:16	5490.6746	14	0.0229	0.0030	5485.5395	0.7	4.5	0.5564	-0.0545	0.0003	0.0717	5.1175	60	0.000	55.800000	37.500000	0.00	55.855026	37.516388	155.0	11011
13	2022-04-12	11:26:16	5490.6754	14	0.0233	0.0030	5485.5405	0.7	4.1	0.5544	-0.0546	0.0002	0.0717	5.1176	60	0.000	55.800000	37.500000	0.00	55.855026	37.516499	155.1	11011
13	2022-04-12	11:27:16	5490.6760	14	0.0211	0.0027	5485.5411	1.2	3.9	0.5588	-0.0546	0.0003	0.0717	5.1176	60	0.000	55.800000	37.500000	0.00	55.855007	37.516384	153.6	11011
13	2022-04-12	11:28:16	5490.6743	14	0.0252	0.0033	5485.5395	1.0	2.7	0.5555	-0.0547	0.0001	0.0718	5.1176	60	0.000	55.800000	37.500000	0.00	55.855053	37.516434	154.3	11011
13	2022-04-12	11:29:16	5490.6744	14	0.0239	0.0031	5485.5395	0.9	4.2	0.5520	-0.0547	0.0003	0.0717	5.1176	60	0.000	55.800000	37.500000	0.00	55.855026	37.516567	154.6	11011
13	2022-04-12	11:30:16	5490.6759	14	0.0225	0.0029	5485.5410	0.4	4.1	0.5536	-0.0547	0.0002	0.0718	5.1176	60	0.000	55.800000	37.500000	0.00	55.855122	37.516396	155.3	11011
13	2022-04-12	11:31:16	5490.6763	14	0.0184	0.0024	5485.5416	0.2	3.4	0.5509	-0.0548	0.0002	0.0717	5.1176	60	0.000	55.800000	37.500000	0.00	55.855053	37.516537	155.6	11011
13	2022-04-12	11:32:16	5490.6753	14	0.0187	0.0024	5485.5406	0.4	4.6	0.5503	-0.0548	0.0002	0.0716	5.1176	60	0.000	55.800000	37.500000	0.00	55.855038	37.516453	156.4	11011
13	2022-04-12	11:33:16	5490.6765	14	0.0237	0.0031	5485.5418	-0.0	4.9	0.5596	-0.0549	0.0003	0.0716	5.1177	60	0.000	55.800000	37.500000	0.00	55.855095	37.516350	158.3	11011
13	2022-04-12	11:34:16	5490.6726	14	0.0285	0.0037	5485.5383	-0.8	4.5	0.5532	-0.0549	0.0002	0.0713	5.1177	60	0.000	55.800000	37.500000	0.00	55.855110	37.516445	160.6	11011
13	2022-04-12	11:35:16	5490.6732	14	0.0207	0.0027	5485.5386	-0.2	5.4	0.5588	-0.0549	0.0003	0.0716	5.1177	60	0.000	55.800000	37.500000	0.00	55.855103	37.516426	160.1	11011
13	2022-04-12	11:36:16	5490.6746	14	0.0218	0.0028	5485.5401	-0.5	4.3	0.5599	-0.0550	0.0002	0.0715	5.1177	60	0.000	55.800000	37.500000	0.00	55.855152	37.516453	160.9	11011
13	2022-04-12	11:37:16	5490.6741	14	0.0348	0.0045	5485.5395	-0.7	5.0	0.5528	-0.0550	0.0003	0.0715	5.1177	60	0.000	55.800000	37.500000	0.00	55.855083	37.516510	158.8	11011
13	2022-04-12	11:38:16	5490.6735	14	0.0241	0.0031	5485.5392	0.4	5.4	0.5512	-0.0550	0.0003	0.0713	5.1177	60	0.000	55.800000	37.500000	0.00	55.855076	37.516460	159.5	11011
13	2022-04-12	11:39:16	5490.6746	14	0.0232	0.0030	5485.5400	-0.1	5.0	0.5541	-0.0551	0.0003	0.0715	5.1177	60	0.000	55.800000	37.500000	0.00	55.855103	37.516548	158.0	11011
13	2022-04-12	11:40:16	5490.6737	14	0.0219	0.0028	5485.5394	-0.1	3.6	0.5538	-0.0551	0.0002	0.0714	5.1178	60	0.000	55.800000	37.500000	0.00	55.855103	37.516384	157.4	11011
13	2022-04-12	11:41:16	5490.6744	14	0.0262	0.0034	5485.5398	0.4	4.5	0.5530	-0.0551	0.0003	0.0716	5.1178	60	0.000	55.800000	37.500000	0.00	55.855122	37.516262	156.6	11011
13	2022-04-12	11:42:16	5490.6743	14	0.0223	0.0029	5485.5400	1.0	4.0	0.5536	-0.0551	0.0002	0.0715	5.1178	60	0.000	55.800000	37.500000	0.00	55.855122	37.516518	157.7	11011
13	2022-04-12	11:43:16	5490.6758	14	0.0189	0.0024	5485.5415	0.1	3.3	0.5546	-0.0552	0.0002	0.0714	5.1178	60	0.000	55.800000	37.500000	0.00	55.855076	37.516273	157.3	11011
13	2022-04-12	11:44:16	5490.6736	14	0.0227	0.0029	5485.5392	0.6	4.3	0.5486	-0.0552	0.0002	0.0716	5.1178	60	0.000	55.800000	37.500000	0.00	55.855095	37.516388	155.5	11011
13	2022-04-12	11:45:16	5490.6755	14	0.0235	0.0030	5485.5412	0.6	4.3	0.5523	-0.0552	0.0002	0.0714	5.1178	60	0.000	55.800000	37.500000	0.00	55.855064	37.516365	156.4	11011
