
/	CG-5 SURVEY
/	Survey name:   	110A-ledv
/	Instrument S/N:	41262
/	Client:        	tsniigaik
/	Operator:      	iask
/	Date:          	2022/ 4/22
/	Time:          	05:47:02
/	LONG:        	37.5000000 E
/	LAT:         	55.8000000 N
/	ZONE:        	0       
/	GMT DIFF.:   	0.0 

/	CG-5 SETUP PARAMETERS
/	Gref:			0.000   
/	Gcal1:		8489.254
/	TiltxS:		714.166 
/	TiltyS:		708.889 
/	TiltxO:		17.920  
/	TiltyO:		-24.094 
/	Tempco:		-0.131  
/	Drift:		0.141   
/	DriftTime Start:	05:47:04
/	DriftDate Start:	2022/04/22

/	CG-5 OPTIONS
/	Tide Correction:    YES
/	Cont. Tilt:          NO
/	Auto Rejection:     YES
/	Terrain Corr.:       NO
/	Seismic Filter:     YES
/	Raw Data:           YES
Line	  14.000N
/------LINE-----STATION-----ALT.------GRAV.---SD.--TILTX--TILTY-TEMP---TIDE---DUR-REJ-----TIME----DEC.TIME+DATE--TERRAIN---DATE
14.0000000  10.0000000   30.8103   5309.361 0.075   -5.4   -0.7 2.50 -0.078  55   1 05:57:35     44641.24792    0.0000  2022/04/22
14.0000000  10.0000000   31.0545   5309.363 0.063   -5.8   -1.0 2.49 -0.078  55   2 05:58:40     44641.24868    0.0000  2022/04/22
14.0000000  10.0000000   31.0545   5309.365 0.045   -6.0   -1.4 2.49 -0.078  55   1 05:59:40     44641.24937    0.0000  2022/04/22
14.0000000  10.0000000   31.0545   5309.363 0.047   -6.1   -1.5 2.49 -0.078  55   0 06:00:40     44641.25006    0.0000  2022/04/22
14.0000000  10.0000000   30.8103   5309.369 0.092   -6.3   -1.4 2.48 -0.077  55   3 06:01:40     44641.25076    0.0000  2022/04/22
14.0000000  10.0000000   31.0545   5309.364 0.047   -6.5   -1.7 2.48 -0.077  55   0 06:02:40     44641.25145    0.0000  2022/04/22
14.0000000  10.0000000   31.0545   5309.363 0.049   -6.6   -1.7 2.47 -0.077  55   0 06:03:40     44641.25214    0.0000  2022/04/22
14.0000000  10.0000000   31.0545   5309.363 0.042   -6.7   -1.8 2.47 -0.077  55   0 06:04:40     44641.25284    0.0000  2022/04/22
14.0000000  10.0000000   31.0545   5309.363 0.038   -6.8   -2.0 2.47 -0.077  55   0 06:05:40     44641.25353    0.0000  2022/04/22
14.0000000  10.0000000   31.0545   5309.364 0.040   -6.9   -2.1 2.46 -0.076  55   0 06:06:40     44641.25422    0.0000  2022/04/22
14.0000000  10.0000000   31.2986   5309.364 0.053   -6.9   -2.1 2.46 -0.076  55   0 06:07:40     44641.25492    0.0000  2022/04/22
14.0000000  10.0000000   31.2986   5309.364 0.057   -7.0   -2.2 2.46 -0.076  55   0 06:08:40     44641.25561    0.0000  2022/04/22
14.0000000  10.0000000   31.0545   5309.364 0.053   -7.0   -2.4 2.46 -0.076  55   0 06:09:40     44641.25630    0.0000  2022/04/22
14.0000000  10.0000000   31.0545   5309.365 0.048   -7.0   -2.6 2.45 -0.075  55   0 06:10:40     44641.25700    0.0000  2022/04/22
14.0000000  10.0000000   31.0545   5309.365 0.058   -7.1   -2.7 2.45 -0.075  55   0 06:11:40     44641.25769    0.0000  2022/04/22
14.0000000  10.0000000   31.2986   5309.364 0.039   -7.3   -2.7 2.45 -0.075  55   0 06:12:40     44641.25838    0.0000  2022/04/22
14.0000000  10.0000000   31.0545   5309.366 0.040   -7.2   -3.0 2.45 -0.075  55   0 06:13:40     44641.25908    0.0000  2022/04/22
14.0000000  10.0000000   31.2986   5309.364 0.034   -7.3   -3.0 2.44 -0.075  55   0 06:14:40     44641.25977    0.0000  2022/04/22
14.0000000  10.0000000   31.2986   5309.366 0.043   -7.3   -3.2 2.44 -0.074  55   0 06:15:40     44641.26046    0.0000  2022/04/22
14.0000000  10.0000000   31.2986   5309.364 0.042   -7.3   -3.5 2.44 -0.074  55   0 06:16:40     44641.26116    0.0000  2022/04/22
14.0000000  10.0000000   31.2986   5309.364 0.038   -7.5   -3.4 2.44 -0.074  55   0 06:17:40     44641.26185    0.0000  2022/04/22
14.0000000  10.0000000   31.0545   5309.365 0.034   -7.5   -3.7 2.44 -0.074  55   0 06:18:40     44641.26254    0.0000  2022/04/22
14.0000000  10.0000000   31.2986   5309.365 0.061   -7.6   -3.7 2.44 -0.073  55   0 06:19:40     44641.26324    0.0000  2022/04/22
14.0000000  10.0000000   31.2986   5309.365 0.041   -7.6   -3.8 2.44 -0.073  55   2 06:20:40     44641.26393    0.0000  2022/04/22
14.0000000  10.0000000   31.2986   5309.365 0.047   -7.6   -4.1 2.44 -0.073  55   0 06:21:40     44641.26462    0.0000  2022/04/22
14.0000000  10.0000000   31.0545   5309.365 0.066   -7.7   -3.9 2.44 -0.073  55   0 06:22:40     44641.26532    0.0000  2022/04/22
14.0000000  10.0000000   31.2986   5309.366 0.056   -7.7   -4.2 2.44 -0.072  55   0 06:23:40     44641.26601    0.0000  2022/04/22
14.0000000  10.0000000   31.0545   5309.366 0.048   -7.7   -4.3 2.43 -0.072  55   0 06:24:40     44641.26670    0.0000  2022/04/22
14.0000000  10.0000000   31.0545   5309.365 0.065   -7.8   -4.4 2.43 -0.072  55   0 06:25:40     44641.26740    0.0000  2022/04/22
14.0000000  10.0000000   31.0545   5309.365 0.039   -7.8   -4.4 2.43 -0.072  55   0 06:26:40     44641.26809    0.0000  2022/04/22
14.0000000  10.0000000   31.2986   5309.367 0.055   -7.8   -4.6 2.43 -0.071  55   3 06:27:40     44641.26878    0.0000  2022/04/22
14.0000000  10.0000000   31.2986   5309.364 0.045   -7.9   -4.8 2.43 -0.071  55   0 06:28:40     44641.26948    0.0000  2022/04/22
14.0000000  10.0000000   31.0545   5309.365 0.040   -7.9   -4.9 2.43 -0.071  55   0 06:29:40     44641.27017    0.0000  2022/04/22
14.0000000  10.0000000   31.2986   5309.364 0.066   -8.0   -4.9 2.43 -0.071  55   1 06:30:40     44641.27086    0.0000  2022/04/22
14.0000000  10.0000000   31.2986   5309.365 0.056   -7.9   -5.0 2.43 -0.070  55   0 06:31:40     44641.27156    0.0000  2022/04/22
14.0000000  10.0000000   31.0545   5309.364 0.040   -8.0   -5.0 2.43 -0.070  55   0 06:32:40     44641.27225    0.0000  2022/04/22
14.0000000  10.0000000   31.2986   5309.365 0.051   -8.1   -5.2 2.43 -0.070  55   0 06:33:40     44641.27294    0.0000  2022/04/22
14.0000000  10.0000000   31.2986   5309.364 0.046   -8.1   -5.2 2.43 -0.070  55   0 06:34:40     44641.27364    0.0000  2022/04/22
14.0000000  10.0000000   31.2986   5309.364 0.066   -8.1   -5.5 2.43 -0.069  55   0 06:35:40     44641.27433    0.0000  2022/04/22
14.0000000  10.0000000   31.5428   5309.365 0.050   -8.1   -5.4 2.43 -0.069  55   0 06:36:40     44641.27502    0.0000  2022/04/22
14.0000000  10.0000000   31.0545   5309.366 0.037   -8.3   -5.5 2.43 -0.069  55   0 06:37:40     44641.27572    0.0000  2022/04/22
14.0000000  10.0000000   31.2986   5309.366 0.039   -8.3   -5.7 2.43 -0.068  55   0 06:38:40     44641.27641    0.0000  2022/04/22
14.0000000  10.0000000   31.2986   5309.364 0.048   -8.3   -5.7 2.43 -0.068  55   0 06:39:40     44641.27710    0.0000  2022/04/22
14.0000000  10.0000000   31.2986   5309.366 0.042   -8.3   -5.8 2.43 -0.068  55   0 06:40:40     44641.27780    0.0000  2022/04/22
14.0000000  10.0000000   31.2986   5309.366 0.046   -8.3   -5.8 2.43 -0.068  55   0 06:41:40     44641.27849    0.0000  2022/04/22
14.0000000  10.0000000   31.2986   5309.367 0.044   -8.3   -6.0 2.43 -0.067  55   0 06:42:40     44641.27918    0.0000  2022/04/22
14.0000000  10.0000000   31.2986   5309.367 0.063   -8.4   -6.1 2.43 -0.067  55   0 06:43:40     44641.27988    0.0000  2022/04/22
14.0000000  10.0000000   31.0545   5309.366 0.054   -8.3   -6.2 2.43 -0.067  55   1 06:44:40     44641.28057    0.0000  2022/04/22
14.0000000  10.0000000   31.2986   5309.368 0.039   -8.3   -6.2 2.43 -0.067  55   0 06:45:40     44641.28126    0.0000  2022/04/22
14.0000000  10.0000000   31.2986   5309.367 0.075   -8.4   -6.3 2.43 -0.066  55   0 06:46:40     44641.28196    0.0000  2022/04/22
14.0000000  10.0000000   31.2986   5309.367 0.060   -8.3   -6.4 2.43 -0.066  55   0 06:47:40     44641.28265    0.0000  2022/04/22
14.0000000  10.0000000   31.2986   5309.368 0.037   -8.4   -6.4 2.43 -0.066  55   0 06:48:40     44641.28334    0.0000  2022/04/22
14.0000000  10.0000000   31.2986   5309.367 0.040   -8.4   -6.5 2.43 -0.065  55   0 06:49:40     44641.28404    0.0000  2022/04/22
14.0000000  10.0000000   31.2986   5309.367 0.059   -8.6   -6.5 2.43 -0.065  55   0 06:50:40     44641.28473    0.0000  2022/04/22
14.0000000  10.0000000   31.0545   5309.366 0.039   -8.5   -6.7 2.43 -0.065  55   0 06:51:40     44641.28542    0.0000  2022/04/22
14.0000000  10.0000000   31.2986   5309.368 0.034   -8.5   -6.8 2.43 -0.065  55   0 06:52:40     44641.28612    0.0000  2022/04/22
14.0000000  10.0000000   31.2986   5309.368 0.037   -8.6   -6.9 2.43 -0.064  55   0 06:53:40     44641.28681    0.0000  2022/04/22
14.0000000  10.0000000   31.2986   5309.367 0.041   -8.6   -6.7 2.43 -0.064  55   0 06:54:40     44641.28750    0.0000  2022/04/22
14.0000000  10.0000000   31.2986   5309.368 0.041   -8.6   -7.0 2.43 -0.064  55   0 06:55:40     44641.28820    0.0000  2022/04/22
14.0000000  10.0000000   30.0779   5309.367 0.035   -8.7   -7.1 2.42 -0.063  55   0 06:56:41     44641.28890    0.0000  2022/04/22
14.0000000  40.0000000   33.0076   5289.761 0.027    1.7    1.9 2.64 -0.038  55   3 08:12:42     44641.34161    0.0000  2022/04/22
14.0000000  40.0000000   33.0076   5289.762 0.020    1.7    1.9 2.62 -0.037  55   0 08:13:47     44641.34236    0.0000  2022/04/22
14.0000000  40.0000000   32.7635   5289.762 0.030    1.7    1.9 2.61 -0.037  55   6 08:14:47     44641.34305    0.0000  2022/04/22
14.0000000  40.0000000   33.0076   5289.765 0.058    1.6    1.8 2.59 -0.037  55   4 08:15:47     44641.34374    0.0000  2022/04/22
14.0000000  40.0000000   32.7635   5289.763 0.021    1.6    1.8 2.57 -0.036  55   0 08:16:47     44641.34444    0.0000  2022/04/22
14.0000000  40.0000000   33.0076   5289.762 0.023    1.6    1.7 2.56 -0.036  55   0 08:17:47     44641.34513    0.0000  2022/04/22
14.0000000  40.0000000   32.7635   5289.761 0.048    1.5    1.6 2.55 -0.036  55  10 08:18:47     44641.34582    0.0000  2022/04/22
14.0000000  40.0000000   32.7635   5289.763 0.110    1.5    1.6 2.54 -0.035  55   0 08:19:47     44641.34652    0.0000  2022/04/22
14.0000000  40.0000000   32.5193   5289.763 0.028    1.4    1.5 2.52 -0.035  55   0 08:20:47     44641.34721    0.0000  2022/04/22
14.0000000  40.0000000   32.5193   5289.764 0.053    1.3    1.5 2.51 -0.034  55   0 08:21:47     44641.34790    0.0000  2022/04/22
14.0000000  40.0000000   32.5193   5289.763 0.087    1.3    1.3 2.50 -0.034  55   3 08:22:47     44641.34860    0.0000  2022/04/22
14.0000000  40.0000000   32.5193   5289.766 0.080    1.3    1.3 2.50 -0.034  55   4 08:23:47     44641.34929    0.0000  2022/04/22
14.0000000  40.0000000   32.2752   5289.764 0.051    1.1    1.2 2.49 -0.033  55   0 08:24:47     44641.34998    0.0000  2022/04/22
14.0000000  40.0000000   32.2752   5289.764 0.043    1.1    1.1 2.48 -0.033  55   0 08:25:47     44641.35068    0.0000  2022/04/22
14.0000000  40.0000000   32.2752   5289.765 0.034    1.0    1.0 2.47 -0.033  55   3 08:26:47     44641.35137    0.0000  2022/04/22
14.0000000  40.0000000   32.0310   5289.766 0.028    0.9    0.8 2.47 -0.032  55   0 08:27:47     44641.35206    0.0000  2022/04/22
14.0000000  40.0000000   32.0310   5289.765 0.027    0.9    0.7 2.46 -0.032  55   0 08:28:47     44641.35276    0.0000  2022/04/22
14.0000000  40.0000000   32.0310   5289.766 0.038    0.8    0.6 2.46 -0.031  55   1 08:29:47     44641.35345    0.0000  2022/04/22
14.0000000  40.0000000   32.0310   5289.766 0.023    0.7    0.6 2.45 -0.031  55   0 08:30:47     44641.35414    0.0000  2022/04/22
14.0000000  40.0000000   32.0310   5289.767 0.030    0.6    0.5 2.45 -0.031  55   0 08:31:47     44641.35484    0.0000  2022/04/22
14.0000000  40.0000000   31.7869   5289.767 0.023    0.5    0.3 2.44 -0.030  55   0 08:32:47     44641.35553    0.0000  2022/04/22
14.0000000  40.0000000   31.7869   5289.766 0.023    0.5    0.2 2.44 -0.030  55   0 08:33:47     44641.35622    0.0000  2022/04/22
14.0000000  40.0000000   31.5428   5289.767 0.021    0.4    0.2 2.44 -0.029  55   0 08:34:47     44641.35692    0.0000  2022/04/22
14.0000000  40.0000000   31.7869   5289.768 0.022    0.3    0.0 2.43 -0.029  55   0 08:35:47     44641.35761    0.0000  2022/04/22
14.0000000  40.0000000   31.5428   5289.766 0.022    0.2    0.0 2.43 -0.029  55   0 08:36:47     44641.35830    0.0000  2022/04/22
14.0000000  40.0000000   31.5428   5289.768 0.023    0.1   -0.1 2.43 -0.028  55   2 08:37:47     44641.35900    0.0000  2022/04/22
14.0000000  40.0000000   31.5428   5289.767 0.023    0.0   -0.2 2.43 -0.028  55   0 08:38:47     44641.35969    0.0000  2022/04/22
14.0000000  40.0000000   31.5428   5289.767 0.018    0.0   -0.2 2.43 -0.027  55   0 08:39:47     44641.36038    0.0000  2022/04/22
14.0000000  40.0000000   31.5428   5289.768 0.032    0.0   -0.3 2.42 -0.027  55   0 08:40:47     44641.36108    0.0000  2022/04/22
14.0000000  40.0000000   31.2986   5289.768 0.060   -0.3   -0.3 2.43 -0.027  55   0 08:41:47     44641.36177    0.0000  2022/04/22
14.0000000  40.0000000   31.2986   5289.769 0.080   -0.1   -0.5 2.42 -0.026  55   0 08:42:47     44641.36246    0.0000  2022/04/22
14.0000000  40.0000000   31.2986   5289.768 0.027   -0.3   -0.6 2.42 -0.026  55   3 08:43:47     44641.36316    0.0000  2022/04/22
14.0000000  40.0000000   31.2986   5289.767 0.032   -0.3   -0.7 2.42 -0.025  55   0 08:44:47     44641.36385    0.0000  2022/04/22
14.0000000  40.0000000   31.2986   5289.769 0.029   -0.4   -0.8 2.42 -0.025  55   0 08:45:47     44641.36454    0.0000  2022/04/22
14.0000000  40.0000000   31.2986   5289.771 0.025   -0.5   -0.8 2.42 -0.025  55   2 08:46:47     44641.36524    0.0000  2022/04/22
14.0000000  40.0000000   31.2986   5289.770 0.039   -0.5   -0.9 2.42 -0.024  55   2 08:47:47     44641.36593    0.0000  2022/04/22
14.0000000  40.0000000   31.0545   5289.768 0.047   -0.7   -1.0 2.42 -0.024  55   0 08:48:47     44641.36662    0.0000  2022/04/22
14.0000000  40.0000000   31.0545   5289.770 0.049   -0.7   -1.0 2.42 -0.023  55   6 08:49:47     44641.36732    0.0000  2022/04/22
14.0000000  40.0000000   31.0545   5289.769 0.060   -0.7   -1.1 2.42 -0.023  55   0 08:50:47     44641.36801    0.0000  2022/04/22
14.0000000  40.0000000   31.0545   5289.769 0.065   -0.8   -1.2 2.41 -0.023  55   0 08:51:47     44641.36870    0.0000  2022/04/22
14.0000000  40.0000000   31.0545   5289.773 0.082   -0.9   -1.3 2.41 -0.022  55   1 08:52:47     44641.36940    0.0000  2022/04/22
14.0000000  40.0000000   31.0545   5289.769 0.045   -0.9   -1.3 2.41 -0.022  55   0 08:53:47     44641.37009    0.0000  2022/04/22
14.0000000  40.0000000   31.0545   5289.769 0.028   -1.1   -1.3 2.41 -0.021  55   0 08:54:47     44641.37078    0.0000  2022/04/22
14.0000000  40.0000000   30.8103   5289.770 0.022   -1.1   -1.4 2.41 -0.021  55   0 08:55:47     44641.37148    0.0000  2022/04/22
14.0000000  40.0000000   31.0545   5289.771 0.039   -1.1   -1.6 2.41 -0.021  55   0 08:56:47     44641.37217    0.0000  2022/04/22
14.0000000  40.0000000   30.8103   5289.770 0.021   -1.2   -1.7 2.41 -0.020  55   0 08:57:47     44641.37286    0.0000  2022/04/22
14.0000000  40.0000000   30.8103   5289.770 0.027   -1.3   -1.7 2.41 -0.020  55   0 08:58:47     44641.37356    0.0000  2022/04/22
14.0000000  40.0000000   30.8103   5289.771 0.020   -1.3   -1.8 2.41 -0.019  55   0 08:59:47     44641.37425    0.0000  2022/04/22
14.0000000  40.0000000   30.8103   5289.770 0.021   -1.4   -1.8 2.41 -0.019  55   0 09:00:47     44641.37494    0.0000  2022/04/22
14.0000000  40.0000000   30.8103   5289.770 0.020   -1.6   -1.7 2.41 -0.019  55   0 09:01:47     44641.37564    0.0000  2022/04/22
14.0000000  40.0000000   30.5662   5289.769 0.022   -1.5   -2.0 2.41 -0.018  55   0 09:02:47     44641.37633    0.0000  2022/04/22
14.0000000  40.0000000   30.8103   5289.770 0.021   -1.6   -2.0 2.41 -0.018  55   0 09:03:47     44641.37702    0.0000  2022/04/22
14.0000000  40.0000000   30.8103   5289.770 0.028   -1.6   -2.1 2.41 -0.017  55   0 09:04:47     44641.37772    0.0000  2022/04/22
14.0000000  40.0000000   30.8103   5289.769 0.031   -1.6   -2.2 2.41 -0.017  55   0 09:05:47     44641.37841    0.0000  2022/04/22
14.0000000  40.0000000   30.8103   5289.770 0.060   -1.7   -2.2 2.41 -0.016  55   0 09:06:47     44641.37910    0.0000  2022/04/22
14.0000000  40.0000000   30.5662   5289.771 0.035   -1.7   -2.3 2.41 -0.016  55   0 09:07:47     44641.37980    0.0000  2022/04/22
14.0000000  40.0000000   30.5662   5289.770 0.043   -1.8   -2.4 2.41 -0.016  55   0 09:08:47     44641.38049    0.0000  2022/04/22
14.0000000  40.0000000   30.5662   5289.770 0.073   -1.8   -2.4 2.41 -0.015  55   4 09:09:47     44641.38118    0.0000  2022/04/22
14.0000000  40.0000000   30.5662   5289.771 0.043   -1.8   -2.5 2.41 -0.015  55   7 09:10:47     44641.38188    0.0000  2022/04/22
14.0000000  40.0000000   29.3455   5289.771 0.047   -1.9   -2.6 2.41 -0.014  55   0 09:11:48     44641.38258    0.0000  2022/04/22
14.0000000  10.0000000   34.4724   5309.373 0.078   -2.8   -0.2 2.64 0.024  55   6 10:50:10     44641.45078    0.0000  2022/04/22
14.0000000  10.0000000   34.4724   5309.373 0.087   -2.9   -0.4 2.62 0.025  55   2 10:51:15     44641.45153    0.0000  2022/04/22
14.0000000  10.0000000   34.2283   5309.371 0.071   -3.0   -0.5 2.60 0.025  55   1 10:52:15     44641.45223    0.0000  2022/04/22
14.0000000  10.0000000   34.2283   5309.372 0.042   -3.0   -0.8 2.59 0.026  55   0 10:53:15     44641.45292    0.0000  2022/04/22
14.0000000  10.0000000   34.2283   5309.372 0.035   -3.1   -0.8 2.57 0.026  55   0 10:54:15     44641.45361    0.0000  2022/04/22
14.0000000  10.0000000   33.9842   5309.374 0.035   -3.1   -0.9 2.56 0.026  55   1 10:55:15     44641.45431    0.0000  2022/04/22
14.0000000  10.0000000   33.9842   5309.374 0.053   -3.1   -0.9 2.54 0.027  55   0 10:56:15     44641.45500    0.0000  2022/04/22
14.0000000  10.0000000   33.7400   5309.374 0.039   -3.1   -1.2 2.53 0.027  55   0 10:57:15     44641.45569    0.0000  2022/04/22
14.0000000  10.0000000   33.7400   5309.374 0.035   -3.1   -1.3 2.52 0.027  55   0 10:58:15     44641.45639    0.0000  2022/04/22
14.0000000  10.0000000   33.7400   5309.373 0.034   -3.1   -1.5 2.51 0.028  55   0 10:59:15     44641.45708    0.0000  2022/04/22
14.0000000  10.0000000   33.4959   5309.374 0.032   -3.2   -1.6 2.50 0.028  55   0 11:00:15     44641.45777    0.0000  2022/04/22
14.0000000  10.0000000   33.4959   5309.373 0.038   -3.2   -1.6 2.49 0.029  55   0 11:01:15     44641.45847    0.0000  2022/04/22
14.0000000  10.0000000   33.4959   5309.375 0.036   -3.3   -1.8 2.48 0.029  55   0 11:02:15     44641.45916    0.0000  2022/04/22
14.0000000  10.0000000   33.4959   5309.375 0.036   -3.4   -1.9 2.47 0.029  55   0 11:03:15     44641.45985    0.0000  2022/04/22
14.0000000  10.0000000   33.2517   5309.375 0.035   -3.5   -2.1 2.47 0.030  55   0 11:04:15     44641.46055    0.0000  2022/04/22
14.0000000  10.0000000   33.2517   5309.376 0.027   -3.5   -2.1 2.46 0.030  55   0 11:05:15     44641.46124    0.0000  2022/04/22
14.0000000  10.0000000   33.2517   5309.377 0.080   -3.6   -2.3 2.45 0.030  55   3 11:06:15     44641.46193    0.0000  2022/04/22
14.0000000  10.0000000   33.0076   5309.377 0.035   -3.6   -2.4 2.45 0.031  55   0 11:07:15     44641.46263    0.0000  2022/04/22
14.0000000  10.0000000   33.0076   5309.375 0.035   -3.8   -2.5 2.44 0.031  55  10 11:08:15     44641.46332    0.0000  2022/04/22
14.0000000  10.0000000   33.0076   5309.376 0.039   -3.9   -2.6 2.44 0.031  55   0 11:09:15     44641.46401    0.0000  2022/04/22
14.0000000  10.0000000   33.0076   5309.376 0.031   -4.0   -2.8 2.44 0.032  55   0 11:10:15     44641.46471    0.0000  2022/04/22
14.0000000  10.0000000   33.0076   5309.379 0.037   -4.2   -2.8 2.43 0.032  55   0 11:11:15     44641.46540    0.0000  2022/04/22
14.0000000  10.0000000   32.7635   5309.378 0.052   -4.3   -2.9 2.43 0.033  55   0 11:12:15     44641.46609    0.0000  2022/04/22
14.0000000  10.0000000   32.7635   5309.378 0.028   -4.4   -3.0 2.43 0.033  55   0 11:13:15     44641.46679    0.0000  2022/04/22
14.0000000  10.0000000   32.5193   5309.377 0.054   -4.3   -3.0 2.42 0.033  55   0 11:14:15     44641.46748    0.0000  2022/04/22
14.0000000  10.0000000   32.7635   5309.377 0.040   -4.5   -3.2 2.42 0.034  55   0 11:15:15     44641.46817    0.0000  2022/04/22
14.0000000  10.0000000   32.5193   5309.378 0.040   -4.6   -3.2 2.42 0.034  55   0 11:16:15     44641.46887    0.0000  2022/04/22
14.0000000  10.0000000   32.5193   5309.379 0.048   -4.8   -3.3 2.42 0.034  55   0 11:17:15     44641.46956    0.0000  2022/04/22
14.0000000  10.0000000   32.7635   5309.379 0.045   -4.8   -3.6 2.41 0.035  55   0 11:18:15     44641.47025    0.0000  2022/04/22
14.0000000  10.0000000   32.5193   5309.378 0.052   -5.0   -3.6 2.41 0.035  55   0 11:19:15     44641.47095    0.0000  2022/04/22
14.0000000  10.0000000   32.2752   5309.379 0.037   -5.0   -3.6 2.41 0.035  55   0 11:20:15     44641.47164    0.0000  2022/04/22
14.0000000  10.0000000   32.2752   5309.378 0.055   -5.1   -3.6 2.41 0.036  55   1 11:21:15     44641.47233    0.0000  2022/04/22
14.0000000  10.0000000   32.2752   5309.385 0.042   -5.1   -3.7 2.41 0.036  55   1 11:22:15     44641.47303    0.0000  2022/04/22
14.0000000  10.0000000   32.2752   5309.379 0.042   -5.2   -3.8 2.41 0.036  55   0 11:23:15     44641.47372    0.0000  2022/04/22
14.0000000  10.0000000   32.2752   5309.379 0.040   -5.3   -3.9 2.41 0.037  55   0 11:24:15     44641.47441    0.0000  2022/04/22
14.0000000  10.0000000   32.2752   5309.379 0.041   -5.6   -3.8 2.41 0.037  55   0 11:25:15     44641.47511    0.0000  2022/04/22
14.0000000  10.0000000   32.2752   5309.379 0.048   -5.5   -4.1 2.41 0.037  55   0 11:26:15     44641.47580    0.0000  2022/04/22
14.0000000  10.0000000   32.2752   5309.380 0.034   -5.5   -4.1 2.41 0.038  55   0 11:27:15     44641.47649    0.0000  2022/04/22
14.0000000  10.0000000   32.2752   5309.379 0.045   -5.6   -4.3 2.41 0.038  55   0 11:28:15     44641.47719    0.0000  2022/04/22
14.0000000  10.0000000   32.2752   5309.379 0.065   -5.5   -4.1 2.41 0.038  55   0 11:29:15     44641.47788    0.0000  2022/04/22
14.0000000  10.0000000   32.2752   5309.381 0.081   -6.0   -4.3 2.41 0.039  55   0 11:30:15     44641.47857    0.0000  2022/04/22
14.0000000  10.0000000   32.0310   5309.381 0.064   -5.8   -4.5 2.40 0.039  55   0 11:31:15     44641.47927    0.0000  2022/04/22
14.0000000  10.0000000   32.0310   5309.381 0.051   -5.9   -4.5 2.40 0.039  55   0 11:32:15     44641.47996    0.0000  2022/04/22
14.0000000  10.0000000   32.0310   5309.380 0.055   -5.8   -4.7 2.40 0.040  55   0 11:33:15     44641.48065    0.0000  2022/04/22
14.0000000  10.0000000   32.0310   5309.380 0.041   -6.0   -4.7 2.40 0.040  55   0 11:34:15     44641.48135    0.0000  2022/04/22
14.0000000  10.0000000   32.0310   5309.382 0.042   -6.0   -4.9 2.40 0.040  55   0 11:35:15     44641.48204    0.0000  2022/04/22
14.0000000  10.0000000   31.7869   5309.381 0.063   -6.0   -4.8 2.40 0.041  55   0 11:36:15     44641.48273    0.0000  2022/04/22
14.0000000  10.0000000   31.7869   5309.382 0.051   -6.2   -5.0 2.40 0.041  55   3 11:37:15     44641.48343    0.0000  2022/04/22
14.0000000  10.0000000   32.0310   5309.382 0.081   -6.3   -5.0 2.40 0.041  55   2 11:38:15     44641.48412    0.0000  2022/04/22
14.0000000  10.0000000   31.7869   5309.382 0.049   -6.2   -5.1 2.40 0.042  55   0 11:39:15     44641.48481    0.0000  2022/04/22
14.0000000  10.0000000   32.0310   5309.381 0.034   -6.3   -5.2 2.40 0.042  55   0 11:40:15     44641.48551    0.0000  2022/04/22
14.0000000  10.0000000   31.7869   5309.381 0.054   -6.4   -5.3 2.40 0.042  55   0 11:41:15     44641.48620    0.0000  2022/04/22
14.0000000  10.0000000   31.7869   5309.382 0.039   -6.5   -5.3 2.40 0.043  55   0 11:42:15     44641.48689    0.0000  2022/04/22
14.0000000  10.0000000   31.5428   5309.382 0.042   -6.5   -5.3 2.40 0.043  55   0 11:43:15     44641.48759    0.0000  2022/04/22
14.0000000  10.0000000   31.7869   5309.383 0.041   -6.5   -5.5 2.40 0.043  55   0 11:44:15     44641.48828    0.0000  2022/04/22
14.0000000  10.0000000   31.7869   5309.382 0.039   -6.5   -5.6 2.40 0.044  55   0 11:45:15     44641.48897    0.0000  2022/04/22
14.0000000  10.0000000   31.7869   5309.382 0.056   -6.6   -5.5 2.40 0.044  55   0 11:46:15     44641.48967    0.0000  2022/04/22
14.0000000  10.0000000   31.7869   5309.383 0.118   -6.8   -5.7 2.40 0.044  55   0 11:47:15     44641.49036    0.0000  2022/04/22
14.0000000  10.0000000   31.7869   5309.382 0.080   -6.7   -5.8 2.40 0.045  55   0 11:48:15     44641.49105    0.0000  2022/04/22
14.0000000  10.0000000   30.3221   5309.383 0.051   -6.8   -5.8 2.40 0.045  55   0 11:49:16     44641.49176    0.0000  2022/04/22