/		CG-6 Survey
/		Survey Name:	MAIN-ZVEB-MEN3
/		Instrument Serial Number:	000000022090471
/		Created:	2023-04-20 05:18:29
/
/		CG-6 Calibration
/		Operator:	AKE
/		Gcal1 [mGal]:	8025.847000
/		Goff [ADU]:	-8388608.000000
/		Gref [mGal]:	0.0000
/		X Scale [arc-sec/ADU]:	0.030956
/		Y Scale [arc-sec/ADU]:	0.030508
/		X Offset [ADU]:	-220356.544981
/		Y Offset [ADU]:	-134316.557988
/		Temperature Coefficient [mGal/mK]:	-0.130000
/		Temperature Scale [mK/ADU]:	-0.000111
/		Drift Rate [mGal/day]:	0.019270
/		Drift Zero Time:	2023-02-13 12:00:00
/		Firmware Version:	CG6_2_20220815
/
/Station	Date	Time	CorrGrav	Line	StdDev	StdErr	RawGrav	X	Y	SensorTemp	TideCorr	TiltCorr	TempCorr	DriftCorr	MeasurDur	InstrHeight	LatUser	LonUser	ElevUser	LatGPS	LonGPS	ElevGPS	Corrections[drift-temp-na-tide-tilt]
4	2023-05-03	05:01:40	5618.9994	4	0.0216	0.0028	5620.4874	-0.5	1.3	0.4355	-0.0286	0.0001	0.0572	-1.5167	60	0.000	55.800000	37.500000	181.80	55.780819	37.639297	199.6	11011
4	2023-05-03	05:02:40	5618.9993	4	0.0262	0.0034	5620.4871	-1.1	1.3	0.4422	-0.0282	0.0001	0.0569	-1.5167	60	0.000	55.800000	37.500000	181.80	55.780907	37.639236	201.8	11011
4	2023-05-03	05:03:40	5618.9992	4	0.0283	0.0037	5620.4864	-1.1	0.4	0.4376	-0.0277	0.0000	0.0572	-1.5168	60	0.000	55.800000	37.500000	181.80	55.781078	37.639160	207.3	11011
4	2023-05-03	05:04:40	5618.9991	4	0.0171	0.0022	5620.4861	0.1	0.1	0.4451	-0.0273	0.0000	0.0570	-1.5168	60	0.000	55.800000	37.500000	181.80	55.781567	37.639057	213.8	11011
4	2023-05-03	05:05:40	5618.9990	4	0.0306	0.0039	5620.4856	-0.0	0.2	0.4407	-0.0269	0.0000	0.0570	-1.5168	60	0.000	55.800000	37.500000	181.80	55.780907	37.639019	214.7	11011
4	2023-05-03	05:06:40	5618.9980	4	0.0261	0.0034	5620.4844	-1.4	-0.5	0.4335	-0.0264	0.0001	0.0568	-1.5168	60	0.000	55.800000	37.500000	181.80	55.780441	37.639236	221.6	11011
4	2023-05-03	05:07:40	5618.9991	4	0.0213	0.0027	5620.4851	-0.9	-0.7	0.4333	-0.0260	0.0000	0.0568	-1.5168	60	0.000	55.800000	37.500000	181.80	55.780819	37.639160	217.6	11011
4	2023-05-03	05:08:40	5618.9981	4	0.0213	0.0028	5620.4837	0.3	-0.9	0.4409	-0.0256	0.0001	0.0568	-1.5168	60	0.000	55.800000	37.500000	181.80	55.781162	37.639114	218.2	11011
4	2023-05-03	05:09:40	5618.9989	4	0.0286	0.0037	5620.4841	-0.6	-1.5	0.4322	-0.0252	0.0000	0.0568	-1.5168	60	0.000	55.800000	37.500000	181.80	55.780956	37.639217	216.4	11011
4	2023-05-03	05:10:40	5618.9990	4	0.0200	0.0026	5620.4836	-0.7	-0.1	0.4347	-0.0247	0.0000	0.0568	-1.5168	60	0.000	55.800000	37.500000	181.80	55.780704	37.639278	215.5	11011
4	2023-05-03	05:11:40	5618.9981	4	0.0297	0.0038	5620.4824	-0.1	1.2	0.4402	-0.0243	0.0001	0.0568	-1.5169	60	0.000	55.800000	37.500000	181.80	55.780907	37.639133	214.4	11011
4	2023-05-03	05:12:40	5618.9987	4	0.0265	0.0034	5620.4829	-0.6	0.8	0.4388	-0.0239	0.0000	0.0566	-1.5169	60	0.000	55.800000	37.500000	181.80	55.780323	37.639103	215.5	11011
4	2023-05-03	05:13:40	5618.9984	4	0.0197	0.0025	5620.4820	-0.2	-0.8	0.4418	-0.0235	0.0000	0.0567	-1.5169	60	0.000	55.800000	37.500000	181.80	55.780716	37.639286	222.5	11011
4	2023-05-03	05:14:40	5618.9975	4	0.0299	0.0039	5620.4807	-0.5	-0.5	0.4312	-0.0230	0.0001	0.0567	-1.5169	60	0.000	55.800000	37.500000	181.80	55.780926	37.639278	222.8	11011
4	2023-05-03	05:15:40	5618.9990	4	0.0256	0.0033	5620.4819	0.0	-0.5	0.4345	-0.0226	0.0000	0.0566	-1.5169	60	0.000	55.800000	37.500000	181.80	55.781166	37.639057	222.8	11011
4	2023-05-03	05:16:40	5619.0000	4	0.0261	0.0034	5620.4823	-0.8	0.6	0.4336	-0.0222	0.0001	0.0567	-1.5169	60	0.000	55.800000	37.500000	181.80	55.781162	37.639114	218.5	11011
4	2023-05-03	05:17:40	5618.9992	4	0.0190	0.0025	5620.4811	-0.2	1.4	0.4328	-0.0217	0.0001	0.0567	-1.5169	60	0.000	55.800000	37.500000	181.80	55.781155	37.639114	218.5	11011
4	2023-05-03	05:18:40	5619.0001	4	0.0242	0.0031	5620.4817	-0.6	1.1	0.4364	-0.0213	0.0001	0.0566	-1.5170	60	0.000	55.800000	37.500000	181.80	55.781143	37.638916	222.8	11011
4	2023-05-03	05:19:40	5618.9978	4	0.0204	0.0026	5620.4791	-0.4	1.0	0.4353	-0.0209	0.0000	0.0565	-1.5170	60	0.000	55.800000	37.500000	181.80	55.781242	37.639088	222.3	11011
4	2023-05-03	05:20:40	5618.9992	4	0.0316	0.0041	5620.4800	-1.0	-0.2	0.4361	-0.0205	0.0000	0.0566	-1.5170	60	0.000	55.800000	37.500000	181.80	55.781338	37.638973	235.1	11011
4	2023-05-03	05:21:40	5618.9991	4	0.0186	0.0024	5620.4793	-0.9	0.7	0.4333	-0.0201	0.0001	0.0567	-1.5170	60	0.000	55.800000	37.500000	181.80	55.781403	37.638893	238.5	11011
4	2023-05-03	05:22:40	5618.9982	4	0.0286	0.0037	5620.4782	-0.9	0.2	0.4302	-0.0196	0.0000	0.0566	-1.5170	60	0.000	55.800000	37.500000	181.80	55.781517	37.638733	233.5	11011
4	2023-05-03	05:23:40	5618.9999	4	0.0231	0.0030	5620.4795	-0.8	-1.0	0.4382	-0.0192	0.0001	0.0566	-1.5170	60	0.000	55.800000	37.500000	181.80	55.780994	37.639198	229.1	11011
4	2023-05-03	05:24:40	5618.9984	4	0.0200	0.0026	5620.4775	-0.9	0.4	0.4325	-0.0188	0.0001	0.0566	-1.5170	60	0.000	55.800000	37.500000	181.80	55.781010	37.639381	222.9	11011
4	2023-05-03	05:25:40	5618.9988	4	0.0235	0.0030	5620.4777	0.1	1.2	0.4310	-0.0184	0.0000	0.0565	-1.5170	60	0.000	55.800000	37.500000	181.80	55.781250	37.639019	225.1	11011
4	2023-05-03	05:26:40	5618.9982	4	0.0272	0.0035	5620.4769	-0.7	1.1	0.4287	-0.0179	0.0001	0.0562	-1.5171	60	0.000	55.800000	37.500000	181.80	55.781563	37.638885	264.8	11011
4	2023-05-03	05:27:40	5618.9974	4	0.0223	0.0029	5620.4756	-0.2	1.0	0.4314	-0.0175	0.0000	0.0564	-1.5171	60	0.000	55.800000	37.500000	181.80	55.781479	37.638779	278.7	11011
4	2023-05-03	05:28:40	5618.9984	4	0.0246	0.0032	5620.4762	-1.9	-0.0	0.4406	-0.0171	0.0001	0.0563	-1.5171	60	0.000	55.800000	37.500000	181.80	55.781689	37.638809	264.6	11011
4	2023-05-03	05:29:40	5618.9982	4	0.0268	0.0035	5620.4756	-2.2	0.2	0.4334	-0.0167	0.0001	0.0563	-1.5171	60	0.000	55.800000	37.500000	181.80	55.781509	37.638885	256.7	11011
4	2023-05-03	05:30:40	5618.9994	4	0.0297	0.0038	5620.4765	-1.9	-1.5	0.4344	-0.0163	0.0001	0.0562	-1.5171	60	0.000	55.800000	37.500000	181.80	55.781414	37.638893	251.5	11011
4	2023-05-03	05:31:40	5618.9987	4	0.0233	0.0030	5620.4755	-2.2	-1.6	0.4394	-0.0159	0.0001	0.0561	-1.5171	60	0.000	55.800000	37.500000	181.80	55.781372	37.638706	249.8	11011
4	2023-05-03	05:32:40	5618.9996	4	0.0206	0.0027	5620.4758	-2.0	-1.4	0.4327	-0.0154	0.0001	0.0562	-1.5171	60	0.000	55.800000	37.500000	181.80	55.781460	37.638847	250.7	11011
4	2023-05-03	05:33:40	5618.9991	4	0.0192	0.0025	5620.4751	-2.1	0.0	0.4281	-0.0150	0.0001	0.0561	-1.5172	60	0.000	55.800000	37.500000	181.80	55.781601	37.638779	253.8	11011
4	2023-05-03	05:34:40	5618.9993	4	0.0312	0.0040	5620.4748	-1.9	0.6	0.4300	-0.0146	0.0001	0.0561	-1.5172	60	0.000	55.800000	37.500000	181.80	55.781639	37.638950	256.1	11011
4	2023-05-03	05:35:40	5618.9987	4	0.0248	0.0032	5620.4738	-1.3	0.7	0.4333	-0.0142	0.0001	0.0562	-1.5172	60	0.000	55.800000	37.500000	181.80	55.781574	37.638790	270.1	11011
4	2023-05-03	05:36:40	5618.9983	4	0.0225	0.0029	5620.4730	-1.1	0.4	0.4382	-0.0138	0.0000	0.0562	-1.5172	60	0.000	55.800000	37.500000	181.80	55.781281	37.638969	277.0	11011
4	2023-05-03	05:37:40	5618.9990	4	0.0189	0.0024	5620.4733	-0.9	-0.1	0.4322	-0.0134	0.0000	0.0563	-1.5172	60	0.000	55.800000	37.500000	181.80	55.781403	37.639000	277.7	11011
4	2023-05-03	05:38:40	5618.9970	4	0.0219	0.0028	5620.4711	-1.0	0.5	0.4349	-0.0130	0.0000	0.0561	-1.5172	60	0.000	55.800000	37.500000	181.80	55.781536	37.639286	280.1	11011
4	2023-05-03	05:39:40	5618.9983	4	0.0265	0.0034	5620.4718	-0.8	-0.8	0.4292	-0.0126	0.0001	0.0561	-1.5172	60	0.000	55.800000	37.500000	181.80	55.781567	37.639236	281.4	11011
4	2023-05-03	05:40:40	5618.9982	4	0.0252	0.0033	5620.4714	-1.9	-0.1	0.4345	-0.0122	0.0001	0.0560	-1.5172	60	0.000	55.800000	37.500000	181.80	55.781719	37.639297	277.8	11011
4	2023-05-03	05:41:40	5618.9973	4	0.0299	0.0039	5620.4699	-2.6	1.5	0.4330	-0.0117	0.0001	0.0563	-1.5173	60	0.000	55.800000	37.500000	181.80	55.781696	37.639050	277.9	11011
4	2023-05-03	05:42:40	5618.9988	4	0.0300	0.0039	5620.4712	-2.6	0.3	0.4325	-0.0113	0.0001	0.0562	-1.5173	60	0.000	55.800000	37.500000	181.80	55.781487	37.638988	277.7	11011
4	2023-05-03	05:43:40	5619.0001	4	0.0162	0.0021	5620.4720	-0.9	0.8	0.4330	-0.0109	0.0000	0.0563	-1.5173	60	0.000	55.800000	37.500000	181.80	55.781536	37.639107	275.9	11011
4	2023-05-03	05:44:40	5618.9975	4	0.0234	0.0030	5620.4690	-1.2	-0.2	0.4381	-0.0105	0.0000	0.0563	-1.5173	60	0.000	55.800000	37.500000	181.80	55.781536	37.639221	278.6	11011
4	2023-05-03	05:45:40	5618.9974	4	0.0265	0.0034	5620.4687	-0.5	0.9	0.4328	-0.0101	0.0000	0.0562	-1.5173	60	0.000	55.800000	37.500000	181.80	55.781754	37.638988	277.0	11011
4	2023-05-03	05:46:40	5618.9970	4	0.0240	0.0031	5620.4679	-0.3	0.9	0.4263	-0.0097	0.0000	0.0561	-1.5173	60	0.000	55.800000	37.500000	181.80	55.781288	37.638828	276.9	11011
4	2023-05-03	05:47:40	5618.9979	4	0.0312	0.0040	5620.4682	-1.4	-0.1	0.4345	-0.0093	0.0001	0.0563	-1.5173	60	0.000	55.800000	37.500000	181.80	55.781414	37.639164	277.3	11011
4	2023-05-03	05:48:40	5618.9982	4	0.0254	0.0033	5620.4683	-1.5	0.2	0.4365	-0.0089	0.0001	0.0562	-1.5174	60	0.000	55.800000	37.500000	181.80	55.781696	37.638912	277.7	11011
4	2023-05-03	05:49:40	5618.9964	4	0.0269	0.0035	5620.4660	-1.6	1.0	0.4281	-0.0085	0.0001	0.0562	-1.5174	60	0.000	55.800000	37.500000	181.80	55.781567	37.638802	268.6	11011
4	2023-05-03	05:50:40	5618.9978	4	0.0238	0.0031	5620.4671	-1.8	0.6	0.4315	-0.0081	0.0000	0.0562	-1.5174	60	0.000	55.800000	37.500000	181.80	55.781803	37.638744	301.9	11011
4	2023-05-03	05:51:40	5618.9981	4	0.0324	0.0042	5620.4669	-1.8	-1.4	0.4365	-0.0077	0.0001	0.0562	-1.5174	60	0.000	55.800000	37.500000	181.80	55.781738	37.638668	304.7	11011
4	2023-05-03	05:52:40	5618.9984	4	0.0242	0.0031	5620.4669	-1.5	-1.6	0.4318	-0.0074	0.0001	0.0562	-1.5174	60	0.000	55.800000	37.500000	181.80	55.781448	37.638580	328.0	11011
4	2023-05-03	05:53:40	5618.9978	4	0.0162	0.0021	5620.4659	-3.0	-2.6	0.4330	-0.0070	0.0002	0.0561	-1.5174	60	0.000	55.800000	37.500000	181.80	55.781376	37.639057	278.0	11011
4	2023-05-03	05:54:40	5618.9970	4	0.0127	0.0016	5620.4648	-3.2	-1.4	0.4259	-0.0066	0.0002	0.0560	-1.5174	60	0.000	55.800000	37.500000	181.80	55.781250	37.638802	268.7	11011
4	2023-05-03	05:55:40	5618.9981	4	0.0186	0.0024	5620.4656	-1.9	-1.6	0.4337	-0.0062	0.0001	0.0561	-1.5174	60	0.000	55.800000	37.500000	181.80	55.781681	37.638683	265.5	11011
4	2023-05-03	05:56:40	5618.9973	4	0.0309	0.0040	5620.4642	-2.1	0.0	0.4366	-0.0058	0.0001	0.0562	-1.5175	60	0.000	55.800000	37.500000	181.80	55.781689	37.638809	264.4	11011
4	2023-05-03	05:57:40	5618.9976	4	0.0247	0.0032	5620.4646	-1.1	0.6	0.4305	-0.0054	0.0001	0.0559	-1.5175	60	0.000	55.800000	37.500000	181.80	55.781250	37.639259	257.1	11011
4	2023-05-03	05:58:40	5618.9968	4	0.0284	0.0037	5620.4631	-0.5	-0.4	0.4298	-0.0050	0.0000	0.0561	-1.5175	60	0.000	55.800000	37.500000	181.80	55.780895	37.639389	233.9	11011
4	2023-05-03	05:59:40	5618.9978	4	0.0199	0.0026	5620.4636	-1.1	-0.7	0.4267	-0.0046	0.0001	0.0562	-1.5175	60	0.000	55.800000	37.500000	181.80	55.781395	37.639427	236.3	11011
4	2023-05-03	06:00:40	5618.9968	4	0.0208	0.0027	5620.4625	-2.8	0.6	0.4264	-0.0043	0.0001	0.0559	-1.5175	60	0.000	55.800000	37.500000	181.80	55.780613	37.639313	237.1	11011
24	2023-05-03	07:47:01	5596.4032	4	0.0295	0.0038	5597.8376	0.6	-2.0	0.4646	0.0239	0.0001	0.0606	-1.5189	60	0.000	55.800000	37.500000	181.80	55.699406	36.757759	183.6	11011
24	2023-05-03	07:48:01	5596.4023	4	0.0224	0.0029	5597.8368	-0.0	-1.2	0.4648	0.0240	0.0000	0.0604	-1.5190	60	0.000	55.800000	37.500000	181.80	55.699406	36.757759	183.6	11011
24	2023-05-03	07:49:01	5596.4024	4	0.0321	0.0041	5597.8370	-1.1	-1.8	0.4683	0.0241	0.0001	0.0601	-1.5190	60	0.000	55.800000	37.500000	181.80	55.699406	36.757759	183.6	11011
24	2023-05-03	07:50:01	5596.4021	4	0.0264	0.0034	5597.8368	-1.6	-2.7	0.4563	0.0242	0.0002	0.0599	-1.5190	60	0.000	55.800000	37.500000	181.80	55.699322	36.757759	181.7	11011
24	2023-05-03	07:51:01	5596.4018	4	0.0274	0.0035	5597.8367	-1.9	-4.9	0.4551	0.0243	0.0004	0.0593	-1.5190	60	0.000	55.800000	37.500000	181.80	55.699471	36.757694	182.7	11011
24	2023-05-03	07:52:01	5596.4023	4	0.0367	0.0047	5597.8373	-2.2	-4.3	0.4541	0.0244	0.0003	0.0592	-1.5190	60	0.000	55.800000	37.500000	181.80	55.699291	36.757816	181.7	11011
24	2023-05-03	07:53:01	5596.4021	4	0.0318	0.0041	5597.8374	-1.8	-4.2	0.4526	0.0245	0.0003	0.0589	-1.5190	60	0.000	55.800000	37.500000	181.80	55.699348	36.757668	182.9	11011
24	2023-05-03	07:54:01	5596.4018	4	0.0285	0.0037	5597.8375	-2.5	-4.2	0.4552	0.0246	0.0003	0.0585	-1.5190	60	0.000	55.800000	37.500000	181.80	55.699528	36.757828	183.6	11011
24	2023-05-03	07:55:01	5596.4012	4	0.0232	0.0030	5597.8369	-3.1	-4.6	0.4464	0.0247	0.0004	0.0582	-1.5190	60	0.000	55.800000	37.500000	181.80	55.699413	36.757866	183.7	11011
24	2023-05-03	07:56:01	5596.4002	4	0.0205	0.0027	5597.8361	-3.3	-4.9	0.4413	0.0248	0.0004	0.0579	-1.5191	60	0.000	55.800000	37.500000	181.80	55.699253	36.758068	185.8	11011
24	2023-05-03	07:57:01	5596.3995	4	0.0355	0.0046	5597.8357	-2.4	-4.8	0.4483	0.0249	0.0003	0.0576	-1.5191	60	0.000	55.800000	37.500000	181.80	55.699261	36.757854	185.8	11011
24	2023-05-03	07:58:01	5596.4010	4	0.0288	0.0037	5597.8375	-2.4	-4.1	0.4412	0.0250	0.0003	0.0574	-1.5191	60	0.000	55.800000	37.500000	181.80	55.699348	36.757744	182.9	11011
24	2023-05-03	07:59:01	5596.4002	4	0.0234	0.0030	5597.8365	-2.7	-3.7	0.4354	0.0251	0.0003	0.0574	-1.5191	60	0.000	55.800000	37.500000	181.80	55.699348	36.757744	182.9	11011
24	2023-05-03	08:00:01	5596.4010	4	0.0325	0.0042	5597.8376	-2.4	-5.6	0.4389	0.0251	0.0005	0.0569	-1.5191	60	0.000	55.800000	37.500000	181.80	55.699261	36.757751	183.3	11011
24	2023-05-03	08:01:01	5596.4018	4	0.0363	0.0047	5597.8386	-2.9	-4.3	0.4379	0.0252	0.0002	0.0569	-1.5191	60	0.000	55.800000	37.500000	181.80	55.699348	36.757797	185.8	11011
24	2023-05-03	08:02:01	5596.4000	4	0.0247	0.0032	5597.8365	-3.9	-6.4	0.4357	0.0253	0.0006	0.0567	-1.5191	60	0.000	55.800000	37.500000	181.80	55.699310	36.757969	188.6	11011
24	2023-05-03	08:03:01	5596.3999	4	0.0207	0.0027	5597.8370	-4.4	-5.5	0.4358	0.0254	0.0006	0.0562	-1.5192	60	0.000	55.800000	37.500000	181.80	55.699493	36.757816	189.2	11011
24	2023-05-03	08:04:01	5596.3994	4	0.0226	0.0029	5597.8363	-3.5	-5.2	0.4354	0.0254	0.0005	0.0563	-1.5192	60	0.000	55.800000	37.500000	181.80	55.699413	36.757954	189.0	11011
24	2023-05-03	08:05:01	5596.3998	4	0.0221	0.0029	5597.8367	-4.2	-5.7	0.4281	0.0255	0.0007	0.0561	-1.5192	60	0.000	55.800000	37.500000	181.80	55.699413	36.757954	189.0	11011
24	2023-05-03	08:06:01	5596.4011	4	0.0376	0.0048	5597.8382	-3.5	-6.3	0.4299	0.0255	0.0006	0.0560	-1.5192	60	0.000	55.800000	37.500000	181.80	55.699501	36.757847	189.6	11011
24	2023-05-03	08:07:01	5596.4010	4	0.0241	0.0031	5597.8385	-3.8	-3.7	0.4207	0.0256	0.0003	0.0557	-1.5192	60	0.000	55.800000	37.500000	181.80	55.699490	36.757759	191.3	11011
24	2023-05-03	08:08:01	5596.3995	4	0.0275	0.0036	5597.8371	-3.5	-4.2	0.4249	0.0256	0.0004	0.0556	-1.5192	60	0.000	55.800000	37.500000	181.80	55.699398	36.757885	191.5	11011
24	2023-05-03	08:09:01	5596.3999	4	0.0335	0.0043	5597.8377	-4.1	-4.4	0.4292	0.0257	0.0003	0.0554	-1.5192	60	0.000	55.800000	37.500000	181.80	55.699207	36.758240	192.2	11011
24	2023-05-03	08:10:01	5596.3987	4	0.0325	0.0042	5597.8365	-3.5	-4.0	0.4251	0.0257	0.0004	0.0553	-1.5192	60	0.000	55.800000	37.500000	181.80	55.699356	36.757858	194.4	11011
24	2023-05-03	08:11:01	5596.3990	4	0.0281	0.0036	5597.8368	-4.3	-4.1	0.4276	0.0258	0.0005	0.0552	-1.5193	60	0.000	55.800000	37.500000	181.80	55.699501	36.757626	197.5	11011
24	2023-05-03	08:12:01	5596.4008	4	0.0320	0.0041	5597.8388	-4.9	-4.2	0.4247	0.0258	0.0005	0.0549	-1.5193	60	0.000	55.800000	37.500000	181.80	55.699406	36.757801	197.5	11011
24	2023-05-03	08:13:01	5596.3996	4	0.0291	0.0038	5597.8376	-3.3	-3.4	0.4235	0.0258	0.0003	0.0551	-1.5193	60	0.000	55.800000	37.500000	181.80	55.699673	36.756874	195.3	11011
24	2023-05-03	08:14:01	5596.4012	4	0.0282	0.0036	5597.8396	-3.2	-2.4	0.4154	0.0259	0.0002	0.0549	-1.5193	60	0.000	55.800000	37.500000	181.80	55.699570	36.757675	193.8	11011
24	2023-05-03	08:15:01	5596.3994	4	0.0238	0.0031	5597.8379	-3.2	-3.7	0.4225	0.0259	0.0003	0.0547	-1.5193	60	0.000	55.800000	37.500000	181.80	--	--	--	11011
24	2023-05-03	08:16:01	5596.3982	4	0.0325	0.0042	5597.8368	-3.7	-2.8	0.4224	0.0259	0.0003	0.0545	-1.5193	60	0.000	55.800000	37.500000	181.80	55.699501	36.758076	193.5	11011
24	2023-05-03	08:17:01	5596.3988	4	0.0298	0.0038	5597.8374	-4.0	-3.6	0.4110	0.0260	0.0004	0.0543	-1.5193	60	0.000	55.800000	37.500000	181.80	55.699169	36.759418	194.8	11011
24	2023-05-03	08:18:01	5596.3989	4	0.0298	0.0038	5597.8378	-3.9	-3.1	0.4193	0.0260	0.0003	0.0542	-1.5194	60	0.000	55.800000	37.500000	181.80	55.699512	36.757439	195.4	11011
24	2023-05-03	08:19:01	5596.3989	4	0.0311	0.0040	5597.8377	-4.3	-1.9	0.4143	0.0260	0.0003	0.0543	-1.5194	60	0.000	55.800000	37.500000	181.80	55.699310	36.757988	195.5	11011
24	2023-05-03	08:20:01	5596.3967	4	0.0264	0.0034	5597.8359	-4.1	-2.8	0.4145	0.0260	0.0003	0.0539	-1.5194	60	0.000	55.800000	37.500000	181.80	55.699310	36.757988	195.5	11011
24	2023-05-03	08:21:01	5596.3983	4	0.0229	0.0030	5597.8373	-4.3	-3.5	0.4131	0.0260	0.0004	0.0540	-1.5194	60	0.000	55.800000	37.500000	181.80	55.699432	36.757702	195.8	11011
24	2023-05-03	08:22:01	5596.3976	4	0.0248	0.0032	5597.8368	-4.1	-3.2	0.4082	0.0260	0.0003	0.0538	-1.5194	60	0.000	55.800000	37.500000	181.80	55.699341	36.757629	196.1	11011
24	2023-05-03	08:23:01	5596.3985	4	0.0237	0.0031	5597.8380	-4.6	-3.7	0.4156	0.0260	0.0004	0.0536	-1.5194	60	0.000	55.800000	37.500000	181.80	55.699341	36.757629	196.1	11011
24	2023-05-03	08:24:01	5596.3989	4	0.0273	0.0035	5597.8383	-4.6	-2.7	0.4120	0.0260	0.0004	0.0536	-1.5194	60	0.000	55.800000	37.500000	181.80	55.699341	36.757629	196.1	11011
24	2023-05-03	08:25:01	5596.3973	4	0.0298	0.0038	5597.8369	-4.3	-2.7	0.4076	0.0260	0.0003	0.0535	-1.5194	60	0.000	55.800000	37.500000	181.80	55.699368	36.757835	192.5	11011
24	2023-05-03	08:26:01	5596.3985	4	0.0245	0.0032	5597.8382	-5.4	-2.8	0.4091	0.0260	0.0004	0.0534	-1.5195	60	0.000	55.800000	37.500000	181.80	55.699368	36.757835	192.5	11011
24	2023-05-03	08:27:01	5596.3982	4	0.0308	0.0040	5597.8377	-5.1	-3.0	0.4118	0.0260	0.0006	0.0534	-1.5195	60	0.000	55.800000	37.500000	181.80	55.699368	36.757835	192.5	11011
24	2023-05-03	08:28:01	5596.3986	4	0.0248	0.0032	5597.8382	-4.8	-4.7	0.4083	0.0260	0.0007	0.0532	-1.5195	60	0.000	55.800000	37.500000	181.80	55.699368	36.757835	192.5	11011
24	2023-05-03	08:29:01	5596.3979	4	0.0249	0.0032	5597.8377	-5.5	-4.8	0.4120	0.0260	0.0007	0.0530	-1.5195	60	0.000	55.800000	37.500000	181.80	55.699387	36.757046	191.5	11011
24	2023-05-03	08:30:01	5596.3972	4	0.0245	0.0032	5597.8372	-4.2	-4.6	0.4077	0.0259	0.0005	0.0530	-1.5195	60	0.000	55.800000	37.500000	181.80	55.699413	36.757587	192.9	11011
24	2023-05-03	08:31:01	5596.3995	4	0.0269	0.0035	5597.8397	-4.4	-3.5	0.4097	0.0259	0.0004	0.0530	-1.5195	60	0.000	55.800000	37.500000	181.80	55.699337	36.758076	193.2	11011
24	2023-05-03	08:32:01	5596.3977	4	0.0301	0.0039	5597.8379	-6.0	-3.1	0.4067	0.0259	0.0006	0.0529	-1.5195	60	0.000	55.800000	37.500000	181.80	55.699547	36.758198	192.6	11011
24	2023-05-03	08:33:01	5596.3970	4	0.0239	0.0031	5597.8375	-5.5	-2.1	0.3989	0.0259	0.0005	0.0528	-1.5196	60	0.000	55.800000	37.500000	181.80	55.699081	36.757801	178.6	11011
24	2023-05-03	08:34:01	5596.3973	4	0.0228	0.0029	5597.8379	-5.6	-3.3	0.4041	0.0258	0.0005	0.0526	-1.5196	60	0.000	55.800000	37.500000	181.80	--	--	--	11011
24	2023-05-03	08:35:01	5596.3993	4	0.0278	0.0036	5597.8398	-5.4	-3.5	0.4044	0.0258	0.0005	0.0527	-1.5196	60	0.000	55.800000	37.500000	181.80	55.699318	36.757702	185.5	11011
24	2023-05-03	08:36:01	5596.3977	4	0.0242	0.0031	5597.8383	-6.1	-3.8	0.4047	0.0257	0.0007	0.0526	-1.5196	60	0.000	55.800000	37.500000	181.80	--	--	--	11011
24	2023-05-03	08:37:01	5596.3963	4	0.0273	0.0035	5597.8371	-6.5	-3.5	0.4007	0.0257	0.0006	0.0526	-1.5196	60	0.000	55.800000	37.500000	181.80	55.699356	36.757816	186.4	11011
24	2023-05-03	08:38:01	5596.3988	4	0.0293	0.0038	5597.8400	-6.3	-1.4	0.4042	0.0257	0.0004	0.0524	-1.5196	60	0.000	55.800000	37.500000	181.80	55.699341	36.757408	186.9	11011
24	2023-05-03	08:39:01	5596.3992	4	0.0295	0.0038	5597.8402	-6.6	-1.2	0.4064	0.0256	0.0006	0.0525	-1.5196	60	0.000	55.800000	37.500000	181.80	55.699348	36.757687	185.3	11011
24	2023-05-03	08:40:01	5596.3977	4	0.0268	0.0035	5597.8388	-6.8	-0.5	0.4061	0.0256	0.0006	0.0524	-1.5196	60	0.000	55.800000	37.500000	181.80	55.699348	36.757687	185.3	11011
24	2023-05-03	08:41:01	5596.3973	4	0.0251	0.0032	5597.8385	-6.6	-2.3	0.4013	0.0255	0.0006	0.0524	-1.5197	60	0.000	55.800000	37.500000	181.80	55.699348	36.757687	185.3	11011
24	2023-05-03	08:42:01	5596.3968	4	0.0248	0.0032	5597.8383	-5.9	-2.9	0.4030	0.0254	0.0005	0.0522	-1.5197	60	0.000	55.800000	37.500000	181.80	55.699348	36.757687	185.3	11011
24	2023-05-03	08:43:01	5596.3963	4	0.0259	0.0033	5597.8378	-6.4	-2.3	0.4017	0.0254	0.0006	0.0522	-1.5197	60	0.000	55.800000	37.500000	181.80	55.699348	36.757687	185.3	11011
24	2023-05-03	08:44:01	5596.3978	4	0.0253	0.0033	5597.8394	-6.5	-1.3	0.3999	0.0253	0.0006	0.0522	-1.5197	60	0.000	55.800000	37.500000	181.80	55.699348	36.757687	185.3	11011
24	2023-05-03	08:45:01	5596.3954	4	0.0255	0.0033	5597.8373	-6.2	-2.8	0.4030	0.0252	0.0005	0.0521	-1.5197	60	0.000	55.800000	37.500000	181.80	55.699348	36.757542	180.6	11011
24	2023-05-03	08:46:01	5596.3973	4	0.0301	0.0039	5597.8389	-7.4	-2.7	0.3927	0.0252	0.0008	0.0522	-1.5197	60	0.000	55.800000	37.500000	181.80	55.699520	36.757702	180.5	11011
64	2023-05-03	10:59:22	5650.6063	4	0.0310	0.0040	5652.0764	-0.8	-1.8	0.4575	-0.0089	0.0001	0.0603	-1.5215	60	0.000	55.800000	37.500000	181.80	56.028408	37.230740	189.0	11011
64	2023-05-03	11:00:22	5650.6093	4	0.0295	0.0038	5652.0798	0.6	-1.3	0.4610	-0.0093	0.0001	0.0602	-1.5215	60	0.000	55.800000	37.500000	181.80	56.028599	37.231075	188.1	11011
64	2023-05-03	11:01:22	5650.6081	4	0.0220	0.0028	5652.0793	0.0	-0.4	0.4631	-0.0097	0.0000	0.0600	-1.5215	60	0.000	55.800000	37.500000	181.80	56.028522	37.230225	186.4	11011
64	2023-05-03	11:02:22	5650.6099	4	0.0234	0.0030	5652.0815	0.7	-1.9	0.4566	-0.0101	0.0001	0.0599	-1.5216	60	0.000	55.800000	37.500000	181.80	56.028572	37.230370	180.3	11011
64	2023-05-03	11:03:22	5650.6096	4	0.0301	0.0039	5652.0816	-0.4	-1.6	0.4600	-0.0105	0.0001	0.0599	-1.5216	60	0.000	55.800000	37.500000	181.80	56.028534	37.230961	178.2	11011
64	2023-05-03	11:04:22	5650.6077	4	0.0251	0.0032	5652.0805	-0.3	0.5	0.4566	-0.0109	0.0000	0.0597	-1.5216	60	0.000	55.800000	37.500000	181.80	56.028465	37.230915	175.3	11011
64	2023-05-03	11:05:22	5650.6081	4	0.0223	0.0029	5652.0812	-0.5	-0.9	0.4535	-0.0113	0.0001	0.0597	-1.5216	60	0.000	55.800000	37.500000	181.80	56.028706	37.230026	172.5	11011
64	2023-05-03	11:06:22	5650.6083	4	0.0204	0.0026	5652.0819	0.2	-0.9	0.4635	-0.0117	0.0000	0.0596	-1.5216	60	0.000	55.800000	37.500000	181.80	56.028458	37.230896	174.1	11011
64	2023-05-03	11:07:22	5650.6077	4	0.0273	0.0035	5652.0816	-0.4	-3.2	0.4544	-0.0120	0.0002	0.0595	-1.5216	60	0.000	55.800000	37.500000	181.80	--	--	--	11011
64	2023-05-03	11:08:22	5650.6086	4	0.0239	0.0031	5652.0831	-1.7	-2.1	0.4541	-0.0124	0.0001	0.0595	-1.5216	60	0.000	55.800000	37.500000	181.80	--	--	--	11011
64	2023-05-03	11:09:22	5650.6088	4	0.0250	0.0032	5652.0835	-1.3	-2.4	0.4631	-0.0128	0.0001	0.0597	-1.5216	60	0.000	55.800000	37.500000	181.80	--	--	--	11011
64	2023-05-03	11:10:22	5650.6077	4	0.0272	0.0035	5652.0830	-1.6	-1.6	0.4552	-0.0132	0.0001	0.0595	-1.5217	60	0.000	55.800000	37.500000	181.80	--	--	--	11011
64	2023-05-03	11:11:22	5650.6085	4	0.0276	0.0036	5652.0843	-1.7	-1.3	0.4607	-0.0136	0.0001	0.0595	-1.5217	60	0.000	55.800000	37.500000	181.80	--	--	--	11011
64	2023-05-03	11:12:22	5650.6073	4	0.0260	0.0034	5652.0836	-1.5	-1.2	0.4590	-0.0140	0.0001	0.0593	-1.5217	60	0.000	55.800000	37.500000	181.80	--	--	--	11011
64	2023-05-03	11:13:22	5650.6083	4	0.0234	0.0030	5652.0848	-1.7	-2.3	0.4583	-0.0144	0.0002	0.0595	-1.5217	60	0.000	55.800000	37.500000	181.80	56.028057	37.231075	189.6	11011
64	2023-05-03	11:14:22	5650.6073	4	0.0165	0.0021	5652.0842	-1.0	-1.4	0.4567	-0.0148	0.0001	0.0596	-1.5217	60	0.000	55.800000	37.500000	181.80	56.029289	37.229733	190.1	11011
64	2023-05-03	11:15:22	5650.6066	4	0.0239	0.0031	5652.0841	-2.5	-1.4	0.4566	-0.0152	0.0001	0.0593	-1.5217	60	0.000	55.800000	37.500000	181.80	56.029095	37.230453	189.8	11011
64	2023-05-03	11:16:22	5650.6066	4	0.0257	0.0033	5652.0845	-2.4	-0.7	0.4524	-0.0156	0.0001	0.0594	-1.5217	60	0.000	55.800000	37.500000	181.80	56.028027	37.230705	187.5	11011
64	2023-05-03	11:17:22	5650.6069	4	0.0205	0.0026	5652.0855	-0.8	0.4	0.4553	-0.0160	0.0000	0.0592	-1.5218	60	0.000	55.800000	37.500000	181.80	--	--	--	11011
64	2023-05-03	11:18:22	5650.6057	4	0.0336	0.0043	5652.0845	-0.9	-0.1	0.4548	-0.0164	0.0000	0.0594	-1.5218	60	0.000	55.800000	37.500000	181.80	--	--	--	11011
64	2023-05-03	11:19:22	5650.6064	4	0.0234	0.0030	5652.0857	-1.3	-0.6	0.4599	-0.0169	0.0000	0.0592	-1.5218	60	0.000	55.800000	37.500000	181.80	--	--	--	11011
64	2023-05-03	11:20:22	5650.6065	4	0.0222	0.0029	5652.0862	-1.8	-0.4	0.4521	-0.0173	0.0001	0.0593	-1.5218	60	0.000	55.800000	37.500000	181.80	--	--	--	11011
64	2023-05-03	11:21:22	5650.6059	4	0.0167	0.0021	5652.0858	-2.7	-0.8	0.4576	-0.0177	0.0002	0.0594	-1.5218	60	0.000	55.800000	37.500000	181.80	--	--	--	11011
64	2023-05-03	11:22:22	5650.6077	4	0.0234	0.0030	5652.0883	-1.9	-1.3	0.4559	-0.0181	0.0001	0.0593	-1.5218	60	0.000	55.800000	37.500000	181.80	--	--	--	11011
64	2023-05-03	11:23:22	5650.6070	4	0.0219	0.0028	5652.0881	-1.5	-0.3	0.4596	-0.0185	0.0001	0.0592	-1.5218	60	0.000	55.800000	37.500000	181.80	--	--	--	11011
64	2023-05-03	11:24:22	5650.6076	4	0.0179	0.0023	5652.0890	-2.6	0.4	0.4600	-0.0189	0.0001	0.0592	-1.5218	60	0.000	55.800000	37.500000	181.80	--	--	--	11011
64	2023-05-03	11:25:22	5650.6076	4	0.0221	0.0029	5652.0893	-3.8	1.2	0.4548	-0.0193	0.0002	0.0593	-1.5219	60	0.000	55.800000	37.500000	181.80	--	--	--	11011
64	2023-05-03	11:26:22	5650.6070	4	0.0255	0.0033	5652.0891	-4.9	1.3	0.4577	-0.0197	0.0003	0.0592	-1.5219	60	0.000	55.800000	37.500000	181.80	--	--	--	11011
64	2023-05-03	11:27:22	5650.6072	4	0.0267	0.0034	5652.0898	-4.5	1.3	0.4561	-0.0201	0.0003	0.0591	-1.5219	60	0.000	55.800000	37.500000	181.80	--	--	--	11011
64	2023-05-03	11:28:22	5650.6066	4	0.0296	0.0038	5652.0897	-4.2	0.8	0.4558	-0.0205	0.0003	0.0591	-1.5219	60	0.000	55.800000	37.500000	181.80	--	--	--	11011
64	2023-05-03	11:29:22	5650.6053	4	0.0234	0.0030	5652.0891	-2.8	0.4	0.4526	-0.0209	0.0001	0.0589	-1.5219	60	0.000	55.800000	37.500000	181.80	--	--	--	11011
64	2023-05-03	11:30:22	5650.6069	4	0.0266	0.0034	5652.0909	-3.2	0.2	0.4549	-0.0213	0.0002	0.0592	-1.5219	60	0.000	55.800000	37.500000	181.80	--	--	--	11011
64	2023-05-03	11:31:22	5650.6058	4	0.0257	0.0033	5652.0903	-1.9	-0.4	0.4521	-0.0217	0.0001	0.0591	-1.5219	60	0.000	55.800000	37.500000	181.80	--	--	--	11011
64	2023-05-03	11:32:22	5650.6077	4	0.0262	0.0034	5652.0928	-1.0	0.5	0.4592	-0.0222	0.0000	0.0590	-1.5220	60	0.000	55.800000	37.500000	181.80	--	--	--	11011
64	2023-05-03	11:33:22	5650.6064	4	0.0196	0.0025	5652.0918	-1.9	1.3	0.4603	-0.0226	0.0001	0.0590	-1.5220	60	0.000	55.800000	37.500000	181.80	56.028561	37.231125	188.7	11011
64	2023-05-03	11:34:22	5650.6058	4	0.0229	0.0030	5652.0916	-3.1	0.6	0.4584	-0.0230	0.0002	0.0591	-1.5220	60	0.000	55.800000	37.500000	181.80	56.028610	37.229961	188.4	11011
64	2023-05-03	11:35:22	5650.6062	4	0.0289	0.0037	5652.0923	-3.6	-0.1	0.4479	-0.0234	0.0002	0.0591	-1.5220	60	0.000	55.800000	37.500000	181.80	56.028515	37.230598	188.9	11011
64	2023-05-03	11:36:22	5650.6063	4	0.0231	0.0030	5652.0929	-2.6	0.2	0.4480	-0.0238	0.0001	0.0591	-1.5220	60	0.000	55.800000	37.500000	181.80	56.028603	37.231323	187.6	11011
64	2023-05-03	11:37:22	5650.6059	4	0.0232	0.0030	5652.0928	-2.2	1.1	0.4577	-0.0242	0.0001	0.0592	-1.5220	60	0.000	55.800000	37.500000	181.80	56.028355	37.230389	187.6	11011
64	2023-05-03	11:38:22	5650.6053	4	0.0248	0.0032	5652.0930	-2.5	0.9	0.4556	-0.0246	0.0001	0.0589	-1.5220	60	0.000	55.800000	37.500000	181.80	56.028656	37.230999	187.9	11011
64	2023-05-03	11:39:22	5650.6055	4	0.0290	0.0037	5652.0933	-3.1	1.4	0.4576	-0.0250	0.0002	0.0591	-1.5220	60	0.000	55.800000	37.500000	181.80	56.028400	37.230572	190.0	11011
64	2023-05-03	11:40:22	5650.6053	4	0.0192	0.0025	5652.0936	-3.4	0.3	0.4556	-0.0254	0.0002	0.0590	-1.5221	60	0.000	55.800000	37.500000	181.80	56.028545	37.230999	192.0	11011
64	2023-05-03	11:41:22	5650.6070	4	0.0247	0.0032	5652.0957	-3.5	0.1	0.4517	-0.0258	0.0002	0.0591	-1.5221	60	0.000	55.800000	37.500000	181.80	56.028362	37.231236	192.8	11011
64	2023-05-03	11:42:22	5650.6084	4	0.0261	0.0034	5652.0974	-4.0	-0.3	0.4545	-0.0263	0.0003	0.0591	-1.5221	60	0.000	55.800000	37.500000	181.80	56.028770	37.232040	194.2	11011
64	2023-05-03	11:43:22	5650.6053	4	0.0241	0.0031	5652.0947	-3.6	-1.8	0.4447	-0.0267	0.0003	0.0591	-1.5221	60	0.000	55.800000	37.500000	181.80	56.029099	37.232346	194.2	11011
64	2023-05-03	11:44:22	5650.6054	4	0.0301	0.0039	5652.0957	-1.7	-0.5	0.4523	-0.0271	0.0001	0.0589	-1.5221	60	0.000	55.800000	37.500000	181.80	--	--	--	11011
64	2023-05-03	11:45:22	5650.6051	4	0.0264	0.0034	5652.0956	-2.2	-0.1	0.4508	-0.0275	0.0001	0.0590	-1.5221	60	0.000	55.800000	37.500000	181.80	--	--	--	11011
64	2023-05-03	11:46:22	5650.6051	4	0.0191	0.0025	5652.0961	-1.6	0.1	0.4574	-0.0279	0.0000	0.0590	-1.5221	60	0.000	55.800000	37.500000	181.80	--	--	--	11011
64	2023-05-03	11:47:22	5650.6059	4	0.0244	0.0031	5652.0974	-1.4	-0.7	0.4530	-0.0283	0.0000	0.0589	-1.5222	60	0.000	55.800000	37.500000	181.80	56.028706	37.230007	224.4	11011
64	2023-05-03	11:48:22	5650.6064	4	0.0227	0.0029	5652.0982	-1.2	-1.4	0.4572	-0.0287	0.0001	0.0590	-1.5222	60	0.000	55.800000	37.500000	181.80	56.028431	37.231239	211.6	11011
64	2023-05-03	11:49:22	5650.6060	4	0.0188	0.0024	5652.0983	-1.3	-1.4	0.4487	-0.0291	0.0001	0.0589	-1.5222	60	0.000	55.800000	37.500000	181.80	56.028687	37.231445	215.4	11011
64	2023-05-03	11:50:22	5650.6049	4	0.0254	0.0033	5652.0974	-1.1	0.0	0.4498	-0.0295	0.0000	0.0591	-1.5222	60	0.000	55.800000	37.500000	181.80	56.028889	37.231464	201.9	11011
64	2023-05-03	11:51:22	5650.6042	4	0.0304	0.0039	5652.0971	-0.8	0.6	0.4534	-0.0300	0.0000	0.0592	-1.5222	60	0.000	55.800000	37.500000	181.80	56.028751	37.231239	193.6	11011
64	2023-05-03	11:52:22	5650.6053	4	0.0226	0.0029	5652.0988	-2.0	1.2	0.4529	-0.0304	0.0001	0.0589	-1.5222	60	0.000	55.800000	37.500000	181.80	56.027981	37.229740	190.3	11011
64	2023-05-03	11:53:22	5650.6060	4	0.0271	0.0035	5652.0999	-2.7	0.3	0.4531	-0.0308	0.0001	0.0590	-1.5222	60	0.000	55.800000	37.500000	181.80	56.028400	37.231361	190.2	11011
64	2023-05-03	11:54:22	5650.6060	4	0.0198	0.0026	5652.1005	-1.5	-0.1	0.4514	-0.0312	0.0001	0.0589	-1.5222	60	0.000	55.800000	37.500000	181.80	56.027725	37.231094	190.5	11011
64	2023-05-03	11:55:22	5650.6051	4	0.0187	0.0024	5652.0999	-1.5	1.1	0.4551	-0.0316	0.0001	0.0590	-1.5223	60	0.000	55.800000	37.500000	181.80	56.028332	37.230587	190.1	11011
64	2023-05-03	11:56:22	5650.6062	4	0.0243	0.0031	5652.1015	-2.8	-0.0	0.4556	-0.0320	0.0002	0.0589	-1.5223	60	0.000	55.800000	37.500000	181.80	56.028393	37.230064	189.3	11011
64	2023-05-03	11:57:22	5650.6066	4	0.0222	0.0029	5652.1023	-0.7	0.9	0.4535	-0.0324	0.0000	0.0590	-1.5223	60	0.000	55.800000	37.500000	181.80	56.028515	37.229656	188.7	11011
64	2023-05-03	11:58:22	5650.6050	4	0.0241	0.0031	5652.1011	-1.3	-0.7	0.4538	-0.0328	0.0001	0.0589	-1.5223	60	0.000	55.800000	37.500000	181.80	56.028477	37.230110	188.4	11011
24	2023-05-03	13:44:25	5596.3881	4	0.0217	0.0028	5597.9177	-0.4	-1.1	0.4895	-0.0697	0.0001	0.0637	-1.5237	60	0.000	55.800000	37.500000	181.80	55.699512	36.757713	181.5	11011
24	2023-05-03	13:45:25	5596.3884	4	0.0323	0.0042	5597.9184	-1.3	-2.8	0.4843	-0.0699	0.0002	0.0635	-1.5237	60	0.000	55.800000	37.500000	181.80	55.699512	36.757713	181.5	11011
24	2023-05-03	13:46:25	5596.3889	4	0.0313	0.0040	5597.9197	-0.1	-2.7	0.4812	-0.0702	0.0001	0.0630	-1.5237	60	0.000	55.800000	37.500000	181.80	55.699501	36.757801	181.5	11011
24	2023-05-03	13:47:25	5596.3882	4	0.0199	0.0026	5597.9194	-0.8	-2.0	0.4840	-0.0704	0.0001	0.0628	-1.5238	60	0.000	55.800000	37.500000	181.80	55.699379	36.757839	183.4	11011
24	2023-05-03	13:48:25	5596.3888	4	0.0246	0.0032	5597.9210	-1.8	-0.5	0.4843	-0.0707	0.0001	0.0621	-1.5238	60	0.000	55.800000	37.500000	181.80	55.699398	36.757675	183.5	11011
24	2023-05-03	13:49:25	5596.3883	4	0.0212	0.0027	5597.9211	-1.7	-0.2	0.4766	-0.0709	0.0001	0.0618	-1.5238	60	0.000	55.800000	37.500000	181.80	55.699589	36.757992	185.0	11011
24	2023-05-03	13:50:25	5596.3876	4	0.0216	0.0028	5597.9209	-1.2	-1.0	0.4686	-0.0711	0.0001	0.0616	-1.5238	60	0.000	55.800000	37.500000	181.80	55.699665	36.757618	195.1	11011
24	2023-05-03	13:51:25	5596.3886	4	0.0190	0.0025	5597.9224	-2.6	-0.9	0.4683	-0.0714	0.0002	0.0612	-1.5238	60	0.000	55.800000	37.500000	181.80	55.699490	36.757477	196.1	11011
24	2023-05-03	13:52:25	5596.3872	4	0.0208	0.0027	5597.9217	-1.5	-0.7	0.4678	-0.0716	0.0001	0.0609	-1.5238	60	0.000	55.800000	37.500000	181.80	55.699436	36.757778	199.2	11011
24	2023-05-03	13:53:25	5596.3872	4	0.0224	0.0029	5597.9224	-2.1	0.2	0.4695	-0.0718	0.0001	0.0604	-1.5238	60	0.000	55.800000	37.500000	181.80	55.699520	36.757896	201.1	11011
24	2023-05-03	13:54:25	5596.3870	4	0.0244	0.0032	5597.9227	-1.5	0.2	0.4595	-0.0721	0.0000	0.0601	-1.5239	60	0.000	55.800000	37.500000	181.80	55.699570	36.757725	202.9	11011
24	2023-05-03	13:55:25	5596.3868	4	0.0175	0.0023	5597.9229	-2.5	-0.2	0.4614	-0.0723	0.0001	0.0600	-1.5239	60	0.000	55.800000	37.500000	181.80	55.699776	36.757427	201.5	11011
24	2023-05-03	13:56:25	5596.3856	4	0.0219	0.0028	5597.9223	-3.1	-1.1	0.4536	-0.0725	0.0002	0.0595	-1.5239	60	0.000	55.800000	37.500000	181.80	55.699875	36.757397	201.4	11011
24	2023-05-03	13:57:25	5596.3863	4	0.0243	0.0031	5597.9233	-2.8	-1.5	0.4523	-0.0727	0.0002	0.0594	-1.5239	60	0.000	55.800000	37.500000	181.80	55.699471	36.757790	199.3	11011
24	2023-05-03	13:58:25	5596.3870	4	0.0206	0.0027	5597.9246	-2.9	-2.3	0.4565	-0.0730	0.0002	0.0590	-1.5239	60	0.000	55.800000	37.500000	181.80	55.699471	36.757790	199.3	11011
24	2023-05-03	13:59:25	5596.3853	4	0.0223	0.0029	5597.9234	-3.0	-2.0	0.4524	-0.0732	0.0002	0.0588	-1.5239	60	0.000	55.800000	37.500000	181.80	55.699471	36.757790	199.3	11011
24	2023-05-03	14:00:25	5596.3865	4	0.0225	0.0029	5597.9251	-3.0	-1.6	0.4492	-0.0734	0.0001	0.0586	-1.5239	60	0.000	55.800000	37.500000	181.80	55.699375	36.757790	203.4	11011
24	2023-05-03	14:01:25	5596.3857	4	0.0236	0.0030	5597.9249	-3.2	-2.3	0.4449	-0.0736	0.0002	0.0582	-1.5239	60	0.000	55.800000	37.500000	181.80	55.699471	36.757732	201.5	11011
24	2023-05-03	14:02:25	5596.3863	4	0.0212	0.0027	5597.9258	-2.5	-3.1	0.4463	-0.0738	0.0002	0.0581	-1.5240	60	0.000	55.800000	37.500000	181.80	55.699490	36.757725	201.4	11011
24	2023-05-03	14:03:25	5596.3849	4	0.0141	0.0018	5597.9248	-2.6	-2.6	0.4501	-0.0740	0.0002	0.0578	-1.5240	60	0.000	55.800000	37.500000	181.80	55.699539	36.757599	200.0	11011
24	2023-05-03	14:04:25	5596.3853	4	0.0210	0.0027	5597.9257	-3.0	-0.5	0.4356	-0.0742	0.0001	0.0577	-1.5240	60	0.000	55.800000	37.500000	181.80	55.699692	36.757915	200.0	11011
24	2023-05-03	14:05:25	5596.3855	4	0.0187	0.0024	5597.9261	-3.6	-0.6	0.4422	-0.0744	0.0003	0.0576	-1.5240	60	0.000	55.800000	37.500000	181.80	55.699547	36.757801	200.1	11011
24	2023-05-03	14:06:25	5596.3850	4	0.0259	0.0033	5597.9263	-2.9	-0.3	0.4422	-0.0746	0.0001	0.0573	-1.5240	60	0.000	55.800000	37.500000	181.80	55.699528	36.757725	198.6	11011
24	2023-05-03	14:07:25	5596.3854	4	0.0244	0.0032	5597.9270	-3.5	-0.9	0.4365	-0.0748	0.0002	0.0571	-1.5240	60	0.000	55.800000	37.500000	181.80	55.699341	36.757835	199.0	11011
24	2023-05-03	14:08:25	5596.3857	4	0.0243	0.0031	5597.9277	-4.1	-1.6	0.4372	-0.0750	0.0003	0.0568	-1.5240	60	0.000	55.800000	37.500000	181.80	55.699341	36.757835	199.0	11011
24	2023-05-03	14:09:25	5596.3851	4	0.0227	0.0029	5597.9275	-3.9	-0.7	0.4395	-0.0752	0.0002	0.0567	-1.5241	60	0.000	55.800000	37.500000	181.80	55.699398	36.757687	200.7	11011
24	2023-05-03	14:10:25	5596.3840	4	0.0207	0.0027	5597.9269	-3.9	-0.6	0.4319	-0.0754	0.0002	0.0565	-1.5241	60	0.000	55.800000	37.500000	181.80	55.699398	36.757687	200.7	11011
24	2023-05-03	14:11:25	5596.3853	4	0.0196	0.0025	5597.9285	-3.8	-1.1	0.4344	-0.0756	0.0002	0.0563	-1.5241	60	0.000	55.800000	37.500000	181.80	55.699398	36.757687	200.7	11011
24	2023-05-03	14:12:25	5596.3843	4	0.0259	0.0033	5597.9278	-3.6	-1.4	0.4336	-0.0758	0.0002	0.0561	-1.5241	60	0.000	55.800000	37.500000	181.80	55.699398	36.757687	200.7	11011
24	2023-05-03	14:13:25	5596.3846	4	0.0219	0.0028	5597.9285	-4.3	-0.9	0.4339	-0.0759	0.0003	0.0560	-1.5241	60	0.000	55.800000	37.500000	181.80	55.699444	36.757675	191.2	11011
24	2023-05-03	14:14:25	5596.3840	4	0.0185	0.0024	5597.9281	-4.6	-0.1	0.4277	-0.0761	0.0002	0.0559	-1.5241	60	0.000	55.800000	37.500000	181.80	55.699436	36.757904	186.9	11011
24	2023-05-03	14:15:25	5596.3832	4	0.0200	0.0026	5597.9277	-6.0	-0.1	0.4328	-0.0763	0.0004	0.0555	-1.5241	60	0.000	55.800000	37.500000	181.80	55.699455	36.757702	185.8	11011
24	2023-05-03	14:16:25	5596.3836	4	0.0221	0.0029	5597.9284	-5.6	-0.4	0.4306	-0.0765	0.0003	0.0555	-1.5241	60	0.000	55.800000	37.500000	181.80	55.699551	36.758007	186.1	11011
24	2023-05-03	14:17:25	5596.3849	4	0.0222	0.0029	5597.9296	-6.2	-1.0	0.4320	-0.0766	0.0007	0.0555	-1.5242	60	0.000	55.800000	37.500000	181.80	55.699539	36.758160	185.4	11011
24	2023-05-03	14:18:25	5596.3842	4	0.0190	0.0025	5597.9294	-5.5	-1.8	0.4176	-0.0768	0.0004	0.0554	-1.5242	60	0.000	55.800000	37.500000	181.80	55.699177	36.757599	182.7	11011
24	2023-05-03	14:19:25	5596.3843	4	0.0169	0.0022	5597.9300	-5.9	-2.0	0.4182	-0.0770	0.0004	0.0551	-1.5242	60	0.000	55.800000	37.500000	181.80	55.699368	36.757816	182.4	11011
24	2023-05-03	14:20:25	5596.3849	4	0.0244	0.0031	5597.9309	-5.4	-2.1	0.4204	-0.0771	0.0004	0.0549	-1.5242	60	0.000	55.800000	37.500000	181.80	55.699432	36.757656	182.3	11011
24	2023-05-03	14:21:25	5596.3840	4	0.0194	0.0025	5597.9300	-6.9	-1.6	0.4227	-0.0773	0.0007	0.0548	-1.5242	60	0.000	55.800000	37.500000	181.80	55.699432	36.757656	182.3	11011
24	2023-05-03	14:22:25	5596.3832	4	0.0188	0.0024	5597.9296	-5.4	-1.9	0.4138	-0.0775	0.0004	0.0549	-1.5242	60	0.000	55.800000	37.500000	181.80	55.699356	36.757809	181.1	11011
24	2023-05-03	14:23:25	5596.3847	4	0.0262	0.0034	5597.9315	-5.0	-2.5	0.4215	-0.0776	0.0004	0.0547	-1.5242	60	0.000	55.800000	37.500000	181.80	55.699356	36.757809	181.1	11011
24	2023-05-03	14:24:25	5596.3843	4	0.0250	0.0032	5597.9312	-5.7	-2.6	0.4269	-0.0778	0.0005	0.0546	-1.5243	60	0.000	55.800000	37.500000	181.80	55.699436	36.757687	181.2	11011
24	2023-05-03	14:25:25	5596.3837	4	0.0172	0.0022	5597.9310	-5.8	-2.5	0.4181	-0.0779	0.0005	0.0544	-1.5243	60	0.000	55.800000	37.500000	181.80	55.699436	36.757687	181.2	11011
24	2023-05-03	14:26:25	5596.3845	4	0.0267	0.0035	5597.9321	-4.8	-2.7	0.4126	-0.0781	0.0004	0.0544	-1.5243	60	0.000	55.800000	37.500000	181.80	55.699436	36.757687	181.2	11011
24	2023-05-03	14:27:25	5596.3840	4	0.0221	0.0028	5597.9318	-4.9	-2.3	0.4173	-0.0782	0.0004	0.0543	-1.5243	60	0.000	55.800000	37.500000	181.80	55.699379	36.757816	177.0	11011
24	2023-05-03	14:28:25	5596.3832	4	0.0249	0.0032	5597.9314	-5.3	-2.8	0.4138	-0.0784	0.0006	0.0539	-1.5243	60	0.000	55.800000	37.500000	181.80	55.699379	36.757816	177.0	11011
24	2023-05-03	14:29:25	5596.3840	4	0.0198	0.0026	5597.9323	-5.1	-2.9	0.4145	-0.0785	0.0005	0.0541	-1.5243	60	0.000	55.800000	37.500000	181.80	55.699284	36.757732	176.3	11011
24	2023-05-03	14:30:25	5596.3840	4	0.0231	0.0030	5597.9326	-4.9	-2.9	0.4221	-0.0786	0.0004	0.0539	-1.5243	60	0.000	55.800000	37.500000	181.80	55.699387	36.757744	174.9	11011
24	2023-05-03	14:31:25	5596.3832	4	0.0188	0.0024	5597.9321	-5.8	-2.8	0.4123	-0.0788	0.0005	0.0538	-1.5243	60	0.000	55.800000	37.500000	181.80	55.699387	36.757744	174.9	11011
24	2023-05-03	14:32:25	5596.3836	4	0.0215	0.0028	5597.9327	-5.7	-1.8	0.4126	-0.0789	0.0004	0.0538	-1.5244	60	0.000	55.800000	37.500000	181.80	55.699387	36.757744	174.9	11011
24	2023-05-03	14:33:25	5596.3842	4	0.0206	0.0027	5597.9332	-6.4	-2.0	0.4101	-0.0790	0.0007	0.0538	-1.5244	60	0.000	55.800000	37.500000	181.80	55.699482	36.757771	174.0	11011
24	2023-05-03	14:34:25	5596.3834	4	0.0232	0.0030	5597.9326	-6.7	-3.7	0.4105	-0.0791	0.0008	0.0535	-1.5244	60	0.000	55.800000	37.500000	181.80	55.699902	36.757877	173.2	11011
24	2023-05-03	14:35:25	5596.3846	4	0.0296	0.0038	5597.9340	-6.5	-3.1	0.4104	-0.0793	0.0007	0.0535	-1.5244	60	0.000	55.800000	37.500000	181.80	55.699570	36.757759	173.4	11011
24	2023-05-03	14:36:25	5596.3840	4	0.0250	0.0032	5597.9338	-6.2	-3.1	0.4038	-0.0794	0.0007	0.0534	-1.5244	60	0.000	55.800000	37.500000	181.80	55.699455	36.757713	172.1	11011
24	2023-05-03	14:37:25	5596.3825	4	0.0240	0.0031	5597.9324	-6.2	-2.2	0.4139	-0.0795	0.0006	0.0534	-1.5244	60	0.000	55.800000	37.500000	181.80	55.699501	36.757732	174.6	11011
24	2023-05-03	14:38:25	5596.3839	4	0.0229	0.0030	5597.9340	-7.6	-1.9	0.4108	-0.0796	0.0006	0.0534	-1.5244	60	0.000	55.800000	37.500000	181.80	55.699501	36.757732	174.6	11011
24	2023-05-03	14:39:25	5596.3851	4	0.0207	0.0027	5597.9353	-8.1	-2.5	0.4117	-0.0797	0.0009	0.0531	-1.5245	60	0.000	55.800000	37.500000	181.80	55.699398	36.757732	172.5	11011
24	2023-05-03	14:40:25	5596.3831	4	0.0205	0.0026	5597.9336	-7.4	-1.9	0.4039	-0.0798	0.0007	0.0531	-1.5245	60	0.000	55.800000	37.500000	181.80	55.699398	36.757732	172.5	11011
24	2023-05-03	14:41:25	5596.3844	4	0.0182	0.0023	5597.9351	-6.8	-2.9	0.4154	-0.0800	0.0007	0.0530	-1.5245	60	0.000	55.800000	37.500000	181.80	55.699299	36.757656	169.3	11011
24	2023-05-03	14:42:25	5596.3834	4	0.0208	0.0027	5597.9341	-7.2	-4.6	0.4104	-0.0801	0.0009	0.0529	-1.5245	60	0.000	55.800000	37.500000	181.80	55.699589	36.757763	167.6	11011
24	2023-05-03	14:43:25	5596.3831	4	0.0222	0.0029	5597.9342	-7.6	-3.6	0.4015	-0.0802	0.0008	0.0527	-1.5245	60	0.000	55.800000	37.500000	181.80	55.699589	36.757763	167.6	11011
4	2023-05-03	16:38:32	5618.9706	4	0.0260	0.0034	5620.5111	-4.0	-2.4	0.4636	-0.0759	0.0003	0.0611	-1.5261	60	0.000	55.800000	37.500000	181.80	--	--	--	11011
4	2023-05-03	16:39:32	5618.9681	4	0.0197	0.0025	5620.5086	-3.8	-3.3	0.4681	-0.0757	0.0004	0.0609	-1.5261	60	0.000	55.800000	37.500000	181.80	--	--	--	11011
4	2023-05-03	16:40:32	5618.9681	4	0.0180	0.0023	5620.5087	-4.8	-2.4	0.4603	-0.0756	0.0004	0.0606	-1.5261	60	0.000	55.800000	37.500000	181.80	--	--	--	11011
4	2023-05-03	16:41:32	5618.9689	4	0.0146	0.0019	5620.5095	-4.8	-3.9	0.4649	-0.0754	0.0005	0.0604	-1.5261	60	0.000	55.800000	37.500000	181.80	--	--	--	11011
4	2023-05-03	16:42:32	5618.9686	4	0.0134	0.0017	5620.5091	-5.4	-4.5	0.4686	-0.0753	0.0005	0.0603	-1.5261	60	0.000	55.800000	37.500000	181.80	--	--	--	11011
4	2023-05-03	16:43:32	5618.9686	4	0.0197	0.0025	5620.5090	-5.9	-4.1	0.4668	-0.0751	0.0006	0.0602	-1.5261	60	0.000	55.800000	37.500000	181.80	--	--	--	11011
4	2023-05-03	16:44:32	5618.9694	4	0.0171	0.0022	5620.5099	-4.0	-5.2	0.4627	-0.0750	0.0005	0.0601	-1.5261	60	0.000	55.800000	37.500000	181.80	--	--	--	11011
4	2023-05-03	16:45:32	5618.9685	4	0.0219	0.0028	5620.5089	-4.3	-5.0	0.4551	-0.0748	0.0005	0.0600	-1.5261	60	0.000	55.800000	37.500000	181.80	--	--	--	11011
4	2023-05-03	16:46:32	5618.9690	4	0.0214	0.0028	5620.5097	-4.7	-4.7	0.4542	-0.0746	0.0005	0.0596	-1.5262	60	0.000	55.800000	37.500000	181.80	--	--	--	11011
4	2023-05-03	16:47:32	5618.9681	4	0.0185	0.0024	5620.5082	-4.7	-5.9	0.4569	-0.0745	0.0007	0.0599	-1.5262	60	0.000	55.800000	37.500000	181.80	--	--	--	11011
4	2023-05-03	16:48:32	5618.9686	4	0.0146	0.0019	5620.5088	-3.2	-6.0	0.4560	-0.0743	0.0005	0.0598	-1.5262	60	0.000	55.800000	37.500000	181.80	--	--	--	11011
4	2023-05-03	16:49:32	5618.9699	4	0.0210	0.0027	5620.5100	-3.5	-6.7	0.4587	-0.0742	0.0007	0.0596	-1.5262	60	0.000	55.800000	37.500000	181.80	--	--	--	11011
4	2023-05-03	16:50:32	5618.9696	4	0.0207	0.0027	5620.5096	-4.0	-7.0	0.4526	-0.0740	0.0008	0.0595	-1.5262	60	0.000	55.800000	37.500000	181.80	--	--	--	11011
4	2023-05-03	16:51:32	5618.9680	4	0.0148	0.0019	5620.5081	-3.8	-4.6	0.4532	-0.0738	0.0003	0.0596	-1.5262	60	0.000	55.800000	37.500000	181.80	--	--	--	11011
4	2023-05-03	16:52:32	5618.9681	4	0.0198	0.0026	5620.5079	-2.9	-6.3	0.4645	-0.0737	0.0005	0.0595	-1.5262	60	0.000	55.800000	37.500000	181.80	--	--	--	11011
4	2023-05-03	16:53:32	5618.9687	4	0.0148	0.0019	5620.5082	-4.4	-7.6	0.4604	-0.0735	0.0008	0.0594	-1.5263	60	0.000	55.800000	37.500000	181.80	--	--	--	11011
4	2023-05-03	16:54:32	5618.9688	4	0.0151	0.0020	5620.5080	-5.5	-7.9	0.4585	-0.0733	0.0011	0.0593	-1.5263	60	0.000	55.800000	37.500000	181.80	--	--	--	11011
4	2023-05-03	16:55:32	5618.9687	4	0.0234	0.0030	5620.5077	-5.2	-8.4	0.4501	-0.0731	0.0011	0.0593	-1.5263	60	0.000	55.800000	37.500000	181.80	--	--	--	11011
4	2023-05-03	16:56:32	5618.9674	4	0.0180	0.0023	5620.5063	-5.8	-9.3	0.4548	-0.0730	0.0013	0.0591	-1.5263	60	0.000	55.800000	37.500000	181.80	--	--	--	11011
4	2023-05-03	16:57:32	5618.9685	4	0.0172	0.0022	5620.5075	-5.5	-7.6	0.4520	-0.0728	0.0009	0.0592	-1.5263	60	0.000	55.800000	37.500000	181.80	--	--	--	11011
4	2023-05-03	16:58:32	5618.9698	4	0.0145	0.0019	5620.5085	-6.8	-8.1	0.4525	-0.0726	0.0013	0.0590	-1.5263	60	0.000	55.800000	37.500000	181.80	--	--	--	11011
4	2023-05-03	16:59:32	5618.9670	4	0.0151	0.0019	5620.5059	-4.4	-8.4	0.4487	-0.0725	0.0010	0.0589	-1.5263	60	0.000	55.800000	37.500000	181.80	--	--	--	11011
4	2023-05-03	17:00:32	5618.9679	4	0.0180	0.0023	5620.5066	-4.0	-8.8	0.4508	-0.0723	0.0010	0.0590	-1.5263	60	0.000	55.800000	37.500000	181.80	--	--	--	11011
4	2023-05-03	17:01:32	5618.9677	4	0.0187	0.0024	5620.5064	-3.8	-7.8	0.4481	-0.0721	0.0008	0.0589	-1.5264	60	0.000	55.800000	37.500000	181.80	--	--	--	11011
4	2023-05-03	17:02:32	5618.9689	4	0.0170	0.0022	5620.5072	-4.8	-9.3	0.4545	-0.0719	0.0012	0.0588	-1.5264	60	0.000	55.800000	37.500000	181.80	--	--	--	11011
4	2023-05-03	17:03:32	5618.9669	4	0.0163	0.0021	5620.5046	-5.9	-9.8	0.4576	-0.0718	0.0016	0.0588	-1.5264	60	0.000	55.800000	37.500000	181.80	--	--	--	11011
4	2023-05-03	17:04:32	5618.9683	4	0.0161	0.0021	5620.5059	-6.5	-9.0	0.4530	-0.0716	0.0014	0.0589	-1.5264	60	0.000	55.800000	37.500000	181.80	--	--	--	11011
4	2023-05-03	17:05:32	5618.9669	4	0.0143	0.0019	5620.5042	-6.0	-9.9	0.4489	-0.0714	0.0017	0.0588	-1.5264	60	0.000	55.800000	37.500000	181.80	--	--	--	11011
4	2023-05-03	17:06:32	5618.9683	4	0.0221	0.0028	5620.5059	-5.4	-9.0	0.4580	-0.0712	0.0013	0.0588	-1.5264	60	0.000	55.800000	37.500000	181.80	--	--	--	11011
4	2023-05-03	17:07:32	5618.9676	4	0.0163	0.0021	5620.5049	-4.7	-9.5	0.4478	-0.0710	0.0014	0.0588	-1.5264	60	0.000	55.800000	37.500000	181.80	--	--	--	11011
4	2023-05-03	17:08:32	5618.9684	4	0.0147	0.0019	5620.5055	-5.5	-9.4	0.4456	-0.0708	0.0015	0.0587	-1.5265	60	0.000	55.800000	37.500000	181.80	--	--	--	11011
4	2023-05-03	17:09:32	5618.9684	4	0.0204	0.0026	5620.5058	-4.7	-8.4	0.4490	-0.0707	0.0011	0.0587	-1.5265	60	0.000	55.800000	37.500000	181.80	--	--	--	11011
4	2023-05-03	17:10:32	5618.9670	4	0.0197	0.0025	5620.5041	-4.9	-8.4	0.4556	-0.0705	0.0011	0.0587	-1.5265	60	0.000	55.800000	37.500000	181.80	--	--	--	11011
4	2023-05-03	17:11:32	5618.9694	4	0.0167	0.0022	5620.5061	-4.8	-9.7	0.4460	-0.0703	0.0014	0.0587	-1.5265	60	0.000	55.800000	37.500000	181.80	--	--	--	11011
4	2023-05-03	17:12:32	5618.9669	4	0.0155	0.0020	5620.5038	-4.4	-9.4	0.4526	-0.0701	0.0012	0.0584	-1.5265	60	0.000	55.800000	37.500000	181.80	--	--	--	11011
4	2023-05-03	17:13:32	5618.9674	4	0.0130	0.0017	5620.5039	-4.1	-10.0	0.4518	-0.0699	0.0013	0.0585	-1.5265	60	0.000	55.800000	37.500000	181.80	--	--	--	11011
4	2023-05-03	17:14:32	5618.9682	4	0.0162	0.0021	5620.5044	-4.4	-11.4	0.4522	-0.0697	0.0016	0.0586	-1.5265	60	0.000	55.800000	37.500000	181.80	--	--	--	11011
4	2023-05-03	17:15:32	5618.9680	4	0.0151	0.0019	5620.5038	-4.8	-11.8	0.4555	-0.0696	0.0020	0.0584	-1.5265	60	0.000	55.800000	37.500000	181.80	--	--	--	11011
4	2023-05-03	17:16:32	5618.9683	4	0.0207	0.0027	5620.5038	-4.3	-12.0	0.4469	-0.0694	0.0019	0.0586	-1.5266	60	0.000	55.800000	37.500000	181.80	--	--	--	11011
4	2023-05-03	17:17:32	5618.9684	4	0.0173	0.0022	5620.5037	-4.3	-12.8	0.4495	-0.0692	0.0023	0.0581	-1.5266	60	0.000	55.800000	37.500000	181.80	--	--	--	11011
4	2023-05-03	17:18:32	5618.9675	4	0.0176	0.0023	5620.5025	-5.4	-12.4	0.4493	-0.0690	0.0024	0.0582	-1.5266	60	0.000	55.800000	37.500000	181.80	--	--	--	11011
4	2023-05-03	17:19:32	5618.9683	4	0.0142	0.0018	5620.5037	-3.9	-11.7	0.4480	-0.0688	0.0018	0.0581	-1.5266	60	0.000	55.800000	37.500000	181.80	--	--	--	11011
4	2023-05-03	17:20:32	5618.9672	4	0.0181	0.0023	5620.5025	-4.1	-12.0	0.4520	-0.0686	0.0018	0.0582	-1.5266	60	0.000	55.800000	37.500000	181.80	--	--	--	11011
4	2023-05-03	17:21:32	5618.9673	4	0.0318	0.0041	5620.5020	-4.2	-11.9	0.4435	-0.0684	0.0021	0.0582	-1.5266	60	0.000	55.800000	37.500000	181.80	--	--	--	11011
4	2023-05-03	17:22:32	5618.9679	4	0.0255	0.0033	5620.5029	-3.7	-11.9	0.4543	-0.0682	0.0017	0.0582	-1.5266	60	0.000	55.800000	37.500000	181.80	--	--	--	11011
4	2023-05-03	17:23:32	5618.9655	4	0.0205	0.0026	5620.5006	-4.0	-10.4	0.4528	-0.0680	0.0014	0.0583	-1.5267	60	0.000	55.800000	37.500000	181.80	--	--	--	11011
4	2023-05-03	17:24:32	5618.9663	4	0.0179	0.0023	5620.5010	-3.5	-11.4	0.4491	-0.0678	0.0016	0.0582	-1.5267	60	0.000	55.800000	37.500000	181.80	--	--	--	11011
4	2023-05-03	17:25:32	5618.9665	4	0.0229	0.0030	5620.5017	-3.9	-10.3	0.4479	-0.0677	0.0013	0.0579	-1.5267	60	0.000	55.800000	37.500000	181.80	--	--	--	11011
4	2023-05-03	17:26:32	5618.9670	4	0.0200	0.0026	5620.5013	-3.9	-11.6	0.4453	-0.0675	0.0017	0.0581	-1.5267	60	0.000	55.800000	37.500000	181.80	--	--	--	11011
4	2023-05-03	17:27:32	5618.9662	4	0.0217	0.0028	5620.5002	-3.3	-12.6	0.4470	-0.0673	0.0019	0.0581	-1.5267	60	0.000	55.800000	37.500000	181.80	--	--	--	11011
4	2023-05-03	17:28:32	5618.9658	4	0.0194	0.0025	5620.5000	-3.9	-11.7	0.4421	-0.0671	0.0017	0.0579	-1.5267	60	0.000	55.800000	37.500000	181.80	--	--	--	11011
4	2023-05-03	17:29:32	5618.9675	4	0.0206	0.0027	5620.5009	-3.5	-12.6	0.4482	-0.0669	0.0021	0.0581	-1.5267	60	0.000	55.800000	37.500000	181.80	--	--	--	11011
4	2023-05-03	17:30:32	5618.9677	4	0.0183	0.0024	5620.5015	-3.6	-11.4	0.4422	-0.0667	0.0016	0.0581	-1.5267	60	0.000	55.800000	37.500000	181.80	--	--	--	11011
4	2023-05-03	17:31:32	5618.9660	4	0.0191	0.0025	5620.4995	-4.5	-11.1	0.4444	-0.0665	0.0017	0.0580	-1.5268	60	0.000	55.800000	37.500000	181.80	--	--	--	11011
4	2023-05-03	17:32:32	5618.9666	4	0.0183	0.0024	5620.5001	-4.3	-11.6	0.4427	-0.0663	0.0017	0.0580	-1.5268	60	0.000	55.800000	37.500000	181.80	--	--	--	11011
4	2023-05-03	17:33:32	5618.9671	4	0.0188	0.0024	5620.5003	-2.8	-11.9	0.4489	-0.0661	0.0016	0.0580	-1.5268	60	0.000	55.800000	37.500000	181.80	--	--	--	11011
4	2023-05-03	17:34:32	5618.9663	4	0.0175	0.0023	5620.4992	-3.4	-11.2	0.4495	-0.0659	0.0017	0.0582	-1.5268	60	0.000	55.800000	37.500000	181.80	--	--	--	11011
4	2023-05-03	17:35:32	5618.9662	4	0.0157	0.0020	5620.4989	-4.6	-11.0	0.4524	-0.0657	0.0019	0.0580	-1.5268	60	0.000	55.800000	37.500000	181.80	--	--	--	11011
4	2023-05-03	17:36:32	5618.9653	4	0.0159	0.0021	5620.4981	-4.3	-10.6	0.4428	-0.0655	0.0015	0.0579	-1.5268	60	0.000	55.800000	37.500000	181.80	--	--	--	11011
4	2023-05-03	17:37:32	5618.9659	4	0.0224	0.0029	5620.4987	-4.2	-11.0	0.4487	-0.0653	0.0014	0.0579	-1.5268	60	0.000	55.800000	37.500000	181.80	--	--	--	11011
