/		CG-6 Survey
/		Survey Name:	110A-ZVEB
/		Instrument Serial Number:	000000021080368
/		Created:	2022-04-15 06:00:45
/
/		CG-6 Calibration
/		Operator:	OAZ
/		Gcal1 [mGal]:	7960.246000
/		Goff [ADU]:	-8388608.000000
/		Gref [mGal]:	0.0000
/		X Scale [arc-sec/ADU]:	0.030913
/		Y Scale [arc-sec/ADU]:	0.031179
/		X Offset [ADU]:	-198388.746919
/		Y Offset [ADU]:	-94188.153940
/		Temperature Coefficient [mGal/mK]:	-0.129000
/		Temperature Scale [mK/ADU]:	-0.000111
/		Drift Rate [mGal/day]:	-0.021437
/		Drift Zero Time:	2021-08-16 18:07:31
/		Firmware Version:	CG6_2_20190125
/
/Station	Date	Time	CorrGrav	Line	StdDev	StdErr	RawGrav	X	Y	SensorTemp	TideCorr	TiltCorr	TempCorr	DriftCorr	MeasurDur	InstrHeight	LatUser	LonUser	ElevUser	LatGPS	LonGPS	ElevGPS	Corrections[drift-temp-na-tide-tilt]
13	2022-04-15	06:00:45	5490.6750	12	0.0634	0.0082	5485.4628	1.1	-1.4	0.5523	-0.0363	0.0001	0.0714	5.1770	60	0.000	55.800000	37.500000	0.00	55.855019	37.516117	148.8	11011
13	2022-04-15	06:01:45	5490.6743	12	0.0097	0.0013	5485.4617	2.1	-0.1	0.5534	-0.0359	0.0001	0.0713	5.1770	60	0.000	55.800000	37.500000	0.00	55.855110	37.516376	149.3	11011
13	2022-04-15	06:02:45	5490.6767	12	0.0095	0.0012	5485.4638	2.7	-0.6	0.5565	-0.0355	0.0002	0.0711	5.1771	60	0.000	55.800000	37.500000	0.00	55.855152	37.516186	150.1	11011
13	2022-04-15	06:03:45	5490.6744	12	0.0114	0.0015	5485.4613	2.5	-1.7	0.5444	-0.0351	0.0001	0.0710	5.1771	60	0.000	55.800000	37.500000	0.00	55.855083	37.515842	149.5	11011
13	2022-04-15	06:04:45	5490.6754	12	0.0098	0.0013	5485.4619	1.6	-0.7	0.5481	-0.0347	0.0001	0.0710	5.1771	60	0.000	55.800000	37.500000	0.00	55.854904	37.516300	150.2	11011
13	2022-04-15	06:05:45	5490.6764	12	0.0084	0.0011	5485.4625	2.5	-1.5	0.5457	-0.0343	0.0001	0.0710	5.1771	60	0.000	55.800000	37.500000	0.00	55.855015	37.516281	150.0	11011
13	2022-04-15	06:06:45	5490.6744	12	0.0110	0.0014	5485.4601	2.8	-2.2	0.5488	-0.0338	0.0001	0.0709	5.1771	60	0.000	55.800000	37.500000	0.00	55.855103	37.516403	150.7	11011
13	2022-04-15	06:07:45	5490.6764	12	0.0085	0.0011	5485.4616	3.2	-1.7	0.5474	-0.0334	0.0002	0.0709	5.1771	60	0.000	55.800000	37.500000	0.00	55.855110	37.516159	151.5	11011
13	2022-04-15	06:08:45	5490.6753	12	0.0104	0.0013	5485.4601	3.3	-1.3	0.5427	-0.0330	0.0002	0.0709	5.1771	60	0.000	55.800000	37.500000	0.00	55.855076	37.516167	148.9	11011
13	2022-04-15	06:09:45	5490.6756	12	0.0090	0.0012	5485.4600	3.1	-1.1	0.5506	-0.0326	0.0002	0.0710	5.1772	60	0.000	55.800000	37.500000	0.00	55.855083	37.515984	149.5	11011
13	2022-04-15	06:10:45	5490.6760	12	0.0111	0.0014	5485.4600	2.8	-1.5	0.5514	-0.0322	0.0001	0.0709	5.1772	60	0.000	55.800000	37.500000	0.00	55.855095	37.515862	151.6	11011
13	2022-04-15	06:11:45	5490.6747	12	0.0076	0.0010	5485.4581	2.9	-1.7	0.5533	-0.0318	0.0002	0.0710	5.1772	60	0.000	55.800000	37.500000	0.00	55.855026	37.515377	150.1	11011
13	2022-04-15	06:12:45	5490.6745	12	0.0091	0.0012	5485.4578	1.9	-1.6	0.5498	-0.0314	0.0001	0.0708	5.1772	60	0.000	55.800000	37.500000	0.00	55.855015	37.515701	148.8	11011
13	2022-04-15	06:13:45	5490.6771	12	0.0090	0.0012	5485.4597	2.3	-1.9	0.5516	-0.0310	0.0002	0.0710	5.1772	60	0.000	55.800000	37.500000	0.00	55.854980	37.516281	150.7	11011
13	2022-04-15	06:14:45	5490.6750	12	0.0107	0.0014	5485.4574	1.3	-1.1	0.5535	-0.0306	0.0001	0.0709	5.1772	60	0.000	55.800000	37.500000	0.00	55.855038	37.516140	153.9	11011
13	2022-04-15	06:15:45	5490.6747	12	0.0087	0.0011	5485.4566	1.4	-2.4	0.5532	-0.0302	0.0001	0.0709	5.1772	60	0.000	55.800000	37.500000	0.00	55.855045	37.516346	159.6	11011
13	2022-04-15	06:16:45	5490.6755	12	0.0097	0.0013	5485.4571	1.6	-1.6	0.5455	-0.0298	0.0001	0.0708	5.1773	60	0.000	55.800000	37.500000	0.00	55.855015	37.516178	161.1	11011
13	2022-04-15	06:17:45	5490.6767	12	0.0091	0.0012	5485.4579	1.8	-1.8	0.5479	-0.0294	0.0001	0.0707	5.1773	60	0.000	55.800000	37.500000	0.00	55.855053	37.516235	161.6	11011
13	2022-04-15	06:18:45	5490.6765	12	0.0085	0.0011	5485.4571	1.3	-2.2	0.5513	-0.0290	0.0001	0.0710	5.1773	60	0.000	55.800000	37.500000	0.00	55.855064	37.516186	162.0	11011
13	2022-04-15	06:19:45	5490.6758	12	0.0097	0.0013	5485.4561	2.3	-2.4	0.5492	-0.0286	0.0001	0.0709	5.1773	60	0.000	55.800000	37.500000	0.00	55.855095	37.516045	166.0	11011
13	2022-04-15	06:20:45	5490.6741	12	0.0115	0.0015	5485.4539	1.8	-2.7	0.5535	-0.0282	0.0002	0.0709	5.1773	60	0.000	55.800000	37.500000	0.00	55.855026	37.516026	164.1	11011
13	2022-04-15	06:21:45	5490.6744	12	0.0087	0.0011	5485.4536	3.3	-3.0	0.5474	-0.0278	0.0003	0.0709	5.1773	60	0.000	55.800000	37.500000	0.00	55.855026	37.515919	165.1	11011
13	2022-04-15	06:22:45	5490.6742	12	0.0092	0.0012	5485.4532	3.4	-2.7	0.5500	-0.0274	0.0002	0.0709	5.1773	60	0.000	55.800000	37.500000	0.00	55.855072	37.516026	167.0	11011
13	2022-04-15	06:23:45	5490.6763	12	0.0087	0.0011	5485.4548	3.1	-1.3	0.5494	-0.0270	0.0001	0.0709	5.1774	60	0.000	55.800000	37.500000	0.00	55.855045	37.515945	167.2	11011
13	2022-04-15	06:24:45	5490.6763	12	0.0087	0.0011	5485.4542	2.3	-2.7	0.5474	-0.0266	0.0002	0.0711	5.1774	60	0.000	55.800000	37.500000	0.00	55.855045	37.516243	167.7	11011
13	2022-04-15	06:25:45	5490.6764	12	0.0100	0.0013	5485.4540	3.4	-2.5	0.5475	-0.0262	0.0002	0.0711	5.1774	60	0.000	55.800000	37.500000	0.00	55.854996	37.516434	167.0	11011
13	2022-04-15	06:26:45	5490.6758	12	0.0101	0.0013	5485.4530	3.5	-2.0	0.5457	-0.0258	0.0002	0.0710	5.1774	60	0.000	55.800000	37.500000	0.00	55.855038	37.516140	166.5	11011
13	2022-04-15	06:27:45	5490.6756	12	0.0118	0.0015	5485.4525	3.4	-1.3	0.5527	-0.0254	0.0002	0.0709	5.1774	60	0.000	55.800000	37.500000	0.00	55.855083	37.516453	165.2	11011
13	2022-04-15	06:28:45	5490.6756	12	0.0108	0.0014	5485.4520	3.5	-0.7	0.5512	-0.0251	0.0002	0.0710	5.1774	60	0.000	55.800000	37.500000	0.00	55.855103	37.516289	164.8	11011
13	2022-04-15	06:29:45	5490.6760	12	0.0090	0.0012	5485.4520	2.5	-1.3	0.5469	-0.0247	0.0001	0.0711	5.1775	60	0.000	55.800000	37.500000	0.00	55.855141	37.516205	165.3	11011
13	2022-04-15	06:30:45	5490.6761	12	0.0098	0.0013	5485.4517	2.1	-1.5	0.5509	-0.0243	0.0001	0.0711	5.1775	60	0.000	55.800000	37.500000	0.00	55.855103	37.515976	164.7	11011
13	2022-04-15	06:31:45	5490.6754	12	0.0094	0.0012	5485.4508	2.8	-1.3	0.5484	-0.0239	0.0001	0.0709	5.1775	60	0.000	55.800000	37.500000	0.00	55.855122	37.516060	164.5	11011
13	2022-04-15	06:32:45	5490.6744	12	0.0087	0.0011	5485.4492	3.7	-1.1	0.5472	-0.0235	0.0002	0.0711	5.1775	60	0.000	55.800000	37.500000	0.00	55.855110	37.516205	165.0	11011
13	2022-04-15	06:33:45	5490.6756	12	0.0092	0.0012	5485.4499	4.3	-2.0	0.5555	-0.0231	0.0003	0.0711	5.1775	60	0.000	55.800000	37.500000	0.00	55.855083	37.515949	165.8	11011
13	2022-04-15	06:34:45	5490.6769	12	0.0100	0.0013	5485.4509	5.2	-1.7	0.5401	-0.0228	0.0004	0.0709	5.1775	60	0.000	55.800000	37.500000	0.00	55.855076	37.516060	167.3	11011
13	2022-04-15	06:35:45	5490.6753	12	0.0097	0.0012	5485.4489	3.9	-1.2	0.5553	-0.0224	0.0002	0.0711	5.1775	60	0.000	55.800000	37.500000	0.00	55.855053	37.516178	168.4	11011
13	2022-04-15	06:36:45	5490.6747	12	0.0089	0.0011	5485.4480	3.4	-1.6	0.5570	-0.0220	0.0002	0.0710	5.1776	60	0.000	55.800000	37.500000	0.00	55.855045	37.516102	168.9	11011
13	2022-04-15	06:37:45	5490.6762	12	0.0093	0.0012	5485.4492	3.3	-1.9	0.5465	-0.0216	0.0002	0.0708	5.1776	60	0.000	55.800000	37.500000	0.00	55.855053	37.516308	169.4	11011
13	2022-04-15	06:38:45	5490.6764	12	0.0099	0.0013	5485.4487	4.9	-2.8	0.5529	-0.0212	0.0004	0.0710	5.1776	60	0.000	55.800000	37.500000	0.00	55.855095	37.516216	169.0	11011
13	2022-04-15	06:39:45	5490.6741	12	0.0083	0.0011	5485.4461	4.5	-1.6	0.5469	-0.0209	0.0003	0.0710	5.1776	60	0.000	55.800000	37.500000	0.00	55.854958	37.516308	169.3	11011
13	2022-04-15	06:40:45	5490.6744	12	0.0093	0.0012	5485.4460	4.5	-1.0	0.5438	-0.0205	0.0004	0.0709	5.1776	60	0.000	55.800000	37.500000	0.00	55.854950	37.516491	170.5	11011
13	2022-04-15	06:41:45	5490.6765	12	0.0116	0.0015	5485.4477	3.1	-1.4	0.5616	-0.0201	0.0002	0.0710	5.1776	60	0.000	55.800000	37.500000	0.00	55.855007	37.516289	170.1	11011
13	2022-04-15	06:42:45	5490.6749	12	0.0116	0.0015	5485.4458	4.3	-1.0	0.5491	-0.0198	0.0002	0.0710	5.1776	60	0.000	55.800000	37.500000	0.00	55.855064	37.516319	170.3	11011
13	2022-04-15	06:43:45	5490.6754	12	0.0087	0.0011	5485.4459	3.7	-1.6	0.5483	-0.0194	0.0003	0.0710	5.1777	60	0.000	55.800000	37.500000	0.00	55.854996	37.516224	170.3	11011
13	2022-04-15	06:44:45	5490.6749	12	0.0093	0.0012	5485.4450	4.1	-2.8	0.5475	-0.0190	0.0003	0.0709	5.1777	60	0.000	55.800000	37.500000	0.00	55.855072	37.516453	170.2	11011
13	2022-04-15	06:45:45	5490.6754	12	0.0079	0.0010	5485.4452	3.1	-2.4	0.5544	-0.0187	0.0002	0.0710	5.1777	60	0.000	55.800000	37.500000	0.00	55.855072	37.516327	170.7	11011
13	2022-04-15	06:46:45	5490.6743	12	0.0092	0.0012	5485.4436	3.0	-3.0	0.5529	-0.0183	0.0002	0.0711	5.1777	60	0.000	55.800000	37.500000	0.00	55.855133	37.516121	168.8	11011
13	2022-04-15	06:47:45	5490.6756	12	0.0098	0.0013	5485.4445	2.2	-3.1	0.5565	-0.0180	0.0001	0.0712	5.1777	60	0.000	55.800000	37.500000	0.00	55.855129	37.516281	167.7	11011
13	2022-04-15	06:48:45	5490.6752	12	0.0098	0.0013	5485.4438	3.3	-3.9	0.5483	-0.0176	0.0004	0.0710	5.1777	60	0.000	55.800000	37.500000	0.00	55.855076	37.516537	168.7	11011
13	2022-04-15	06:49:45	5490.6763	12	0.0087	0.0011	5485.4443	4.5	-3.7	0.5491	-0.0172	0.0004	0.0711	5.1778	60	0.000	55.800000	37.500000	0.00	55.855038	37.516521	168.7	11011
13	2022-04-15	06:50:45	5490.6752	12	0.0089	0.0012	5485.4430	4.0	-3.8	0.5461	-0.0169	0.0003	0.0710	5.1778	60	0.000	55.800000	37.500000	0.00	55.855064	37.516262	167.3	11011
13	2022-04-15	06:51:45	5490.6741	12	0.0117	0.0015	5485.4414	3.7	-3.3	0.5476	-0.0165	0.0003	0.0711	5.1778	60	0.000	55.800000	37.500000	0.00	55.855064	37.516407	169.1	11011
13	2022-04-15	06:52:45	5490.6747	12	0.0085	0.0011	5485.4416	3.7	-3.8	0.5443	-0.0162	0.0004	0.0711	5.1778	60	0.000	55.800000	37.500000	0.00	55.854988	37.516483	169.2	11011
13	2022-04-15	06:53:45	5490.6746	12	0.0100	0.0013	5485.4412	4.6	-3.8	0.5497	-0.0158	0.0004	0.0711	5.1778	60	0.000	55.800000	37.500000	0.00	55.855019	37.516502	169.0	11011
13	2022-04-15	06:54:45	5490.6749	12	0.0095	0.0012	5485.4413	4.3	-2.8	0.5500	-0.0155	0.0004	0.0710	5.1778	60	0.000	55.800000	37.500000	0.00	55.855026	37.516174	168.2	11011
13	2022-04-15	06:55:45	5490.6740	12	0.0084	0.0011	5485.4397	4.5	-3.1	0.5534	-0.0151	0.0004	0.0712	5.1778	60	0.000	55.800000	37.500000	0.00	55.854939	37.516293	165.9	11011
13	2022-04-15	06:56:45	5490.6753	12	0.0077	0.0010	5485.4409	4.0	-2.7	0.5519	-0.0148	0.0003	0.0710	5.1779	60	0.000	55.800000	37.500000	0.00	55.854996	37.516235	163.7	11011
13	2022-04-15	06:57:45	5490.6736	12	0.0071	0.0009	5485.4387	4.2	-3.0	0.5479	-0.0145	0.0003	0.0712	5.1779	60	0.000	55.800000	37.500000	0.00	55.855015	37.516232	163.8	11011
13	2022-04-15	06:58:45	5490.6741	12	0.0090	0.0012	5485.4388	5.0	-3.7	0.5596	-0.0141	0.0006	0.0709	5.1779	60	0.000	55.800000	37.500000	0.00	55.854931	37.516117	163.5	11011
13	2022-04-15	06:59:45	5490.6737	12	0.0140	0.0018	5485.4381	4.5	-2.5	0.5549	-0.0138	0.0004	0.0711	5.1779	60	0.000	55.800000	37.500000	0.00	55.854977	37.516178	163.7	11011
23	2022-04-15	08:46:48	5444.8489	12	0.0093	0.0012	5439.5911	-1.4	2.5	0.5476	0.0069	0.0001	0.0713	5.1795	60	0.000	55.800000	37.500000	0.00	55.699661	36.757740	236.6	11011
23	2022-04-15	08:47:48	5444.8483	12	0.0092	0.0012	5439.5908	-1.3	2.6	0.5473	0.0069	0.0002	0.0708	5.1795	60	0.000	55.800000	37.500000	0.00	55.699673	36.757740	235.2	11011
23	2022-04-15	08:48:48	5444.8502	12	0.0090	0.0012	5439.5934	-1.9	1.5	0.5406	0.0069	0.0001	0.0702	5.1795	60	0.000	55.800000	37.500000	0.00	55.699684	36.757797	225.8	11011
23	2022-04-15	08:49:48	5444.8484	12	0.0097	0.0013	5439.5921	-0.9	2.5	0.5362	0.0069	0.0001	0.0697	5.1795	60	0.000	55.800000	37.500000	0.00	55.699520	36.757801	202.4	11011
23	2022-04-15	08:50:48	5444.8491	12	0.0103	0.0013	5439.5932	-0.7	2.9	0.5374	0.0069	0.0001	0.0693	5.1796	60	0.000	55.800000	37.500000	0.00	55.699436	36.757771	187.9	11011
23	2022-04-15	08:51:48	5444.8488	12	0.0098	0.0013	5439.5931	-1.2	3.8	0.5327	0.0069	0.0002	0.0689	5.1796	60	0.000	55.800000	37.500000	0.00	55.699432	36.757839	175.0	11011
23	2022-04-15	08:52:48	5444.8487	12	0.0121	0.0016	5439.5932	-1.2	4.1	0.5302	0.0070	0.0002	0.0688	5.1796	60	0.000	55.800000	37.500000	0.00	55.699413	36.757801	168.3	11011
23	2022-04-15	08:53:48	5444.8488	12	0.0097	0.0013	5439.5939	-1.2	3.5	0.5286	0.0070	0.0002	0.0681	5.1796	60	0.000	55.800000	37.500000	0.00	55.699368	36.757809	162.5	11011
23	2022-04-15	08:54:48	5444.8500	12	0.0087	0.0011	5439.5954	-1.5	2.7	0.5276	0.0070	0.0001	0.0679	5.1796	60	0.000	55.800000	37.500000	0.00	55.699398	36.757828	164.7	11011
23	2022-04-15	08:55:48	5444.8488	12	0.0119	0.0015	5439.5946	-2.0	3.3	0.5249	0.0070	0.0002	0.0674	5.1796	60	0.000	55.800000	37.500000	0.00	55.699387	36.757839	164.7	11011
23	2022-04-15	08:56:48	5444.8481	12	0.0092	0.0012	5439.5942	-2.2	3.7	0.5153	0.0069	0.0002	0.0671	5.1796	60	0.000	55.800000	37.500000	0.00	55.699432	36.757858	165.5	11011
23	2022-04-15	08:57:48	5444.8476	12	0.0103	0.0013	5439.5937	-3.5	4.0	0.5171	0.0069	0.0003	0.0670	5.1797	60	0.000	55.800000	37.500000	0.00	55.699368	36.757694	165.9	11011
23	2022-04-15	08:58:48	5444.8477	12	0.0106	0.0014	5439.5940	-4.1	3.8	0.5168	0.0069	0.0004	0.0666	5.1797	60	0.000	55.800000	37.500000	0.00	55.699436	36.757610	172.4	11011
23	2022-04-15	08:59:48	5444.8490	12	0.0112	0.0015	5439.5960	-2.2	2.8	0.5182	0.0069	0.0002	0.0662	5.1797	60	0.000	55.800000	37.500000	0.00	55.699425	36.757687	170.4	11011
23	2022-04-15	09:00:48	5444.8489	12	0.0099	0.0013	5439.5957	-3.3	3.2	0.5195	0.0069	0.0003	0.0663	5.1797	60	0.000	55.800000	37.500000	0.00	55.699413	36.757732	170.1	11011
23	2022-04-15	09:01:48	5444.8483	12	0.0107	0.0014	5439.5955	-4.2	3.0	0.5069	0.0069	0.0003	0.0660	5.1797	60	0.000	55.800000	37.500000	0.00	55.699398	36.757820	171.7	11011
23	2022-04-15	09:02:48	5444.8483	12	0.0083	0.0011	5439.5957	-3.5	2.5	0.5102	0.0068	0.0003	0.0657	5.1797	60	0.000	55.800000	37.500000	0.00	55.699425	36.757687	169.6	11011
23	2022-04-15	09:03:48	5444.8484	12	0.0091	0.0012	5439.5963	-2.9	2.6	0.5061	0.0068	0.0002	0.0654	5.1797	60	0.000	55.800000	37.500000	0.00	55.699406	36.757771	167.0	11011
23	2022-04-15	09:04:48	5444.8485	12	0.0087	0.0011	5439.5964	-3.7	3.4	0.5071	0.0068	0.0003	0.0654	5.1798	60	0.000	55.800000	37.500000	0.00	55.699348	36.757790	165.5	11011
23	2022-04-15	09:05:48	5444.8482	12	0.0091	0.0012	5439.5964	-4.6	3.2	0.5071	0.0067	0.0004	0.0650	5.1798	60	0.000	55.800000	37.500000	0.00	55.699368	36.757744	163.2	11011
23	2022-04-15	09:06:48	5444.8501	12	0.0096	0.0012	5439.5982	-4.8	4.7	0.5013	0.0067	0.0005	0.0648	5.1798	60	0.000	55.800000	37.500000	0.00	55.699398	36.757629	160.7	11011
23	2022-04-15	09:07:48	5444.8499	12	0.0110	0.0014	5439.5982	-5.0	4.8	0.5001	0.0066	0.0005	0.0647	5.1798	60	0.000	55.800000	37.500000	0.00	55.699356	36.757713	163.4	11011
23	2022-04-15	09:08:48	5444.8489	12	0.0100	0.0013	5439.5974	-6.1	4.1	0.5012	0.0066	0.0006	0.0646	5.1798	60	0.000	55.800000	37.500000	0.00	55.699375	36.757668	164.2	11011
23	2022-04-15	09:09:48	5444.8503	12	0.0096	0.0012	5439.5988	-6.0	4.2	0.5003	0.0065	0.0007	0.0644	5.1798	60	0.000	55.800000	37.500000	0.00	55.699322	36.757694	163.8	11011
23	2022-04-15	09:10:48	5444.8489	12	0.0108	0.0014	5439.5977	-6.4	3.4	0.4922	0.0065	0.0006	0.0643	5.1799	60	0.000	55.800000	37.500000	0.00	55.699337	36.757645	165.9	11011
23	2022-04-15	09:11:48	5444.8484	12	0.0105	0.0013	5439.5973	-7.1	3.8	0.5005	0.0064	0.0008	0.0641	5.1799	60	0.000	55.800000	37.500000	0.00	55.699375	36.757763	163.9	11011
23	2022-04-15	09:12:48	5444.8499	12	0.0130	0.0017	5439.5987	-7.0	4.1	0.4934	0.0064	0.0009	0.0640	5.1799	60	0.000	55.800000	37.500000	0.00	55.699337	36.757687	168.4	11011
23	2022-04-15	09:13:48	5444.8493	12	0.0113	0.0015	5439.5986	-6.5	3.1	0.4995	0.0063	0.0006	0.0639	5.1799	60	0.000	55.800000	37.500000	0.00	55.699348	36.757759	166.5	11011
23	2022-04-15	09:14:48	5444.8474	12	0.0099	0.0013	5439.5972	-5.9	1.9	0.4880	0.0062	0.0004	0.0637	5.1799	60	0.000	55.800000	37.500000	0.00	55.699108	36.757675	167.1	11011
23	2022-04-15	09:15:48	5444.8472	12	0.0117	0.0015	5439.5969	-6.6	2.0	0.4887	0.0062	0.0007	0.0635	5.1799	60	0.000	55.800000	37.500000	0.00	55.699425	36.757675	167.8	11011
23	2022-04-15	09:19:08	5444.8487	12	0.0111	0.0014	5439.5995	0.6	-0.4	0.4872	0.0059	0.0000	0.0633	5.1800	60	0.000	55.800000	37.500000	0.00	55.699368	36.757751	162.1	11011
23	2022-04-15	09:20:08	5444.8480	12	0.0106	0.0014	5439.5989	0.3	0.5	0.4873	0.0058	0.0000	0.0633	5.1800	60	0.000	55.800000	37.500000	0.00	55.699242	36.757763	164.1	11011
23	2022-04-15	09:21:08	5444.8487	12	0.0103	0.0013	5439.5999	-0.5	0.3	0.4873	0.0057	0.0000	0.0631	5.1800	60	0.000	55.800000	37.500000	0.00	55.699490	36.757744	167.6	11011
23	2022-04-15	09:22:08	5444.8485	12	0.0105	0.0014	5439.5997	-0.2	1.6	0.4843	0.0056	0.0000	0.0631	5.1800	60	0.000	55.800000	37.500000	0.00	55.699413	36.757797	166.9	11011
23	2022-04-15	09:23:08	5444.8491	12	0.0079	0.0010	5439.6006	0.7	1.8	0.4853	0.0055	0.0001	0.0629	5.1800	60	0.000	55.800000	37.500000	0.00	55.699318	36.757790	162.1	11011
23	2022-04-15	09:24:08	5444.8486	12	0.0107	0.0014	5439.6003	-0.7	0.6	0.4851	0.0054	0.0000	0.0628	5.1800	60	0.000	55.800000	37.500000	0.00	55.699318	36.757797	159.4	11011
23	2022-04-15	09:25:08	5444.8478	12	0.0097	0.0013	5439.5996	1.3	1.3	0.4813	0.0053	0.0001	0.0627	5.1801	60	0.000	55.800000	37.500000	0.00	55.699379	36.757854	158.7	11011
23	2022-04-15	09:26:08	5444.8480	12	0.0087	0.0011	5439.6000	0.6	1.3	0.4845	0.0052	0.0000	0.0626	5.1801	60	0.000	55.800000	37.500000	0.00	55.699471	36.757866	159.9	11011
23	2022-04-15	09:27:08	5444.8484	12	0.0113	0.0015	5439.6006	-1.2	0.5	0.4884	0.0051	0.0000	0.0625	5.1801	60	0.000	55.800000	37.500000	0.00	55.699520	36.757835	161.8	11011
23	2022-04-15	09:28:08	5444.8484	12	0.0105	0.0014	5439.6009	-1.0	0.7	0.4809	0.0050	0.0000	0.0623	5.1801	60	0.000	55.800000	37.500000	0.00	55.699455	36.757828	160.0	11011
23	2022-04-15	09:29:08	5444.8492	12	0.0113	0.0015	5439.6018	-1.6	0.4	0.4815	0.0049	0.0000	0.0623	5.1801	60	0.000	55.800000	37.500000	0.00	55.699425	36.757858	155.4	11011
23	2022-04-15	09:30:08	5444.8488	12	0.0123	0.0016	5439.6018	-0.9	0.1	0.4832	0.0048	0.0000	0.0621	5.1801	60	0.000	55.800000	37.500000	0.00	55.699375	36.757771	157.6	11011
23	2022-04-15	09:31:08	5444.8487	12	0.0097	0.0013	5439.6018	-1.4	-0.3	0.4881	0.0047	0.0001	0.0621	5.1802	60	0.000	55.800000	37.500000	0.00	55.699337	36.757816	150.2	11011
23	2022-04-15	09:32:08	5444.8488	12	0.0093	0.0012	5439.6021	-0.7	0.1	0.4781	0.0045	0.0000	0.0620	5.1802	60	0.000	55.800000	37.500000	0.00	55.699318	36.757854	147.2	11011
23	2022-04-15	09:33:08	5444.8482	12	0.0108	0.0014	5439.6015	-1.3	-0.3	0.4829	0.0044	0.0001	0.0620	5.1802	60	0.000	55.800000	37.500000	0.00	55.699291	36.757877	144.9	11011
23	2022-04-15	09:34:08	5444.8491	12	0.0111	0.0014	5439.6026	-2.0	0.3	0.4797	0.0043	0.0001	0.0619	5.1802	60	0.000	55.800000	37.500000	0.00	55.699261	36.757877	141.9	11011
23	2022-04-15	09:35:08	5444.8487	12	0.0088	0.0011	5439.6025	-1.4	-0.7	0.4838	0.0041	0.0001	0.0618	5.1802	60	0.000	55.800000	37.500000	0.00	55.699299	36.757893	143.3	11011
23	2022-04-15	09:36:08	5444.8481	12	0.0092	0.0012	5439.6023	-1.1	-0.7	0.4744	0.0040	0.0000	0.0615	5.1802	60	0.000	55.800000	37.500000	0.00	55.699310	36.757874	143.4	11011
23	2022-04-15	09:37:08	5444.8488	12	0.0094	0.0012	5439.6029	-1.5	0.0	0.4806	0.0039	0.0000	0.0617	5.1802	60	0.000	55.800000	37.500000	0.00	55.699280	36.757778	145.4	11011
23	2022-04-15	09:38:08	5444.8493	12	0.0106	0.0014	5439.6038	-1.4	0.8	0.4775	0.0037	0.0001	0.0615	5.1803	60	0.000	55.800000	37.500000	0.00	55.699265	36.757801	142.8	11011
23	2022-04-15	09:39:08	5444.8487	12	0.0098	0.0013	5439.6033	-0.4	0.1	0.4758	0.0036	0.0000	0.0615	5.1803	60	0.000	55.800000	37.500000	0.00	55.699310	36.757854	144.8	11011
23	2022-04-15	09:40:08	5444.8484	12	0.0102	0.0013	5439.6033	-0.5	1.5	0.4735	0.0034	0.0001	0.0613	5.1803	60	0.000	55.800000	37.500000	0.00	55.699337	36.757809	143.9	11011
23	2022-04-15	09:41:08	5444.8482	12	0.0109	0.0014	5439.6034	-0.2	-0.1	0.4705	0.0033	0.0000	0.0612	5.1803	60	0.000	55.800000	37.500000	0.00	55.699322	36.757847	145.5	11011
23	2022-04-15	09:42:08	5444.8488	12	0.0110	0.0014	5439.6043	-0.9	0.7	0.4724	0.0031	0.0001	0.0611	5.1803	60	0.000	55.800000	37.500000	0.00	55.699177	36.757858	153.9	11011
23	2022-04-15	09:43:08	5444.8482	12	0.0084	0.0011	5439.6037	-0.5	0.5	0.4731	0.0030	0.0000	0.0612	5.1803	60	0.000	55.800000	37.500000	0.00	55.699089	36.757866	159.7	11011
23	2022-04-15	09:44:08	5444.8482	12	0.0096	0.0012	5439.6040	-1.3	0.3	0.4755	0.0028	0.0000	0.0610	5.1803	60	0.000	55.800000	37.500000	0.00	55.699108	36.757923	160.1	11011
23	2022-04-15	09:45:08	5444.8481	12	0.0093	0.0012	5439.6040	-2.3	0.3	0.4698	0.0026	0.0001	0.0610	5.1804	60	0.000	55.800000	37.500000	0.00	55.699184	36.757874	159.8	11011
23	2022-04-15	09:46:08	5444.8477	12	0.0095	0.0012	5439.6038	-2.0	0.4	0.4706	0.0025	0.0001	0.0610	5.1804	60	0.000	55.800000	37.500000	0.00	55.699055	36.757893	160.8	11011
23	2022-04-15	09:47:08	5444.8492	12	0.0130	0.0017	5439.6056	-1.2	0.0	0.4681	0.0023	0.0000	0.0610	5.1804	60	0.000	55.800000	37.500000	0.00	55.699585	36.758068	162.0	11011
23	2022-04-15	09:48:08	5444.8479	12	0.0108	0.0014	5439.6045	-1.5	-0.4	0.4729	0.0021	0.0001	0.0608	5.1804	60	0.000	55.800000	37.500000	0.00	55.699368	36.757896	160.5	11011
13	2022-04-15	11:35:47	5490.6795	12	0.0829	0.0107	5485.4581	3.6	-1.8	0.5444	-0.0310	0.0002	0.0702	5.1820	60	0.000	55.800000	37.500000	0.00	55.855064	37.516396	148.0	11011
13	2022-04-15	11:36:47	5490.6779	12	0.0092	0.0012	5485.4568	4.8	-1.9	0.5495	-0.0314	0.0003	0.0703	5.1820	60	0.000	55.800000	37.500000	0.00	55.855072	37.516338	147.7	11011
13	2022-04-15	11:37:47	5490.6749	12	0.0093	0.0012	5485.4543	4.0	-2.6	0.5450	-0.0318	0.0002	0.0702	5.1820	60	0.000	55.800000	37.500000	0.00	55.855072	37.516434	146.9	11011
13	2022-04-15	11:38:47	5490.6765	12	0.0083	0.0011	5485.4562	3.3	-4.1	0.5491	-0.0322	0.0004	0.0701	5.1821	60	0.000	55.800000	37.500000	0.00	55.855076	37.516308	147.2	11011
13	2022-04-15	11:39:47	5490.6754	12	0.0094	0.0012	5485.4554	4.3	-3.5	0.5488	-0.0326	0.0004	0.0702	5.1821	60	0.000	55.800000	37.500000	0.00	55.855167	37.516289	147.5	11011
13	2022-04-15	11:40:47	5490.6761	12	0.0099	0.0013	5485.4565	4.0	-3.5	0.5497	-0.0330	0.0003	0.0703	5.1821	60	0.000	55.800000	37.500000	0.00	55.855274	37.516136	147.3	11011
13	2022-04-15	11:41:47	5490.6772	12	0.0095	0.0012	5485.4581	4.0	-2.3	0.5430	-0.0334	0.0003	0.0702	5.1821	60	0.000	55.800000	37.500000	0.00	55.855160	37.516483	148.0	11011
13	2022-04-15	11:42:47	5490.6750	12	0.0106	0.0014	5485.4564	3.4	-2.9	0.5462	-0.0338	0.0003	0.0701	5.1821	60	0.000	55.800000	37.500000	0.00	55.855110	37.517033	148.4	11011
13	2022-04-15	11:43:47	5490.6765	12	0.0097	0.0012	5485.4581	2.8	-3.5	0.5477	-0.0343	0.0003	0.0702	5.1821	60	0.000	55.800000	37.500000	0.00	55.855133	37.516624	148.3	11011
13	2022-04-15	11:44:47	5490.6762	12	0.0095	0.0012	5485.4581	3.6	-3.9	0.5425	-0.0347	0.0004	0.0702	5.1821	60	0.000	55.800000	37.500000	0.00	55.855076	37.516586	148.4	11011
13	2022-04-15	11:45:47	5490.6768	12	0.0088	0.0011	5485.4591	3.7	-3.7	0.5411	-0.0351	0.0004	0.0702	5.1822	60	0.000	55.800000	37.500000	0.00	55.855122	37.516426	148.9	11011
13	2022-04-15	11:46:47	5490.6762	12	0.0076	0.0010	5485.4591	3.1	-4.3	0.5476	-0.0355	0.0003	0.0700	5.1822	60	0.000	55.800000	37.500000	0.00	55.855072	37.516472	147.9	11011
13	2022-04-15	11:47:47	5490.6762	12	0.0098	0.0013	5485.4594	4.0	-4.3	0.5546	-0.0359	0.0004	0.0701	5.1822	60	0.000	55.800000	37.500000	0.00	55.855083	37.516327	148.2	11011
13	2022-04-15	11:48:47	5490.6762	12	0.0076	0.0010	5485.4596	3.8	-4.1	0.5397	-0.0363	0.0005	0.0703	5.1822	60	0.000	55.800000	37.500000	0.00	55.855190	37.516224	148.2	11011
13	2022-04-15	11:49:47	5490.6757	12	0.0090	0.0012	5485.4595	3.8	-4.4	0.5456	-0.0367	0.0004	0.0703	5.1822	60	0.000	55.800000	37.500000	0.00	55.855076	37.516338	147.1	11011
13	2022-04-15	11:50:47	5490.6767	12	0.0081	0.0010	5485.4612	2.1	-3.4	0.5440	-0.0371	0.0002	0.0702	5.1822	60	0.000	55.800000	37.500000	0.00	55.855045	37.516178	145.4	11011
13	2022-04-15	11:51:47	5490.6773	12	0.0073	0.0009	5485.4619	2.3	-3.3	0.5483	-0.0375	0.0003	0.0704	5.1822	60	0.000	55.800000	37.500000	0.00	55.855209	37.516556	145.6	11011
13	2022-04-15	11:52:47	5490.6765	12	0.0090	0.0012	5485.4616	2.5	-4.0	0.5444	-0.0379	0.0003	0.0703	5.1823	60	0.000	55.800000	37.500000	0.00	55.855167	37.516254	145.2	11011
13	2022-04-15	11:53:47	5490.6760	12	0.0100	0.0013	5485.4613	4.1	-4.6	0.5409	-0.0383	0.0004	0.0702	5.1823	60	0.000	55.800000	37.500000	0.00	55.855186	37.516624	146.0	11011
13	2022-04-15	11:54:47	5490.6770	12	0.0104	0.0013	5485.4626	4.1	-4.2	0.5420	-0.0387	0.0005	0.0703	5.1823	60	0.000	55.800000	37.500000	0.00	55.855167	37.516483	147.0	11011
13	2022-04-15	11:55:47	5490.6755	12	0.0116	0.0015	5485.4616	2.1	-5.0	0.5425	-0.0391	0.0004	0.0703	5.1823	60	0.000	55.800000	37.500000	0.00	55.855190	37.516281	145.9	11011
13	2022-04-15	11:56:47	5490.6768	12	0.0098	0.0013	5485.4631	2.8	-5.1	0.5544	-0.0395	0.0005	0.0705	5.1823	60	0.000	55.800000	37.500000	0.00	55.855133	37.516434	145.8	11011
13	2022-04-15	11:57:47	5490.6767	12	0.0092	0.0012	5485.4635	2.7	-4.7	0.5435	-0.0399	0.0004	0.0705	5.1823	60	0.000	55.800000	37.500000	0.00	55.855122	37.516434	145.6	11011
13	2022-04-15	11:58:47	5490.6777	12	0.0117	0.0015	5485.4650	2.9	-5.4	0.5430	-0.0404	0.0004	0.0703	5.1824	60	0.000	55.800000	37.500000	0.00	55.855103	37.516407	145.2	11011
13	2022-04-15	11:59:47	5490.6774	12	0.0090	0.0012	5485.4648	4.6	-5.0	0.5520	-0.0408	0.0006	0.0704	5.1824	60	0.000	55.800000	37.500000	0.00	55.855133	37.516331	143.3	11011
13	2022-04-15	12:00:47	5490.6780	12	0.0084	0.0011	5485.4658	3.4	-4.8	0.5514	-0.0412	0.0004	0.0705	5.1824	60	0.000	55.800000	37.500000	0.00	55.855045	37.516357	143.1	11011
13	2022-04-15	12:01:47	5490.6764	12	0.0104	0.0013	5485.4647	3.4	-4.3	0.5435	-0.0416	0.0003	0.0706	5.1824	60	0.000	55.800000	37.500000	0.00	55.855152	37.516270	142.3	11011
13	2022-04-15	12:02:47	5490.6752	12	0.0085	0.0011	5485.4641	2.3	-3.6	0.5421	-0.0420	0.0002	0.0705	5.1824	60	0.000	55.800000	37.500000	0.00	55.855095	37.516308	141.7	11011
13	2022-04-15	12:03:47	5490.6767	12	0.0099	0.0013	5485.4658	2.8	-4.5	0.5504	-0.0424	0.0004	0.0704	5.1824	60	0.000	55.800000	37.500000	0.00	55.855095	37.516212	141.5	11011
13	2022-04-15	12:04:47	5490.6765	12	0.0096	0.0012	5485.4657	3.5	-4.3	0.5478	-0.0428	0.0005	0.0707	5.1824	60	0.000	55.800000	37.500000	0.00	55.855141	37.516022	140.0	11011
13	2022-04-15	12:05:47	5490.6773	12	0.0124	0.0016	5485.4670	3.2	-4.8	0.5522	-0.0432	0.0004	0.0707	5.1825	60	0.000	55.800000	37.500000	0.00	55.855064	37.516624	145.5	11011
13	2022-04-15	12:06:47	5490.6772	12	0.0090	0.0012	5485.4673	4.2	-3.7	0.5417	-0.0436	0.0004	0.0707	5.1825	60	0.000	55.800000	37.500000	0.00	55.855167	37.516167	147.8	11011
13	2022-04-15	12:07:47	5490.6774	12	0.0101	0.0013	5485.4678	4.3	-4.0	0.5444	-0.0440	0.0004	0.0707	5.1825	60	0.000	55.800000	37.500000	0.00	55.855209	37.516129	147.5	11011
13	2022-04-15	12:08:47	5490.6770	12	0.0088	0.0011	5485.4679	4.2	-4.2	0.5478	-0.0445	0.0004	0.0706	5.1825	60	0.000	55.800000	37.500000	0.00	55.855209	37.516235	143.9	11011
13	2022-04-15	12:09:47	5490.6762	12	0.0110	0.0014	5485.4674	4.7	-3.8	0.5487	-0.0449	0.0005	0.0706	5.1825	60	0.000	55.800000	37.500000	0.00	55.855247	37.516178	138.8	11011
13	2022-04-15	12:10:47	5490.6767	12	0.0097	0.0013	5485.4684	3.6	-3.8	0.5496	-0.0453	0.0003	0.0707	5.1825	60	0.000	55.800000	37.500000	0.00	55.855190	37.516117	141.2	11011
13	2022-04-15	12:11:47	5490.6762	12	0.0088	0.0011	5485.4685	3.7	-3.6	0.5446	-0.0457	0.0004	0.0705	5.1825	60	0.000	55.800000	37.500000	0.00	55.855110	37.516193	141.5	11011
13	2022-04-15	12:12:47	5490.6777	12	0.0102	0.0013	5485.4699	3.1	-3.2	0.5546	-0.0461	0.0003	0.0710	5.1826	60	0.000	55.800000	37.500000	0.00	55.855167	37.516159	141.1	11011
13	2022-04-15	12:13:47	5490.6763	12	0.0097	0.0013	5485.4690	3.2	-3.3	0.5524	-0.0465	0.0003	0.0709	5.1826	60	0.000	55.800000	37.500000	0.00	55.855190	37.516251	141.7	11011
13	2022-04-15	12:14:47	5490.6777	12	0.0084	0.0011	5485.4706	5.1	-2.5	0.5498	-0.0469	0.0004	0.0710	5.1826	60	0.000	55.800000	37.500000	0.00	55.855217	37.516376	143.4	11011
13	2022-04-15	12:15:47	5490.6764	12	0.0078	0.0010	5485.4698	3.9	-4.0	0.5431	-0.0473	0.0003	0.0710	5.1826	60	0.000	55.800000	37.500000	0.00	55.855217	37.516281	144.6	11011
13	2022-04-15	12:16:47	5490.6757	12	0.0121	0.0016	5485.4696	5.0	-2.9	0.5474	-0.0477	0.0004	0.0708	5.1826	60	0.000	55.800000	37.500000	0.00	55.854988	37.516491	144.7	11011
13	2022-04-15	12:17:47	5490.6750	12	0.0099	0.0013	5485.4693	4.2	-2.5	0.5465	-0.0481	0.0003	0.0709	5.1826	60	0.000	55.800000	37.500000	0.00	55.855019	37.516281	143.7	11011
13	2022-04-15	12:18:47	5490.6752	12	0.0078	0.0010	5485.4698	4.5	-3.3	0.5508	-0.0485	0.0004	0.0709	5.1826	60	0.000	55.800000	37.500000	0.00	55.855072	37.516205	143.2	11011
13	2022-04-15	12:19:47	5490.6774	12	0.0080	0.0010	5485.4726	4.4	-2.2	0.5489	-0.0489	0.0002	0.0709	5.1827	60	0.000	55.800000	37.500000	0.00	55.855064	37.516300	143.0	11011
13	2022-04-15	12:20:47	5490.6773	12	0.0098	0.0013	5485.4727	4.5	-2.1	0.5529	-0.0494	0.0003	0.0708	5.1827	60	0.000	55.800000	37.500000	0.00	55.855129	37.516319	143.4	11011
13	2022-04-15	12:21:47	5490.6773	12	0.0117	0.0015	5485.4730	3.7	-3.7	0.5537	-0.0498	0.0003	0.0711	5.1827	60	0.000	55.800000	37.500000	0.00	55.854893	37.516556	140.0	11011
13	2022-04-15	12:22:47	5490.6760	12	0.0084	0.0011	5485.4720	4.4	-3.7	0.5430	-0.0502	0.0005	0.0710	5.1827	60	0.000	55.800000	37.500000	0.00	55.855225	37.516041	137.0	11011
13	2022-04-15	12:23:47	5490.6761	12	0.0080	0.0010	5485.4727	4.6	-2.9	0.5518	-0.0506	0.0003	0.0709	5.1827	60	0.000	55.800000	37.500000	0.00	55.855167	37.515835	137.2	11011
13	2022-04-15	12:24:47	5490.6770	12	0.0104	0.0013	5485.4739	3.5	-3.5	0.5510	-0.0510	0.0003	0.0710	5.1827	60	0.000	55.800000	37.500000	0.00	55.855228	37.515747	137.9	11011
13	2022-04-15	12:25:47	5490.6742	12	0.0082	0.0011	5485.4716	3.1	-3.3	0.5536	-0.0514	0.0002	0.0710	5.1828	60	0.000	55.800000	37.500000	0.00	55.855076	37.516136	137.4	11011
13	2022-04-15	12:26:47	5490.6767	12	0.0083	0.0011	5485.4744	3.4	-4.5	0.5479	-0.0518	0.0005	0.0708	5.1828	60	0.000	55.800000	37.500000	0.00	55.855076	37.516136	137.0	11011
13	2022-04-15	12:27:47	5490.6774	12	0.0080	0.0010	5485.4755	3.4	-3.6	0.5494	-0.0522	0.0003	0.0710	5.1828	60	0.000	55.800000	37.500000	0.00	55.855045	37.516289	137.7	11011
13	2022-04-15	12:28:47	5490.6774	12	0.0100	0.0013	5485.4757	4.5	-3.8	0.5497	-0.0526	0.0004	0.0711	5.1828	60	0.000	55.800000	37.500000	0.00	55.855053	37.516308	139.2	11011
13	2022-04-15	12:29:47	5490.6773	12	0.0083	0.0011	5485.4760	3.6	-3.5	0.5481	-0.0530	0.0003	0.0711	5.1828	60	0.000	55.800000	37.500000	0.00	55.855076	37.516071	135.9	11011
13	2022-04-15	12:30:47	5490.6780	12	0.0088	0.0011	5485.4769	4.4	-4.0	0.5541	-0.0534	0.0005	0.0711	5.1828	60	0.000	55.800000	37.500000	0.00	55.855122	37.516422	136.2	11011
13	2022-04-15	12:31:47	5490.6781	12	0.0084	0.0011	5485.4775	5.0	-3.5	0.5558	-0.0538	0.0005	0.0710	5.1828	60	0.000	55.800000	37.500000	0.00	55.855190	37.516129	137.2	11011
13	2022-04-15	12:32:47	5490.6769	12	0.0113	0.0015	5485.4766	4.9	-4.5	0.5474	-0.0542	0.0005	0.0710	5.1829	60	0.000	55.800000	37.500000	0.00	55.855103	37.516186	132.2	11011
13	2022-04-15	12:33:47	5490.6776	12	0.0099	0.0013	5485.4777	4.0	-4.2	0.5560	-0.0546	0.0004	0.0712	5.1829	60	0.000	55.800000	37.500000	0.00	55.855045	37.516129	133.0	11011
13	2022-04-15	12:34:47	5490.6782	12	0.0095	0.0012	5485.4788	4.0	-4.7	0.5527	-0.0550	0.0004	0.0710	5.1829	60	0.000	55.800000	37.500000	0.00	55.854996	37.516327	134.1	11011
