
/	CG-5 SURVEY
/	Survey name:   	qarajal
/	Instrument S/N:	49459
/	Client:        	kazzink
/	Operator:      	geoken
/	Date:          	2023/12/ 6
/	Time:          	13:44:46
/	LONG:        	77.1000000 E
/	LAT:         	43.7000000 N
/	ZONE:        	43      
/	GMT DIFF.:   	-6.0

/	CG-5 SETUP PARAMETERS
/	Gref:			1500.000
/	Gcal1:		8925.088
/	TiltxS:		660.412 
/	TiltyS:		640.611 
/	TiltxO:		1.808   
/	TiltyO:		-0.431  
/	Tempco:		-0.121  
/	Drift:		0.480   
/	DriftTime Start:	13:48:09
/	DriftDate Start:	2023/12/06

/	CG-5 OPTIONS
/	Tide Correction:    YES
/	Cont. Tilt:         YES
/	Auto Rejection:     YES
/	Terrain Corr.:       NO
/	Seismic Filter:     YES
/	Raw Data:            NO
Line	   0.000S
/------LINE-----STATION-----ALT.------GRAV.---SD.--TILTX--TILTY-TEMP---TIDE---DUR-REJ-----TIME----DEC.TIME+DATE--TERRAIN---DATE
 0.0000000  10.0000000    0.0000   6117.093 0.012    0.8   -1.5 -2.71 -0.042  40   0 08:05:19     45238.33649    0.0000  2023/12/09
 0.0000000  10.0000000    0.0000   6117.092 0.012    0.9   -1.5 -2.71 -0.042  40   0 08:06:08     45238.33705    0.0000  2023/12/09
 0.0000000  10.0000000    0.0000   6117.093 0.010    0.7   -1.4 -2.71 -0.042  40   0 08:06:52     45238.33756    0.0000  2023/12/09
 0.0000000  10.0000000    0.0000   6117.093 0.008    0.9   -1.5 -2.71 -0.042  40   0 08:07:36     45238.33807    0.0000  2023/12/09
 0.0000000   2.0000000    0.0000   6118.601 0.017  -11.2   -1.2 -3.06 -0.039  40   0 08:28:10     45238.35233    0.0000  2023/12/09
 0.0000000   2.0000000    0.0000   6118.607 0.015   -1.2    2.0 -3.05 -0.038  40   5 08:29:52     45238.35351    0.0000  2023/12/09
 0.0000000   2.0000000    0.0000   6118.607 0.022   -4.9    2.5 -3.04 -0.038  40   8 08:30:41     45238.35407    0.0000  2023/12/09
 0.0000000   2.0000000    0.0000   6118.605 0.025   -6.4    2.6 -3.03 -0.038  40   0 08:31:25     45238.35458    0.0000  2023/12/09
 0.0000000   2.0000000    0.0000   6118.605 0.007   -6.8    2.8 -3.00 -0.038  40   0 08:32:09     45238.35509    0.0000  2023/12/09
 0.0000000   1.0000000    0.0000   6136.703 0.016   -2.0    2.3 -2.47 -0.035  40   0 08:50:38     45238.36791    0.0000  2023/12/09
 0.0000000   1.0000000    0.0000   6136.703 0.011   -1.0    2.8 -2.46 -0.035  40   0 08:51:27     45238.36847    0.0000  2023/12/09
 0.0000000   1.0000000    0.0000   6136.703 0.009   -0.7    3.2 -2.45 -0.035  40   0 08:52:11     45238.36898    0.0000  2023/12/09
 0.0000000   1.0000000    0.0000   6136.704 0.013   -0.6    3.1 -2.43 -0.035  40   0 08:52:55     45238.36949    0.0000  2023/12/09
 0.0000000   2.0000000    0.0000   6118.620 0.010    1.7   -2.7 -2.11 -0.034  40   0 09:07:24     45238.37953    0.0000  2023/12/09
 0.0000000   2.0000000    0.0000   6118.618 0.013    2.3   -1.9 -2.09 -0.033  40   0 09:08:13     45238.38010    0.0000  2023/12/09
 0.0000000   2.0000000    0.0000   6118.618 0.015    2.8   -1.5 -2.08 -0.033  40   0 09:08:57     45238.38061    0.0000  2023/12/09
 0.0000000   2.0000000    0.0000   6118.618 0.010    3.0   -1.8 -2.06 -0.033  40   0 09:09:41     45238.38111    0.0000  2023/12/09
 0.0000000   2.0000000    0.0000   6118.617 0.024    3.3   -2.2 -2.05 -0.033  40   6 09:10:25     45238.38162    0.0000  2023/12/09
 0.0000000   1.0000000    0.0000   6136.702 0.016    0.1   -1.7 -1.83 -0.032  40   0 09:25:44     45238.39224    0.0000  2023/12/09
 0.0000000   1.0000000    0.0000   6136.703 0.012    0.0   -1.5 -1.82 -0.032  40   1 09:26:33     45238.39281    0.0000  2023/12/09
 0.0000000   1.0000000    0.0000   6136.703 0.012   -0.4   -1.4 -1.81 -0.032  40   0 09:27:17     45238.39332    0.0000  2023/12/09
 0.0000000   1.0000000    0.0000   6136.703 0.012   -1.1   -1.3 -1.81 -0.032  40   0 09:28:01     45238.39382    0.0000  2023/12/09
 0.0000000   2.0000000    0.0000   6118.614 0.013   -3.9   -8.1 -1.56 -0.031  40   0 09:44:15     45238.40508    0.0000  2023/12/09
 0.0000000   2.0000000    0.0000   6118.612 0.011   -5.0  -11.4 -1.55 -0.031  40   0 09:45:04     45238.40565    0.0000  2023/12/09
 0.0000000   2.0000000    0.0000   6118.610 0.013   -5.6  -13.8 -1.54 -0.031  40   0 09:45:48     45238.40615    0.0000  2023/12/09
 0.0000000   2.0000000    0.0000   6118.608 0.015   -6.3  -15.8 -1.53 -0.031  40   0 09:46:32     45238.40666    0.0000  2023/12/09
 0.0000000   2.0000000    0.0000   6118.611 0.019   -3.1   -2.4 -1.52 -0.031  40   8 09:47:46     45238.40752    0.0000  2023/12/09
 0.0000000   2.0999999    0.0000   6106.720 0.015    3.5   -1.5 -1.45 -0.031  40   0 09:58:45     45238.41513    0.0000  2023/12/09
 0.0000000   2.0999999    0.0000   6106.719 0.015    4.4   -1.1 -1.44 -0.031  40   0 09:59:34     45238.41570    0.0000  2023/12/09
 0.0000000   2.0999999    0.0000   6106.721 0.018    4.8   -0.9 -1.43 -0.031  40   0 10:00:18     45238.41621    0.0000  2023/12/09
 0.0000000   2.0999999    0.0000   6106.720 0.015    5.0   -0.9 -1.42 -0.031  40   1 10:01:02     45238.41672    0.0000  2023/12/09
 0.0000000   2.0000000    0.0000   6118.612 0.014   -4.2   -3.4 -1.35 -0.031  40   0 10:12:31     45238.42468    0.0000  2023/12/09
 0.0000000   2.0000000    0.0000   6118.609 0.012   -4.9   -5.0 -1.36 -0.031  40   0 10:13:20     45238.42524    0.0000  2023/12/09
 0.0000000   2.0000000    0.0000   6118.611 0.015   -5.5   -6.4 -1.36 -0.031  40   0 10:14:04     45238.42575    0.0000  2023/12/09
 0.0000000   2.0000000    0.0000   6118.608 0.016   -6.0   -7.8 -1.35 -0.031  40   0 10:14:48     45238.42626    0.0000  2023/12/09
 0.0000000   2.0999999    0.0000   6106.712 0.017    2.2   -2.5 -1.42 -0.032  40   5 10:27:15     45238.43489    0.0000  2023/12/09
 0.0000000   2.0999999    0.0000   6106.716 0.019    2.7   -1.5 -1.41 -0.032  40   1 10:28:04     45238.43546    0.0000  2023/12/09
 0.0000000   2.0999999    0.0000   6106.717 0.016    3.1   -0.9 -1.41 -0.032  40   0 10:28:48     45238.43597    0.0000  2023/12/09
 0.0000000   2.0999999    0.0000   6106.718 0.010    3.2   -0.1 -1.40 -0.032  40   0 10:29:32     45238.43648    0.0000  2023/12/09
 0.0000000   3.0000000    0.0000   6094.979 0.021    8.5    2.2 -1.38 -0.032  40   0 10:38:34     45238.44274    0.0000  2023/12/09
 0.0000000   3.0000000    0.0000   6094.980 0.016    2.0    3.4 -1.37 -0.033  40   0 10:39:48     45238.44359    0.0000  2023/12/09
 0.0000000   3.0000000    0.0000   6094.979 0.016    3.2    3.5 -1.37 -0.033  40   0 10:40:37     45238.44416    0.0000  2023/12/09
 0.0000000   3.0000000    0.0000   6094.980 0.019    4.1    3.5 -1.37 -0.033  40   0 10:41:21     45238.44467    0.0000  2023/12/09
 0.0000000   2.0999999    0.0000   6106.700 0.018   -3.4   -3.6 -1.36 -0.034  40   0 10:50:29     45238.45100    0.0000  2023/12/09
 0.0000000   2.0999999    0.0000   6106.713 0.031   -3.3   -3.2 -1.36 -0.034  40   2 10:51:18     45238.45157    0.0000  2023/12/09
 0.0000000   2.0999999    0.0000   6106.707 0.020   -3.2   -3.3 -1.36 -0.034  40   0 10:52:02     45238.45208    0.0000  2023/12/09
 0.0000000   2.0999999    0.0000   6106.700 0.021   -3.6   -3.4 -1.35 -0.034  40   0 10:52:46     45238.45258    0.0000  2023/12/09
 0.0000000   2.0999999    0.0000   6106.700 0.029   -3.6   -3.4 -1.34 -0.034  40   2 10:53:30     45238.45309    0.0000  2023/12/09
 0.0000000   2.0999999    0.0000   6106.702 0.031   -4.0   -3.8 -1.33 -0.034  40   3 10:54:14     45238.45360    0.0000  2023/12/09
 0.0000000   3.0000000    0.0000   6094.987 0.025   -0.8   12.8 -1.26 -0.035  40   0 11:05:01     45238.46108    0.0000  2023/12/09
 0.0000000   3.0000000    0.0000   6094.982 0.019   -2.2    4.8 -1.19 -0.036  40   0 11:06:24     45238.46204    0.0000  2023/12/09
 0.0000000   3.0000000    0.0000   6094.986 0.023   -3.3    7.9 -1.15 -0.036  40   1 11:07:13     45238.46260    0.0000  2023/12/09
 0.0000000   3.0000000    0.0000   6094.985 0.035   -3.3   10.7 -1.12 -0.036  40   4 11:07:57     45238.46311    0.0000  2023/12/09
 0.0000000   4.0000000    0.0000   6073.996 0.044   -1.7    2.0 -1.10 -0.038  40   0 11:19:15     45238.47095    0.0000  2023/12/09
 0.0000000   4.0000000    0.0000   6073.998 0.039   -4.1    2.8 -1.10 -0.038  40   0 11:20:04     45238.47151    0.0000  2023/12/09
 0.0000000   4.0000000    0.0000   6073.995 0.033   -4.7    3.2 -1.10 -0.038  40   0 11:20:48     45238.47202    0.0000  2023/12/09
 0.0000000   4.0000000    0.0000   6073.996 0.030   -5.4    3.2 -1.10 -0.038  40   0 11:21:32     45238.47253    0.0000  2023/12/09
 0.0000000   3.0000000    0.0000   6094.977 0.019   -2.3   -6.8 -1.17 -0.040  40   7 11:33:48     45238.48103    0.0000  2023/12/09
 0.0000000   3.0000000    0.0000   6094.977 0.022   -3.2   -5.8 -1.17 -0.041  40   0 11:35:08     45238.48196    0.0000  2023/12/09
 0.0000000   3.0000000    0.0000   6094.974 0.023   -4.7   -7.3 -1.17 -0.041  40   0 11:35:57     45238.48253    0.0000  2023/12/09
 0.0000000   3.0000000    0.0000   6094.971 0.043   -5.9   -9.0 -1.17 -0.041  40   3 11:36:41     45238.48303    0.0000  2023/12/09
 0.0000000   3.0000000    0.0000   6094.973 0.028   -6.4  -10.3 -1.16 -0.041  40   3 11:37:25     45238.48354    0.0000  2023/12/09
 0.0000000   4.0000000    0.0000   6073.992 0.038   -0.4    2.5 -1.20 -0.043  40   0 11:48:52     45238.49148    0.0000  2023/12/09
 0.0000000   4.0000000    0.0000   6073.991 0.027   -0.6    2.8 -1.20 -0.044  40   0 11:49:41     45238.49205    0.0000  2023/12/09
 0.0000000   4.0000000    0.0000   6073.993 0.029   -0.3    2.6 -1.20 -0.044  40   0 11:50:25     45238.49256    0.0000  2023/12/09
 0.0000000   4.0000000    0.0000   6073.995 0.042   -0.2    2.6 -1.20 -0.044  40   0 11:51:09     45238.49306    0.0000  2023/12/09
 0.0000000   5.0000000    0.0000   6055.857 0.042   -3.1    3.8 -1.30 -0.054  40   0 12:32:32     45238.52176    0.0000  2023/12/09
 0.0000000   5.0000000    0.0000   6055.856 0.040   -2.8    3.6 -1.31 -0.054  40   0 12:33:21     45238.52232    0.0000  2023/12/09
 0.0000000   5.0000000    0.0000   6055.859 0.034   -2.1    3.2 -1.31 -0.054  40   0 12:34:05     45238.52283    0.0000  2023/12/09
 0.0000000   5.0000000    0.0000   6055.859 0.037   -2.0    3.1 -1.31 -0.055  40   1 12:34:49     45238.52334    0.0000  2023/12/09
 0.0000000   4.0000000    0.0000   6073.986 0.035   -1.9   -2.0 -1.42 -0.058  40   0 12:49:55     45238.53381    0.0000  2023/12/09
 0.0000000   4.0000000    0.0000   6073.987 0.032   -0.9   -1.3 -1.42 -0.059  40   0 12:50:44     45238.53438    0.0000  2023/12/09
 0.0000000   4.0000000    0.0000   6073.992 0.037   -0.4   -1.0 -1.42 -0.059  40   2 12:51:28     45238.53488    0.0000  2023/12/09
 0.0000000   4.0000000    0.0000   6073.989 0.030    0.0   -1.3 -1.42 -0.059  40   0 12:52:12     45238.53539    0.0000  2023/12/09
 0.0000000   4.0000000    0.0000   6073.987 0.031   -0.1   -1.5 -1.42 -0.059  40   0 12:52:56     45238.53590    0.0000  2023/12/09
 0.0000000   5.0000000    0.0000   6055.854 0.029   -3.5    0.3 -1.44 -0.063  40   2 13:07:13     45238.54580    0.0000  2023/12/09
 0.0000000   5.0000000    0.0000   6055.857 0.028   -3.3    0.9 -1.43 -0.063  40   2 13:08:02     45238.54637    0.0000  2023/12/09
 0.0000000   5.0000000    0.0000   6055.857 0.031   -3.5    1.2 -1.42 -0.063  40   0 13:08:46     45238.54688    0.0000  2023/12/09
 0.0000000   5.0000000    0.0000   6055.854 0.026   -3.7    1.2 -1.42 -0.063  40   0 13:09:30     45238.54739    0.0000  2023/12/09
 0.0000000   6.0000000    0.0000   6035.812 0.030   -4.8   -3.0 -1.47 -0.067  40   0 13:25:07     45238.55821    0.0000  2023/12/09
 0.0000000   6.0000000    0.0000   6035.811 0.036   -5.0   -3.1 -1.47 -0.068  40   0 13:25:56     45238.55878    0.0000  2023/12/09
 0.0000000   6.0000000    0.0000   6035.811 0.036   -5.1   -3.3 -1.47 -0.068  40   0 13:26:40     45238.55929    0.0000  2023/12/09
 0.0000000   6.0000000    0.0000   6035.812 0.035   -5.2   -3.6 -1.46 -0.068  40   0 13:27:24     45238.55980    0.0000  2023/12/09
 0.0000000   5.0000000    0.0000   6055.861 0.032    0.3    2.1 -1.45 -0.071  40   0 13:41:21     45238.56947    0.0000  2023/12/09
 0.0000000   5.0000000    0.0000   6055.860 0.035    0.1    2.6 -1.44 -0.071  40   0 13:42:10     45238.57004    0.0000  2023/12/09
 0.0000000   5.0000000    0.0000   6055.859 0.035    0.1    2.8 -1.43 -0.071  40   0 13:42:54     45238.57054    0.0000  2023/12/09
 0.0000000   5.0000000    0.0000   6055.862 0.031    0.0    2.8 -1.43 -0.071  40   0 13:43:38     45238.57105    0.0000  2023/12/09
 0.0000000   6.0000000    0.0000   6035.808 0.033   -0.5   -0.5 -1.45 -0.075  40   0 13:59:24     45238.58198    0.0000  2023/12/09
 0.0000000   6.0000000    0.0000   6035.810 0.046   -0.7    1.1 -1.44 -0.075  40   1 14:00:13     45238.58255    0.0000  2023/12/09
 0.0000000   6.0000000    0.0000   6035.808 0.037   -0.6    1.7 -1.44 -0.075  40   0 14:00:57     45238.58306    0.0000  2023/12/09
 0.0000000   6.0000000    0.0000   6035.809 0.029   -0.5    1.7 -1.44 -0.075  40   0 14:01:41     45238.58357    0.0000  2023/12/09
 0.0000000   5.0000000    0.0000   6055.864 0.036   -3.5    0.0 -1.42 -0.078  40   1 14:15:54     45238.59342    0.0000  2023/12/09
 0.0000000   5.0000000    0.0000   6055.862 0.027   -3.4    0.7 -1.42 -0.078  40   0 14:16:43     45238.59399    0.0000  2023/12/09
 0.0000000   5.0000000    0.0000   6055.863 0.023   -3.7    1.1 -1.42 -0.078  40   0 14:17:27     45238.59450    0.0000  2023/12/09
 0.0000000   5.0000000    0.0000   6055.863 0.028   -3.8    1.2 -1.41 -0.078  40   0 14:18:11     45238.59501    0.0000  2023/12/09
 0.0000000   4.0000000    0.0000   6073.988 0.035    4.9   -4.9 -1.43 -0.081  40   0 14:36:34     45238.60775    0.0000  2023/12/09
 0.0000000   4.0000000    0.0000   6073.993 0.035    5.7   -5.9 -1.42 -0.081  40   0 14:37:23     45238.60832    0.0000  2023/12/09
 0.0000000   4.0000000    0.0000   6073.991 0.037    6.2   -6.1 -1.42 -0.081  40   2 14:38:07     45238.60883    0.0000  2023/12/09
 0.0000000   4.0000000    0.0000   6073.990 0.035    6.1   -6.2 -1.41 -0.081  40   0 14:38:51     45238.60934    0.0000  2023/12/09
 0.0000000   5.0000000    0.0000   6055.866 0.025   12.1   -0.6 -1.34 -0.082  40   0 14:53:52     45238.61975    0.0000  2023/12/09
 0.0000000   5.0000000    0.0000   6055.863 0.037    5.0   -1.9 -1.34 -0.082  40   2 14:55:11     45238.62066    0.0000  2023/12/09
 0.0000000   5.0000000    0.0000   6055.869 0.031   -8.4   -2.4 -1.33 -0.082  40  10 14:56:00     45238.62123    0.0000  2023/12/09
 0.0000000   5.0000000    0.0000   6055.860 0.028   -6.4   -2.4 -1.33 -0.082  40   0 14:56:44     45238.62174    0.0000  2023/12/09
 0.0000000   5.0000000    0.0000   6055.862 0.031   -3.9   -2.4 -1.32 -0.082  40   1 14:57:28     45238.62224    0.0000  2023/12/09
 0.0000000   5.0000000    0.0000   6055.862 0.027   -0.8   -2.7 -1.32 -0.082  40   0 14:58:12     45238.62275    0.0000  2023/12/09
 0.0000000   4.0000000    0.0000   6074.004 0.031    0.2   -1.5 -1.37 -0.082  40   0 15:11:37     45238.63205    0.0000  2023/12/09
 0.0000000   4.0000000    0.0000   6073.993 0.026    0.4   -1.2 -1.36 -0.082  40   0 15:12:26     45238.63262    0.0000  2023/12/09
 0.0000000   4.0000000    0.0000   6073.994 0.033    0.4   -0.9 -1.36 -0.082  40   0 15:13:10     45238.63313    0.0000  2023/12/09
 0.0000000   4.0000000    0.0000   6073.996 0.031    0.1   -0.7 -1.36 -0.082  40   0 15:13:54     45238.63364    0.0000  2023/12/09
 0.0000000   4.0000000    0.0000   6073.998 0.032    0.3   -1.0 -1.36 -0.082  40   0 15:14:38     45238.63415    0.0000  2023/12/09
 0.0000000   3.0000000    0.0000   6094.972 0.020   -0.5    3.0 -1.41 -0.082  40   0 15:27:05     45238.64278    0.0000  2023/12/09
 0.0000000   3.0000000    0.0000   6094.974 0.014   -0.7    3.3 -1.41 -0.082  40   0 15:27:54     45238.64334    0.0000  2023/12/09
 0.0000000   3.0000000    0.0000   6094.973 0.016   -1.2    3.3 -1.41 -0.082  40   0 15:28:38     45238.64385    0.0000  2023/12/09
 0.0000000   3.0000000    0.0000   6094.973 0.015   -1.1    3.2 -1.41 -0.082  40   1 15:29:22     45238.64436    0.0000  2023/12/09
 0.0000000   4.0000000    0.0000   6074.000 0.025    0.0    1.3 -1.43 -0.081  40   1 15:39:41     45238.65151    0.0000  2023/12/09
 0.0000000   4.0000000    0.0000   6073.993 0.028    0.0    2.0 -1.43 -0.081  40   0 15:40:30     45238.65208    0.0000  2023/12/09
 0.0000000   4.0000000    0.0000   6073.996 0.037    0.1    2.1 -1.43 -0.081  40   1 15:41:14     45238.65259    0.0000  2023/12/09
 0.0000000   4.0000000    0.0000   6073.996 0.028    0.2    2.1 -1.42 -0.081  40   0 15:41:58     45238.65310    0.0000  2023/12/09
 0.0000000   4.0000000    0.0000   6073.999 0.029    0.0    1.9 -1.42 -0.081  40   0 15:42:42     45238.65361    0.0000  2023/12/09
 0.0000000   3.0000000    0.0000   6094.967 0.054    1.1   -1.1 -1.43 -0.079  40   2 15:52:55     45238.66069    0.0000  2023/12/09
 0.0000000   3.0000000    0.0000   6094.975 0.024    2.2    0.0 -1.43 -0.079  40   0 15:53:44     45238.66126    0.0000  2023/12/09
 0.0000000   3.0000000    0.0000   6094.974 0.020    3.1    1.2 -1.43 -0.079  40   0 15:54:28     45238.66176    0.0000  2023/12/09
 0.0000000   3.0000000    0.0000   6094.979 0.026    3.1    1.2 -1.43 -0.079  40   0 15:55:12     45238.66227    0.0000  2023/12/09
 0.0000000   3.0000000    0.0000   6094.978 0.014    2.5    0.9 -1.43 -0.079  40   0 15:55:56     45238.66278    0.0000  2023/12/09
 0.0000000   2.0000000    0.0000   6118.597 0.012    0.0   -1.1 -1.46 -0.077  40   8 16:07:22     45238.67071    0.0000  2023/12/09
 0.0000000   2.0000000    0.0000   6118.598 0.029    0.1    0.8 -1.45 -0.077  40   9 16:08:11     45238.67127    0.0000  2023/12/09
 0.0000000   2.0000000    0.0000   6118.599 0.015    0.0    1.0 -1.44 -0.077  40   0 16:08:55     45238.67178    0.0000  2023/12/09
 0.0000000   2.0000000    0.0000   6118.600 0.018    0.0    0.0 -1.44 -0.076  40   0 16:09:39     45238.67229    0.0000  2023/12/09
 0.0000000  10.0000000    0.0000   6117.078 0.017   -0.3   -0.8 -1.39 -0.073  40   0 16:26:14     45238.68379    0.0000  2023/12/09
 0.0000000  10.0000000    0.0000   6117.080 0.015   -0.5    0.0 -1.38 -0.072  40   0 16:27:03     45238.68435    0.0000  2023/12/09
 0.0000000  10.0000000    0.0000   6117.080 0.012   -0.6    1.0 -1.38 -0.072  40   0 16:27:47     45238.68486    0.0000  2023/12/09
 0.0000000  10.0000000    0.0000   6117.081 0.016   -1.1    0.8 -1.37 -0.072  40   0 16:28:31     45238.68537    0.0000  2023/12/09
 -323290517139455630000000000000000.000,0   ,-0.000  ,    -0.000,   0.000,-18177,30719,   0.000,   0.000,0.000   ,0.000   ,-321574304910979510000000000.000,1.740   