
/	CG-5 SURVEY
/	Survey name:   	qarajal
/	Instrument S/N:	49459
/	Client:        	kazzink
/	Operator:      	geoken
/	Date:          	2023/12/ 6
/	Time:          	13:44:46
/	LONG:        	77.1000000 E
/	LAT:         	43.7000000 N
/	ZONE:        	43      
/	GMT DIFF.:   	-6.0

/	CG-5 SETUP PARAMETERS
/	Gref:			1500.000
/	Gcal1:		8925.088
/	TiltxS:		660.412 
/	TiltyS:		640.611 
/	TiltxO:		1.808   
/	TiltyO:		-0.431  
/	Tempco:		-0.121  
/	Drift:		0.480   
/	DriftTime Start:	13:48:09
/	DriftDate Start:	2023/12/06

/	CG-5 OPTIONS
/	Tide Correction:    YES
/	Cont. Tilt:         YES
/	Auto Rejection:     YES
/	Terrain Corr.:       NO
/	Seismic Filter:     YES
/	Raw Data:            NO
Line	   0.000S
/------LINE-----STATION-----ALT.------GRAV.---SD.--TILTX--TILTY-TEMP---TIDE---DUR-REJ-----TIME----DEC.TIME+DATE--TERRAIN---DATE
 0.0000000  10.0000000    0.0000   6117.091 0.014   -1.2    1.5 -3.08 -0.001  40   0 08:34:49     45236.35694    0.0000  2023/12/07
 0.0000000  10.0000000    0.0000   6117.092 0.010   -1.2    1.5 -3.09 -0.001  40   0 08:35:38     45236.35751    0.0000  2023/12/07
 0.0000000  10.0000000    0.0000   6117.091 0.011   -1.3    1.5 -3.09 -0.001  40   0 08:36:22     45236.35801    0.0000  2023/12/07
 0.0000000  10.0000000    0.0000   6117.091 0.006   -1.7    1.5 -3.10 -0.002  40   0 08:37:06     45236.35852    0.0000  2023/12/07
 0.0000000   2.0000000    0.0000   6118.610 0.009    2.0   -3.1 -3.03 -0.004  40   0 09:05:01     45236.37788    0.0000  2023/12/07
 0.0000000   2.0000000    0.0000   6118.611 0.011    2.5   -3.6 -3.01 -0.005  40   0 09:05:50     45236.37844    0.0000  2023/12/07
 0.0000000   2.0000000    0.0000   6118.611 0.009    2.5   -3.8 -3.00 -0.005  40   0 09:06:34     45236.37895    0.0000  2023/12/07
 0.0000000   2.0000000    0.0000   6118.610 0.007    2.6   -4.2 -2.99 -0.005  40   0 09:07:18     45236.37946    0.0000  2023/12/07
 0.0000000   1.0000000    0.0000   6136.707 0.010    1.8   -1.7 -2.54 -0.008  40   0 09:30:32     45236.39557    0.0000  2023/12/07
 0.0000000   1.0000000    0.0000   6136.706 0.008    1.7   -2.1 -2.53 -0.008  40   0 09:31:21     45236.39614    0.0000  2023/12/07
 0.0000000   1.0000000    0.0000   6136.704 0.009    1.5   -2.2 -2.52 -0.009  40   0 09:32:05     45236.39664    0.0000  2023/12/07
 0.0000000   1.0000000    0.0000   6136.704 0.008    1.8   -2.4 -2.52 -0.009  40   0 09:32:49     45236.39715    0.0000  2023/12/07
 0.0000000   2.0000000    0.0000   6118.613 0.009    2.8    1.5 -2.27 -0.013  40   0 09:51:42     45236.41025    0.0000  2023/12/07
 0.0000000   2.0000000    0.0000   6118.613 0.008    4.2    1.6 -2.26 -0.013  40   0 09:52:31     45236.41081    0.0000  2023/12/07
 0.0000000   2.0000000    0.0000   6118.614 0.010    4.0    1.5 -2.25 -0.013  40   0 09:53:15     45236.41132    0.0000  2023/12/07
 0.0000000   2.0000000    0.0000   6118.614 0.012    4.1    1.4 -2.24 -0.013  40   0 09:53:59     45236.41183    0.0000  2023/12/07
 0.0000000   1.0000000    0.0000   6136.700 0.011    3.0   -0.8 -2.15 -0.017  40   0 10:11:07     45236.42371    0.0000  2023/12/07
 0.0000000   1.0000000    0.0000   6136.701 0.010    2.6   -1.2 -2.15 -0.017  40   1 10:11:56     45236.42427    0.0000  2023/12/07
 0.0000000   1.0000000    0.0000   6136.700 0.013    2.2   -1.5 -2.14 -0.017  40   0 10:12:40     45236.42478    0.0000  2023/12/07
 0.0000000   1.0000000    0.0000   6136.701 0.011    2.1   -1.8 -2.14 -0.017  40   0 10:13:24     45236.42529    0.0000  2023/12/07
 0.0000000   2.0000000    0.0000   6118.609 0.045    2.9    3.3 -2.03 -0.022  40   0 10:31:54     45236.43812    0.0000  2023/12/07
 0.0000000   2.0000000    0.0000   6118.611 0.025    3.1    3.1 -2.02 -0.023  40   0 10:32:43     45236.43868    0.0000  2023/12/07
 0.0000000   2.0000000    0.0000   6118.612 0.021    2.9    3.0 -2.01 -0.023  40   0 10:33:27     45236.43919    0.0000  2023/12/07
 0.0000000   2.0000000    0.0000   6118.611 0.021    2.9    2.8 -2.01 -0.023  40   0 10:34:11     45236.43970    0.0000  2023/12/07
 0.0000000   2.0999999    0.0000   6106.714 0.016   -0.7   -3.4 -1.99 -0.028  40   0 10:52:05     45236.45211    0.0000  2023/12/07
 0.0000000   2.0999999    0.0000   6106.714 0.013   -0.9   -3.9 -1.99 -0.028  40   0 10:52:54     45236.45268    0.0000  2023/12/07
 0.0000000   2.0999999    0.0000   6106.716 0.013   -0.9   -3.8 -1.99 -0.028  40   0 10:53:38     45236.45319    0.0000  2023/12/07
 0.0000000   2.0999999    0.0000   6106.716 0.015   -0.7   -4.0 -1.99 -0.029  40   0 10:54:22     45236.45369    0.0000  2023/12/07
 0.0000000   2.0000000    0.0000   6118.610 0.011    2.2    0.3 -1.97 -0.034  40   0 11:10:42     45236.46502    0.0000  2023/12/07
 0.0000000   2.0000000    0.0000   6118.611 0.010    2.6    0.0 -1.97 -0.034  40   0 11:11:31     45236.46558    0.0000  2023/12/07
 0.0000000   2.0000000    0.0000   6118.611 0.011    2.6   -0.9 -1.97 -0.034  40   0 11:12:15     45236.46609    0.0000  2023/12/07
 0.0000000   2.0000000    0.0000   6118.610 0.010    2.5   -1.2 -1.97 -0.034  40   0 11:12:59     45236.46660    0.0000  2023/12/07
 0.0000000   2.0999999    0.0000   6106.714 0.017    0.4   -1.8 -1.98 -0.038  40   0 11:26:09     45236.47573    0.0000  2023/12/07
 0.0000000   2.0999999    0.0000   6106.712 0.014    0.4   -2.0 -1.98 -0.039  40   0 11:26:58     45236.47630    0.0000  2023/12/07
 0.0000000   2.0999999    0.0000   6106.712 0.014    0.5   -2.2 -1.97 -0.039  40   0 11:27:42     45236.47681    0.0000  2023/12/07
 0.0000000   2.0999999    0.0000   6106.713 0.013    0.5   -2.7 -1.96 -0.039  40   0 11:28:26     45236.47731    0.0000  2023/12/07
 0.0000000   3.0000000    0.0000   6094.985 0.021    2.0    1.9 -1.91 -0.042  40   1 11:40:07     45236.48541    0.0000  2023/12/07
 0.0000000   3.0000000    0.0000   6094.987 0.018    2.6    2.0 -1.90 -0.043  40   0 11:40:56     45236.48598    0.0000  2023/12/07
 0.0000000   3.0000000    0.0000   6094.985 0.019    2.7    1.8 -1.90 -0.043  40   0 11:41:40     45236.48649    0.0000  2023/12/07
 0.0000000   3.0000000    0.0000   6094.986 0.018    2.3    1.6 -1.89 -0.043  40   0 11:42:24     45236.48700    0.0000  2023/12/07
 0.0000000   2.0999999    0.0000   6106.717 0.016    4.1   -2.1 -1.88 -0.046  40   0 11:52:36     45236.49407    0.0000  2023/12/07
 0.0000000   2.0999999    0.0000   6106.717 0.020    4.7   -2.1 -1.88 -0.046  40   3 11:53:25     45236.49464    0.0000  2023/12/07
 0.0000000   2.0999999    0.0000   6106.716 0.020    4.8   -1.9 -1.87 -0.047  40   0 11:54:09     45236.49514    0.0000  2023/12/07
 0.0000000   2.0999999    0.0000   6106.715 0.014    4.8   -1.9 -1.87 -0.047  40   0 11:54:53     45236.49565    0.0000  2023/12/07
 0.0000000   3.0000000    0.0000   6094.984 0.017   -0.5    1.5 -1.85 -0.050  40   0 12:05:25     45236.50296    0.0000  2023/12/07
 0.0000000   3.0000000    0.0000   6094.983 0.020    0.3    2.0 -1.84 -0.050  40   1 12:06:14     45236.50352    0.0000  2023/12/07
 0.0000000   3.0000000    0.0000   6094.983 0.021    1.1    1.6 -1.84 -0.051  40   0 12:06:58     45236.50403    0.0000  2023/12/07
 0.0000000   3.0000000    0.0000   6094.982 0.020    0.3    1.3 -1.83 -0.051  40   0 12:07:42     45236.50454    0.0000  2023/12/07
 0.0000000   4.0000000    0.0000   6074.000 0.061    2.4   -1.7 -1.89 -0.054  40   0 12:19:36     45236.51279    0.0000  2023/12/07
 0.0000000   4.0000000    0.0000   6073.992 0.057    2.9   -1.5 -1.89 -0.054  40   1 12:20:25     45236.51336    0.0000  2023/12/07
 0.0000000   4.0000000    0.0000   6074.001 0.033    3.3   -1.5 -1.88 -0.055  40   0 12:21:09     45236.51386    0.0000  2023/12/07
 0.0000000   4.0000000    0.0000   6074.001 0.034    3.3   -1.5 -1.88 -0.055  40   0 12:21:53     45236.51437    0.0000  2023/12/07
 0.0000000   4.0000000    0.0000   6074.001 0.044    3.6   -1.7 -1.87 -0.055  40   0 12:22:37     45236.51488    0.0000  2023/12/07
 0.0000000   3.0000000    0.0000   6094.986 0.023   -0.7    2.8 -1.86 -0.058  40   1 12:33:01     45236.52209    0.0000  2023/12/07
 0.0000000   3.0000000    0.0000   6094.984 0.016   -0.7    3.3 -1.86 -0.058  40   0 12:33:50     45236.52266    0.0000  2023/12/07
 0.0000000   3.0000000    0.0000   6094.985 0.018   -0.7    3.3 -1.86 -0.058  40   0 12:34:34     45236.52317    0.0000  2023/12/07
 0.0000000   3.0000000    0.0000   6094.984 0.020   -0.5    3.0 -1.86 -0.058  40   8 12:35:18     45236.52367    0.0000  2023/12/07
 0.0000000   4.0000000    0.0000   6074.001 0.045    2.2    0.1 -1.86 -0.062  40   0 12:50:19     45236.53409    0.0000  2023/12/07
 0.0000000   4.0000000    0.0000   6074.000 0.086    2.4    0.9 -1.86 -0.062  40   0 12:51:08     45236.53465    0.0000  2023/12/07
 0.0000000   4.0000000    0.0000   6073.999 0.028    2.1    1.0 -1.85 -0.063  40   0 12:51:52     45236.53516    0.0000  2023/12/07
 0.0000000   4.0000000    0.0000   6074.001 0.029    2.1   -0.4 -1.85 -0.063  40   0 12:52:36     45236.53567    0.0000  2023/12/07
 0.0000000   5.0000000    0.0000   6055.869 0.022    1.9   -0.7 -2.10 -0.070  40   0 13:29:45     45236.56143    0.0000  2023/12/07
 0.0000000   5.0000000    0.0000   6055.871 0.019    2.7    0.7 -2.10 -0.070  40   0 13:30:34     45236.56199    0.0000  2023/12/07
 0.0000000   5.0000000    0.0000   6055.870 0.023    2.9    1.1 -2.10 -0.071  40   0 13:31:18     45236.56250    0.0000  2023/12/07
 0.0000000   5.0000000    0.0000   6055.870 0.022    3.1    0.7 -2.11 -0.071  40   0 13:32:02     45236.56301    0.0000  2023/12/07
 0.0000000   4.0000000    0.0000   6074.000 0.039   -2.6    0.2 -2.15 -0.073  40   1 13:46:28     45236.57302    0.0000  2023/12/07
 0.0000000   4.0000000    0.0000   6074.000 0.023   -2.3    0.0 -2.14 -0.073  40   0 13:47:17     45236.57358    0.0000  2023/12/07
 0.0000000   4.0000000    0.0000   6073.998 0.055   -2.0    0.4 -2.14 -0.073  40   0 13:48:01     45236.57409    0.0000  2023/12/07
 0.0000000   4.0000000    0.0000   6073.999 0.034   -2.9    0.5 -2.13 -0.073  40   0 13:48:45     45236.57460    0.0000  2023/12/07
 0.0000000   5.0000000    0.0000   6055.864 0.072    0.0    2.3 -2.08 -0.075  40   0 14:04:25     45236.58546    0.0000  2023/12/07
 0.0000000   5.0000000    0.0000   6055.865 0.038    0.0    2.6 -2.08 -0.075  40   0 14:05:14     45236.58603    0.0000  2023/12/07
 0.0000000   5.0000000    0.0000   6055.868 0.047    0.4    2.5 -2.07 -0.075  40   0 14:05:58     45236.58654    0.0000  2023/12/07
 0.0000000   5.0000000    0.0000   6055.863 0.029    0.3    2.2 -2.06 -0.075  40   0 14:06:42     45236.58705    0.0000  2023/12/07
 0.0000000   6.0000000    0.0000   6035.824 0.035    0.7    1.4 -2.06 -0.076  40   0 14:21:48     45236.59751    0.0000  2023/12/07
 0.0000000   6.0000000    0.0000   6035.826 0.038    0.6    1.7 -2.05 -0.076  40   0 14:22:37     45236.59808    0.0000  2023/12/07
 0.0000000   6.0000000    0.0000   6035.825 0.040    0.8    1.7 -2.05 -0.076  40   0 14:23:21     45236.59859    0.0000  2023/12/07
 0.0000000   6.0000000    0.0000   6035.825 0.030    0.5    1.7 -2.05 -0.076  40   0 14:24:05     45236.59910    0.0000  2023/12/07
 0.0000000   5.0000000    0.0000   6055.866 0.036    1.7    3.2 -1.98 -0.076  40   3 14:42:12     45236.61166    0.0000  2023/12/07
 0.0000000   5.0000000    0.0000   6055.869 0.026    1.5    3.4 -1.98 -0.076  40   0 14:43:01     45236.61222    0.0000  2023/12/07
 0.0000000   5.0000000    0.0000   6055.869 0.028    1.7    3.2 -1.97 -0.076  40   0 14:43:45     45236.61273    0.0000  2023/12/07
 0.0000000   5.0000000    0.0000   6055.871 0.027    1.8    3.0 -1.97 -0.076  40   0 14:44:29     45236.61324    0.0000  2023/12/07
 0.0000000   6.0000000    0.0000   6035.821 0.074    1.0    3.8 -2.23 -0.071  40   0 15:28:30     45236.64376    0.0000  2023/12/07
 0.0000000   6.0000000    0.0000   6035.822 0.057    1.1    3.9 -2.23 -0.071  40   0 15:29:19     45236.64433    0.0000  2023/12/07
 0.0000000   6.0000000    0.0000   6035.821 0.044    1.2    3.8 -2.24 -0.071  40   0 15:30:03     45236.64483    0.0000  2023/12/07
 0.0000000   6.0000000    0.0000   6035.822 0.047    1.3    3.5 -2.24 -0.071  40   0 15:30:47     45236.64534    0.0000  2023/12/07
 0.0000000   5.0000000    0.0000   6055.864 0.080    1.0    1.7 -2.30 -0.068  40   4 15:43:53     45236.65443    0.0000  2023/12/07
 0.0000000   5.0000000    0.0000   6055.863 0.036    1.3    2.3 -2.29 -0.068  40   0 15:44:42     45236.65499    0.0000  2023/12/07
 0.0000000   5.0000000    0.0000   6055.866 0.032    1.6    2.4 -2.28 -0.068  40   0 15:45:26     45236.65550    0.0000  2023/12/07
 0.0000000   5.0000000    0.0000   6055.861 0.038    1.2    2.5 -2.28 -0.068  40   0 15:46:10     45236.65601    0.0000  2023/12/07
 0.0000000   4.0000000    0.0000   6073.992 0.031    0.2   -0.7 -2.26 -0.065  40   0 16:00:32     45236.66597    0.0000  2023/12/07
 0.0000000   4.0000000    0.0000   6073.994 0.033    0.0    0.4 -2.25 -0.064  40   0 16:01:21     45236.66654    0.0000  2023/12/07
 0.0000000   4.0000000    0.0000   6073.995 0.042    0.5   -0.9 -2.24 -0.064  40   0 16:02:05     45236.66704    0.0000  2023/12/07
 0.0000000   4.0000000    0.0000   6073.995 0.023    0.6   -0.9 -2.24 -0.064  40   0 16:02:49     45236.66755    0.0000  2023/12/07
 0.0000000   5.0000000    0.0000   6055.861 0.042    0.0    2.7 -2.17 -0.060  40   0 16:16:55     45236.67733    0.0000  2023/12/07
 0.0000000   5.0000000    0.0000   6055.867 0.031    0.2    2.6 -2.16 -0.060  40   0 16:17:44     45236.67790    0.0000  2023/12/07
 0.0000000   5.0000000    0.0000   6055.865 0.024    0.3    2.4 -2.16 -0.060  40   0 16:18:28     45236.67840    0.0000  2023/12/07
 0.0000000   5.0000000    0.0000   6055.866 0.032    0.4    2.1 -2.15 -0.059  40   0 16:19:12     45236.67891    0.0000  2023/12/07
 0.0000000   5.0000000    0.0000   6055.866 0.026    0.1    1.7 -2.15 -0.059  40   0 16:19:56     45236.67942    0.0000  2023/12/07
 0.0000000   4.0000000    0.0000   6073.998 0.020    1.6   -1.6 -2.08 -0.055  40   0 16:34:05     45236.68923    0.0000  2023/12/07
 0.0000000   4.0000000    0.0000   6073.998 0.023    1.8   -1.4 -2.07 -0.054  40   0 16:34:54     45236.68980    0.0000  2023/12/07
 0.0000000   4.0000000    0.0000   6073.988 0.028    2.0   -1.4 -2.07 -0.054  40   3 16:35:38     45236.69031    0.0000  2023/12/07
 0.0000000   4.0000000    0.0000   6074.000 0.032    1.9   -1.6 -2.06 -0.054  40   0 16:36:22     45236.69081    0.0000  2023/12/07
 0.0000000   4.0000000    0.0000   6073.997 0.037    2.0   -1.8 -2.05 -0.054  40   0 16:37:06     45236.69132    0.0000  2023/12/07
 0.0000000   3.0000000    0.0000   6094.976 0.032   -0.1   -2.1 -2.02 -0.050  40   3 16:47:38     45236.69863    0.0000  2023/12/07
 0.0000000   3.0000000    0.0000   6094.984 0.034   -0.4   -1.6 -2.02 -0.050  40   6 16:48:27     45236.69919    0.0000  2023/12/07
 0.0000000   3.0000000    0.0000   6094.974 0.026   -0.3   -1.4 -2.01 -0.049  40   3 16:49:11     45236.69970    0.0000  2023/12/07
 0.0000000   3.0000000    0.0000   6094.976 0.040   -0.5   -1.4 -2.00 -0.049  40   1 16:49:55     45236.70021    0.0000  2023/12/07
 0.0000000   3.0000000    0.0000   6094.976 0.021   -0.7   -1.6 -1.99 -0.049  40   0 16:50:39     45236.70072    0.0000  2023/12/07
 0.0000000   4.0000000    0.0000   6073.993 0.037   -0.9    2.1 -1.99 -0.044  40   0 17:02:20     45236.70882    0.0000  2023/12/07
 0.0000000   4.0000000    0.0000   6074.011 0.043   -0.4    2.7 -1.99 -0.044  40  13 17:03:09     45236.70938    0.0000  2023/12/07
 0.0000000   4.0000000    0.0000   6073.993 0.032   -0.3    2.8 -1.98 -0.044  40   0 17:03:53     45236.70989    0.0000  2023/12/07
 0.0000000   4.0000000    0.0000   6074.000 0.062   -0.4    2.8 -1.97 -0.044  40   7 17:04:37     45236.71040    0.0000  2023/12/07
 0.0000000   4.0000000    0.0000   6073.996 0.029   -0.6    2.4 -1.96 -0.043  40   0 17:05:21     45236.71091    0.0000  2023/12/07
 0.0000000   4.0000000    0.0000   6073.996 0.048   -0.5    2.3 -1.96 -0.043  40   0 17:06:05     45236.71142    0.0000  2023/12/07
 0.0000000   3.0000000    0.0000   6094.978 0.017    0.5    3.5 -1.95 -0.039  40   0 17:16:23     45236.71856    0.0000  2023/12/07
 0.0000000   3.0000000    0.0000   6094.976 0.018    0.5    4.3 -1.94 -0.038  40   0 17:17:12     45236.71913    0.0000  2023/12/07
 0.0000000   3.0000000    0.0000   6094.965 0.031    0.5    4.6 -1.93 -0.038  40   2 17:17:56     45236.71963    0.0000  2023/12/07
 0.0000000   3.0000000    0.0000   6094.979 0.018    0.5    4.6 -1.93 -0.038  40   0 17:18:40     45236.72014    0.0000  2023/12/07
 0.0000000   3.0000000    0.0000   6094.977 0.015    0.6    4.5 -1.93 -0.038  40   0 17:19:24     45236.72065    0.0000  2023/12/07
 0.0000000   2.0999999    0.0000   6106.708 0.015    0.0    2.5 -1.97 -0.034  40   0 17:28:03     45236.72665    0.0000  2023/12/07
 0.0000000   2.0999999    0.0000   6106.708 0.022    0.6    3.0 -1.97 -0.033  40   0 17:28:52     45236.72721    0.0000  2023/12/07
 0.0000000   2.0999999    0.0000   6106.708 0.027    0.5    3.4 -1.96 -0.033  40   0 17:29:36     45236.72772    0.0000  2023/12/07
 0.0000000   2.0999999    0.0000   6106.707 0.017    0.6    3.5 -1.96 -0.033  40   0 17:30:20     45236.72823    0.0000  2023/12/07
 0.0000000   3.0000000    0.0000   6094.978 0.024    2.2   -1.4 -1.95 -0.029  40   0 17:39:45     45236.73476    0.0000  2023/12/07
 0.0000000   3.0000000    0.0000   6094.976 0.044    2.2   -0.9 -1.94 -0.029  40   6 17:40:34     45236.73533    0.0000  2023/12/07
 0.0000000   3.0000000    0.0000   6094.978 0.032    2.3   -0.4 -1.93 -0.028  40   1 17:41:18     45236.73583    0.0000  2023/12/07
 0.0000000   3.0000000    0.0000   6094.980 0.022    2.4    0.0 -1.93 -0.028  40   0 17:42:02     45236.73634    0.0000  2023/12/07
 0.0000000   2.0999999    0.0000   6106.712 0.025    1.6   -4.4 -1.92 -0.024  40   0 17:51:24     45236.74284    0.0000  2023/12/07
 0.0000000   2.0999999    0.0000   6106.711 0.019    1.9   -4.5 -1.91 -0.023  40   0 17:52:13     45236.74340    0.0000  2023/12/07
 0.0000000   2.0999999    0.0000   6106.709 0.016    2.1   -4.5 -1.91 -0.023  40   0 17:52:57     45236.74391    0.0000  2023/12/07
 0.0000000   2.0999999    0.0000   6106.710 0.019    2.1   -4.8 -1.91 -0.022  40   0 17:53:41     45236.74442    0.0000  2023/12/07
 0.0000000   2.0000000    0.0000   6118.604 0.009    1.0    1.4 -1.91 -0.017  40   0 18:06:33     45236.75334    0.0000  2023/12/07
 0.0000000   2.0000000    0.0000   6118.605 0.007    1.0    1.7 -1.91 -0.016  40   0 18:07:22     45236.75391    0.0000  2023/12/07
 0.0000000   2.0000000    0.0000   6118.604 0.010    1.1    1.6 -1.91 -0.016  40   1 18:08:06     45236.75442    0.0000  2023/12/07
 0.0000000   2.0000000    0.0000   6118.604 0.014    1.1    1.4 -1.91 -0.015  40   0 18:08:50     45236.75492    0.0000  2023/12/07
 0.0000000   2.0999999    0.0000   6106.710 0.011    0.9   -1.2 -1.95 -0.009  40   0 18:22:29     45236.76439    0.0000  2023/12/07
 0.0000000   2.0999999    0.0000   6106.711 0.010    1.2   -0.7 -1.95 -0.009  40   0 18:23:18     45236.76495    0.0000  2023/12/07
 0.0000000   2.0999999    0.0000   6106.710 0.012    1.2   -0.4 -1.95 -0.009  40   0 18:24:02     45236.76546    0.0000  2023/12/07
 0.0000000   2.0999999    0.0000   6106.710 0.010    0.9    0.9 -1.95 -0.008  40   0 18:24:46     45236.76597    0.0000  2023/12/07
 0.0000000   2.0000000    0.0000   6118.606 0.018    2.6    2.1 -1.99 -0.003  40   0 18:36:49     45236.77433    0.0000  2023/12/07
 0.0000000   2.0000000    0.0000   6118.604 0.013    2.7    1.8 -1.99 -0.003  40   1 18:37:38     45236.77489    0.0000  2023/12/07
 0.0000000   2.0000000    0.0000   6118.604 0.013    2.9    1.5 -1.99 -0.002  40   0 18:38:22     45236.77540    0.0000  2023/12/07
 0.0000000   2.0000000    0.0000   6118.604 0.009    2.9    1.2 -1.98 -0.002  40   0 18:39:06     45236.77591    0.0000  2023/12/07
 0.0000000  10.0000000    0.0000   6117.080 0.024    0.5    2.0 -2.03 0.004  40   0 18:53:32     45236.78592    0.0000  2023/12/07
 0.0000000  10.0000000    0.0000   6117.083 0.016    0.4    2.0 -2.03 0.004  40   0 18:54:21     45236.78648    0.0000  2023/12/07
 0.0000000  10.0000000    0.0000   6117.083 0.011    0.2    1.9 -2.02 0.005  40   0 18:55:05     45236.78699    0.0000  2023/12/07
 0.0000000  10.0000000    0.0000   6117.085 0.006    0.0    1.8 -2.02 0.005  40   0 18:55:49     45236.78750    0.0000  2023/12/07
 0.000   ,0   ,-0.000  ,     0.000,   0.000,1280,14079,   0.000,   0.000,0.000   ,0.000   ,-321574304910979510000000000.000,1.740   