
/	CG-5 SURVEY
/	Survey name:   	rozhkov
/	Instrument S/N:	40823
/	Client:        	egmg
/	Operator:      	rahymbek
/	Date:          	2023/12/14
/	Time:          	09:28:41
/	LONG:        	77.1000000 E
/	LAT:         	43.7000000 N
/	ZONE:        	43      
/	GMT DIFF.:   	-6.0

/	CG-5 SETUP PARAMETERS
/	Gref:			0.000   
/	Gcal1:		8505.171
/	TiltxS:		627.788 
/	TiltyS:		616.780 
/	TiltxO:		4.003   
/	TiltyO:		-4.442  
/	Tempco:		-0.134  
/	Drift:		-0.009  
/	DriftTime Start:	09:28:44
/	DriftDate Start:	2023/12/14

/	CG-5 OPTIONS
/	Tide Correction:    YES
/	Cont. Tilt:         YES
/	Auto Rejection:     YES
/	Terrain Corr.:       NO
/	Seismic Filter:     YES
/	Raw Data:            NO
Line	   0.000S
/------LINE-----STATION-----ALT.------GRAV.---SD.--TILTX--TILTY-TEMP---TIDE---DUR-REJ-----TIME----DEC.TIME+DATE--TERRAIN---DATE
 0.0000000  10.0000000    0.0000   3836.280 0.013   -2.3   -2.2 -4.56 -0.001  40   1 08:38:56     45248.35979    0.0000  2023/12/19
 0.0000000  10.0000000    0.0000   3836.279 0.017   -2.2   -2.2 -4.56 -0.001  40   2 08:39:45     45248.36036    0.0000  2023/12/19
 0.0000000  10.0000000    0.0000   3836.280 0.029   -2.3   -2.3 -4.56 -0.001  40   0 08:40:29     45248.36087    0.0000  2023/12/19
 0.0000000  10.0000000    0.0000   3836.279 0.045   -2.3   -2.2 -4.56 -0.002  40   0 08:41:13     45248.36138    0.0000  2023/12/19
 0.0000000   2.0000000    0.0000   3837.804 0.015    0.4    0.8 -4.41 -0.008  40   0 08:53:47     45248.37009    0.0000  2023/12/19
 0.0000000   2.0000000    0.0000   3837.805 0.012    1.7    1.9 -4.40 -0.008  40   0 08:54:36     45248.37066    0.0000  2023/12/19
 0.0000000   2.0000000    0.0000   3837.806 0.007    3.8    2.9 -4.39 -0.009  40   0 08:55:20     45248.37116    0.0000  2023/12/19
 0.0000000   2.0000000    0.0000   3837.804 0.008    4.9    3.4 -4.38 -0.009  40   0 08:56:04     45248.37167    0.0000  2023/12/19
 0.0000000   1.0000000    0.0000   3855.909 0.010   10.9   -0.5 -4.19 -0.021  40   0 09:19:08     45248.38767    0.0000  2023/12/19
 0.0000000   1.0000000    0.0000   3855.912 0.012   13.9    0.5 -4.20 -0.021  40   0 09:19:57     45248.38823    0.0000  2023/12/19
 0.0000000   1.0000000    0.0000   3855.914 0.013   16.1    1.0 -4.20 -0.022  40   0 09:20:41     45248.38874    0.0000  2023/12/19
 0.0000000   1.0000000    0.0000   3855.913 0.011   17.6    0.9 -4.21 -0.022  40   0 09:21:25     45248.38925    0.0000  2023/12/19
 0.0000000   2.0000000    0.0000   3837.796 0.012    2.7    3.0 -4.26 -0.031  40   0 09:38:50     45248.40132    0.0000  2023/12/19
 0.0000000   2.0000000    0.0000   3837.800 0.007    4.4    4.4 -4.24 -0.031  40   0 09:39:39     45248.40189    0.0000  2023/12/19
 0.0000000   2.0000000    0.0000   3837.804 0.011    6.2    4.7 -4.24 -0.031  40   1 09:40:23     45248.40240    0.0000  2023/12/19
 0.0000000   2.0000000    0.0000   3837.803 0.007    6.9    4.9 -4.24 -0.032  40   0 09:41:07     45248.40291    0.0000  2023/12/19
 0.0000000   2.0000000    0.0000   3837.804 0.006    7.5    4.8 -4.24 -0.032  40   0 09:41:51     45248.40342    0.0000  2023/12/19
 0.0000000   1.0000000    0.0000   3855.948 0.011    0.3    5.9 -4.19 -0.039  40   0 09:56:11     45248.41335    0.0000  2023/12/19
 0.0000000   1.0000000    0.0000   3855.941 0.020    0.9    7.8 -4.20 -0.039  40   0 09:57:00     45248.41392    0.0000  2023/12/19
 0.0000000   1.0000000    0.0000   3855.938 0.020    1.9    8.6 -4.22 -0.040  40   0 09:57:44     45248.41443    0.0000  2023/12/19
 0.0000000   1.0000000    0.0000   3855.934 0.014    2.4    9.0 -4.23 -0.040  40   0 09:58:28     45248.41494    0.0000  2023/12/19
 0.0000000   1.0000000    0.0000   3855.930 0.013    3.4    8.3 -4.24 -0.040  40   0 09:59:12     45248.41545    0.0000  2023/12/19
 0.0000000   1.0000000    0.0000   3855.927 0.014    4.0    8.0 -4.25 -0.041  40   0 09:59:56     45248.41595    0.0000  2023/12/19
 0.0000000   2.0000000    0.0000   3837.980 0.013   -0.5    3.5 -4.27 -0.048  40   0 10:14:50     45248.42628    0.0000  2023/12/19
 0.0000000   2.0000000    0.0000   3837.955 0.009    0.1    5.1 -4.26 -0.048  40   0 10:15:39     45248.42685    0.0000  2023/12/19
 0.0000000   2.0000000    0.0000   3837.939 0.007    1.4    6.3 -4.26 -0.048  40   0 10:16:23     45248.42736    0.0000  2023/12/19
 0.0000000   2.0000000    0.0000   3837.927 0.008    2.5    6.6 -4.26 -0.049  40   0 10:17:07     45248.42787    0.0000  2023/12/19
 0.0000000   2.0000000    0.0000   3837.917 0.008    3.5    7.0 -4.26 -0.049  40   0 10:17:51     45248.42838    0.0000  2023/12/19
 0.0000000   2.0999999    0.0000   3825.898 0.014    0.4   -0.4 -4.24 -0.055  40   8 10:32:10     45248.43830    0.0000  2023/12/19
 0.0000000   2.0999999    0.0000   3825.899 0.015    1.0    0.5 -4.23 -0.056  40   0 10:32:59     45248.43887    0.0000  2023/12/19
 0.0000000   2.0999999    0.0000   3825.899 0.016    1.9    0.6 -4.22 -0.056  40   3 10:33:43     45248.43938    0.0000  2023/12/19
 0.0000000   2.0999999    0.0000   3825.899 0.020    2.4    0.7 -4.22 -0.056  40   1 10:34:27     45248.43989    0.0000  2023/12/19
 0.0000000   2.0000000    0.0000   3837.811 0.010    4.7    5.2 -4.20 -0.061  40   0 10:47:33     45248.44897    0.0000  2023/12/19
 0.0000000   2.0000000    0.0000   3837.810 0.010    6.4    6.4 -4.20 -0.062  40   0 10:48:22     45248.44953    0.0000  2023/12/19
 0.0000000   2.0000000    0.0000   3837.809 0.011    7.3    6.8 -4.21 -0.062  40   0 10:49:06     45248.45004    0.0000  2023/12/19
 0.0000000   2.0000000    0.0000   3837.808 0.014    8.1    6.8 -4.21 -0.063  40   0 10:49:50     45248.45055    0.0000  2023/12/19
 0.0000000   2.0999999    0.0000   3825.915 0.027   -0.2    2.4 -4.28 -0.066  40   1 10:59:43     45248.45740    0.0000  2023/12/19
 0.0000000   2.0999999    0.0000   3825.908 0.029    0.2    4.0 -4.27 -0.066  40   1 11:00:32     45248.45797    0.0000  2023/12/19
 0.0000000   2.0999999    0.0000   3825.908 0.027    0.7    4.9 -4.26 -0.067  40   0 11:01:16     45248.45848    0.0000  2023/12/19
 0.0000000   2.0999999    0.0000   3825.907 0.025    1.6    5.4 -4.25 -0.067  40   1 11:02:00     45248.45899    0.0000  2023/12/19
 0.0000000   2.0999999    0.0000   3825.907 0.027    2.2    5.5 -4.25 -0.067  40   0 11:02:44     45248.45950    0.0000  2023/12/19
 0.0000000   3.0000000    0.0000   3814.192 0.035    1.9   -1.5 -4.26 -0.070  40   0 11:12:04     45248.46597    0.0000  2023/12/19
 0.0000000   3.0000000    0.0000   3814.188 0.040    3.5    0.4 -4.25 -0.071  40   0 11:12:53     45248.46653    0.0000  2023/12/19
 0.0000000   3.0000000    0.0000   3814.185 0.025    4.9    1.4 -4.24 -0.071  40   1 11:13:37     45248.46704    0.0000  2023/12/19
 0.0000000   3.0000000    0.0000   3814.185 0.023    6.4    2.0 -4.23 -0.071  40   0 11:14:21     45248.46755    0.0000  2023/12/19
 0.0000000   3.0000000    0.0000   3814.184 0.024    7.1    2.1 -4.24 -0.071  40   0 11:15:05     45248.46806    0.0000  2023/12/19
 0.0000000   2.0999999    0.0000   3825.891 0.019   -5.8    0.3 -4.27 -0.074  40   0 11:22:30     45248.47320    0.0000  2023/12/19
 0.0000000   2.0999999    0.0000   3825.895 0.018   -5.6    1.6 -4.27 -0.074  40   0 11:23:19     45248.47377    0.0000  2023/12/19
 0.0000000   2.0999999    0.0000   3825.896 0.015   -5.3    2.2 -4.27 -0.074  40   0 11:24:03     45248.47427    0.0000  2023/12/19
 0.0000000   2.0999999    0.0000   3825.896 0.012   -5.1    2.3 -4.27 -0.075  40   0 11:24:47     45248.47478    0.0000  2023/12/19
 0.0000000   3.0000000    0.0000   3814.193 0.022    5.1    2.0 -4.28 -0.077  40   0 11:33:12     45248.48062    0.0000  2023/12/19
 0.0000000   3.0000000    0.0000   3814.189 0.086    8.1    4.2 -4.28 -0.077  40   8 11:34:01     45248.48118    0.0000  2023/12/19
 0.0000000   3.0000000    0.0000   3814.189 0.032    8.9    4.6 -4.27 -0.077  40   0 11:34:45     45248.48169    0.0000  2023/12/19
 0.0000000   3.0000000    0.0000   3814.186 0.026    9.2    4.7 -4.27 -0.077  40   0 11:35:29     45248.48220    0.0000  2023/12/19
 0.0000000   3.0000000    0.0000   3814.185 0.020    9.4    4.5 -4.27 -0.078  40   0 11:36:13     45248.48271    0.0000  2023/12/19
 0.0000000   4.0000000    0.0000   3793.186 0.027   -0.4    1.5 -4.29 -0.080  40   0 11:46:01     45248.48950    0.0000  2023/12/19
 0.0000000   4.0000000    0.0000   3793.187 0.023    1.1    2.4 -4.28 -0.080  40   0 11:46:50     45248.49007    0.0000  2023/12/19
 0.0000000   4.0000000    0.0000   3793.187 0.023    1.8    2.8 -4.28 -0.080  40   0 11:47:34     45248.49058    0.0000  2023/12/19
 0.0000000   4.0000000    0.0000   3793.185 0.019    2.6    2.7 -4.28 -0.081  40   0 11:48:18     45248.49109    0.0000  2023/12/19
 0.0000000   3.0000000    0.0000   3814.182 0.023    2.8    4.0 -4.32 -0.083  40   0 11:57:56     45248.49777    0.0000  2023/12/19
 0.0000000   3.0000000    0.0000   3814.181 0.028    5.0    5.0 -4.31 -0.083  40   3 11:58:45     45248.49833    0.0000  2023/12/19
 0.0000000   3.0000000    0.0000   3814.181 0.029    6.2    5.9 -4.31 -0.083  40   0 11:59:29     45248.49884    0.0000  2023/12/19
 0.0000000   3.0000000    0.0000   3814.185 0.043    7.7    5.8 -4.31 -0.083  40   5 12:00:13     45248.49935    0.0000  2023/12/19
 0.0000000   4.0000000    0.0000   3793.182 0.028    1.7    3.3 -4.22 -0.086  40   0 12:15:30     45248.50995    0.0000  2023/12/19
 0.0000000   4.0000000    0.0000   3793.185 0.026    3.3    4.2 -4.21 -0.086  40   2 12:16:19     45248.51051    0.0000  2023/12/19
 0.0000000   4.0000000    0.0000   3793.181 0.024    4.5    4.2 -4.22 -0.086  40   0 12:17:03     45248.51102    0.0000  2023/12/19
 0.0000000   4.0000000    0.0000   3793.181 0.024    5.2    4.3 -4.22 -0.086  40   0 12:17:47     45248.51153    0.0000  2023/12/19
 0.0000000   5.0000000    0.0000   3775.065 0.021   -0.3    0.2 -4.19 -0.089  40   0 13:03:17     45248.54308    0.0000  2023/12/19
 0.0000000   5.0000000    0.0000   3775.063 0.025   -0.1    1.2 -4.19 -0.089  40   0 13:04:06     45248.54364    0.0000  2023/12/19
 0.0000000   5.0000000    0.0000   3775.060 0.020    0.0    1.8 -4.20 -0.089  40   0 13:04:50     45248.54415    0.0000  2023/12/19
 0.0000000   5.0000000    0.0000   3775.058 0.020    0.5    2.2 -4.21 -0.089  40   0 13:05:34     45248.54466    0.0000  2023/12/19
 0.0000000   5.0000000    0.0000   3775.055 0.019    0.9    2.4 -4.21 -0.089  40   1 13:06:18     45248.54517    0.0000  2023/12/19
 0.0000000   5.0000000    0.0000   3775.056 0.035    1.4    2.3 -4.22 -0.089  40   2 13:07:02     45248.54568    0.0000  2023/12/19
 0.0000000   4.0000000    0.0000   3793.194 0.027    4.0    3.5 -4.24 -0.089  40   0 13:19:08     45248.55407    0.0000  2023/12/19
 0.0000000   4.0000000    0.0000   3793.193 0.021    5.0    5.1 -4.23 -0.089  40   0 13:19:57     45248.55463    0.0000  2023/12/19
 0.0000000   4.0000000    0.0000   3793.192 0.022    6.0    6.1 -4.22 -0.089  40   0 13:20:41     45248.55514    0.0000  2023/12/19
 0.0000000   4.0000000    0.0000   3793.192 0.023    7.0    6.5 -4.22 -0.089  40   0 13:21:25     45248.55565    0.0000  2023/12/19
 0.0000000   5.0000000    0.0000   3775.043 0.026   -3.5   -1.5 -4.28 -0.087  40   0 13:34:34     45248.56477    0.0000  2023/12/19
 0.0000000   5.0000000    0.0000   3775.044 0.025   -2.8   -0.4 -4.27 -0.087  40   0 13:35:23     45248.56533    0.0000  2023/12/19
 0.0000000   5.0000000    0.0000   3775.043 0.023   -2.2    0.2 -4.27 -0.087  40   0 13:36:07     45248.56584    0.0000  2023/12/19
 0.0000000   5.0000000    0.0000   3775.043 0.024   -1.6    0.5 -4.27 -0.087  40   0 13:36:51     45248.56635    0.0000  2023/12/19
 0.0000000   6.0000000    0.0000   3754.994 0.042    6.2    2.7 -4.28 -0.085  40   0 13:49:43     45248.57527    0.0000  2023/12/19
 0.0000000   6.0000000    0.0000   3754.995 0.028    8.2    4.9 -4.27 -0.085  40   0 13:50:32     45248.57584    0.0000  2023/12/19
 0.0000000   6.0000000    0.0000   3754.995 0.032    9.7    5.9 -4.27 -0.085  40   0 13:51:16     45248.57634    0.0000  2023/12/19
 0.0000000   6.0000000    0.0000   3754.996 0.028   10.7    6.0 -4.27 -0.085  40   0 13:52:00     45248.57685    0.0000  2023/12/19
 0.0000000   5.0000000    0.0000   3775.073 0.025    0.9    1.6 -4.28 -0.083  40   0 14:03:57     45248.58514    0.0000  2023/12/19
 0.0000000   5.0000000    0.0000   3775.071 0.028    2.4    2.7 -4.27 -0.083  40   0 14:04:46     45248.58570    0.0000  2023/12/19
 0.0000000   5.0000000    0.0000   3775.069 0.026    3.7    3.2 -4.27 -0.083  40   0 14:05:30     45248.58621    0.0000  2023/12/19
 0.0000000   5.0000000    0.0000   3775.067 0.025    4.4    3.5 -4.27 -0.083  40   0 14:06:14     45248.58672    0.0000  2023/12/19
 0.0000000   5.0000000    0.0000   3775.065 0.025    5.0    3.7 -4.28 -0.083  40   0 14:06:58     45248.58723    0.0000  2023/12/19
 0.0000000   6.0000000    0.0000   3755.032 0.039    5.1   -0.9 -4.29 -0.080  40   0 14:19:39     45248.59602    0.0000  2023/12/19
 0.0000000   6.0000000    0.0000   3755.030 0.045    6.2    0.0 -4.29 -0.080  40   0 14:20:28     45248.59659    0.0000  2023/12/19
 0.0000000   6.0000000    0.0000   3755.028 0.033    7.1    0.4 -4.29 -0.080  40   0 14:21:12     45248.59710    0.0000  2023/12/19
 0.0000000   6.0000000    0.0000   3755.026 0.037    7.6    0.5 -4.29 -0.079  40   0 14:21:56     45248.59761    0.0000  2023/12/19
 0.0000000   6.0000000    0.0000   3755.025 0.046    8.2    0.5 -4.29 -0.079  40   0 14:22:40     45248.59812    0.0000  2023/12/19
 0.0000000   5.0000000    0.0000   3775.054 0.031    1.9    2.1 -4.32 -0.077  40   0 14:32:13     45248.60474    0.0000  2023/12/19
 0.0000000   5.0000000    0.0000   3775.052 0.037    3.8    4.6 -4.31 -0.077  40   0 14:33:02     45248.60530    0.0000  2023/12/19
 0.0000000   5.0000000    0.0000   3775.054 0.062    4.8    6.0 -4.31 -0.076  40   0 14:33:46     45248.60581    0.0000  2023/12/19
 0.0000000   5.0000000    0.0000   3775.052 0.032    5.4    6.6 -4.31 -0.076  40   0 14:34:30     45248.60632    0.0000  2023/12/19
 0.0000000   4.0000000    0.0000   3793.174 0.024    4.2    2.1 -4.30 -0.073  40   0 14:47:23     45248.61525    0.0000  2023/12/19
 0.0000000   4.0000000    0.0000   3793.171 0.041    5.5    3.1 -4.29 -0.073  40   1 14:48:12     45248.61582    0.0000  2023/12/19
 0.0000000   4.0000000    0.0000   3793.176 0.038    6.2    3.4 -4.29 -0.072  40   2 14:48:56     45248.61633    0.0000  2023/12/19
 0.0000000   4.0000000    0.0000   3793.179 0.030    6.8    3.5 -4.29 -0.072  40   3 14:49:40     45248.61684    0.0000  2023/12/19
 0.0000000   4.0000000    0.0000   3793.174 0.024    7.2    3.4 -4.29 -0.072  40   0 14:50:24     45248.61734    0.0000  2023/12/19
 0.0000000   5.0000000    0.0000   3775.078 0.026   -2.2    0.4 -4.32 -0.069  40   0 15:01:30     45248.62504    0.0000  2023/12/19
 0.0000000   5.0000000    0.0000   3775.077 0.029   -1.2    1.8 -4.31 -0.068  40   0 15:02:19     45248.62561    0.0000  2023/12/19
 0.0000000   5.0000000    0.0000   3775.071 0.032   -0.8    2.3 -4.30 -0.068  40   0 15:03:03     45248.62611    0.0000  2023/12/19
 0.0000000   5.0000000    0.0000   3775.072 0.023   -0.2    2.5 -4.30 -0.068  40   0 15:03:47     45248.62662    0.0000  2023/12/19
 0.0000000   5.0000000    0.0000   3775.069 0.023    0.0    2.4 -4.30 -0.068  40   0 15:04:31     45248.62713    0.0000  2023/12/19
 0.0000000   5.0000000    0.0000   3775.068 0.023    0.4    2.2 -4.31 -0.068  40   0 15:05:15     45248.62764    0.0000  2023/12/19
 0.0000000   4.0000000    0.0000   3793.187 0.021    0.9    1.8 -4.31 -0.064  40   0 15:17:27     45248.63610    0.0000  2023/12/19
 0.0000000   4.0000000    0.0000   3793.188 0.024    2.2    3.2 -4.30 -0.063  40   0 15:18:16     45248.63666    0.0000  2023/12/19
 0.0000000   4.0000000    0.0000   3793.187 0.031    3.4    3.8 -4.29 -0.063  40   0 15:19:00     45248.63717    0.0000  2023/12/19
 0.0000000   4.0000000    0.0000   3793.188 0.025    4.7    4.3 -4.29 -0.063  40   0 15:19:44     45248.63768    0.0000  2023/12/19
 0.0000000   3.0000000    0.0000   3814.227 0.032    0.9   -4.5 -4.34 -0.060  40   6 15:28:46     45248.64394    0.0000  2023/12/19
 0.0000000   3.0000000    0.0000   3814.219 0.023    1.4   -2.7 -4.34 -0.060  40   1 15:29:35     45248.64451    0.0000  2023/12/19
 0.0000000   3.0000000    0.0000   3814.219 0.023    1.7   -1.7 -4.33 -0.059  40  10 15:30:19     45248.64502    0.0000  2023/12/19
 0.0000000   3.0000000    0.0000   3814.214 0.018    2.0   -1.7 -4.34 -0.059  40   0 15:31:03     45248.64553    0.0000  2023/12/19
 0.0000000   3.0000000    0.0000   3814.213 0.021    2.1   -1.8 -4.34 -0.059  40   3 15:31:47     45248.64604    0.0000  2023/12/19
 0.0000000   3.0000000    0.0000   3814.210 0.023    2.1   -1.8 -4.34 -0.059  40   0 15:32:31     45248.64654    0.0000  2023/12/19
 0.0000000   4.0000000    0.0000   3793.207 0.060    2.6   -1.3 -4.38 -0.056  40   3 15:40:22     45248.65199    0.0000  2023/12/19
 0.0000000   4.0000000    0.0000   3793.210 0.055    3.8    0.3 -4.37 -0.056  40   3 15:41:11     45248.65255    0.0000  2023/12/19
 0.0000000   4.0000000    0.0000   3793.208 0.052    4.7    1.3 -4.36 -0.055  40   0 15:41:56     45248.65307    0.0000  2023/12/19
 0.0000000   4.0000000    0.0000   3793.208 0.043    5.3    1.5 -4.36 -0.055  40   0 15:42:40     45248.65358    0.0000  2023/12/19
 0.0000000   3.0000000    0.0000   3814.186 0.018   -2.2    0.0 -4.36 -0.051  40   0 15:53:38     45248.66119    0.0000  2023/12/19
 0.0000000   3.0000000    0.0000   3814.185 0.015   -2.0    1.7 -4.36 -0.051  40   0 15:54:27     45248.66175    0.0000  2023/12/19
 0.0000000   3.0000000    0.0000   3814.187 0.017   -1.8    2.0 -4.36 -0.051  40   0 15:55:11     45248.66226    0.0000  2023/12/19
 0.0000000   3.0000000    0.0000   3814.186 0.020   -1.7    2.2 -4.36 -0.050  40   0 15:55:55     45248.66277    0.0000  2023/12/19
 0.0000000   2.0999999    0.0000   3825.955 0.023   -2.3   -0.1 -4.35 -0.047  40   2 16:04:06     45248.66844    0.0000  2023/12/19
 0.0000000   2.0999999    0.0000   3825.954 0.013   -1.9    1.4 -4.34 -0.047  40   0 16:04:55     45248.66901    0.0000  2023/12/19
 0.0000000   2.0999999    0.0000   3825.952 0.018   -1.6    2.2 -4.33 -0.047  40   0 16:05:39     45248.66952    0.0000  2023/12/19
 0.0000000   2.0999999    0.0000   3825.950 0.015   -0.9    2.5 -4.33 -0.047  40   0 16:06:23     45248.67003    0.0000  2023/12/19
 0.0000000   3.0000000    0.0000   3814.226 0.027    1.2   -2.0 -4.35 -0.044  40   6 16:13:17     45248.67481    0.0000  2023/12/19
 0.0000000   3.0000000    0.0000   3814.226 0.023    1.7   -0.1 -4.33 -0.044  40   4 16:14:06     45248.67538    0.0000  2023/12/19
 0.0000000   3.0000000    0.0000   3814.220 0.023    2.5    0.7 -4.32 -0.043  40   2 16:14:50     45248.67588    0.0000  2023/12/19
 0.0000000   3.0000000    0.0000   3814.221 0.020    2.8    1.1 -4.32 -0.043  40   0 16:15:34     45248.67639    0.0000  2023/12/19
 0.0000000   3.0000000    0.0000   3814.220 0.018    3.2    1.2 -4.32 -0.043  40   0 16:16:18     45248.67690    0.0000  2023/12/19
 0.0000000   3.0000000    0.0000   3814.219 0.015    3.7    1.2 -4.32 -0.043  40   0 16:17:02     45248.67741    0.0000  2023/12/19
 0.0000000   2.0999999    0.0000   3825.924 0.025   -3.6    1.0 -4.34 -0.040  40   0 16:24:12     45248.68238    0.0000  2023/12/19
 0.0000000   2.0999999    0.0000   3825.931 0.021   -3.3    2.7 -4.33 -0.040  40   0 16:25:01     45248.68294    0.0000  2023/12/19
 0.0000000   2.0999999    0.0000   3825.933 0.012   -3.0    3.5 -4.33 -0.039  40   0 16:25:45     45248.68345    0.0000  2023/12/19
 0.0000000   2.0999999    0.0000   3825.933 0.016   -2.8    3.8 -4.32 -0.039  40   1 16:26:29     45248.68396    0.0000  2023/12/19
 0.0000000   2.0999999    0.0000   3825.934 0.016   -2.7    3.8 -4.32 -0.039  40   0 16:27:13     45248.68447    0.0000  2023/12/19
 0.0000000   2.0000000    0.0000   3837.825 0.012    2.6    1.1 -4.32 -0.036  40   0 16:35:59     45248.69055    0.0000  2023/12/19
 0.0000000   2.0000000    0.0000   3837.828 0.018    3.9    2.8 -4.31 -0.035  40   0 16:36:48     45248.69111    0.0000  2023/12/19
 0.0000000   2.0000000    0.0000   3837.831 0.008    5.1    3.9 -4.30 -0.035  40   1 16:37:32     45248.69162    0.0000  2023/12/19
 0.0000000   2.0000000    0.0000   3837.832 0.010    5.7    4.3 -4.29 -0.035  40   0 16:38:16     45248.69213    0.0000  2023/12/19
 0.0000000   2.0000000    0.0000   3837.831 0.014    6.1    4.3 -4.29 -0.035  40   0 16:39:00     45248.69264    0.0000  2023/12/19
 0.0000000   2.0999999    0.0000   3825.929 0.016   -2.0   -1.0 -4.28 -0.031  40   5 16:49:27     45248.69989    0.0000  2023/12/19
 0.0000000   2.0999999    0.0000   3825.933 0.017   -1.2    0.3 -4.27 -0.031  40   2 16:50:16     45248.70045    0.0000  2023/12/19
 0.0000000   2.0999999    0.0000   3825.932 0.019   -0.3    0.9 -4.26 -0.031  40   0 16:51:00     45248.70096    0.0000  2023/12/19
 0.0000000   2.0999999    0.0000   3825.935 0.019    0.0    1.3 -4.26 -0.030  40   0 16:51:44     45248.70147    0.0000  2023/12/19
 0.0000000   2.0999999    0.0000   3825.933 0.019    0.2    1.1 -4.26 -0.030  40   0 16:52:28     45248.70198    0.0000  2023/12/19
 0.0000000   2.0000000    0.0000   3837.838 0.018   -0.3   -4.5 -4.28 -0.027  40   0 17:01:35     45248.70830    0.0000  2023/12/19
 0.0000000   2.0000000    0.0000   3837.837 0.016   -0.5   -2.3 -4.27 -0.027  40   0 17:02:24     45248.70886    0.0000  2023/12/19
 0.0000000   2.0000000    0.0000   3837.838 0.019   -0.4   -1.6 -4.27 -0.027  40   0 17:03:08     45248.70937    0.0000  2023/12/19
 0.0000000   2.0000000    0.0000   3837.840 0.011    0.0   -1.2 -4.27 -0.026  40   0 17:03:52     45248.70988    0.0000  2023/12/19
 0.0000000  10.0000000    0.0000   3836.324 0.020   -1.5    3.8 -4.27 -0.018  40   0 17:29:08     45248.72740    0.0000  2023/12/19
 0.0000000  10.0000000    0.0000   3836.323 0.013   -1.8    3.2 -4.27 -0.018  40   0 17:29:57     45248.72797    0.0000  2023/12/19
 0.0000000  10.0000000    0.0000   3836.321 0.015   -1.8    2.9 -4.27 -0.018  40   1 17:30:41     45248.72847    0.0000  2023/12/19
 0.0000000  10.0000000    0.0000   3836.319 0.015   -1.8    2.8 -4.27 -0.018  40   0 17:31:25     45248.72898    0.0000  2023/12/19
 -19738131856848051000000000000.000,0   ,0.000   ,-314896.094,   0.000,-4353,22014,   0.000,   0.000,0.000   ,0.000   ,-0.000  ,-1.019  