
/	CG-5 SURVEY
/	Survey name:   	rozhkov
/	Instrument S/N:	40823
/	Client:        	egmg
/	Operator:      	rahymbek
/	Date:          	2023/12/11
/	Time:          	08:30:40
/	LONG:        	77.1000000 E
/	LAT:         	43.7000000 N
/	ZONE:        	43      
/	GMT DIFF.:   	-6.0

/	CG-5 SETUP PARAMETERS
/	Gref:			0.000   
/	Gcal1:		8505.171
/	TiltxS:		627.788 
/	TiltyS:		616.780 
/	TiltxO:		4.003   
/	TiltyO:		-4.442  
/	Tempco:		-0.134  
/	Drift:		-0.009  
/	DriftTime Start:	08:30:42
/	DriftDate Start:	2023/12/11

/	CG-5 OPTIONS
/	Tide Correction:    YES
/	Cont. Tilt:         YES
/	Auto Rejection:     YES
/	Terrain Corr.:       NO
/	Seismic Filter:     YES
/	Raw Data:            NO
Line	   0.000S
/------LINE-----STATION-----ALT.------GRAV.---SD.--TILTX--TILTY-TEMP---TIDE---DUR-REJ-----TIME----DEC.TIME+DATE--TERRAIN---DATE
 0.0000000  10.0000000    0.0000   3836.079 0.012   -3.7    1.7 -4.61 -0.094  40   0 08:29:49     45241.35347    0.0000  2023/12/12
 0.0000000  10.0000000    0.0000   3836.080 0.009   -3.6    1.7 -4.60 -0.094  40   0 08:30:38     45241.35404    0.0000  2023/12/12
 0.0000000  10.0000000    0.0000   3836.080 0.012   -3.5    1.7 -4.60 -0.094  40   1 08:31:22     45241.35455    0.0000  2023/12/12
 0.0000000  10.0000000    0.0000   3836.080 0.012   -3.5    1.7 -4.60 -0.094  40   0 08:32:06     45241.35506    0.0000  2023/12/12
 0.0000000   2.0000000    0.0000   3837.618 0.013   18.0    3.3 -4.23 -0.091  40   4 08:54:32     45241.37061    0.0000  2023/12/12
 0.0000000   2.0000000    0.0000   3837.618 0.017   21.2    2.9 -4.23 -0.091  40   7 08:55:21     45241.37118    0.0000  2023/12/12
 0.0000000   2.0000000    0.0000   3837.617 0.013   24.1    3.0 -4.23 -0.091  40   0 08:56:05     45241.37168    0.0000  2023/12/12
 0.0000000   2.0000000    0.0000   3837.615 0.010   25.6    2.1 -4.24 -0.090  40   0 08:56:49     45241.37219    0.0000  2023/12/12
 0.0000000   1.0000000    0.0000   3855.705 0.016   10.2   -3.7 -4.22 -0.086  40   1 09:23:54     45241.39097    0.0000  2023/12/12
 0.0000000   1.0000000    0.0000   3855.706 0.016   16.0   -5.8 -4.22 -0.085  40   0 09:24:43     45241.39154    0.0000  2023/12/12
 0.0000000   1.0000000    0.0000   3855.707 0.018   20.6   -6.6 -4.23 -0.085  40   0 09:25:27     45241.39205    0.0000  2023/12/12
 0.0000000   1.0000000    0.0000   3855.707 0.024   22.4   -7.5 -4.24 -0.085  40   0 09:26:11     45241.39255    0.0000  2023/12/12
 0.0000000   2.0000000    0.0000   3837.612 0.023    8.6    4.1 -4.33 -0.082  40   2 09:43:14     45241.40438    0.0000  2023/12/12
 0.0000000   2.0000000    0.0000   3837.611 0.011   10.7    4.3 -4.32 -0.081  40   0 09:44:03     45241.40494    0.0000  2023/12/12
 0.0000000   2.0000000    0.0000   3837.612 0.015   12.0    3.8 -4.33 -0.081  40   0 09:44:47     45241.40545    0.0000  2023/12/12
 0.0000000   2.0000000    0.0000   3837.612 0.013   12.9    3.8 -4.33 -0.081  40   1 09:45:31     45241.40596    0.0000  2023/12/12
 0.0000000   1.0000000    0.0000   3855.708 0.017   25.0    6.6 -4.29 -0.076  40   0 10:06:57     45241.42082    0.0000  2023/12/12
 0.0000000   1.0000000    0.0000   3855.716 0.024   39.2   10.8 -4.29 -0.076  40   0 10:07:46     45241.42138    0.0000  2023/12/12
 0.0000000   1.0000000    0.0000   3855.719 0.014   45.5   12.6 -4.29 -0.076  40   5 10:08:30     45241.42189    0.0000  2023/12/12
 0.0000000   1.0000000    0.0000   3855.722 0.024   49.8   13.0 -4.29 -0.076  40   0 10:09:14     45241.42240    0.0000  2023/12/12
 0.0000000   1.0000000    0.0000   3855.724 0.022   54.2   13.7 -4.30 -0.076  40   0 10:09:58     45241.42291    0.0000  2023/12/12
 0.0000000   1.0000000    0.0000   3855.725 0.024   56.5   13.1 -4.31 -0.076  40   3 10:10:42     45241.42342    0.0000  2023/12/12
 0.0000000   2.0000000    0.0000   3837.622 0.019   11.3   -3.7 -4.20 -0.071  40   0 10:32:32     45241.43856    0.0000  2023/12/12
 0.0000000   2.0000000    0.0000   3837.624 0.021   17.1   -2.1 -4.19 -0.071  40   1 10:33:21     45241.43912    0.0000  2023/12/12
 0.0000000   2.0000000    0.0000   3837.625 0.014   21.0   -2.1 -4.19 -0.071  40   0 10:34:05     45241.43963    0.0000  2023/12/12
 0.0000000   2.0000000    0.0000   3837.622 0.017   23.3   -1.2 -4.20 -0.071  40   0 10:34:49     45241.44014    0.0000  2023/12/12
 0.0000000   2.0999999    0.0000   3825.714 0.023   18.0   -0.2 -4.18 -0.068  40   0 10:49:33     45241.45035    0.0000  2023/12/12
 0.0000000   2.0999999    0.0000   3825.717 0.040   24.0    0.1 -4.17 -0.068  40   0 10:50:22     45241.45092    0.0000  2023/12/12
 0.0000000   2.0999999    0.0000   3825.719 0.041   29.1    0.3 -4.17 -0.068  40   0 10:51:06     45241.45143    0.0000  2023/12/12
 0.0000000   2.0999999    0.0000   3825.719 0.030   30.6    0.0 -4.17 -0.068  40   3 10:51:50     45241.45194    0.0000  2023/12/12
 0.0000000   2.0999999    0.0000   3825.718 0.037   31.9   -0.4 -4.17 -0.068  40   3 10:52:34     45241.45245    0.0000  2023/12/12
 0.0000000   2.0000000    0.0000   3837.622 0.025    5.4    0.4 -4.19 -0.065  40   1 11:07:35     45241.46286    0.0000  2023/12/12
 0.0000000   2.0000000    0.0000   3837.625 0.017   10.4    2.6 -4.18 -0.065  40   0 11:08:24     45241.46342    0.0000  2023/12/12
 0.0000000   2.0000000    0.0000   3837.626 0.019   14.9    3.8 -4.18 -0.065  40   2 11:09:08     45241.46393    0.0000  2023/12/12
 0.0000000   2.0000000    0.0000   3837.627 0.018   17.1    4.6 -4.18 -0.065  40   1 11:09:52     45241.46444    0.0000  2023/12/12
 0.0000000   2.0999999    0.0000   3825.691 0.031    3.2    0.3 -4.30 -0.063  40   0 11:25:52     45241.47553    0.0000  2023/12/12
 0.0000000   2.0999999    0.0000   3825.696 0.020    7.1    1.1 -4.30 -0.063  40   0 11:26:41     45241.47610    0.0000  2023/12/12
 0.0000000   2.0999999    0.0000   3825.698 0.026    8.6    1.5 -4.30 -0.063  40   0 11:27:25     45241.47661    0.0000  2023/12/12
 0.0000000   2.0999999    0.0000   3825.699 0.022    9.1    1.6 -4.31 -0.062  40   0 11:28:09     45241.47712    0.0000  2023/12/12
 0.0000000   2.0999999    0.0000   3825.701 0.032   10.1    1.6 -4.31 -0.062  40   0 11:28:53     45241.47763    0.0000  2023/12/12
 0.0000000   3.0000000    0.0000   3813.973 0.028    9.8   -2.3 -4.28 -0.061  40   0 11:40:31     45241.48569    0.0000  2023/12/12
 0.0000000   3.0000000    0.0000   3813.975 0.034   12.0   -1.7 -4.27 -0.061  40   0 11:41:20     45241.48626    0.0000  2023/12/12
 0.0000000   3.0000000    0.0000   3813.978 0.035   13.5   -1.5 -4.26 -0.061  40   0 11:42:04     45241.48677    0.0000  2023/12/12
 0.0000000   3.0000000    0.0000   3813.979 0.030   15.0   -1.6 -4.26 -0.061  40   3 11:42:48     45241.48727    0.0000  2023/12/12
 0.0000000   3.0000000    0.0000   3813.978 0.049   16.0   -3.1 -4.25 -0.061  40   8 11:43:32     45241.48778    0.0000  2023/12/12
 0.0000000   2.0999999    0.0000   3825.698 0.022   10.6   -1.5 -4.31 -0.061  40   0 11:51:10     45241.49308    0.0000  2023/12/12
 0.0000000   2.0999999    0.0000   3825.701 0.024   13.5   -1.0 -4.31 -0.060  40   0 11:51:59     45241.49364    0.0000  2023/12/12
 0.0000000   2.0999999    0.0000   3825.703 0.025   15.5   -2.0 -4.31 -0.060  40   0 11:52:43     45241.49415    0.0000  2023/12/12
 0.0000000   2.0999999    0.0000   3825.703 0.024   16.6   -2.7 -4.31 -0.060  40   0 11:53:27     45241.49466    0.0000  2023/12/12
 0.0000000   3.0000000    0.0000   3813.977 0.023    6.2    0.5 -4.24 -0.060  40   0 12:06:36     45241.50378    0.0000  2023/12/12
 0.0000000   3.0000000    0.0000   3813.978 0.032    9.2    1.9 -4.23 -0.060  40   0 12:07:25     45241.50434    0.0000  2023/12/12
 0.0000000   3.0000000    0.0000   3813.980 0.034   12.2    3.0 -4.22 -0.060  40   0 12:08:09     45241.50485    0.0000  2023/12/12
 0.0000000   3.0000000    0.0000   3813.980 0.043   13.3    3.2 -4.22 -0.060  40   0 12:08:53     45241.50536    0.0000  2023/12/12
 0.0000000   4.0000000    0.0000   3792.984 0.044    8.7    0.3 -4.34 -0.060  40   0 12:27:22     45241.51817    0.0000  2023/12/12
 0.0000000   4.0000000    0.0000   3792.982 0.047   14.9    1.0 -4.34 -0.060  40   0 12:28:11     45241.51874    0.0000  2023/12/12
 0.0000000   4.0000000    0.0000   3792.985 0.067   21.3    1.0 -4.34 -0.060  40   0 12:28:55     45241.51925    0.0000  2023/12/12
 0.0000000   4.0000000    0.0000   3792.982 0.056   25.2    0.9 -4.34 -0.060  40   0 12:29:39     45241.51976    0.0000  2023/12/12
 0.0000000   3.0000000    0.0000   3813.926 0.057   11.6    1.2 -4.51 -0.064  40   2 13:11:07     45241.54851    0.0000  2023/12/12
 0.0000000   3.0000000    0.0000   3813.928 0.041   20.0    3.5 -4.51 -0.064  40   0 13:11:56     45241.54907    0.0000  2023/12/12
 0.0000000   3.0000000    0.0000   3813.930 0.032   24.2    4.1 -4.50 -0.064  40   0 13:12:40     45241.54958    0.0000  2023/12/12
 0.0000000   3.0000000    0.0000   3813.933 0.030   27.9    3.7 -4.49 -0.064  40   0 13:13:24     45241.55009    0.0000  2023/12/12
 0.0000000   3.0000000    0.0000   3813.932 0.056   31.0    2.8 -4.49 -0.064  40   2 13:14:08     45241.55060    0.0000  2023/12/12
 0.0000000   4.0000000    0.0000   3792.950 0.064    8.6    1.1 -4.35 -0.066  40   0 13:26:47     45241.55937    0.0000  2023/12/12
 0.0000000   4.0000000    0.0000   3792.955 0.049   15.6    2.1 -4.33 -0.066  40   0 13:27:36     45241.55994    0.0000  2023/12/12
 0.0000000   4.0000000    0.0000   3792.957 0.095   18.4    2.0 -4.32 -0.066  40   0 13:28:20     45241.56044    0.0000  2023/12/12
 0.0000000   4.0000000    0.0000   3792.958 0.068    3.4    0.0 -4.32 -0.066  40   0 13:29:04     45241.56095    0.0000  2023/12/12
 0.0000000   4.0000000    0.0000   3792.960 0.142    2.1   -2.5 -4.32 -0.066  40   0 13:29:48     45241.56146    0.0000  2023/12/12
 0.0000000   5.0000000    0.0000   3774.820 0.096    3.7   -2.0 -4.37 -0.069  40   0 13:46:04     45241.57274    0.0000  2023/12/12
 0.0000000   5.0000000    0.0000   3774.822 0.081    7.8    0.0 -4.37 -0.069  40   0 13:46:53     45241.57331    0.0000  2023/12/12
 0.0000000   5.0000000    0.0000   3774.826 0.123   10.6    1.1 -4.36 -0.069  40   0 13:47:37     45241.57381    0.0000  2023/12/12
 0.0000000   5.0000000    0.0000   3774.825 0.079   11.7    0.8 -4.36 -0.070  40   0 13:48:21     45241.57432    0.0000  2023/12/12
 0.0000000   5.0000000    0.0000   3774.824 0.103   12.4    0.7 -4.36 -0.070  40   0 13:49:05     45241.57483    0.0000  2023/12/12
 0.0000000   4.0000000    0.0000   3792.960 0.052   18.2    3.4 -4.31 -0.073  40   0 14:04:01     45241.58518    0.0000  2023/12/12
 0.0000000   4.0000000    0.0000   3792.965 0.086    5.2    3.0 -4.30 -0.073  40   1 14:04:50     45241.58575    0.0000  2023/12/12
 0.0000000   4.0000000    0.0000   3792.969 0.090   26.9    4.8 -4.30 -0.073  40   1 14:05:34     45241.58626    0.0000  2023/12/12
 0.0000000   4.0000000    0.0000   3792.951 0.088    0.8   -1.1 -4.29 -0.073  40   9 14:06:18     45241.58677    0.0000  2023/12/12
 0.0000000   4.0000000    0.0000   3792.964 0.068    3.3   -0.8 -4.29 -0.073  40   0 14:07:03     45241.58729    0.0000  2023/12/12
 0.0000000   4.0000000    0.0000   3792.964 0.068    7.8   -1.1 -4.30 -0.073  40   0 14:07:47     45241.58780    0.0000  2023/12/12
 0.0000000   5.0000000    0.0000   3774.815 0.145    4.8   -1.4 -4.38 -0.077  40   0 14:23:09     45241.59845    0.0000  2023/12/12
 0.0000000   5.0000000    0.0000   3774.819 0.111    9.6    0.2 -4.37 -0.077  40   0 14:23:58     45241.59902    0.0000  2023/12/12
 0.0000000   5.0000000    0.0000   3774.820 0.144   12.8    0.8 -4.37 -0.077  40   0 14:24:43     45241.59954    0.0000  2023/12/12
 0.0000000   5.0000000    0.0000   3774.823 0.094   14.6    1.1 -4.37 -0.077  40   0 14:25:27     45241.60005    0.0000  2023/12/12
 0.0000000   5.0000000    0.0000   3774.823 0.130   16.0    0.8 -4.37 -0.077  40   0 14:26:11     45241.60055    0.0000  2023/12/12
 0.0000000   6.0000000    0.0000   3754.778 0.246    3.4    1.3 -4.37 -0.081  40   0 14:41:15     45241.61100    0.0000  2023/12/12
 0.0000000   6.0000000    0.0000   3754.779 0.208    5.9    1.5 -4.36 -0.081  40   0 14:42:04     45241.61157    0.0000  2023/12/12
 0.0000000   6.0000000    0.0000   3754.780 0.236    8.7    1.4 -4.36 -0.081  40   0 14:42:48     45241.61207    0.0000  2023/12/12
 0.0000000   6.0000000    0.0000   3754.781 0.203   10.2    1.5 -4.35 -0.081  40   0 14:43:32     45241.61258    0.0000  2023/12/12
 0.0000000   5.0000000    0.0000   3774.827 0.134    4.9   -1.2 -4.28 -0.084  40   0 14:59:02     45241.62333    0.0000  2023/12/12
 0.0000000   5.0000000    0.0000   3774.830 0.133    6.6   -0.7 -4.28 -0.085  40   0 14:59:51     45241.62390    0.0000  2023/12/12
 0.0000000   5.0000000    0.0000   3774.829 0.151    9.3   -0.7 -4.29 -0.085  40   0 15:00:35     45241.62440    0.0000  2023/12/12
 0.0000000   5.0000000    0.0000   3774.831 0.168   10.8   -0.9 -4.29 -0.085  40   0 15:01:19     45241.62491    0.0000  2023/12/12
 0.0000000   6.0000000    0.0000   3754.816 0.265    7.4    8.3 -4.12 -0.093  40   0 15:50:36     45241.65908    0.0000  2023/12/12
 0.0000000   6.0000000    0.0000   3754.817 0.233   11.5    9.9 -4.12 -0.093  40   0 15:51:26     45241.65966    0.0000  2023/12/12
 0.0000000   6.0000000    0.0000   3754.814 0.313   15.1   10.0 -4.13 -0.093  40   0 15:52:10     45241.66017    0.0000  2023/12/12
 0.0000000   6.0000000    0.0000   3754.813 0.209   17.0   10.2 -4.14 -0.093  40   0 15:52:54     45241.66068    0.0000  2023/12/12
 0.0000000   5.0000000    0.0000   3774.845 0.130    1.3    0.4 -4.28 -0.095  40   0 16:06:36     45241.67018    0.0000  2023/12/12
 0.0000000   5.0000000    0.0000   3774.847 0.245    5.5    2.2 -4.27 -0.095  40   0 16:07:25     45241.67074    0.0000  2023/12/12
 0.0000000   5.0000000    0.0000   3774.848 0.197    9.2    2.8 -4.27 -0.095  40   0 16:08:09     45241.67125    0.0000  2023/12/12
 0.0000000   5.0000000    0.0000   3774.848 0.181   11.4    4.1 -4.27 -0.095  40   0 16:08:53     45241.67176    0.0000  2023/12/12
 0.0000000   4.0000000    0.0000   3792.978 0.054   -0.9   -3.9 -4.33 -0.096  40   0 16:23:00     45241.68155    0.0000  2023/12/12
 0.0000000   4.0000000    0.0000   3792.981 0.062   -0.4   -3.2 -4.33 -0.096  40   0 16:23:49     45241.68211    0.0000  2023/12/12
 0.0000000   4.0000000    0.0000   3792.981 0.061    0.7   -3.3 -4.33 -0.096  40   0 16:24:34     45241.68263    0.0000  2023/12/12
 0.0000000   4.0000000    0.0000   3792.982 0.080    3.2   -3.2 -4.33 -0.096  40   0 16:25:18     45241.68314    0.0000  2023/12/12
 0.0000000   3.0000000    0.0000   3813.978 0.044    1.4    1.8 -4.34 -0.096  40   0 16:39:35     45241.69304    0.0000  2023/12/12
 0.0000000   3.0000000    0.0000   3813.980 0.086    5.3    3.2 -4.33 -0.096  40   0 16:40:24     45241.69361    0.0000  2023/12/12
 0.0000000   3.0000000    0.0000   3813.980 0.039    8.4    3.3 -4.32 -0.096  40   0 16:41:08     45241.69412    0.0000  2023/12/12
 0.0000000   3.0000000    0.0000   3813.980 0.071   10.2    3.0 -4.32 -0.096  40   0 16:41:52     45241.69463    0.0000  2023/12/12
 0.0000000   2.0999999    0.0000   3825.713 0.045    3.1   -0.6 -4.35 -0.095  40   0 16:51:32     45241.70133    0.0000  2023/12/12
 0.0000000   2.0999999    0.0000   3825.713 0.051    4.5   -0.4 -4.34 -0.095  40   0 16:52:21     45241.70190    0.0000  2023/12/12
 0.0000000   2.0999999    0.0000   3825.711 0.046    7.3    0.0 -4.33 -0.095  40   0 16:53:05     45241.70240    0.0000  2023/12/12
 0.0000000   2.0999999    0.0000   3825.710 0.067    7.9   -0.8 -4.33 -0.095  40   0 16:53:49     45241.70291    0.0000  2023/12/12
 0.0000000   2.0999999    0.0000   3825.711 0.037    8.2   -1.7 -4.33 -0.095  40   0 16:54:33     45241.70342    0.0000  2023/12/12
 0.0000000   2.0000000    0.0000   3837.613 0.067    4.1    2.3 -4.30 -0.093  40   0 17:08:37     45241.71317    0.0000  2023/12/12
 0.0000000   2.0000000    0.0000   3837.615 0.023    7.7    3.0 -4.29 -0.093  40   0 17:09:26     45241.71374    0.0000  2023/12/12
 0.0000000   2.0000000    0.0000   3837.617 0.034   10.9    2.8 -4.29 -0.093  40   0 17:10:10     45241.71425    0.0000  2023/12/12
 0.0000000   2.0000000    0.0000   3837.618 0.035   12.7    2.5 -4.29 -0.093  40   0 17:10:54     45241.71476    0.0000  2023/12/12
 0.0000000  10.0000000    0.0000   3836.096 0.061    0.6    3.5 -4.19 -0.089  40   0 17:31:18     45241.72890    0.0000  2023/12/12
 0.0000000  10.0000000    0.0000   3836.095 0.040    0.8    3.6 -4.19 -0.088  40   0 17:32:07     45241.72947    0.0000  2023/12/12
 0.0000000  10.0000000    0.0000   3836.094 0.054    1.3    3.6 -4.19 -0.088  40   0 17:32:51     45241.72998    0.0000  2023/12/12
 0.0000000  10.0000000    0.0000   3836.095 0.041    1.7    3.6 -4.19 -0.088  40   0 17:33:35     45241.73048    0.0000  2023/12/12
 0.000   ,0   ,0.000   ,    -0.000,   0.000,-419,  36,  -1.#QO,   0.000,0.000   ,0.000   ,-0.000  ,-1.019  