
/	CG-5 SURVEY
/	Survey name:   	geoken
/	Instrument S/N:	40824
/	Client:        	geoken
/	Operator:      	nurgissa
/	Date:          	2023/12/11
/	Time:          	08:31:09
/	LONG:        	77.1000000 E
/	LAT:         	43.7000000 N
/	ZONE:        	43      
/	GMT DIFF.:   	-6.0

/	CG-5 SETUP PARAMETERS
/	Gref:			0.000   
/	Gcal1:		8400.551
/	TiltxS:		610.968 
/	TiltyS:		659.323 
/	TiltxO:		-101.453
/	TiltyO:		78.137  
/	Tempco:		-0.130  
/	Drift:		0.653   
/	DriftTime Start:	08:31:12
/	DriftDate Start:	2023/12/11

/	CG-5 OPTIONS
/	Tide Correction:    YES
/	Cont. Tilt:         YES
/	Auto Rejection:     YES
/	Terrain Corr.:       NO
/	Seismic Filter:     YES
/	Raw Data:            NO
Line	   0.000S
/------LINE-----STATION-----ALT.------GRAV.---SD.--TILTX--TILTY-TEMP---TIDE---DUR-REJ-----TIME----DEC.TIME+DATE--TERRAIN---DATE
 0.0000000  10.0000000    0.0000   5874.498 0.019   -0.9   -3.1 -2.22 -0.094  40   2 08:29:10     45241.35302    0.0000  2023/12/12
 0.0000000  10.0000000    0.0000   5874.499 0.018   -0.8   -3.0 -2.22 -0.094  40   0 08:29:59     45241.35359    0.0000  2023/12/12
 0.0000000  10.0000000    0.0000   5874.500 0.014   -0.8   -3.0 -2.22 -0.094  40   0 08:30:43     45241.35410    0.0000  2023/12/12
 0.0000000  10.0000000    0.0000   5874.499 0.016   -0.8   -2.9 -2.22 -0.094  40   0 08:31:27     45241.35461    0.0000  2023/12/12
 0.0000000   2.0000000    0.0000   5876.003 0.014    5.2   -3.7 -1.93 -0.091  40   2 08:54:30     45241.37059    0.0000  2023/12/12
 0.0000000   2.0000000    0.0000   5876.000 0.024    7.9   -3.6 -1.93 -0.091  40   6 08:55:19     45241.37115    0.0000  2023/12/12
 0.0000000   2.0000000    0.0000   5876.006 0.013    9.2   -4.1 -1.94 -0.091  40   0 08:56:03     45241.37166    0.0000  2023/12/12
 0.0000000   2.0000000    0.0000   5876.006 0.011   10.2   -3.9 -1.95 -0.090  40   0 08:56:47     45241.37217    0.0000  2023/12/12
 0.0000000   2.0000000    0.0000   5876.006 0.010   11.1   -3.9 -1.96 -0.090  40   0 08:57:31     45241.37268    0.0000  2023/12/12
 0.0000000   1.0000000    0.0000   5894.108 0.017   13.3   -4.3 -2.26 -0.086  40   0 09:23:52     45241.39095    0.0000  2023/12/12
 0.0000000   1.0000000    0.0000   5894.109 0.017   18.5   -4.9 -2.26 -0.085  40   0 09:24:41     45241.39151    0.0000  2023/12/12
 0.0000000   1.0000000    0.0000   5894.109 0.017   22.0   -5.2 -2.25 -0.085  40   0 09:25:25     45241.39202    0.0000  2023/12/12
 0.0000000   1.0000000    0.0000   5894.111 0.023   25.4   -5.3 -2.24 -0.085  40   1 09:26:09     45241.39253    0.0000  2023/12/12
 0.0000000   2.0000000    0.0000   5876.008 0.030   -1.1   -4.2 -2.18 -0.082  40   4 09:43:06     45241.40428    0.0000  2023/12/12
 0.0000000   2.0000000    0.0000   5876.010 0.014   -1.5   -4.5 -2.17 -0.081  40   0 09:43:55     45241.40485    0.0000  2023/12/12
 0.0000000   2.0000000    0.0000   5876.008 0.018   -1.6   -5.3 -2.16 -0.081  40   0 09:44:39     45241.40536    0.0000  2023/12/12
 0.0000000   2.0000000    0.0000   5876.008 0.017   -1.5   -5.9 -2.15 -0.081  40   1 09:45:23     45241.40587    0.0000  2023/12/12
 0.0000000   1.0000000    0.0000   5894.102 0.018    8.2   -1.7 -2.03 -0.076  40   0 10:06:56     45241.42081    0.0000  2023/12/12
 0.0000000   1.0000000    0.0000   5894.107 0.021   11.8   -1.8 -2.03 -0.076  40   0 10:07:45     45241.42137    0.0000  2023/12/12
 0.0000000   1.0000000    0.0000   5894.108 0.017   14.9   -1.6 -2.03 -0.076  40   0 10:08:29     45241.42188    0.0000  2023/12/12
 0.0000000   1.0000000    0.0000   5894.110 0.024   17.5   -1.8 -2.03 -0.076  40   0 10:09:13     45241.42239    0.0000  2023/12/12
 0.0000000   1.0000000    0.0000   5894.111 0.018   18.9   -2.0 -2.03 -0.076  40   0 10:09:57     45241.42290    0.0000  2023/12/12
 0.0000000   2.0000000    0.0000   5876.013 0.022   -8.0   -2.5 -2.10 -0.071  40   0 10:32:30     45241.43853    0.0000  2023/12/12
 0.0000000   2.0000000    0.0000   5876.014 0.022   -7.9   -1.6 -2.09 -0.071  40   0 10:33:19     45241.43910    0.0000  2023/12/12
 0.0000000   2.0000000    0.0000   5876.013 0.017   -7.9   -1.4 -2.09 -0.071  40   0 10:34:03     45241.43961    0.0000  2023/12/12
 0.0000000   2.0000000    0.0000   5876.014 0.026   -7.3   -1.0 -2.09 -0.071  40   0 10:34:47     45241.44012    0.0000  2023/12/12
 0.0000000   2.0999999    0.0000   5864.113 0.025    4.6   -2.5 -2.18 -0.068  40   0 10:49:32     45241.45034    0.0000  2023/12/12
 0.0000000   2.0999999    0.0000   5864.112 0.045    5.8   -2.5 -2.18 -0.068  40   2 10:50:21     45241.45091    0.0000  2023/12/12
 0.0000000   2.0999999    0.0000   5864.112 0.051    7.3   -2.7 -2.18 -0.068  40   0 10:51:05     45241.45142    0.0000  2023/12/12
 0.0000000   2.0999999    0.0000   5864.118 0.047    8.0   -3.2 -2.17 -0.068  40   6 10:51:49     45241.45193    0.0000  2023/12/12
 0.0000000   2.0999999    0.0000   5864.118 0.044    8.1   -3.7 -2.17 -0.068  40   5 10:52:33     45241.45243    0.0000  2023/12/12
 0.0000000   2.0999999    0.0000   5864.119 0.062    8.3   -4.3 -2.17 -0.067  40   6 10:53:17     45241.45294    0.0000  2023/12/12
 0.0000000   2.0000000    0.0000   5875.992 0.039   -1.4   -1.9 -2.15 -0.065  40   2 11:07:05     45241.46251    0.0000  2023/12/12
 0.0000000   2.0000000    0.0000   5875.999 0.034   -0.8   -0.9 -2.14 -0.065  40   3 11:07:54     45241.46308    0.0000  2023/12/12
 0.0000000   2.0000000    0.0000   5876.001 0.025    0.3   -0.8 -2.14 -0.065  40   0 11:08:38     45241.46359    0.0000  2023/12/12
 0.0000000   2.0000000    0.0000   5876.001 0.020    1.1   -0.6 -2.14 -0.065  40   0 11:09:22     45241.46409    0.0000  2023/12/12
 0.0000000   2.0000000    0.0000   5876.003 0.027    1.7   -0.8 -2.13 -0.065  40   1 11:10:06     45241.46460    0.0000  2023/12/12
 0.0000000   2.0999999    0.0000   5864.104 0.030   -0.8   -4.0 -2.11 -0.063  40   0 11:25:44     45241.47544    0.0000  2023/12/12
 0.0000000   2.0999999    0.0000   5864.107 0.027    1.7   -3.7 -2.10 -0.063  40   0 11:26:33     45241.47601    0.0000  2023/12/12
 0.0000000   2.0999999    0.0000   5864.107 0.033    4.0   -3.5 -2.10 -0.063  40   0 11:27:17     45241.47652    0.0000  2023/12/12
 0.0000000   2.0999999    0.0000   5864.107 0.034    6.3   -4.2 -2.10 -0.062  40   0 11:28:01     45241.47702    0.0000  2023/12/12
 0.0000000   3.0000000    0.0000   5852.366 0.032    4.2   -0.4 -2.14 -0.061  40   0 11:40:29     45241.48567    0.0000  2023/12/12
 0.0000000   3.0000000    0.0000   5852.368 0.038    4.8    0.0 -2.14 -0.061  40   0 11:41:18     45241.48623    0.0000  2023/12/12
 0.0000000   3.0000000    0.0000   5852.369 0.038    6.2    0.0 -2.14 -0.061  40   0 11:42:02     45241.48674    0.0000  2023/12/12
 0.0000000   3.0000000    0.0000   5852.371 0.034    7.0   -0.3 -2.14 -0.061  40   2 11:42:46     45241.48725    0.0000  2023/12/12
 0.0000000   2.0999999    0.0000   5864.107 0.028    1.0    0.0 -2.15 -0.061  40   0 11:51:09     45241.49306    0.0000  2023/12/12
 0.0000000   2.0999999    0.0000   5864.108 0.029    1.7    0.0 -2.15 -0.060  40   0 11:51:58     45241.49363    0.0000  2023/12/12
 0.0000000   2.0999999    0.0000   5864.106 0.028    2.4   -0.3 -2.15 -0.060  40   0 11:52:42     45241.49414    0.0000  2023/12/12
 0.0000000   2.0999999    0.0000   5864.107 0.032    2.7   -0.9 -2.15 -0.060  40   0 11:53:26     45241.49465    0.0000  2023/12/12
 0.0000000   3.0000000    0.0000   5852.354 0.029   -2.5   -2.9 -2.17 -0.060  40   0 12:06:34     45241.50375    0.0000  2023/12/12
 0.0000000   3.0000000    0.0000   5852.357 0.035   -2.1   -1.9 -2.17 -0.060  40   0 12:07:23     45241.50432    0.0000  2023/12/12
 0.0000000   3.0000000    0.0000   5852.360 0.039   -1.5   -1.1 -2.17 -0.060  40   0 12:08:07     45241.50483    0.0000  2023/12/12
 0.0000000   3.0000000    0.0000   5852.361 0.049   -0.7   -1.0 -2.17 -0.060  40   0 12:08:51     45241.50534    0.0000  2023/12/12
 0.0000000   3.0000000    0.0000   5852.361 0.045   -0.1   -0.1 -2.17 -0.060  40   0 12:09:35     45241.50584    0.0000  2023/12/12
 0.0000000   4.0000000    0.0000   5831.381 0.049   -1.4   -0.3 -2.01 -0.060  40   0 12:27:12     45241.51806    0.0000  2023/12/12
 0.0000000   4.0000000    0.0000   5831.381 0.054    1.0    0.3 -2.00 -0.060  40   0 12:28:01     45241.51862    0.0000  2023/12/12
 0.0000000   4.0000000    0.0000   5831.380 0.061    2.1   -0.2 -1.99 -0.060  40   0 12:28:45     45241.51913    0.0000  2023/12/12
 0.0000000   4.0000000    0.0000   5831.383 0.063    3.9   -0.9 -1.99 -0.060  40   0 12:29:29     45241.51964    0.0000  2023/12/12
 0.0000000   3.0000000    0.0000   5852.367 0.067    3.9   -3.6 -1.94 -0.064  40   6 13:11:09     45241.54853    0.0000  2023/12/12
 0.0000000   3.0000000    0.0000   5852.367 0.046    5.9   -1.9 -1.94 -0.064  40   0 13:11:58     45241.54910    0.0000  2023/12/12
 0.0000000   3.0000000    0.0000   5852.368 0.034    7.3   -1.6 -1.94 -0.064  40   0 13:12:42     45241.54961    0.0000  2023/12/12
 0.0000000   3.0000000    0.0000   5852.368 0.034    8.3   -2.3 -1.95 -0.064  40   0 13:13:26     45241.55011    0.0000  2023/12/12
 0.0000000   4.0000000    0.0000   5831.366 0.077    3.2   -7.3 -2.14 -0.066  40   0 13:26:48     45241.55938    0.0000  2023/12/12
 0.0000000   4.0000000    0.0000   5831.366 0.063    6.1   -8.3 -2.14 -0.066  40   0 13:27:37     45241.55995    0.0000  2023/12/12
 0.0000000   4.0000000    0.0000   5831.369 0.109    8.1   -9.0 -2.15 -0.066  40   0 13:28:21     45241.56046    0.0000  2023/12/12
 0.0000000   4.0000000    0.0000   5831.370 0.072    9.7  -10.2 -2.15 -0.066  40   0 13:29:05     45241.56096    0.0000  2023/12/12
 0.0000000   5.0000000    0.0000   5813.242 0.111    1.8    1.4 -2.24 -0.069  40   0 13:46:05     45241.57275    0.0000  2023/12/12
 0.0000000   5.0000000    0.0000   5813.242 0.101    3.1    2.4 -2.23 -0.069  40   0 13:46:54     45241.57332    0.0000  2023/12/12
 0.0000000   5.0000000    0.0000   5813.245 0.136    4.3    2.8 -2.23 -0.069  40   0 13:47:38     45241.57383    0.0000  2023/12/12
 0.0000000   5.0000000    0.0000   5813.244 0.091    4.8    3.0 -2.22 -0.070  40   0 13:48:22     45241.57433    0.0000  2023/12/12
 0.0000000   4.0000000    0.0000   5831.362 0.061    5.5   -2.9 -2.18 -0.073  40   0 14:04:00     45241.58517    0.0000  2023/12/12
 0.0000000   4.0000000    0.0000   5831.360 0.085    6.8   -4.0 -2.18 -0.073  40   0 14:04:49     45241.58574    0.0000  2023/12/12
 0.0000000   4.0000000    0.0000   5831.363 0.093    7.4   -4.2 -2.18 -0.073  40   0 14:05:33     45241.58625    0.0000  2023/12/12
 0.0000000   4.0000000    0.0000   5831.366 0.072    8.7   -4.7 -2.18 -0.073  40   1 14:06:17     45241.58676    0.0000  2023/12/12
 0.0000000   4.0000000    0.0000   5831.364 0.080    9.3   -4.7 -2.18 -0.073  40   0 14:07:01     45241.58726    0.0000  2023/12/12
 0.0000000   5.0000000    0.0000   5813.235 0.160   -2.2    3.4 -2.17 -0.077  40   0 14:23:08     45241.59844    0.0000  2023/12/12
 0.0000000   5.0000000    0.0000   5813.237 0.121   -1.5    3.0 -2.17 -0.077  40   0 14:23:57     45241.59901    0.0000  2023/12/12
 0.0000000   5.0000000    0.0000   5813.240 0.154   -0.5    3.3 -2.17 -0.077  40   0 14:24:41     45241.59951    0.0000  2023/12/12
 0.0000000   5.0000000    0.0000   5813.239 0.112    0.0    3.0 -2.17 -0.077  40   0 14:25:25     45241.60002    0.0000  2023/12/12
 0.0000000   6.0000000    0.0000   5793.188 0.283    4.2    2.5 -2.23 -0.081  40   0 14:41:06     45241.61090    0.0000  2023/12/12
 0.0000000   6.0000000    0.0000   5793.186 0.224    4.7    2.3 -2.23 -0.081  40   0 14:41:55     45241.61146    0.0000  2023/12/12
 0.0000000   6.0000000    0.0000   5793.188 0.249    5.1    1.6 -2.23 -0.081  40   0 14:42:39     45241.61197    0.0000  2023/12/12
 0.0000000   6.0000000    0.0000   5793.187 0.223    5.9    1.2 -2.23 -0.081  40   0 14:43:23     45241.61248    0.0000  2023/12/12
 0.0000000   5.0000000    0.0000   5813.257 0.131   -1.7    3.8 -2.34 -0.084  40   0 14:58:55     45241.62325    0.0000  2023/12/12
 0.0000000   5.0000000    0.0000   5813.258 0.121   -1.1    4.7 -2.33 -0.085  40   0 14:59:44     45241.62382    0.0000  2023/12/12
 0.0000000   5.0000000    0.0000   5813.260 0.132   -0.2    4.9 -2.33 -0.085  40   0 15:00:28     45241.62432    0.0000  2023/12/12
 0.0000000   5.0000000    0.0000   5813.259 0.212    0.0    4.8 -2.32 -0.085  40   0 15:01:12     45241.62483    0.0000  2023/12/12
 0.0000000   6.0000000    0.0000   5793.180 0.292    0.3   -5.6 -2.09 -0.093  40   0 15:50:21     45241.65891    0.0000  2023/12/12
 0.0000000   6.0000000    0.0000   5793.183 0.215    2.3   -5.6 -2.09 -0.093  40   0 15:51:10     45241.65948    0.0000  2023/12/12
 0.0000000   6.0000000    0.0000   5793.183 0.185    4.1   -5.0 -2.09 -0.093  40   0 15:51:55     45241.66000    0.0000  2023/12/12
 0.0000000   6.0000000    0.0000   5793.185 0.243    6.4   -5.2 -2.09 -0.093  40   0 15:52:39     45241.66050    0.0000  2023/12/12
 0.0000000   5.0000000    0.0000   5813.245 0.139    2.9    0.2 -2.17 -0.095  40   0 16:06:37     45241.67019    0.0000  2023/12/12
 0.0000000   5.0000000    0.0000   5813.245 0.254    3.7    0.3 -2.17 -0.095  40   0 16:07:26     45241.67075    0.0000  2023/12/12
 0.0000000   5.0000000    0.0000   5813.246 0.212    3.8    0.4 -2.16 -0.095  40   0 16:08:10     45241.67126    0.0000  2023/12/12
 0.0000000   5.0000000    0.0000   5813.246 0.181    4.8    0.6 -2.16 -0.095  40   0 16:08:54     45241.67177    0.0000  2023/12/12
 0.0000000   4.0000000    0.0000   5831.375 0.063    1.4   -3.8 -2.17 -0.096  40   0 16:23:02     45241.68157    0.0000  2023/12/12
 0.0000000   4.0000000    0.0000   5831.376 0.070    2.3   -4.0 -2.16 -0.096  40   0 16:23:51     45241.68214    0.0000  2023/12/12
 0.0000000   4.0000000    0.0000   5831.374 0.070    2.6   -4.7 -2.16 -0.096  40   0 16:24:35     45241.68264    0.0000  2023/12/12
 0.0000000   4.0000000    0.0000   5831.376 0.089    3.1   -6.1 -2.15 -0.096  40   0 16:25:19     45241.68315    0.0000  2023/12/12
 0.0000000   3.0000000    0.0000   5849.496 2.246    0.6   -1.5 -2.08 -0.096  29   0 16:39:05     45241.69270    0.0000  2023/12/12
 0.0000000   3.0000000    0.0000   5852.368 0.049    1.6   -1.8 -2.07 -0.096  40   0 16:39:45     45241.69316    0.0000  2023/12/12
 0.0000000   3.0000000    0.0000   5852.368 0.105    2.5   -1.3 -2.06 -0.096  40   0 16:40:34     45241.69373    0.0000  2023/12/12
 0.0000000   3.0000000    0.0000   5852.369 0.046    3.1   -1.3 -2.06 -0.096  40   0 16:41:18     45241.69423    0.0000  2023/12/12
 0.0000000   3.0000000    0.0000   5852.368 0.096    3.7   -1.6 -2.06 -0.096  40   0 16:42:02     45241.69474    0.0000  2023/12/12
 0.0000000   2.0999999    0.0000   5864.101 0.056    2.2   -1.9 -2.13 -0.095  40   0 16:51:20     45241.70119    0.0000  2023/12/12
 0.0000000   2.0999999    0.0000   5864.104 0.056    2.9   -1.7 -2.13 -0.095  40   0 16:52:09     45241.70176    0.0000  2023/12/12
 0.0000000   2.0999999    0.0000   5864.107 0.059    3.5   -1.8 -2.12 -0.095  40   0 16:52:53     45241.70227    0.0000  2023/12/12
 0.0000000   2.0999999    0.0000   5864.107 0.045    3.6   -1.7 -2.12 -0.095  40   0 16:53:37     45241.70277    0.0000  2023/12/12
 0.0000000   2.0999999    0.0000   5864.105 0.041    3.4   -2.6 -2.12 -0.095  40   0 16:54:21     45241.70328    0.0000  2023/12/12
 0.0000000   2.0000000    0.0000   5875.998 0.073   -4.3   -0.3 -2.13 -0.093  40   0 17:08:38     45241.71319    0.0000  2023/12/12
 0.0000000   2.0000000    0.0000   5875.998 0.026   -4.4   -0.3 -2.12 -0.093  40   0 17:09:27     45241.71375    0.0000  2023/12/12
 0.0000000   2.0000000    0.0000   5876.000 0.037   -4.7   -0.8 -2.12 -0.093  40   0 17:10:11     45241.71426    0.0000  2023/12/12
 0.0000000   2.0000000    0.0000   5876.000 0.036   -4.6   -0.8 -2.12 -0.093  40   0 17:10:55     45241.71477    0.0000  2023/12/12
 0.0000000  10.0000000    0.0000   5874.478 0.068   -5.2   -4.7 -1.99 -0.089  40   0 17:31:18     45241.72890    0.0000  2023/12/12
 0.0000000  10.0000000    0.0000   5874.479 0.048   -5.3   -4.4 -1.99 -0.088  40   0 17:32:07     45241.72947    0.0000  2023/12/12
 0.0000000  10.0000000    0.0000   5874.477 0.057   -5.5   -4.4 -1.98 -0.088  40   0 17:32:51     45241.72998    0.0000  2023/12/12
 0.0000000  10.0000000    0.0000   5874.478 0.043   -5.5   -4.3 -1.98 -0.088  40   0 17:33:35     45241.73048    0.0000  2023/12/12
 -10445054148931257000000000000.000,0   ,0.000   ,    -0.000,   0.000,-22273,15103,   0.000,   0.000,0.000   ,0.000   ,17.125  ,1.788   