
/	CG-5 SURVEY
/	Survey name:   	geoken
/	Instrument S/N:	40824
/	Client:        	geoken
/	Operator:      	nurgissa
/	Date:          	2023/12/11
/	Time:          	08:31:09
/	LONG:        	77.1000000 E
/	LAT:         	43.7000000 N
/	ZONE:        	43      
/	GMT DIFF.:   	-6.0

/	CG-5 SETUP PARAMETERS
/	Gref:			0.000   
/	Gcal1:		8400.551
/	TiltxS:		610.968 
/	TiltyS:		659.323 
/	TiltxO:		-101.453
/	TiltyO:		78.137  
/	Tempco:		-0.130  
/	Drift:		0.653   
/	DriftTime Start:	08:31:12
/	DriftDate Start:	2023/12/11

/	CG-5 OPTIONS
/	Tide Correction:    YES
/	Cont. Tilt:         YES
/	Auto Rejection:     YES
/	Terrain Corr.:       NO
/	Seismic Filter:     YES
/	Raw Data:            NO
Line	   0.000S
/------LINE-----STATION-----ALT.------GRAV.---SD.--TILTX--TILTY-TEMP---TIDE---DUR-REJ-----TIME----DEC.TIME+DATE--TERRAIN---DATE
 0.0000000  10.0000000    0.0000   5874.502 0.018    0.0   -4.8 -2.23 -0.080  40   2 08:33:56     45240.35633    0.0000  2023/12/11
 0.0000000  10.0000000    0.0000   5874.502 0.015    0.1   -4.8 -2.23 -0.079  40   0 08:34:45     45240.35689    0.0000  2023/12/11
 0.0000000  10.0000000    0.0000   5874.501 0.015    0.2   -4.8 -2.23 -0.079  40   0 08:35:29     45240.35740    0.0000  2023/12/11
 0.0000000  10.0000000    0.0000   5874.502 0.013    0.2   -4.7 -2.23 -0.079  40   0 08:36:13     45240.35791    0.0000  2023/12/11
 0.0000000   2.0000000    0.0000   5876.027 0.008    5.4    2.6 -2.14 -0.076  40   0 08:51:14     45240.36832    0.0000  2023/12/11
 0.0000000   2.0000000    0.0000   5876.027 0.007    6.4    3.0 -2.14 -0.076  40   2 08:52:03     45240.36889    0.0000  2023/12/11
 0.0000000   2.0000000    0.0000   5876.030 0.008    6.8    2.6 -2.14 -0.076  40   0 08:52:47     45240.36940    0.0000  2023/12/11
 0.0000000   2.0000000    0.0000   5876.030 0.011    7.3    2.5 -2.14 -0.076  40   0 08:53:31     45240.36990    0.0000  2023/12/11
 0.0000000   1.0000000    0.0000   5894.126 0.016    9.5    0.9 -2.13 -0.071  40   0 09:17:14     45240.38635    0.0000  2023/12/11
 0.0000000   1.0000000    0.0000   5894.125 0.018   10.4    0.4 -2.13 -0.071  40   0 09:18:03     45240.38691    0.0000  2023/12/11
 0.0000000   1.0000000    0.0000   5894.127 0.014   11.5    0.3 -2.12 -0.070  40   0 09:18:47     45240.38742    0.0000  2023/12/11
 0.0000000   1.0000000    0.0000   5894.127 0.017   11.8    0.0 -2.12 -0.070  40   0 09:19:31     45240.38793    0.0000  2023/12/11
 0.0000000   2.0000000    0.0000   5876.027 0.012    3.1   -4.9 -1.94 -0.066  40   2 09:38:39     45240.40120    0.0000  2023/12/11
 0.0000000   2.0000000    0.0000   5876.027 0.011    4.0   -4.8 -1.93 -0.066  40   0 09:39:28     45240.40176    0.0000  2023/12/11
 0.0000000   2.0000000    0.0000   5876.025 0.009    4.9   -5.1 -1.93 -0.066  40   0 09:40:12     45240.40227    0.0000  2023/12/11
 0.0000000   2.0000000    0.0000   5876.027 0.012    6.2   -5.4 -1.93 -0.066  40   0 09:40:56     45240.40278    0.0000  2023/12/11
 0.0000000   1.0000000    0.0000   5894.106 0.028   -8.9  -14.1 -2.05 -0.062  40   2 10:00:26     45240.41630    0.0000  2023/12/11
 0.0000000   1.0000000    0.0000   5894.105 0.017  -11.5  -20.7 -2.05 -0.062  40   0 10:01:15     45240.41687    0.0000  2023/12/11
 0.0000000   1.0000000    0.0000   5894.104 0.016  -13.4  -25.9 -2.04 -0.062  40   0 10:01:59     45240.41738    0.0000  2023/12/11
 0.0000000   1.0000000    0.0000   5894.103 0.018  -14.8  -30.6 -2.04 -0.061  40   0 10:02:43     45240.41788    0.0000  2023/12/11
 0.0000000   2.0000000    0.0000   5876.024 0.011   -0.8   -2.8 -2.03 -0.058  40   0 10:20:40     45240.43033    0.0000  2023/12/11
 0.0000000   2.0000000    0.0000   5876.025 0.012    0.2   -2.5 -2.02 -0.058  40   0 10:21:29     45240.43090    0.0000  2023/12/11
 0.0000000   2.0000000    0.0000   5876.026 0.014    0.7   -2.9 -2.02 -0.058  40   0 10:22:13     45240.43140    0.0000  2023/12/11
 0.0000000   2.0000000    0.0000   5876.026 0.022    1.3   -3.2 -2.01 -0.058  40   4 10:22:57     45240.43191    0.0000  2023/12/11
 0.0000000   2.0999999    0.0000   5864.122 0.032    3.5    4.1 -2.03 -0.056  40   1 10:36:37     45240.44139    0.0000  2023/12/11
 0.0000000   2.0999999    0.0000   5864.124 0.026    4.4    5.1 -2.02 -0.056  40   1 10:37:26     45240.44195    0.0000  2023/12/11
 0.0000000   2.0999999    0.0000   5864.124 0.018    4.8    5.1 -2.02 -0.056  40   1 10:38:10     45240.44246    0.0000  2023/12/11
 0.0000000   2.0999999    0.0000   5864.125 0.027    5.5    4.8 -2.01 -0.056  40   0 10:38:54     45240.44297    0.0000  2023/12/11
 0.0000000   2.0000000    0.0000   5876.022 0.020    1.2   -4.7 -2.07 -0.055  40   1 10:50:30     45240.45101    0.0000  2023/12/11
 0.0000000   2.0000000    0.0000   5876.018 0.039    2.3   -4.6 -2.07 -0.054  40   4 10:51:19     45240.45158    0.0000  2023/12/11
 0.0000000   2.0000000    0.0000   5876.023 0.066    2.3   -4.5 -2.07 -0.054  40   3 10:52:03     45240.45209    0.0000  2023/12/11
 0.0000000   2.0000000    0.0000   5876.021 0.040    2.6   -4.5 -2.07 -0.054  40   0 10:52:47     45240.45260    0.0000  2023/12/11
 0.0000000   2.0999999    0.0000   5864.122 0.068    3.7    0.0 -2.08 -0.053  40   0 11:05:03     45240.46110    0.0000  2023/12/11
 0.0000000   2.0999999    0.0000   5864.122 0.026    5.1    0.7 -2.08 -0.053  40   0 11:05:52     45240.46167    0.0000  2023/12/11
 0.0000000   2.0999999    0.0000   5864.120 0.019    6.2    0.9 -2.07 -0.053  40   0 11:06:36     45240.46218    0.0000  2023/12/11
 0.0000000   2.0999999    0.0000   5864.120 0.023    6.8    0.8 -2.07 -0.053  40   0 11:07:20     45240.46268    0.0000  2023/12/11
 0.0000000   3.0000000    0.0000   5852.386 0.019   -5.6   -3.4 -2.09 -0.053  40   0 11:18:17     45240.47028    0.0000  2023/12/11
 0.0000000   3.0000000    0.0000   5852.389 0.026   -4.9   -3.6 -2.09 -0.052  40   3 11:19:06     45240.47084    0.0000  2023/12/11
 0.0000000   3.0000000    0.0000   5852.388 0.027   -4.1   -3.6 -2.08 -0.052  40   2 11:19:50     45240.47135    0.0000  2023/12/11
 0.0000000   3.0000000    0.0000   5852.392 0.027   -3.6   -3.4 -2.08 -0.052  40   0 11:20:34     45240.47186    0.0000  2023/12/11
 0.0000000   3.0000000    0.0000   5852.392 0.045   -3.2   -3.4 -2.08 -0.052  40   2 11:21:18     45240.47237    0.0000  2023/12/11
 0.0000000   2.0999999    0.0000   5864.125 0.016   -0.3    0.7 -2.13 -0.052  40   0 11:29:38     45240.47815    0.0000  2023/12/11
 0.0000000   2.0999999    0.0000   5864.129 0.020    0.2    1.3 -2.13 -0.052  40   0 11:30:27     45240.47871    0.0000  2023/12/11
 0.0000000   2.0999999    0.0000   5864.125 0.015    1.0    1.9 -2.13 -0.052  40   0 11:31:11     45240.47922    0.0000  2023/12/11
 0.0000000   2.0999999    0.0000   5864.126 0.019    1.2    1.7 -2.13 -0.052  40   0 11:31:55     45240.47973    0.0000  2023/12/11
 0.0000000   3.0000000    0.0000   5852.388 0.035   -1.2   -0.8 -2.13 -0.052  40   0 11:41:51     45240.48662    0.0000  2023/12/11
 0.0000000   3.0000000    0.0000   5852.389 0.025   -1.1   -0.4 -2.12 -0.052  40   0 11:42:40     45240.48718    0.0000  2023/12/11
 0.0000000   3.0000000    0.0000   5852.391 0.029   -0.3    0.0 -2.11 -0.052  40   0 11:43:24     45240.48769    0.0000  2023/12/11
 0.0000000   3.0000000    0.0000   5852.390 0.035    0.1    0.0 -2.10 -0.052  40   0 11:44:08     45240.48820    0.0000  2023/12/11
 0.0000000   4.0000000    0.0000   5831.398 0.078   -2.9    0.1 -2.09 -0.053  40   0 11:56:50     45240.49700    0.0000  2023/12/11
 0.0000000   4.0000000    0.0000   5831.409 0.085   -2.4    0.5 -2.09 -0.053  40   1 11:57:39     45240.49757    0.0000  2023/12/11
 0.0000000   4.0000000    0.0000   5831.402 0.087   -1.7    0.5 -2.08 -0.053  40   1 11:58:23     45240.49808    0.0000  2023/12/11
 0.0000000   4.0000000    0.0000   5831.403 0.052   -1.4    0.3 -2.08 -0.053  40   0 11:59:07     45240.49859    0.0000  2023/12/11
 0.0000000   4.0000000    0.0000   5831.410 0.043   -0.8    0.0 -2.09 -0.053  40   3 11:59:51     45240.49910    0.0000  2023/12/11
 0.0000000   4.0000000    0.0000   5831.400 0.060    0.1    0.2 -2.09 -0.053  40   1 12:00:35     45240.49960    0.0000  2023/12/11
 0.0000000   3.0000000    0.0000   5852.385 0.034   -5.4   -6.1 -2.18 -0.054  40   3 12:11:20     45240.50706    0.0000  2023/12/11
 0.0000000   3.0000000    0.0000   5852.386 0.031   -4.9   -5.9 -2.18 -0.054  40   4 12:12:09     45240.50762    0.0000  2023/12/11
 0.0000000   3.0000000    0.0000   5852.383 0.027   -4.8   -5.7 -2.18 -0.054  40   0 12:12:53     45240.50813    0.0000  2023/12/11
 0.0000000   3.0000000    0.0000   5852.384 0.028   -4.4   -5.8 -2.18 -0.054  40   0 12:13:37     45240.50864    0.0000  2023/12/11
 0.0000000   4.0000000    0.0000   5831.400 0.081   -3.7   -3.8 -2.15 -0.055  40   3 12:27:09     45240.51802    0.0000  2023/12/11
 0.0000000   4.0000000    0.0000   5831.400 0.055   -3.1   -3.4 -2.15 -0.056  40   2 12:27:58     45240.51859    0.0000  2023/12/11
 0.0000000   4.0000000    0.0000   5831.398 0.036   -2.8   -3.4 -2.14 -0.056  40   0 12:28:42     45240.51910    0.0000  2023/12/11
 0.0000000   4.0000000    0.0000   5831.398 0.032   -2.3   -3.4 -2.13 -0.056  40   0 12:29:26     45240.51961    0.0000  2023/12/11
 0.0000000   5.0000000    0.0000   5813.262 0.062   -0.3   -1.7 -1.88 -0.061  40   0 13:03:49     45240.54345    0.0000  2023/12/11
 0.0000000   5.0000000    0.0000   5813.267 0.074    0.4   -1.2 -1.89 -0.061  40   0 13:04:38     45240.54401    0.0000  2023/12/11
 0.0000000   5.0000000    0.0000   5813.267 0.046    1.4   -1.1 -1.90 -0.061  40   0 13:05:22     45240.54452    0.0000  2023/12/11
 0.0000000   5.0000000    0.0000   5813.267 0.041    1.7   -1.5 -1.91 -0.062  40   0 13:06:06     45240.54503    0.0000  2023/12/11
 0.0000000   4.0000000    0.0000   5831.397 0.034   -3.8   -4.1 -2.03 -0.065  40   1 13:22:20     45240.55628    0.0000  2023/12/11
 0.0000000   4.0000000    0.0000   5831.397 0.038   -2.9   -3.3 -2.02 -0.065  40   0 13:23:09     45240.55685    0.0000  2023/12/11
 0.0000000   4.0000000    0.0000   5831.398 0.052   -1.6   -3.0 -2.01 -0.065  40   0 13:23:53     45240.55736    0.0000  2023/12/11
 0.0000000   4.0000000    0.0000   5831.396 0.055   -1.2   -2.8 -2.01 -0.065  40   0 13:24:37     45240.55787    0.0000  2023/12/11
 0.0000000   5.0000000    0.0000   5813.268 0.049    1.8   -4.1 -1.99 -0.069  40   0 13:39:59     45240.56852    0.0000  2023/12/11
 0.0000000   5.0000000    0.0000   5813.267 0.052    2.7   -4.0 -1.98 -0.069  40   0 13:40:48     45240.56909    0.0000  2023/12/11
 0.0000000   5.0000000    0.0000   5813.268 0.056    3.2   -3.9 -1.98 -0.069  40   0 13:41:32     45240.56960    0.0000  2023/12/11
 0.0000000   5.0000000    0.0000   5813.267 0.074    3.4   -4.2 -1.98 -0.069  40   0 13:42:16     45240.57010    0.0000  2023/12/11
 0.0000000   6.0000000    0.0000   5793.213 0.073    1.7    1.3 -2.09 -0.073  40   0 13:59:30     45240.58205    0.0000  2023/12/11
 0.0000000   6.0000000    0.0000   5793.212 0.084    2.3    1.2 -2.09 -0.073  40   0 14:00:19     45240.58262    0.0000  2023/12/11
 0.0000000   6.0000000    0.0000   5793.214 0.066    2.8    1.6 -2.08 -0.074  40   0 14:01:03     45240.58313    0.0000  2023/12/11
 0.0000000   6.0000000    0.0000   5793.215 0.059    3.2    1.5 -2.08 -0.074  40   0 14:01:47     45240.58364    0.0000  2023/12/11
 0.0000000   5.0000000    0.0000   5813.267 0.054   -6.5   -2.7 -2.12 -0.077  40   0 14:16:38     45240.59393    0.0000  2023/12/11
 0.0000000   5.0000000    0.0000   5813.269 0.046   -5.8   -2.5 -2.12 -0.077  40   0 14:17:27     45240.59450    0.0000  2023/12/11
 0.0000000   5.0000000    0.0000   5813.269 0.057   -5.3   -2.3 -2.11 -0.077  40   0 14:18:11     45240.59501    0.0000  2023/12/11
 0.0000000   5.0000000    0.0000   5813.269 0.034   -4.8   -2.8 -2.11 -0.078  40   0 14:18:55     45240.59552    0.0000  2023/12/11
 0.0000000   6.0000000    0.0000   5793.210 0.074    3.8    0.0 -2.11 -0.087  40   0 15:05:44     45240.62798    0.0000  2023/12/11
 0.0000000   6.0000000    0.0000   5793.211 0.052    5.8    0.4 -2.10 -0.087  40   1 15:06:33     45240.62854    0.0000  2023/12/11
 0.0000000   6.0000000    0.0000   5793.211 0.069    7.5    0.5 -2.10 -0.087  40   0 15:07:17     45240.62905    0.0000  2023/12/11
 0.0000000   6.0000000    0.0000   5793.208 0.105    8.4    0.5 -2.10 -0.087  40   1 15:08:01     45240.62956    0.0000  2023/12/11
 0.0000000   5.0000000    0.0000   5813.270 0.058   -1.2   -0.9 -2.10 -0.089  40   0 15:24:13     45240.64079    0.0000  2023/12/11
 0.0000000   5.0000000    0.0000   5813.268 0.053   -0.5   -0.6 -2.10 -0.089  40   0 15:25:02     45240.64136    0.0000  2023/12/11
 0.0000000   5.0000000    0.0000   5813.270 0.036    0.0   -0.8 -2.11 -0.089  40   0 15:25:46     45240.64186    0.0000  2023/12/11
 0.0000000   5.0000000    0.0000   5813.270 0.072    0.3   -0.8 -2.11 -0.089  40   0 15:26:30     45240.64237    0.0000  2023/12/11
 0.0000000   4.0000000    0.0000   5831.401 0.065    3.2    2.7 -2.15 -0.091  40   0 15:41:59     45240.65311    0.0000  2023/12/11
 0.0000000   4.0000000    0.0000   5831.401 0.052    4.2    2.7 -2.14 -0.091  40   0 15:42:48     45240.65367    0.0000  2023/12/11
 0.0000000   4.0000000    0.0000   5831.401 0.045    5.0    2.6 -2.14 -0.091  40   0 15:43:32     45240.65418    0.0000  2023/12/11
 0.0000000   4.0000000    0.0000   5831.402 0.043    5.6    2.4 -2.14 -0.091  40   0 15:44:16     45240.65469    0.0000  2023/12/11
 0.0000000   5.0000000    0.0000   5813.269 0.036    0.0    4.1 -2.09 -0.091  40   2 15:58:46     45240.66474    0.0000  2023/12/11
 0.0000000   5.0000000    0.0000   5813.272 0.028    0.2    4.9 -2.09 -0.091  40   1 15:59:35     45240.66531    0.0000  2023/12/11
 0.0000000   5.0000000    0.0000   5813.271 0.031    0.5    5.4 -2.09 -0.091  40   0 16:00:19     45240.66582    0.0000  2023/12/11
 0.0000000   5.0000000    0.0000   5813.272 0.034    1.2    5.5 -2.09 -0.091  40   0 16:01:03     45240.66633    0.0000  2023/12/11
 0.0000000   4.0000000    0.0000   5831.401 0.049    6.0    1.5 -2.05 -0.091  40   0 16:17:40     45240.67785    0.0000  2023/12/11
 0.0000000   4.0000000    0.0000   5831.400 0.040    6.8    2.3 -2.04 -0.091  40   0 16:18:29     45240.67842    0.0000  2023/12/11
 0.0000000   4.0000000    0.0000   5831.404 0.043    7.8    2.1 -2.03 -0.091  40   0 16:19:13     45240.67892    0.0000  2023/12/11
 0.0000000   4.0000000    0.0000   5831.405 0.031    8.7    2.1 -2.02 -0.091  40   0 16:19:57     45240.67943    0.0000  2023/12/11
 0.0000000   3.0000000    0.0000   5852.394 0.041    2.1    1.4 -2.01 -0.089  40   3 16:34:25     45240.68946    0.0000  2023/12/11
 0.0000000   3.0000000    0.0000   5852.391 0.022    3.1    2.0 -2.01 -0.089  40   0 16:35:14     45240.69003    0.0000  2023/12/11
 0.0000000   3.0000000    0.0000   5852.390 0.023    3.4    2.2 -2.00 -0.089  40   0 16:35:58     45240.69054    0.0000  2023/12/11
 0.0000000   3.0000000    0.0000   5852.392 0.026    3.9    2.0 -2.00 -0.089  40   0 16:36:42     45240.69105    0.0000  2023/12/11
 0.0000000   4.0000000    0.0000   5831.398 0.029    1.9   -1.3 -2.08 -0.087  40   0 16:49:47     45240.70012    0.0000  2023/12/11
 0.0000000   4.0000000    0.0000   5831.402 0.027    3.0   -1.2 -2.07 -0.087  40   0 16:50:36     45240.70068    0.0000  2023/12/11
 0.0000000   4.0000000    0.0000   5831.401 0.033    3.6   -1.5 -2.06 -0.086  40   0 16:51:20     45240.70119    0.0000  2023/12/11
 0.0000000   4.0000000    0.0000   5831.397 0.036    4.1   -1.8 -2.06 -0.086  40   0 16:52:04     45240.70170    0.0000  2023/12/11
 0.0000000   3.0000000    0.0000   5852.385 0.036   -3.1  -12.4 -2.03 -0.083  40   1 17:07:04     45240.71210    0.0000  2023/12/11
 0.0000000   3.0000000    0.0000   5852.384 0.028   -3.7  -14.8 -2.03 -0.082  40   0 17:07:53     45240.71267    0.0000  2023/12/11
 0.0000000   3.0000000    0.0000   5852.377 0.031   -4.2  -16.9 -2.02 -0.082  40   2 17:08:37     45240.71317    0.0000  2023/12/11
 0.0000000   3.0000000    0.0000   5852.381 0.027   -5.1  -19.4 -2.02 -0.082  40   1 17:09:21     45240.71368    0.0000  2023/12/11
 0.0000000   3.0000000    0.0000   5852.389 0.028   -5.6  -20.9 -2.03 -0.082  40  22 17:10:05     45240.71419    0.0000  2023/12/11
 0.0000000   3.0000000    0.0000   5852.384 0.040   -5.6  -21.8 -2.03 -0.082  40   5 17:10:49     45240.71470    0.0000  2023/12/11
 0.0000000   2.0000000    0.0000   5876.021 0.018   -0.1   -3.4 -2.12 -0.075  40   2 17:31:57     45240.72935    0.0000  2023/12/11
 0.0000000   2.0000000    0.0000   5876.023 0.015    1.2   -3.3 -2.11 -0.074  40   0 17:32:46     45240.72992    0.0000  2023/12/11
 0.0000000   2.0000000    0.0000   5876.023 0.013    2.1   -3.1 -2.11 -0.074  40   0 17:33:30     45240.73043    0.0000  2023/12/11
 0.0000000   2.0000000    0.0000   5876.022 0.027    2.6   -3.5 -2.11 -0.074  40   7 17:34:14     45240.73094    0.0000  2023/12/11
 0.0000000  10.0000000    0.0000   5874.512 0.019    1.5   -1.1 -1.85 -0.065  40   5 17:53:54     45240.74457    0.0000  2023/12/11
 0.0000000  10.0000000    0.0000   5874.509 0.024    1.6   -1.0 -1.84 -0.065  40   2 17:54:43     45240.74514    0.0000  2023/12/11
 0.0000000  10.0000000    0.0000   5874.509 0.017    1.7   -0.8 -1.83 -0.065  40   0 17:55:27     45240.74565    0.0000  2023/12/11
 0.0000000  10.0000000    0.0000   5874.508 0.014    1.9   -0.8 -1.83 -0.065  40   0 17:56:11     45240.74615    0.0000  2023/12/11
 -161628528050176.000,0   ,0.000   ,16132442164974622000000000000000000.000,   0.000,-183,65528,  -1.#QO,   0.000,0.000   ,0.000   ,17.125  ,1.788   