
/	CG-5 SURVEY
/	Survey name:   	geoken
/	Instrument S/N:	40824
/	Client:        	geoken
/	Operator:      	nurgissa
/	Date:          	2023/12/14
/	Time:          	09:28:57
/	LONG:        	77.1000000 E
/	LAT:         	43.7000000 N
/	ZONE:        	43      
/	GMT DIFF.:   	-6.0

/	CG-5 SETUP PARAMETERS
/	Gref:			0.000   
/	Gcal1:		8400.551
/	TiltxS:		610.968 
/	TiltyS:		659.323 
/	TiltxO:		-101.453
/	TiltyO:		78.137  
/	Tempco:		-0.130  
/	Drift:		0.653   
/	DriftTime Start:	09:29:00
/	DriftDate Start:	2023/12/14

/	CG-5 OPTIONS
/	Tide Correction:    YES
/	Cont. Tilt:         YES
/	Auto Rejection:     YES
/	Terrain Corr.:       NO
/	Seismic Filter:     YES
/	Raw Data:            NO
Line	   0.000S
/------LINE-----STATION-----ALT.------GRAV.---SD.--TILTX--TILTY-TEMP---TIDE---DUR-REJ-----TIME----DEC.TIME+DATE--TERRAIN---DATE
 0.0000000  10.0000000    0.0000   5876.340 0.017   -2.5   -5.0 -2.16 -0.001  40   5 08:39:01     45248.35985    0.0000  2023/12/19
 0.0000000  10.0000000    0.0000   5876.338 0.026   -2.3   -5.0 -2.16 -0.001  40   0 08:39:50     45248.36042    0.0000  2023/12/19
 0.0000000  10.0000000    0.0000   5876.338 0.045   -2.3   -5.1 -2.16 -0.001  40   1 08:40:34     45248.36093    0.0000  2023/12/19
 0.0000000  10.0000000    0.0000   5876.337 0.073   -2.4   -5.2 -2.16 -0.002  40   0 08:41:18     45248.36143    0.0000  2023/12/19
 0.0000000   2.0000000    0.0000   5877.848 0.012   -1.1   -4.4 -2.02 -0.008  40   0 08:54:08     45248.37033    0.0000  2023/12/19
 0.0000000   2.0000000    0.0000   5877.849 0.012   -0.3   -5.0 -2.01 -0.009  40   0 08:54:57     45248.37090    0.0000  2023/12/19
 0.0000000   2.0000000    0.0000   5877.849 0.014    0.0   -5.2 -2.01 -0.009  40   0 08:55:41     45248.37141    0.0000  2023/12/19
 0.0000000   2.0000000    0.0000   5877.850 0.014    0.2   -5.7 -2.00 -0.009  40   0 08:56:25     45248.37192    0.0000  2023/12/19
 0.0000000   1.0000000    0.0000   5895.962 0.015   -5.6    1.1 -2.23 -0.021  40   1 09:19:06     45248.38764    0.0000  2023/12/19
 0.0000000   1.0000000    0.0000   5895.961 0.015   -5.5    1.8 -2.24 -0.021  40   0 09:19:55     45248.38821    0.0000  2023/12/19
 0.0000000   1.0000000    0.0000   5895.962 0.017   -5.4    2.0 -2.24 -0.022  40   0 09:20:39     45248.38872    0.0000  2023/12/19
 0.0000000   1.0000000    0.0000   5895.961 0.014   -5.0    1.7 -2.25 -0.022  40   0 09:21:23     45248.38923    0.0000  2023/12/19
 0.0000000   2.0000000    0.0000   5877.862 0.014    0.2    1.3 -2.25 -0.031  40   0 09:38:48     45248.40130    0.0000  2023/12/19
 0.0000000   2.0000000    0.0000   5877.864 0.008    1.3    1.7 -2.24 -0.031  40   0 09:39:37     45248.40187    0.0000  2023/12/19
 0.0000000   2.0000000    0.0000   5877.864 0.011    1.9    1.8 -2.24 -0.031  40   0 09:40:21     45248.40238    0.0000  2023/12/19
 0.0000000   2.0000000    0.0000   5877.866 0.009    2.3    2.0 -2.23 -0.032  40   0 09:41:05     45248.40288    0.0000  2023/12/19
 0.0000000   1.0000000    0.0000   5895.949 0.013   -1.2    1.5 -2.23 -0.039  40   0 09:56:09     45248.41333    0.0000  2023/12/19
 0.0000000   1.0000000    0.0000   5895.949 0.022   -1.7    3.0 -2.23 -0.039  40   0 09:56:58     45248.41390    0.0000  2023/12/19
 0.0000000   1.0000000    0.0000   5895.950 0.027   -1.9    3.7 -2.24 -0.040  40   0 09:57:42     45248.41441    0.0000  2023/12/19
 0.0000000   1.0000000    0.0000   5895.952 0.018   -2.1    4.0 -2.24 -0.040  40   0 09:58:26     45248.41491    0.0000  2023/12/19
 0.0000000   2.0000000    0.0000   5877.865 0.013    0.8   -1.1 -2.24 -0.048  40   0 10:15:14     45248.42656    0.0000  2023/12/19
 0.0000000   2.0000000    0.0000   5877.864 0.011    1.5   -0.8 -2.24 -0.048  40   0 10:16:03     45248.42713    0.0000  2023/12/19
 0.0000000   2.0000000    0.0000   5877.864 0.011    1.8   -0.8 -2.24 -0.049  40   0 10:16:47     45248.42764    0.0000  2023/12/19
 0.0000000   2.0000000    0.0000   5877.865 0.010    2.0   -1.1 -2.23 -0.049  40   0 10:17:31     45248.42814    0.0000  2023/12/19
 0.0000000   2.0999999    0.0000   5865.961 0.020    1.6   -2.9 -2.18 -0.055  40  10 10:32:08     45248.43828    0.0000  2023/12/19
 0.0000000   2.0999999    0.0000   5865.961 0.021    2.6   -2.4 -2.18 -0.056  40   0 10:32:57     45248.43885    0.0000  2023/12/19
 0.0000000   2.0999999    0.0000   5865.963 0.027    3.5   -1.9 -2.17 -0.056  40   3 10:33:41     45248.43935    0.0000  2023/12/19
 0.0000000   2.0999999    0.0000   5865.964 0.030    4.1   -1.8 -2.17 -0.056  40   2 10:34:25     45248.43986    0.0000  2023/12/19
 0.0000000   2.0000000    0.0000   5877.854 0.013   -1.3   -4.1 -2.09 -0.061  40   0 10:47:31     45248.44894    0.0000  2023/12/19
 0.0000000   2.0000000    0.0000   5877.855 0.012   -1.1   -4.3 -2.09 -0.062  40   0 10:48:20     45248.44951    0.0000  2023/12/19
 0.0000000   2.0000000    0.0000   5877.855 0.013   -0.9   -4.3 -2.10 -0.062  40   0 10:49:04     45248.45002    0.0000  2023/12/19
 0.0000000   2.0000000    0.0000   5877.855 0.016   -0.7   -4.6 -2.10 -0.063  40   0 10:49:48     45248.45053    0.0000  2023/12/19
 0.0000000   2.0999999    0.0000   5865.955 0.054    1.3   -1.7 -2.14 -0.066  40   0 11:00:16     45248.45778    0.0000  2023/12/19
 0.0000000   2.0999999    0.0000   5865.956 0.062    2.0   -1.6 -2.14 -0.067  40   2 11:01:05     45248.45835    0.0000  2023/12/19
 0.0000000   2.0999999    0.0000   5865.959 0.051    2.6   -1.9 -2.14 -0.067  40   2 11:01:49     45248.45886    0.0000  2023/12/19
 0.0000000   2.0999999    0.0000   5865.957 0.039    3.2   -1.6 -2.14 -0.067  40   0 11:02:33     45248.45937    0.0000  2023/12/19
 0.0000000   3.0000000    0.0000   5854.219 0.065    2.9   -2.8 -2.11 -0.070  40   0 11:12:32     45248.46629    0.0000  2023/12/19
 0.0000000   3.0000000    0.0000   5854.221 0.042    3.4   -3.0 -2.11 -0.071  40   1 11:13:21     45248.46686    0.0000  2023/12/19
 0.0000000   3.0000000    0.0000   5854.219 0.047    3.9   -3.3 -2.10 -0.071  40   1 11:14:05     45248.46736    0.0000  2023/12/19
 0.0000000   3.0000000    0.0000   5854.222 0.032    4.1   -3.7 -2.10 -0.071  40   1 11:14:49     45248.46787    0.0000  2023/12/19
 0.0000000   2.0999999    0.0000   5865.953 0.027   -0.4    2.5 -2.07 -0.074  40   0 11:22:28     45248.47318    0.0000  2023/12/19
 0.0000000   2.0999999    0.0000   5865.952 0.025    0.0    3.5 -2.07 -0.074  40   0 11:23:17     45248.47374    0.0000  2023/12/19
 0.0000000   2.0999999    0.0000   5865.956 0.026    0.6    4.1 -2.07 -0.074  40   0 11:24:01     45248.47425    0.0000  2023/12/19
 0.0000000   2.0999999    0.0000   5865.956 0.019    1.1    4.3 -2.07 -0.075  40   0 11:24:45     45248.47476    0.0000  2023/12/19
 0.0000000   3.0000000    0.0000   5854.215 0.036   -1.2   -0.9 -2.07 -0.077  40   0 11:33:10     45248.48060    0.0000  2023/12/19
 0.0000000   3.0000000    0.0000   5854.218 0.141   -1.0   -1.1 -2.07 -0.077  40   8 11:33:59     45248.48116    0.0000  2023/12/19
 0.0000000   3.0000000    0.0000   5854.215 0.052   -0.6   -1.0 -2.07 -0.077  40   1 11:34:43     45248.48167    0.0000  2023/12/19
 0.0000000   3.0000000    0.0000   5854.215 0.040   -0.3   -1.2 -2.07 -0.077  40   0 11:35:27     45248.48218    0.0000  2023/12/19
 0.0000000   4.0000000    0.0000   5833.226 0.039    2.4   -1.9 -2.10 -0.080  40   0 11:45:59     45248.48948    0.0000  2023/12/19
 0.0000000   4.0000000    0.0000   5833.224 0.031    3.0   -1.6 -2.11 -0.080  40   0 11:46:48     45248.49005    0.0000  2023/12/19
 0.0000000   4.0000000    0.0000   5833.224 0.033    3.5   -1.4 -2.11 -0.080  40   0 11:47:32     45248.49056    0.0000  2023/12/19
 0.0000000   4.0000000    0.0000   5833.227 0.027    3.6   -1.5 -2.11 -0.081  40   0 11:48:16     45248.49106    0.0000  2023/12/19
 0.0000000   3.0000000    0.0000   5854.208 0.031   -2.9   -1.6 -2.13 -0.083  40   0 11:57:57     45248.49778    0.0000  2023/12/19
 0.0000000   3.0000000    0.0000   5854.203 0.042   -2.5   -1.0 -2.13 -0.083  40   4 11:58:46     45248.49834    0.0000  2023/12/19
 0.0000000   3.0000000    0.0000   5854.211 0.042   -2.3   -0.1 -2.13 -0.083  40   0 11:59:30     45248.49885    0.0000  2023/12/19
 0.0000000   3.0000000    0.0000   5854.213 0.062   -2.8   -0.3 -2.13 -0.083  40   5 12:00:14     45248.49936    0.0000  2023/12/19
 0.0000000   3.0000000    0.0000   5854.212 0.040   -2.5   -0.1 -2.13 -0.083  40   2 12:00:58     45248.49987    0.0000  2023/12/19
 0.0000000   4.0000000    0.0000   5833.215 0.045    2.1   -4.8 -2.14 -0.086  40   0 12:15:28     45248.50992    0.0000  2023/12/19
 0.0000000   4.0000000    0.0000   5833.219 0.034    3.1   -4.6 -2.15 -0.086  40   2 12:16:17     45248.51049    0.0000  2023/12/19
 0.0000000   4.0000000    0.0000   5833.219 0.038    3.7   -4.6 -2.14 -0.086  40   0 12:17:01     45248.51100    0.0000  2023/12/19
 0.0000000   4.0000000    0.0000   5833.218 0.036    4.4   -4.8 -2.14 -0.086  40   0 12:17:45     45248.51151    0.0000  2023/12/19
 0.0000000   5.0000000    0.0000   5815.079 0.033   -2.0   -2.6 -2.02 -0.089  40   0 13:03:15     45248.54305    0.0000  2023/12/19
 0.0000000   5.0000000    0.0000   5815.080 0.034   -1.7   -2.2 -2.02 -0.089  40   0 13:04:04     45248.54362    0.0000  2023/12/19
 0.0000000   5.0000000    0.0000   5815.081 0.031   -1.8   -2.1 -2.03 -0.089  40   0 13:04:48     45248.54413    0.0000  2023/12/19
 0.0000000   5.0000000    0.0000   5815.080 0.029   -1.7   -2.2 -2.04 -0.089  40   0 13:05:32     45248.54464    0.0000  2023/12/19
 0.0000000   4.0000000    0.0000   5833.208 0.043    1.1   -3.3 -2.10 -0.089  40   0 13:19:05     45248.55403    0.0000  2023/12/19
 0.0000000   4.0000000    0.0000   5833.211 0.035    2.3   -2.9 -2.10 -0.089  40   0 13:19:54     45248.55460    0.0000  2023/12/19
 0.0000000   4.0000000    0.0000   5833.212 0.037    3.1   -2.7 -2.10 -0.089  40   0 13:20:38     45248.55511    0.0000  2023/12/19
 0.0000000   4.0000000    0.0000   5833.211 0.038    3.5   -2.4 -2.11 -0.089  40   0 13:21:22     45248.55561    0.0000  2023/12/19
 0.0000000   5.0000000    0.0000   5815.082 0.042   -4.3    3.7 -2.15 -0.088  40   0 13:34:32     45248.56474    0.0000  2023/12/19
 0.0000000   5.0000000    0.0000   5815.082 0.036   -4.0    5.0 -2.15 -0.087  40   0 13:35:21     45248.56531    0.0000  2023/12/19
 0.0000000   5.0000000    0.0000   5815.083 0.037   -4.0    5.7 -2.15 -0.087  40   0 13:36:05     45248.56582    0.0000  2023/12/19
 0.0000000   5.0000000    0.0000   5815.083 0.038   -3.7    5.8 -2.15 -0.087  40   0 13:36:49     45248.56633    0.0000  2023/12/19
 0.0000000   6.0000000    0.0000   5795.023 0.071    0.1   -1.8 -2.17 -0.085  40   0 13:49:42     45248.57526    0.0000  2023/12/19
 0.0000000   6.0000000    0.0000   5795.021 0.041    0.9   -1.5 -2.17 -0.085  40   0 13:50:31     45248.57582    0.0000  2023/12/19
 0.0000000   6.0000000    0.0000   5795.024 0.052    1.8   -1.3 -2.17 -0.085  40   0 13:51:15     45248.57633    0.0000  2023/12/19
 0.0000000   6.0000000    0.0000   5795.026 0.043    2.6   -1.5 -2.17 -0.085  40   0 13:51:59     45248.57684    0.0000  2023/12/19
 0.0000000   5.0000000    0.0000   5815.083 0.040    1.5   -2.2 -2.16 -0.083  40   0 14:03:55     45248.58512    0.0000  2023/12/19
 0.0000000   5.0000000    0.0000   5815.084 0.044    1.8   -2.0 -2.16 -0.083  40   0 14:04:44     45248.58568    0.0000  2023/12/19
 0.0000000   5.0000000    0.0000   5815.085 0.036    2.1   -1.7 -2.16 -0.083  40   0 14:05:28     45248.58619    0.0000  2023/12/19
 0.0000000   5.0000000    0.0000   5815.085 0.040    2.7   -1.6 -2.16 -0.083  40   0 14:06:12     45248.58670    0.0000  2023/12/19
 0.0000000   6.0000000    0.0000   5795.018 0.064   -0.5    1.0 -2.18 -0.080  40   0 14:19:37     45248.59600    0.0000  2023/12/19
 0.0000000   6.0000000    0.0000   5795.020 0.074    0.5    1.2 -2.18 -0.080  40   0 14:20:26     45248.59657    0.0000  2023/12/19
 0.0000000   6.0000000    0.0000   5795.021 0.053    1.1    1.3 -2.18 -0.080  40   0 14:21:10     45248.59708    0.0000  2023/12/19
 0.0000000   6.0000000    0.0000   5795.022 0.060    1.5    1.2 -2.17 -0.079  40   0 14:21:54     45248.59758    0.0000  2023/12/19
 0.0000000   5.0000000    0.0000   5815.070 0.058    0.7   -1.4 -2.18 -0.077  40   0 14:32:40     45248.60505    0.0000  2023/12/19
 0.0000000   5.0000000    0.0000   5815.068 0.060    1.0   -1.1 -2.18 -0.077  40   0 14:33:29     45248.60562    0.0000  2023/12/19
 0.0000000   5.0000000    0.0000   5815.071 0.057    1.1   -0.9 -2.18 -0.076  40   0 14:34:13     45248.60612    0.0000  2023/12/19
 0.0000000   5.0000000    0.0000   5815.073 0.036    1.6   -1.0 -2.18 -0.076  40   0 14:34:57     45248.60663    0.0000  2023/12/19
 0.0000000   4.0000000    0.0000   5833.196 0.038    0.0   -6.4 -2.21 -0.073  40   1 14:47:21     45248.61523    0.0000  2023/12/19
 0.0000000   4.0000000    0.0000   5833.192 0.062    0.6   -7.3 -2.21 -0.073  40   1 14:48:10     45248.61580    0.0000  2023/12/19
 0.0000000   4.0000000    0.0000   5833.201 0.059    1.1   -7.8 -2.21 -0.072  40   2 14:48:54     45248.61630    0.0000  2023/12/19
 0.0000000   4.0000000    0.0000   5833.199 0.037    1.5   -8.0 -2.20 -0.072  40   5 14:49:38     45248.61681    0.0000  2023/12/19
 0.0000000   4.0000000    0.0000   5833.202 0.035    1.5   -8.5 -2.20 -0.072  40   0 14:50:22     45248.61732    0.0000  2023/12/19
 0.0000000   4.0000000    0.0000   5833.201 0.055    2.2   -8.6 -2.20 -0.072  40   0 14:51:06     45248.61783    0.0000  2023/12/19
 0.0000000   5.0000000    0.0000   5815.063 0.041    5.0   -1.9 -2.22 -0.069  40   0 15:01:28     45248.62502    0.0000  2023/12/19
 0.0000000   5.0000000    0.0000   5815.063 0.044    6.1   -1.2 -2.22 -0.068  40   0 15:02:17     45248.62558    0.0000  2023/12/19
 0.0000000   5.0000000    0.0000   5815.063 0.052    6.5   -0.8 -2.21 -0.068  40   0 15:03:01     45248.62609    0.0000  2023/12/19
 0.0000000   5.0000000    0.0000   5815.065 0.034    6.8   -1.3 -2.21 -0.068  40   0 15:03:45     45248.62660    0.0000  2023/12/19
 0.0000000   4.0000000    0.0000   5833.185 0.036   -3.7   -8.2 -2.19 -0.064  40   0 15:17:22     45248.63604    0.0000  2023/12/19
 0.0000000   4.0000000    0.0000   5833.185 0.037   -2.9   -8.3 -2.19 -0.063  40   0 15:18:11     45248.63661    0.0000  2023/12/19
 0.0000000   4.0000000    0.0000   5833.185 0.044   -2.6   -8.4 -2.19 -0.063  40   0 15:18:55     45248.63712    0.0000  2023/12/19
 0.0000000   4.0000000    0.0000   5833.187 0.038   -2.2   -8.6 -2.19 -0.063  40   0 15:19:39     45248.63762    0.0000  2023/12/19
 0.0000000   3.0000000    0.0000   5854.184 0.039   -2.6   -1.7 -2.19 -0.060  40   7 15:28:47     45248.64396    0.0000  2023/12/19
 0.0000000   3.0000000    0.0000   5854.183 0.030   -2.1   -1.1 -2.19 -0.060  40   1 15:29:36     45248.64452    0.0000  2023/12/19
 0.0000000   3.0000000    0.0000   5854.183 0.036   -1.5   -0.6 -2.19 -0.059  40  10 15:30:20     45248.64503    0.0000  2023/12/19
 0.0000000   3.0000000    0.0000   5854.184 0.027   -1.3   -0.5 -2.19 -0.059  40   0 15:31:04     45248.64554    0.0000  2023/12/19
 0.0000000   4.0000000    0.0000   5833.204 0.121    2.2   -4.2 -2.21 -0.056  40   1 15:40:42     45248.65222    0.0000  2023/12/19
 0.0000000   4.0000000    0.0000   5833.203 0.067    3.2   -3.1 -2.21 -0.056  40   1 15:41:31     45248.65278    0.0000  2023/12/19
 0.0000000   4.0000000    0.0000   5833.200 0.071    3.8   -2.4 -2.21 -0.055  40   0 15:42:15     45248.65329    0.0000  2023/12/19
 0.0000000   4.0000000    0.0000   5833.201 0.055    4.2   -2.3 -2.21 -0.055  40   0 15:42:59     45248.65380    0.0000  2023/12/19
 0.0000000   3.0000000    0.0000   5854.179 0.037   -0.4   -2.0 -2.14 -0.051  40   3 15:53:13     45248.66090    0.0000  2023/12/19
 0.0000000   3.0000000    0.0000   5854.174 0.023    0.0   -1.2 -2.14 -0.051  40   0 15:54:02     45248.66146    0.0000  2023/12/19
 0.0000000   3.0000000    0.0000   5854.175 0.025    0.1   -0.8 -2.14 -0.051  40   0 15:54:46     45248.66197    0.0000  2023/12/19
 0.0000000   3.0000000    0.0000   5854.174 0.024    0.4   -0.7 -2.14 -0.051  40   0 15:55:30     45248.66248    0.0000  2023/12/19
 0.0000000   2.0999999    0.0000   5865.899 0.022    0.0    1.1 -2.15 -0.047  40   0 16:04:27     45248.66869    0.0000  2023/12/19
 0.0000000   2.0999999    0.0000   5865.902 0.018    0.6    1.9 -2.15 -0.047  40   0 16:05:16     45248.66925    0.0000  2023/12/19
 0.0000000   2.0999999    0.0000   5865.902 0.018    1.3    2.5 -2.15 -0.047  40   0 16:06:00     45248.66976    0.0000  2023/12/19
 0.0000000   2.0999999    0.0000   5865.904 0.020    1.8    2.6 -2.15 -0.046  40   0 16:06:44     45248.67027    0.0000  2023/12/19
 0.0000000   3.0000000    0.0000   5854.184 0.024    0.3   -5.7 -2.12 -0.044  40   5 16:13:48     45248.67517    0.0000  2023/12/19
 0.0000000   3.0000000    0.0000   5854.179 0.030    0.6   -5.6 -2.12 -0.044  40   2 16:14:37     45248.67573    0.0000  2023/12/19
 0.0000000   3.0000000    0.0000   5854.184 0.018    1.0   -5.9 -2.12 -0.043  40   0 16:15:21     45248.67624    0.0000  2023/12/19
 0.0000000   3.0000000    0.0000   5854.185 0.023    1.5   -6.0 -2.12 -0.043  40   0 16:16:05     45248.67675    0.0000  2023/12/19
 0.0000000   3.0000000    0.0000   5854.185 0.021    1.7   -6.3 -2.12 -0.043  40   0 16:16:49     45248.67726    0.0000  2023/12/19
 0.0000000   2.0999999    0.0000   5865.876 0.023    2.4    0.8 -2.12 -0.040  40   0 16:24:37     45248.68267    0.0000  2023/12/19
 0.0000000   2.0999999    0.0000   5865.879 0.022    2.9    1.9 -2.12 -0.040  40   0 16:25:26     45248.68323    0.0000  2023/12/19
 0.0000000   2.0999999    0.0000   5865.877 0.027    3.3    2.3 -2.12 -0.039  40   0 16:26:10     45248.68374    0.0000  2023/12/19
 0.0000000   2.0999999    0.0000   5865.881 0.019    3.4    2.4 -2.12 -0.039  40   0 16:26:54     45248.68425    0.0000  2023/12/19
 0.0000000   2.0000000    0.0000   5877.778 0.015   -1.2   -4.9 -2.13 -0.036  40   0 16:36:24     45248.69084    0.0000  2023/12/19
 0.0000000   2.0000000    0.0000   5877.779 0.013   -1.4   -4.9 -2.13 -0.035  40   1 16:37:13     45248.69140    0.0000  2023/12/19
 0.0000000   2.0000000    0.0000   5877.780 0.014   -1.5   -4.8 -2.13 -0.035  40   0 16:37:57     45248.69191    0.0000  2023/12/19
 0.0000000   2.0000000    0.0000   5877.780 0.015   -1.4   -4.6 -2.14 -0.035  40   1 16:38:41     45248.69242    0.0000  2023/12/19
 0.0000000   2.0999999    0.0000   5865.890 0.033   -2.7   -5.0 -2.14 -0.031  40   0 16:50:01     45248.70028    0.0000  2023/12/19
 0.0000000   2.0999999    0.0000   5865.892 0.034   -2.2   -5.1 -2.13 -0.031  40   1 16:50:50     45248.70084    0.0000  2023/12/19
 0.0000000   2.0999999    0.0000   5865.891 0.027   -1.7   -5.0 -2.13 -0.031  40   0 16:51:34     45248.70135    0.0000  2023/12/19
 0.0000000   2.0999999    0.0000   5865.892 0.024   -1.3   -5.0 -2.13 -0.030  40   0 16:52:18     45248.70186    0.0000  2023/12/19
 0.0000000   2.0000000    0.0000   5877.792 0.017   -1.9   -1.1 -2.13 -0.027  40   0 17:01:58     45248.70856    0.0000  2023/12/19
 0.0000000   2.0000000    0.0000   5877.792 0.014   -1.7   -0.9 -2.13 -0.027  40   0 17:02:47     45248.70913    0.0000  2023/12/19
 0.0000000   2.0000000    0.0000   5877.795 0.013   -1.4   -0.2 -2.13 -0.027  40   0 17:03:31     45248.70964    0.0000  2023/12/19
 0.0000000   2.0000000    0.0000   5877.795 0.019   -1.2   -0.3 -2.13 -0.026  40   0 17:04:15     45248.71015    0.0000  2023/12/19
 0.0000000  10.0000000    0.0000   5876.275 0.032    0.0    0.0 -1.87 -0.018  40   0 17:29:06     45248.72738    0.0000  2023/12/19
 0.0000000  10.0000000    0.0000   5876.274 0.020    0.0   -0.1 -1.87 -0.018  40   0 17:29:55     45248.72794    0.0000  2023/12/19
 0.0000000  10.0000000    0.0000   5876.274 0.020    0.0   -0.3 -1.87 -0.018  40   1 17:30:39     45248.72845    0.0000  2023/12/19
 0.0000000  10.0000000    0.0000   5876.275 0.017   -0.2   -0.2 -1.87 -0.018  40   0 17:31:23     45248.72896    0.0000  2023/12/19
 -257333033160704340000000000000000.000,0   ,0.000   ,     0.000,   0.000,-187,65534,  -1.#QO,   0.000,0.000   ,0.000   ,17.125  ,1.788   