/		CG-6 Survey
/		Survey Name:	MAIN-ZVEB
/		Instrument Serial Number:	000000021090374
/		Created:	2023-04-24 05:52:06
/
/		CG-6 Calibration
/		Operator:	IIM
/		Gcal1 [mGal]:	7875.071000
/		Goff [ADU]:	-8388608.000000
/		Gref [mGal]:	0.0000
/		X Scale [arc-sec/ADU]:	0.030819
/		Y Scale [arc-sec/ADU]:	0.030822
/		X Offset [ADU]:	-209699.758131
/		Y Offset [ADU]:	-243152.772818
/		Temperature Coefficient [mGal/mK]:	-0.125000
/		Temperature Scale [mK/ADU]:	-0.000111
/		Drift Rate [mGal/day]:	0.008170
/		Drift Zero Time:	2023-02-14 12:00:00
/		Firmware Version:	CG6_2_20220815
/
/Station	Date	Time	CorrGrav	Line	StdDev	StdErr	RawGrav	X	Y	SensorTemp	TideCorr	TiltCorr	TempCorr	DriftCorr	MeasurDur	InstrHeight	LatUser	LonUser	ElevUser	LatGPS	LonGPS	ElevGPS	Corrections[drift-temp-na-tide-tilt]
1	2023-04-24	05:52:06	5613.4680	2	0.0239	0.0031	5614.0819	0.8	-1.0	0.0249	-0.0557	0.0000	0.0035	-0.5616	60	0.000	55.800000	37.500000	195.70	--	--	--	11011
1	2023-04-24	05:53:06	5613.4684	2	0.0219	0.0028	5614.0818	0.8	-1.2	0.0331	-0.0554	0.0001	0.0035	-0.5616	60	0.000	55.800000	37.500000	195.70	--	--	--	11011
1	2023-04-24	05:54:06	5613.4694	2	0.0149	0.0019	5614.0827	-0.2	-1.0	0.0260	-0.0550	0.0001	0.0034	-0.5617	60	0.000	55.800000	37.500000	195.70	--	--	--	11011
1	2023-04-24	05:55:06	5613.4689	2	0.0189	0.0024	5614.0820	1.1	-0.7	0.0266	-0.0547	0.0001	0.0032	-0.5617	60	0.000	55.800000	37.500000	195.70	--	--	--	11011
1	2023-04-24	05:56:06	5613.4693	2	0.0228	0.0029	5614.0822	0.3	-0.2	0.0224	-0.0543	0.0000	0.0031	-0.5617	60	0.000	55.800000	37.500000	195.70	--	--	--	11011
1	2023-04-24	05:57:06	5613.4704	2	0.0212	0.0027	5614.0829	0.9	-1.1	0.0250	-0.0540	0.0001	0.0031	-0.5617	60	0.000	55.800000	37.500000	195.70	--	--	--	11011
1	2023-04-24	05:58:06	5613.4702	2	0.0231	0.0030	5614.0825	1.3	-0.3	0.0207	-0.0536	0.0000	0.0029	-0.5617	60	0.000	55.800000	37.500000	195.70	--	--	--	11011
1	2023-04-24	05:59:06	5613.4684	2	0.0153	0.0020	5614.0804	-0.2	-0.8	0.0249	-0.0533	0.0000	0.0029	-0.5617	60	0.000	55.800000	37.500000	195.70	--	--	--	11011
1	2023-04-24	06:00:06	5613.4711	2	0.0214	0.0028	5614.0828	0.9	0.2	0.0189	-0.0529	0.0000	0.0028	-0.5617	60	0.000	55.800000	37.500000	195.70	--	--	--	11011
1	2023-04-24	06:01:06	5613.4693	2	0.0216	0.0028	5614.0807	-0.3	-0.6	0.0263	-0.0525	0.0000	0.0028	-0.5617	60	0.000	55.800000	37.500000	195.70	--	--	--	11011
1	2023-04-24	06:02:06	5613.4686	2	0.0174	0.0022	5614.0797	0.1	-0.9	0.0229	-0.0522	0.0000	0.0027	-0.5617	60	0.000	55.800000	37.500000	195.70	--	--	--	11011
1	2023-04-24	06:03:06	5613.4689	2	0.0207	0.0027	5614.0797	0.4	0.2	0.0237	-0.0518	0.0000	0.0027	-0.5617	60	0.000	55.800000	37.500000	195.70	--	--	--	11011
1	2023-04-24	06:04:06	5613.4702	2	0.0200	0.0026	5614.0804	1.3	0.6	0.0197	-0.0515	0.0001	0.0030	-0.5617	60	0.000	55.800000	37.500000	195.70	--	--	--	11011
1	2023-04-24	06:05:06	5613.4694	2	0.0197	0.0025	5614.0794	1.0	0.1	0.0249	-0.0511	0.0000	0.0027	-0.5617	60	0.000	55.800000	37.500000	195.70	--	--	--	11011
1	2023-04-24	06:06:06	5613.4699	2	0.0219	0.0028	5614.0798	0.6	-1.0	0.0218	-0.0507	0.0001	0.0025	-0.5617	60	0.000	55.800000	37.500000	195.70	--	--	--	11011
1	2023-04-24	06:07:06	5613.4703	2	0.0159	0.0021	5614.0797	1.2	0.1	0.0184	-0.0504	0.0001	0.0026	-0.5617	60	0.000	55.800000	37.500000	195.70	--	--	--	11011
1	2023-04-24	06:08:06	5613.4700	2	0.0201	0.0026	5614.0790	1.7	0.1	0.0239	-0.0500	0.0001	0.0026	-0.5617	60	0.000	55.800000	37.500000	195.70	--	--	--	11011
1	2023-04-24	06:09:06	5613.4691	2	0.0175	0.0023	5614.0778	0.6	0.6	0.0229	-0.0496	0.0000	0.0026	-0.5617	60	0.000	55.800000	37.500000	195.70	--	--	--	11011
1	2023-04-24	06:10:06	5613.4692	2	0.0185	0.0024	5614.0777	2.4	0.5	0.0213	-0.0493	0.0001	0.0024	-0.5617	60	0.000	55.800000	37.500000	195.70	--	--	--	11011
1	2023-04-24	06:11:06	5613.4703	2	0.0203	0.0026	5614.0782	2.4	-1.2	0.0212	-0.0489	0.0001	0.0026	-0.5617	60	0.000	55.800000	37.500000	195.70	--	--	--	11011
1	2023-04-24	06:12:06	5613.4695	2	0.0213	0.0027	5614.0773	2.6	0.0	0.0227	-0.0485	0.0001	0.0023	-0.5618	60	0.000	55.800000	37.500000	195.70	--	--	--	11011
1	2023-04-24	06:13:06	5613.4700	2	0.0178	0.0023	5614.0775	1.5	0.9	0.0197	-0.0481	0.0001	0.0023	-0.5618	60	0.000	55.800000	37.500000	195.70	--	--	--	11011
1	2023-04-24	06:14:06	5613.4699	2	0.0157	0.0020	5614.0769	2.8	0.8	0.0229	-0.0477	0.0001	0.0024	-0.5618	60	0.000	55.800000	37.500000	195.70	--	--	--	11011
1	2023-04-24	06:15:06	5613.4700	2	0.0180	0.0023	5614.0767	3.1	-0.1	0.0165	-0.0474	0.0001	0.0024	-0.5618	60	0.000	55.800000	37.500000	195.70	--	--	--	11011
1	2023-04-24	06:16:06	5613.4691	2	0.0187	0.0024	5614.0756	3.2	0.0	0.0162	-0.0470	0.0001	0.0021	-0.5618	60	0.000	55.800000	37.500000	195.70	--	--	--	11011
1	2023-04-24	06:17:06	5613.4708	2	0.0210	0.0027	5614.0767	3.4	-0.9	0.0208	-0.0466	0.0002	0.0022	-0.5618	60	0.000	55.800000	37.500000	195.70	--	--	--	11011
1	2023-04-24	06:18:06	5613.4707	2	0.0224	0.0029	5614.0763	3.3	-0.6	0.0141	-0.0462	0.0002	0.0023	-0.5618	60	0.000	55.800000	37.500000	195.70	--	--	--	11011
1	2023-04-24	06:19:06	5613.4693	2	0.0200	0.0026	5614.0745	2.8	-0.8	0.0154	-0.0458	0.0002	0.0022	-0.5618	60	0.000	55.800000	37.500000	195.70	--	--	--	11011
1	2023-04-24	06:20:06	5613.4703	2	0.0190	0.0024	5614.0752	3.1	-0.7	0.0105	-0.0454	0.0002	0.0021	-0.5618	60	0.000	55.800000	37.500000	195.70	--	--	--	11011
1	2023-04-24	06:21:06	5613.4696	2	0.0169	0.0022	5614.0741	4.8	0.2	0.0209	-0.0450	0.0003	0.0021	-0.5618	60	0.000	55.800000	37.500000	195.70	--	--	--	11011
1	2023-04-24	06:22:06	5613.4686	2	0.0214	0.0028	5614.0726	4.5	0.2	0.0192	-0.0447	0.0002	0.0022	-0.5618	60	0.000	55.800000	37.500000	195.70	--	--	--	11011
1	2023-04-24	06:23:06	5613.4680	2	0.0169	0.0022	5614.0719	4.3	0.6	0.0227	-0.0443	0.0002	0.0020	-0.5618	60	0.000	55.800000	37.500000	195.70	--	--	--	11011
1	2023-04-24	06:24:06	5613.4691	2	0.0173	0.0022	5614.0727	4.0	0.3	0.0120	-0.0439	0.0002	0.0019	-0.5618	60	0.000	55.800000	37.500000	195.70	--	--	--	11011
1	2023-04-24	06:25:06	5613.4693	2	0.0209	0.0027	5614.0722	4.4	2.3	0.0074	-0.0435	0.0003	0.0021	-0.5618	60	0.000	55.800000	37.500000	195.70	--	--	--	11011
1	2023-04-24	06:26:06	5613.4693	2	0.0189	0.0024	5614.0718	4.9	0.8	0.0148	-0.0431	0.0004	0.0020	-0.5618	60	0.000	55.800000	37.500000	195.70	--	--	--	11011
1	2023-04-24	06:27:06	5613.4688	2	0.0177	0.0023	5614.0710	4.7	1.6	0.0150	-0.0427	0.0003	0.0020	-0.5618	60	0.000	55.800000	37.500000	195.70	--	--	--	11011
1	2023-04-24	06:28:06	5613.4706	2	0.0176	0.0023	5614.0722	4.3	1.1	0.0166	-0.0423	0.0003	0.0022	-0.5618	60	0.000	55.800000	37.500000	195.70	--	--	--	11011
1	2023-04-24	06:29:06	5613.4688	2	0.0190	0.0025	5614.0703	3.5	-0.4	0.0148	-0.0419	0.0001	0.0021	-0.5618	60	0.000	55.800000	37.500000	195.70	--	--	--	11011
1	2023-04-24	06:30:06	5613.4706	2	0.0136	0.0018	5614.0717	3.4	-0.4	0.0148	-0.0415	0.0002	0.0020	-0.5619	60	0.000	55.800000	37.500000	195.70	--	--	--	11011
1	2023-04-24	06:31:06	5613.4700	2	0.0166	0.0021	5614.0706	3.4	0.6	0.0196	-0.0411	0.0002	0.0021	-0.5619	60	0.000	55.800000	37.500000	195.70	--	--	--	11011
1	2023-04-24	06:32:06	5613.4693	2	0.0172	0.0022	5614.0696	2.5	0.7	0.0137	-0.0407	0.0001	0.0021	-0.5619	60	0.000	55.800000	37.500000	195.70	--	--	--	11011
1	2023-04-24	06:33:06	5613.4689	2	0.0134	0.0017	5614.0690	2.1	1.5	0.0137	-0.0402	0.0001	0.0020	-0.5619	60	0.000	55.800000	37.500000	195.70	--	--	--	11011
1	2023-04-24	06:34:06	5613.4692	2	0.0157	0.0020	5614.0689	1.6	0.8	0.0176	-0.0398	0.0001	0.0019	-0.5619	60	0.000	55.800000	37.500000	195.70	--	--	--	11011
1	2023-04-24	06:35:06	5613.4702	2	0.0173	0.0022	5614.0693	3.0	1.7	0.0175	-0.0394	0.0002	0.0021	-0.5619	60	0.000	55.800000	37.500000	195.70	--	--	--	11011
1	2023-04-24	06:36:06	5613.4692	2	0.0198	0.0026	5614.0677	3.7	2.5	0.0148	-0.0390	0.0002	0.0022	-0.5619	60	0.000	55.800000	37.500000	195.70	--	--	--	11011
1	2023-04-24	06:37:06	5613.4711	2	0.0187	0.0024	5614.0695	1.9	1.8	0.0162	-0.0386	0.0001	0.0021	-0.5619	60	0.000	55.800000	37.500000	195.70	--	--	--	11011
1	2023-04-24	06:38:06	5613.4706	2	0.0123	0.0016	5614.0686	2.8	1.2	0.0155	-0.0382	0.0001	0.0020	-0.5619	60	0.000	55.800000	37.500000	195.70	--	--	--	11011
1	2023-04-24	06:39:06	5613.4681	2	0.0190	0.0025	5614.0656	1.8	-0.1	0.0209	-0.0378	0.0000	0.0021	-0.5619	60	0.000	55.800000	37.500000	195.70	--	--	--	11011
1	2023-04-24	06:40:06	5613.4675	2	0.0167	0.0022	5614.0645	1.4	0.0	0.0141	-0.0374	0.0000	0.0022	-0.5619	60	0.000	55.800000	37.500000	195.70	--	--	--	11011
1	2023-04-24	06:41:06	5613.4703	2	0.0171	0.0022	5614.0671	1.2	-0.9	0.0158	-0.0369	0.0000	0.0020	-0.5619	60	0.000	55.800000	37.500000	195.70	--	--	--	11011
1	2023-04-24	06:42:06	5613.4678	2	0.0177	0.0023	5614.0640	3.6	-1.4	0.0197	-0.0365	0.0002	0.0021	-0.5619	60	0.000	55.800000	37.500000	195.70	--	--	--	11011
1	2023-04-24	06:43:06	5613.4706	2	0.0174	0.0022	5614.0663	3.7	-1.2	0.0237	-0.0361	0.0002	0.0022	-0.5619	60	0.000	55.800000	37.500000	195.70	--	--	--	11011
1	2023-04-24	06:44:06	5613.4687	2	0.0159	0.0021	5614.0638	4.0	-1.2	0.0191	-0.0357	0.0002	0.0023	-0.5619	60	0.000	55.800000	37.500000	195.70	--	--	--	11011
1	2023-04-24	06:45:06	5613.4703	2	0.0119	0.0015	5614.0649	3.5	-0.1	0.0164	-0.0352	0.0002	0.0024	-0.5619	60	0.000	55.800000	37.500000	195.70	--	--	--	11011
1	2023-04-24	06:46:06	5613.4708	2	0.0204	0.0026	5614.0651	2.9	-0.1	0.0156	-0.0348	0.0002	0.0023	-0.5619	60	0.000	55.800000	37.500000	195.70	--	--	--	11011
1	2023-04-24	06:47:06	5613.4690	2	0.0158	0.0020	5614.0628	3.9	-0.6	0.0191	-0.0344	0.0002	0.0023	-0.5620	60	0.000	55.800000	37.500000	195.70	--	--	--	11011
1	2023-04-24	06:48:06	5613.4694	2	0.0187	0.0024	5614.0629	4.1	-0.5	0.0171	-0.0340	0.0002	0.0022	-0.5620	60	0.000	55.800000	37.500000	195.70	--	--	--	11011
1	2023-04-24	06:49:06	5613.4695	2	0.0148	0.0019	5614.0627	3.9	0.9	0.0162	-0.0335	0.0002	0.0021	-0.5620	60	0.000	55.800000	37.500000	195.70	--	--	--	11011
1	2023-04-24	06:50:06	5613.4688	2	0.0168	0.0022	5614.0613	2.9	0.9	0.0215	-0.0331	0.0001	0.0024	-0.5620	60	0.000	55.800000	37.500000	195.70	--	--	--	11011
1	2023-04-24	06:51:06	5613.4695	2	0.0174	0.0022	5614.0616	3.9	0.8	0.0162	-0.0327	0.0002	0.0023	-0.5620	60	0.000	55.800000	37.500000	195.70	--	--	--	11011
1	2023-04-24	07:03:43	5613.4700	2	0.0178	0.0023	5614.0558	-1.5	-0.7	0.0271	-0.0271	0.0001	0.0033	-0.5620	60	0.000	55.800000	37.500000	195.70	--	--	--	11011
1	2023-04-24	07:04:43	5613.4702	2	0.0202	0.0026	5614.0557	-1.9	-1.3	0.0278	-0.0267	0.0001	0.0031	-0.5621	60	0.000	55.800000	37.500000	195.70	--	--	--	11011
1	2023-04-24	07:05:43	5613.4688	2	0.0191	0.0025	5614.0539	-1.0	-0.2	0.0219	-0.0262	0.0000	0.0031	-0.5621	60	0.000	55.800000	37.500000	195.70	--	--	--	11011
1	2023-04-24	07:06:43	5613.4693	2	0.0171	0.0022	5614.0541	0.3	1.2	0.0151	-0.0258	0.0000	0.0030	-0.5621	60	0.000	55.800000	37.500000	195.70	--	--	--	11011
1	2023-04-24	07:07:43	5613.4696	2	0.0247	0.0032	5614.0540	0.5	0.2	0.0193	-0.0253	0.0000	0.0029	-0.5621	60	0.000	55.800000	37.500000	195.70	--	--	--	11011
1	2023-04-24	07:08:43	5613.4689	2	0.0191	0.0025	5614.0530	-1.0	-1.0	0.0188	-0.0249	0.0001	0.0029	-0.5621	60	0.000	55.800000	37.500000	195.70	--	--	--	11011
1	2023-04-24	07:09:43	5613.4689	2	0.0241	0.0031	5614.0525	-1.7	0.3	0.0294	-0.0244	0.0000	0.0029	-0.5621	60	0.000	55.800000	37.500000	195.70	--	--	--	11011
1	2023-04-24	07:10:43	5613.4689	2	0.0154	0.0020	5614.0522	-1.2	-0.9	0.0186	-0.0240	0.0001	0.0028	-0.5621	60	0.000	55.800000	37.500000	195.70	--	--	--	11011
1	2023-04-24	07:11:43	5613.4704	2	0.0212	0.0027	5614.0533	-1.1	-1.5	0.0213	-0.0235	0.0001	0.0027	-0.5621	60	0.000	55.800000	37.500000	195.70	--	--	--	11011
1	2023-04-24	07:12:43	5613.4695	2	0.0167	0.0022	5614.0519	-1.6	-2.0	0.0255	-0.0231	0.0001	0.0027	-0.5621	60	0.000	55.800000	37.500000	195.70	--	--	--	11011
1	2023-04-24	07:13:43	5613.4694	2	0.0190	0.0024	5614.0513	-1.9	-1.0	0.0238	-0.0226	0.0001	0.0028	-0.5621	60	0.000	55.800000	37.500000	195.70	--	--	--	11011
1	2023-04-24	07:14:43	5613.4704	2	0.0147	0.0019	5614.0516	-2.7	-1.4	0.0155	-0.0222	0.0002	0.0028	-0.5621	60	0.000	55.800000	37.500000	195.70	--	--	--	11011
1	2023-04-24	07:15:43	5613.4687	2	0.0202	0.0026	5614.0496	-1.8	-2.5	0.0148	-0.0217	0.0001	0.0028	-0.5621	60	0.000	55.800000	37.500000	195.70	--	--	--	11011
1	2023-04-24	07:16:43	5613.4682	2	0.0201	0.0026	5614.0487	-1.1	-1.7	0.0168	-0.0212	0.0001	0.0027	-0.5621	60	0.000	55.800000	37.500000	195.70	--	--	--	11011
1	2023-04-24	07:17:43	5613.4689	2	0.0184	0.0024	5614.0490	-2.1	-2.0	0.0228	-0.0208	0.0001	0.0027	-0.5621	60	0.000	55.800000	37.500000	195.70	--	--	--	11011
1	2023-04-24	07:18:43	5613.4693	2	0.0194	0.0025	5614.0490	-3.1	-1.4	0.0163	-0.0203	0.0001	0.0026	-0.5621	60	0.000	55.800000	37.500000	195.70	--	--	--	11011
1	2023-04-24	07:19:43	5613.4690	2	0.0145	0.0019	5614.0482	-2.3	-0.7	0.0180	-0.0199	0.0001	0.0027	-0.5621	60	0.000	55.800000	37.500000	195.70	--	--	--	11011
1	2023-04-24	07:20:43	5613.4714	2	0.0157	0.0020	5614.0501	-1.9	-0.6	0.0252	-0.0194	0.0001	0.0028	-0.5621	60	0.000	55.800000	37.500000	195.70	--	--	--	11011
1	2023-04-24	07:21:43	5613.4675	2	0.0241	0.0031	5614.0458	-1.3	-0.9	0.0224	-0.0189	0.0001	0.0028	-0.5621	60	0.000	55.800000	37.500000	195.70	--	--	--	11011
1	2023-04-24	07:22:43	5613.4698	2	0.0161	0.0021	5614.0474	-1.2	-0.9	0.0140	-0.0185	0.0001	0.0029	-0.5622	60	0.000	55.800000	37.500000	195.70	--	--	--	11011
1	2023-04-24	07:23:43	5613.4687	2	0.0161	0.0021	5614.0461	-0.7	-1.5	0.0192	-0.0180	0.0001	0.0027	-0.5622	60	0.000	55.800000	37.500000	195.70	--	--	--	11011
1	2023-04-24	07:24:43	5613.4687	2	0.0183	0.0024	5614.0456	-0.5	-0.5	0.0204	-0.0175	0.0000	0.0028	-0.5622	60	0.000	55.800000	37.500000	195.70	--	--	--	11011
1	2023-04-24	07:25:43	5613.4689	2	0.0195	0.0025	5614.0454	-1.3	-0.3	0.0205	-0.0171	0.0000	0.0027	-0.5622	60	0.000	55.800000	37.500000	195.70	--	--	--	11011
1	2023-04-24	07:26:43	5613.4696	2	0.0193	0.0025	5614.0456	-1.5	-0.6	0.0244	-0.0166	0.0001	0.0027	-0.5622	60	0.000	55.800000	37.500000	195.70	--	--	--	11011
1	2023-04-24	07:27:43	5613.4699	2	0.0147	0.0019	5614.0455	-0.9	-0.3	0.0224	-0.0161	0.0000	0.0027	-0.5622	60	0.000	55.800000	37.500000	195.70	--	--	--	11011
1	2023-04-24	07:28:43	5613.4689	2	0.0204	0.0026	5614.0439	-2.1	-1.4	0.0227	-0.0157	0.0001	0.0027	-0.5622	60	0.000	55.800000	37.500000	195.70	--	--	--	11011
1	2023-04-24	07:29:43	5613.4697	2	0.0159	0.0021	5614.0443	-0.7	-1.9	0.0115	-0.0152	0.0001	0.0027	-0.5622	60	0.000	55.800000	37.500000	195.70	--	--	--	11011
1	2023-04-24	07:30:43	5613.4685	2	0.0201	0.0026	5614.0428	-0.4	-1.7	0.0215	-0.0147	0.0000	0.0026	-0.5622	60	0.000	55.800000	37.500000	195.70	--	--	--	11011
1	2023-04-24	07:31:43	5613.4692	2	0.0267	0.0034	5614.0430	-1.2	-1.3	0.0206	-0.0143	0.0000	0.0026	-0.5622	60	0.000	55.800000	37.500000	195.70	--	--	--	11011
1	2023-04-24	07:32:43	5613.4688	2	0.0200	0.0026	5614.0421	-1.1	-1.8	0.0244	-0.0138	0.0001	0.0026	-0.5622	60	0.000	55.800000	37.500000	195.70	--	--	--	11011
21	2023-04-24	09:14:44	5590.8797	2	0.0230	0.0030	5591.4037	-2.2	1.4	0.0366	0.0337	0.0001	0.0050	-0.5628	60	0.000	55.800000	37.500000	195.70	55.699642	36.757580	176.1	11011
21	2023-04-24	09:15:44	5590.8776	2	0.0217	0.0028	5591.4021	-2.3	1.8	0.0253	0.0342	0.0001	0.0040	-0.5628	60	0.000	55.800000	37.500000	195.70	55.699699	36.757854	176.6	11011
21	2023-04-24	09:16:44	5590.8791	2	0.0185	0.0024	5591.4039	-2.4	1.7	0.0181	0.0346	0.0002	0.0032	-0.5628	60	0.000	55.800000	37.500000	195.70	55.699646	36.757668	176.9	11011
21	2023-04-24	09:17:44	5590.8794	2	0.0268	0.0035	5591.4046	-2.7	2.8	0.0136	0.0350	0.0003	0.0023	-0.5628	60	0.000	55.800000	37.500000	195.70	55.699455	36.757458	176.8	11011
21	2023-04-24	09:18:44	5590.8785	2	0.0145	0.0019	5591.4039	-2.9	2.8	0.0121	0.0355	0.0002	0.0017	-0.5628	60	0.000	55.800000	37.500000	195.70	55.699432	36.757267	176.7	11011
21	2023-04-24	09:19:44	5590.8797	2	0.0212	0.0027	5591.4056	-2.7	4.0	0.0092	0.0359	0.0002	0.0009	-0.5628	60	0.000	55.800000	37.500000	195.70	--	--	--	11011
21	2023-04-24	09:20:44	5590.8794	2	0.0178	0.0023	5591.4055	-1.8	3.0	-0.0009	0.0363	0.0002	0.0002	-0.5628	60	0.000	55.800000	37.500000	195.70	--	--	--	11011
21	2023-04-24	09:21:44	5590.8792	2	0.0189	0.0024	5591.4054	-2.0	3.9	-0.0061	0.0367	0.0002	-0.0004	-0.5628	60	0.000	55.800000	37.500000	195.70	55.699661	36.757568	175.5	11011
21	2023-04-24	09:22:44	5590.8797	2	0.0224	0.0029	5591.4063	-1.6	3.1	-0.0091	0.0371	0.0002	-0.0011	-0.5628	60	0.000	55.800000	37.500000	195.70	55.699646	36.757492	176.3	11011
21	2023-04-24	09:23:44	5590.8793	2	0.0225	0.0029	5591.4058	-1.0	4.1	-0.0196	0.0376	0.0002	-0.0015	-0.5628	60	0.000	55.800000	37.500000	195.70	55.699890	36.757408	175.8	11011
21	2023-04-24	09:24:44	5590.8797	2	0.0208	0.0027	5591.4063	-1.6	3.8	-0.0209	0.0380	0.0003	-0.0020	-0.5628	60	0.000	55.800000	37.500000	195.70	55.699646	36.757549	176.0	11011
21	2023-04-24	09:25:44	5590.8783	2	0.0263	0.0034	5591.4051	-0.8	3.8	-0.0229	0.0384	0.0002	-0.0025	-0.5629	60	0.000	55.800000	37.500000	195.70	55.699757	36.757801	176.3	11011
21	2023-04-24	09:26:44	5590.8790	2	0.0283	0.0037	5591.4057	-1.7	3.9	-0.0219	0.0388	0.0002	-0.0029	-0.5629	60	0.000	55.800000	37.500000	195.70	55.699348	36.757591	175.1	11011
21	2023-04-24	09:27:44	5590.8783	2	0.0272	0.0035	5591.4051	-0.9	4.2	-0.0358	0.0392	0.0002	-0.0034	-0.5629	60	0.000	55.800000	37.500000	195.70	55.699471	36.757675	174.3	11011
21	2023-04-24	09:28:44	5590.8785	2	0.0258	0.0033	5591.4053	-1.3	5.5	-0.0290	0.0396	0.0004	-0.0039	-0.5629	60	0.000	55.800000	37.500000	195.70	55.699341	36.757694	172.9	11011
21	2023-04-24	09:29:44	5590.8797	2	0.0233	0.0030	5591.4066	-1.7	4.2	-0.0303	0.0400	0.0002	-0.0042	-0.5629	60	0.000	55.800000	37.500000	195.70	55.699558	36.757954	172.9	11011
21	2023-04-24	09:30:44	5590.8790	2	0.0235	0.0030	5591.4058	-2.1	4.3	-0.0314	0.0405	0.0002	-0.0047	-0.5629	60	0.000	55.800000	37.500000	195.70	55.699547	36.757648	171.5	11011
21	2023-04-24	09:31:44	5590.8792	2	0.0184	0.0024	5591.4059	-2.8	5.1	-0.0367	0.0409	0.0004	-0.0050	-0.5629	60	0.000	55.800000	37.500000	195.70	55.699368	36.757935	171.6	11011
21	2023-04-24	09:32:44	5590.8800	2	0.0213	0.0027	5591.4067	-1.5	4.8	-0.0495	0.0413	0.0003	-0.0053	-0.5629	60	0.000	55.800000	37.500000	195.70	55.699528	36.757553	171.5	11011
21	2023-04-24	09:33:44	5590.8791	2	0.0218	0.0028	5591.4056	-1.5	6.3	-0.0454	0.0417	0.0005	-0.0057	-0.5629	60	0.000	55.800000	37.500000	195.70	55.699989	36.757282	172.2	11011
21	2023-04-24	09:34:44	5590.8783	2	0.0213	0.0027	5591.4046	-1.5	6.0	-0.0447	0.0421	0.0005	-0.0059	-0.5629	60	0.000	55.800000	37.500000	195.70	55.699844	36.757477	172.2	11011
21	2023-04-24	09:35:44	5590.8803	2	0.0248	0.0032	5591.4065	-0.5	6.7	-0.0476	0.0425	0.0007	-0.0065	-0.5629	60	0.000	55.800000	37.500000	195.70	55.699699	36.757896	171.7	11011
21	2023-04-24	09:36:44	5590.8782	2	0.0172	0.0022	5591.4045	-0.0	6.3	-0.0533	0.0429	0.0005	-0.0068	-0.5629	60	0.000	55.800000	37.500000	195.70	55.699604	36.757816	170.8	11011
21	2023-04-24	09:37:44	5590.8787	2	0.0198	0.0026	5591.4050	-0.8	6.1	-0.0565	0.0433	0.0004	-0.0070	-0.5629	60	0.000	55.800000	37.500000	195.70	55.699615	36.757751	170.1	11011
21	2023-04-24	09:38:44	5590.8784	2	0.0193	0.0025	5591.4047	-1.1	5.6	-0.0595	0.0437	0.0004	-0.0074	-0.5629	60	0.000	55.800000	37.500000	195.70	55.699520	36.757858	170.3	11011
21	2023-04-24	09:39:44	5590.8782	2	0.0242	0.0031	5591.4041	-1.1	6.5	-0.0658	0.0440	0.0006	-0.0076	-0.5629	60	0.000	55.800000	37.500000	195.70	55.699455	36.757656	169.3	11011
21	2023-04-24	09:40:44	5590.8786	2	0.0188	0.0024	5591.4048	0.7	6.1	-0.0674	0.0444	0.0004	-0.0080	-0.5629	60	0.000	55.800000	37.500000	195.70	55.699284	36.757416	167.4	11011
21	2023-04-24	09:41:44	5590.8795	2	0.0208	0.0027	5591.4054	0.1	6.2	-0.0740	0.0448	0.0005	-0.0083	-0.5629	60	0.000	55.800000	37.500000	195.70	55.699356	36.757725	165.1	11011
21	2023-04-24	09:42:44	5590.8804	2	0.0224	0.0029	5591.4061	0.7	5.4	-0.0680	0.0452	0.0003	-0.0083	-0.5629	60	0.000	55.800000	37.500000	195.70	55.699406	36.757656	163.5	11011
21	2023-04-24	09:43:44	5590.8795	2	0.0197	0.0025	5591.4051	-0.5	6.4	-0.0690	0.0456	0.0005	-0.0087	-0.5630	60	0.000	55.800000	37.500000	195.70	55.699341	36.757702	163.4	11011
21	2023-04-24	09:44:44	5590.8797	2	0.0267	0.0035	5591.4049	-1.6	7.3	-0.0724	0.0460	0.0006	-0.0089	-0.5630	60	0.000	55.800000	37.500000	195.70	55.699375	36.757668	163.1	11011
21	2023-04-24	09:45:44	5590.8793	2	0.0197	0.0025	5591.4045	-1.5	7.3	-0.0749	0.0464	0.0006	-0.0092	-0.5630	60	0.000	55.800000	37.500000	195.70	55.699608	36.757732	162.2	11011
21	2023-04-24	09:46:44	5590.8793	2	0.0175	0.0023	5591.4043	-1.5	6.9	-0.0744	0.0468	0.0005	-0.0092	-0.5630	60	0.000	55.800000	37.500000	195.70	55.699379	36.757778	160.2	11011
21	2023-04-24	09:47:44	5590.8803	2	0.0198	0.0026	5591.4050	-1.9	7.4	-0.0812	0.0471	0.0007	-0.0096	-0.5630	60	0.000	55.800000	37.500000	195.70	55.699501	36.757816	158.4	11011
21	2023-04-24	09:48:44	5590.8786	2	0.0185	0.0024	5591.4032	-1.6	8.5	-0.0834	0.0475	0.0008	-0.0098	-0.5630	60	0.000	55.800000	37.500000	195.70	55.699413	36.757904	159.2	11011
21	2023-04-24	09:49:44	5590.8797	2	0.0226	0.0029	5591.4040	-1.9	7.8	-0.0739	0.0479	0.0008	-0.0100	-0.5630	60	0.000	55.800000	37.500000	195.70	55.699444	36.757801	159.0	11011
21	2023-04-24	09:50:44	5590.8795	2	0.0255	0.0033	5591.4040	-0.1	6.8	-0.0766	0.0483	0.0006	-0.0103	-0.5630	60	0.000	55.800000	37.500000	195.70	55.699242	36.757492	158.7	11011
21	2023-04-24	09:51:44	5590.8786	2	0.0172	0.0022	5591.4028	-1.2	7.0	-0.0847	0.0486	0.0006	-0.0104	-0.5630	60	0.000	55.800000	37.500000	195.70	55.699337	36.757713	157.5	11011
21	2023-04-24	09:52:44	5590.8791	2	0.0244	0.0032	5591.4031	-1.7	7.7	-0.0854	0.0490	0.0007	-0.0108	-0.5630	60	0.000	55.800000	37.500000	195.70	55.699577	36.757702	156.7	11011
21	2023-04-24	09:53:44	5590.8773	2	0.0214	0.0028	5591.4015	-1.8	6.2	-0.0913	0.0494	0.0005	-0.0111	-0.5630	60	0.000	55.800000	37.500000	195.70	55.699207	36.757744	156.7	11011
21	2023-04-24	09:54:44	5590.8791	2	0.0202	0.0026	5591.4029	-0.7	7.1	-0.0834	0.0497	0.0006	-0.0111	-0.5630	60	0.000	55.800000	37.500000	195.70	55.699528	36.757645	159.1	11011
21	2023-04-24	09:55:44	5590.8803	2	0.0201	0.0026	5591.4037	-1.9	7.8	-0.0944	0.0501	0.0008	-0.0112	-0.5630	60	0.000	55.800000	37.500000	195.70	55.699512	36.757778	158.6	11011
21	2023-04-24	09:56:44	5590.8795	2	0.0189	0.0024	5591.4029	-1.9	7.2	-0.0952	0.0504	0.0006	-0.0115	-0.5630	60	0.000	55.800000	37.500000	195.70	55.699368	36.757744	158.2	11011
21	2023-04-24	09:57:44	5590.8790	2	0.0221	0.0029	5591.4020	-1.8	7.9	-0.0810	0.0508	0.0009	-0.0117	-0.5630	60	0.000	55.800000	37.500000	195.70	55.699387	36.757706	158.5	11011
21	2023-04-24	09:58:44	5590.8794	2	0.0196	0.0025	5591.4023	-3.3	8.1	-0.0932	0.0512	0.0009	-0.0119	-0.5630	60	0.000	55.800000	37.500000	195.70	55.699539	36.757778	157.3	11011
21	2023-04-24	09:59:44	5590.8793	2	0.0175	0.0023	5591.4018	-1.9	8.8	-0.0925	0.0515	0.0010	-0.0120	-0.5630	60	0.000	55.800000	37.500000	195.70	55.699234	36.757607	154.9	11011
21	2023-04-24	10:00:44	5590.8792	2	0.0203	0.0026	5591.4018	-1.8	8.1	-0.0998	0.0519	0.0008	-0.0122	-0.5631	60	0.000	55.800000	37.500000	195.70	55.699318	36.757683	154.9	11011
21	2023-04-24	10:01:44	5590.8781	2	0.0198	0.0026	5591.4004	-1.3	7.8	-0.0963	0.0522	0.0007	-0.0122	-0.5631	60	0.000	55.800000	37.500000	195.70	55.699223	36.757568	155.0	11011
21	2023-04-24	10:02:44	5590.8792	2	0.0237	0.0031	5591.4011	-1.3	8.3	-0.1045	0.0526	0.0009	-0.0123	-0.5631	60	0.000	55.800000	37.500000	195.70	55.699436	36.757648	155.1	11011
21	2023-04-24	10:03:44	5590.8794	2	0.0230	0.0030	5591.4013	-1.7	7.6	-0.0992	0.0529	0.0008	-0.0126	-0.5631	60	0.000	55.800000	37.500000	195.70	55.699528	36.758095	155.0	11011
21	2023-04-24	10:04:44	5590.8776	2	0.0198	0.0026	5591.3992	-3.0	7.7	-0.0985	0.0533	0.0009	-0.0126	-0.5631	60	0.000	55.800000	37.500000	195.70	55.699348	36.757607	154.8	11011
21	2023-04-24	10:05:44	5590.8781	2	0.0147	0.0019	5591.3993	-3.7	7.7	-0.1018	0.0536	0.0010	-0.0127	-0.5631	60	0.000	55.800000	37.500000	195.70	55.699455	36.757790	154.7	11011
21	2023-04-24	10:06:44	5590.8796	2	0.0196	0.0025	5591.4003	-3.4	9.4	-0.0950	0.0539	0.0013	-0.0129	-0.5631	60	0.000	55.800000	37.500000	195.70	55.699570	36.757702	154.5	11011
21	2023-04-24	10:07:44	5590.8793	2	0.0202	0.0026	5591.4002	-3.1	8.5	-0.1053	0.0543	0.0011	-0.0132	-0.5631	60	0.000	55.800000	37.500000	195.70	55.699463	36.757675	154.5	11011
21	2023-04-24	10:08:44	5590.8791	2	0.0184	0.0024	5591.3997	-2.4	8.9	-0.1064	0.0546	0.0011	-0.0132	-0.5631	60	0.000	55.800000	37.500000	195.70	55.699520	36.757816	154.5	11011
21	2023-04-24	10:09:44	5590.8788	2	0.0195	0.0025	5591.3990	-1.4	9.9	-0.1037	0.0550	0.0013	-0.0133	-0.5631	60	0.000	55.800000	37.500000	195.70	55.699444	36.757858	154.6	11011
21	2023-04-24	10:10:44	5590.8797	2	0.0245	0.0032	5591.3998	-1.7	9.1	-0.1079	0.0553	0.0011	-0.0134	-0.5631	60	0.000	55.800000	37.500000	195.70	55.699398	36.757706	154.5	11011
21	2023-04-24	10:11:44	5590.8788	2	0.0177	0.0023	5591.3987	-2.1	9.3	-0.1009	0.0556	0.0012	-0.0136	-0.5631	60	0.000	55.800000	37.500000	195.70	55.699032	36.757599	154.6	11011
21	2023-04-24	10:12:44	5590.8795	2	0.0218	0.0028	5591.3994	-1.9	9.3	-0.1083	0.0559	0.0009	-0.0136	-0.5631	60	0.000	55.800000	37.500000	195.70	--	--	--	11011
21	2023-04-24	10:13:44	5590.8780	2	0.0248	0.0032	5591.3975	-2.5	9.3	-0.1089	0.0563	0.0011	-0.0137	-0.5631	60	0.000	55.800000	37.500000	195.70	55.699482	36.758293	154.8	11011
1	2023-04-24	11:59:39	5613.4656	2	0.0169	0.0022	5613.9468	2.3	0.0	0.0557	0.0757	0.0001	0.0066	-0.5637	60	0.000	55.800000	37.500000	195.70	55.780956	37.639336	165.8	11011
1	2023-04-24	12:00:39	5613.4653	2	0.0143	0.0018	5613.9467	1.6	-1.1	0.0525	0.0757	0.0001	0.0066	-0.5637	60	0.000	55.800000	37.500000	195.70	55.780823	37.639362	165.8	11011
1	2023-04-24	12:01:39	5613.4650	2	0.0192	0.0025	5613.9464	1.5	-1.6	0.0536	0.0758	0.0001	0.0064	-0.5637	60	0.000	55.800000	37.500000	195.70	55.780880	37.639336	165.4	11011
1	2023-04-24	12:02:39	5613.4662	2	0.0174	0.0022	5613.9480	1.4	-0.6	0.0459	0.0758	0.0000	0.0061	-0.5637	60	0.000	55.800000	37.500000	195.70	55.780983	37.639393	165.0	11011
1	2023-04-24	12:03:39	5613.4654	2	0.0106	0.0014	5613.9473	0.5	-0.6	0.0450	0.0758	0.0000	0.0061	-0.5637	60	0.000	55.800000	37.500000	195.70	55.780972	37.639362	158.7	11011
1	2023-04-24	12:04:39	5613.4657	2	0.0148	0.0019	5613.9477	1.0	-0.8	0.0423	0.0758	0.0001	0.0059	-0.5638	60	0.000	55.800000	37.500000	195.70	55.781071	37.639450	176.7	11011
1	2023-04-24	12:05:39	5613.4656	2	0.0196	0.0025	5613.9476	0.5	0.2	0.0479	0.0758	0.0000	0.0059	-0.5638	60	0.000	55.800000	37.500000	195.70	--	--	--	11011
1	2023-04-24	12:06:39	5613.4670	2	0.0213	0.0028	5613.9492	1.7	0.4	0.0404	0.0758	0.0001	0.0057	-0.5638	60	0.000	55.800000	37.500000	195.70	55.780804	37.639572	178.1	11011
1	2023-04-24	12:07:39	5613.4657	2	0.0171	0.0022	5613.9478	2.2	0.8	0.0408	0.0759	0.0001	0.0057	-0.5638	60	0.000	55.800000	37.500000	195.70	55.780907	37.639294	172.1	11011
1	2023-04-24	12:08:39	5613.4656	2	0.0224	0.0029	5613.9479	1.8	0.9	0.0435	0.0759	0.0000	0.0056	-0.5638	60	0.000	55.800000	37.500000	195.70	55.780457	37.639221	174.0	11011
1	2023-04-24	12:09:39	5613.4656	2	0.0169	0.0022	5613.9479	2.2	-0.1	0.0426	0.0759	0.0001	0.0054	-0.5638	60	0.000	55.800000	37.500000	195.70	55.780823	37.639160	176.5	11011
1	2023-04-24	12:10:39	5613.4652	2	0.0141	0.0018	5613.9475	1.4	-0.7	0.0432	0.0759	0.0001	0.0056	-0.5638	60	0.000	55.800000	37.500000	195.70	55.780952	37.639259	179.7	11011
1	2023-04-24	12:11:39	5613.4653	2	0.0162	0.0021	5613.9479	0.4	0.4	0.0394	0.0759	0.0000	0.0053	-0.5638	60	0.000	55.800000	37.500000	195.70	55.781124	37.639351	180.1	11011
1	2023-04-24	12:12:39	5613.4666	2	0.0184	0.0024	5613.9490	0.9	1.0	0.0448	0.0759	0.0001	0.0055	-0.5638	60	0.000	55.800000	37.500000	195.70	55.781086	37.639019	181.9	11011
1	2023-04-24	12:13:39	5613.4669	2	0.0189	0.0024	5613.9496	-0.1	1.0	0.0402	0.0758	0.0000	0.0053	-0.5638	60	0.000	55.800000	37.500000	195.70	55.781124	37.639000	183.9	11011
1	2023-04-24	12:14:39	5613.4657	2	0.0123	0.0016	5613.9483	-1.6	0.9	0.0460	0.0758	0.0001	0.0053	-0.5638	60	0.000	55.800000	37.500000	195.70	55.781128	37.638859	185.8	11011
1	2023-04-24	12:15:39	5613.4679	2	0.0146	0.0019	5613.9504	1.4	1.2	0.0469	0.0758	0.0001	0.0055	-0.5638	60	0.000	55.800000	37.500000	195.70	55.781010	37.639259	187.1	11011
1	2023-04-24	12:16:39	5613.4656	2	0.0135	0.0017	5613.9484	2.1	2.5	0.0390	0.0758	0.0001	0.0050	-0.5638	60	0.000	55.800000	37.500000	195.70	55.780918	37.639389	188.0	11011
1	2023-04-24	12:17:39	5613.4677	2	0.0185	0.0024	5613.9506	1.1	1.6	0.0464	0.0758	0.0001	0.0051	-0.5638	60	0.000	55.800000	37.500000	195.70	55.780342	37.639095	184.8	11011
1	2023-04-24	12:18:39	5613.4666	2	0.0183	0.0024	5613.9493	3.2	1.9	0.0409	0.0757	0.0002	0.0052	-0.5638	60	0.000	55.800000	37.500000	195.70	55.780087	37.639267	185.6	11011
1	2023-04-24	12:19:39	5613.4673	2	0.0174	0.0022	5613.9503	2.8	2.0	0.0433	0.0757	0.0001	0.0050	-0.5638	60	0.000	55.800000	37.500000	195.70	55.780983	37.639374	185.3	11011
1	2023-04-24	12:20:39	5613.4666	2	0.0178	0.0023	5613.9495	2.2	1.5	0.0393	0.0757	0.0001	0.0052	-0.5638	60	0.000	55.800000	37.500000	195.70	55.781105	37.638981	173.9	11011
1	2023-04-24	12:21:39	5613.4661	2	0.0182	0.0023	5613.9490	2.5	2.9	0.0349	0.0757	0.0002	0.0051	-0.5638	60	0.000	55.800000	37.500000	195.70	55.781013	37.639065	173.6	11011
1	2023-04-24	12:22:39	5613.4668	2	0.0168	0.0022	5613.9497	2.0	3.0	0.0444	0.0756	0.0002	0.0052	-0.5639	60	0.000	55.800000	37.500000	195.70	55.780972	37.639317	173.9	11011
1	2023-04-24	12:23:39	5613.4659	2	0.0142	0.0018	5613.9490	1.7	2.5	0.0420	0.0756	0.0001	0.0051	-0.5639	60	0.000	55.800000	37.500000	195.70	55.781010	37.638988	173.3	11011
1	2023-04-24	12:24:39	5613.4660	2	0.0208	0.0027	5613.9491	2.2	2.5	0.0462	0.0755	0.0001	0.0050	-0.5639	60	0.000	55.800000	37.500000	195.70	55.780956	37.639294	171.7	11011
1	2023-04-24	12:25:39	5613.4668	2	0.0162	0.0021	5613.9501	2.3	1.4	0.0422	0.0755	0.0001	0.0050	-0.5639	60	0.000	55.800000	37.500000	195.70	55.780991	37.639374	170.9	11011
1	2023-04-24	12:26:39	5613.4669	2	0.0164	0.0021	5613.9504	0.9	1.5	0.0366	0.0754	0.0001	0.0049	-0.5639	60	0.000	55.800000	37.500000	195.70	55.780933	37.639305	169.9	11011
1	2023-04-24	12:27:39	5613.4666	2	0.0172	0.0022	5613.9501	1.7	1.5	0.0435	0.0754	0.0001	0.0050	-0.5639	60	0.000	55.800000	37.500000	195.70	55.780838	37.639317	169.3	11011
1	2023-04-24	12:28:39	5613.4658	2	0.0156	0.0020	5613.9495	2.7	1.2	0.0373	0.0753	0.0001	0.0047	-0.5639	60	0.000	55.800000	37.500000	195.70	55.781010	37.639248	171.4	11011
1	2023-04-24	12:29:39	5613.4673	2	0.0172	0.0022	5613.9509	3.2	1.7	0.0414	0.0753	0.0002	0.0048	-0.5639	60	0.000	55.800000	37.500000	195.70	55.780956	37.639790	170.8	11011
1	2023-04-24	12:30:39	5613.4658	2	0.0144	0.0019	5613.9495	2.4	1.4	0.0461	0.0752	0.0001	0.0049	-0.5639	60	0.000	55.800000	37.500000	195.70	55.781155	37.639450	170.5	11011
1	2023-04-24	12:31:39	5613.4662	2	0.0152	0.0020	5613.9501	1.9	2.4	0.0501	0.0751	0.0001	0.0047	-0.5639	60	0.000	55.800000	37.500000	195.70	55.781364	37.639362	170.9	11011
1	2023-04-24	12:32:39	5613.4672	2	0.0150	0.0019	5613.9510	1.9	2.4	0.0376	0.0751	0.0001	0.0049	-0.5639	60	0.000	55.800000	37.500000	195.70	55.780525	37.638912	172.8	11011
1	2023-04-24	12:33:39	5613.4671	2	0.0156	0.0020	5613.9511	1.5	2.5	0.0363	0.0750	0.0001	0.0047	-0.5639	60	0.000	55.800000	37.500000	195.70	55.780956	37.639076	173.6	11011
1	2023-04-24	12:34:39	5613.4660	2	0.0140	0.0018	5613.9502	1.5	2.4	0.0344	0.0749	0.0001	0.0046	-0.5639	60	0.000	55.800000	37.500000	195.70	55.780972	37.639305	174.4	11011
1	2023-04-24	12:35:39	5613.4655	2	0.0177	0.0023	5613.9497	1.0	2.6	0.0286	0.0749	0.0001	0.0047	-0.5639	60	0.000	55.800000	37.500000	195.70	55.781128	37.639439	174.6	11011
1	2023-04-24	12:36:39	5613.4663	2	0.0146	0.0019	5613.9504	1.2	3.7	0.0380	0.0748	0.0002	0.0049	-0.5639	60	0.000	55.800000	37.500000	195.70	55.780231	37.638515	176.3	11011
1	2023-04-24	12:37:39	5613.4667	2	0.0153	0.0020	5613.9509	1.9	3.0	0.0407	0.0747	0.0002	0.0048	-0.5639	60	0.000	55.800000	37.500000	195.70	55.780819	37.639084	177.0	11011
1	2023-04-24	12:38:39	5613.4659	2	0.0212	0.0027	5613.9505	0.3	1.5	0.0394	0.0746	0.0001	0.0047	-0.5639	60	0.000	55.800000	37.500000	195.70	55.780811	37.639469	176.8	11011
1	2023-04-24	12:39:39	5613.4669	2	0.0138	0.0018	5613.9516	1.3	2.6	0.0373	0.0745	0.0002	0.0046	-0.5640	60	0.000	55.800000	37.500000	195.70	55.780632	37.639095	180.3	11011
1	2023-04-24	12:40:39	5613.4652	2	0.0165	0.0021	5613.9499	2.1	2.4	0.0348	0.0744	0.0001	0.0047	-0.5640	60	0.000	55.800000	37.500000	195.70	55.780689	37.639141	180.3	11011
1	2023-04-24	12:41:39	5613.4648	2	0.0179	0.0023	5613.9498	2.1	3.0	0.0316	0.0744	0.0001	0.0045	-0.5640	60	0.000	55.800000	37.500000	195.70	55.780849	37.639069	180.2	11011
1	2023-04-24	12:42:39	5613.4654	2	0.0145	0.0019	5613.9506	0.8	2.7	0.0341	0.0743	0.0001	0.0045	-0.5640	60	0.000	55.800000	37.500000	195.70	55.780766	37.639114	181.3	11011
1	2023-04-24	12:43:39	5613.4663	2	0.0156	0.0020	5613.9516	0.7	3.0	0.0329	0.0742	0.0001	0.0044	-0.5640	60	0.000	55.800000	37.500000	195.70	55.780544	37.639565	181.8	11011
1	2023-04-24	12:44:39	5613.4660	2	0.0145	0.0019	5613.9513	-0.3	3.2	0.0401	0.0741	0.0001	0.0045	-0.5640	60	0.000	55.800000	37.500000	195.70	55.781162	37.639542	181.1	11011
1	2023-04-24	12:45:39	5613.4652	2	0.0172	0.0022	5613.9507	1.2	2.9	0.0344	0.0740	0.0001	0.0044	-0.5640	60	0.000	55.800000	37.500000	195.70	55.781620	37.640343	180.8	11011
1	2023-04-24	12:46:39	5613.4659	2	0.0170	0.0022	5613.9515	1.9	3.4	0.0356	0.0738	0.0002	0.0045	-0.5640	60	0.000	55.800000	37.500000	195.70	55.781601	37.639889	181.9	11011
1	2023-04-24	12:47:39	5613.4672	2	0.0143	0.0018	5613.9528	1.7	3.3	0.0308	0.0737	0.0002	0.0044	-0.5640	60	0.000	55.800000	37.500000	195.70	55.780556	37.638897	187.2	11011
1	2023-04-24	12:48:39	5613.4659	2	0.0144	0.0019	5613.9515	3.3	3.9	0.0356	0.0736	0.0003	0.0045	-0.5640	60	0.000	55.800000	37.500000	195.70	55.780727	37.639267	187.9	11011
1	2023-04-24	12:49:39	5613.4662	2	0.0117	0.0015	5613.9520	3.0	2.5	0.0347	0.0735	0.0002	0.0044	-0.5640	60	0.000	55.800000	37.500000	195.70	55.780933	37.639351	189.0	11011
1	2023-04-24	12:50:39	5613.4668	2	0.0140	0.0018	5613.9528	2.6	3.4	0.0316	0.0734	0.0002	0.0045	-0.5640	60	0.000	55.800000	37.500000	195.70	55.780964	37.639278	189.4	11011
1	2023-04-24	12:51:39	5613.4657	2	0.0148	0.0019	5613.9517	2.4	3.4	0.0322	0.0733	0.0002	0.0045	-0.5640	60	0.000	55.800000	37.500000	195.70	--	--	--	11011
1	2023-04-24	12:52:39	5613.4668	2	0.0118	0.0015	5613.9531	0.8	4.4	0.0365	0.0731	0.0002	0.0044	-0.5640	60	0.000	55.800000	37.500000	195.70	--	--	--	11011
1	2023-04-24	12:53:39	5613.4660	2	0.0177	0.0023	5613.9522	2.0	4.7	0.0403	0.0730	0.0003	0.0044	-0.5640	60	0.000	55.800000	37.500000	195.70	55.781288	37.639946	191.3	11011
1	2023-04-24	12:54:39	5613.4672	2	0.0211	0.0027	5613.9534	2.4	5.4	0.0362	0.0729	0.0004	0.0045	-0.5640	60	0.000	55.800000	37.500000	195.70	55.781620	37.641434	192.9	11011
1	2023-04-24	12:55:39	5613.4669	2	0.0228	0.0029	5613.9534	3.9	4.3	0.0400	0.0728	0.0004	0.0044	-0.5640	60	0.000	55.800000	37.500000	195.70	55.781010	37.639030	195.4	11011
1	2023-04-24	12:56:39	5613.4650	2	0.0161	0.0021	5613.9519	2.5	4.3	0.0308	0.0726	0.0003	0.0042	-0.5640	60	0.000	55.800000	37.500000	195.70	55.781250	37.639191	197.7	11011
1	2023-04-24	12:57:39	5613.4664	2	0.0141	0.0018	5613.9534	2.6	4.3	0.0362	0.0725	0.0003	0.0043	-0.5641	60	0.000	55.800000	37.500000	195.70	--	--	--	11011
1	2023-04-24	12:58:39	5613.4665	2	0.0135	0.0017	5613.9535	2.7	4.5	0.0340	0.0723	0.0003	0.0044	-0.5641	60	0.000	55.800000	37.500000	195.70	55.780430	37.638390	196.3	11011
