
/	CG-5 SURVEY
/	Survey name:   	00 18 05 2019
/	Instrument S/N:	49459
/	Client:        	TNG.KGF
/	Operator:      	Zaynutdinov
/	Date:          	2019/ 5/18
/	Time:          	02:28:04
/	LONG:        	48.8000000 E
/	LAT:         	55.8000000 N
/	ZONE:        	9       
/	GMT DIFF.:   	0.0 

/	CG-5 SETUP PARAMETERS
/	Gref:			1500.000
/	Gcal1:		8925.088
/	TiltxS:		662.263 
/	TiltyS:		644.285 
/	TiltxO:		5.751   
/	TiltyO:		-31.974 
/	Tempco:		-0.121  
/	Drift:		0.426   
/	DriftTime Start:	03:16:49
/	DriftDate Start:	2019/05/18

/	CG-5 OPTIONS
/	Tide Correction:    YES
/	Cont. Tilt:         YES
/	Auto Rejection:     YES
/	Terrain Corr.:       NO
/	Seismic Filter:     YES
/	Raw Data:           YES
Line	   4.000N
/------LINE-----STATION-----ALT.------GRAV.---SD.--TILTX--TILTY-TEMP---TIDE---DUR-REJ-----TIME----DEC.TIME+DATE--TERRAIN---DATE
 4.0000000   1.0000000   25.6834   6654.787 0.023   -0.2    0.0 -3.78 -0.059  55   3 03:17:50     6905.13716    0.0000  2019/05/18
 4.0000000   1.0000000   25.6834   6654.789 0.019    1.2    0.2 -3.79 -0.059  55   0 03:18:55     6905.13792    0.0000  2019/05/18
 4.0000000   1.0000000   25.4393   6654.789 0.030    1.9   -0.1 -3.80 -0.058  55   0 03:19:55     6905.13861    0.0000  2019/05/18
 4.0000000   1.0000000   25.1951   6654.787 0.035    2.5   -0.1 -3.81 -0.058  55   0 03:20:55     6905.13930    0.0000  2019/05/18
 4.0000000   1.0000000   25.1951   6654.785 0.051    2.9   -0.9 -3.82 -0.057  55   0 03:21:55     6905.14000    0.0000  2019/05/18
 4.0000000   1.0000000   24.7068   6654.788 0.045    3.5   -1.2 -3.82 -0.057  55   0 03:22:55     6905.14069    0.0000  2019/05/18
 4.0000000   1.0000000   24.7068   6654.787 0.030    3.8   -1.6 -3.83 -0.056  55   0 03:23:55     6905.14138    0.0000  2019/05/18
 4.0000000   1.0000000   24.2186   6654.788 0.030    4.0   -2.1 -3.84 -0.056  55   0 03:24:55     6905.14208    0.0000  2019/05/18
 4.0000000   1.0000000   24.2186   6654.789 0.033    4.3   -2.3 -3.84 -0.055  55   0 03:25:55     6905.14277    0.0000  2019/05/18
 4.0000000   1.0000000   23.9744   6654.789 0.029    4.4   -2.6 -3.84 -0.055  55   0 03:26:55     6905.14346    0.0000  2019/05/18
 4.0000000   1.0000000   23.7303   6654.789 0.021    4.4   -2.9 -3.84 -0.054  55   0 03:27:55     6905.14416    0.0000  2019/05/18
 4.0000000   1.0000000   23.7303   6654.790 0.014    4.5   -3.2 -3.83 -0.054  55   0 03:28:55     6905.14485    0.0000  2019/05/18
 4.0000000   1.0000000   23.4861   6654.790 0.015    4.5   -3.3 -3.82 -0.053  55   0 03:29:55     6905.14554    0.0000  2019/05/18
 4.0000000   1.0000000   23.2420   6654.789 0.016    4.7   -3.3 -3.82 -0.053  55  17 03:30:55     6905.14624    0.0000  2019/05/18
 4.0000000   1.0000000   23.2420   6654.790 0.049    0.2   -0.8 -3.81 -0.052  55  22 03:31:55     6905.14693    0.0000  2019/05/18
/	CG-5 SURVEY
/	Survey name:   	01 18 05 2019
/	Instrument S/N:	49459
/	Client:        	TNG.KGF
/	Operator:      	Zaynutdinov
/	Date:          	2019/ 5/18
/	Time:          	03:33:24
/	LONG:        	48.8000000 E
/	LAT:         	55.8000000 N
/	ZONE:        	9       
/	GMT DIFF.:   	0.0 
/------LINE-----STATION-----ALT.------GRAV.---SD.--TILTX--TILTY-TEMP---TIDE---DUR-REJ-----TIME----DEC.TIME+DATE--TERRAIN---DATE
 4.0000000   1.0000000   22.7537   6654.792 0.017   -1.3   -0.4 -3.78 -0.051  55   8 03:33:36     6905.14810    0.0000  2019/05/18
 4.0000000   1.0000000   22.7537   6654.792 0.013   -1.3   -0.4 -3.77 -0.051  55   0 03:34:41     6905.14885    0.0000  2019/05/18
 4.0000000   1.0000000   22.5096   6654.791 0.012   -1.2   -0.6 -3.76 -0.050  55   0 03:35:41     6905.14954    0.0000  2019/05/18
 4.0000000   1.0000000   22.5096   6654.791 0.010   -1.2   -0.6 -3.74 -0.050  55   0 03:36:41     6905.15023    0.0000  2019/05/18
 4.0000000   1.0000000   22.2654   6654.791 0.011   -1.2   -0.7 -3.73 -0.049  55   0 03:37:41     6905.15093    0.0000  2019/05/18
 4.0000000   1.0000000   22.2654   6654.792 0.012   -1.3   -0.8 -3.71 -0.049  55   0 03:38:41     6905.15162    0.0000  2019/05/18
 4.0000000   1.0000000   22.0213   6654.792 0.011   -1.3   -0.8 -3.69 -0.048  55   0 03:39:41     6905.15231    0.0000  2019/05/18
 4.0000000   1.0000000   22.0213   6654.792 0.009   -1.2   -0.9 -3.68 -0.048  55   0 03:40:41     6905.15301    0.0000  2019/05/18
 4.0000000   1.0000000   21.7772   6654.793 0.012   -1.3   -1.1 -3.66 -0.047  55   0 03:41:41     6905.15370    0.0000  2019/05/18
 4.0000000   1.0000000   21.7772   6654.792 0.009   -1.4   -1.2 -3.64 -0.047  55   0 03:42:41     6905.15439    0.0000  2019/05/18
 4.0000000   1.0000000   21.5330   6654.792 0.013   -1.5   -1.6 -3.63 -0.046  55   0 03:43:41     6905.15509    0.0000  2019/05/18
 4.0000000   1.0000000   21.5330   6654.791 0.009   -1.7   -1.7 -3.61 -0.046  55   0 03:44:41     6905.15578    0.0000  2019/05/18
 4.0000000   1.0000000   21.5330   6654.792 0.010   -1.8   -1.8 -3.59 -0.045  55   0 03:45:41     6905.15647    0.0000  2019/05/18
 4.0000000   1.0000000   21.2889   6654.787 0.011   -1.9   -1.9 -3.58 -0.045  55   0 03:46:41     6905.15717    0.0000  2019/05/18
 4.0000000   1.0000000   21.2889   6654.788 0.011   -2.0   -2.0 -3.56 -0.044  55   0 03:47:41     6905.15786    0.0000  2019/05/18
 4.0000000   1.0000000   21.2889   6654.787 0.010   -2.2   -2.2 -3.54 -0.044  55   0 03:48:41     6905.15855    0.0000  2019/05/18
 4.0000000   1.0000000   21.0447   6654.789 0.010   -2.4   -2.2 -3.52 -0.043  55   0 03:49:41     6905.15925    0.0000  2019/05/18
 4.0000000   1.0000000   21.2889   6654.787 0.011   -2.4   -2.3 -3.50 -0.043  55   0 03:50:41     6905.15994    0.0000  2019/05/18
 4.0000000   1.0000000   21.0447   6654.788 0.012   -2.6   -2.3 -3.47 -0.042  55   0 03:51:41     6905.16063    0.0000  2019/05/18
 4.0000000   1.0000000   20.8006   6654.789 0.011   -2.7   -2.4 -3.46 -0.042  55   0 03:52:41     6905.16133    0.0000  2019/05/18
 4.0000000   1.0000000   20.8006   6654.789 0.010   -2.9   -2.6 -3.45 -0.041  55   0 03:53:41     6905.16202    0.0000  2019/05/18
 4.0000000   1.0000000   20.8006   6654.787 0.010   -3.0   -2.8 -3.43 -0.041  55   0 03:54:41     6905.16271    0.0000  2019/05/18
 4.0000000   1.0000000   20.8006   6654.788 0.011   -3.3   -3.0 -3.42 -0.040  55   0 03:55:41     6905.16341    0.0000  2019/05/18
 4.0000000   1.0000000   20.5565   6654.788 0.012   -3.5   -3.1 -3.40 -0.040  55   0 03:56:41     6905.16410    0.0000  2019/05/18
 4.0000000   1.0000000   20.5565   6654.787 0.010   -3.5   -3.3 -3.38 -0.039  55   0 03:57:41     6905.16479    0.0000  2019/05/18
 4.0000000   1.0000000   20.5565   6654.787 0.013   -3.7   -3.3 -3.36 -0.038  55   0 03:58:41     6905.16549    0.0000  2019/05/18
 4.0000000   1.0000000   20.3123   6654.787 0.012   -3.9   -3.4 -3.34 -0.038  55   0 03:59:41     6905.16618    0.0000  2019/05/18
 4.0000000   1.0000000   20.3123   6654.786 0.014   -3.9   -3.5 -3.33 -0.037  55   0 04:00:41     6905.16687    0.0000  2019/05/18
 4.0000000   1.0000000   20.3123   6654.786 0.014   -4.0   -3.6 -3.32 -0.037  55   0 04:01:41     6905.16757    0.0000  2019/05/18
 4.0000000   1.0000000   20.3123   6654.787 0.014   -4.3   -3.8 -3.31 -0.036  55   0 04:02:41     6905.16826    0.0000  2019/05/18
 4.0000000   1.0000000   20.3123   6654.789 0.015   -4.6   -4.0 -3.30 -0.036  55   0 04:03:41     6905.16895    0.0000  2019/05/18
 4.0000000   1.0000000   20.0682   6654.790 0.012   -4.8   -4.1 -3.27 -0.035  55   0 04:04:41     6905.16965    0.0000  2019/05/18
 4.0000000   1.0000000   20.0682   6654.791 0.012   -4.9   -4.4 -3.23 -0.035  55   0 04:05:41     6905.17034    0.0000  2019/05/18
 4.0000000   1.0000000   20.3123   6654.789 0.011   -5.1   -4.6 -3.19 -0.034  55   0 04:06:41     6905.17103    0.0000  2019/05/18
 4.0000000   1.0000000   20.3123   6654.789 0.011   -5.3   -4.7 -3.15 -0.034  55   0 04:07:41     6905.17173    0.0000  2019/05/18
 4.0000000   1.0000000   19.8240   6654.790 0.009   -5.9   -4.7 -3.12 -0.033  55   0 04:08:41     6905.17242    0.0000  2019/05/18
 4.0000000   1.0000000   19.8240   6654.790 0.011   -6.6   -4.8 -3.09 -0.032  55   0 04:09:41     6905.17311    0.0000  2019/05/18
 4.0000000   1.0000000   19.8240   6654.790 0.013   -6.8   -4.9 -3.06 -0.032  55   0 04:10:41     6905.17381    0.0000  2019/05/18
 4.0000000   1.0000000   19.5799   6654.791 0.014   -7.1   -5.0 -3.04 -0.031  55   0 04:11:41     6905.17450    0.0000  2019/05/18
 4.0000000   1.0000000   19.8240   6654.789 0.013   -7.1   -5.1 -3.02 -0.031  55   0 04:12:42     6905.17521    0.0000  2019/05/18
/	CG-5 SURVEY
/	Survey name:   	02 18 05 2019
/	Instrument S/N:	49459
/	Client:        	TNG.KGF
/	Operator:      	Zaynutdinov
/	Date:          	2019/ 5/18
/	Time:          	05:08:14
/	LONG:        	48.7000000 E
/	LAT:         	55.6000000 N
/	ZONE:        	9       
/	GMT DIFF.:   	0.0 
/------LINE-----STATION-----ALT.------GRAV.---SD.--TILTX--TILTY-TEMP---TIDE---DUR-REJ-----TIME----DEC.TIME+DATE--TERRAIN---DATE
 4.0000000   4.0000000   23.9744   6637.245 0.018   -0.4    0.4 -3.02 0.000  55   2 05:09:19     6905.21446    0.0000  2019/05/18
 4.0000000   4.0000000   23.9744   6637.252 0.006    0.2    1.0 -3.03 0.001  55   0 05:10:24     6905.21521    0.0000  2019/05/18
 4.0000000   4.0000000   23.9744   6637.250 0.008    0.2    0.7 -3.05 0.001  55   0 05:11:24     6905.21590    0.0000  2019/05/18
 4.0000000   4.0000000   23.9744   6637.250 0.006    0.1    0.5 -3.08 0.002  55   0 05:12:24     6905.21660    0.0000  2019/05/18
 4.0000000   4.0000000   23.7303   6637.250 0.007    0.0    0.0 -3.10 0.003  55   0 05:13:24     6905.21729    0.0000  2019/05/18
 4.0000000   4.0000000   23.7303   6637.252 0.009    0.0   -0.2 -3.12 0.003  55   0 05:14:24     6905.21798    0.0000  2019/05/18
 4.0000000   4.0000000   23.4861   6637.252 0.007    0.1   -0.6 -3.14 0.004  55   0 05:15:24     6905.21868    0.0000  2019/05/18
 4.0000000   4.0000000   23.4861   6637.250 0.006   -0.1   -0.9 -3.16 0.004  55   0 05:16:24     6905.21937    0.0000  2019/05/18
 4.0000000   4.0000000   23.4861   6637.251 0.005    0.0   -1.3 -3.18 0.005  55   0 05:17:24     6905.22006    0.0000  2019/05/18
 4.0000000   4.0000000   23.2420   6637.251 0.008    0.0   -1.6 -3.20 0.006  55   0 05:18:24     6905.22076    0.0000  2019/05/18
 4.0000000   4.0000000   23.2420   6637.251 0.007    0.2   -1.8 -3.22 0.006  55   0 05:19:24     6905.22145    0.0000  2019/05/18
 4.0000000   4.0000000   23.2420   6637.252 0.008    0.2   -1.9 -3.23 0.007  55   0 05:20:24     6905.22214    0.0000  2019/05/18
 4.0000000   4.0000000   23.2420   6637.251 0.006   -0.1   -2.2 -3.24 0.007  55   0 05:21:24     6905.22284    0.0000  2019/05/18
 4.0000000   4.0000000   23.2420   6637.252 0.006   -0.4   -2.2 -3.25 0.008  55   0 05:22:24     6905.22353    0.0000  2019/05/18
 4.0000000   4.0000000   22.9979   6637.252 0.007   -0.4   -2.3 -3.26 0.008  55   0 05:23:24     6905.22422    0.0000  2019/05/18
 4.0000000   4.0000000   23.2420   6637.252 0.006   -0.6   -2.6 -3.27 0.009  55   0 05:24:24     6905.22492    0.0000  2019/05/18
 4.0000000   4.0000000   22.9979   6637.252 0.006   -0.7   -2.9 -3.28 0.009  55   0 05:25:24     6905.22561    0.0000  2019/05/18
 4.0000000   4.0000000   22.9979   6637.253 0.008   -0.8   -3.1 -3.28 0.010  55   0 05:26:24     6905.22630    0.0000  2019/05/18
 4.0000000   4.0000000   22.9979   6637.253 0.007   -0.9   -3.3 -3.29 0.011  55   0 05:27:24     6905.22700    0.0000  2019/05/18
 4.0000000   4.0000000   22.7537   6637.253 0.006   -1.0   -3.4 -3.29 0.011  55   0 05:28:24     6905.22769    0.0000  2019/05/18
 4.0000000   4.0000000   22.9979   6637.253 0.005   -1.2   -3.6 -3.29 0.012  55   0 05:29:24     6905.22838    0.0000  2019/05/18
 4.0000000   4.0000000   22.9979   6637.253 0.006   -1.2   -3.6 -3.30 0.012  55   0 05:30:24     6905.22908    0.0000  2019/05/18
 4.0000000   4.0000000   22.9979   6637.254 0.006   -1.4   -3.9 -3.30 0.013  55   0 05:31:24     6905.22977    0.0000  2019/05/18
 4.0000000   4.0000000   22.9979   6637.254 0.005   -1.4   -3.9 -3.30 0.013  55   0 05:32:24     6905.23046    0.0000  2019/05/18
 4.0000000   4.0000000   22.9979   6637.254 0.005   -1.7   -4.0 -3.30 0.014  55   0 05:33:24     6905.23116    0.0000  2019/05/18
 4.0000000   4.0000000   22.9979   6637.254 0.006   -1.9   -4.0 -3.30 0.015  55   0 05:34:24     6905.23185    0.0000  2019/05/18
 4.0000000   4.0000000   22.7537   6637.256 0.008   -2.2   -4.0 -3.30 0.015  55   0 05:35:24     6905.23254    0.0000  2019/05/18
 4.0000000   4.0000000   22.9979   6637.255 0.008   -2.5   -4.1 -3.30 0.016  55   0 05:36:24     6905.23324    0.0000  2019/05/18
 4.0000000   4.0000000   22.7537   6637.254 0.005   -2.7   -4.1 -3.30 0.016  55   0 05:37:24     6905.23393    0.0000  2019/05/18
 4.0000000   4.0000000   22.7537   6637.255 0.010   -2.8   -4.3 -3.30 0.017  55   0 05:38:24     6905.23462    0.0000  2019/05/18
 4.0000000   4.0000000   22.9979   6637.255 0.007   -2.8   -4.3 -3.30 0.017  55   0 05:39:24     6905.23532    0.0000  2019/05/18
 4.0000000   4.0000000   22.7537   6637.255 0.007   -2.7   -4.5 -3.30 0.018  55   0 05:40:24     6905.23601    0.0000  2019/05/18
 4.0000000   4.0000000   22.7537   6637.254 0.006   -2.3   -4.6 -3.30 0.018  55   0 05:41:24     6905.23670    0.0000  2019/05/18
 4.0000000   4.0000000   22.7537   6637.254 0.008   -2.3   -4.6 -3.30 0.019  55   0 05:42:24     6905.23740    0.0000  2019/05/18
 4.0000000   4.0000000   22.7537   6637.255 0.005   -2.6   -4.7 -3.30 0.019  55   0 05:43:24     6905.23809    0.0000  2019/05/18
 4.0000000   4.0000000   22.7537   6637.254 0.008   -2.8   -5.0 -3.30 0.020  55   0 05:44:24     6905.23878    0.0000  2019/05/18
 4.0000000   4.0000000   22.7537   6637.254 0.006   -3.2   -5.2 -3.30 0.021  55   0 05:45:24     6905.23948    0.0000  2019/05/18
 4.0000000   4.0000000   22.7537   6637.255 0.005   -3.3   -5.1 -3.30 0.021  55   0 05:46:24     6905.24017    0.0000  2019/05/18
 4.0000000   4.0000000   22.5096   6637.255 0.007   -2.9   -5.2 -3.30 0.022  55   0 05:47:24     6905.24086    0.0000  2019/05/18
 4.0000000   4.0000000   22.7537   6637.256 0.005   -3.1   -5.1 -3.29 0.022  55   0 05:48:25     6905.24157    0.0000  2019/05/18
/	CG-5 SURVEY
/	Survey name:   	03 18 05 2019
/	Instrument S/N:	49459
/	Client:        	TNG.KGF
/	Operator:      	Zaynutdinov
/	Date:          	2019/ 5/18
/	Time:          	06:10:44
/	LONG:        	48.7000000 E
/	LAT:         	55.5000000 N
/	ZONE:        	9       
/	GMT DIFF.:   	0.0 
/------LINE-----STATION-----ALT.------GRAV.---SD.--TILTX--TILTY-TEMP---TIDE---DUR-REJ-----TIME----DEC.TIME+DATE--TERRAIN---DATE
 4.0000000   5.0000000   25.1951   6594.478 0.013   -2.7    3.2 -3.12 0.035  55  13 06:12:48     6905.25847    0.0000  2019/05/18
 4.0000000   5.0000000   25.1951   6594.477 0.009   -2.4    4.0 -3.13 0.036  55   0 06:13:53     6905.25923    0.0000  2019/05/18
 4.0000000   5.0000000   25.1951   6594.477 0.008   -2.2    4.4 -3.15 0.036  55   0 06:14:53     6905.25992    0.0000  2019/05/18
 4.0000000   5.0000000   24.9510   6594.476 0.007   -1.1    4.7 -3.16 0.037  55   1 06:15:53     6905.26061    0.0000  2019/05/18
 4.0000000   5.0000000   24.9510   6594.476 0.008   -0.4    4.6 -3.19 0.037  55   0 06:16:53     6905.26131    0.0000  2019/05/18
 4.0000000   5.0000000   24.9510   6594.475 0.008    0.0    4.5 -3.21 0.038  55   0 06:17:53     6905.26200    0.0000  2019/05/18
 4.0000000   5.0000000   24.9510   6594.475 0.006    0.2    4.4 -3.24 0.038  55   0 06:18:53     6905.26269    0.0000  2019/05/18
 4.0000000   5.0000000   24.7068   6594.475 0.008    0.3    4.2 -3.26 0.039  55   0 06:19:53     6905.26339    0.0000  2019/05/18
 4.0000000   5.0000000   24.7068   6594.474 0.006    0.7    4.1 -3.28 0.039  55   0 06:20:53     6905.26408    0.0000  2019/05/18
 4.0000000   5.0000000   24.4627   6594.475 0.007    1.9    4.1 -3.30 0.040  55   0 06:21:53     6905.26477    0.0000  2019/05/18
 4.0000000   5.0000000   24.2186   6594.475 0.006    2.1    3.9 -3.32 0.040  55   0 06:22:53     6905.26547    0.0000  2019/05/18
 4.0000000   5.0000000   24.2186   6594.474 0.008    2.4    3.6 -3.34 0.041  55   0 06:23:53     6905.26616    0.0000  2019/05/18
 4.0000000   5.0000000   23.9744   6594.475 0.007    2.6    3.6 -3.35 0.041  55   0 06:24:53     6905.26685    0.0000  2019/05/18
 4.0000000   5.0000000   23.9744   6594.473 0.006    2.6    3.3 -3.36 0.042  55   0 06:25:53     6905.26755    0.0000  2019/05/18
 4.0000000   5.0000000   23.7303   6594.476 0.006    2.6    3.3 -3.37 0.042  55   0 06:26:53     6905.26824    0.0000  2019/05/18
 4.0000000   5.0000000   23.7303   6594.475 0.007    2.9    3.2 -3.38 0.042  55   0 06:27:53     6905.26893    0.0000  2019/05/18
 4.0000000   5.0000000   23.7303   6594.475 0.006    3.1    3.0 -3.38 0.043  55   0 06:28:53     6905.26963    0.0000  2019/05/18
 4.0000000   5.0000000   23.4861   6594.475 0.008    3.1    2.9 -3.39 0.043  55   0 06:29:53     6905.27032    0.0000  2019/05/18
 4.0000000   5.0000000   23.4861   6594.475 0.008    2.8    2.7 -3.39 0.044  55   0 06:30:53     6905.27101    0.0000  2019/05/18
 4.0000000   5.0000000   23.2420   6594.476 0.007    2.9    2.5 -3.39 0.044  55   0 06:31:53     6905.27171    0.0000  2019/05/18
 4.0000000   5.0000000   23.2420   6594.476 0.006    3.0    2.5 -3.39 0.045  55   0 06:32:53     6905.27240    0.0000  2019/05/18
 4.0000000   5.0000000   23.2420   6594.477 0.007    3.2    2.2 -3.39 0.045  55   0 06:33:53     6905.27309    0.0000  2019/05/18
 4.0000000   5.0000000   22.9979   6594.477 0.007    3.2    2.2 -3.38 0.046  55   0 06:34:53     6905.27379    0.0000  2019/05/18
 4.0000000   5.0000000   22.9979   6594.477 0.006    3.3    2.1 -3.38 0.046  55   0 06:35:53     6905.27448    0.0000  2019/05/18
 4.0000000   5.0000000   22.7537   6594.476 0.006    3.2    1.9 -3.37 0.046  55   0 06:36:53     6905.27517    0.0000  2019/05/18
 4.0000000   5.0000000   22.7537   6594.477 0.008    3.1    1.6 -3.37 0.047  55   0 06:37:53     6905.27587    0.0000  2019/05/18
 4.0000000   5.0000000   22.5096   6594.477 0.008    2.7    1.7 -3.36 0.047  55   0 06:38:53     6905.27656    0.0000  2019/05/18
 4.0000000   5.0000000   22.5096   6594.477 0.007    2.8    1.7 -3.36 0.048  55   0 06:39:53     6905.27725    0.0000  2019/05/18
 4.0000000   5.0000000   22.2654   6594.476 0.007    2.9    1.6 -3.35 0.048  55   0 06:40:53     6905.27795    0.0000  2019/05/18
 4.0000000   5.0000000   22.2654   6594.477 0.008    2.4    1.4 -3.34 0.048  55   0 06:41:53     6905.27864    0.0000  2019/05/18
 4.0000000   5.0000000   22.2654   6594.476 0.008    2.6    1.2 -3.33 0.049  55   0 06:42:53     6905.27933    0.0000  2019/05/18
 4.0000000   5.0000000   22.0213   6594.478 0.006    2.7    1.1 -3.32 0.049  55   0 06:43:53     6905.28003    0.0000  2019/05/18
 4.0000000   5.0000000   22.0213   6594.478 0.007    2.9    1.2 -3.32 0.050  55   0 06:44:53     6905.28072    0.0000  2019/05/18
 4.0000000   5.0000000   22.0213   6594.477 0.008    3.1    0.9 -3.31 0.050  55   0 06:45:53     6905.28141    0.0000  2019/05/18
 4.0000000   5.0000000   21.7772   6594.477 0.007    2.6    0.5 -3.30 0.050  55   0 06:46:53     6905.28211    0.0000  2019/05/18
 4.0000000   5.0000000   21.7772   6594.477 0.006    2.1    0.4 -3.29 0.051  55   0 06:47:53     6905.28280    0.0000  2019/05/18
 4.0000000   5.0000000   21.7772   6594.477 0.005    1.7    0.3 -3.28 0.051  55   0 06:48:53     6905.28349    0.0000  2019/05/18
 4.0000000   5.0000000   21.7772   6594.478 0.006    1.3    0.1 -3.27 0.052  55   0 06:49:53     6905.28419    0.0000  2019/05/18
 4.0000000   5.0000000   21.7772   6594.477 0.008    0.7    0.0 -3.26 0.052  55   0 06:50:53     6905.28488    0.0000  2019/05/18
 4.0000000   5.0000000   21.7772   6594.477 0.009    0.7    0.0 -3.25 0.052  55   0 06:51:54     6905.28558    0.0000  2019/05/18
/	CG-5 SURVEY
/	Survey name:   	04 18 05 2019
/	Instrument S/N:	49459
/	Client:        	TNG.KGF
/	Operator:      	Zaynutdinov
/	Date:          	2019/ 5/18
/	Time:          	07:37:50
/	LONG:        	48.5000000 E
/	LAT:         	55.1000000 N
/	ZONE:        	9       
/	GMT DIFF.:   	0.0 
/------LINE-----STATION-----ALT.------GRAV.---SD.--TILTX--TILTY-TEMP---TIDE---DUR-REJ-----TIME----DEC.TIME+DATE--TERRAIN---DATE
 4.0000000   6.0000000   24.4627   6561.608 0.042    0.5    0.1 -3.26 0.068  55   0 07:39:27     6905.31855    0.0000  2019/05/18
 4.0000000   6.0000000   24.2186   6561.606 0.021    1.0    0.3 -3.28 0.069  55   4 07:40:32     6905.31930    0.0000  2019/05/18
 4.0000000   6.0000000   23.7303   6561.607 0.008    1.2   -0.1 -3.29 0.069  55   0 07:41:32     6905.32000    0.0000  2019/05/18
 4.0000000   6.0000000   23.7303   6561.606 0.008    1.3   -0.8 -3.30 0.069  55   0 07:42:32     6905.32069    0.0000  2019/05/18
 4.0000000   6.0000000   23.7303   6561.605 0.009    1.6   -1.3 -3.31 0.069  55   0 07:43:32     6905.32138    0.0000  2019/05/18
 4.0000000   6.0000000   23.4861   6561.607 0.012    1.5   -1.6 -3.33 0.069  55   0 07:44:32     6905.32208    0.0000  2019/05/18
 4.0000000   6.0000000   23.2420   6561.605 0.012    1.6   -2.1 -3.34 0.070  55   0 07:45:32     6905.32277    0.0000  2019/05/18
 4.0000000   6.0000000   23.2420   6561.604 0.010    1.4   -2.9 -3.35 0.070  55   0 07:46:32     6905.32346    0.0000  2019/05/18
 4.0000000   6.0000000   22.9979   6561.605 0.007    1.4   -3.0 -3.37 0.070  55   0 07:47:32     6905.32416    0.0000  2019/05/18
 4.0000000   6.0000000   22.7537   6561.605 0.010    1.6   -3.1 -3.38 0.070  55   2 07:48:32     6905.32485    0.0000  2019/05/18
 4.0000000   6.0000000   22.9979   6561.605 0.010    1.4   -3.6 -3.39 0.070  55   0 07:49:32     6905.32554    0.0000  2019/05/18
 4.0000000   6.0000000   22.7537   6561.606 0.008    1.4   -3.7 -3.39 0.070  55   0 07:50:32     6905.32624    0.0000  2019/05/18
 4.0000000   6.0000000   22.7537   6561.606 0.009    1.1   -4.1 -3.40 0.071  55   0 07:51:32     6905.32693    0.0000  2019/05/18
 4.0000000   6.0000000   22.5096   6561.607 0.009    1.0   -4.4 -3.40 0.071  55   0 07:52:32     6905.32762    0.0000  2019/05/18
 4.0000000   6.0000000   22.5096   6561.606 0.015    0.8   -4.7 -3.40 0.071  55   0 07:53:32     6905.32832    0.0000  2019/05/18
 4.0000000   6.0000000   22.0213   6561.605 0.010    0.9   -4.8 -3.40 0.071  55   0 07:54:32     6905.32901    0.0000  2019/05/18
 4.0000000   6.0000000   22.2654   6561.607 0.009    1.0   -5.0 -3.40 0.071  55   0 07:55:32     6905.32970    0.0000  2019/05/18
 4.0000000   6.0000000   22.2654   6561.607 0.011    0.7   -5.1 -3.40 0.071  55   0 07:56:32     6905.33040    0.0000  2019/05/18
 4.0000000   6.0000000   22.2654   6561.608 0.010    0.5   -5.4 -3.39 0.072  55   0 07:57:32     6905.33109    0.0000  2019/05/18
 4.0000000   6.0000000   22.0213   6561.607 0.011    0.3   -5.5 -3.39 0.072  55   0 07:58:32     6905.33178    0.0000  2019/05/18
 4.0000000   6.0000000   22.0213   6561.607 0.009    0.1   -5.8 -3.38 0.072  55   1 07:59:32     6905.33248    0.0000  2019/05/18
 4.0000000   6.0000000   21.7772   6561.608 0.008    0.0   -5.8 -3.37 0.072  55   0 08:00:32     6905.33317    0.0000  2019/05/18
 4.0000000   6.0000000   21.7772   6561.607 0.008    0.0   -5.9 -3.36 0.072  55   0 08:01:32     6905.33386    0.0000  2019/05/18
 4.0000000   6.0000000   21.7772   6561.607 0.009    0.0   -6.3 -3.36 0.072  55   0 08:02:32     6905.33456    0.0000  2019/05/18
 4.0000000   6.0000000   21.7772   6561.606 0.009   -0.4   -6.3 -3.35 0.072  55   0 08:03:32     6905.33525    0.0000  2019/05/18
 4.0000000   6.0000000   21.5330   6561.607 0.009   -0.5   -6.5 -3.34 0.072  55   0 08:04:32     6905.33594    0.0000  2019/05/18
 4.0000000   6.0000000   21.5330   6561.606 0.030   -0.8   -6.7 -3.33 0.073  55   0 08:05:32     6905.33664    0.0000  2019/05/18
 4.0000000   6.0000000   21.5330   6561.607 0.016   -1.0   -7.0 -3.32 0.073  55   0 08:06:32     6905.33733    0.0000  2019/05/18
 4.0000000   6.0000000   21.5330   6561.607 0.009   -1.0   -7.1 -3.32 0.073  55   0 08:07:32     6905.33802    0.0000  2019/05/18
 4.0000000   6.0000000   21.2889   6561.608 0.009   -0.8   -7.3 -3.31 0.073  55   0 08:08:32     6905.33872    0.0000  2019/05/18
 4.0000000   6.0000000   21.2889   6561.607 0.007   -0.8   -7.6 -3.30 0.073  55   0 08:09:32     6905.33941    0.0000  2019/05/18
 4.0000000   6.0000000   21.2889   6561.608 0.009   -0.9   -7.7 -3.29 0.073  55   0 08:10:32     6905.34010    0.0000  2019/05/18
 4.0000000   6.0000000   21.2889   6561.608 0.010   -1.1   -7.9 -3.28 0.073  55   0 08:11:32     6905.34080    0.0000  2019/05/18
 4.0000000   6.0000000   21.2889   6561.607 0.010   -1.3   -8.0 -3.27 0.073  55   0 08:12:32     6905.34149    0.0000  2019/05/18
 4.0000000   6.0000000   21.2889   6561.606 0.010   -1.4   -8.1 -3.26 0.073  55   0 08:13:32     6905.34218    0.0000  2019/05/18
 4.0000000   6.0000000   21.0447   6561.607 0.008   -1.7   -8.1 -3.25 0.073  55   0 08:14:32     6905.34288    0.0000  2019/05/18
 4.0000000   6.0000000   21.2889   6561.607 0.010   -1.8   -8.3 -3.24 0.073  55   0 08:15:32     6905.34357    0.0000  2019/05/18
 4.0000000   6.0000000   21.0447   6561.606 0.010   -1.9   -8.4 -3.24 0.073  55   0 08:16:32     6905.34426    0.0000  2019/05/18
 4.0000000   6.0000000   21.0447   6561.606 0.009   -1.9   -8.6 -3.23 0.073  55   0 08:17:32     6905.34496    0.0000  2019/05/18
 4.0000000   6.0000000   21.0447   6561.607 0.012   -2.1   -8.7 -3.22 0.074  55   0 08:18:33     6905.34566    0.0000  2019/05/18
/	CG-5 SURVEY
/	Survey name:   	05 18 05 2019
/	Instrument S/N:	49459
/	Client:        	TNG.KGF
/	Operator:      	Zaynutdinov
/	Date:          	2019/ 5/18
/	Time:          	09:06:39
/	LONG:        	48.7000000 E
/	LAT:         	55.5000000 N
/	ZONE:        	9       
/	GMT DIFF.:   	0.0 
/------LINE-----STATION-----ALT.------GRAV.---SD.--TILTX--TILTY-TEMP---TIDE---DUR-REJ-----TIME----DEC.TIME+DATE--TERRAIN---DATE
 4.0000000   5.0000000   24.7068   6594.456 0.018    2.9    0.0 -3.27 0.069  55   7 09:07:58     6905.37992    0.0000  2019/05/18
 4.0000000   5.0000000   24.4627   6594.458 0.007    3.3    0.0 -3.29 0.069  55   0 09:09:03     6905.38067    0.0000  2019/05/18
 4.0000000   5.0000000   24.2186   6594.459 0.005    3.1   -0.2 -3.31 0.069  55   0 09:10:03     6905.38137    0.0000  2019/05/18
 4.0000000   5.0000000   24.2186   6594.460 0.009    3.1   -0.6 -3.32 0.068  55   0 09:11:03     6905.38206    0.0000  2019/05/18
 4.0000000   5.0000000   24.2186   6594.460 0.007    3.0   -1.3 -3.34 0.068  55   0 09:12:03     6905.38275    0.0000  2019/05/18
 4.0000000   5.0000000   23.9744   6594.461 0.007    3.0   -1.5 -3.36 0.068  55   0 09:13:03     6905.38345    0.0000  2019/05/18
 4.0000000   5.0000000   23.7303   6594.461 0.006    3.3   -1.9 -3.38 0.068  55   0 09:14:03     6905.38414    0.0000  2019/05/18
 4.0000000   5.0000000   23.4861   6594.462 0.007    3.7   -2.4 -3.40 0.068  55   0 09:15:03     6905.38483    0.0000  2019/05/18
 4.0000000   5.0000000   23.4861   6594.462 0.009    3.9   -2.7 -3.42 0.067  55   0 09:16:03     6905.38553    0.0000  2019/05/18
 4.0000000   5.0000000   23.4861   6594.463 0.008    3.7   -2.9 -3.44 0.067  55   0 09:17:03     6905.38622    0.0000  2019/05/18
 4.0000000   5.0000000   23.2420   6594.461 0.008    3.8   -3.3 -3.45 0.067  55   0 09:18:03     6905.38691    0.0000  2019/05/18
 4.0000000   5.0000000   23.2420   6594.463 0.008    3.8   -3.6 -3.46 0.067  55   0 09:19:03     6905.38761    0.0000  2019/05/18
 4.0000000   5.0000000   22.9979   6594.464 0.008    3.7   -3.7 -3.47 0.067  55   0 09:20:03     6905.38830    0.0000  2019/05/18
 4.0000000   5.0000000   22.9979   6594.464 0.006    3.7   -3.9 -3.48 0.066  55   0 09:21:03     6905.38899    0.0000  2019/05/18
 4.0000000   5.0000000   22.9979   6594.465 0.007    3.5   -4.1 -3.48 0.066  55   0 09:22:03     6905.38969    0.0000  2019/05/18
 4.0000000   5.0000000   22.9979   6594.467 0.008    3.0   -4.5 -3.48 0.066  55   0 09:23:03     6905.39038    0.0000  2019/05/18
 4.0000000   5.0000000   22.9979   6594.464 0.008    2.9   -4.6 -3.48 0.066  55   0 09:24:03     6905.39107    0.0000  2019/05/18
 4.0000000   5.0000000   22.7537   6594.464 0.008    2.6   -4.7 -3.48 0.066  55   0 09:25:03     6905.39177    0.0000  2019/05/18
 4.0000000   5.0000000   22.9979   6594.466 0.007    2.6   -5.0 -3.48 0.065  55   0 09:26:03     6905.39246    0.0000  2019/05/18
 4.0000000   5.0000000   22.9979   6594.465 0.008    2.6   -4.9 -3.48 0.065  55   0 09:27:03     6905.39315    0.0000  2019/05/18
 4.0000000   5.0000000   22.9979   6594.466 0.009    2.4   -5.1 -3.47 0.065  55   0 09:28:03     6905.39385    0.0000  2019/05/18
 4.0000000   5.0000000   23.2420   6594.466 0.009    1.9   -5.2 -3.47 0.065  55   0 09:29:03     6905.39454    0.0000  2019/05/18
 4.0000000   5.0000000   22.9979   6594.468 0.006    1.7   -5.5 -3.46 0.064  55   0 09:30:03     6905.39523    0.0000  2019/05/18
 4.0000000   5.0000000   22.9979   6594.466 0.008    1.4   -5.5 -3.46 0.064  55   0 09:31:03     6905.39593    0.0000  2019/05/18
 4.0000000   5.0000000   22.9979   6594.467 0.011    1.1   -5.5 -3.46 0.064  55   0 09:32:03     6905.39662    0.0000  2019/05/18
 4.0000000   5.0000000   22.7537   6594.468 0.008    1.1   -5.6 -3.45 0.064  55   0 09:33:03     6905.39731    0.0000  2019/05/18
 4.0000000   5.0000000   22.7537   6594.471 0.010    0.9   -5.6 -3.45 0.063  55   0 09:34:03     6905.39801    0.0000  2019/05/18
 4.0000000   5.0000000   22.7537   6594.472 0.009    1.1   -5.7 -3.45 0.063  55   0 09:35:03     6905.39870    0.0000  2019/05/18
 4.0000000   5.0000000   22.7537   6594.471 0.006    1.4   -5.9 -3.44 0.063  55   0 09:36:03     6905.39939    0.0000  2019/05/18
 4.0000000   5.0000000   22.7537   6594.466 0.006    1.2   -5.9 -3.43 0.063  55   0 09:37:03     6905.40009    0.0000  2019/05/18
 4.0000000   5.0000000   22.7537   6594.467 0.006    0.9   -6.2 -3.43 0.062  55   0 09:38:03     6905.40078    0.0000  2019/05/18
 4.0000000   5.0000000   22.5096   6594.468 0.009    0.9   -6.1 -3.42 0.062  55   0 09:39:03     6905.40147    0.0000  2019/05/18
 4.0000000   5.0000000   22.5096   6594.468 0.006    0.9   -6.3 -3.42 0.062  55   0 09:40:03     6905.40217    0.0000  2019/05/18
 4.0000000   5.0000000   22.5096   6594.468 0.008    1.0   -6.5 -3.42 0.061  55   0 09:41:03     6905.40286    0.0000  2019/05/18
 4.0000000   5.0000000   22.5096   6594.468 0.009    0.8   -6.7 -3.41 0.061  55   0 09:42:03     6905.40355    0.0000  2019/05/18
 4.0000000   5.0000000   22.7537   6594.468 0.011    0.5   -6.8 -3.40 0.061  55   0 09:43:03     6905.40425    0.0000  2019/05/18
 4.0000000   5.0000000   22.2654   6594.468 0.007    0.4   -6.9 -3.40 0.061  55   0 09:44:03     6905.40494    0.0000  2019/05/18
 4.0000000   5.0000000   22.2654   6594.468 0.008    0.2   -7.0 -3.39 0.060  55   0 09:45:03     6905.40563    0.0000  2019/05/18
 4.0000000   5.0000000   22.2654   6594.467 0.008    0.4   -7.0 -3.39 0.060  55   0 09:46:03     6905.40633    0.0000  2019/05/18
 4.0000000   5.0000000   22.2654   6594.468 0.006    0.3   -7.4 -3.38 0.060  55   0 09:47:04     6905.40703    0.0000  2019/05/18
/	CG-5 SURVEY
/	Survey name:   	06 18 05 2019
/	Instrument S/N:	49459
/	Client:        	TNG.KGF
/	Operator:      	Zaynutdinov
/	Date:          	2019/ 5/18
/	Time:          	09:49:13
/	LONG:        	48.7000000 E
/	LAT:         	55.6000000 N
/	ZONE:        	9       
/	GMT DIFF.:   	0.0 
/------LINE-----STATION-----ALT.------GRAV.---SD.--TILTX--TILTY-TEMP---TIDE---DUR-REJ-----TIME----DEC.TIME+DATE--TERRAIN---DATE
 4.0000000   4.0000000   23.2420   6637.240 0.031    3.2    0.6 -3.20 0.051  55   1 10:11:07     6905.42371    0.0000  2019/05/18
 4.0000000   4.0000000   23.2420   6637.242 0.008    3.6    0.2 -3.21 0.051  55   0 10:12:12     6905.42446    0.0000  2019/05/18
 4.0000000   4.0000000   22.9979   6637.242 0.008    3.8    0.0 -3.23 0.050  55   0 10:13:12     6905.42515    0.0000  2019/05/18
 4.0000000   4.0000000   22.9979   6637.241 0.007    3.9   -0.4 -3.24 0.050  55   0 10:14:12     6905.42585    0.0000  2019/05/18
 4.0000000   4.0000000   22.7537   6637.242 0.007    3.8   -0.8 -3.26 0.049  55   0 10:15:12     6905.42654    0.0000  2019/05/18
 4.0000000   4.0000000   22.7537   6637.243 0.011    3.6   -1.1 -3.28 0.049  55   0 10:16:12     6905.42723    0.0000  2019/05/18
 4.0000000   4.0000000   22.7537   6637.242 0.010    3.4   -1.7 -3.30 0.049  55   0 10:17:12     6905.42793    0.0000  2019/05/18
 4.0000000   4.0000000   22.7537   6637.243 0.008    3.1   -1.9 -3.32 0.048  55   0 10:18:12     6905.42862    0.0000  2019/05/18
 4.0000000   4.0000000   22.5096   6637.242 0.008    2.9   -2.0 -3.34 0.048  55   0 10:19:12     6905.42931    0.0000  2019/05/18
 4.0000000   4.0000000   22.5096   6637.243 0.007    2.8   -2.4 -3.35 0.047  55   0 10:20:12     6905.43001    0.0000  2019/05/18
 4.0000000   4.0000000   22.5096   6637.243 0.008    2.4   -2.4 -3.36 0.047  55   0 10:21:12     6905.43070    0.0000  2019/05/18
 4.0000000   4.0000000   22.5096   6637.244 0.008    2.3   -2.5 -3.37 0.046  55   0 10:22:12     6905.43139    0.0000  2019/05/18
 4.0000000   4.0000000   22.5096   6637.243 0.009    2.1   -2.4 -3.38 0.046  55   0 10:23:12     6905.43209    0.0000  2019/05/18
 4.0000000   4.0000000   22.2654   6637.245 0.006    2.0   -2.7 -3.39 0.046  55   0 10:24:12     6905.43278    0.0000  2019/05/18
 4.0000000   4.0000000   22.5096   6637.246 0.008    1.6   -2.8 -3.39 0.045  55   0 10:25:12     6905.43347    0.0000  2019/05/18
 4.0000000   4.0000000   22.2654   6637.246 0.010    1.4   -2.9 -3.40 0.045  55   0 10:26:12     6905.43417    0.0000  2019/05/18
 4.0000000   4.0000000   22.2654   6637.246 0.008    1.3   -2.9 -3.40 0.044  55   0 10:27:12     6905.43486    0.0000  2019/05/18
 4.0000000   4.0000000   22.2654   6637.247 0.008    1.4   -2.9 -3.40 0.044  55   0 10:28:12     6905.43555    0.0000  2019/05/18
 4.0000000   4.0000000   22.2654   6637.245 0.007    1.7   -2.9 -3.40 0.043  55   0 10:29:12     6905.43625    0.0000  2019/05/18
 4.0000000   4.0000000   22.2654   6637.246 0.006    1.7   -3.1 -3.40 0.043  55   0 10:30:12     6905.43694    0.0000  2019/05/18
 4.0000000   4.0000000   22.2654   6637.247 0.008    1.6   -3.2 -3.40 0.043  55   0 10:31:12     6905.43763    0.0000  2019/05/18
 4.0000000   4.0000000   22.2654   6637.247 0.008    1.4   -3.3 -3.40 0.042  55   0 10:32:12     6905.43833    0.0000  2019/05/18
 4.0000000   4.0000000   22.2654   6637.246 0.007    1.2   -3.5 -3.40 0.042  55   0 10:33:12     6905.43902    0.0000  2019/05/18
 4.0000000   4.0000000   22.2654   6637.246 0.010    0.7   -3.7 -3.40 0.041  55   0 10:34:12     6905.43971    0.0000  2019/05/18
 4.0000000   4.0000000   22.2654   6637.247 0.008    0.3   -3.7 -3.39 0.041  55   0 10:35:12     6905.44041    0.0000  2019/05/18
 4.0000000   4.0000000   22.2654   6637.249 0.009    0.3   -3.9 -3.39 0.040  55   0 10:36:12     6905.44110    0.0000  2019/05/18
 4.0000000   4.0000000   22.2654   6637.248 0.008    0.2   -4.0 -3.39 0.040  55   0 10:37:12     6905.44179    0.0000  2019/05/18
 4.0000000   4.0000000   22.0213   6637.248 0.007    0.0   -4.0 -3.39 0.039  55   0 10:38:12     6905.44249    0.0000  2019/05/18
 4.0000000   4.0000000   22.2654   6637.247 0.007    0.0   -4.2 -3.39 0.039  55   0 10:39:12     6905.44318    0.0000  2019/05/18
 4.0000000   4.0000000   22.2654   6637.248 0.006   -0.1   -4.4 -3.38 0.039  55   0 10:40:12     6905.44387    0.0000  2019/05/18
 4.0000000   4.0000000   22.2654   6637.247 0.007   -0.2   -4.3 -3.38 0.038  55   0 10:41:12     6905.44457    0.0000  2019/05/18
 4.0000000   4.0000000   22.0213   6637.247 0.007   -0.2   -4.2 -3.38 0.038  55   0 10:42:12     6905.44526    0.0000  2019/05/18
 4.0000000   4.0000000   22.2654   6637.249 0.008   -0.1   -4.1 -3.38 0.037  55   0 10:43:12     6905.44595    0.0000  2019/05/18
 4.0000000   4.0000000   22.2654   6637.248 0.010   -0.4   -4.0 -3.38 0.037  55   0 10:44:12     6905.44665    0.0000  2019/05/18
 4.0000000   4.0000000   22.2654   6637.249 0.009   -0.4   -3.9 -3.38 0.036  55   0 10:45:12     6905.44734    0.0000  2019/05/18
 4.0000000   4.0000000   22.2654   6637.248 0.007   -0.3   -3.9 -3.38 0.036  55   0 10:46:12     6905.44803    0.0000  2019/05/18
 4.0000000   4.0000000   22.2654   6637.248 0.008   -0.3   -4.1 -3.38 0.035  55   0 10:47:12     6905.44873    0.0000  2019/05/18
 4.0000000   4.0000000   22.2654   6637.248 0.009   -0.5   -4.3 -3.38 0.035  55   0 10:48:12     6905.44942    0.0000  2019/05/18
 4.0000000   4.0000000   22.2654   6637.248 0.008   -0.6   -4.3 -3.38 0.034  55   0 10:49:12     6905.45011    0.0000  2019/05/18
 4.0000000   4.0000000   22.2654   6637.249 0.009   -0.8   -4.1 -3.38 0.034  55   0 10:50:13     6905.45082    0.0000  2019/05/18
/	CG-5 SURVEY
/	Survey name:   	07 18 05 2019
/	Instrument S/N:	49459
/	Client:        	TNG.KGF
/	Operator:      	Zaynutdinov
/	Date:          	2019/ 5/18
/	Time:          	10:52:58
/	LONG:        	48.8000000 E
/	LAT:         	55.8000000 N
/	ZONE:        	9       
/	GMT DIFF.:   	0.0 
/------LINE-----STATION-----ALT.------GRAV.---SD.--TILTX--TILTY-TEMP---TIDE---DUR-REJ-----TIME----DEC.TIME+DATE--TERRAIN---DATE
 4.0000000   1.0000000   24.9510   6654.795 0.035    0.0    0.2 -3.57 0.006  55   2 11:41:05     6905.48608    0.0000  2019/05/18
 4.0000000   1.0000000   24.9510   6654.794 0.023    1.3    0.0 -3.58 0.005  55   0 11:42:10     6905.48684    0.0000  2019/05/18
 4.0000000   1.0000000   24.7068   6654.792 0.019    2.4   -0.4 -3.59 0.005  55   0 11:43:10     6905.48753    0.0000  2019/05/18
 4.0000000   1.0000000   24.4627   6654.792 0.028    3.1   -0.8 -3.60 0.004  55   0 11:44:10     6905.48822    0.0000  2019/05/18
 4.0000000   1.0000000   24.2186   6654.792 0.031    3.6   -1.3 -3.61 0.004  55   0 11:45:10     6905.48892    0.0000  2019/05/18
 4.0000000   1.0000000   23.9744   6654.789 0.036    4.4   -1.5 -3.63 0.003  55   2 11:46:10     6905.48961    0.0000  2019/05/18
 4.0000000   1.0000000   23.9744   6654.788 0.055    5.3   -2.1 -3.64 0.003  55   0 11:47:10     6905.49030    0.0000  2019/05/18
 4.0000000   1.0000000   23.7303   6654.788 0.048    5.5   -2.7 -3.66 0.002  55   0 11:48:10     6905.49100    0.0000  2019/05/18
 4.0000000   1.0000000   23.4861   6654.787 0.040    5.7   -2.8 -3.67 0.002  55   0 11:49:10     6905.49169    0.0000  2019/05/18
 4.0000000   1.0000000   23.4861   6654.789 0.036    5.9   -3.3 -3.68 0.001  55   0 11:50:10     6905.49238    0.0000  2019/05/18
 4.0000000   1.0000000   23.2420   6654.789 0.017    6.1   -3.5 -3.69 0.000  55   0 11:51:10     6905.49308    0.0000  2019/05/18
 4.0000000   1.0000000   22.9979   6654.789 0.017    6.3   -3.7 -3.69 0.000  55   0 11:52:10     6905.49377    0.0000  2019/05/18
 4.0000000   1.0000000   22.7537   6654.789 0.020    6.4   -3.9 -3.69 0.000  55   0 11:53:10     6905.49446    0.0000  2019/05/18
 4.0000000   1.0000000   22.5096   6654.789 0.023    6.5   -4.1 -3.69 0.000  55   0 11:54:10     6905.49516    0.0000  2019/05/18
 4.0000000   1.0000000   22.5096   6654.790 0.019    6.5   -4.3 -3.69 -0.001  55   0 11:55:10     6905.49585    0.0000  2019/05/18
 4.0000000   1.0000000   22.5096   6654.789 0.018    6.7   -4.5 -3.68 -0.001  55   0 11:56:10     6905.49654    0.0000  2019/05/18
 4.0000000   1.0000000   22.5096   6654.789 0.016    6.6   -4.6 -3.67 -0.002  55   0 11:57:10     6905.49724    0.0000  2019/05/18
 4.0000000   1.0000000   22.2654   6654.790 0.015    6.7   -4.8 -3.66 -0.003  55   0 11:58:10     6905.49793    0.0000  2019/05/18
 4.0000000   1.0000000   22.0213   6654.790 0.016    6.7   -4.9 -3.65 -0.003  55   0 11:59:10     6905.49862    0.0000  2019/05/18
 4.0000000   1.0000000   22.0213   6654.790 0.024    6.7   -5.2 -3.64 -0.004  55   0 12:00:10     6905.49932    0.0000  2019/05/18
 4.0000000   1.0000000   21.7772   6654.790 0.017    6.5   -5.5 -3.63 -0.004  55   0 12:01:10     6905.50001    0.0000  2019/05/18
 4.0000000   1.0000000   21.7772   6654.789 0.021    6.5   -5.7 -3.62 -0.005  55   0 12:02:10     6905.50070    0.0000  2019/05/18
 4.0000000   1.0000000   21.5330   6654.790 0.018    6.3   -5.8 -3.60 -0.005  55   0 12:03:10     6905.50140    0.0000  2019/05/18
 4.0000000   1.0000000   21.5330   6654.789 0.022    6.3   -6.0 -3.59 -0.006  55   0 12:04:10     6905.50209    0.0000  2019/05/18
 4.0000000   1.0000000   21.2889   6654.790 0.019    6.2   -6.2 -3.57 -0.007  55   0 12:05:10     6905.50278    0.0000  2019/05/18
 4.0000000   1.0000000   21.2889   6654.791 0.021    6.1   -6.2 -3.56 -0.007  55   0 12:06:10     6905.50348    0.0000  2019/05/18
 4.0000000   1.0000000   21.2889   6654.790 0.020    6.0   -6.4 -3.54 -0.008  55   0 12:07:10     6905.50417    0.0000  2019/05/18
 4.0000000   1.0000000   21.0447   6654.789 0.023    6.0   -6.5 -3.53 -0.008  55   0 12:08:10     6905.50486    0.0000  2019/05/18
 4.0000000   1.0000000   21.0447   6654.788 0.022    6.0   -6.6 -3.51 -0.009  55   0 12:09:10     6905.50556    0.0000  2019/05/18
 4.0000000   1.0000000   21.0447   6654.789 0.034    6.0   -6.7 -3.50 -0.009  55   0 12:10:10     6905.50625    0.0000  2019/05/18
 4.0000000   1.0000000   20.8006   6654.789 0.026    5.8   -6.7 -3.49 -0.010  55   0 12:11:10     6905.50694    0.0000  2019/05/18
 4.0000000   1.0000000   20.8006   6654.789 0.021    5.8   -6.9 -3.47 -0.010  55   0 12:12:10     6905.50764    0.0000  2019/05/18
 4.0000000   1.0000000   20.8006   6654.789 0.014    5.6   -7.0 -3.46 -0.011  55   0 12:13:10     6905.50833    0.0000  2019/05/18
 4.0000000   1.0000000   20.8006   6654.789 0.015    5.6   -7.2 -3.45 -0.012  55   0 12:14:10     6905.50902    0.0000  2019/05/18
 4.0000000   1.0000000   20.5565   6654.789 0.014    5.4   -7.3 -3.43 -0.012  55   0 12:15:10     6905.50972    0.0000  2019/05/18
 4.0000000   1.0000000   20.5565   6654.787 0.015    5.2   -7.5 -3.42 -0.013  55   0 12:16:10     6905.51041    0.0000  2019/05/18
 4.0000000   1.0000000   20.5565   6654.788 0.020    5.1   -7.7 -3.40 -0.013  55   0 12:17:10     6905.51110    0.0000  2019/05/18
 4.0000000   1.0000000   20.3123   6654.787 0.017    5.0   -7.8 -3.39 -0.014  55   0 12:18:10     6905.51180    0.0000  2019/05/18
 4.0000000   1.0000000   20.5565   6654.786 0.018    5.0   -8.0 -3.37 -0.014  55   0 12:19:10     6905.51249    0.0000  2019/05/18
 4.0000000   1.0000000   20.3123   6654.785 0.025    4.8   -8.0 -3.36 -0.015  55   0 12:20:11     6905.51319    0.0000  2019/05/18