
/	CG-5 SURVEY
/	Survey name:   	00 17 05 2019
/	Instrument S/N:	49459
/	Client:        	TNG.KGF
/	Operator:      	Zaynutdinov
/	Date:          	2019/ 5/17
/	Time:          	03:19:41
/	LONG:        	48.8000000 E
/	LAT:         	55.8000000 N
/	ZONE:        	9       
/	GMT DIFF.:   	0.0 

/	CG-5 SETUP PARAMETERS
/	Gref:			1500.000
/	Gcal1:		8925.088
/	TiltxS:		662.263 
/	TiltyS:		644.285 
/	TiltxO:		5.751   
/	TiltyO:		-31.974 
/	Tempco:		-0.121  
/	Drift:		0.426   
/	DriftTime Start:	03:19:42
/	DriftDate Start:	2019/05/17

/	CG-5 OPTIONS
/	Tide Correction:    YES
/	Cont. Tilt:         YES
/	Auto Rejection:     YES
/	Terrain Corr.:       NO
/	Seismic Filter:     YES
/	Raw Data:           YES
Line	   4.000N
/------LINE-----STATION-----ALT.------GRAV.---SD.--TILTX--TILTY-TEMP---TIDE---DUR-REJ-----TIME----DEC.TIME+DATE--TERRAIN---DATE
 4.0000000   1.0000000   25.6834   6654.354 0.025    1.4   -0.8 -3.79 -0.052  55   0 03:20:59     6904.13935    0.0000  2019/05/17
 4.0000000   1.0000000   25.6834   6654.354 0.016    1.8   -1.7 -3.80 -0.051  55   0 03:22:04     6904.14010    0.0000  2019/05/17
 4.0000000   1.0000000   25.4393   6654.354 0.027    2.5   -2.6 -3.80 -0.051  55   8 03:23:04     6904.14079    0.0000  2019/05/17
 4.0000000   1.0000000   25.1951   6654.354 0.051    2.7   -3.5 -3.80 -0.050  55   1 03:24:04     6904.14149    0.0000  2019/05/17
 4.0000000   1.0000000   24.9510   6654.356 0.020    3.1   -3.9 -3.80 -0.050  55   0 03:25:04     6904.14218    0.0000  2019/05/17
 4.0000000   1.0000000   24.7068   6654.355 0.020    3.3   -4.4 -3.80 -0.049  55   0 03:26:04     6904.14287    0.0000  2019/05/17
 4.0000000   1.0000000   24.4627   6654.355 0.030    3.6   -4.7 -3.80 -0.049  55   0 03:27:04     6904.14357    0.0000  2019/05/17
 4.0000000   1.0000000   24.4627   6654.355 0.022    3.8   -5.1 -3.80 -0.048  55   1 03:28:04     6904.14426    0.0000  2019/05/17
 4.0000000   1.0000000   23.9744   6654.356 0.027    3.9   -5.3 -3.80 -0.048  55   0 03:29:04     6904.14495    0.0000  2019/05/17
 4.0000000   1.0000000   23.9744   6654.356 0.012    3.9   -5.8 -3.79 -0.047  55   0 03:30:04     6904.14565    0.0000  2019/05/17
 4.0000000   1.0000000   23.7303   6654.356 0.009    3.8   -6.3 -3.78 -0.047  55   0 03:31:04     6904.14634    0.0000  2019/05/17
 4.0000000   1.0000000   23.4861   6654.356 0.009    3.7   -6.6 -3.77 -0.046  55   0 03:32:04     6904.14703    0.0000  2019/05/17
 4.0000000   1.0000000   23.4861   6654.358 0.016    3.6   -7.0 -3.76 -0.046  55   0 03:33:04     6904.14773    0.0000  2019/05/17
 4.0000000   1.0000000   23.2420   6654.358 0.013    3.5   -7.3 -3.74 -0.045  55   0 03:34:04     6904.14842    0.0000  2019/05/17
 4.0000000   1.0000000   22.9979   6654.358 0.012    3.6   -7.6 -3.73 -0.045  55  20 03:35:04     6904.14911    0.0000  2019/05/17
/	CG-5 SURVEY
/	Survey name:   	01 17 05 2019
/	Instrument S/N:	49459
/	Client:        	TNG.KGF
/	Operator:      	Zaynutdinov
/	Date:          	2019/ 5/17
/	Time:          	03:36:34
/	LONG:        	48.8000000 E
/	LAT:         	55.8000000 N
/	ZONE:        	9       
/	GMT DIFF.:   	0.0 
/------LINE-----STATION-----ALT.------GRAV.---SD.--TILTX--TILTY-TEMP---TIDE---DUR-REJ-----TIME----DEC.TIME+DATE--TERRAIN---DATE
 4.0000000   1.0000000   22.7537   6654.362 0.020   -2.5   -1.3 -3.69 -0.044  55   1 03:37:05     6904.15051    0.0000  2019/05/17
 4.0000000   1.0000000   22.5096   6654.361 0.013   -2.8   -1.7 -3.67 -0.043  55   0 03:38:10     6904.15126    0.0000  2019/05/17
 4.0000000   1.0000000   22.5096   6654.360 0.012   -2.8   -1.9 -3.65 -0.043  55   0 03:39:10     6904.15196    0.0000  2019/05/17
 4.0000000   1.0000000   22.2654   6654.362 0.013   -2.7   -1.9 -3.63 -0.042  55   0 03:40:10     6904.15265    0.0000  2019/05/17
 4.0000000   1.0000000   22.2654   6654.361 0.016   -2.7   -2.1 -3.61 -0.042  55   0 03:41:10     6904.15334    0.0000  2019/05/17
 4.0000000   1.0000000   22.0213   6654.362 0.016   -2.9   -2.2 -3.59 -0.041  55   0 03:42:10     6904.15404    0.0000  2019/05/17
 4.0000000   1.0000000   22.0213   6654.363 0.020   -2.9   -2.3 -3.57 -0.041  55   0 03:43:10     6904.15473    0.0000  2019/05/17
 4.0000000   1.0000000   22.2654   6654.363 0.025   -2.8   -2.4 -3.55 -0.040  55   0 03:44:10     6904.15542    0.0000  2019/05/17
 4.0000000   1.0000000   21.7772   6654.363 0.020   -3.1   -2.7 -3.53 -0.040  55   0 03:45:10     6904.15612    0.0000  2019/05/17
 4.0000000   1.0000000   21.5330   6654.362 0.027   -3.3   -2.9 -3.51 -0.039  55   0 03:46:10     6904.15681    0.0000  2019/05/17
 4.0000000   1.0000000   21.5330   6654.358 0.036   -3.5   -3.2 -3.49 -0.039  55   0 03:47:10     6904.15750    0.0000  2019/05/17
 4.0000000   1.0000000   21.5330   6654.357 0.036   -3.5   -3.5 -3.47 -0.038  55   1 03:48:10     6904.15820    0.0000  2019/05/17
 4.0000000   1.0000000   21.5330   6654.358 0.023   -3.7   -3.5 -3.45 -0.038  55   0 03:49:10     6904.15889    0.0000  2019/05/17
 4.0000000   1.0000000   21.2889   6654.359 0.018   -3.8   -3.6 -3.43 -0.037  55   0 03:50:10     6904.15958    0.0000  2019/05/17
 4.0000000   1.0000000   21.0447   6654.359 0.016   -3.9   -3.7 -3.41 -0.037  55   0 03:51:10     6904.16028    0.0000  2019/05/17
 4.0000000   1.0000000   21.0447   6654.359 0.013   -3.9   -3.9 -3.39 -0.036  55   0 03:52:10     6904.16097    0.0000  2019/05/17
 4.0000000   1.0000000   21.0447   6654.359 0.013   -4.2   -4.2 -3.37 -0.035  55   0 03:53:10     6904.16166    0.0000  2019/05/17
 4.0000000   1.0000000   21.0447   6654.359 0.013   -4.4   -4.4 -3.35 -0.035  55   0 03:54:10     6904.16236    0.0000  2019/05/17
 4.0000000   1.0000000   20.8006   6654.358 0.014   -4.5   -4.6 -3.34 -0.034  55   0 03:55:10     6904.16305    0.0000  2019/05/17
 4.0000000   1.0000000   20.8006   6654.358 0.013   -4.7   -4.7 -3.32 -0.034  55   0 03:56:10     6904.16374    0.0000  2019/05/17
 4.0000000   1.0000000   20.5565   6654.358 0.011   -4.8   -4.9 -3.30 -0.033  55   0 03:57:10     6904.16444    0.0000  2019/05/17
 4.0000000   1.0000000   20.5565   6654.358 0.012   -4.9   -5.0 -3.29 -0.033  55   0 03:58:10     6904.16513    0.0000  2019/05/17
 4.0000000   1.0000000   20.5565   6654.358 0.012   -5.0   -5.0 -3.27 -0.032  55   0 03:59:10     6904.16582    0.0000  2019/05/17
 4.0000000   1.0000000   20.3123   6654.359 0.016   -5.0   -5.1 -3.25 -0.032  55   0 04:00:10     6904.16652    0.0000  2019/05/17
 4.0000000   1.0000000   20.5565   6654.359 0.015   -5.2   -5.2 -3.24 -0.031  55   0 04:01:10     6904.16721    0.0000  2019/05/17
 4.0000000   1.0000000   20.3123   6654.358 0.027   -5.5   -5.4 -3.23 -0.031  55   0 04:02:10     6904.16790    0.0000  2019/05/17
 4.0000000   1.0000000   20.0682   6654.357 0.017   -6.5   -5.6 -3.22 -0.030  55   0 04:03:10     6904.16860    0.0000  2019/05/17
 4.0000000   1.0000000   20.3123   6654.358 0.015   -6.4   -5.7 -3.21 -0.030  55   0 04:04:10     6904.16929    0.0000  2019/05/17
 4.0000000   1.0000000   20.0682   6654.359 0.015   -7.0   -5.9 -3.20 -0.029  55   0 04:05:10     6904.16998    0.0000  2019/05/17
 4.0000000   1.0000000   20.0682   6654.357 0.013   -7.3   -6.0 -3.19 -0.029  55   0 04:06:10     6904.17068    0.0000  2019/05/17
 4.0000000   1.0000000   19.8240   6654.357 0.014   -7.4   -6.1 -3.18 -0.028  55   0 04:07:10     6904.17137    0.0000  2019/05/17
 4.0000000   1.0000000   19.8240   6654.359 0.013   -7.6   -6.1 -3.17 -0.027  55   0 04:08:10     6904.17206    0.0000  2019/05/17
 4.0000000   1.0000000   19.8240   6654.357 0.010   -7.6   -6.2 -3.16 -0.027  55   0 04:09:10     6904.17276    0.0000  2019/05/17
 4.0000000   1.0000000   19.5799   6654.363 0.012   -7.8   -6.4 -3.14 -0.026  55   0 04:10:10     6904.17345    0.0000  2019/05/17
 4.0000000   1.0000000   19.8240   6654.360 0.011   -7.9   -6.6 -3.13 -0.026  55   0 04:11:10     6904.17414    0.0000  2019/05/17
 4.0000000   1.0000000   19.5799   6654.357 0.011   -8.1   -6.8 -3.12 -0.025  55   0 04:12:10     6904.17484    0.0000  2019/05/17
 4.0000000   1.0000000   19.5799   6654.358 0.013   -8.2   -6.9 -3.11 -0.025  55   0 04:13:10     6904.17553    0.0000  2019/05/17
 4.0000000   1.0000000   19.3358   6654.357 0.014   -8.3   -7.1 -3.10 -0.024  55   0 04:14:10     6904.17622    0.0000  2019/05/17
 4.0000000   1.0000000   19.5799   6654.358 0.013   -8.4   -7.1 -3.09 -0.024  55   0 04:15:10     6904.17692    0.0000  2019/05/17
 4.0000000   1.0000000   19.5799   6654.357 0.015   -8.6   -7.2 -3.09 -0.023  55   0 04:16:11     6904.17762    0.0000  2019/05/17
/	CG-5 SURVEY
/	Survey name:   	02 17 05 2019
/	Instrument S/N:	49459
/	Client:        	TNG.KGF
/	Operator:      	Zaynutdinov
/	Date:          	2019/ 5/17
/	Time:          	05:08:32
/	LONG:        	48.7000000 E
/	LAT:         	55.6000000 N
/	ZONE:        	9       
/	GMT DIFF.:   	0.0 
/------LINE-----STATION-----ALT.------GRAV.---SD.--TILTX--TILTY-TEMP---TIDE---DUR-REJ-----TIME----DEC.TIME+DATE--TERRAIN---DATE
 4.0000000   4.0000000   23.7303   6636.833 0.033    1.7    0.6 -3.28 0.005  55   4 05:09:40     6904.21470    0.0000  2019/05/17
 4.0000000   4.0000000   23.7303   6636.828 0.011    2.4    0.9 -3.29 0.005  55   0 05:10:45     6904.21545    0.0000  2019/05/17
 4.0000000   4.0000000   23.7303   6636.828 0.009    2.6    0.5 -3.29 0.006  55   0 05:11:45     6904.21615    0.0000  2019/05/17
 4.0000000   4.0000000   23.4861   6636.829 0.010    2.6    0.2 -3.29 0.006  55   0 05:12:45     6904.21684    0.0000  2019/05/17
 4.0000000   4.0000000   23.4861   6636.829 0.006    2.9    0.2 -3.30 0.007  55   0 05:13:45     6904.21753    0.0000  2019/05/17
 4.0000000   4.0000000   23.2420   6636.830 0.009    3.5    0.1 -3.31 0.007  55   0 05:14:45     6904.21823    0.0000  2019/05/17
 4.0000000   4.0000000   23.2420   6636.827 0.010    4.0   -0.1 -3.32 0.008  55   0 05:15:45     6904.21892    0.0000  2019/05/17
 4.0000000   4.0000000   22.9979   6636.829 0.011    4.3   -0.1 -3.33 0.008  55   0 05:16:45     6904.21961    0.0000  2019/05/17
 4.0000000   4.0000000   22.9979   6636.828 0.008    4.6   -0.3 -3.34 0.009  55   0 05:17:45     6904.22031    0.0000  2019/05/17
 4.0000000   4.0000000   22.9979   6636.829 0.008    4.7   -0.4 -3.35 0.009  55   0 05:18:45     6904.22100    0.0000  2019/05/17
 4.0000000   4.0000000   22.9979   6636.828 0.009    4.5   -0.7 -3.36 0.010  55   0 05:19:45     6904.22169    0.0000  2019/05/17
 4.0000000   4.0000000   22.9979   6636.829 0.008    4.3   -0.9 -3.37 0.010  55   0 05:20:45     6904.22239    0.0000  2019/05/17
 4.0000000   4.0000000   22.7537   6636.829 0.007    3.9   -1.4 -3.37 0.011  55   0 05:21:45     6904.22308    0.0000  2019/05/17
 4.0000000   4.0000000   22.7537   6636.831 0.008    3.8   -1.8 -3.38 0.011  55   0 05:22:45     6904.22377    0.0000  2019/05/17
 4.0000000   4.0000000   22.7537   6636.831 0.009    3.6   -1.9 -3.38 0.012  55   0 05:23:45     6904.22447    0.0000  2019/05/17
 4.0000000   4.0000000   22.5096   6636.829 0.010    3.8   -1.9 -3.39 0.012  55   0 05:24:45     6904.22516    0.0000  2019/05/17
 4.0000000   4.0000000   22.5096   6636.832 0.008    4.1   -2.1 -3.39 0.013  55   0 05:25:45     6904.22585    0.0000  2019/05/17
 4.0000000   4.0000000   22.5096   6636.832 0.008    4.2   -2.0 -3.39 0.013  55   0 05:26:45     6904.22655    0.0000  2019/05/17
 4.0000000   4.0000000   22.5096   6636.833 0.008    3.9   -1.9 -3.40 0.014  55   0 05:27:45     6904.22724    0.0000  2019/05/17
 4.0000000   4.0000000   22.5096   6636.833 0.008    3.9   -2.2 -3.40 0.014  55   0 05:28:45     6904.22793    0.0000  2019/05/17
 4.0000000   4.0000000   22.5096   6636.833 0.009    3.7   -2.5 -3.40 0.015  55   0 05:29:45     6904.22863    0.0000  2019/05/17
 4.0000000   4.0000000   22.2654   6636.833 0.011    3.7   -2.7 -3.40 0.015  55   0 05:30:45     6904.22932    0.0000  2019/05/17
 4.0000000   4.0000000   22.2654   6636.833 0.010    3.6   -2.9 -3.40 0.016  55   0 05:31:45     6904.23001    0.0000  2019/05/17
 4.0000000   4.0000000   22.5096   6636.833 0.011    3.2   -3.2 -3.40 0.016  55   0 05:32:45     6904.23071    0.0000  2019/05/17
 4.0000000   4.0000000   22.2654   6636.833 0.008    2.9   -3.3 -3.40 0.017  55   0 05:33:45     6904.23140    0.0000  2019/05/17
 4.0000000   4.0000000   22.2654   6636.830 0.008    3.1   -3.4 -3.40 0.017  55   0 05:34:45     6904.23209    0.0000  2019/05/17
 4.0000000   4.0000000   22.0213   6636.831 0.010    2.7   -3.3 -3.39 0.018  55   0 05:35:45     6904.23279    0.0000  2019/05/17
 4.0000000   4.0000000   22.2654   6636.831 0.010    2.6   -3.6 -3.39 0.018  55   0 05:36:45     6904.23348    0.0000  2019/05/17
 4.0000000   4.0000000   22.2654   6636.833 0.011    2.5   -3.8 -3.39 0.019  55   0 05:37:45     6904.23417    0.0000  2019/05/17
 4.0000000   4.0000000   22.2654   6636.830 0.011    2.5   -3.9 -3.39 0.019  55   0 05:38:45     6904.23487    0.0000  2019/05/17
 4.0000000   4.0000000   22.0213   6636.830 0.009    2.3   -4.2 -3.39 0.020  55   0 05:39:45     6904.23556    0.0000  2019/05/17
 4.0000000   4.0000000   22.0213   6636.830 0.008    2.4   -4.2 -3.39 0.020  55   0 05:40:45     6904.23625    0.0000  2019/05/17
 4.0000000   4.0000000   22.0213   6636.830 0.010    1.9   -4.4 -3.39 0.021  55   0 05:41:45     6904.23695    0.0000  2019/05/17
 4.0000000   4.0000000   22.0213   6636.831 0.009    1.5   -4.5 -3.39 0.021  55   0 05:42:45     6904.23764    0.0000  2019/05/17
 4.0000000   4.0000000   22.2654   6636.831 0.008    1.4   -4.7 -3.39 0.021  55   0 05:43:45     6904.23833    0.0000  2019/05/17
 4.0000000   4.0000000   22.0213   6636.832 0.008    1.2   -4.8 -3.39 0.022  55   0 05:44:45     6904.23903    0.0000  2019/05/17
 4.0000000   4.0000000   22.0213   6636.832 0.008    1.5   -4.8 -3.39 0.022  55   0 05:45:45     6904.23972    0.0000  2019/05/17
 4.0000000   4.0000000   22.0213   6636.831 0.008    1.3   -5.0 -3.39 0.023  55   0 05:46:45     6904.24041    0.0000  2019/05/17
 4.0000000   4.0000000   22.0213   6636.831 0.011    0.9   -5.1 -3.38 0.023  55   0 05:47:45     6904.24111    0.0000  2019/05/17
 4.0000000   4.0000000   21.7772   6636.831 0.008    0.6   -5.3 -3.38 0.024  55   0 05:48:46     6904.24181    0.0000  2019/05/17
/	CG-5 SURVEY
/	Survey name:   	03 17 05 2019
/	Instrument S/N:	49459
/	Client:        	TNG.KGF
/	Operator:      	Zaynutdinov
/	Date:          	2019/ 5/17
/	Time:          	06:12:11
/	LONG:        	48.7000000 E
/	LAT:         	55.5000000 N
/	ZONE:        	9       
/	GMT DIFF.:   	0.0 
/------LINE-----STATION-----ALT.------GRAV.---SD.--TILTX--TILTY-TEMP---TIDE---DUR-REJ-----TIME----DEC.TIME+DATE--TERRAIN---DATE
 4.0000000   5.0000000   23.9744   6594.045 0.014   -2.1    1.6 -3.43 0.034  55   0 06:13:37     6904.25904    0.0000  2019/05/17
 4.0000000   5.0000000   23.9744   6594.045 0.019   -3.0    1.8 -3.43 0.035  55   0 06:14:42     6904.25979    0.0000  2019/05/17
 4.0000000   5.0000000   23.9744   6594.047 0.008   -3.2    2.0 -3.43 0.035  55   0 06:15:42     6904.26049    0.0000  2019/05/17
 4.0000000   5.0000000   23.9744   6594.047 0.007   -3.2    1.9 -3.43 0.035  55   0 06:16:42     6904.26118    0.0000  2019/05/17
 4.0000000   5.0000000   23.9744   6594.047 0.011   -2.8    2.1 -3.43 0.036  55   0 06:17:42     6904.26187    0.0000  2019/05/17
 4.0000000   5.0000000   23.7303   6594.047 0.009   -2.4    1.9 -3.44 0.036  55   0 06:18:42     6904.26257    0.0000  2019/05/17
 4.0000000   5.0000000   23.7303   6594.047 0.007   -2.1    1.7 -3.46 0.037  55   0 06:19:42     6904.26326    0.0000  2019/05/17
 4.0000000   5.0000000   23.4861   6594.047 0.009   -1.9    1.4 -3.47 0.037  55   0 06:20:42     6904.26395    0.0000  2019/05/17
 4.0000000   5.0000000   23.4861   6594.047 0.010   -1.8    1.0 -3.48 0.037  55   0 06:21:42     6904.26465    0.0000  2019/05/17
 4.0000000   5.0000000   23.4861   6594.049 0.007   -1.9    1.1 -3.49 0.038  55   0 06:22:42     6904.26534    0.0000  2019/05/17
 4.0000000   5.0000000   23.2420   6594.047 0.006   -1.7    1.0 -3.50 0.038  55   0 06:23:42     6904.26603    0.0000  2019/05/17
 4.0000000   5.0000000   23.4861   6594.047 0.008   -1.8    0.8 -3.51 0.038  55   0 06:24:42     6904.26673    0.0000  2019/05/17
 4.0000000   5.0000000   23.4861   6594.047 0.007   -1.8    0.7 -3.52 0.039  55   0 06:25:42     6904.26742    0.0000  2019/05/17
 4.0000000   5.0000000   22.9979   6594.047 0.007   -1.8    0.8 -3.52 0.039  55   0 06:26:42     6904.26811    0.0000  2019/05/17
 4.0000000   5.0000000   23.2420   6594.047 0.009   -1.6    0.5 -3.53 0.039  55   0 06:27:42     6904.26881    0.0000  2019/05/17
 4.0000000   5.0000000   22.9979   6594.049 0.008   -1.6    0.6 -3.53 0.040  55   0 06:28:42     6904.26950    0.0000  2019/05/17
 4.0000000   5.0000000   22.9979   6594.050 0.008   -1.3    0.2 -3.53 0.040  55   0 06:29:42     6904.27019    0.0000  2019/05/17
 4.0000000   5.0000000   22.9979   6594.048 0.009   -1.3    0.3 -3.53 0.040  55   0 06:30:42     6904.27089    0.0000  2019/05/17
 4.0000000   5.0000000   22.9979   6594.048 0.008   -1.7    0.1 -3.53 0.041  55   0 06:31:42     6904.27158    0.0000  2019/05/17
 4.0000000   5.0000000   22.9979   6594.049 0.009   -1.7   -0.1 -3.53 0.041  55   0 06:32:42     6904.27227    0.0000  2019/05/17
 4.0000000   5.0000000   22.9979   6594.050 0.008   -1.9   -0.1 -3.52 0.041  55   0 06:33:42     6904.27297    0.0000  2019/05/17
 4.0000000   5.0000000   22.9979   6594.052 0.008   -1.8   -0.5 -3.52 0.042  55   0 06:34:42     6904.27366    0.0000  2019/05/17
 4.0000000   5.0000000   22.7537   6594.052 0.007   -1.8   -0.2 -3.52 0.042  55   0 06:35:42     6904.27435    0.0000  2019/05/17
 4.0000000   5.0000000   22.7537   6594.053 0.008   -2.3    0.0 -3.52 0.042  55   0 06:36:42     6904.27505    0.0000  2019/05/17
 4.0000000   5.0000000   22.7537   6594.051 0.006   -2.4   -0.2 -3.51 0.042  55   0 06:37:42     6904.27574    0.0000  2019/05/17
 4.0000000   5.0000000   22.7537   6594.054 0.008   -2.6   -0.4 -3.51 0.043  55   0 06:38:42     6904.27643    0.0000  2019/05/17
 4.0000000   5.0000000   22.7537   6594.054 0.009   -2.5   -0.4 -3.51 0.043  55   0 06:39:42     6904.27713    0.0000  2019/05/17
 4.0000000   5.0000000   22.5096   6594.053 0.007   -2.1   -0.6 -3.50 0.043  55   0 06:40:42     6904.27782    0.0000  2019/05/17
 4.0000000   5.0000000   22.5096   6594.053 0.009   -2.3   -0.5 -3.50 0.044  55   0 06:41:42     6904.27851    0.0000  2019/05/17
 4.0000000   5.0000000   22.5096   6594.050 0.009   -2.4   -0.8 -3.50 0.044  55   0 06:42:42     6904.27921    0.0000  2019/05/17
 4.0000000   5.0000000   22.5096   6594.051 0.008   -2.3   -1.2 -3.50 0.044  55   0 06:43:42     6904.27990    0.0000  2019/05/17
 4.0000000   5.0000000   22.2654   6594.050 0.007   -2.2   -1.4 -3.49 0.044  55   0 06:44:42     6904.28059    0.0000  2019/05/17
 4.0000000   5.0000000   22.5096   6594.049 0.010   -2.3   -1.6 -3.49 0.045  55   0 06:45:42     6904.28129    0.0000  2019/05/17
 4.0000000   5.0000000   22.5096   6594.050 0.008   -2.6   -1.7 -3.48 0.045  55   0 06:46:42     6904.28198    0.0000  2019/05/17
 4.0000000   5.0000000   22.5096   6594.050 0.009   -2.6   -1.9 -3.48 0.045  55   0 06:47:42     6904.28267    0.0000  2019/05/17
 4.0000000   5.0000000   22.2654   6594.049 0.008   -2.8   -2.0 -3.47 0.046  55   0 06:48:42     6904.28337    0.0000  2019/05/17
 4.0000000   5.0000000   22.5096   6594.049 0.008   -3.0   -2.0 -3.47 0.046  55   0 06:49:42     6904.28406    0.0000  2019/05/17
 4.0000000   5.0000000   22.5096   6594.048 0.006   -3.1   -2.1 -3.47 0.046  55   0 06:50:42     6904.28475    0.0000  2019/05/17
 4.0000000   5.0000000   22.5096   6594.050 0.007   -3.0   -2.2 -3.46 0.046  55   0 06:51:42     6904.28545    0.0000  2019/05/17
 4.0000000   5.0000000   22.2654   6594.049 0.009   -3.1   -2.2 -3.46 0.047  55   0 06:52:43     6904.28615    0.0000  2019/05/17
/	CG-5 SURVEY
/	Survey name:   	04 17 05 2019
/	Instrument S/N:	49459
/	Client:        	TNG.KGF
/	Operator:      	Zaynutdinov
/	Date:          	2019/ 5/17
/	Time:          	07:38:14
/	LONG:        	48.5000000 E
/	LAT:         	55.1000000 N
/	ZONE:        	9       
/	GMT DIFF.:   	0.0 
/------LINE-----STATION-----ALT.------GRAV.---SD.--TILTX--TILTY-TEMP---TIDE---DUR-REJ-----TIME----DEC.TIME+DATE--TERRAIN---DATE
 4.0000000   6.0000000   26.4158   6561.188 0.028    2.1    3.0 -4.02 0.056  55   1 07:39:16     6904.31842    0.0000  2019/05/17
 4.0000000   6.0000000   26.1717   6561.189 0.019    2.3    2.3 -4.01 0.056  55   0 07:40:21     6904.31918    0.0000  2019/05/17
 4.0000000   6.0000000   26.4158   6561.188 0.012    2.7    1.6 -4.00 0.056  55   0 07:41:21     6904.31987    0.0000  2019/05/17
 4.0000000   6.0000000   26.1717   6561.189 0.009    2.6    1.0 -4.00 0.056  55   0 07:42:21     6904.32056    0.0000  2019/05/17
 4.0000000   6.0000000   25.9275   6561.190 0.014    2.8    0.5 -4.00 0.056  55   0 07:43:21     6904.32126    0.0000  2019/05/17
 4.0000000   6.0000000   25.9275   6561.192 0.014    2.9    0.0 -4.00 0.056  55   1 07:44:21     6904.32195    0.0000  2019/05/17
 4.0000000   6.0000000   25.6834   6561.191 0.013    2.9   -0.5 -4.00 0.056  55   0 07:45:21     6904.32264    0.0000  2019/05/17
 4.0000000   6.0000000   25.6834   6561.192 0.012    3.0   -1.0 -4.00 0.056  55   0 07:46:21     6904.32334    0.0000  2019/05/17
 4.0000000   6.0000000   25.4393   6561.192 0.009    2.7   -1.5 -4.01 0.056  55   0 07:47:21     6904.32403    0.0000  2019/05/17
 4.0000000   6.0000000   25.4393   6561.191 0.010    2.9   -1.9 -4.01 0.056  55   0 07:48:21     6904.32472    0.0000  2019/05/17
 4.0000000   6.0000000   25.4393   6561.190 0.008    2.7   -2.2 -4.01 0.056  55   0 07:49:21     6904.32542    0.0000  2019/05/17
 4.0000000   6.0000000   25.4393   6561.190 0.009    2.6   -2.4 -4.00 0.056  55   0 07:50:21     6904.32611    0.0000  2019/05/17
 4.0000000   6.0000000   25.4393   6561.189 0.010    2.4   -2.9 -4.00 0.057  55   0 07:51:21     6904.32680    0.0000  2019/05/17
 4.0000000   6.0000000   25.1951   6561.191 0.011    2.3   -3.0 -4.00 0.057  55   0 07:52:21     6904.32750    0.0000  2019/05/17
 4.0000000   6.0000000   25.1951   6561.192 0.012    2.2   -3.2 -4.00 0.057  55   0 07:53:21     6904.32819    0.0000  2019/05/17
 4.0000000   6.0000000   25.1951   6561.191 0.007    1.8   -3.1 -3.99 0.057  55   0 07:54:21     6904.32888    0.0000  2019/05/17
 4.0000000   6.0000000   25.1951   6561.191 0.011    1.9   -3.3 -3.98 0.057  55   0 07:55:21     6904.32958    0.0000  2019/05/17
 4.0000000   6.0000000   24.9510   6561.192 0.012    1.9   -3.5 -3.98 0.057  55   1 07:56:21     6904.33027    0.0000  2019/05/17
 4.0000000   6.0000000   24.9510   6561.192 0.010    1.8   -3.8 -3.97 0.057  55   0 07:57:21     6904.33096    0.0000  2019/05/17
 4.0000000   6.0000000   24.9510   6561.193 0.009    1.4   -4.1 -3.96 0.057  55   0 07:58:21     6904.33166    0.0000  2019/05/17
 4.0000000   6.0000000   24.7068   6561.192 0.008    1.6   -4.5 -3.95 0.057  55   0 07:59:21     6904.33235    0.0000  2019/05/17
 4.0000000   6.0000000   24.9510   6561.191 0.008    1.4   -4.7 -3.95 0.057  55   0 08:00:21     6904.33304    0.0000  2019/05/17
 4.0000000   6.0000000   24.9510   6561.192 0.011    1.2   -4.7 -3.94 0.057  55   0 08:01:21     6904.33374    0.0000  2019/05/17
 4.0000000   6.0000000   24.7068   6561.190 0.012    1.0   -4.8 -3.93 0.057  55   0 08:02:21     6904.33443    0.0000  2019/05/17
 4.0000000   6.0000000   24.4627   6561.190 0.009    0.7   -4.7 -3.92 0.057  55   0 08:03:21     6904.33512    0.0000  2019/05/17
 4.0000000   6.0000000   24.4627   6561.191 0.014    0.4   -4.8 -3.91 0.056  55   0 08:04:21     6904.33582    0.0000  2019/05/17
 4.0000000   6.0000000   24.4627   6561.194 0.015    0.4   -4.8 -3.90 0.056  55   2 08:05:21     6904.33651    0.0000  2019/05/17
 4.0000000   6.0000000   24.4627   6561.189 0.008    0.4   -4.9 -3.89 0.056  55   0 08:06:21     6904.33720    0.0000  2019/05/17
 4.0000000   6.0000000   24.4627   6561.189 0.014    0.4   -4.8 -3.88 0.056  55   0 08:07:21     6904.33790    0.0000  2019/05/17
 4.0000000   6.0000000   24.4627   6561.189 0.011    0.4   -5.0 -3.87 0.056  55   1 08:08:21     6904.33859    0.0000  2019/05/17
 4.0000000   6.0000000   24.2186   6561.189 0.016    0.3   -5.2 -3.86 0.056  55   1 08:09:21     6904.33928    0.0000  2019/05/17
 4.0000000   6.0000000   24.2186   6561.188 0.008    0.2   -5.6 -3.86 0.056  55   1 08:10:21     6904.33998    0.0000  2019/05/17
 4.0000000   6.0000000   23.9744   6561.189 0.013    0.2   -5.7 -3.85 0.056  55   0 08:11:21     6904.34067    0.0000  2019/05/17
 4.0000000   6.0000000   23.9744   6561.188 0.009    0.2   -5.9 -3.84 0.056  55   0 08:12:21     6904.34136    0.0000  2019/05/17
 4.0000000   6.0000000   23.7303   6561.188 0.008    0.2   -6.1 -3.83 0.056  55   0 08:13:21     6904.34206    0.0000  2019/05/17
 4.0000000   6.0000000   23.7303   6561.189 0.008    0.2   -6.4 -3.82 0.056  55   0 08:14:21     6904.34275    0.0000  2019/05/17
 4.0000000   6.0000000   23.9744   6561.187 0.020    0.3   -6.6 -3.81 0.056  55   0 08:15:21     6904.34344    0.0000  2019/05/17
 4.0000000   6.0000000   23.9744   6561.188 0.010    0.0   -6.6 -3.80 0.056  55   0 08:16:21     6904.34414    0.0000  2019/05/17
 4.0000000   6.0000000   23.9744   6561.190 0.015   -0.1   -6.7 -3.79 0.056  55   0 08:17:21     6904.34483    0.0000  2019/05/17
 4.0000000   6.0000000   23.4861   6561.188 0.012   -0.3   -6.8 -3.78 0.056  55   0 08:18:22     6904.34553    0.0000  2019/05/17
/	CG-5 SURVEY
/	Survey name:   	05 17 05 2019
/	Instrument S/N:	49459
/	Client:        	TNG.KGF
/	Operator:      	Zaynutdinov
/	Date:          	2019/ 5/17
/	Time:          	09:04:17
/	LONG:        	48.7000000 E
/	LAT:         	55.5000000 N
/	ZONE:        	9       
/	GMT DIFF.:   	0.0 
/------LINE-----STATION-----ALT.------GRAV.---SD.--TILTX--TILTY-TEMP---TIDE---DUR-REJ-----TIME----DEC.TIME+DATE--TERRAIN---DATE
 4.0000000   5.0000000   25.9275   6594.056 0.028    2.3    0.4 -4.10 0.045  55   2 09:05:00     6904.37787    0.0000  2019/05/17
 4.0000000   5.0000000   25.6834   6594.058 0.017    2.7    0.2 -4.08 0.045  55   3 09:06:05     6904.37862    0.0000  2019/05/17
 4.0000000   5.0000000   25.6834   6594.058 0.008    2.8    0.0 -4.06 0.045  55   0 09:07:05     6904.37931    0.0000  2019/05/17
 4.0000000   5.0000000   25.4393   6594.058 0.008    3.1   -0.5 -4.04 0.045  55   0 09:08:05     6904.38000    0.0000  2019/05/17
 4.0000000   5.0000000   25.1951   6594.058 0.008    2.9   -0.7 -4.03 0.044  55   0 09:09:05     6904.38070    0.0000  2019/05/17
 4.0000000   5.0000000   25.1951   6594.057 0.006    3.2   -1.2 -4.02 0.044  55   0 09:10:05     6904.38139    0.0000  2019/05/17
 4.0000000   5.0000000   24.9510   6594.057 0.010    3.1   -1.7 -4.00 0.044  55   0 09:11:05     6904.38208    0.0000  2019/05/17
 4.0000000   5.0000000   24.7068   6594.056 0.008    3.2   -1.9 -4.00 0.043  55   0 09:12:05     6904.38278    0.0000  2019/05/17
 4.0000000   5.0000000   24.9510   6594.057 0.009    3.3   -2.2 -3.99 0.043  55   0 09:13:05     6904.38347    0.0000  2019/05/17
 4.0000000   5.0000000   24.4627   6594.059 0.010    3.4   -2.4 -3.98 0.043  55   0 09:14:05     6904.38416    0.0000  2019/05/17
 4.0000000   5.0000000   24.4627   6594.058 0.007    3.4   -2.3 -3.98 0.043  55   0 09:15:05     6904.38486    0.0000  2019/05/17
 4.0000000   5.0000000   24.4627   6594.059 0.009    3.4   -2.5 -3.97 0.042  55   0 09:16:05     6904.38555    0.0000  2019/05/17
 4.0000000   5.0000000   24.4627   6594.058 0.008    3.4   -2.6 -3.96 0.042  55   0 09:17:05     6904.38624    0.0000  2019/05/17
 4.0000000   5.0000000   24.2186   6594.060 0.008    3.3   -2.8 -3.95 0.042  55   0 09:18:05     6904.38694    0.0000  2019/05/17
 4.0000000   5.0000000   24.2186   6594.058 0.009    3.3   -3.1 -3.94 0.041  55   0 09:19:05     6904.38763    0.0000  2019/05/17
 4.0000000   5.0000000   24.2186   6594.058 0.007    3.2   -3.3 -3.92 0.041  55   0 09:20:05     6904.38832    0.0000  2019/05/17
 4.0000000   5.0000000   24.2186   6594.058 0.009    3.1   -3.4 -3.91 0.041  55   0 09:21:05     6904.38902    0.0000  2019/05/17
 4.0000000   5.0000000   24.2186   6594.056 0.011    2.8   -3.5 -3.90 0.040  55   0 09:22:05     6904.38971    0.0000  2019/05/17
 4.0000000   5.0000000   23.9744   6594.056 0.008    2.3   -3.6 -3.89 0.040  55   0 09:23:05     6904.39040    0.0000  2019/05/17
 4.0000000   5.0000000   23.9744   6594.056 0.009    2.2   -3.8 -3.87 0.040  55   0 09:24:05     6904.39110    0.0000  2019/05/17
 4.0000000   5.0000000   23.9744   6594.058 0.007    2.2   -4.0 -3.86 0.039  55   0 09:25:05     6904.39179    0.0000  2019/05/17
 4.0000000   5.0000000   23.9744   6594.060 0.008    2.3   -4.2 -3.85 0.039  55   0 09:26:05     6904.39248    0.0000  2019/05/17
 4.0000000   5.0000000   23.9744   6594.060 0.008    2.1   -4.0 -3.84 0.039  55   0 09:27:05     6904.39318    0.0000  2019/05/17
 4.0000000   5.0000000   23.9744   6594.060 0.009    2.1   -4.5 -3.82 0.038  55   0 09:28:05     6904.39387    0.0000  2019/05/17
 4.0000000   5.0000000   23.7303   6594.060 0.007    1.8   -4.8 -3.81 0.038  55   0 09:29:05     6904.39456    0.0000  2019/05/17
 4.0000000   5.0000000   23.7303   6594.059 0.011    1.8   -5.2 -3.79 0.038  55   0 09:30:05     6904.39526    0.0000  2019/05/17
 4.0000000   5.0000000   23.9744   6594.060 0.008    1.6   -5.3 -3.78 0.037  55   0 09:31:05     6904.39595    0.0000  2019/05/17
 4.0000000   5.0000000   23.4861   6594.060 0.012    1.5   -5.5 -3.77 0.037  55   0 09:32:05     6904.39664    0.0000  2019/05/17
 4.0000000   5.0000000   23.7303   6594.060 0.006    1.2   -5.7 -3.76 0.037  55   0 09:33:05     6904.39734    0.0000  2019/05/17
 4.0000000   5.0000000   22.7537   6594.060 0.010    1.2   -5.9 -3.75 0.036  55   0 09:34:05     6904.39803    0.0000  2019/05/17
 4.0000000   5.0000000   23.7303   6594.060 0.011    1.0   -6.1 -3.74 0.036  55   0 09:35:05     6904.39872    0.0000  2019/05/17
 4.0000000   5.0000000   23.4861   6594.060 0.008    1.0   -6.2 -3.73 0.036  55   0 09:36:05     6904.39942    0.0000  2019/05/17
 4.0000000   5.0000000   23.7303   6594.060 0.008    0.6   -6.2 -3.72 0.035  55   0 09:37:05     6904.40011    0.0000  2019/05/17
 4.0000000   5.0000000   23.9744   6594.059 0.011    0.5   -6.2 -3.71 0.035  55   0 09:38:05     6904.40080    0.0000  2019/05/17
 4.0000000   5.0000000   23.7303   6594.060 0.010    0.2   -6.4 -3.70 0.035  55   0 09:39:05     6904.40150    0.0000  2019/05/17
 4.0000000   5.0000000   23.7303   6594.059 0.008    0.2   -6.6 -3.69 0.034  55   0 09:40:05     6904.40219    0.0000  2019/05/17
 4.0000000   5.0000000   23.7303   6594.059 0.010   -0.1   -6.6 -3.68 0.034  55   0 09:41:05     6904.40288    0.0000  2019/05/17
 4.0000000   5.0000000   23.7303   6594.058 0.009   -0.1   -6.7 -3.68 0.033  55   0 09:42:05     6904.40358    0.0000  2019/05/17
 4.0000000   5.0000000   23.4861   6594.059 0.009   -0.4   -6.9 -3.67 0.033  55   0 09:43:05     6904.40427    0.0000  2019/05/17
 4.0000000   5.0000000   23.7303   6594.059 0.009   -0.5   -6.8 -3.66 0.033  55   0 09:44:06     6904.40498    0.0000  2019/05/17
/	CG-5 SURVEY
/	Survey name:   	06 17 05 2019
/	Instrument S/N:	49459
/	Client:        	TNG.KGF
/	Operator:      	Zaynutdinov
/	Date:          	2019/ 5/17
/	Time:          	10:08:06
/	LONG:        	48.7000000 E
/	LAT:         	55.6000000 N
/	ZONE:        	9       
/	GMT DIFF.:   	0.0 
/------LINE-----STATION-----ALT.------GRAV.---SD.--TILTX--TILTY-TEMP---TIDE---DUR-REJ-----TIME----DEC.TIME+DATE--TERRAIN---DATE
 4.0000000   4.0000000   25.6834   6636.837 0.018    2.5    2.0 -3.84 0.022  55   0 10:08:55     6904.42218    0.0000  2019/05/17
 4.0000000   4.0000000   25.4393   6636.838 0.023    3.3    1.5 -3.83 0.021  55   3 10:10:00     6904.42293    0.0000  2019/05/17
 4.0000000   4.0000000   25.1951   6636.840 0.008    3.5    1.1 -3.82 0.021  55   0 10:11:00     6904.42363    0.0000  2019/05/17
 4.0000000   4.0000000   24.9510   6636.841 0.008    3.7    0.4 -3.81 0.021  55   0 10:12:00     6904.42432    0.0000  2019/05/17
 4.0000000   4.0000000   24.7068   6636.841 0.009    3.6   -0.1 -3.81 0.020  55   0 10:13:00     6904.42501    0.0000  2019/05/17
 4.0000000   4.0000000   24.4627   6636.840 0.010    3.6   -0.6 -3.81 0.020  55   0 10:14:00     6904.42571    0.0000  2019/05/17
 4.0000000   4.0000000   24.4627   6636.840 0.010    3.4   -1.0 -3.82 0.019  55   0 10:15:00     6904.42640    0.0000  2019/05/17
 4.0000000   4.0000000   24.4627   6636.840 0.010    3.3   -1.3 -3.82 0.019  55   0 10:16:00     6904.42709    0.0000  2019/05/17
 4.0000000   4.0000000   24.4627   6636.840 0.008    3.0   -1.4 -3.83 0.018  55   0 10:17:00     6904.42779    0.0000  2019/05/17
 4.0000000   4.0000000   24.2186   6636.837 0.009    2.9   -1.6 -3.83 0.018  55   0 10:18:00     6904.42848    0.0000  2019/05/17
 4.0000000   4.0000000   24.2186   6636.837 0.008    2.8   -1.8 -3.83 0.017  55   0 10:19:00     6904.42917    0.0000  2019/05/17
 4.0000000   4.0000000   24.2186   6636.838 0.010    2.4   -2.2 -3.84 0.017  55   0 10:20:00     6904.42987    0.0000  2019/05/17
 4.0000000   4.0000000   24.2186   6636.837 0.009    2.3   -2.5 -3.83 0.016  55   0 10:21:00     6904.43056    0.0000  2019/05/17
 4.0000000   4.0000000   23.9744   6636.839 0.008    2.2   -2.4 -3.83 0.016  55   0 10:22:00     6904.43125    0.0000  2019/05/17
 4.0000000   4.0000000   23.9744   6636.839 0.008    2.4   -2.6 -3.83 0.016  55   0 10:23:00     6904.43195    0.0000  2019/05/17
 4.0000000   4.0000000   23.7303   6636.842 0.006    2.6   -2.4 -3.83 0.015  55   0 10:24:00     6904.43264    0.0000  2019/05/17
 4.0000000   4.0000000   23.7303   6636.842 0.011    2.5   -2.6 -3.82 0.015  55   0 10:25:02     6904.43336    0.0000  2019/05/17
 4.0000000   4.0000000   23.7303   6636.843 0.009    2.6   -2.6 -3.82 0.014  55   0 10:26:02     6904.43405    0.0000  2019/05/17
 4.0000000   4.0000000   23.7303   6636.843 0.009    2.3   -2.8 -3.81 0.014  55   0 10:27:02     6904.43474    0.0000  2019/05/17
 4.0000000   4.0000000   23.4861   6636.844 0.008    2.1   -3.2 -3.80 0.013  55   0 10:28:02     6904.43544    0.0000  2019/05/17
 4.0000000   4.0000000   23.4861   6636.840 0.008    1.7   -3.5 -3.78 0.013  55   0 10:29:02     6904.43613    0.0000  2019/05/17
 4.0000000   4.0000000   23.4861   6636.841 0.008    1.4   -3.7 -3.78 0.012  55   0 10:30:02     6904.43682    0.0000  2019/05/17
 4.0000000   4.0000000   23.4861   6636.843 0.007    1.5   -3.9 -3.77 0.012  55   0 10:31:02     6904.43752    0.0000  2019/05/17
 4.0000000   4.0000000   23.4861   6636.843 0.007    1.3   -4.0 -3.76 0.011  55   0 10:32:02     6904.43821    0.0000  2019/05/17
 4.0000000   4.0000000   23.2420   6636.844 0.009    1.2   -3.9 -3.75 0.011  55   0 10:33:02     6904.43890    0.0000  2019/05/17
 4.0000000   4.0000000   23.2420   6636.844 0.010    1.1   -4.0 -3.74 0.010  55   0 10:34:02     6904.43960    0.0000  2019/05/17
 4.0000000   4.0000000   23.2420   6636.844 0.005    1.1   -4.2 -3.73 0.010  55   0 10:35:02     6904.44029    0.0000  2019/05/17
 4.0000000   4.0000000   23.2420   6636.845 0.009    0.8   -4.3 -3.73 0.009  55   0 10:36:02     6904.44098    0.0000  2019/05/17
 4.0000000   4.0000000   23.2420   6636.844 0.005    0.6   -4.6 -3.72 0.009  55   0 10:37:02     6904.44168    0.0000  2019/05/17
 4.0000000   4.0000000   23.2420   6636.844 0.008    0.3   -4.3 -3.71 0.008  55   0 10:38:02     6904.44237    0.0000  2019/05/17
 4.0000000   4.0000000   23.2420   6636.844 0.008    0.2   -4.3 -3.70 0.008  55   0 10:39:02     6904.44306    0.0000  2019/05/17
 4.0000000   4.0000000   23.4861   6636.844 0.007    0.5   -4.5 -3.69 0.007  55   0 10:40:02     6904.44376    0.0000  2019/05/17
 4.0000000   4.0000000   22.9979   6636.842 0.009    0.4   -4.7 -3.69 0.007  55   0 10:41:02     6904.44445    0.0000  2019/05/17
 4.0000000   4.0000000   22.9979   6636.843 0.009    0.4   -5.0 -3.69 0.006  55   0 10:42:02     6904.44514    0.0000  2019/05/17
 4.0000000   4.0000000   22.9979   6636.841 0.007    0.4   -5.1 -3.68 0.006  55   0 10:43:02     6904.44584    0.0000  2019/05/17
 4.0000000   4.0000000   22.9979   6636.842 0.010    0.0   -5.1 -3.68 0.005  55   0 10:44:02     6904.44653    0.0000  2019/05/17
 4.0000000   4.0000000   22.7537   6636.844 0.010    0.0   -5.4 -3.68 0.005  55   0 10:45:02     6904.44722    0.0000  2019/05/17
 4.0000000   4.0000000   22.9979   6636.841 0.009   -0.1   -5.3 -3.67 0.004  55   0 10:46:02     6904.44792    0.0000  2019/05/17
 4.0000000   4.0000000   22.7537   6636.840 0.007    0.0   -5.4 -3.67 0.004  55   0 10:47:02     6904.44861    0.0000  2019/05/17
 4.0000000   4.0000000   22.7537   6636.843 0.010   -0.4   -5.5 -3.66 0.003  55   0 10:48:06     6904.44935    0.0000  2019/05/17
/	CG-5 SURVEY
/	Survey name:   	07 17 05 2019
/	Instrument S/N:	49459
/	Client:        	TNG.KGF
/	Operator:      	Zaynutdinov
/	Date:          	2019/ 5/17
/	Time:          	11:51:37
/	LONG:        	48.8000000 E
/	LAT:         	55.8000000 N
/	ZONE:        	9       
/	GMT DIFF.:   	0.0 

/	CG-5 SETUP PARAMETERS
/	Gref:			1500.000
/	Gcal1:		8925.088
/	TiltxS:		662.263 
/	TiltyS:		644.285 
/	TiltxO:		5.751   
/	TiltyO:		-31.974 
/	Tempco:		-0.121  
/	Drift:		0.426   
/	DriftTime Start:	03:19:42
/	DriftDate Start:	2019/05/17

/	CG-5 OPTIONS
/	Tide Correction:    YES
/	Cont. Tilt:         YES
/	Auto Rejection:     YES
/	Terrain Corr.:       NO
/	Seismic Filter:     YES
/	Raw Data:           YES
/------LINE-----STATION-----ALT.------GRAV.---SD.--TILTX--TILTY-TEMP---TIDE---DUR-REJ-----TIME----DEC.TIME+DATE--TERRAIN---DATE
 4.0000000   1.0000000   24.4627   6654.373 0.040    0.7    0.7 -3.81 -0.031  55   1 11:54:30     6904.49539    0.0000  2019/05/17
 4.0000000   1.0000000   24.4627   6654.374 0.024    1.4    0.2 -3.79 -0.032  55   4 11:55:35     6904.49614    0.0000  2019/05/17
 4.0000000   1.0000000   24.2186   6654.371 0.028    1.7   -0.1 -3.78 -0.032  55   1 11:56:35     6904.49683    0.0000  2019/05/17
 4.0000000   1.0000000   23.7303   6654.370 0.033    2.0   -0.7 -3.77 -0.033  55   0 11:57:35     6904.49752    0.0000  2019/05/17
 4.0000000   1.0000000   23.7303   6654.370 0.033    2.4   -1.0 -3.77 -0.033  55   0 11:58:35     6904.49822    0.0000  2019/05/17
 4.0000000   1.0000000   23.7303   6654.369 0.037    2.7   -1.2 -3.78 -0.034  55   0 11:59:35     6904.49891    0.0000  2019/05/17
 4.0000000   1.0000000   23.2420   6654.368 0.052    2.7   -1.6 -3.77 -0.034  55   0 12:00:35     6904.49960    0.0000  2019/05/17
 4.0000000   1.0000000   23.2420   6654.369 0.039    3.2   -1.7 -3.77 -0.035  55   0 12:01:35     6904.50030    0.0000  2019/05/17
 4.0000000   1.0000000   22.9979   6654.367 0.040    3.3   -2.0 -3.76 -0.035  55   0 12:02:35     6904.50099    0.0000  2019/05/17
 4.0000000   1.0000000   22.9979   6654.366 0.034    3.5   -2.2 -3.75 -0.036  55   0 12:03:35     6904.50168    0.0000  2019/05/17
 4.0000000   1.0000000   22.7537   6654.365 0.031    3.6   -2.2 -3.75 -0.036  55   0 12:04:35     6904.50238    0.0000  2019/05/17
 4.0000000   1.0000000   22.7537   6654.366 0.020    3.7   -2.5 -3.74 -0.037  55   0 12:05:35     6904.50307    0.0000  2019/05/17
 4.0000000   1.0000000   22.5096   6654.367 0.018    3.8   -2.7 -3.74 -0.037  55   0 12:06:35     6904.50376    0.0000  2019/05/17
 4.0000000   1.0000000   22.5096   6654.369 0.024    3.7   -2.7 -3.73 -0.038  55   0 12:07:35     6904.50446    0.0000  2019/05/17
 4.0000000   1.0000000   22.2654   6654.368 0.020    3.7   -3.0 -3.72 -0.038  55   0 12:08:35     6904.50515    0.0000  2019/05/17
 4.0000000   1.0000000   22.2654   6654.369 0.023    3.8   -3.1 -3.70 -0.039  55   0 12:09:35     6904.50584    0.0000  2019/05/17
 4.0000000   1.0000000   22.0213   6654.369 0.019    3.8   -3.2 -3.69 -0.039  55   0 12:10:35     6904.50654    0.0000  2019/05/17
 4.0000000   1.0000000   21.7772   6654.369 0.017    3.7   -3.5 -3.68 -0.040  55   0 12:11:35     6904.50723    0.0000  2019/05/17
 4.0000000   1.0000000   21.7772   6654.367 0.017    3.5   -3.7 -3.66 -0.040  55   0 12:12:35     6904.50792    0.0000  2019/05/17
 4.0000000   1.0000000   21.7772   6654.367 0.020    3.5   -3.9 -3.65 -0.041  55   0 12:13:35     6904.50862    0.0000  2019/05/17
 4.0000000   1.0000000   21.5330   6654.365 0.015    3.3   -4.0 -3.64 -0.041  55   0 12:14:35     6904.50931    0.0000  2019/05/17
 4.0000000   1.0000000   21.5330   6654.365 0.014    3.3   -4.2 -3.62 -0.042  55   0 12:15:35     6904.51000    0.0000  2019/05/17
 4.0000000   1.0000000   21.2889   6654.362 0.016    3.2   -4.3 -3.60 -0.042  55   0 12:16:35     6904.51070    0.0000  2019/05/17
 4.0000000   1.0000000   21.2889   6654.362 0.024    3.2   -4.4 -3.59 -0.043  55   0 12:17:35     6904.51139    0.0000  2019/05/17
 4.0000000   1.0000000   21.2889   6654.363 0.017    3.1   -4.5 -3.57 -0.043  55   0 12:18:35     6904.51208    0.0000  2019/05/17
 4.0000000   1.0000000   21.0447   6654.362 0.017    3.0   -4.7 -3.56 -0.044  55   0 12:19:35     6904.51278    0.0000  2019/05/17
 4.0000000   1.0000000   20.8006   6654.362 0.018    2.8   -4.9 -3.54 -0.044  55   0 12:20:35     6904.51347    0.0000  2019/05/17
 4.0000000   1.0000000   20.8006   6654.363 0.014    2.8   -5.1 -3.52 -0.045  55   0 12:21:35     6904.51416    0.0000  2019/05/17
 4.0000000   1.0000000   20.8006   6654.364 0.016    2.6   -5.1 -3.51 -0.045  55   0 12:22:35     6904.51486    0.0000  2019/05/17
 4.0000000   1.0000000   20.5565   6654.364 0.014    2.7   -5.0 -3.49 -0.046  55   0 12:23:35     6904.51555    0.0000  2019/05/17
 4.0000000   1.0000000   20.5565   6654.369 0.015    2.7   -5.3 -3.48 -0.046  55   0 12:24:35     6904.51624    0.0000  2019/05/17
 4.0000000   1.0000000   20.5565   6654.369 0.017    2.6   -5.4 -3.46 -0.047  55   0 12:25:35     6904.51694    0.0000  2019/05/17
 4.0000000   1.0000000   20.5565   6654.368 0.017    2.4   -5.5 -3.44 -0.047  55   0 12:26:35     6904.51763    0.0000  2019/05/17
 4.0000000   1.0000000   20.3123   6654.368 0.019    2.1   -5.8 -3.42 -0.048  55   0 12:27:35     6904.51832    0.0000  2019/05/17
 4.0000000   1.0000000   20.3123   6654.368 0.024    2.1   -6.0 -3.39 -0.048  55   0 12:28:35     6904.51902    0.0000  2019/05/17
 4.0000000   1.0000000   20.3123   6654.367 0.028    1.9   -6.1 -3.37 -0.049  55   0 12:29:35     6904.51971    0.0000  2019/05/17
 4.0000000   1.0000000   20.3123   6654.367 0.040    1.9   -5.9 -3.35 -0.049  55   0 12:30:35     6904.52040    0.0000  2019/05/17
 4.0000000   1.0000000   20.3123   6654.365 0.045    1.8   -6.2 -3.33 -0.050  55   0 12:31:35     6904.52110    0.0000  2019/05/17
 4.0000000   1.0000000   20.0682   6654.365 0.047    1.8   -6.5 -3.32 -0.050  55   0 12:32:35     6904.52179    0.0000  2019/05/17
 4.0000000   1.0000000   20.0682   6654.367 0.030    1.6   -6.5 -3.30 -0.050  55   0 12:33:36     6904.52250    0.0000  2019/05/17
 4.0000000   1.0000000   20.0682   6654.367 0.046   -1.9   -1.1 -3.28 -0.051  55   1 12:35:36     6904.52388    0.0000  2019/05/17
 4.0000000   1.0000000   19.8240   6654.366 0.045   -1.9   -1.3 -3.27 -0.052  55   0 12:36:41     6904.52463    0.0000  2019/05/17
 4.0000000   1.0000000   19.8240   6654.364 0.048   -1.6   -1.2 -3.26 -0.052  55   0 12:37:41     6904.52533    0.0000  2019/05/17
 4.0000000   1.0000000   19.8240   6654.363 0.043   -1.8   -1.1 -3.25 -0.053  55   0 12:38:41     6904.52602    0.0000  2019/05/17
 4.0000000   1.0000000   19.5799   6654.362 0.043   -1.8   -1.4 -3.24 -0.053  55   0 12:39:41     6904.52671    0.0000  2019/05/17
 4.0000000   1.0000000   19.5799   6654.362 0.060   -1.9   -1.3 -3.23 -0.054  55   0 12:40:41     6904.52741    0.0000  2019/05/17
 4.0000000   1.0000000   19.5799   6654.364 0.040   -1.9   -1.4 -3.22 -0.054  55   0 12:41:41     6904.52810    0.0000  2019/05/17
 4.0000000   1.0000000   19.5799   6654.367 0.025   -2.2   -1.4 -3.21 -0.055  55   0 12:42:41     6904.52879    0.0000  2019/05/17
 4.0000000   1.0000000   19.5799   6654.365 0.017   -2.3   -1.5 -3.20 -0.055  55   0 12:43:41     6904.52949    0.0000  2019/05/17
 4.0000000   1.0000000   19.5799   6654.365 0.017   -2.4   -1.7 -3.18 -0.055  55   0 12:44:41     6904.53018    0.0000  2019/05/17
 4.0000000   1.0000000   19.3358   6654.366 0.021   -2.5   -1.8 -3.17 -0.056  55   0 12:45:41     6904.53087    0.0000  2019/05/17
 4.0000000   1.0000000   19.3358   6654.365 0.020   -2.6   -1.9 -3.16 -0.056  55   0 12:46:41     6904.53157    0.0000  2019/05/17
 4.0000000   1.0000000   19.3358   6654.367 0.021   -2.7   -2.0 -3.15 -0.057  55   0 12:47:41     6904.53226    0.0000  2019/05/17
 4.0000000   1.0000000   19.3358   6654.366 0.020   -2.8   -2.1 -3.14 -0.057  55   0 12:48:41     6904.53295    0.0000  2019/05/17
 4.0000000   1.0000000   19.3358   6654.365 0.026   -2.9   -2.2 -3.13 -0.058  55   0 12:49:41     6904.53365    0.0000  2019/05/17
 4.0000000   1.0000000   19.3358   6654.366 0.019   -2.9   -2.2 -3.12 -0.058  55   0 12:50:41     6904.53434    0.0000  2019/05/17
 4.0000000   1.0000000   19.0916   6654.364 0.024   -2.9   -2.3 -3.12 -0.058  55   0 12:51:41     6904.53503    0.0000  2019/05/17
 4.0000000   1.0000000   19.3358   6654.365 0.021   -3.0   -2.2 -3.11 -0.059  55   0 12:52:41     6904.53573    0.0000  2019/05/17
 4.0000000   1.0000000   19.3358   6654.364 0.025   -3.1   -2.4 -3.11 -0.059  55   0 12:53:41     6904.53642    0.0000  2019/05/17
 4.0000000   1.0000000   19.0916   6654.365 0.038   -3.0   -2.4 -3.10 -0.060  55   0 12:54:41     6904.53711    0.0000  2019/05/17
 4.0000000   1.0000000   19.0916   6654.364 0.035   -3.1   -2.3 -3.10 -0.060  55   0 12:55:41     6904.53781    0.0000  2019/05/17
 4.0000000   1.0000000   19.0916   6654.363 0.039   -3.1   -2.2 -3.09 -0.061  55   0 12:56:41     6904.53850    0.0000  2019/05/17
 4.0000000   1.0000000   18.8475   6654.361 0.046   -3.2   -2.7 -3.09 -0.061  55   0 12:57:41     6904.53919    0.0000  2019/05/17
 4.0000000   1.0000000   19.0916   6654.361 0.051   -3.1   -2.6 -3.09 -0.061  55   0 12:58:41     6904.53989    0.0000  2019/05/17
 4.0000000   1.0000000   18.8475   6654.361 0.049   -3.5   -2.6 -3.08 -0.062  55   0 12:59:49     6904.54067    0.0000  2019/05/17
 4.0000000   1.0000000   18.8475   6654.364 0.047   -3.4   -2.8 -3.08 -0.062  55   0 13:00:49     6904.54137    0.0000  2019/05/17
 4.0000000   1.0000000   18.8475   6654.364 0.032   -3.6   -2.8 -3.08 -0.063  55   0 13:01:49     6904.54206    0.0000  2019/05/17
 4.0000000   1.0000000   18.8475   6654.363 0.020   -3.7   -3.0 -3.07 -0.063  55   0 13:02:49     6904.54275    0.0000  2019/05/17
 4.0000000   1.0000000   18.8475   6654.363 0.016   -3.9   -3.2 -3.06 -0.063  55   0 13:03:49     6904.54345    0.0000  2019/05/17
 4.0000000   1.0000000   18.8475   6654.365 0.016   -4.0   -3.3 -3.05 -0.064  55   0 13:04:49     6904.54414    0.0000  2019/05/17
 4.0000000   1.0000000   18.8475   6654.365 0.015   -4.2   -3.4 -3.04 -0.064  55   1 13:05:49     6904.54483    0.0000  2019/05/17
 4.0000000   1.0000000   18.8475   6654.365 0.016   -4.2   -3.5 -3.02 -0.065  55   0 13:06:49     6904.54553    0.0000  2019/05/17
 4.0000000   1.0000000   18.6033   6654.364 0.018   -4.2   -3.6 -3.01 -0.065  55   0 13:07:49     6904.54622    0.0000  2019/05/17
 4.0000000   1.0000000   19.0916   6654.364 0.019   -4.4   -3.6 -3.00 -0.065  55   0 13:08:49     6904.54691    0.0000  2019/05/17
 4.0000000   1.0000000   18.6033   6654.365 0.019   -4.4   -3.8 -3.00 -0.066  55   0 13:09:49     6904.54761    0.0000  2019/05/17
 4.0000000   1.0000000   18.8475   6654.363 0.023   -4.6   -3.7 -2.99 -0.066  55   0 13:10:49     6904.54830    0.0000  2019/05/17
 4.0000000   1.0000000   18.6033   6654.363 0.031   -4.7   -3.7 -2.98 -0.067  55   0 13:11:49     6904.54899    0.0000  2019/05/17
 4.0000000   1.0000000   18.6033   6654.361 0.034   -4.7   -3.8 -2.98 -0.067  55   0 13:12:49     6904.54969    0.0000  2019/05/17
 4.0000000   1.0000000   18.6033   6654.361 0.058   -4.6   -3.8 -2.98 -0.067  55   0 13:13:49     6904.55038    0.0000  2019/05/17
 4.0000000   1.0000000   18.6033   6654.360 0.052   -4.4   -3.9 -2.97 -0.068  55   9 13:14:50     6904.55108    0.0000  2019/05/17