
/	CG-5 SURVEY
/	Survey name:   	00 19 05 2019
/	Instrument S/N:	49459
/	Client:        	TNG.KGF
/	Operator:      	Zaynutdinov
/	Date:          	2019/ 5/19
/	Time:          	02:30:07
/	LONG:        	48.8000000 E
/	LAT:         	55.8000000 N
/	ZONE:        	9       
/	GMT DIFF.:   	0.0 

/	CG-5 SETUP PARAMETERS
/	Gref:			1500.000
/	Gcal1:		8925.088
/	TiltxS:		662.263 
/	TiltyS:		644.285 
/	TiltxO:		5.751   
/	TiltyO:		-31.974 
/	Tempco:		-0.121  
/	Drift:		0.426   
/	DriftTime Start:	02:30:09
/	DriftDate Start:	2019/05/19

/	CG-5 OPTIONS
/	Tide Correction:    YES
/	Cont. Tilt:         YES
/	Auto Rejection:     YES
/	Terrain Corr.:       NO
/	Seismic Filter:     YES
/	Raw Data:           YES
Line	   4.000N
/------LINE-----STATION-----ALT.------GRAV.---SD.--TILTX--TILTY-TEMP---TIDE---DUR-REJ-----TIME----DEC.TIME+DATE--TERRAIN---DATE
 4.0000000   1.0000000   24.7068   6655.160 0.020    0.6   -0.3 -3.83 -0.067  55   7 03:14:20     6906.13474    0.0000  2019/05/19
 4.0000000   1.0000000   24.7068   6655.163 0.021    1.2   -0.7 -3.80 -0.067  55   0 03:15:25     6906.13549    0.0000  2019/05/19
 4.0000000   1.0000000   24.4627   6655.163 0.020    1.6   -1.4 -3.78 -0.066  55   0 03:16:25     6906.13618    0.0000  2019/05/19
 4.0000000   1.0000000   24.4627   6655.164 0.021    2.2   -2.1 -3.76 -0.066  55   0 03:17:25     6906.13688    0.0000  2019/05/19
 4.0000000   1.0000000   23.9744   6655.165 0.030    2.6   -2.8 -3.74 -0.065  55   0 03:18:25     6906.13757    0.0000  2019/05/19
 4.0000000   1.0000000   23.9744   6655.167 0.026    2.9   -3.4 -3.73 -0.065  55   0 03:19:25     6906.13826    0.0000  2019/05/19
 4.0000000   1.0000000   23.7303   6655.167 0.015    3.3   -4.0 -3.72 -0.065  55   0 03:20:25     6906.13896    0.0000  2019/05/19
 4.0000000   1.0000000   23.4861   6655.167 0.020    3.5   -4.3 -3.71 -0.064  55   0 03:21:25     6906.13965    0.0000  2019/05/19
 4.0000000   1.0000000   23.2420   6655.167 0.024    3.7   -5.1 -3.70 -0.064  55   1 03:22:25     6906.14034    0.0000  2019/05/19
 4.0000000   1.0000000   23.2420   6655.167 0.031    4.0   -5.4 -3.69 -0.063  55   0 03:23:25     6906.14104    0.0000  2019/05/19
 4.0000000   1.0000000   22.9979   6655.167 0.026    4.0   -5.8 -3.68 -0.063  55   0 03:24:25     6906.14173    0.0000  2019/05/19
 4.0000000   1.0000000   22.9979   6655.168 0.031    3.9   -6.1 -3.67 -0.063  55   0 03:25:25     6906.14242    0.0000  2019/05/19
 4.0000000   1.0000000   22.7537   6655.169 0.036    3.8   -6.4 -3.66 -0.062  55   0 03:26:25     6906.14312    0.0000  2019/05/19
 4.0000000   1.0000000   22.7537   6655.169 0.023    3.9   -6.7 -3.64 -0.062  55   0 03:27:25     6906.14381    0.0000  2019/05/19
 4.0000000   1.0000000   22.5096   6655.170 0.023    3.7   -6.9 -3.63 -0.061  55   0 03:28:25     6906.14450    0.0000  2019/05/19
/	CG-5 SURVEY
/	Survey name:   	01 19 05 2019
/	Instrument S/N:	49459
/	Client:        	TNG.KGF
/	Operator:      	Zaynutdinov
/	Date:          	2019/ 5/19
/	Time:          	03:29:50
/	LONG:        	48.8000000 E
/	LAT:         	55.8000000 N
/	ZONE:        	9       
/	GMT DIFF.:   	0.0 
/------LINE-----STATION-----ALT.------GRAV.---SD.--TILTX--TILTY-TEMP---TIDE---DUR-REJ-----TIME----DEC.TIME+DATE--TERRAIN---DATE
 4.0000000   1.0000000   22.2654   6655.172 0.013   -2.5    1.2 -3.59 -0.060  55   7 03:30:32     6906.14597    0.0000  2019/05/19
 4.0000000   1.0000000   22.0213   6655.173 0.011   -2.6    1.0 -3.57 -0.060  55   0 03:31:37     6906.14672    0.0000  2019/05/19
 4.0000000   1.0000000   22.0213   6655.174 0.007   -2.7    0.9 -3.55 -0.059  55   0 03:32:37     6906.14741    0.0000  2019/05/19
 4.0000000   1.0000000   21.7772   6655.172 0.009   -2.7    0.7 -3.54 -0.059  55   0 03:33:37     6906.14811    0.0000  2019/05/19
 4.0000000   1.0000000   21.7772   6655.172 0.010   -2.8    0.6 -3.52 -0.058  55   0 03:34:37     6906.14880    0.0000  2019/05/19
 4.0000000   1.0000000   21.5330   6655.173 0.008   -2.9    0.4 -3.50 -0.058  55   0 03:35:37     6906.14949    0.0000  2019/05/19
 4.0000000   1.0000000   21.5330   6655.173 0.012   -3.1    0.3 -3.48 -0.057  55   0 03:36:37     6906.15019    0.0000  2019/05/19
 4.0000000   1.0000000   21.5330   6655.176 0.009   -3.1    0.2 -3.47 -0.057  55   0 03:37:37     6906.15088    0.0000  2019/05/19
 4.0000000   1.0000000   21.2889   6655.176 0.011   -3.3    0.0 -3.45 -0.057  55   0 03:38:37     6906.15157    0.0000  2019/05/19
 4.0000000   1.0000000   21.2889   6655.175 0.010   -3.5   -0.2 -3.43 -0.056  55   0 03:39:37     6906.15227    0.0000  2019/05/19
 4.0000000   1.0000000   21.0447   6655.175 0.011   -3.6   -0.3 -3.41 -0.056  55   0 03:40:37     6906.15296    0.0000  2019/05/19
 4.0000000   1.0000000   21.0447   6655.176 0.012   -3.8   -0.5 -3.40 -0.055  55   0 03:41:37     6906.15365    0.0000  2019/05/19
 4.0000000   1.0000000   20.8006   6655.174 0.010   -3.9   -0.6 -3.38 -0.055  55   0 03:42:37     6906.15435    0.0000  2019/05/19
 4.0000000   1.0000000   20.8006   6655.175 0.011   -4.0   -0.8 -3.37 -0.054  55   0 03:43:37     6906.15504    0.0000  2019/05/19
 4.0000000   1.0000000   20.8006   6655.176 0.009   -4.2   -0.9 -3.36 -0.054  55   0 03:44:37     6906.15573    0.0000  2019/05/19
 4.0000000   1.0000000   20.8006   6655.176 0.009   -4.3   -1.0 -3.34 -0.053  55   1 03:45:37     6906.15643    0.0000  2019/05/19
 4.0000000   1.0000000   20.5565   6655.176 0.011   -4.4   -1.1 -3.33 -0.053  55   0 03:46:37     6906.15712    0.0000  2019/05/19
 4.0000000   1.0000000   20.5565   6655.177 0.010   -4.5   -1.3 -3.31 -0.052  55   0 03:47:37     6906.15781    0.0000  2019/05/19
 4.0000000   1.0000000   20.5565   6655.176 0.009   -4.7   -1.5 -3.29 -0.052  55   0 03:48:37     6906.15851    0.0000  2019/05/19
 4.0000000   1.0000000   20.5565   6655.177 0.009   -4.9   -1.6 -3.28 -0.051  55   0 03:49:37     6906.15920    0.0000  2019/05/19
 4.0000000   1.0000000   20.3123   6655.175 0.011   -5.0   -1.7 -3.26 -0.051  55   0 03:50:37     6906.15989    0.0000  2019/05/19
 4.0000000   1.0000000   20.3123   6655.176 0.011   -5.2   -1.8 -3.25 -0.050  55   0 03:51:37     6906.16059    0.0000  2019/05/19
 4.0000000   1.0000000   20.0682   6655.177 0.011   -5.2   -2.0 -3.24 -0.050  55   0 03:52:37     6906.16128    0.0000  2019/05/19
 4.0000000   1.0000000   20.0682   6655.176 0.011   -5.4   -2.0 -3.22 -0.049  55   0 03:53:37     6906.16197    0.0000  2019/05/19
 4.0000000   1.0000000   20.0682   6655.176 0.012   -6.3   -2.0 -3.21 -0.049  55   0 03:54:37     6906.16267    0.0000  2019/05/19
 4.0000000   1.0000000   20.0682   6655.177 0.010   -6.3   -2.0 -3.20 -0.048  55   0 03:55:37     6906.16336    0.0000  2019/05/19
 4.0000000   1.0000000   19.8240   6655.177 0.011   -6.9   -2.1 -3.19 -0.048  55   0 03:56:37     6906.16405    0.0000  2019/05/19
 4.0000000   1.0000000   19.8240   6655.178 0.015   -7.3   -2.4 -3.18 -0.047  55   0 03:57:37     6906.16475    0.0000  2019/05/19
 4.0000000   1.0000000   20.3123   6655.178 0.011   -7.5   -2.5 -3.17 -0.047  55   0 03:58:37     6906.16544    0.0000  2019/05/19
 4.0000000   1.0000000   19.8240   6655.178 0.011   -7.6   -2.6 -3.16 -0.046  55   0 03:59:37     6906.16613    0.0000  2019/05/19
 4.0000000   1.0000000   19.8240   6655.178 0.009   -7.6   -2.7 -3.15 -0.046  55   0 04:00:37     6906.16683    0.0000  2019/05/19
 4.0000000   1.0000000   19.8240   6655.178 0.010   -7.8   -2.8 -3.14 -0.045  55   0 04:01:37     6906.16752    0.0000  2019/05/19
 4.0000000   1.0000000   19.5799   6655.178 0.010   -8.0   -3.0 -3.13 -0.045  55   0 04:02:37     6906.16821    0.0000  2019/05/19
 4.0000000   1.0000000   19.5799   6655.178 0.010   -8.0   -3.0 -3.12 -0.044  55   0 04:03:37     6906.16891    0.0000  2019/05/19
 4.0000000   1.0000000   19.5799   6655.178 0.009   -8.2   -3.0 -3.11 -0.044  55   0 04:04:37     6906.16960    0.0000  2019/05/19
 4.0000000   1.0000000   19.5799   6655.177 0.011   -8.3   -3.0 -3.10 -0.043  55   0 04:05:37     6906.17029    0.0000  2019/05/19
 4.0000000   1.0000000   19.5799   6655.177 0.010   -8.3   -3.1 -3.09 -0.043  55   0 04:06:37     6906.17099    0.0000  2019/05/19
 4.0000000   1.0000000   19.3358   6655.177 0.011   -8.5   -3.2 -3.09 -0.042  55   0 04:07:37     6906.17168    0.0000  2019/05/19
 4.0000000   1.0000000   19.3358   6655.178 0.011   -8.6   -3.4 -3.08 -0.042  55   0 04:08:37     6906.17237    0.0000  2019/05/19
 4.0000000   1.0000000   19.3358   6655.176 0.011   -8.8   -3.5 -3.07 -0.041  55   0 04:09:38     6906.17308    0.0000  2019/05/19
/	CG-5 SURVEY
/	Survey name:   	02 19 05 2019
/	Instrument S/N:	49459
/	Client:        	TNG.KGF
/	Operator:      	Zaynutdinov
/	Date:          	2019/ 5/19
/	Time:          	05:00:34
/	LONG:        	48.7000000 E
/	LAT:         	55.6000000 N
/	ZONE:        	9       
/	GMT DIFF.:   	0.0 
/------LINE-----STATION-----ALT.------GRAV.---SD.--TILTX--TILTY-TEMP---TIDE---DUR-REJ-----TIME----DEC.TIME+DATE--TERRAIN---DATE
 4.0000000   4.0000000   22.2654   6637.649 0.017   -0.4   -1.7 -3.11 -0.012  55   1 05:01:38     6906.20913    0.0000  2019/05/19
 4.0000000   4.0000000   22.2654   6637.651 0.006    0.1   -2.1 -3.10 -0.012  55   0 05:02:43     6906.20988    0.0000  2019/05/19
 4.0000000   4.0000000   22.0213   6637.651 0.006    0.1   -2.7 -3.09 -0.011  55   0 05:03:43     6906.21058    0.0000  2019/05/19
 4.0000000   4.0000000   22.0213   6637.652 0.006    0.1   -3.4 -3.09 -0.011  55   0 05:04:43     6906.21127    0.0000  2019/05/19
 4.0000000   4.0000000   21.7772   6637.653 0.006    0.2   -3.9 -3.08 -0.010  55   0 05:05:43     6906.21196    0.0000  2019/05/19
 4.0000000   4.0000000   21.7772   6637.654 0.006    0.0   -4.5 -3.08 -0.009  55   0 05:06:43     6906.21266    0.0000  2019/05/19
 4.0000000   4.0000000   21.5330   6637.654 0.006    0.3   -4.8 -3.07 -0.009  55   0 05:07:43     6906.21335    0.0000  2019/05/19
 4.0000000   4.0000000   21.2889   6637.655 0.007    0.5   -4.9 -3.07 -0.008  55   0 05:08:43     6906.21404    0.0000  2019/05/19
 4.0000000   4.0000000   21.2889   6637.655 0.005    0.6   -5.0 -3.07 -0.008  55   0 05:09:43     6906.21474    0.0000  2019/05/19
 4.0000000   4.0000000   21.2889   6637.654 0.006    0.5   -5.3 -3.07 -0.007  55   0 05:10:43     6906.21543    0.0000  2019/05/19
 4.0000000   4.0000000   21.0447   6637.655 0.007    0.4   -5.7 -3.07 -0.007  55   0 05:11:43     6906.21612    0.0000  2019/05/19
 4.0000000   4.0000000   21.0447   6637.655 0.008    0.4   -6.2 -3.07 -0.006  55   0 05:12:43     6906.21682    0.0000  2019/05/19
 4.0000000   4.0000000   20.8006   6637.655 0.007    0.2   -6.6 -3.07 -0.005  55   0 05:13:43     6906.21751    0.0000  2019/05/19
 4.0000000   4.0000000   20.8006   6637.655 0.006    0.0   -7.1 -3.07 -0.005  55   0 05:14:43     6906.21820    0.0000  2019/05/19
 4.0000000   4.0000000   20.8006   6637.655 0.007    0.0   -7.3 -3.06 -0.004  55   0 05:15:43     6906.21890    0.0000  2019/05/19
 4.0000000   4.0000000   20.5565   6637.656 0.007   -0.2   -7.4 -3.06 -0.004  55   0 05:16:43     6906.21959    0.0000  2019/05/19
 4.0000000   4.0000000   20.3123   6637.656 0.006   -0.3   -7.8 -3.06 -0.003  55   0 05:17:43     6906.22028    0.0000  2019/05/19
 4.0000000   4.0000000   20.3123   6637.657 0.007   -0.2   -7.9 -3.05 -0.002  55   0 05:18:43     6906.22098    0.0000  2019/05/19
 4.0000000   4.0000000   20.3123   6637.656 0.007   -0.5   -8.3 -3.04 -0.002  55   0 05:19:43     6906.22167    0.0000  2019/05/19
 4.0000000   4.0000000   20.0682   6637.656 0.007   -0.6   -8.6 -3.04 -0.001  55   0 05:20:43     6906.22236    0.0000  2019/05/19
 4.0000000   4.0000000   20.0682   6637.656 0.005   -0.7   -8.7 -3.03 -0.001  55   0 05:21:43     6906.22306    0.0000  2019/05/19
 4.0000000   4.0000000   20.0682   6637.658 0.006   -0.7   -8.7 -3.02 0.000  55   0 05:22:43     6906.22375    0.0000  2019/05/19
 4.0000000   4.0000000   19.8240   6637.658 0.006   -0.6   -8.7 -3.01 0.000  55   0 05:23:43     6906.22444    0.0000  2019/05/19
 4.0000000   4.0000000   19.8240   6637.656 0.007   -0.5   -8.7 -3.00 0.000  55   0 05:24:43     6906.22514    0.0000  2019/05/19
 4.0000000   4.0000000   19.8240   6637.658 0.006   -0.4   -8.7 -2.99 0.001  55   0 05:25:43     6906.22583    0.0000  2019/05/19
 4.0000000   4.0000000   19.8240   6637.659 0.007   -0.8   -8.7 -2.99 0.001  55   0 05:26:43     6906.22652    0.0000  2019/05/19
 4.0000000   4.0000000   19.8240   6637.660 0.005   -0.8   -9.0 -2.98 0.002  55   0 05:27:43     6906.22722    0.0000  2019/05/19
 4.0000000   4.0000000   19.8240   6637.658 0.006   -1.3   -8.8 -2.97 0.002  55   0 05:28:43     6906.22791    0.0000  2019/05/19
 4.0000000   4.0000000   19.8240   6637.658 0.006   -1.3   -8.8 -2.96 0.003  55   0 05:29:43     6906.22860    0.0000  2019/05/19
 4.0000000   4.0000000   19.8240   6637.660 0.005   -1.3   -8.8 -2.95 0.004  55   0 05:30:43     6906.22930    0.0000  2019/05/19
 4.0000000   4.0000000   19.5799   6637.659 0.006   -1.6   -9.3 -2.94 0.004  55   0 05:31:43     6906.22999    0.0000  2019/05/19
 4.0000000   4.0000000   19.5799   6637.657 0.006   -1.5   -9.4 -2.94 0.005  55   0 05:32:43     6906.23068    0.0000  2019/05/19
 4.0000000   4.0000000   19.8240   6637.657 0.006   -1.5   -9.4 -2.93 0.005  55   0 05:33:43     6906.23138    0.0000  2019/05/19
 4.0000000   4.0000000   19.5799   6637.657 0.006   -1.7   -9.5 -2.92 0.006  55   0 05:34:43     6906.23207    0.0000  2019/05/19
 4.0000000   4.0000000   19.5799   6637.659 0.007   -1.8   -9.4 -2.92 0.007  55   0 05:35:43     6906.23276    0.0000  2019/05/19
 4.0000000   4.0000000   19.5799   6637.659 0.006   -2.3   -9.8 -2.91 0.007  55   0 05:36:43     6906.23346    0.0000  2019/05/19
 4.0000000   4.0000000   19.5799   6637.658 0.007   -2.6  -10.1 -2.91 0.008  55   0 05:37:43     6906.23415    0.0000  2019/05/19
 4.0000000   4.0000000   19.3358   6637.658 0.007   -2.9  -10.4 -2.90 0.008  55   0 05:38:43     6906.23484    0.0000  2019/05/19
 4.0000000   4.0000000   19.3358   6637.658 0.005   -3.2  -10.4 -2.90 0.009  55   0 05:39:43     6906.23554    0.0000  2019/05/19
 4.0000000   4.0000000   19.3358   6637.658 0.012   -3.1  -10.7 -2.89 0.010  55   0 05:40:44     6906.23624    0.0000  2019/05/19
/	CG-5 SURVEY
/	Survey name:   	03 19 05 2019
/	Instrument S/N:	49459
/	Client:        	TNG.KGF
/	Operator:      	Zaynutdinov
/	Date:          	2019/ 5/19
/	Time:          	06:02:51
/	LONG:        	48.7000000 E
/	LAT:         	55.5000000 N
/	ZONE:        	9       
/	GMT DIFF.:   	0.0 
/------LINE-----STATION-----ALT.------GRAV.---SD.--TILTX--TILTY-TEMP---TIDE---DUR-REJ-----TIME----DEC.TIME+DATE--TERRAIN---DATE
 4.0000000   5.0000000   19.8240   6594.879 0.007    5.1    5.2 -2.63 0.023  55   0 06:03:48     6906.25223    0.0000  2019/05/19
 4.0000000   5.0000000   19.8240   6594.868 0.022    3.1   -1.1 -2.64 0.024  55  26 06:04:53     6906.25299    0.0000  2019/05/19
 4.0000000   5.0000000   19.8240   6594.879 0.024   -1.9   -2.1 -2.64 0.024  55  10 06:05:53     6906.25368    0.0000  2019/05/19
 4.0000000   5.0000000   19.3358   6594.878 0.006   -1.5   -2.6 -2.65 0.025  55   0 06:06:53     6906.25437    0.0000  2019/05/19
 4.0000000   5.0000000   19.3358   6594.876 0.006   -1.5   -3.2 -2.66 0.025  55   0 06:07:53     6906.25507    0.0000  2019/05/19
 4.0000000   5.0000000   19.0916   6594.876 0.008   -1.5   -3.7 -2.67 0.026  55   0 06:08:53     6906.25576    0.0000  2019/05/19
 4.0000000   5.0000000   19.0916   6594.877 0.008   -1.7   -3.9 -2.68 0.026  55   0 06:09:53     6906.25645    0.0000  2019/05/19
 4.0000000   5.0000000   19.0916   6594.876 0.005   -1.7   -4.2 -2.69 0.027  55   0 06:10:53     6906.25715    0.0000  2019/05/19
 4.0000000   5.0000000   19.0916   6594.875 0.007   -2.0   -4.4 -2.71 0.028  55   0 06:11:53     6906.25784    0.0000  2019/05/19
 4.0000000   5.0000000   19.0916   6594.878 0.007   -2.1   -4.6 -2.72 0.028  55   0 06:12:53     6906.25853    0.0000  2019/05/19
 4.0000000   5.0000000   18.8475   6594.876 0.008   -2.3   -4.8 -2.72 0.029  55   0 06:13:53     6906.25923    0.0000  2019/05/19
 4.0000000   5.0000000   18.8475   6594.876 0.009   -2.7   -4.9 -2.73 0.029  55   0 06:14:53     6906.25992    0.0000  2019/05/19
 4.0000000   5.0000000   18.8475   6594.875 0.007   -3.0   -5.0 -2.74 0.030  55   0 06:15:53     6906.26061    0.0000  2019/05/19
 4.0000000   5.0000000   19.0916   6594.875 0.006   -3.2   -5.2 -2.74 0.030  55   0 06:16:53     6906.26131    0.0000  2019/05/19
 4.0000000   5.0000000   19.0916   6594.876 0.007   -3.4   -5.2 -2.75 0.031  55   0 06:17:53     6906.26200    0.0000  2019/05/19
 4.0000000   5.0000000   18.8475   6594.877 0.005   -3.6   -5.2 -2.75 0.031  55   0 06:18:53     6906.26269    0.0000  2019/05/19
 4.0000000   5.0000000   18.8475   6594.877 0.006   -3.9   -5.2 -2.75 0.032  55   0 06:19:53     6906.26339    0.0000  2019/05/19
 4.0000000   5.0000000   18.8475   6594.877 0.005   -4.3   -5.5 -2.75 0.033  55   0 06:20:53     6906.26408    0.0000  2019/05/19
 4.0000000   5.0000000   18.8475   6594.876 0.009   -4.5   -5.6 -2.75 0.033  55   0 06:21:53     6906.26477    0.0000  2019/05/19
 4.0000000   5.0000000   18.8475   6594.877 0.008   -4.8   -5.5 -2.75 0.034  55   0 06:22:53     6906.26547    0.0000  2019/05/19
 4.0000000   5.0000000   18.8475   6594.877 0.008   -4.6   -6.0 -2.75 0.034  55   0 06:23:53     6906.26616    0.0000  2019/05/19
 4.0000000   5.0000000   18.8475   6594.878 0.007   -4.4   -6.2 -2.75 0.035  55   0 06:24:53     6906.26685    0.0000  2019/05/19
 4.0000000   5.0000000   18.8475   6594.877 0.006   -4.2   -6.4 -2.74 0.035  55   0 06:25:53     6906.26755    0.0000  2019/05/19
 4.0000000   5.0000000   18.8475   6594.877 0.006   -4.3   -6.5 -2.74 0.036  55   0 06:26:53     6906.26824    0.0000  2019/05/19
 4.0000000   5.0000000   18.8475   6594.876 0.005   -4.4   -6.5 -2.74 0.036  55   0 06:27:53     6906.26893    0.0000  2019/05/19
 4.0000000   5.0000000   19.0916   6594.878 0.011   -4.6   -6.5 -2.74 0.037  55   0 06:28:53     6906.26963    0.0000  2019/05/19
 4.0000000   5.0000000   18.8475   6594.877 0.006   -4.9   -6.5 -2.73 0.037  55   0 06:29:53     6906.27032    0.0000  2019/05/19
 4.0000000   5.0000000   18.8475   6594.877 0.006   -5.1   -6.6 -2.73 0.038  55   0 06:30:53     6906.27101    0.0000  2019/05/19
 4.0000000   5.0000000   18.8475   6594.878 0.007   -5.1   -6.7 -2.73 0.038  55   0 06:31:53     6906.27171    0.0000  2019/05/19
 4.0000000   5.0000000   18.8475   6594.879 0.008   -5.1   -6.8 -2.73 0.039  55   0 06:32:53     6906.27240    0.0000  2019/05/19
 4.0000000   5.0000000   18.8475   6594.878 0.005   -5.1   -7.0 -2.72 0.039  55   0 06:33:53     6906.27309    0.0000  2019/05/19
 4.0000000   5.0000000   18.8475   6594.876 0.005   -5.3   -7.2 -2.72 0.040  55   0 06:34:53     6906.27379    0.0000  2019/05/19
 4.0000000   5.0000000   18.6033   6594.877 0.007   -5.6   -7.1 -2.72 0.040  55   0 06:35:53     6906.27448    0.0000  2019/05/19
 4.0000000   5.0000000   18.6033   6594.882 0.006   -5.7   -7.1 -2.72 0.041  55   0 06:36:53     6906.27517    0.0000  2019/05/19
 4.0000000   5.0000000   18.6033   6594.882 0.007   -6.2   -7.1 -2.71 0.042  55   0 06:37:53     6906.27587    0.0000  2019/05/19
 4.0000000   5.0000000   18.3592   6594.882 0.008   -6.1   -7.2 -2.71 0.042  55   0 06:38:53     6906.27656    0.0000  2019/05/19
 4.0000000   5.0000000   18.3592   6594.881 0.007   -6.0   -7.3 -2.71 0.043  55   0 06:39:53     6906.27725    0.0000  2019/05/19
 4.0000000   5.0000000   18.3592   6594.882 0.013   -5.3   -7.4 -2.70 0.043  55   0 06:40:53     6906.27795    0.0000  2019/05/19
 4.0000000   5.0000000   18.3592   6594.879 0.007   -5.3   -7.3 -2.70 0.044  55   0 06:41:53     6906.27864    0.0000  2019/05/19
 4.0000000   5.0000000   18.3592   6594.876 0.006   -5.4   -7.4 -2.70 0.044  55   0 06:42:54     6906.27934    0.0000  2019/05/19
/	CG-5 SURVEY
/	Survey name:   	04 19 05 2019
/	Instrument S/N:	49459
/	Client:        	TNG.KGF
/	Operator:      	Zaynutdinov
/	Date:          	2019/ 5/19
/	Time:          	07:28:59
/	LONG:        	48.5000000 E
/	LAT:         	55.1000000 N
/	ZONE:        	9       
/	GMT DIFF.:   	0.0 
/------LINE-----STATION-----ALT.------GRAV.---SD.--TILTX--TILTY-TEMP---TIDE---DUR-REJ-----TIME----DEC.TIME+DATE--TERRAIN---DATE
 4.0000000   6.0000000   22.5096   6562.022 0.027    0.9    0.1 -3.11 0.066  55   7 07:30:32     6906.31237    0.0000  2019/05/19
 4.0000000   6.0000000   22.2654   6562.022 0.008    1.5   -0.2 -3.12 0.067  55   0 07:31:37     6906.31312    0.0000  2019/05/19
 4.0000000   6.0000000   22.0213   6562.022 0.009    1.9   -0.7 -3.13 0.067  55   0 07:32:37     6906.31381    0.0000  2019/05/19
 4.0000000   6.0000000   22.0213   6562.022 0.010    2.3   -1.3 -3.13 0.067  55   0 07:33:37     6906.31451    0.0000  2019/05/19
 4.0000000   6.0000000   21.7772   6562.022 0.009    2.7   -1.8 -3.13 0.068  55   0 07:34:37     6906.31520    0.0000  2019/05/19
 4.0000000   6.0000000   21.5330   6562.022 0.010    2.7   -2.4 -3.14 0.068  55   0 07:35:37     6906.31589    0.0000  2019/05/19
 4.0000000   6.0000000   21.5330   6562.021 0.008    2.7   -2.6 -3.14 0.068  55   0 07:36:37     6906.31659    0.0000  2019/05/19
 4.0000000   6.0000000   21.2889   6562.020 0.009    2.6   -3.1 -3.15 0.069  55   0 07:37:37     6906.31728    0.0000  2019/05/19
 4.0000000   6.0000000   21.2889   6562.021 0.008    2.7   -3.2 -3.16 0.069  55   0 07:38:37     6906.31797    0.0000  2019/05/19
 4.0000000   6.0000000   21.0447   6562.021 0.006    3.1   -3.2 -3.16 0.070  55   0 07:39:37     6906.31867    0.0000  2019/05/19
 4.0000000   6.0000000   20.8006   6562.021 0.009    3.2   -3.4 -3.17 0.070  55   0 07:40:37     6906.31936    0.0000  2019/05/19
 4.0000000   6.0000000   20.8006   6562.020 0.011    3.3   -3.6 -3.17 0.070  55   0 07:41:37     6906.32005    0.0000  2019/05/19
 4.0000000   6.0000000   20.5565   6562.019 0.010    3.3   -3.6 -3.17 0.071  55   0 07:42:37     6906.32075    0.0000  2019/05/19
 4.0000000   6.0000000   20.5565   6562.020 0.009    3.3   -3.8 -3.16 0.071  55   0 07:43:37     6906.32144    0.0000  2019/05/19
 4.0000000   6.0000000   20.3123   6562.020 0.017    3.2   -3.9 -3.16 0.071  55   0 07:44:37     6906.32213    0.0000  2019/05/19
 4.0000000   6.0000000   20.3123   6562.020 0.019    3.1   -4.0 -3.16 0.072  55   0 07:45:37     6906.32283    0.0000  2019/05/19
 4.0000000   6.0000000   20.3123   6562.020 0.011    3.0   -4.1 -3.15 0.072  55   0 07:46:37     6906.32352    0.0000  2019/05/19
 4.0000000   6.0000000   20.0682   6562.020 0.009    2.8   -4.6 -3.14 0.072  55   0 07:47:37     6906.32421    0.0000  2019/05/19
 4.0000000   6.0000000   20.0682   6562.020 0.008    2.5   -4.9 -3.13 0.072  55   0 07:48:37     6906.32491    0.0000  2019/05/19
 4.0000000   6.0000000   20.0682   6562.020 0.009    2.3   -4.9 -3.13 0.073  55   0 07:49:37     6906.32560    0.0000  2019/05/19
 4.0000000   6.0000000   19.8240   6562.019 0.011    2.4   -5.1 -3.12 0.073  55   0 07:50:37     6906.32629    0.0000  2019/05/19
 4.0000000   6.0000000   19.8240   6562.019 0.009    1.9   -5.6 -3.11 0.073  55   0 07:51:37     6906.32699    0.0000  2019/05/19
 4.0000000   6.0000000   19.8240   6562.018 0.017    1.9   -5.7 -3.10 0.074  55   0 07:52:37     6906.32768    0.0000  2019/05/19
 4.0000000   6.0000000   19.5799   6562.018 0.011    1.8   -5.8 -3.09 0.074  55   0 07:53:37     6906.32837    0.0000  2019/05/19
 4.0000000   6.0000000   19.5799   6562.018 0.009    1.7   -6.1 -3.08 0.074  55   0 07:54:37     6906.32907    0.0000  2019/05/19
 4.0000000   6.0000000   19.3358   6562.019 0.011    1.7   -6.3 -3.07 0.075  55   0 07:55:37     6906.32976    0.0000  2019/05/19
 4.0000000   6.0000000   19.3358   6562.018 0.008    1.9   -6.3 -3.06 0.075  55   0 07:56:37     6906.33045    0.0000  2019/05/19
 4.0000000   6.0000000   19.0916   6562.019 0.008    1.8   -6.3 -3.04 0.075  55   0 07:57:37     6906.33115    0.0000  2019/05/19
 4.0000000   6.0000000   19.0916   6562.018 0.007    1.7   -6.5 -3.03 0.075  55   0 07:58:37     6906.33184    0.0000  2019/05/19
 4.0000000   6.0000000   19.0916   6562.018 0.010    1.5   -6.6 -3.02 0.076  55   0 07:59:37     6906.33253    0.0000  2019/05/19
 4.0000000   6.0000000   19.0916   6562.016 0.010    1.6   -6.6 -3.01 0.076  55   0 08:00:37     6906.33323    0.0000  2019/05/19
 4.0000000   6.0000000   18.8475   6562.017 0.012    1.5   -6.6 -3.00 0.076  55   0 08:01:37     6906.33392    0.0000  2019/05/19
 4.0000000   6.0000000   18.8475   6562.018 0.010    1.3   -6.6 -2.98 0.076  55   0 08:02:37     6906.33461    0.0000  2019/05/19
 4.0000000   6.0000000   18.8475   6562.017 0.016    1.3   -6.9 -2.97 0.077  55   0 08:03:37     6906.33531    0.0000  2019/05/19
 4.0000000   6.0000000   18.8475   6562.018 0.012    1.1   -7.0 -2.96 0.077  55   0 08:04:37     6906.33600    0.0000  2019/05/19
 4.0000000   6.0000000   18.6033   6562.016 0.007    1.0   -7.0 -2.95 0.077  55   0 08:05:37     6906.33669    0.0000  2019/05/19
 4.0000000   6.0000000   18.6033   6562.017 0.007    0.7   -7.0 -2.94 0.077  55   0 08:06:37     6906.33739    0.0000  2019/05/19
 4.0000000   6.0000000   18.6033   6562.016 0.010    0.5   -7.1 -2.92 0.078  55   0 08:07:37     6906.33808    0.0000  2019/05/19
 4.0000000   6.0000000   18.6033   6562.016 0.007    0.3   -7.1 -2.91 0.078  55   0 08:08:37     6906.33877    0.0000  2019/05/19
 4.0000000   6.0000000   18.6033   6562.015 0.008    0.2   -7.2 -2.90 0.078  55   0 08:09:38     6906.33948    0.0000  2019/05/19
/	CG-5 SURVEY
/	Survey name:   	05 19 05 2019
/	Instrument S/N:	49459
/	Client:        	TNG.KGF
/	Operator:      	Zaynutdinov
/	Date:          	2019/ 5/19
/	Time:          	08:11:48
/	LONG:        	48.7000000 E
/	LAT:         	55.5000000 N
/	ZONE:        	9       
/	GMT DIFF.:   	0.0 
/------LINE-----STATION-----ALT.------GRAV.---SD.--TILTX--TILTY-TEMP---TIDE---DUR-REJ-----TIME----DEC.TIME+DATE--TERRAIN---DATE
 4.0000000   5.0000000   22.0213   6594.863 0.031    3.4    0.7 -3.23 0.083  55   0 09:00:35     6906.37480    0.0000  2019/05/19
 4.0000000   5.0000000   21.7772   6594.867 0.007    3.9   -0.2 -3.23 0.083  55   0 09:01:40     6906.37556    0.0000  2019/05/19
 4.0000000   5.0000000   21.5330   6594.868 0.008    4.4   -0.7 -3.22 0.083  55   0 09:02:40     6906.37625    0.0000  2019/05/19
 4.0000000   5.0000000   21.5330   6594.868 0.007    4.8   -1.4 -3.21 0.083  55   0 09:03:40     6906.37694    0.0000  2019/05/19
 4.0000000   5.0000000   21.2889   6594.869 0.006    4.9   -2.0 -3.20 0.083  55   0 09:04:40     6906.37764    0.0000  2019/05/19
 4.0000000   5.0000000   21.0447   6594.870 0.006    5.0   -2.4 -3.20 0.083  55   0 09:05:40     6906.37833    0.0000  2019/05/19
 4.0000000   5.0000000   21.0447   6594.870 0.006    4.9   -2.7 -3.20 0.083  55   0 09:06:40     6906.37902    0.0000  2019/05/19
 4.0000000   5.0000000   20.8006   6594.870 0.008    4.8   -3.0 -3.20 0.083  55   0 09:07:40     6906.37972    0.0000  2019/05/19
 4.0000000   5.0000000   20.5565   6594.869 0.008    4.9   -3.5 -3.20 0.083  55   0 09:08:40     6906.38041    0.0000  2019/05/19
 4.0000000   5.0000000   20.3123   6594.872 0.005    4.8   -4.1 -3.19 0.083  55   0 09:09:40     6906.38110    0.0000  2019/05/19
 4.0000000   5.0000000   20.3123   6594.871 0.006    4.9   -4.6 -3.19 0.083  55   0 09:10:40     6906.38180    0.0000  2019/05/19
 4.0000000   5.0000000   20.3123   6594.871 0.008    4.8   -4.8 -3.18 0.083  55   0 09:11:40     6906.38249    0.0000  2019/05/19
 4.0000000   5.0000000   20.3123   6594.873 0.006    4.9   -5.2 -3.18 0.082  55   0 09:12:40     6906.38318    0.0000  2019/05/19
 4.0000000   5.0000000   19.8240   6594.873 0.007    5.0   -5.3 -3.17 0.082  55   0 09:13:40     6906.38388    0.0000  2019/05/19
 4.0000000   5.0000000   19.8240   6594.873 0.007    4.9   -5.5 -3.15 0.082  55   0 09:14:40     6906.38457    0.0000  2019/05/19
 4.0000000   5.0000000   19.3358   6594.874 0.005    4.8   -6.0 -3.14 0.082  55   0 09:15:40     6906.38526    0.0000  2019/05/19
 4.0000000   5.0000000   19.5799   6594.872 0.007    4.6   -6.1 -3.13 0.082  55   0 09:16:40     6906.38596    0.0000  2019/05/19
 4.0000000   5.0000000   19.5799   6594.873 0.008    4.6   -6.3 -3.12 0.082  55   0 09:17:40     6906.38665    0.0000  2019/05/19
 4.0000000   5.0000000   19.5799   6594.872 0.006    4.3   -6.6 -3.10 0.082  55   0 09:18:40     6906.38734    0.0000  2019/05/19
 4.0000000   5.0000000   19.3358   6594.872 0.006    4.3   -6.6 -3.09 0.082  55   0 09:19:40     6906.38804    0.0000  2019/05/19
 4.0000000   5.0000000   19.3358   6594.873 0.006    4.1   -6.6 -3.07 0.082  55   0 09:20:40     6906.38873    0.0000  2019/05/19
 4.0000000   5.0000000   19.3358   6594.873 0.007    4.0   -7.0 -3.06 0.082  55   0 09:21:40     6906.38942    0.0000  2019/05/19
 4.0000000   5.0000000   19.0916   6594.874 0.008    3.9   -7.1 -3.04 0.082  55   0 09:22:40     6906.39012    0.0000  2019/05/19
 4.0000000   5.0000000   19.0916   6594.873 0.006    3.8   -7.1 -3.03 0.082  55   0 09:23:40     6906.39081    0.0000  2019/05/19
 4.0000000   5.0000000   19.0916   6594.874 0.005    3.5   -7.1 -3.02 0.082  55   0 09:24:40     6906.39150    0.0000  2019/05/19
 4.0000000   5.0000000   18.8475   6594.873 0.006    3.5   -7.1 -3.00 0.082  55   0 09:25:40     6906.39220    0.0000  2019/05/19
 4.0000000   5.0000000   18.8475   6594.874 0.007    3.4   -7.4 -2.99 0.082  55   0 09:26:40     6906.39289    0.0000  2019/05/19
 4.0000000   5.0000000   18.8475   6594.873 0.006    3.2   -7.7 -2.97 0.081  55   0 09:27:40     6906.39358    0.0000  2019/05/19
 4.0000000   5.0000000   18.8475   6594.873 0.007    3.0   -7.8 -2.96 0.081  55   0 09:28:40     6906.39428    0.0000  2019/05/19
 4.0000000   5.0000000   18.8475   6594.874 0.007    2.9   -7.9 -2.95 0.081  55   0 09:29:40     6906.39497    0.0000  2019/05/19
 4.0000000   5.0000000   18.6033   6594.874 0.007    3.0   -7.7 -2.93 0.081  55   0 09:30:40     6906.39566    0.0000  2019/05/19
 4.0000000   5.0000000   18.6033   6594.873 0.007    2.9   -8.0 -2.92 0.081  55   0 09:31:40     6906.39636    0.0000  2019/05/19
 4.0000000   5.0000000   18.6033   6594.874 0.006    2.9   -8.1 -2.91 0.081  55   0 09:32:40     6906.39705    0.0000  2019/05/19
 4.0000000   5.0000000   18.3592   6594.872 0.007    2.6   -8.3 -2.90 0.081  55   0 09:33:40     6906.39774    0.0000  2019/05/19
 4.0000000   5.0000000   18.3592   6594.873 0.006    2.3   -8.4 -2.89 0.081  55   0 09:34:40     6906.39844    0.0000  2019/05/19
 4.0000000   5.0000000   18.3592   6594.873 0.006    2.2   -8.6 -2.88 0.081  55   0 09:35:40     6906.39913    0.0000  2019/05/19
 4.0000000   5.0000000   18.3592   6594.873 0.007    2.2   -8.6 -2.86 0.080  55   0 09:36:40     6906.39982    0.0000  2019/05/19
 4.0000000   5.0000000   18.1151   6594.873 0.006    2.0   -8.6 -2.85 0.080  55   0 09:37:40     6906.40052    0.0000  2019/05/19
 4.0000000   5.0000000   17.8709   6594.873 0.007    1.7   -8.7 -2.84 0.080  55   0 09:38:40     6906.40121    0.0000  2019/05/19
 4.0000000   5.0000000   18.1151   6594.873 0.006    1.6   -8.8 -2.83 0.080  55   0 09:39:41     6906.40191    0.0000  2019/05/19
/	CG-5 SURVEY
/	Survey name:   	06 19 05 2019
/	Instrument S/N:	49459
/	Client:        	TNG.KGF
/	Operator:      	Zaynutdinov
/	Date:          	2019/ 5/19
/	Time:          	09:41:48
/	LONG:        	48.7000000 E
/	LAT:         	55.6000000 N
/	ZONE:        	9       
/	GMT DIFF.:   	0.0 
/------LINE-----STATION-----ALT.------GRAV.---SD.--TILTX--TILTY-TEMP---TIDE---DUR-REJ-----TIME----DEC.TIME+DATE--TERRAIN---DATE
 4.0000000   4.0000000   19.0916   6637.663 0.020    1.1   -1.2 -2.71 0.075  55   3 10:04:15     6906.41895    0.0000  2019/05/19
 4.0000000   4.0000000   19.0916   6637.664 0.007    0.9   -1.5 -2.71 0.075  55   0 10:05:20     6906.41970    0.0000  2019/05/19
 4.0000000   4.0000000   18.8475   6637.663 0.008    0.7   -1.9 -2.70 0.074  55   0 10:06:20     6906.42039    0.0000  2019/05/19
 4.0000000   4.0000000   18.8475   6637.662 0.009    0.9   -2.0 -2.70 0.074  55   0 10:07:20     6906.42108    0.0000  2019/05/19
 4.0000000   4.0000000   18.8475   6637.661 0.007    1.1   -2.3 -2.71 0.074  55   0 10:08:20     6906.42178    0.0000  2019/05/19
 4.0000000   4.0000000   18.6033   6637.662 0.010    1.0   -2.7 -2.71 0.073  55   0 10:09:20     6906.42247    0.0000  2019/05/19
 4.0000000   4.0000000   18.6033   6637.660 0.008    1.1   -2.9 -2.72 0.073  55   0 10:10:20     6906.42316    0.0000  2019/05/19
 4.0000000   4.0000000   18.3592   6637.660 0.006    0.9   -3.1 -2.73 0.073  55   0 10:11:20     6906.42386    0.0000  2019/05/19
 4.0000000   4.0000000   18.3592   6637.659 0.008    0.6   -3.3 -2.74 0.073  55   0 10:12:20     6906.42455    0.0000  2019/05/19
 4.0000000   4.0000000   18.3592   6637.658 0.008    0.5   -3.4 -2.76 0.072  55   0 10:13:20     6906.42524    0.0000  2019/05/19
 4.0000000   4.0000000   18.1151   6637.661 0.006    0.6   -3.7 -2.77 0.072  55   0 10:14:20     6906.42594    0.0000  2019/05/19
 4.0000000   4.0000000   18.1151   6637.661 0.006    0.4   -4.0 -2.77 0.072  55   0 10:15:20     6906.42663    0.0000  2019/05/19
 4.0000000   4.0000000   18.1151   6637.660 0.007    0.4   -4.1 -2.78 0.072  55   0 10:16:20     6906.42732    0.0000  2019/05/19
 4.0000000   4.0000000   17.8709   6637.660 0.007    0.4   -4.3 -2.79 0.071  55   0 10:17:20     6906.42802    0.0000  2019/05/19
 4.0000000   4.0000000   17.8709   6637.659 0.007    0.2   -4.5 -2.79 0.071  55   0 10:18:20     6906.42871    0.0000  2019/05/19
 4.0000000   4.0000000   17.8709   6637.661 0.005    0.4   -4.7 -2.79 0.071  55   0 10:19:20     6906.42940    0.0000  2019/05/19
 4.0000000   4.0000000   17.8709   6637.660 0.008    0.3   -4.5 -2.79 0.070  55   0 10:20:20     6906.43010    0.0000  2019/05/19
 4.0000000   4.0000000   17.8709   6637.660 0.007    0.3   -4.6 -2.79 0.070  55   0 10:21:20     6906.43079    0.0000  2019/05/19
 4.0000000   4.0000000   17.8709   6637.660 0.006    0.2   -4.7 -2.79 0.070  55   0 10:22:20     6906.43148    0.0000  2019/05/19
 4.0000000   4.0000000   17.6268   6637.660 0.010    0.0   -4.8 -2.79 0.069  55   0 10:23:20     6906.43218    0.0000  2019/05/19
 4.0000000   4.0000000   17.6268   6637.661 0.006   -0.3   -4.9 -2.79 0.069  55   0 10:24:20     6906.43287    0.0000  2019/05/19
 4.0000000   4.0000000   17.3826   6637.661 0.006   -0.4   -5.1 -2.78 0.069  55   0 10:25:20     6906.43356    0.0000  2019/05/19
 4.0000000   4.0000000   17.6268   6637.662 0.008   -0.8   -5.3 -2.78 0.069  55   0 10:26:20     6906.43426    0.0000  2019/05/19
 4.0000000   4.0000000   17.6268   6637.661 0.006   -1.1   -5.2 -2.78 0.068  55   0 10:27:20     6906.43495    0.0000  2019/05/19
 4.0000000   4.0000000   17.6268   6637.660 0.007   -1.1   -5.3 -2.78 0.068  55   0 10:28:20     6906.43564    0.0000  2019/05/19
 4.0000000   4.0000000   17.3826   6637.662 0.007   -1.0   -5.3 -2.77 0.068  55   0 10:29:20     6906.43634    0.0000  2019/05/19
 4.0000000   4.0000000   17.6268   6637.664 0.006   -0.9   -5.5 -2.77 0.067  55   0 10:30:20     6906.43703    0.0000  2019/05/19
 4.0000000   4.0000000   17.3826   6637.664 0.006   -0.9   -5.4 -2.77 0.067  55   0 10:31:20     6906.43772    0.0000  2019/05/19
 4.0000000   4.0000000   17.3826   6637.664 0.008   -0.9   -5.5 -2.76 0.067  55   0 10:32:20     6906.43842    0.0000  2019/05/19
 4.0000000   4.0000000   17.3826   6637.664 0.007   -0.8   -5.6 -2.76 0.066  55   0 10:33:20     6906.43911    0.0000  2019/05/19
 4.0000000   4.0000000   17.3826   6637.665 0.006   -0.9   -5.8 -2.76 0.066  55   0 10:34:20     6906.43980    0.0000  2019/05/19
 4.0000000   4.0000000   17.3826   6637.664 0.004   -1.1   -5.8 -2.75 0.065  55   0 10:35:20     6906.44050    0.0000  2019/05/19
 4.0000000   4.0000000   17.3826   6637.663 0.006   -0.9   -5.7 -2.75 0.065  55   0 10:36:20     6906.44119    0.0000  2019/05/19
 4.0000000   4.0000000   17.1385   6637.665 0.007   -0.7   -5.7 -2.74 0.065  55   0 10:37:20     6906.44188    0.0000  2019/05/19
 4.0000000   4.0000000   17.1385   6637.664 0.006   -0.7   -5.8 -2.74 0.064  55   0 10:38:20     6906.44258    0.0000  2019/05/19
 4.0000000   4.0000000   17.3826   6637.663 0.006   -0.8   -5.9 -2.74 0.064  55   0 10:39:20     6906.44327    0.0000  2019/05/19
 4.0000000   4.0000000   17.1385   6637.662 0.005   -1.1   -6.2 -2.73 0.064  55   0 10:40:20     6906.44396    0.0000  2019/05/19
 4.0000000   4.0000000   17.1385   6637.664 0.005   -1.2   -6.4 -2.73 0.063  55   0 10:41:20     6906.44466    0.0000  2019/05/19
 4.0000000   4.0000000   17.1385   6637.665 0.006   -1.4   -6.3 -2.72 0.063  55   0 10:42:20     6906.44535    0.0000  2019/05/19
 4.0000000   4.0000000   17.1385   6637.663 0.007   -1.6   -6.5 -2.72 0.063  55   0 10:43:21     6906.44606    0.0000  2019/05/19
/	CG-5 SURVEY
/	Survey name:   	07 19 05 2019
/	Instrument S/N:	49459
/	Client:        	TNG.KGF
/	Operator:      	Zaynutdinov
/	Date:          	2019/ 5/19
/	Time:          	10:44:51
/	LONG:        	48.8000000 E
/	LAT:         	55.8000000 N
/	ZONE:        	9       
/	GMT DIFF.:   	0.0 
/------LINE-----STATION-----ALT.------GRAV.---SD.--TILTX--TILTY-TEMP---TIDE---DUR-REJ-----TIME----DEC.TIME+DATE--TERRAIN---DATE
 4.0000000   1.0000000   21.2889   6655.178 0.014   -1.3    3.0 -3.12 0.033  55   1 11:46:23     6906.48976    0.0000  2019/05/19
 4.0000000   1.0000000   21.2889   6655.178 0.015   -0.7    3.7 -3.11 0.032  55   0 11:47:28     6906.49051    0.0000  2019/05/19
 4.0000000   1.0000000   21.2889   6655.179 0.021   -0.4    3.8 -3.11 0.032  55   0 11:48:28     6906.49120    0.0000  2019/05/19
 4.0000000   1.0000000   21.2889   6655.173 0.036   -0.3    3.6 -3.11 0.031  55   0 11:49:28     6906.49190    0.0000  2019/05/19
 4.0000000   1.0000000   21.0447   6655.172 0.043    0.0    3.3 -3.12 0.031  55   0 11:50:28     6906.49259    0.0000  2019/05/19
 4.0000000   1.0000000   21.0447   6655.170 0.054    0.0    3.2 -3.13 0.030  55   0 11:51:28     6906.49328    0.0000  2019/05/19
 4.0000000   1.0000000   20.8006   6655.173 0.032    0.2    2.9 -3.14 0.029  55   0 11:52:28     6906.49398    0.0000  2019/05/19
 4.0000000   1.0000000   20.8006   6655.173 0.035    0.4    2.7 -3.15 0.029  55   0 11:53:28     6906.49467    0.0000  2019/05/19
 4.0000000   1.0000000   20.8006   6655.174 0.020    0.5    2.5 -3.16 0.028  55   0 11:54:28     6906.49536    0.0000  2019/05/19
 4.0000000   1.0000000   20.5565   6655.174 0.017    0.7    2.3 -3.17 0.028  55   0 11:55:28     6906.49606    0.0000  2019/05/19
 4.0000000   1.0000000   20.5565   6655.174 0.020    0.8    2.1 -3.18 0.027  55   0 11:56:28     6906.49675    0.0000  2019/05/19
 4.0000000   1.0000000   20.5565   6655.174 0.019    0.7    1.9 -3.18 0.027  55   0 11:57:28     6906.49744    0.0000  2019/05/19
 4.0000000   1.0000000   20.3123   6655.175 0.018    0.7    1.9 -3.18 0.026  55   0 11:58:28     6906.49814    0.0000  2019/05/19
 4.0000000   1.0000000   20.3123   6655.175 0.019    0.7    1.8 -3.19 0.026  55   0 11:59:28     6906.49883    0.0000  2019/05/19
 4.0000000   1.0000000   20.3123   6655.175 0.022    0.7    1.6 -3.19 0.025  55   0 12:00:28     6906.49952    0.0000  2019/05/19
 4.0000000   1.0000000   20.0682   6655.176 0.018    0.7    1.4 -3.19 0.025  55   0 12:01:28     6906.50022    0.0000  2019/05/19
 4.0000000   1.0000000   20.0682   6655.176 0.015    0.8    1.2 -3.18 0.024  55   0 12:02:28     6906.50091    0.0000  2019/05/19
 4.0000000   1.0000000   19.8240   6655.177 0.021    0.7    1.0 -3.18 0.023  55   0 12:03:28     6906.50160    0.0000  2019/05/19
 4.0000000   1.0000000   19.8240   6655.176 0.018    0.6    0.9 -3.17 0.023  55   0 12:04:28     6906.50230    0.0000  2019/05/19
 4.0000000   1.0000000   19.8240   6655.177 0.020    0.6    0.7 -3.17 0.022  55   0 12:05:28     6906.50299    0.0000  2019/05/19
 4.0000000   1.0000000   19.8240   6655.176 0.013    0.5    0.6 -3.16 0.022  55   0 12:06:28     6906.50368    0.0000  2019/05/19
 4.0000000   1.0000000   19.8240   6655.175 0.018    0.4    0.5 -3.16 0.021  55   0 12:07:28     6906.50438    0.0000  2019/05/19
 4.0000000   1.0000000   19.8240   6655.175 0.013    0.3    0.3 -3.15 0.021  55   0 12:08:28     6906.50507    0.0000  2019/05/19
 4.0000000   1.0000000   19.5799   6655.177 0.016    0.2    0.2 -3.14 0.020  55   0 12:09:28     6906.50576    0.0000  2019/05/19
 4.0000000   1.0000000   19.5799   6655.178 0.018    0.1    0.1 -3.14 0.020  55   0 12:10:28     6906.50646    0.0000  2019/05/19
 4.0000000   1.0000000   19.5799   6655.177 0.013    0.2   -0.1 -3.13 0.019  55   0 12:11:28     6906.50715    0.0000  2019/05/19
 4.0000000   1.0000000   19.5799   6655.177 0.010    0.0   -0.1 -3.12 0.018  55   0 12:12:28     6906.50784    0.0000  2019/05/19
 4.0000000   1.0000000   19.3358   6655.177 0.010    0.0   -0.2 -3.11 0.018  55   0 12:13:28     6906.50854    0.0000  2019/05/19
 4.0000000   1.0000000   19.3358   6655.178 0.011   -0.1   -0.3 -3.11 0.017  55   0 12:14:28     6906.50923    0.0000  2019/05/19
 4.0000000   1.0000000   19.3358   6655.177 0.010   -0.1   -0.4 -3.10 0.017  55   0 12:15:28     6906.50992    0.0000  2019/05/19
 4.0000000   1.0000000   19.3358   6655.176 0.014   -0.2   -0.6 -3.09 0.016  55   0 12:16:28     6906.51062    0.0000  2019/05/19
 4.0000000   1.0000000   19.0916   6655.177 0.015   -0.3   -0.7 -3.08 0.016  55   0 12:17:28     6906.51131    0.0000  2019/05/19
 4.0000000   1.0000000   19.3358   6655.175 0.018   -0.4   -0.8 -3.08 0.015  55   0 12:18:28     6906.51200    0.0000  2019/05/19
 4.0000000   1.0000000   19.3358   6655.177 0.016   -0.5   -0.9 -3.07 0.015  55   0 12:19:28     6906.51270    0.0000  2019/05/19
 4.0000000   1.0000000   19.0916   6655.177 0.017   -0.6   -1.0 -3.06 0.014  55   0 12:20:28     6906.51339    0.0000  2019/05/19
 4.0000000   1.0000000   19.0916   6655.176 0.016   -0.9   -1.1 -3.06 0.013  55   0 12:21:28     6906.51408    0.0000  2019/05/19
 4.0000000   1.0000000   19.0916   6655.177 0.025   -0.8   -1.2 -3.05 0.013  55   0 12:22:28     6906.51478    0.0000  2019/05/19
 4.0000000   1.0000000   19.0916   6655.175 0.032   -0.8   -1.2 -3.04 0.012  55   0 12:23:28     6906.51547    0.0000  2019/05/19
 4.0000000   1.0000000   19.0916   6655.176 0.034   -1.0   -1.4 -3.04 0.012  55   0 12:24:28     6906.51616    0.0000  2019/05/19
 4.0000000   1.0000000   18.8475   6655.177 0.032   -1.1   -1.5 -3.03 0.011  55   0 12:25:29     6906.51687    0.0000  2019/05/19