
/	CG-5 SURVEY
/	Survey name:   	00 15 05 2019
/	Instrument S/N:	49459
/	Client:        	TNG.KGF
/	Operator:      	Zaynutdinov
/	Date:          	2019/ 5/15
/	Time:          	03:24:05
/	LONG:        	48.8000000 E
/	LAT:         	55.8000000 N
/	ZONE:        	9       
/	GMT DIFF.:   	0.0 

/	CG-5 SETUP PARAMETERS
/	Gref:			1500.000
/	Gcal1:		8925.088
/	TiltxS:		662.263 
/	TiltyS:		644.285 
/	TiltxO:		5.751   
/	TiltyO:		-31.974 
/	Tempco:		-0.121  
/	Drift:		0.426   
/	DriftTime Start:	03:24:07
/	DriftDate Start:	2019/05/15

/	CG-5 OPTIONS
/	Tide Correction:    YES
/	Cont. Tilt:         YES
/	Auto Rejection:     YES
/	Terrain Corr.:       NO
/	Seismic Filter:     YES
/	Raw Data:           YES
Line	   4.000N
/------LINE-----STATION-----ALT.------GRAV.---SD.--TILTX--TILTY-TEMP---TIDE---DUR-REJ-----TIME----DEC.TIME+DATE--TERRAIN---DATE
 4.0000000   1.0000000   27.8807   6653.563 0.039   -1.6   -3.1 -4.29 -0.047  55   1 03:26:15     6902.14300    0.0000  2019/05/15
 4.0000000   1.0000000   27.6365   6653.560 0.051   -2.2   -2.1 -4.28 -0.046  55   5 03:27:20     6902.14375    0.0000  2019/05/15
 4.0000000   1.0000000   27.3924   6653.563 0.028   -1.7   -2.3 -4.27 -0.046  55   0 03:28:20     6902.14444    0.0000  2019/05/15
 4.0000000   1.0000000   26.9041   6653.565 0.025   -0.9   -2.6 -4.25 -0.045  55   0 03:29:20     6902.14514    0.0000  2019/05/15
 4.0000000   1.0000000   26.6600   6653.565 0.026   -0.4   -2.7 -4.24 -0.045  55   0 03:30:20     6902.14583    0.0000  2019/05/15
 4.0000000   1.0000000   26.1717   6653.564 0.017   -0.2   -3.0 -4.23 -0.045  55   0 03:31:20     6902.14652    0.0000  2019/05/15
 4.0000000   1.0000000   25.9275   6653.564 0.022   -0.1   -3.3 -4.22 -0.044  55   0 03:32:20     6902.14722    0.0000  2019/05/15
 4.0000000   1.0000000   25.9275   6653.563 0.023    0.0   -3.5 -4.22 -0.044  55   0 03:33:20     6902.14791    0.0000  2019/05/15
 4.0000000   1.0000000   25.4393   6653.563 0.026    0.0   -3.6 -4.21 -0.043  55   0 03:34:20     6902.14860    0.0000  2019/05/15
 4.0000000   1.0000000   25.4393   6653.563 0.026    0.0   -3.9 -4.20 -0.043  55   0 03:35:20     6902.14930    0.0000  2019/05/15
 4.0000000   1.0000000   25.1951   6653.564 0.025    0.1   -4.0 -4.19 -0.043  55   0 03:36:20     6902.14999    0.0000  2019/05/15
 4.0000000   1.0000000   24.9510   6653.564 0.025    0.3   -4.3 -4.17 -0.042  55   0 03:37:20     6902.15068    0.0000  2019/05/15
 4.0000000   1.0000000   24.7068   6653.563 0.024    0.3   -4.3 -4.16 -0.042  55   0 03:38:20     6902.15138    0.0000  2019/05/15
 4.0000000   1.0000000   24.4627   6653.564 0.023    0.2   -4.6 -4.14 -0.041  55   0 03:39:20     6902.15207    0.0000  2019/05/15
 4.0000000   1.0000000   24.2186   6653.564 0.025    0.0   -4.7 -4.11 -0.041  55  10 03:40:20     6902.15276    0.0000  2019/05/15
/	CG-5 SURVEY
/	Survey name:   	01 15 05 2019
/	Instrument S/N:	49459
/	Client:        	TNG.KGF
/	Operator:      	Zaynutdinov
/	Date:          	2019/ 5/15
/	Time:          	03:42:05
/	LONG:        	48.8000000 E
/	LAT:         	55.8000000 N
/	ZONE:        	9       
/	GMT DIFF.:   	0.0 
/------LINE-----STATION-----ALT.------GRAV.---SD.--TILTX--TILTY-TEMP---TIDE---DUR-REJ-----TIME----DEC.TIME+DATE--TERRAIN---DATE
 4.0000000   1.0000000   23.7303   6653.566 0.060   -3.0   -0.9 -4.06 -0.040  55   0 03:42:40     6902.15438    0.0000  2019/05/15
 4.0000000   1.0000000   23.7303   6653.562 0.050   -3.2   -1.0 -4.03 -0.039  55   0 03:43:45     6902.15513    0.0000  2019/05/15
 4.0000000   1.0000000   23.4861   6653.564 0.042   -2.6   -1.4 -4.00 -0.039  55   0 03:44:45     6902.15583    0.0000  2019/05/15
 4.0000000   1.0000000   23.2420   6653.564 0.035   -2.7   -1.4 -3.97 -0.039  55   0 03:45:45     6902.15652    0.0000  2019/05/15
 4.0000000   1.0000000   22.9979   6653.565 0.024   -2.6   -1.5 -3.94 -0.038  55   0 03:46:45     6902.15721    0.0000  2019/05/15
 4.0000000   1.0000000   22.9979   6653.566 0.020   -2.6   -1.6 -3.91 -0.038  55   0 03:47:45     6902.15791    0.0000  2019/05/15
 4.0000000   1.0000000   22.7537   6653.566 0.023   -2.6   -1.7 -3.88 -0.037  55   0 03:48:45     6902.15860    0.0000  2019/05/15
 4.0000000   1.0000000   22.7537   6653.566 0.027   -2.5   -1.7 -3.85 -0.037  55   0 03:49:45     6902.15929    0.0000  2019/05/15
 4.0000000   1.0000000   22.5096   6653.567 0.029   -2.6   -1.9 -3.82 -0.037  55   0 03:50:45     6902.15999    0.0000  2019/05/15
 4.0000000   1.0000000   22.5096   6653.566 0.017   -2.8   -2.1 -3.79 -0.036  55   0 03:51:45     6902.16068    0.0000  2019/05/15
 4.0000000   1.0000000   22.2654   6653.565 0.016   -2.9   -2.4 -3.76 -0.036  55   0 03:52:45     6902.16137    0.0000  2019/05/15
 4.0000000   1.0000000   22.0213   6653.566 0.018   -3.0   -2.5 -3.74 -0.035  55   0 03:53:45     6902.16207    0.0000  2019/05/15
 4.0000000   1.0000000   22.0213   6653.565 0.027   -3.2   -2.6 -3.71 -0.035  55   0 03:54:45     6902.16276    0.0000  2019/05/15
 4.0000000   1.0000000   22.0213   6653.564 0.019   -3.2   -2.9 -3.69 -0.035  55   0 03:55:45     6902.16345    0.0000  2019/05/15
 4.0000000   1.0000000   21.7772   6653.566 0.016   -3.4   -2.9 -3.66 -0.034  55   0 03:56:45     6902.16415    0.0000  2019/05/15
 4.0000000   1.0000000   21.5330   6653.566 0.016   -3.5   -3.1 -3.64 -0.034  55   0 03:57:45     6902.16484    0.0000  2019/05/15
 4.0000000   1.0000000   21.5330   6653.567 0.018   -3.5   -3.1 -3.61 -0.033  55   0 03:58:45     6902.16553    0.0000  2019/05/15
 4.0000000   1.0000000   21.2889   6653.565 0.020   -3.7   -3.2 -3.59 -0.033  55   0 03:59:45     6902.16623    0.0000  2019/05/15
 4.0000000   1.0000000   21.2889   6653.566 0.020   -3.7   -3.5 -3.57 -0.033  55   0 04:00:45     6902.16692    0.0000  2019/05/15
 4.0000000   1.0000000   21.2889   6653.566 0.021   -4.0   -3.6 -3.54 -0.032  55   0 04:01:45     6902.16761    0.0000  2019/05/15
 4.0000000   1.0000000   21.0447   6653.565 0.022   -4.2   -3.9 -3.52 -0.032  55   0 04:02:45     6902.16831    0.0000  2019/05/15
 4.0000000   1.0000000   21.0447   6653.564 0.023   -4.3   -4.1 -3.50 -0.031  55   0 04:03:45     6902.16900    0.0000  2019/05/15
 4.0000000   1.0000000   20.8006   6653.566 0.029   -4.5   -4.2 -3.48 -0.031  55   0 04:04:45     6902.16969    0.0000  2019/05/15
 4.0000000   1.0000000   20.8006   6653.563 0.038   -4.7   -4.3 -3.46 -0.031  55   0 04:05:45     6902.17039    0.0000  2019/05/15
 4.0000000   1.0000000   20.8006   6653.562 0.048   -5.0   -4.5 -3.44 -0.030  55   0 04:06:45     6902.17108    0.0000  2019/05/15
 4.0000000   1.0000000   20.5565   6653.563 0.045   -4.8   -4.4 -3.43 -0.030  55   0 04:07:45     6902.17177    0.0000  2019/05/15
 4.0000000   1.0000000   20.5565   6653.563 0.040   -5.5   -4.7 -3.41 -0.030  55   0 04:08:45     6902.17247    0.0000  2019/05/15
 4.0000000   1.0000000   20.5565   6653.561 0.062   -5.5   -4.7 -3.39 -0.029  55   0 04:09:45     6902.17316    0.0000  2019/05/15
 4.0000000   1.0000000   20.3123   6653.561 0.037   -5.8   -4.7 -3.37 -0.029  55   0 04:10:45     6902.17385    0.0000  2019/05/15
 4.0000000   1.0000000   20.3123   6653.563 0.036   -5.3   -5.1 -3.36 -0.028  55   0 04:11:45     6902.17455    0.0000  2019/05/15
 4.0000000   1.0000000   20.3123   6653.564 0.025   -6.0   -5.3 -3.34 -0.028  55   0 04:12:45     6902.17524    0.0000  2019/05/15
 4.0000000   1.0000000   20.0682   6653.566 0.028   -6.9   -5.4 -3.32 -0.028  55   0 04:13:45     6902.17593    0.0000  2019/05/15
 4.0000000   1.0000000   20.0682   6653.565 0.021   -7.2   -5.5 -3.31 -0.027  55   0 04:14:45     6902.17663    0.0000  2019/05/15
 4.0000000   1.0000000   20.0682   6653.565 0.020   -7.4   -5.6 -3.30 -0.027  55   0 04:15:45     6902.17732    0.0000  2019/05/15
 4.0000000   1.0000000   20.0682   6653.566 0.022   -7.5   -5.8 -3.28 -0.026  55   0 04:16:45     6902.17801    0.0000  2019/05/15
 4.0000000   1.0000000   20.0682   6653.565 0.021   -7.6   -6.0 -3.27 -0.026  55   0 04:17:45     6902.17871    0.0000  2019/05/15
 4.0000000   1.0000000   19.8240   6653.563 0.020   -7.8   -6.1 -3.26 -0.026  55   0 04:18:45     6902.17940    0.0000  2019/05/15
 4.0000000   1.0000000   19.8240   6653.563 0.021   -7.9   -6.2 -3.24 -0.025  55   0 04:19:45     6902.18009    0.0000  2019/05/15
 4.0000000   1.0000000   19.8240   6653.564 0.027   -8.1   -6.2 -3.23 -0.025  55   0 04:20:45     6902.18079    0.0000  2019/05/15
 4.0000000   1.0000000   19.5799   6653.563 0.024   -8.1   -6.3 -3.22 -0.025  55   0 04:21:46     6902.18149    0.0000  2019/05/15
/	CG-5 SURVEY
/	Survey name:   	02 15 05 2019
/	Instrument S/N:	49459
/	Client:        	TNG.KGF
/	Operator:      	Zaynutdinov
/	Date:          	2019/ 5/15
/	Time:          	04:23:56
/	LONG:        	48.7000000 E
/	LAT:         	55.6000000 N
/	ZONE:        	9       
/	GMT DIFF.:   	0.0 
/------LINE-----STATION-----ALT.------GRAV.---SD.--TILTX--TILTY-TEMP---TIDE---DUR-REJ-----TIME----DEC.TIME+DATE--TERRAIN---DATE
 4.0000000   4.0000000   23.7303   6636.046 0.030    0.6   -0.1 -3.20 -0.007  55   1 05:13:03     6902.21705    0.0000  2019/05/15
 4.0000000   4.0000000   24.2186   6636.047 0.014    0.9    0.0 -3.22 -0.007  55   0 05:14:08     6902.21780    0.0000  2019/05/15
 4.0000000   4.0000000   23.9744   6636.046 0.014    1.0    0.0 -3.24 -0.007  55   0 05:15:08     6902.21849    0.0000  2019/05/15
 4.0000000   4.0000000   23.7303   6636.046 0.017    0.9   -0.4 -3.26 -0.006  55   0 05:16:08     6902.21919    0.0000  2019/05/15
 4.0000000   4.0000000   23.9744   6636.045 0.014    0.9   -0.9 -3.29 -0.006  55   0 05:17:08     6902.21988    0.0000  2019/05/15
 4.0000000   4.0000000   23.9744   6636.046 0.016    0.6   -1.1 -3.32 -0.006  55   0 05:18:08     6902.22057    0.0000  2019/05/15
 4.0000000   4.0000000   23.9744   6636.045 0.015    0.7   -1.4 -3.35 -0.006  55   0 05:19:08     6902.22127    0.0000  2019/05/15
 4.0000000   4.0000000   23.9744   6636.044 0.017    0.8   -1.6 -3.38 -0.005  55   0 05:20:08     6902.22196    0.0000  2019/05/15
 4.0000000   4.0000000   24.2186   6636.045 0.018    0.6   -1.6 -3.41 -0.005  55   0 05:21:08     6902.22265    0.0000  2019/05/15
 4.0000000   4.0000000   23.9744   6636.046 0.026    0.6   -1.7 -3.44 -0.005  55   0 05:22:08     6902.22335    0.0000  2019/05/15
 4.0000000   4.0000000   23.9744   6636.046 0.016    0.6   -1.8 -3.47 -0.005  55   0 05:23:08     6902.22404    0.0000  2019/05/15
 4.0000000   4.0000000   24.2186   6636.046 0.016    0.8   -1.9 -3.49 -0.004  55   0 05:24:08     6902.22473    0.0000  2019/05/15
 4.0000000   4.0000000   23.9744   6636.046 0.021    0.7   -1.8 -3.51 -0.004  55   0 05:25:08     6902.22543    0.0000  2019/05/15
 4.0000000   4.0000000   24.2186   6636.047 0.014    0.7   -1.9 -3.54 -0.004  55   0 05:26:08     6902.22612    0.0000  2019/05/15
 4.0000000   4.0000000   24.2186   6636.047 0.015    0.7   -2.2 -3.55 -0.004  55   0 05:27:08     6902.22681    0.0000  2019/05/15
 4.0000000   4.0000000   24.2186   6636.046 0.013    0.6   -2.4 -3.57 -0.003  55   0 05:28:08     6902.22751    0.0000  2019/05/15
 4.0000000   4.0000000   24.4627   6636.046 0.012    0.6   -2.4 -3.59 -0.003  55   0 05:29:08     6902.22820    0.0000  2019/05/15
 4.0000000   4.0000000   24.2186   6636.046 0.019    0.5   -2.4 -3.60 -0.003  55   0 05:30:08     6902.22889    0.0000  2019/05/15
 4.0000000   4.0000000   24.4627   6636.046 0.020    0.4   -2.5 -3.62 -0.003  55   0 05:31:08     6902.22959    0.0000  2019/05/15
 4.0000000   4.0000000   24.4627   6636.045 0.019    0.3   -2.5 -3.63 -0.002  55   0 05:32:08     6902.23028    0.0000  2019/05/15
 4.0000000   4.0000000   24.4627   6636.047 0.012    0.0   -2.4 -3.64 -0.002  55   0 05:33:08     6902.23097    0.0000  2019/05/15
 4.0000000   4.0000000   24.4627   6636.045 0.017    0.0   -2.4 -3.66 -0.002  55   3 05:34:08     6902.23167    0.0000  2019/05/15
 4.0000000   4.0000000   24.4627   6636.045 0.023    0.0   -2.4 -3.67 -0.002  55   0 05:35:08     6902.23236    0.0000  2019/05/15
 4.0000000   4.0000000   24.4627   6636.046 0.019    0.0   -2.6 -3.68 -0.001  55   0 05:36:08     6902.23305    0.0000  2019/05/15
 4.0000000   4.0000000   24.4627   6636.046 0.023   -0.1   -2.6 -3.69 -0.001  55   0 05:37:08     6902.23375    0.0000  2019/05/15
 4.0000000   4.0000000   24.4627   6636.047 0.025   -0.3   -2.8 -3.70 -0.001  55   0 05:38:08     6902.23444    0.0000  2019/05/15
 4.0000000   4.0000000   24.7068   6636.045 0.026   -0.4   -2.8 -3.70 -0.001  55   0 05:39:08     6902.23513    0.0000  2019/05/15
 4.0000000   4.0000000   24.4627   6636.046 0.019   -0.4   -2.9 -3.71 -0.001  55   0 05:40:08     6902.23583    0.0000  2019/05/15
 4.0000000   4.0000000   24.4627   6636.045 0.025   -0.3   -3.0 -3.72 0.000  55   0 05:41:08     6902.23652    0.0000  2019/05/15
 4.0000000   4.0000000   24.4627   6636.046 0.019   -0.5   -3.0 -3.73 0.000  55   0 05:42:08     6902.23721    0.0000  2019/05/15
 4.0000000   4.0000000   24.4627   6636.046 0.016   -0.5   -3.0 -3.73 0.000  55   0 05:43:08     6902.23791    0.0000  2019/05/15
 4.0000000   4.0000000   24.7068   6636.047 0.014   -0.6   -3.0 -3.74 0.000  55   0 05:44:08     6902.23860    0.0000  2019/05/15
 4.0000000   4.0000000   24.7068   6636.045 0.014   -0.6   -3.0 -3.75 0.000  55   0 05:45:08     6902.23929    0.0000  2019/05/15
 4.0000000   4.0000000   24.4627   6636.046 0.011   -0.6   -3.1 -3.75 0.000  55   0 05:46:08     6902.23999    0.0000  2019/05/15
 4.0000000   4.0000000   24.7068   6636.045 0.023   -0.7   -3.2 -3.76 0.000  55   0 05:47:08     6902.24068    0.0000  2019/05/15
 4.0000000   4.0000000   24.4627   6636.045 0.018   -0.7   -3.3 -3.76 0.000  55   0 05:48:08     6902.24137    0.0000  2019/05/15
 4.0000000   4.0000000   24.4627   6636.046 0.015   -0.7   -3.6 -3.77 0.000  55   0 05:49:08     6902.24207    0.0000  2019/05/15
 4.0000000   4.0000000   24.7068   6636.047 0.021   -0.9   -3.4 -3.77 0.001  55   0 05:50:08     6902.24276    0.0000  2019/05/15
 4.0000000   4.0000000   24.7068   6636.046 0.016   -0.8   -3.7 -3.78 0.001  55   0 05:51:08     6902.24345    0.0000  2019/05/15
 4.0000000   4.0000000   24.7068   6636.047 0.014   -0.9   -3.6 -3.78 0.001  55   0 05:52:09     6902.24416    0.0000  2019/05/15
/	CG-5 SURVEY
/	Survey name:   	03 15 05 2019
/	Instrument S/N:	49459
/	Client:        	TNG.KGF
/	Operator:      	Zaynutdinov
/	Date:          	2019/ 5/15
/	Time:          	05:55:21
/	LONG:        	48.7000000 E
/	LAT:         	55.5000000 N
/	ZONE:        	9       
/	GMT DIFF.:   	0.0 
/------LINE-----STATION-----ALT.------GRAV.---SD.--TILTX--TILTY-TEMP---TIDE---DUR-REJ-----TIME----DEC.TIME+DATE--TERRAIN---DATE
 4.0000000   5.0000000   26.1717   6593.245 0.022   -3.2    0.8 -4.12 0.005  55   1 06:18:35     6902.26248    0.0000  2019/05/15
 4.0000000   5.0000000   26.1717   6593.244 0.019   -2.8    1.5 -4.10 0.005  55   0 06:19:40     6902.26324    0.0000  2019/05/15
 4.0000000   5.0000000   26.1717   6593.245 0.029   -2.8    1.3 -4.08 0.005  55   2 06:20:40     6902.26393    0.0000  2019/05/15
 4.0000000   5.0000000   25.9275   6593.244 0.016   -2.8    0.7 -4.06 0.006  55   0 06:21:40     6902.26462    0.0000  2019/05/15
 4.0000000   5.0000000   25.9275   6593.246 0.020   -2.9    0.2 -4.04 0.006  55   0 06:22:40     6902.26532    0.0000  2019/05/15
 4.0000000   5.0000000   25.6834   6593.245 0.010   -2.6   -0.3 -4.03 0.006  55   0 06:23:40     6902.26601    0.0000  2019/05/15
 4.0000000   5.0000000   25.6834   6593.244 0.020   -2.5   -0.7 -4.02 0.006  55   0 06:24:40     6902.26670    0.0000  2019/05/15
 4.0000000   5.0000000   25.6834   6593.244 0.013   -2.5   -0.8 -4.02 0.006  55   0 06:25:40     6902.26740    0.0000  2019/05/15
 4.0000000   5.0000000   25.6834   6593.246 0.021   -2.2   -1.0 -4.01 0.006  55   0 06:26:40     6902.26809    0.0000  2019/05/15
 4.0000000   5.0000000   25.4393   6593.246 0.017   -2.0   -1.3 -4.01 0.006  55   0 06:27:40     6902.26878    0.0000  2019/05/15
 4.0000000   5.0000000   25.4393   6593.246 0.018   -2.1   -1.3 -4.01 0.006  55   0 06:28:40     6902.26948    0.0000  2019/05/15
 4.0000000   5.0000000   25.4393   6593.246 0.019   -2.1   -1.6 -4.01 0.006  55   0 06:29:40     6902.27017    0.0000  2019/05/15
 4.0000000   5.0000000   25.4393   6593.244 0.020   -2.2   -1.8 -4.00 0.006  55   0 06:30:40     6902.27086    0.0000  2019/05/15
 4.0000000   5.0000000   25.4393   6593.246 0.021   -2.0   -2.1 -4.00 0.006  55   0 06:31:40     6902.27156    0.0000  2019/05/15
 4.0000000   5.0000000   25.1951   6593.245 0.023   -2.2   -2.1 -4.00 0.006  55   0 06:32:40     6902.27225    0.0000  2019/05/15
 4.0000000   5.0000000   25.4393   6593.246 0.017   -2.2   -2.3 -3.99 0.007  55   0 06:33:40     6902.27294    0.0000  2019/05/15
 4.0000000   5.0000000   25.4393   6593.246 0.012   -2.6   -2.2 -3.99 0.007  55   0 06:34:40     6902.27364    0.0000  2019/05/15
 4.0000000   5.0000000   25.1951   6593.247 0.016   -2.8   -2.4 -3.98 0.007  55   0 06:35:40     6902.27433    0.0000  2019/05/15
 4.0000000   5.0000000   25.1951   6593.247 0.013   -2.7   -2.7 -3.97 0.007  55   0 06:36:40     6902.27502    0.0000  2019/05/15
 4.0000000   5.0000000   25.1951   6593.248 0.019   -2.8   -2.6 -3.97 0.007  55   0 06:37:40     6902.27572    0.0000  2019/05/15
 4.0000000   5.0000000   25.1951   6593.246 0.018   -2.9   -2.6 -3.96 0.007  55   0 06:38:40     6902.27641    0.0000  2019/05/15
 4.0000000   5.0000000   25.1951   6593.248 0.015   -3.2   -3.0 -3.96 0.007  55   0 06:39:40     6902.27710    0.0000  2019/05/15
 4.0000000   5.0000000   25.1951   6593.247 0.015   -3.4   -3.2 -3.95 0.007  55   0 06:40:40     6902.27780    0.0000  2019/05/15
 4.0000000   5.0000000   25.1951   6593.249 0.011   -3.6   -3.4 -3.95 0.007  55   0 06:41:40     6902.27849    0.0000  2019/05/15
 4.0000000   5.0000000   25.4393   6593.250 0.017   -3.7   -3.5 -3.94 0.007  55   0 06:42:40     6902.27918    0.0000  2019/05/15
 4.0000000   5.0000000   25.1951   6593.250 0.017   -3.7   -3.6 -3.94 0.007  55   0 06:43:40     6902.27988    0.0000  2019/05/15
 4.0000000   5.0000000   25.1951   6593.251 0.020   -3.8   -3.6 -3.93 0.007  55   0 06:44:40     6902.28057    0.0000  2019/05/15
 4.0000000   5.0000000   25.1951   6593.251 0.022   -4.0   -4.0 -3.93 0.007  55   0 06:45:40     6902.28126    0.0000  2019/05/15
 4.0000000   5.0000000   25.1951   6593.252 0.012   -4.2   -3.9 -3.92 0.007  55   0 06:46:40     6902.28196    0.0000  2019/05/15
 4.0000000   5.0000000   25.1951   6593.252 0.017   -4.3   -3.9 -3.92 0.007  55   0 06:47:40     6902.28265    0.0000  2019/05/15
 4.0000000   5.0000000   25.1951   6593.252 0.014   -4.4   -4.1 -3.91 0.007  55   0 06:48:40     6902.28334    0.0000  2019/05/15
 4.0000000   5.0000000   24.9510   6593.251 0.015   -4.6   -4.1 -3.91 0.007  55   0 06:49:40     6902.28404    0.0000  2019/05/15
 4.0000000   5.0000000   25.1951   6593.250 0.012   -4.7   -4.5 -3.90 0.007  55   0 06:50:40     6902.28473    0.0000  2019/05/15
 4.0000000   5.0000000   25.1951   6593.250 0.013   -4.9   -5.0 -3.90 0.007  55   0 06:51:40     6902.28542    0.0000  2019/05/15
 4.0000000   5.0000000   24.9510   6593.246 0.017   -5.0   -5.1 -3.90 0.007  55   0 06:52:40     6902.28612    0.0000  2019/05/15
 4.0000000   5.0000000   24.9510   6593.246 0.013   -5.2   -5.2 -3.89 0.007  55   0 06:53:40     6902.28681    0.0000  2019/05/15
 4.0000000   5.0000000   24.9510   6593.244 0.017   -5.5   -5.5 -3.89 0.007  55   0 06:54:40     6902.28750    0.0000  2019/05/15
 4.0000000   5.0000000   24.9510   6593.245 0.017   -5.3   -5.8 -3.89 0.007  55   0 06:55:40     6902.28820    0.0000  2019/05/15
 4.0000000   5.0000000   24.9510   6593.244 0.021   -5.4   -5.9 -3.88 0.007  55   0 06:56:40     6902.28889    0.0000  2019/05/15
 4.0000000   5.0000000   24.9510   6593.249 0.021   -6.1   -5.7 -3.88 0.007  55   0 06:57:41     6902.28959    0.0000  2019/05/15
/	CG-5 SURVEY
/	Survey name:   	04 15 05 2019
/	Instrument S/N:	49459
/	Client:        	TNG.KGF
/	Operator:      	Zaynutdinov
/	Date:          	2019/ 5/15
/	Time:          	07:00:48
/	LONG:        	48.5000000 E
/	LAT:         	55.1000000 N
/	ZONE:        	9       
/	GMT DIFF.:   	0.0 
/------LINE-----STATION-----ALT.------GRAV.---SD.--TILTX--TILTY-TEMP---TIDE---DUR-REJ-----TIME----DEC.TIME+DATE--TERRAIN---DATE
 4.0000000   6.0000000   28.6131   6560.388 0.033    1.1    0.6 -3.95 0.005  55   0 07:45:38     6902.32284    0.0000  2019/05/15
 4.0000000   6.0000000   28.6131   6560.386 0.014    1.4    0.9 -3.96 0.005  55   0 07:46:43     6902.32359    0.0000  2019/05/15
 4.0000000   6.0000000   28.6131   6560.386 0.012    1.3    0.5 -3.97 0.005  55   0 07:47:43     6902.32428    0.0000  2019/05/15
 4.0000000   6.0000000   28.8572   6560.386 0.015    1.1    0.1 -3.99 0.005  55   0 07:48:43     6902.32498    0.0000  2019/05/15
 4.0000000   6.0000000   29.1014   6560.385 0.015    1.0    0.0 -4.01 0.004  55   0 07:49:43     6902.32567    0.0000  2019/05/15
 4.0000000   6.0000000   28.8572   6560.384 0.022    1.1   -0.4 -4.04 0.004  55   0 07:50:43     6902.32636    0.0000  2019/05/15
 4.0000000   6.0000000   29.1014   6560.383 0.020    0.9   -0.4 -4.06 0.004  55   0 07:51:43     6902.32706    0.0000  2019/05/15
 4.0000000   6.0000000   29.1014   6560.382 0.017    0.8   -0.7 -4.09 0.004  55   0 07:52:43     6902.32775    0.0000  2019/05/15
 4.0000000   6.0000000   29.1014   6560.382 0.014    1.0   -0.9 -4.12 0.004  55   0 07:53:43     6902.32844    0.0000  2019/05/15
 4.0000000   6.0000000   29.1014   6560.383 0.027    1.0   -0.7 -4.14 0.004  55   0 07:54:43     6902.32914    0.0000  2019/05/15
 4.0000000   6.0000000   29.1014   6560.383 0.019    1.0   -1.0 -4.17 0.003  55   0 07:55:43     6902.32983    0.0000  2019/05/15
 4.0000000   6.0000000   29.3455   6560.382 0.023    0.7   -1.0 -4.19 0.003  55   0 07:56:43     6902.33052    0.0000  2019/05/15
 4.0000000   6.0000000   29.3455   6560.382 0.014    0.9   -1.3 -4.22 0.003  55   0 07:57:43     6902.33122    0.0000  2019/05/15
 4.0000000   6.0000000   29.3455   6560.383 0.018    0.7   -1.2 -4.24 0.003  55   0 07:58:43     6902.33191    0.0000  2019/05/15
 4.0000000   6.0000000   29.3455   6560.381 0.019    0.9   -1.4 -4.26 0.003  55   0 07:59:43     6902.33260    0.0000  2019/05/15
 4.0000000   6.0000000   29.5896   6560.382 0.015    0.8   -1.5 -4.27 0.003  55   0 08:00:43     6902.33330    0.0000  2019/05/15
 4.0000000   6.0000000   29.3455   6560.383 0.016    0.8   -1.5 -4.29 0.002  55   0 08:01:43     6902.33399    0.0000  2019/05/15
 4.0000000   6.0000000   29.3455   6560.383 0.017    0.7   -1.5 -4.30 0.002  55   0 08:02:43     6902.33468    0.0000  2019/05/15
 4.0000000   6.0000000   29.5896   6560.381 0.014    0.6   -1.7 -4.32 0.002  55   0 08:03:43     6902.33538    0.0000  2019/05/15
 4.0000000   6.0000000   29.5896   6560.383 0.018    0.6   -1.8 -4.33 0.002  55   0 08:04:43     6902.33607    0.0000  2019/05/15
 4.0000000   6.0000000   29.8338   6560.382 0.014    0.5   -2.0 -4.34 0.002  55   0 08:05:43     6902.33676    0.0000  2019/05/15
 4.0000000   6.0000000   29.8338   6560.381 0.019    0.2   -1.7 -4.35 0.001  55   0 08:06:43     6902.33746    0.0000  2019/05/15
 4.0000000   6.0000000   29.8338   6560.380 0.017    0.3   -2.0 -4.37 0.001  55   0 08:07:43     6902.33815    0.0000  2019/05/15
 4.0000000   6.0000000   29.5896   6560.382 0.020    0.1   -2.0 -4.38 0.001  55   0 08:08:43     6902.33884    0.0000  2019/05/15
 4.0000000   6.0000000   30.3221   6560.383 0.018    0.3   -2.2 -4.39 0.001  55   0 08:09:43     6902.33954    0.0000  2019/05/15
 4.0000000   6.0000000   29.8338   6560.383 0.018    0.2   -2.1 -4.40 0.001  55   0 08:10:43     6902.34023    0.0000  2019/05/15
 4.0000000   6.0000000   29.8338   6560.383 0.021    0.2   -2.4 -4.41 0.000  55   0 08:11:43     6902.34092    0.0000  2019/05/15
 4.0000000   6.0000000   30.0779   6560.382 0.014    0.2   -2.6 -4.42 0.000  55   0 08:12:43     6902.34162    0.0000  2019/05/15
 4.0000000   6.0000000   30.0779   6560.383 0.015    0.0   -2.7 -4.43 0.000  55   0 08:13:43     6902.34231    0.0000  2019/05/15
 4.0000000   6.0000000   30.0779   6560.381 0.016   -0.1   -2.7 -4.44 0.000  55   0 08:14:43     6902.34300    0.0000  2019/05/15
 4.0000000   6.0000000   30.3221   6560.381 0.019    0.0   -3.1 -4.44 0.000  55   0 08:15:43     6902.34370    0.0000  2019/05/15
 4.0000000   6.0000000   30.3221   6560.380 0.016   -0.2   -3.0 -4.45 0.000  55   0 08:16:43     6902.34439    0.0000  2019/05/15
 4.0000000   6.0000000   30.3221   6560.383 0.018   -0.3   -3.0 -4.46 0.000  55   0 08:17:43     6902.34508    0.0000  2019/05/15
 4.0000000   6.0000000   30.0779   6560.382 0.017   -0.2   -3.1 -4.46 0.000  55   0 08:18:43     6902.34578    0.0000  2019/05/15
 4.0000000   6.0000000   30.5662   6560.384 0.016   -0.4   -3.2 -4.47 0.000  55   0 08:19:43     6902.34647    0.0000  2019/05/15
 4.0000000   6.0000000   30.5662   6560.383 0.020   -0.6   -3.5 -4.47 -0.001  55   0 08:20:43     6902.34716    0.0000  2019/05/15
 4.0000000   6.0000000   30.5662   6560.382 0.022   -0.9   -3.4 -4.48 -0.001  55   0 08:21:43     6902.34786    0.0000  2019/05/15
 4.0000000   6.0000000   30.5662   6560.381 0.016   -1.0   -3.6 -4.49 -0.001  55   0 08:22:43     6902.34855    0.0000  2019/05/15
 4.0000000   6.0000000   30.8103   6560.380 0.018   -1.0   -3.7 -4.50 -0.001  55   0 08:23:43     6902.34924    0.0000  2019/05/15
 4.0000000   6.0000000   30.8103   6560.381 0.015   -1.3   -3.7 -4.51 -0.002  55   0 08:24:44     6902.34995    0.0000  2019/05/15
/	CG-5 SURVEY
/	Survey name:   	05 15 05 2019
/	Instrument S/N:	49459
/	Client:        	TNG.KGF
/	Operator:      	Zaynutdinov
/	Date:          	2019/ 5/15
/	Time:          	09:20:47
/	LONG:        	48.7000000 E
/	LAT:         	55.5000000 N
/	ZONE:        	9       
/	GMT DIFF.:   	0.0 
/------LINE-----STATION-----ALT.------GRAV.---SD.--TILTX--TILTY-TEMP---TIDE---DUR-REJ-----TIME----DEC.TIME+DATE--TERRAIN---DATE
 4.0000000   5.0000000   33.2517   6593.250 0.035    0.6   -1.3 -4.82 -0.020  55  24 09:21:35     6902.38936    0.0000  2019/05/15
 4.0000000   5.0000000   33.4959   6593.259 0.016    2.6   -1.8 -4.83 -0.020  55   0 09:22:40     6902.39012    0.0000  2019/05/15
 4.0000000   5.0000000   33.2517   6593.258 0.017    3.1   -2.4 -4.84 -0.020  55   0 09:23:40     6902.39081    0.0000  2019/05/15
 4.0000000   5.0000000   33.2517   6593.257 0.014    4.0   -2.7 -4.86 -0.021  55   0 09:24:40     6902.39150    0.0000  2019/05/15
 4.0000000   5.0000000   33.2517   6593.256 0.019    4.5   -3.3 -4.88 -0.021  55   0 09:25:40     6902.39220    0.0000  2019/05/15
 4.0000000   5.0000000   33.2517   6593.255 0.015    4.7   -3.2 -4.90 -0.021  55   0 09:26:40     6902.39289    0.0000  2019/05/15
 4.0000000   5.0000000   33.2517   6593.254 0.015    4.6   -3.2 -4.92 -0.022  55   0 09:27:40     6902.39358    0.0000  2019/05/15
 4.0000000   5.0000000   33.4959   6593.254 0.017    4.5   -3.1 -4.93 -0.022  55   0 09:28:40     6902.39428    0.0000  2019/05/15
 4.0000000   5.0000000   33.0076   6593.254 0.015    4.7   -3.5 -4.95 -0.022  55   0 09:29:40     6902.39497    0.0000  2019/05/15
 4.0000000   5.0000000   33.0076   6593.255 0.013    4.9   -3.9 -4.97 -0.023  55   0 09:30:40     6902.39566    0.0000  2019/05/15
 4.0000000   5.0000000   33.0076   6593.254 0.017    4.9   -4.0 -4.98 -0.023  55   0 09:31:40     6902.39636    0.0000  2019/05/15
 4.0000000   5.0000000   32.7635   6593.262 0.019    5.1   -4.3 -4.99 -0.023  55   7 09:32:40     6902.39705    0.0000  2019/05/15
 4.0000000   5.0000000   32.7635   6593.256 0.016    5.4   -4.6 -5.00 -0.024  55   0 09:33:40     6902.39774    0.0000  2019/05/15
 4.0000000   5.0000000   32.7635   6593.255 0.015    5.4   -5.0 -5.00 -0.024  55   0 09:34:40     6902.39844    0.0000  2019/05/15
 4.0000000   5.0000000   32.5193   6593.257 0.016    5.8   -5.1 -5.01 -0.024  55   0 09:35:40     6902.39913    0.0000  2019/05/15
 4.0000000   5.0000000   32.7635   6593.255 0.018    5.8   -5.1 -5.01 -0.025  55   0 09:36:40     6902.39982    0.0000  2019/05/15
 4.0000000   5.0000000   32.7635   6593.255 0.013    5.6   -4.8 -5.01 -0.025  55   0 09:37:40     6902.40052    0.0000  2019/05/15
 4.0000000   5.0000000   32.7635   6593.256 0.018    5.3   -4.6 -5.01 -0.025  55   0 09:38:40     6902.40121    0.0000  2019/05/15
 4.0000000   5.0000000   32.5193   6593.257 0.013    5.4   -4.9 -5.00 -0.026  55   0 09:39:40     6902.40190    0.0000  2019/05/15
 4.0000000   5.0000000   32.5193   6593.258 0.019    5.4   -5.3 -5.00 -0.026  55   0 09:40:40     6902.40260    0.0000  2019/05/15
 4.0000000   5.0000000   32.2752   6593.258 0.015    5.6   -5.9 -4.99 -0.026  55   0 09:41:40     6902.40329    0.0000  2019/05/15
 4.0000000   5.0000000   32.2752   6593.257 0.010    5.7   -5.9 -4.99 -0.027  55   0 09:42:40     6902.40398    0.0000  2019/05/15
 4.0000000   5.0000000   32.2752   6593.258 0.017    5.3   -5.8 -4.98 -0.027  55   0 09:43:40     6902.40468    0.0000  2019/05/15
 4.0000000   5.0000000   32.2752   6593.257 0.020    5.1   -5.6 -4.98 -0.027  55   0 09:44:40     6902.40537    0.0000  2019/05/15
 4.0000000   5.0000000   32.2752   6593.256 0.014    4.5   -5.6 -4.97 -0.028  55   0 09:45:40     6902.40606    0.0000  2019/05/15
 4.0000000   5.0000000   32.2752   6593.256 0.019    4.5   -5.8 -4.96 -0.028  55   0 09:46:40     6902.40676    0.0000  2019/05/15
 4.0000000   5.0000000   32.2752   6593.257 0.028    4.5   -6.0 -4.95 -0.028  55   0 09:47:40     6902.40745    0.0000  2019/05/15
 4.0000000   5.0000000   32.0310   6593.257 0.012    4.6   -6.3 -4.94 -0.029  55   0 09:48:40     6902.40814    0.0000  2019/05/15
 4.0000000   5.0000000   32.5193   6593.257 0.021    4.4   -6.6 -4.93 -0.029  55   0 09:49:40     6902.40884    0.0000  2019/05/15
 4.0000000   5.0000000   32.0310   6593.258 0.019    4.3   -6.7 -4.93 -0.029  55   0 09:50:40     6902.40953    0.0000  2019/05/15
 4.0000000   5.0000000   32.0310   6593.255 0.016    4.2   -6.6 -4.92 -0.030  55   0 09:51:40     6902.41022    0.0000  2019/05/15
 4.0000000   5.0000000   32.0310   6593.256 0.019    4.2   -6.8 -4.91 -0.030  55   0 09:52:40     6902.41092    0.0000  2019/05/15
 4.0000000   5.0000000   32.0310   6593.256 0.017    3.9   -7.1 -4.90 -0.030  55   0 09:53:40     6902.41161    0.0000  2019/05/15
 4.0000000   5.0000000   32.0310   6593.256 0.018    3.9   -7.0 -4.89 -0.031  55   0 09:54:40     6902.41230    0.0000  2019/05/15
 4.0000000   5.0000000   32.0310   6593.256 0.015    4.0   -7.2 -4.88 -0.031  55   0 09:55:40     6902.41300    0.0000  2019/05/15
 4.0000000   5.0000000   32.0310   6593.257 0.014    3.8   -7.4 -4.88 -0.031  55   0 09:56:40     6902.41369    0.0000  2019/05/15
 4.0000000   5.0000000   32.0310   6593.256 0.013    3.5   -7.6 -4.87 -0.032  55   0 09:57:40     6902.41438    0.0000  2019/05/15
 4.0000000   5.0000000   32.0310   6593.257 0.014    3.3   -7.5 -4.86 -0.032  55   0 09:58:40     6902.41508    0.0000  2019/05/15
 4.0000000   5.0000000   32.2752   6593.256 0.013    2.7   -7.3 -4.85 -0.032  55   0 09:59:40     6902.41577    0.0000  2019/05/15
 4.0000000   5.0000000   32.2752   6593.256 0.018    2.7   -7.7 -4.85 -0.033  55   0 10:00:41     6902.41647    0.0000  2019/05/15
/	CG-5 SURVEY
/	Survey name:   	06 15 05 2019
/	Instrument S/N:	49459
/	Client:        	TNG.KGF
/	Operator:      	Zaynutdinov
/	Date:          	2019/ 5/15
/	Time:          	10:26:04
/	LONG:        	48.7000000 E
/	LAT:         	55.6000000 N
/	ZONE:        	9       
/	GMT DIFF.:   	0.0 
/------LINE-----STATION-----ALT.------GRAV.---SD.--TILTX--TILTY-TEMP---TIDE---DUR-REJ-----TIME----DEC.TIME+DATE--TERRAIN---DATE
 4.0000000   4.0000000   33.0076   6636.057 0.026   -1.1   -2.4 -4.67 -0.042  55   4 10:26:50     6902.43460    0.0000  2019/05/15
 4.0000000   4.0000000   33.0076   6636.054 0.019   -1.6   -2.7 -4.68 -0.042  55   0 10:27:55     6902.43536    0.0000  2019/05/15
 4.0000000   4.0000000   33.2517   6636.052 0.018   -1.4   -3.2 -4.69 -0.042  55   0 10:28:55     6902.43605    0.0000  2019/05/15
 4.0000000   4.0000000   33.2517   6636.052 0.015   -1.2   -3.4 -4.70 -0.043  55   0 10:29:55     6902.43674    0.0000  2019/05/15
 4.0000000   4.0000000   33.2517   6636.050 0.016   -0.9   -3.9 -4.72 -0.043  55   0 10:30:55     6902.43744    0.0000  2019/05/15
 4.0000000   4.0000000   33.2517   6636.048 0.023   -0.5   -4.1 -4.74 -0.043  55   0 10:31:55     6902.43813    0.0000  2019/05/15
 4.0000000   4.0000000   33.2517   6636.047 0.019   -0.3   -4.4 -4.76 -0.044  55   0 10:32:55     6902.43882    0.0000  2019/05/15
 4.0000000   4.0000000   33.4959   6636.043 0.012   -0.4   -4.5 -4.79 -0.044  55   0 10:33:55     6902.43952    0.0000  2019/05/15
 4.0000000   4.0000000   33.4959   6636.043 0.020   -0.3   -4.7 -4.81 -0.044  55   0 10:34:55     6902.44021    0.0000  2019/05/15
 4.0000000   4.0000000   33.4959   6636.042 0.016   -0.5   -4.6 -4.83 -0.045  55   0 10:35:55     6902.44090    0.0000  2019/05/15
 4.0000000   4.0000000   33.4959   6636.043 0.015   -0.5   -4.7 -4.86 -0.045  55   0 10:36:55     6902.44160    0.0000  2019/05/15
 4.0000000   4.0000000   33.4959   6636.043 0.010   -0.5   -5.0 -4.88 -0.045  55   0 10:37:55     6902.44229    0.0000  2019/05/15
 4.0000000   4.0000000   33.7400   6636.042 0.014   -0.5   -5.1 -4.90 -0.046  55   0 10:38:55     6902.44298    0.0000  2019/05/15
 4.0000000   4.0000000   33.9842   6636.042 0.012   -0.5   -5.2 -4.92 -0.046  55   0 10:39:55     6902.44368    0.0000  2019/05/15
 4.0000000   4.0000000   33.9842   6636.042 0.018   -0.6   -5.4 -4.94 -0.046  55   0 10:40:55     6902.44437    0.0000  2019/05/15
 4.0000000   4.0000000   34.2283   6636.041 0.013   -0.8   -5.5 -4.95 -0.047  55   0 10:41:55     6902.44506    0.0000  2019/05/15
 4.0000000   4.0000000   33.9842   6636.042 0.017   -0.9   -5.6 -4.97 -0.047  55   0 10:42:55     6902.44576    0.0000  2019/05/15
 4.0000000   4.0000000   34.4724   6636.041 0.015   -1.3   -5.4 -4.98 -0.047  55   0 10:43:55     6902.44645    0.0000  2019/05/15
 4.0000000   4.0000000   34.2283   6636.042 0.013   -1.6   -5.3 -5.00 -0.048  55   0 10:44:55     6902.44714    0.0000  2019/05/15
 4.0000000   4.0000000   34.2283   6636.042 0.011   -1.7   -5.4 -5.01 -0.048  55   0 10:45:55     6902.44784    0.0000  2019/05/15
 4.0000000   4.0000000   34.2283   6636.042 0.011   -1.8   -5.5 -5.03 -0.048  55   0 10:46:55     6902.44853    0.0000  2019/05/15
 4.0000000   4.0000000   34.2283   6636.043 0.010   -1.9   -5.5 -5.04 -0.049  55   0 10:47:55     6902.44922    0.0000  2019/05/15
 4.0000000   4.0000000   34.7166   6636.043 0.012   -2.0   -5.7 -5.05 -0.049  55   0 10:48:55     6902.44992    0.0000  2019/05/15
 4.0000000   4.0000000   34.4724   6636.042 0.013   -2.1   -5.8 -5.06 -0.049  55   0 10:49:55     6902.45061    0.0000  2019/05/15
 4.0000000   4.0000000   34.4724   6636.042 0.017   -2.3   -5.9 -5.07 -0.050  55   0 10:50:55     6902.45130    0.0000  2019/05/15
 4.0000000   4.0000000   34.4724   6636.041 0.019   -2.6   -6.3 -5.08 -0.050  55   0 10:51:55     6902.45200    0.0000  2019/05/15
 4.0000000   4.0000000   34.4724   6636.042 0.018   -2.6   -6.2 -5.09 -0.050  55   0 10:52:55     6902.45269    0.0000  2019/05/15
 4.0000000   4.0000000   34.4724   6636.042 0.010   -2.5   -6.3 -5.10 -0.050  55   0 10:53:55     6902.45338    0.0000  2019/05/15
 4.0000000   4.0000000   34.2283   6636.041 0.016   -2.3   -6.3 -5.11 -0.051  55   0 10:54:55     6902.45408    0.0000  2019/05/15
 4.0000000   4.0000000   34.2283   6636.042 0.016   -2.2   -6.3 -5.12 -0.051  55   0 10:55:55     6902.45477    0.0000  2019/05/15
 4.0000000   4.0000000   34.2283   6636.042 0.018   -2.2   -6.5 -5.13 -0.051  55   0 10:56:55     6902.45546    0.0000  2019/05/15
 4.0000000   4.0000000   34.2283   6636.042 0.014   -2.2   -6.5 -5.14 -0.052  55   0 10:57:55     6902.45616    0.0000  2019/05/15
 4.0000000   4.0000000   33.9842   6636.041 0.011   -2.2   -6.5 -5.14 -0.052  55   0 10:58:55     6902.45685    0.0000  2019/05/15
 4.0000000   4.0000000   33.9842   6636.041 0.017   -2.1   -6.5 -5.15 -0.052  55   0 10:59:55     6902.45754    0.0000  2019/05/15
 4.0000000   4.0000000   33.9842   6636.042 0.020   -2.1   -6.5 -5.16 -0.053  55   0 11:00:55     6902.45824    0.0000  2019/05/15
 4.0000000   4.0000000   33.7400   6636.042 0.014   -2.0   -6.6 -5.16 -0.053  55   0 11:01:55     6902.45893    0.0000  2019/05/15
 4.0000000   4.0000000   33.9842   6636.043 0.014   -1.6   -6.9 -5.16 -0.053  55   0 11:02:55     6902.45962    0.0000  2019/05/15
 4.0000000   4.0000000   33.9842   6636.042 0.027   -1.4   -7.1 -5.17 -0.054  55   0 11:03:55     6902.46032    0.0000  2019/05/15
 4.0000000   4.0000000   33.7400   6636.043 0.014   -1.3   -7.2 -5.17 -0.054  55   0 11:04:55     6902.46101    0.0000  2019/05/15
 4.0000000   4.0000000   33.7400   6636.042 0.015   -1.5   -7.1 -5.17 -0.054  55   0 11:05:56     6902.46171    0.0000  2019/05/15
/	CG-5 SURVEY
/	Survey name:   	07 15 05 2019
/	Instrument S/N:	49459
/	Client:        	TNG.KGF
/	Operator:      	Zaynutdinov
/	Date:          	2019/ 5/15
/	Time:          	11:56:59
/	LONG:        	48.8000000 E
/	LAT:         	55.8000000 N
/	ZONE:        	9       
/	GMT DIFF.:   	0.0 
/------LINE-----STATION-----ALT.------GRAV.---SD.--TILTX--TILTY-TEMP---TIDE---DUR-REJ-----TIME----DEC.TIME+DATE--TERRAIN---DATE
 4.0000000   1.0000000   32.2752   6653.556 0.032   -0.5   -1.1 -5.13 -0.067  55   4 11:58:14     6902.49798    0.0000  2019/05/15
 4.0000000   1.0000000   32.0310   6653.558 0.018    1.7   -1.8 -5.12 -0.068  55   0 11:59:19     6902.49873    0.0000  2019/05/15
 4.0000000   1.0000000   31.5428   6653.558 0.018    3.2   -2.3 -5.11 -0.068  55   0 12:00:19     6902.49942    0.0000  2019/05/15
 4.0000000   1.0000000   31.0545   6653.558 0.023    4.3   -3.0 -5.10 -0.068  55   0 12:01:19     6902.50011    0.0000  2019/05/15
 4.0000000   1.0000000   30.5662   6653.559 0.019    5.2   -3.4 -5.10 -0.068  55   0 12:02:19     6902.50081    0.0000  2019/05/15
 4.0000000   1.0000000   30.0779   6653.559 0.019    5.9   -3.6 -5.09 -0.068  55   0 12:03:19     6902.50150    0.0000  2019/05/15
 4.0000000   1.0000000   29.8338   6653.557 0.022    6.7   -4.1 -5.07 -0.069  55   0 12:04:19     6902.50219    0.0000  2019/05/15
 4.0000000   1.0000000   29.3455   6653.558 0.021    7.6   -4.6 -5.05 -0.069  55   0 12:05:19     6902.50289    0.0000  2019/05/15
 4.0000000   1.0000000   29.3455   6653.558 0.026    7.8   -4.9 -5.03 -0.069  55   0 12:06:19     6902.50358    0.0000  2019/05/15
 4.0000000   1.0000000   28.8572   6653.558 0.027    8.3   -5.5 -5.01 -0.069  55   0 12:07:19     6902.50427    0.0000  2019/05/15
 4.0000000   1.0000000   28.6131   6653.559 0.028    8.4   -5.9 -4.98 -0.069  55   0 12:08:19     6902.50497    0.0000  2019/05/15
 4.0000000   1.0000000   27.8807   6653.560 0.028    8.6   -6.2 -4.94 -0.069  55   0 12:09:19     6902.50566    0.0000  2019/05/15
 4.0000000   1.0000000   27.6365   6653.560 0.042    8.6   -6.4 -4.91 -0.070  55   0 12:10:19     6902.50635    0.0000  2019/05/15
 4.0000000   1.0000000   27.3924   6653.560 0.036    8.7   -6.8 -4.87 -0.070  55   0 12:11:19     6902.50705    0.0000  2019/05/15
 4.0000000   1.0000000   26.9041   6653.561 0.026    8.7   -6.9 -4.82 -0.070  55   0 12:12:19     6902.50774    0.0000  2019/05/15
 4.0000000   1.0000000   26.9041   6653.560 0.034    8.8   -7.3 -4.78 -0.070  55   0 12:13:19     6902.50843    0.0000  2019/05/15
 4.0000000   1.0000000   26.6600   6653.561 0.038    8.7   -7.7 -4.73 -0.070  55   0 12:14:19     6902.50913    0.0000  2019/05/15
 4.0000000   1.0000000   26.1717   6653.557 0.046    8.8   -8.0 -4.69 -0.070  55   0 12:15:19     6902.50982    0.0000  2019/05/15
 4.0000000   1.0000000   25.9275   6653.558 0.045    8.7   -8.4 -4.64 -0.071  55   0 12:16:19     6902.51051    0.0000  2019/05/15
 4.0000000   1.0000000   25.6834   6653.557 0.055    8.3   -8.5 -4.60 -0.071  55   0 12:17:19     6902.51121    0.0000  2019/05/15
 4.0000000   1.0000000   25.4393   6653.559 0.046    8.4   -8.8 -4.55 -0.071  55   0 12:18:19     6902.51190    0.0000  2019/05/15
 4.0000000   1.0000000   25.4393   6653.561 0.036    8.3   -9.0 -4.51 -0.071  55   0 12:19:19     6902.51259    0.0000  2019/05/15
 4.0000000   1.0000000   25.1951   6653.560 0.039    8.5   -9.4 -4.47 -0.071  55   1 12:20:19     6902.51329    0.0000  2019/05/15
 4.0000000   1.0000000   24.7068   6653.555 0.064    8.3   -9.2 -4.42 -0.071  55   0 12:21:19     6902.51398    0.0000  2019/05/15
 4.0000000   1.0000000   24.7068   6653.557 0.040    8.2  -10.0 -4.38 -0.072  55   0 12:22:19     6902.51467    0.0000  2019/05/15
 4.0000000   1.0000000   24.4627   6653.563 0.034    7.9  -10.0 -4.34 -0.072  55   0 12:23:19     6902.51537    0.0000  2019/05/15
 4.0000000   1.0000000   24.2186   6653.561 0.028    7.8  -10.2 -4.29 -0.072  55   0 12:24:19     6902.51606    0.0000  2019/05/15
 4.0000000   1.0000000   23.9744   6653.561 0.026    7.7  -10.5 -4.25 -0.072  55   0 12:25:19     6902.51675    0.0000  2019/05/15
 4.0000000   1.0000000   23.9744   6653.561 0.022    7.6  -10.7 -4.21 -0.072  55   0 12:26:19     6902.51745    0.0000  2019/05/15
 4.0000000   1.0000000   23.7303   6653.562 0.024    7.5  -11.0 -4.18 -0.072  55   0 12:27:19     6902.51814    0.0000  2019/05/15
 4.0000000   1.0000000   23.4861   6653.561 0.021    7.3  -11.2 -4.14 -0.072  55   0 12:28:19     6902.51883    0.0000  2019/05/15
 4.0000000   1.0000000   23.4861   6653.559 0.023    7.3  -11.3 -4.10 -0.073  55   0 12:29:19     6902.51953    0.0000  2019/05/15
 4.0000000   1.0000000   23.2420   6653.558 0.028    7.2  -11.4 -4.06 -0.073  55   0 12:30:19     6902.52022    0.0000  2019/05/15
 4.0000000   1.0000000   22.9979   6653.558 0.030    7.1  -11.7 -4.03 -0.073  55   0 12:31:19     6902.52091    0.0000  2019/05/15
 4.0000000   1.0000000   22.9979   6653.558 0.023    6.9  -12.0 -4.00 -0.073  55   0 12:32:19     6902.52161    0.0000  2019/05/15
 4.0000000   1.0000000   22.9979   6653.558 0.029    6.8  -12.4 -3.96 -0.073  55   1 12:33:19     6902.52230    0.0000  2019/05/15
 4.0000000   1.0000000   22.7537   6653.558 0.026    6.5  -12.5 -3.93 -0.073  55   0 12:34:19     6902.52299    0.0000  2019/05/15
 4.0000000   1.0000000   22.5096   6653.558 0.045    6.5  -12.8 -3.90 -0.073  55   0 12:35:19     6902.52369    0.0000  2019/05/15
 4.0000000   1.0000000   22.5096   6653.556 0.036    6.2  -12.9 -3.87 -0.073  55   0 12:36:19     6902.52438    0.0000  2019/05/15
 4.0000000   1.0000000   22.2654   6653.558 0.023    6.1  -13.3 -3.84 -0.073  55   0 12:37:20     6902.52508    0.0000  2019/05/15