
/	CG-5 SURVEY
/	Survey name:   	00 15 05 2019
/	Instrument S/N:	40823
/	Client:        	TNG.KGF
/	Operator:      	Zaynutdinov
/	Date:          	2019/ 5/15
/	Time:          	03:25:09
/	LONG:        	48.8000000 E
/	LAT:         	55.8000000 N
/	ZONE:        	9       
/	GMT DIFF.:   	0.0 

/	CG-5 SETUP PARAMETERS
/	Gref:			0.000   
/	Gcal1:		8505.171
/	TiltxS:		632.426 
/	TiltyS:		618.297 
/	TiltxO:		9.760   
/	TiltyO:		-45.980 
/	Tempco:		-0.134  
/	Drift:		-0.027  
/	DriftTime Start:	03:25:11
/	DriftDate Start:	2019/05/15

/	CG-5 OPTIONS
/	Tide Correction:    YES
/	Cont. Tilt:         YES
/	Auto Rejection:     YES
/	Terrain Corr.:       NO
/	Seismic Filter:     YES
/	Raw Data:           YES
Line	   1.000N
/------LINE-----STATION-----ALT.------GRAV.---SD.--TILTX--TILTY-TEMP---TIDE---DUR-REJ-----TIME----DEC.TIME+DATE--TERRAIN---DATE
 1.0000000   1.0000000   30.5662   5121.092 0.038   -3.3   -0.1 -1.99 -0.047  55   9 03:26:15     6902.14300    0.0000  2019/05/15
 1.0000000   1.0000000   30.3221   5121.093 0.046   -2.6    0.0 -2.00 -0.046  55   4 03:27:20     6902.14375    0.0000  2019/05/15
 1.0000000   1.0000000   30.0779   5121.097 0.029   -1.7   -0.1 -2.01 -0.046  55   0 03:28:20     6902.14444    0.0000  2019/05/15
 1.0000000   1.0000000   29.8338   5121.095 0.026   -0.9   -0.3 -2.02 -0.045  55   0 03:29:20     6902.14514    0.0000  2019/05/15
 1.0000000   1.0000000   29.3455   5121.095 0.024   -0.5   -0.6 -2.04 -0.045  55   0 03:30:20     6902.14583    0.0000  2019/05/15
 1.0000000   1.0000000   29.3455   5121.095 0.017   -0.4   -0.9 -2.06 -0.045  55   0 03:31:20     6902.14652    0.0000  2019/05/15
 1.0000000   1.0000000   29.1014   5121.094 0.021   -0.2   -1.2 -2.09 -0.044  55   0 03:32:20     6902.14722    0.0000  2019/05/15
 1.0000000   1.0000000   28.8572   5121.093 0.023   -0.3   -1.4 -2.11 -0.044  55   0 03:33:20     6902.14791    0.0000  2019/05/15
 1.0000000   1.0000000   28.6131   5121.092 0.024   -0.4   -1.6 -2.14 -0.043  55   0 03:34:20     6902.14860    0.0000  2019/05/15
 1.0000000   1.0000000   28.3689   5121.092 0.025   -0.7   -1.8 -2.16 -0.043  55   0 03:35:20     6902.14930    0.0000  2019/05/15
 1.0000000   1.0000000   28.1248   5121.093 0.023   -0.9   -1.9 -2.18 -0.043  55   0 03:36:20     6902.14999    0.0000  2019/05/15
 1.0000000   1.0000000   27.8807   5121.092 0.023   -1.1   -2.1 -2.21 -0.042  55   0 03:37:20     6902.15068    0.0000  2019/05/15
 1.0000000   1.0000000   27.8807   5121.092 0.022   -1.2   -2.3 -2.22 -0.042  55   0 03:38:20     6902.15138    0.0000  2019/05/15
 1.0000000   1.0000000   27.6365   5121.091 0.022   -1.5   -2.3 -2.24 -0.041  55   0 03:39:20     6902.15207    0.0000  2019/05/15
 1.0000000   1.0000000   27.3924   5121.091 0.025   -1.9   -2.3 -2.26 -0.041  55   5 03:40:20     6902.15276    0.0000  2019/05/15
/	CG-5 SURVEY
/	Survey name:   	01 15 05 2019
/	Instrument S/N:	40823
/	Client:        	TNG.KGF
/	Operator:      	Zaynutdinov
/	Date:          	2019/ 5/15
/	Time:          	03:41:43
/	LONG:        	48.8000000 E
/	LAT:         	55.8000000 N
/	ZONE:        	9       
/	GMT DIFF.:   	0.0 
/------LINE-----STATION-----ALT.------GRAV.---SD.--TILTX--TILTY-TEMP---TIDE---DUR-REJ-----TIME----DEC.TIME+DATE--TERRAIN---DATE
 1.0000000   1.0000000   26.9041   5121.094 0.067    0.9   -2.1 -2.29 -0.040  55   0 03:42:41     6902.15439    0.0000  2019/05/15
 1.0000000   1.0000000   26.6600   5121.090 0.056    1.2   -2.0 -2.30 -0.039  55   0 03:43:46     6902.15514    0.0000  2019/05/15
 1.0000000   1.0000000   26.4158   5121.093 0.050    0.7   -2.3 -2.31 -0.039  55   0 03:44:46     6902.15584    0.0000  2019/05/15
 1.0000000   1.0000000   26.4158   5121.092 0.042    0.7   -2.4 -2.32 -0.039  55   0 03:45:46     6902.15653    0.0000  2019/05/15
 1.0000000   1.0000000   26.1717   5121.092 0.023    0.7   -2.6 -2.33 -0.038  55   0 03:46:46     6902.15722    0.0000  2019/05/15
 1.0000000   1.0000000   25.9275   5121.092 0.021    0.6   -2.8 -2.34 -0.038  55   0 03:47:46     6902.15792    0.0000  2019/05/15
 1.0000000   1.0000000   25.9275   5121.091 0.024    0.4   -3.0 -2.34 -0.037  55   0 03:48:46     6902.15861    0.0000  2019/05/15
 1.0000000   1.0000000   25.6834   5121.092 0.026    0.2   -3.1 -2.35 -0.037  55   0 03:49:46     6902.15930    0.0000  2019/05/15
 1.0000000   1.0000000   25.6834   5121.091 0.026    0.0   -3.3 -2.35 -0.037  55   0 03:50:46     6902.16000    0.0000  2019/05/15
 1.0000000   1.0000000   25.4393   5121.092 0.017   -0.2   -3.6 -2.35 -0.036  55   0 03:51:46     6902.16069    0.0000  2019/05/15
 1.0000000   1.0000000   25.4393   5121.091 0.016   -0.4   -3.8 -2.36 -0.036  55   0 03:52:46     6902.16138    0.0000  2019/05/15
 1.0000000   1.0000000   25.1951   5121.093 0.017   -0.6   -4.1 -2.36 -0.035  55   0 03:53:46     6902.16208    0.0000  2019/05/15
 1.0000000   1.0000000   24.9510   5121.092 0.024   -0.8   -4.3 -2.36 -0.035  55   0 03:54:46     6902.16277    0.0000  2019/05/15
 1.0000000   1.0000000   24.9510   5121.092 0.017   -1.1   -4.7 -2.36 -0.035  55   0 03:55:46     6902.16346    0.0000  2019/05/15
 1.0000000   1.0000000   24.9510   5121.092 0.016   -1.2   -4.8 -2.37 -0.034  55   0 03:56:46     6902.16416    0.0000  2019/05/15
 1.0000000   1.0000000   24.7068   5121.092 0.017   -1.3   -5.1 -2.37 -0.034  55   0 03:57:46     6902.16485    0.0000  2019/05/15
 1.0000000   1.0000000   24.7068   5121.093 0.017   -1.5   -5.3 -2.37 -0.033  55   0 03:58:46     6902.16554    0.0000  2019/05/15
 1.0000000   1.0000000   24.4627   5121.091 0.019   -1.6   -5.5 -2.37 -0.033  55   0 03:59:46     6902.16624    0.0000  2019/05/15
 1.0000000   1.0000000   24.4627   5121.093 0.017   -1.8   -5.7 -2.37 -0.033  55   0 04:00:46     6902.16693    0.0000  2019/05/15
 1.0000000   1.0000000   24.2186   5121.093 0.020   -2.0   -6.0 -2.37 -0.032  55   0 04:01:46     6902.16762    0.0000  2019/05/15
 1.0000000   1.0000000   24.2186   5121.093 0.022   -2.1   -6.2 -2.37 -0.032  55   0 04:02:46     6902.16832    0.0000  2019/05/15
 1.0000000   1.0000000   24.2186   5121.093 0.024   -2.3   -6.4 -2.37 -0.031  55   0 04:03:46     6902.16901    0.0000  2019/05/15
 1.0000000   1.0000000   23.9744   5121.093 0.031   -2.4   -6.6 -2.37 -0.031  55   0 04:04:46     6902.16970    0.0000  2019/05/15
 1.0000000   1.0000000   23.9744   5121.093 0.042   -2.5   -6.7 -2.37 -0.031  55   0 04:05:46     6902.17040    0.0000  2019/05/15
 1.0000000   1.0000000   23.9744   5121.092 0.056   -2.7   -6.9 -2.37 -0.030  55   0 04:06:46     6902.17109    0.0000  2019/05/15
 1.0000000   1.0000000   23.7303   5121.092 0.052   -2.7   -7.2 -2.37 -0.030  55   0 04:07:46     6902.17178    0.0000  2019/05/15
 1.0000000   1.0000000   23.4861   5121.093 0.046   -2.9   -7.4 -2.37 -0.030  55   0 04:08:46     6902.17248    0.0000  2019/05/15
 1.0000000   1.0000000   23.4861   5121.092 0.076   -3.2   -7.5 -2.37 -0.029  55   0 04:09:46     6902.17317    0.0000  2019/05/15
 1.0000000   1.0000000   23.4861   5121.092 0.042   -3.0   -7.6 -2.37 -0.029  55   0 04:10:46     6902.17386    0.0000  2019/05/15
 1.0000000   1.0000000   23.4861   5121.094 0.041   -3.4   -7.8 -2.37 -0.028  55   0 04:11:46     6902.17456    0.0000  2019/05/15
 1.0000000   1.0000000   23.2420   5121.093 0.027   -3.6   -8.0 -2.37 -0.028  55   0 04:12:46     6902.17525    0.0000  2019/05/15
 1.0000000   1.0000000   23.2420   5121.093 0.029   -3.8   -8.2 -2.37 -0.028  55   0 04:13:46     6902.17594    0.0000  2019/05/15
 1.0000000   1.0000000   23.2420   5121.094 0.022   -3.9   -8.4 -2.37 -0.027  55   0 04:14:46     6902.17664    0.0000  2019/05/15
 1.0000000   1.0000000   23.2420   5121.094 0.020   -4.1   -8.5 -2.37 -0.027  55   0 04:15:46     6902.17733    0.0000  2019/05/15
 1.0000000   1.0000000   22.9979   5121.094 0.023   -4.2   -8.6 -2.37 -0.026  55   0 04:16:46     6902.17802    0.0000  2019/05/15
 1.0000000   1.0000000   22.9979   5121.093 0.020   -4.2   -8.7 -2.37 -0.026  55   0 04:17:46     6902.17872    0.0000  2019/05/15
 1.0000000   1.0000000   22.9979   5121.092 0.019   -4.4   -8.8 -2.36 -0.026  55   0 04:18:46     6902.17941    0.0000  2019/05/15
 1.0000000   1.0000000   22.7537   5121.093 0.021   -4.5   -9.0 -2.36 -0.025  55   0 04:19:46     6902.18010    0.0000  2019/05/15
 1.0000000   1.0000000   22.7537   5121.095 0.026   -4.6   -9.0 -2.36 -0.025  55   0 04:20:46     6902.18080    0.0000  2019/05/15
 1.0000000   1.0000000   22.7537   5121.094 0.026   -4.8   -9.1 -2.36 -0.025  55   0 04:21:47     6902.18150    0.0000  2019/05/15
/	CG-5 SURVEY
/	Survey name:   	02 15 05 2019
/	Instrument S/N:	40823
/	Client:        	TNG.KGF
/	Operator:      	Zaynutdinov
/	Date:          	2019/ 5/15
/	Time:          	04:23:42
/	LONG:        	48.7000000 E
/	LAT:         	55.6000000 N
/	ZONE:        	9       
/	GMT DIFF.:   	0.0 
/------LINE-----STATION-----ALT.------GRAV.---SD.--TILTX--TILTY-TEMP---TIDE---DUR-REJ-----TIME----DEC.TIME+DATE--TERRAIN---DATE
 1.0000000   4.0000000   26.6600   5103.577 0.026    0.7    2.8 -1.84 -0.007  55   1 05:13:01     6902.21702    0.0000  2019/05/15
 1.0000000   4.0000000   26.6600   5103.577 0.014    1.1    2.6 -1.86 -0.007  55   0 05:14:06     6902.21778    0.0000  2019/05/15
 1.0000000   4.0000000   26.9041   5103.577 0.011    1.4    1.9 -1.87 -0.007  55   0 05:15:06     6902.21847    0.0000  2019/05/15
 1.0000000   4.0000000   26.9041   5103.575 0.014    1.5    1.5 -1.89 -0.006  55   0 05:16:06     6902.21916    0.0000  2019/05/15
 1.0000000   4.0000000   26.9041   5103.574 0.013    1.6    1.2 -1.92 -0.006  55   0 05:17:06     6902.21986    0.0000  2019/05/15
 1.0000000   4.0000000   26.9041   5103.572 0.015    1.5    0.9 -1.95 -0.006  55   0 05:18:06     6902.22055    0.0000  2019/05/15
 1.0000000   4.0000000   26.9041   5103.572 0.013    1.4    0.6 -1.98 -0.006  55   0 05:19:06     6902.22124    0.0000  2019/05/15
 1.0000000   4.0000000   27.1482   5103.572 0.015    1.5    0.5 -2.01 -0.005  55   0 05:20:06     6902.22194    0.0000  2019/05/15
 1.0000000   4.0000000   27.1482   5103.570 0.016    1.4    0.4 -2.04 -0.005  55   0 05:21:06     6902.22263    0.0000  2019/05/15
 1.0000000   4.0000000   27.1482   5103.569 0.023    1.3    0.3 -2.07 -0.005  55   0 05:22:06     6902.22332    0.0000  2019/05/15
 1.0000000   4.0000000   27.1482   5103.570 0.014    1.2    0.2 -2.09 -0.005  55   0 05:23:06     6902.22402    0.0000  2019/05/15
 1.0000000   4.0000000   27.1482   5103.569 0.014    1.3    0.1 -2.12 -0.004  55   0 05:24:06     6902.22471    0.0000  2019/05/15
 1.0000000   4.0000000   27.1482   5103.568 0.018    1.3    0.1 -2.14 -0.004  55   0 05:25:06     6902.22540    0.0000  2019/05/15
 1.0000000   4.0000000   27.1482   5103.568 0.012    1.2    0.0 -2.16 -0.004  55   0 05:26:06     6902.22610    0.0000  2019/05/15
 1.0000000   4.0000000   27.1482   5103.568 0.013    1.2    0.0 -2.18 -0.004  55   0 05:27:06     6902.22679    0.0000  2019/05/15
 1.0000000   4.0000000   27.1482   5103.567 0.011    1.3    0.0 -2.20 -0.003  55   0 05:28:06     6902.22748    0.0000  2019/05/15
 1.0000000   4.0000000   27.1482   5103.568 0.012    1.4    0.0 -2.22 -0.003  55   0 05:29:06     6902.22818    0.0000  2019/05/15
 1.0000000   4.0000000   27.3924   5103.567 0.017    1.3    0.0 -2.23 -0.003  55   0 05:30:06     6902.22887    0.0000  2019/05/15
 1.0000000   4.0000000   27.3924   5103.568 0.015    1.3    0.0 -2.25 -0.003  55   0 05:31:06     6902.22956    0.0000  2019/05/15
 1.0000000   4.0000000   27.3924   5103.566 0.017    1.2    0.0 -2.26 -0.002  55   0 05:32:06     6902.23026    0.0000  2019/05/15
 1.0000000   4.0000000   27.3924   5103.567 0.011    1.0    0.0 -2.27 -0.002  55   0 05:33:06     6902.23095    0.0000  2019/05/15
 1.0000000   4.0000000   27.3924   5103.568 0.014    0.9    0.0 -2.28 -0.002  55   4 05:34:06     6902.23164    0.0000  2019/05/15
 1.0000000   4.0000000   27.3924   5103.568 0.019    0.9    0.0 -2.28 -0.002  55   0 05:35:06     6902.23234    0.0000  2019/05/15
 1.0000000   4.0000000   27.3924   5103.567 0.017    0.8   -0.2 -2.29 -0.001  55   0 05:36:06     6902.23303    0.0000  2019/05/15
 1.0000000   4.0000000   27.3924   5103.566 0.019    0.8   -0.2 -2.30 -0.001  55   0 05:37:06     6902.23372    0.0000  2019/05/15
 1.0000000   4.0000000   27.3924   5103.566 0.022    0.9   -0.3 -2.31 -0.001  55   0 05:38:06     6902.23442    0.0000  2019/05/15
 1.0000000   4.0000000   27.3924   5103.567 0.024    0.9   -0.3 -2.31 -0.001  55   0 05:39:06     6902.23511    0.0000  2019/05/15
 1.0000000   4.0000000   27.3924   5103.567 0.018    0.9   -0.4 -2.32 -0.001  55   0 05:40:06     6902.23580    0.0000  2019/05/15
 1.0000000   4.0000000   27.3924   5103.566 0.022    1.0   -0.4 -2.32 0.000  55   0 05:41:06     6902.23650    0.0000  2019/05/15
 1.0000000   4.0000000   27.3924   5103.568 0.016    0.8   -0.7 -2.32 0.000  55   0 05:42:06     6902.23719    0.0000  2019/05/15
 1.0000000   4.0000000   27.3924   5103.566 0.014    0.8   -0.7 -2.33 0.000  55   0 05:43:06     6902.23788    0.0000  2019/05/15
 1.0000000   4.0000000   27.3924   5103.566 0.012    0.6   -1.0 -2.33 0.000  55   0 05:44:06     6902.23858    0.0000  2019/05/15
 1.0000000   4.0000000   27.1482   5103.567 0.012    0.7   -1.1 -2.33 0.000  55   0 05:45:06     6902.23927    0.0000  2019/05/15
 1.0000000   4.0000000   27.3924   5103.566 0.011    0.7   -1.3 -2.33 0.000  55   0 05:46:06     6902.23996    0.0000  2019/05/15
 1.0000000   4.0000000   27.3924   5103.566 0.019    0.7   -1.5 -2.34 0.000  55   0 05:47:06     6902.24066    0.0000  2019/05/15
 1.0000000   4.0000000   27.3924   5103.566 0.016    0.8   -1.6 -2.34 0.000  55   0 05:48:06     6902.24135    0.0000  2019/05/15
 1.0000000   4.0000000   27.3924   5103.566 0.014    0.8   -1.8 -2.34 0.000  55   0 05:49:06     6902.24204    0.0000  2019/05/15
 1.0000000   4.0000000   27.3924   5103.566 0.018    0.8   -2.0 -2.34 0.001  55   0 05:50:06     6902.24274    0.0000  2019/05/15
 1.0000000   4.0000000   27.6365   5103.566 0.016    0.8   -2.2 -2.35 0.001  55   0 05:51:06     6902.24343    0.0000  2019/05/15
 1.0000000   4.0000000   27.3924   5103.565 0.012    0.9   -2.4 -2.35 0.001  55   0 05:52:07     6902.24413    0.0000  2019/05/15
/	CG-5 SURVEY
/	Survey name:   	03 15 05 2019
/	Instrument S/N:	40823
/	Client:        	TNG.KGF
/	Operator:      	Zaynutdinov
/	Date:          	2019/ 5/15
/	Time:          	05:55:00
/	LONG:        	48.7000000 E
/	LAT:         	55.5000000 N
/	ZONE:        	9       
/	GMT DIFF.:   	0.0 
/------LINE-----STATION-----ALT.------GRAV.---SD.--TILTX--TILTY-TEMP---TIDE---DUR-REJ-----TIME----DEC.TIME+DATE--TERRAIN---DATE
 1.0000000   5.0000000   28.6131   5060.790 0.038    4.1    0.0 -1.93 0.005  55  39 06:18:36     6902.26250    0.0000  2019/05/15
 1.0000000   5.0000000   28.8572   5060.783 0.016   -3.5   -0.2 -1.93 0.005  55   0 06:19:41     6902.26325    0.0000  2019/05/15
 1.0000000   5.0000000   28.6131   5060.784 0.027   -3.2   -0.2 -1.93 0.005  55   2 06:20:41     6902.26394    0.0000  2019/05/15
 1.0000000   5.0000000   28.6131   5060.779 0.014   -3.0   -0.3 -1.95 0.006  55   0 06:21:41     6902.26463    0.0000  2019/05/15
 1.0000000   5.0000000   28.6131   5060.779 0.017   -2.7   -0.5 -1.97 0.006  55   0 06:22:41     6902.26533    0.0000  2019/05/15
 1.0000000   5.0000000   28.3689   5060.778 0.009   -2.5   -0.6 -1.99 0.006  55   0 06:23:41     6902.26602    0.0000  2019/05/15
 1.0000000   5.0000000   28.3689   5060.777 0.017   -2.4   -0.8 -2.02 0.006  55   0 06:24:41     6902.26671    0.0000  2019/05/15
 1.0000000   5.0000000   28.3689   5060.776 0.012   -2.5   -0.8 -2.04 0.006  55   0 06:25:41     6902.26741    0.0000  2019/05/15
 1.0000000   5.0000000   28.3689   5060.775 0.019   -2.2   -0.6 -2.07 0.006  55   0 06:26:41     6902.26810    0.0000  2019/05/15
 1.0000000   5.0000000   28.3689   5060.775 0.014   -1.9   -0.6 -2.10 0.006  55   0 06:27:41     6902.26879    0.0000  2019/05/15
 1.0000000   5.0000000   28.3689   5060.774 0.015   -1.8   -0.8 -2.12 0.006  55   0 06:28:41     6902.26949    0.0000  2019/05/15
 1.0000000   5.0000000   28.1248   5060.772 0.018   -1.8   -0.7 -2.15 0.006  55   0 06:29:41     6902.27018    0.0000  2019/05/15
 1.0000000   5.0000000   28.1248   5060.773 0.017   -2.0   -0.9 -2.17 0.006  55   0 06:30:41     6902.27087    0.0000  2019/05/15
 1.0000000   5.0000000   28.1248   5060.773 0.018   -2.0   -0.8 -2.19 0.006  55   0 06:31:41     6902.27157    0.0000  2019/05/15
 1.0000000   5.0000000   28.1248   5060.772 0.019   -2.0   -0.8 -2.21 0.006  55   0 06:32:41     6902.27226    0.0000  2019/05/15
 1.0000000   5.0000000   28.1248   5060.772 0.016   -2.2   -0.9 -2.23 0.007  55   0 06:33:41     6902.27295    0.0000  2019/05/15
 1.0000000   5.0000000   27.8807   5060.771 0.011   -2.3   -0.9 -2.24 0.007  55   0 06:34:41     6902.27365    0.0000  2019/05/15
 1.0000000   5.0000000   27.8807   5060.771 0.014   -2.4   -1.1 -2.25 0.007  55   0 06:35:41     6902.27434    0.0000  2019/05/15
 1.0000000   5.0000000   28.1248   5060.770 0.012   -2.3   -1.0 -2.27 0.007  55   0 06:36:41     6902.27503    0.0000  2019/05/15
 1.0000000   5.0000000   27.8807   5060.770 0.015   -2.4   -1.0 -2.28 0.007  55   0 06:37:41     6902.27573    0.0000  2019/05/15
 1.0000000   5.0000000   27.8807   5060.770 0.016   -2.4   -0.9 -2.29 0.007  55   0 06:38:41     6902.27642    0.0000  2019/05/15
 1.0000000   5.0000000   27.8807   5060.771 0.013   -2.6   -0.9 -2.30 0.007  55   0 06:39:41     6902.27711    0.0000  2019/05/15
 1.0000000   5.0000000   27.8807   5060.769 0.014   -2.5   -0.9 -2.30 0.007  55   0 06:40:41     6902.27781    0.0000  2019/05/15
 1.0000000   5.0000000   27.8807   5060.769 0.009   -2.5   -0.9 -2.31 0.007  55   0 06:41:41     6902.27850    0.0000  2019/05/15
 1.0000000   5.0000000   27.8807   5060.770 0.015   -2.6   -1.0 -2.32 0.007  55   0 06:42:41     6902.27919    0.0000  2019/05/15
 1.0000000   5.0000000   27.8807   5060.769 0.015   -2.7   -1.1 -2.32 0.007  55   0 06:43:41     6902.27989    0.0000  2019/05/15
 1.0000000   5.0000000   27.8807   5060.768 0.017   -2.7   -1.2 -2.33 0.007  55   0 06:44:41     6902.28058    0.0000  2019/05/15
 1.0000000   5.0000000   27.8807   5060.768 0.020   -2.8   -1.2 -2.34 0.007  55   0 06:45:41     6902.28127    0.0000  2019/05/15
 1.0000000   5.0000000   27.8807   5060.768 0.011   -2.8   -1.4 -2.34 0.007  55   0 06:46:41     6902.28197    0.0000  2019/05/15
 1.0000000   5.0000000   27.8807   5060.768 0.016   -2.8   -1.6 -2.34 0.007  55   0 06:47:41     6902.28266    0.0000  2019/05/15
 1.0000000   5.0000000   27.6365   5060.768 0.013   -3.0   -1.8 -2.35 0.007  55   0 06:48:41     6902.28335    0.0000  2019/05/15
 1.0000000   5.0000000   27.8807   5060.768 0.012   -3.1   -2.2 -2.35 0.007  55   0 06:49:41     6902.28405    0.0000  2019/05/15
 1.0000000   5.0000000   27.8807   5060.768 0.011   -3.3   -2.3 -2.35 0.007  55   0 06:50:41     6902.28474    0.0000  2019/05/15
 1.0000000   5.0000000   27.6365   5060.768 0.012   -3.4   -2.3 -2.36 0.007  55   0 06:51:41     6902.28543    0.0000  2019/05/15
 1.0000000   5.0000000   27.3924   5060.768 0.015   -3.4   -2.5 -2.36 0.007  55   0 06:52:41     6902.28613    0.0000  2019/05/15
 1.0000000   5.0000000   27.6365   5060.768 0.011   -3.3   -2.5 -2.36 0.007  55   0 06:53:41     6902.28682    0.0000  2019/05/15
 1.0000000   5.0000000   27.6365   5060.768 0.014   -3.5   -2.5 -2.36 0.007  55   0 06:54:41     6902.28751    0.0000  2019/05/15
 1.0000000   5.0000000   27.6365   5060.768 0.017   -3.4   -2.9 -2.36 0.007  55   0 06:55:41     6902.28821    0.0000  2019/05/15
 1.0000000   5.0000000   27.3924   5060.768 0.019   -3.2   -2.9 -2.37 0.007  55   0 06:56:41     6902.28890    0.0000  2019/05/15
 1.0000000   5.0000000   27.6365   5060.768 0.019   -3.0   -3.0 -2.37 0.007  55   0 06:57:42     6902.28961    0.0000  2019/05/15
/	CG-5 SURVEY
/	Survey name:   	04 15 05 2019
/	Instrument S/N:	40823
/	Client:        	TNG.KGF
/	Operator:      	Zaynutdinov
/	Date:          	2019/ 5/15
/	Time:          	07:01:05
/	LONG:        	48.5000000 E
/	LAT:         	55.1000000 N
/	ZONE:        	9       
/	GMT DIFF.:   	0.0 
/------LINE-----STATION-----ALT.------GRAV.---SD.--TILTX--TILTY-TEMP---TIDE---DUR-REJ-----TIME----DEC.TIME+DATE--TERRAIN---DATE
 1.0000000   6.0000000   31.2986   5027.899 0.029    0.3    3.0 -1.84 0.005  55   0 07:45:36     6902.32282    0.0000  2019/05/15
 1.0000000   6.0000000   31.2986   5027.898 0.012    0.5    3.5 -1.84 0.005  55   0 07:46:41     6902.32357    0.0000  2019/05/15
 1.0000000   6.0000000   31.2986   5027.897 0.010    0.6    3.4 -1.85 0.005  55   0 07:47:41     6902.32426    0.0000  2019/05/15
 1.0000000   6.0000000   31.2986   5027.896 0.014    0.6    3.2 -1.87 0.005  55   0 07:48:41     6902.32495    0.0000  2019/05/15
 1.0000000   6.0000000   31.2986   5027.896 0.015    0.7    3.1 -1.90 0.004  55   0 07:49:41     6902.32565    0.0000  2019/05/15
 1.0000000   6.0000000   31.5428   5027.894 0.021    0.7    3.0 -1.92 0.004  55   0 07:50:41     6902.32634    0.0000  2019/05/15
 1.0000000   6.0000000   31.7869   5027.894 0.018    0.8    2.9 -1.95 0.004  55   0 07:51:41     6902.32703    0.0000  2019/05/15
 1.0000000   6.0000000   31.7869   5027.893 0.015    0.7    2.8 -1.99 0.004  55   0 07:52:41     6902.32773    0.0000  2019/05/15
 1.0000000   6.0000000   31.7869   5027.891 0.012    0.7    2.6 -2.02 0.004  55   0 07:53:41     6902.32842    0.0000  2019/05/15
 1.0000000   6.0000000   31.7869   5027.890 0.021    0.6    2.1 -2.05 0.004  55   0 07:54:41     6902.32911    0.0000  2019/05/15
 1.0000000   6.0000000   31.5428   5027.888 0.017    0.6    2.2 -2.09 0.003  55   0 07:55:41     6902.32981    0.0000  2019/05/15
 1.0000000   6.0000000   31.7869   5027.889 0.019    0.5    2.1 -2.11 0.003  55   0 07:56:41     6902.33050    0.0000  2019/05/15
 1.0000000   6.0000000   31.7869   5027.888 0.013    0.5    2.1 -2.14 0.003  55   0 07:57:41     6902.33119    0.0000  2019/05/15
 1.0000000   6.0000000   31.7869   5027.888 0.017    0.5    2.1 -2.17 0.003  55   0 07:58:41     6902.33189    0.0000  2019/05/15
 1.0000000   6.0000000   32.0310   5027.888 0.017    0.5    2.2 -2.19 0.003  55   0 07:59:41     6902.33258    0.0000  2019/05/15
 1.0000000   6.0000000   32.0310   5027.887 0.013    0.4    2.0 -2.21 0.003  55   0 08:00:41     6902.33327    0.0000  2019/05/15
 1.0000000   6.0000000   32.0310   5027.887 0.014    0.5    2.1 -2.23 0.002  55   0 08:01:41     6902.33397    0.0000  2019/05/15
 1.0000000   6.0000000   32.2752   5027.888 0.014    0.3    2.2 -2.25 0.002  55   0 08:02:41     6902.33466    0.0000  2019/05/15
 1.0000000   6.0000000   32.2752   5027.888 0.013    0.3    2.2 -2.26 0.002  55   0 08:03:41     6902.33535    0.0000  2019/05/15
 1.0000000   6.0000000   32.0310   5027.888 0.019    0.5    2.2 -2.28 0.002  55   0 08:04:41     6902.33605    0.0000  2019/05/15
 1.0000000   6.0000000   32.0310   5027.886 0.012    0.5    2.2 -2.29 0.002  55   0 08:05:41     6902.33674    0.0000  2019/05/15
 1.0000000   6.0000000   32.0310   5027.886 0.016    0.6    2.1 -2.30 0.001  55   0 08:06:41     6902.33743    0.0000  2019/05/15
 1.0000000   6.0000000   32.5193   5027.887 0.015    0.6    2.0 -2.31 0.001  55   0 08:07:41     6902.33813    0.0000  2019/05/15
 1.0000000   6.0000000   32.2752   5027.886 0.017    0.6    2.0 -2.32 0.001  55   0 08:08:41     6902.33882    0.0000  2019/05/15
 1.0000000   6.0000000   32.2752   5027.885 0.017    0.6    2.2 -2.33 0.001  55   0 08:09:41     6902.33951    0.0000  2019/05/15
 1.0000000   6.0000000   32.2752   5027.885 0.015    0.6    2.0 -2.34 0.001  55   0 08:10:41     6902.34021    0.0000  2019/05/15
 1.0000000   6.0000000   32.2752   5027.885 0.020    0.7    2.0 -2.35 0.000  55   0 08:11:41     6902.34090    0.0000  2019/05/15
 1.0000000   6.0000000   32.2752   5027.885 0.013    0.9    2.0 -2.35 0.000  55   0 08:12:41     6902.34159    0.0000  2019/05/15
 1.0000000   6.0000000   32.2752   5027.884 0.012    1.0    1.9 -2.36 0.000  55   0 08:13:41     6902.34229    0.0000  2019/05/15
 1.0000000   6.0000000   32.2752   5027.884 0.014    1.2    2.0 -2.36 0.000  55   0 08:14:41     6902.34298    0.0000  2019/05/15
 1.0000000   6.0000000   32.5193   5027.885 0.016    1.1    1.9 -2.37 0.000  55   0 08:15:41     6902.34367    0.0000  2019/05/15
 1.0000000   6.0000000   32.5193   5027.885 0.014    1.3    1.9 -2.37 0.000  55   0 08:16:41     6902.34437    0.0000  2019/05/15
 1.0000000   6.0000000   32.5193   5027.885 0.015    1.2    1.8 -2.37 0.000  55   0 08:17:41     6902.34506    0.0000  2019/05/15
 1.0000000   6.0000000   32.5193   5027.884 0.015    1.3    1.6 -2.38 0.000  55   0 08:18:41     6902.34575    0.0000  2019/05/15
 1.0000000   6.0000000   32.7635   5027.884 0.014    1.3    1.6 -2.38 0.000  55   0 08:19:41     6902.34645    0.0000  2019/05/15
 1.0000000   6.0000000   32.7635   5027.883 0.018    1.3    1.5 -2.39 -0.001  55   0 08:20:41     6902.34714    0.0000  2019/05/15
 1.0000000   6.0000000   32.7635   5027.882 0.017    1.3    1.3 -2.39 -0.001  55   0 08:21:41     6902.34783    0.0000  2019/05/15
 1.0000000   6.0000000   32.7635   5027.883 0.014    1.4    1.3 -2.39 -0.001  55   0 08:22:41     6902.34853    0.0000  2019/05/15
 1.0000000   6.0000000   32.7635   5027.883 0.016    1.3    1.2 -2.40 -0.001  55   0 08:23:41     6902.34922    0.0000  2019/05/15
 1.0000000   6.0000000   33.0076   5027.883 0.013    1.4    1.1 -2.40 -0.002  55   0 08:24:42     6902.34993    0.0000  2019/05/15
/	CG-5 SURVEY
/	Survey name:   	05 15 05 2019
/	Instrument S/N:	40823
/	Client:        	TNG.KGF
/	Operator:      	Zaynutdinov
/	Date:          	2019/ 5/15
/	Time:          	08:27:40
/	LONG:        	48.7000000 E
/	LAT:         	55.5000000 N
/	ZONE:        	9       
/	GMT DIFF.:   	0.0 
/------LINE-----STATION-----ALT.------GRAV.---SD.--TILTX--TILTY-TEMP---TIDE---DUR-REJ-----TIME----DEC.TIME+DATE--TERRAIN---DATE
 1.0000000   5.0000000   35.9373   5060.767 0.022    2.2    1.6 -2.18 -0.020  55   0 09:21:35     6902.38936    0.0000  2019/05/15
 1.0000000   5.0000000   35.9373   5060.766 0.014    2.6    0.9 -2.18 -0.020  55   0 09:22:40     6902.39012    0.0000  2019/05/15
 1.0000000   5.0000000   35.9373   5060.766 0.013    3.5    0.7 -2.18 -0.020  55   0 09:23:40     6902.39081    0.0000  2019/05/15
 1.0000000   5.0000000   35.9373   5060.764 0.012    5.0    0.9 -2.18 -0.021  55   0 09:24:40     6902.39150    0.0000  2019/05/15
 1.0000000   5.0000000   35.9373   5060.765 0.017    5.5    0.9 -2.19 -0.021  55   0 09:25:40     6902.39220    0.0000  2019/05/15
 1.0000000   5.0000000   35.9373   5060.763 0.014    5.7    0.3 -2.20 -0.021  55   0 09:26:40     6902.39289    0.0000  2019/05/15
 1.0000000   5.0000000   35.9373   5060.764 0.013    5.7   -0.2 -2.21 -0.022  55   0 09:27:40     6902.39358    0.0000  2019/05/15
 1.0000000   5.0000000   35.9373   5060.763 0.015    5.8   -0.7 -2.23 -0.022  55   0 09:28:40     6902.39428    0.0000  2019/05/15
 1.0000000   5.0000000   35.6931   5060.763 0.014    5.9   -1.0 -2.25 -0.022  55   0 09:29:40     6902.39497    0.0000  2019/05/15
 1.0000000   5.0000000   35.4490   5060.762 0.012    6.4   -0.8 -2.27 -0.023  55   0 09:30:40     6902.39566    0.0000  2019/05/15
 1.0000000   5.0000000   35.6931   5060.762 0.015    6.7   -0.7 -2.29 -0.023  55   0 09:31:40     6902.39636    0.0000  2019/05/15
 1.0000000   5.0000000   35.6931   5060.764 0.010    6.7   -0.6 -2.30 -0.023  55   0 09:32:40     6902.39705    0.0000  2019/05/15
 1.0000000   5.0000000   35.2049   5060.762 0.015    6.7   -0.5 -2.32 -0.024  55   0 09:33:40     6902.39774    0.0000  2019/05/15
 1.0000000   5.0000000   35.4490   5060.760 0.013    6.8   -0.6 -2.33 -0.024  55   0 09:34:40     6902.39844    0.0000  2019/05/15
 1.0000000   5.0000000   35.2049   5060.760 0.015    6.8   -0.7 -2.35 -0.024  55   0 09:35:40     6902.39913    0.0000  2019/05/15
 1.0000000   5.0000000   35.2049   5060.761 0.016    6.7   -1.1 -2.36 -0.025  55   0 09:36:40     6902.39982    0.0000  2019/05/15
 1.0000000   5.0000000   35.2049   5060.759 0.011    6.4   -1.4 -2.37 -0.025  55   0 09:37:40     6902.40052    0.0000  2019/05/15
 1.0000000   5.0000000   35.4490   5060.761 0.015    6.4   -1.9 -2.38 -0.025  55   0 09:38:40     6902.40121    0.0000  2019/05/15
 1.0000000   5.0000000   34.9607   5060.761 0.011    6.6   -1.7 -2.39 -0.026  55   0 09:39:40     6902.40190    0.0000  2019/05/15
 1.0000000   5.0000000   34.9607   5060.759 0.016    6.8   -1.4 -2.40 -0.026  55   0 09:40:40     6902.40260    0.0000  2019/05/15
 1.0000000   5.0000000   34.9607   5060.759 0.013    6.8   -1.2 -2.41 -0.026  55   0 09:41:40     6902.40329    0.0000  2019/05/15
 1.0000000   5.0000000   34.9607   5060.761 0.009    6.6   -1.7 -2.42 -0.027  55   0 09:42:40     6902.40398    0.0000  2019/05/15
 1.0000000   5.0000000   34.9607   5060.760 0.015    6.2   -2.3 -2.42 -0.027  55   0 09:43:40     6902.40468    0.0000  2019/05/15
 1.0000000   5.0000000   34.9607   5060.760 0.018    6.1   -2.6 -2.43 -0.027  55   0 09:44:40     6902.40537    0.0000  2019/05/15
 1.0000000   5.0000000   34.7166   5060.760 0.014    5.9   -3.0 -2.43 -0.028  55   0 09:45:40     6902.40606    0.0000  2019/05/15
 1.0000000   5.0000000   34.7166   5060.761 0.018    5.9   -3.3 -2.44 -0.028  55   0 09:46:40     6902.40676    0.0000  2019/05/15
 1.0000000   5.0000000   34.4724   5060.760 0.026    6.0   -3.3 -2.44 -0.028  55   0 09:47:40     6902.40745    0.0000  2019/05/15
 1.0000000   5.0000000   34.4724   5060.759 0.011    6.0   -3.4 -2.45 -0.029  55   0 09:48:40     6902.40814    0.0000  2019/05/15
 1.0000000   5.0000000   34.4724   5060.759 0.019    6.0   -3.5 -2.45 -0.029  55   0 09:49:40     6902.40884    0.0000  2019/05/15
 1.0000000   5.0000000   34.2283   5060.760 0.017    6.2   -3.6 -2.45 -0.029  55   0 09:50:40     6902.40953    0.0000  2019/05/15
 1.0000000   5.0000000   34.4724   5060.761 0.014    6.4   -3.8 -2.46 -0.030  55   0 09:51:40     6902.41022    0.0000  2019/05/15
 1.0000000   5.0000000   34.4724   5060.760 0.017    6.5   -3.8 -2.46 -0.030  55   0 09:52:40     6902.41092    0.0000  2019/05/15
 1.0000000   5.0000000   34.4724   5060.760 0.015    6.5   -4.0 -2.46 -0.030  55   0 09:53:40     6902.41161    0.0000  2019/05/15
 1.0000000   5.0000000   34.2283   5060.760 0.017    6.4   -4.2 -2.46 -0.031  55   0 09:54:40     6902.41230    0.0000  2019/05/15
 1.0000000   5.0000000   34.2283   5060.761 0.013    6.8   -4.2 -2.46 -0.031  55   0 09:55:40     6902.41300    0.0000  2019/05/15
 1.0000000   5.0000000   34.2283   5060.762 0.012    7.0   -4.3 -2.47 -0.031  55   0 09:56:40     6902.41369    0.0000  2019/05/15
 1.0000000   5.0000000   34.4724   5060.761 0.012    7.0   -4.2 -2.47 -0.032  55   0 09:57:40     6902.41438    0.0000  2019/05/15
 1.0000000   5.0000000   34.4724   5060.762 0.012    6.9   -4.6 -2.47 -0.032  55   0 09:58:40     6902.41508    0.0000  2019/05/15
 1.0000000   5.0000000   34.4724   5060.761 0.011    6.6   -5.1 -2.47 -0.032  55   0 09:59:40     6902.41577    0.0000  2019/05/15
 1.0000000   5.0000000   34.4724   5060.763 0.015    6.9   -4.8 -2.47 -0.033  55   0 10:00:41     6902.41647    0.0000  2019/05/15
/	CG-5 SURVEY
/	Survey name:   	06 15 05 2019
/	Instrument S/N:	40823
/	Client:        	TNG.KGF
/	Operator:      	Zaynutdinov
/	Date:          	2019/ 5/15
/	Time:          	10:25:51
/	LONG:        	48.7000000 E
/	LAT:         	55.6000000 N
/	ZONE:        	9       
/	GMT DIFF.:   	0.0 
/------LINE-----STATION-----ALT.------GRAV.---SD.--TILTX--TILTY-TEMP---TIDE---DUR-REJ-----TIME----DEC.TIME+DATE--TERRAIN---DATE
 1.0000000   4.0000000   36.4256   5103.559 0.025   -2.9    1.4 -2.10 -0.042  55   7 10:26:49     6902.43459    0.0000  2019/05/15
 1.0000000   4.0000000   36.6697   5103.563 0.016   -5.8    0.4 -2.11 -0.042  55   0 10:27:54     6902.43534    0.0000  2019/05/15
 1.0000000   4.0000000   36.6697   5103.563 0.016   -6.7   -0.3 -2.12 -0.042  55   0 10:28:54     6902.43604    0.0000  2019/05/15
 1.0000000   4.0000000   36.6697   5103.562 0.012   -7.3   -0.9 -2.13 -0.043  55   0 10:29:54     6902.43673    0.0000  2019/05/15
 1.0000000   4.0000000   36.6697   5103.562 0.014   -7.2   -1.0 -2.15 -0.043  55   0 10:30:54     6902.43742    0.0000  2019/05/15
 1.0000000   4.0000000   36.6697   5103.561 0.019   -7.3   -1.3 -2.17 -0.043  55   0 10:31:54     6902.43812    0.0000  2019/05/15
 1.0000000   4.0000000   36.9138   5103.561 0.016   -7.2   -1.3 -2.19 -0.044  55   0 10:32:54     6902.43881    0.0000  2019/05/15
 1.0000000   4.0000000   36.6697   5103.561 0.011   -7.4   -1.7 -2.21 -0.044  55   0 10:33:54     6902.43950    0.0000  2019/05/15
 1.0000000   4.0000000   36.9138   5103.560 0.016   -7.5   -1.7 -2.23 -0.044  55   0 10:34:54     6902.44020    0.0000  2019/05/15
 1.0000000   4.0000000   36.9138   5103.560 0.014   -8.0   -2.3 -2.25 -0.045  55   0 10:35:54     6902.44089    0.0000  2019/05/15
 1.0000000   4.0000000   36.9138   5103.560 0.013   -8.2   -2.5 -2.28 -0.045  55   0 10:36:54     6902.44158    0.0000  2019/05/15
 1.0000000   4.0000000   37.1580   5103.560 0.009   -8.1   -2.3 -2.29 -0.045  55   0 10:37:54     6902.44228    0.0000  2019/05/15
 1.0000000   4.0000000   37.1580   5103.561 0.013   -8.0   -2.2 -2.31 -0.046  55   0 10:38:54     6902.44297    0.0000  2019/05/15
 1.0000000   4.0000000   37.1580   5103.559 0.011   -8.1   -2.1 -2.33 -0.046  55   0 10:39:54     6902.44366    0.0000  2019/05/15
 1.0000000   4.0000000   37.1580   5103.560 0.015   -8.0   -2.0 -2.35 -0.046  55   0 10:40:54     6902.44436    0.0000  2019/05/15
 1.0000000   4.0000000   37.1580   5103.558 0.012   -8.0   -1.9 -2.36 -0.047  55   0 10:41:54     6902.44505    0.0000  2019/05/15
 1.0000000   4.0000000   37.4021   5103.560 0.015   -8.1   -2.0 -2.37 -0.047  55   0 10:42:54     6902.44574    0.0000  2019/05/15
 1.0000000   4.0000000   37.4021   5103.559 0.013   -8.5   -2.3 -2.38 -0.047  55   0 10:43:54     6902.44644    0.0000  2019/05/15
 1.0000000   4.0000000   37.4021   5103.558 0.011   -9.1   -3.0 -2.40 -0.048  55   0 10:44:54     6902.44713    0.0000  2019/05/15
 1.0000000   4.0000000   37.6463   5103.560 0.009   -9.0   -2.9 -2.41 -0.048  55   0 10:45:54     6902.44782    0.0000  2019/05/15
 1.0000000   4.0000000   37.6463   5103.559 0.009   -9.2   -2.8 -2.41 -0.048  55   0 10:46:54     6902.44852    0.0000  2019/05/15
 1.0000000   4.0000000   37.6463   5103.559 0.009   -9.2   -2.6 -2.42 -0.049  55   0 10:47:54     6902.44921    0.0000  2019/05/15
 1.0000000   4.0000000   37.6463   5103.558 0.012   -9.3   -2.4 -2.43 -0.049  55   0 10:48:54     6902.44990    0.0000  2019/05/15
 1.0000000   4.0000000   37.6463   5103.559 0.011   -9.4   -2.4 -2.44 -0.049  55   0 10:49:54     6902.45060    0.0000  2019/05/15
 1.0000000   4.0000000   37.6463   5103.559 0.015  -10.0   -2.5 -2.44 -0.050  55   0 10:50:54     6902.45129    0.0000  2019/05/15
 1.0000000   4.0000000   37.6463   5103.558 0.016  -11.0   -2.6 -2.45 -0.050  55   0 10:51:54     6902.45198    0.0000  2019/05/15
 1.0000000   4.0000000   37.6463   5103.559 0.015  -11.2   -2.6 -2.46 -0.050  55   0 10:52:54     6902.45268    0.0000  2019/05/15
 1.0000000   4.0000000   37.6463   5103.560 0.009  -11.4   -2.8 -2.46 -0.050  55   0 10:53:54     6902.45337    0.0000  2019/05/15
 1.0000000   4.0000000   37.6463   5103.559 0.014  -11.9   -3.5 -2.46 -0.051  55   0 10:54:54     6902.45406    0.0000  2019/05/15
 1.0000000   4.0000000   37.6463   5103.558 0.014  -12.0   -3.7 -2.47 -0.051  55   0 10:55:54     6902.45476    0.0000  2019/05/15
 1.0000000   4.0000000   37.6463   5103.557 0.014  -11.8   -3.6 -2.47 -0.051  55   0 10:56:54     6902.45545    0.0000  2019/05/15
 1.0000000   4.0000000   37.4021   5103.557 0.012  -11.8   -3.8 -2.48 -0.052  55   0 10:57:54     6902.45614    0.0000  2019/05/15
 1.0000000   4.0000000   37.4021   5103.557 0.009  -12.2   -4.5 -2.48 -0.052  55   0 10:58:54     6902.45684    0.0000  2019/05/15
 1.0000000   4.0000000   37.1580   5103.560 0.015  -12.4   -5.0 -2.48 -0.052  55   0 10:59:54     6902.45753    0.0000  2019/05/15
 1.0000000   4.0000000   37.4021   5103.560 0.018  -12.4   -5.4 -2.48 -0.053  55   0 11:00:54     6902.45822    0.0000  2019/05/15
 1.0000000   4.0000000   37.1580   5103.561 0.012  -12.4   -5.6 -2.47 -0.053  55   0 11:01:54     6902.45892    0.0000  2019/05/15
 1.0000000   4.0000000   37.1580   5103.559 0.011  -11.9   -5.5 -2.47 -0.053  55   0 11:02:54     6902.45961    0.0000  2019/05/15
 1.0000000   4.0000000   36.9138   5103.560 0.023  -11.6   -5.5 -2.47 -0.054  55   0 11:03:54     6902.46030    0.0000  2019/05/15
 1.0000000   4.0000000   36.9138   5103.560 0.011  -11.7   -6.1 -2.46 -0.054  55   0 11:04:54     6902.46100    0.0000  2019/05/15
 1.0000000   4.0000000   36.9138   5103.560 0.012  -11.7   -6.4 -2.46 -0.054  55   0 11:05:55     6902.46170    0.0000  2019/05/15
/	CG-5 SURVEY
/	Survey name:   	07 15 05 2019
/	Instrument S/N:	40823
/	Client:        	TNG.KGF
/	Operator:      	Zaynutdinov
/	Date:          	2019/ 5/15
/	Time:          	11:57:27
/	LONG:        	48.8000000 E
/	LAT:         	55.8000000 N
/	ZONE:        	9       
/	GMT DIFF.:   	0.0 
/------LINE-----STATION-----ALT.------GRAV.---SD.--TILTX--TILTY-TEMP---TIDE---DUR-REJ-----TIME----DEC.TIME+DATE--TERRAIN---DATE
 1.0000000   1.0000000   34.9607   5121.103 0.032   -1.4    1.8 -1.93 -0.067  55   4 11:58:13     6902.49796    0.0000  2019/05/15
 1.0000000   1.0000000   34.4724   5121.104 0.017   -0.6    1.7 -1.95 -0.068  55   0 11:59:18     6902.49871    0.0000  2019/05/15
 1.0000000   1.0000000   34.2283   5121.103 0.018    0.5    1.1 -1.96 -0.068  55   0 12:00:18     6902.49941    0.0000  2019/05/15
 1.0000000   1.0000000   33.2517   5121.102 0.023    1.4    0.7 -1.98 -0.068  55   0 12:01:18     6902.50010    0.0000  2019/05/15
 1.0000000   1.0000000   33.2517   5121.102 0.019    2.2    0.4 -2.00 -0.068  55   0 12:02:18     6902.50079    0.0000  2019/05/15
 1.0000000   1.0000000   33.0076   5121.102 0.021    2.9    0.0 -2.03 -0.068  55   0 12:03:18     6902.50149    0.0000  2019/05/15
 1.0000000   1.0000000   32.7635   5121.101 0.023    3.5   -0.1 -2.06 -0.069  55   0 12:04:18     6902.50218    0.0000  2019/05/15
 1.0000000   1.0000000   32.2752   5121.099 0.024    3.9   -0.3 -2.09 -0.069  55   0 12:05:18     6902.50287    0.0000  2019/05/15
 1.0000000   1.0000000   31.7869   5121.099 0.027    4.1   -0.4 -2.11 -0.069  55   0 12:06:18     6902.50357    0.0000  2019/05/15
 1.0000000   1.0000000   31.5428   5121.099 0.030    4.2   -0.5 -2.14 -0.069  55   0 12:07:18     6902.50426    0.0000  2019/05/15
 1.0000000   1.0000000   31.2986   5121.099 0.032    4.5   -0.5 -2.17 -0.069  55   0 12:08:18     6902.50495    0.0000  2019/05/15
 1.0000000   1.0000000   30.8103   5121.098 0.033    4.4   -0.5 -2.19 -0.069  55   0 12:09:18     6902.50565    0.0000  2019/05/15
 1.0000000   1.0000000   30.5662   5121.098 0.053    4.4   -0.5 -2.21 -0.070  55   0 12:10:18     6902.50634    0.0000  2019/05/15
 1.0000000   1.0000000   30.3221   5121.098 0.040    4.3   -0.5 -2.23 -0.070  55   0 12:11:18     6902.50703    0.0000  2019/05/15
 1.0000000   1.0000000   29.8338   5121.099 0.028    4.1   -0.4 -2.25 -0.070  55   0 12:12:18     6902.50773    0.0000  2019/05/15
 1.0000000   1.0000000   29.8338   5121.097 0.038    3.9   -0.5 -2.26 -0.070  55   0 12:13:18     6902.50842    0.0000  2019/05/15
 1.0000000   1.0000000   29.3455   5121.098 0.042    3.7   -0.5 -2.28 -0.070  55   0 12:14:18     6902.50911    0.0000  2019/05/15
 1.0000000   1.0000000   29.1014   5121.099 0.054    3.6   -0.4 -2.29 -0.070  55   1 12:15:18     6902.50981    0.0000  2019/05/15
 1.0000000   1.0000000   28.8572   5121.098 0.050    3.2   -0.4 -2.30 -0.071  55   0 12:16:18     6902.51050    0.0000  2019/05/15
 1.0000000   1.0000000   28.6131   5121.097 0.065    2.9   -0.2 -2.31 -0.071  55   0 12:17:18     6902.51119    0.0000  2019/05/15
 1.0000000   1.0000000   28.3689   5121.097 0.059    2.7   -0.3 -2.32 -0.071  55   0 12:18:18     6902.51189    0.0000  2019/05/15
 1.0000000   1.0000000   28.1248   5121.098 0.039    2.5   -0.2 -2.33 -0.071  55   0 12:19:18     6902.51258    0.0000  2019/05/15
 1.0000000   1.0000000   27.8807   5121.098 0.043    2.3    0.0 -2.33 -0.071  55   1 12:20:18     6902.51327    0.0000  2019/05/15
 1.0000000   1.0000000   27.6365   5121.096 0.078    2.1    0.1 -2.34 -0.071  55   0 12:21:18     6902.51397    0.0000  2019/05/15
 1.0000000   1.0000000   27.3924   5121.095 0.051    1.5   -0.1 -2.35 -0.072  55   0 12:22:18     6902.51466    0.0000  2019/05/15
 1.0000000   1.0000000   27.3924   5121.097 0.040    1.6    0.1 -2.35 -0.072  55   2 12:23:18     6902.51535    0.0000  2019/05/15
 1.0000000   1.0000000   27.1482   5121.097 0.030    1.3    0.1 -2.35 -0.072  55   0 12:24:18     6902.51605    0.0000  2019/05/15
 1.0000000   1.0000000   26.9041   5121.096 0.027    1.0    0.0 -2.36 -0.072  55   0 12:25:18     6902.51674    0.0000  2019/05/15
 1.0000000   1.0000000   26.6600   5121.098 0.023    0.8   -0.4 -2.36 -0.072  55   0 12:26:18     6902.51743    0.0000  2019/05/15
 1.0000000   1.0000000   26.6600   5121.096 0.026    0.7   -0.5 -2.36 -0.072  55   0 12:27:18     6902.51813    0.0000  2019/05/15
 1.0000000   1.0000000   26.4158   5121.096 0.021    0.4   -0.5 -2.37 -0.072  55   0 12:28:18     6902.51882    0.0000  2019/05/15
 1.0000000   1.0000000   26.4158   5121.096 0.026    0.1   -0.6 -2.37 -0.073  55   0 12:29:18     6902.51951    0.0000  2019/05/15
 1.0000000   1.0000000   26.1717   5121.096 0.028    0.0   -0.7 -2.37 -0.073  55   0 12:30:18     6902.52021    0.0000  2019/05/15
 1.0000000   1.0000000   25.9275   5121.095 0.034   -0.2   -0.9 -2.37 -0.073  55   0 12:31:18     6902.52090    0.0000  2019/05/15
 1.0000000   1.0000000   25.6834   5121.097 0.026   -0.4   -1.0 -2.37 -0.073  55   0 12:32:18     6902.52159    0.0000  2019/05/15
 1.0000000   1.0000000   25.6834   5121.097 0.034   -0.6   -1.1 -2.37 -0.073  55   1 12:33:18     6902.52229    0.0000  2019/05/15
 1.0000000   1.0000000   25.4393   5121.096 0.029   -0.9   -1.3 -2.37 -0.073  55   0 12:34:18     6902.52298    0.0000  2019/05/15
 1.0000000   1.0000000   25.4393   5121.097 0.055   -1.1   -1.5 -2.37 -0.073  55   0 12:35:18     6902.52367    0.0000  2019/05/15
 1.0000000   1.0000000   25.1951   5121.097 0.042   -1.3   -1.7 -2.37 -0.073  55   0 12:36:18     6902.52437    0.0000  2019/05/15
 1.0000000   1.0000000   25.1951   5121.097 0.024   -1.6   -2.0 -2.37 -0.073  55   0 12:37:19     6902.52507    0.0000  2019/05/15