
/	CG-5 SURVEY
/	Survey name:   	00 19 05 2019
/	Instrument S/N:	40823
/	Client:        	TNG.KGF
/	Operator:      	Zaynutdinov
/	Date:          	2019/ 5/19
/	Time:          	02:29:17
/	LONG:        	48.8000000 E
/	LAT:         	55.8000000 N
/	ZONE:        	9       
/	GMT DIFF.:   	0.0 

/	CG-5 SETUP PARAMETERS
/	Gref:			0.000   
/	Gcal1:		8505.171
/	TiltxS:		632.426 
/	TiltyS:		618.297 
/	TiltxO:		9.760   
/	TiltyO:		-45.980 
/	Tempco:		-0.134  
/	Drift:		-0.027  
/	DriftTime Start:	02:29:20
/	DriftDate Start:	2019/05/19

/	CG-5 OPTIONS
/	Tide Correction:    YES
/	Cont. Tilt:         YES
/	Auto Rejection:     YES
/	Terrain Corr.:       NO
/	Seismic Filter:     YES
/	Raw Data:           YES
Line	   1.000N
/------LINE-----STATION-----ALT.------GRAV.---SD.--TILTX--TILTY-TEMP---TIDE---DUR-REJ-----TIME----DEC.TIME+DATE--TERRAIN---DATE
 1.0000000   1.0000000   27.6365   5121.042 0.020    3.8   -0.9 -1.99 -0.067  55   5 03:14:21     6906.13475    0.0000  2019/05/19
 1.0000000   1.0000000   27.3924   5121.042 0.023    5.4   -0.7 -2.00 -0.067  55   0 03:15:26     6906.13550    0.0000  2019/05/19
 1.0000000   1.0000000   27.1482   5121.042 0.023    6.7   -0.7 -2.00 -0.066  55   0 03:16:26     6906.13619    0.0000  2019/05/19
 1.0000000   1.0000000   26.9041   5121.040 0.026    7.7   -1.0 -2.02 -0.066  55   0 03:17:26     6906.13689    0.0000  2019/05/19
 1.0000000   1.0000000   26.6600   5121.039 0.038    8.4   -1.3 -2.03 -0.065  55   0 03:18:26     6906.13758    0.0000  2019/05/19
 1.0000000   1.0000000   26.6600   5121.038 0.032    9.0   -1.5 -2.05 -0.065  55   0 03:19:26     6906.13827    0.0000  2019/05/19
 1.0000000   1.0000000   26.4158   5121.036 0.015    9.4   -1.8 -2.07 -0.065  55   0 03:20:26     6906.13897    0.0000  2019/05/19
 1.0000000   1.0000000   26.4158   5121.036 0.022    9.7   -2.1 -2.10 -0.064  55   0 03:21:26     6906.13966    0.0000  2019/05/19
 1.0000000   1.0000000   26.1717   5121.035 0.028    9.9   -2.5 -2.12 -0.064  55   0 03:22:26     6906.14035    0.0000  2019/05/19
 1.0000000   1.0000000   25.9275   5121.036 0.036    9.9   -2.7 -2.14 -0.063  55   0 03:23:26     6906.14105    0.0000  2019/05/19
 1.0000000   1.0000000   25.9275   5121.035 0.029   10.1   -2.9 -2.16 -0.063  55   0 03:24:26     6906.14174    0.0000  2019/05/19
 1.0000000   1.0000000   25.6834   5121.034 0.039   10.1   -3.1 -2.19 -0.063  55   0 03:25:26     6906.14243    0.0000  2019/05/19
 1.0000000   1.0000000   25.4393   5121.035 0.047   10.3   -3.3 -2.21 -0.062  55   1 03:26:26     6906.14313    0.0000  2019/05/19
 1.0000000   1.0000000   25.4393   5121.034 0.029   10.3   -3.5 -2.22 -0.062  55   0 03:27:26     6906.14382    0.0000  2019/05/19
 1.0000000   1.0000000   25.1951   5121.033 0.026   10.5   -4.0 -2.24 -0.061  55   0 03:28:26     6906.14451    0.0000  2019/05/19
/	CG-5 SURVEY
/	Survey name:   	01 19 05 2019
/	Instrument S/N:	40823
/	Client:        	TNG.KGF
/	Operator:      	Zaynutdinov
/	Date:          	2019/ 5/19
/	Time:          	03:29:59
/	LONG:        	48.8000000 E
/	LAT:         	55.8000000 N
/	ZONE:        	9       
/	GMT DIFF.:   	0.0 
/------LINE-----STATION-----ALT.------GRAV.---SD.--TILTX--TILTY-TEMP---TIDE---DUR-REJ-----TIME----DEC.TIME+DATE--TERRAIN---DATE
 1.0000000   1.0000000   24.9510   5121.032 0.012    3.5   -2.6 -2.27 -0.060  55   4 03:30:43     6906.14610    0.0000  2019/05/19
 1.0000000   1.0000000   24.7068   5121.033 0.012    3.4   -2.9 -2.28 -0.060  55   0 03:31:48     6906.14685    0.0000  2019/05/19
 1.0000000   1.0000000   24.7068   5121.033 0.008    3.5   -3.0 -2.29 -0.059  55   0 03:32:48     6906.14754    0.0000  2019/05/19
 1.0000000   1.0000000   24.7068   5121.033 0.009    3.5   -3.1 -2.30 -0.059  55   0 03:33:48     6906.14823    0.0000  2019/05/19
 1.0000000   1.0000000   24.4627   5121.033 0.010    3.4   -3.3 -2.31 -0.058  55   0 03:34:48     6906.14893    0.0000  2019/05/19
 1.0000000   1.0000000   24.4627   5121.033 0.008    3.4   -3.5 -2.31 -0.058  55   0 03:35:48     6906.14962    0.0000  2019/05/19
 1.0000000   1.0000000   23.9744   5121.033 0.012    3.4   -3.8 -2.32 -0.057  55   0 03:36:48     6906.15031    0.0000  2019/05/19
 1.0000000   1.0000000   24.2186   5121.032 0.010    3.3   -4.0 -2.32 -0.057  55   0 03:37:48     6906.15101    0.0000  2019/05/19
 1.0000000   1.0000000   23.9744   5121.033 0.010    3.2   -4.1 -2.33 -0.057  55   0 03:38:48     6906.15170    0.0000  2019/05/19
 1.0000000   1.0000000   23.9744   5121.033 0.010    3.1   -4.4 -2.33 -0.056  55   0 03:39:48     6906.15239    0.0000  2019/05/19
 1.0000000   1.0000000   23.7303   5121.033 0.011    3.0   -4.7 -2.34 -0.056  55   0 03:40:48     6906.15309    0.0000  2019/05/19
 1.0000000   1.0000000   23.7303   5121.032 0.011    2.9   -4.9 -2.34 -0.055  55   0 03:41:48     6906.15378    0.0000  2019/05/19
 1.0000000   1.0000000   23.7303   5121.032 0.010    2.9   -5.2 -2.34 -0.055  55   0 03:42:48     6906.15447    0.0000  2019/05/19
 1.0000000   1.0000000   23.4861   5121.031 0.012    2.8   -5.4 -2.35 -0.054  55   0 03:43:48     6906.15517    0.0000  2019/05/19
 1.0000000   1.0000000   23.4861   5121.032 0.011    2.7   -5.6 -2.35 -0.054  55   0 03:44:48     6906.15586    0.0000  2019/05/19
 1.0000000   1.0000000   23.4861   5121.032 0.010    2.6   -5.9 -2.35 -0.053  55   0 03:45:48     6906.15655    0.0000  2019/05/19
 1.0000000   1.0000000   23.2420   5121.032 0.011    2.5   -6.1 -2.35 -0.053  55   0 03:46:48     6906.15725    0.0000  2019/05/19
 1.0000000   1.0000000   22.9979   5121.032 0.012    2.5   -6.4 -2.35 -0.052  55   0 03:47:48     6906.15794    0.0000  2019/05/19
 1.0000000   1.0000000   23.2420   5121.031 0.011    2.4   -6.6 -2.35 -0.052  55   0 03:48:48     6906.15863    0.0000  2019/05/19
 1.0000000   1.0000000   23.2420   5121.032 0.009    2.3   -6.9 -2.35 -0.051  55   0 03:49:48     6906.15933    0.0000  2019/05/19
 1.0000000   1.0000000   22.9979   5121.032 0.013    2.2   -7.2 -2.35 -0.051  55   0 03:50:48     6906.16002    0.0000  2019/05/19
 1.0000000   1.0000000   22.9979   5121.031 0.010    2.2   -7.5 -2.35 -0.050  55   0 03:51:48     6906.16071    0.0000  2019/05/19
 1.0000000   1.0000000   22.9979   5121.033 0.012    2.2   -7.7 -2.35 -0.050  55   0 03:52:48     6906.16141    0.0000  2019/05/19
 1.0000000   1.0000000   22.7537   5121.031 0.011    2.1   -7.9 -2.35 -0.049  55   0 03:53:48     6906.16210    0.0000  2019/05/19
 1.0000000   1.0000000   22.7537   5121.032 0.012    2.0   -8.2 -2.35 -0.049  55   0 03:54:48     6906.16279    0.0000  2019/05/19
 1.0000000   1.0000000   22.7537   5121.032 0.010    2.0   -8.5 -2.35 -0.048  55   0 03:55:48     6906.16349    0.0000  2019/05/19
 1.0000000   1.0000000   22.7537   5121.033 0.012    1.9   -8.6 -2.35 -0.048  55   0 03:56:48     6906.16418    0.0000  2019/05/19
 1.0000000   1.0000000   22.7537   5121.032 0.016    1.8   -8.8 -2.35 -0.047  55   0 03:57:48     6906.16487    0.0000  2019/05/19
 1.0000000   1.0000000   22.5096   5121.033 0.012    1.8   -9.0 -2.35 -0.047  55   0 03:58:48     6906.16557    0.0000  2019/05/19
 1.0000000   1.0000000   22.5096   5121.033 0.010    1.7   -9.3 -2.35 -0.046  55   0 03:59:48     6906.16626    0.0000  2019/05/19
 1.0000000   1.0000000   22.5096   5121.032 0.010    1.7   -9.4 -2.35 -0.046  55   0 04:00:48     6906.16695    0.0000  2019/05/19
 1.0000000   1.0000000   22.2654   5121.033 0.010    1.7   -9.7 -2.35 -0.045  55   0 04:01:48     6906.16765    0.0000  2019/05/19
 1.0000000   1.0000000   22.2654   5121.035 0.011    1.5   -9.9 -2.35 -0.045  55   0 04:02:48     6906.16834    0.0000  2019/05/19
 1.0000000   1.0000000   22.2654   5121.033 0.010    1.4  -10.1 -2.35 -0.044  55   0 04:03:48     6906.16903    0.0000  2019/05/19
 1.0000000   1.0000000   22.2654   5121.033 0.009    1.4  -10.3 -2.35 -0.044  55   0 04:04:48     6906.16973    0.0000  2019/05/19
 1.0000000   1.0000000   22.2654   5121.033 0.011    1.4  -10.5 -2.35 -0.043  55   0 04:05:48     6906.17042    0.0000  2019/05/19
 1.0000000   1.0000000   22.2654   5121.033 0.010    1.3  -10.6 -2.35 -0.043  55   0 04:06:48     6906.17111    0.0000  2019/05/19
 1.0000000   1.0000000   22.2654   5121.033 0.011    1.3  -10.8 -2.35 -0.042  55   0 04:07:48     6906.17181    0.0000  2019/05/19
 1.0000000   1.0000000   22.2654   5121.033 0.012    1.2  -11.0 -2.35 -0.042  55   0 04:08:48     6906.17250    0.0000  2019/05/19
 1.0000000   1.0000000   22.0213   5121.033 0.014    1.3  -11.0 -2.35 -0.041  55   0 04:09:49     6906.17321    0.0000  2019/05/19
/	CG-5 SURVEY
/	Survey name:   	02 19 05 2019
/	Instrument S/N:	40823
/	Client:        	TNG.KGF
/	Operator:      	Zaynutdinov
/	Date:          	2019/ 5/19
/	Time:          	05:00:18
/	LONG:        	48.7000000 E
/	LAT:         	55.6000000 N
/	ZONE:        	9       
/	GMT DIFF.:   	0.0 
/------LINE-----STATION-----ALT.------GRAV.---SD.--TILTX--TILTY-TEMP---TIDE---DUR-REJ-----TIME----DEC.TIME+DATE--TERRAIN---DATE
 1.0000000   4.0000000   24.9510   5103.519 0.014    5.8   -0.2 -2.03 -0.012  55   4 05:01:39     6906.20914    0.0000  2019/05/19
 1.0000000   4.0000000   24.7068   5103.519 0.005    7.6    0.5 -2.03 -0.012  55   0 05:02:44     6906.20990    0.0000  2019/05/19
 1.0000000   4.0000000   24.9510   5103.519 0.005    8.9    0.8 -2.03 -0.011  55   0 05:03:44     6906.21059    0.0000  2019/05/19
 1.0000000   4.0000000   24.4627   5103.520 0.006    9.8    0.8 -2.04 -0.011  55   0 05:04:44     6906.21128    0.0000  2019/05/19
 1.0000000   4.0000000   24.2186   5103.516 0.006   10.4    0.8 -2.05 -0.010  55   0 05:05:44     6906.21198    0.0000  2019/05/19
 1.0000000   4.0000000   24.2186   5103.516 0.004   10.8    0.7 -2.07 -0.009  55   0 05:06:44     6906.21267    0.0000  2019/05/19
 1.0000000   4.0000000   23.9744   5103.515 0.005   11.4    0.5 -2.09 -0.009  55   0 05:07:44     6906.21336    0.0000  2019/05/19
 1.0000000   4.0000000   23.7303   5103.514 0.006   11.9    0.4 -2.11 -0.008  55   0 05:08:44     6906.21406    0.0000  2019/05/19
 1.0000000   4.0000000   23.4861   5103.514 0.005   12.2    0.3 -2.13 -0.008  55   0 05:09:44     6906.21475    0.0000  2019/05/19
 1.0000000   4.0000000   23.4861   5103.514 0.006   12.4    0.4 -2.15 -0.007  55   0 05:10:44     6906.21544    0.0000  2019/05/19
 1.0000000   4.0000000   23.2420   5103.513 0.006   12.4    0.4 -2.17 -0.007  55   0 05:11:44     6906.21614    0.0000  2019/05/19
 1.0000000   4.0000000   23.2420   5103.513 0.006   12.3    0.4 -2.19 -0.006  55   0 05:12:44     6906.21683    0.0000  2019/05/19
 1.0000000   4.0000000   22.9979   5103.512 0.006   12.4    0.6 -2.20 -0.005  55   0 05:13:44     6906.21752    0.0000  2019/05/19
 1.0000000   4.0000000   22.7537   5103.511 0.005   12.3    0.4 -2.22 -0.005  55   0 05:14:44     6906.21822    0.0000  2019/05/19
 1.0000000   4.0000000   22.7537   5103.511 0.006   12.6    0.3 -2.24 -0.004  55   0 05:15:44     6906.21891    0.0000  2019/05/19
 1.0000000   4.0000000   22.5096   5103.511 0.006   12.6    0.2 -2.25 -0.004  55   0 05:16:44     6906.21960    0.0000  2019/05/19
 1.0000000   4.0000000   22.2654   5103.511 0.005   12.5    0.3 -2.26 -0.003  55   0 05:17:44     6906.22030    0.0000  2019/05/19
 1.0000000   4.0000000   22.2654   5103.511 0.006   12.7    0.1 -2.27 -0.002  55   0 05:18:44     6906.22099    0.0000  2019/05/19
 1.0000000   4.0000000   22.2654   5103.510 0.005   12.5    0.0 -2.28 -0.002  55   0 05:19:44     6906.22168    0.0000  2019/05/19
 1.0000000   4.0000000   22.0213   5103.510 0.005   12.7    0.1 -2.28 -0.001  55   0 05:20:44     6906.22238    0.0000  2019/05/19
 1.0000000   4.0000000   21.7772   5103.509 0.005   12.6    0.0 -2.29 -0.001  55   0 05:21:44     6906.22307    0.0000  2019/05/19
 1.0000000   4.0000000   21.7772   5103.510 0.005   12.9    0.0 -2.30 0.000  55   0 05:22:44     6906.22376    0.0000  2019/05/19
 1.0000000   4.0000000   21.5330   5103.509 0.005   13.1   -0.1 -2.30 0.000  55   0 05:23:44     6906.22446    0.0000  2019/05/19
 1.0000000   4.0000000   21.5330   5103.509 0.005   13.1   -0.3 -2.30 0.000  55   0 05:24:44     6906.22515    0.0000  2019/05/19
 1.0000000   4.0000000   21.2889   5103.510 0.006   13.5   -0.4 -2.31 0.001  55   0 05:25:44     6906.22584    0.0000  2019/05/19
 1.0000000   4.0000000   21.5330   5103.509 0.006   12.8   -0.5 -2.31 0.001  55   0 05:26:44     6906.22654    0.0000  2019/05/19
 1.0000000   4.0000000   21.2889   5103.511 0.005   12.7   -0.6 -2.31 0.002  55   0 05:27:44     6906.22723    0.0000  2019/05/19
 1.0000000   4.0000000   21.5330   5103.508 0.005   12.3   -0.8 -2.32 0.002  55   0 05:28:44     6906.22792    0.0000  2019/05/19
 1.0000000   4.0000000   21.2889   5103.509 0.005   11.9   -1.1 -2.32 0.003  55   0 05:29:44     6906.22862    0.0000  2019/05/19
 1.0000000   4.0000000   21.2889   5103.509 0.004   11.8   -1.3 -2.32 0.004  55   0 05:30:44     6906.22931    0.0000  2019/05/19
 1.0000000   4.0000000   21.2889   5103.508 0.005   11.6   -1.2 -2.32 0.004  55   0 05:31:44     6906.23000    0.0000  2019/05/19
 1.0000000   4.0000000   21.0447   5103.510 0.005   11.7   -1.5 -2.32 0.005  55   0 05:32:44     6906.23070    0.0000  2019/05/19
 1.0000000   4.0000000   21.0447   5103.509 0.005   11.7   -1.6 -2.32 0.005  55   0 05:33:44     6906.23139    0.0000  2019/05/19
 1.0000000   4.0000000   21.2889   5103.506 0.005   11.6   -1.8 -2.33 0.006  55   0 05:34:44     6906.23208    0.0000  2019/05/19
 1.0000000   4.0000000   21.0447   5103.508 0.006   11.5   -2.1 -2.33 0.007  55   0 05:35:44     6906.23278    0.0000  2019/05/19
 1.0000000   4.0000000   21.0447   5103.508 0.005   10.9   -2.2 -2.32 0.007  55   0 05:36:44     6906.23347    0.0000  2019/05/19
 1.0000000   4.0000000   21.0447   5103.508 0.007   10.6   -2.4 -2.32 0.008  55   0 05:37:44     6906.23416    0.0000  2019/05/19
 1.0000000   4.0000000   21.0447   5103.507 0.005   10.3   -2.5 -2.33 0.008  55   0 05:38:44     6906.23486    0.0000  2019/05/19
 1.0000000   4.0000000   21.0447   5103.506 0.005   10.2   -2.7 -2.33 0.009  55   0 05:39:44     6906.23555    0.0000  2019/05/19
 1.0000000   4.0000000   20.8006   5103.508 0.009   10.4   -2.9 -2.33 0.010  55   2 05:40:45     6906.23625    0.0000  2019/05/19
/	CG-5 SURVEY
/	Survey name:   	03 19 05 2019
/	Instrument S/N:	40823
/	Client:        	TNG.KGF
/	Operator:      	Zaynutdinov
/	Date:          	2019/ 5/19
/	Time:          	06:02:45
/	LONG:        	48.7000000 E
/	LAT:         	55.5000000 N
/	ZONE:        	9       
/	GMT DIFF.:   	0.0 
/------LINE-----STATION-----ALT.------GRAV.---SD.--TILTX--TILTY-TEMP---TIDE---DUR-REJ-----TIME----DEC.TIME+DATE--TERRAIN---DATE
 1.0000000   5.0000000   21.7772   5060.720 0.006    6.4    1.0 -1.95 0.023  55   5 06:03:47     6906.25222    0.0000  2019/05/19
 1.0000000   5.0000000   21.7772   5060.722 0.008    1.5    1.1 -1.94 0.024  55   1 06:04:52     6906.25297    0.0000  2019/05/19
 1.0000000   5.0000000   21.2889   5060.722 0.015    3.2    1.2 -1.95 0.024  55   5 06:05:52     6906.25367    0.0000  2019/05/19
 1.0000000   5.0000000   21.2889   5060.722 0.006    4.4    1.3 -1.96 0.025  55   0 06:06:52     6906.25436    0.0000  2019/05/19
 1.0000000   5.0000000   21.2889   5060.720 0.005    5.1    1.4 -1.97 0.025  55   0 06:07:52     6906.25505    0.0000  2019/05/19
 1.0000000   5.0000000   21.0447   5060.718 0.008    5.7    1.6 -1.99 0.026  55   0 06:08:52     6906.25575    0.0000  2019/05/19
 1.0000000   5.0000000   21.0447   5060.717 0.007    6.1    1.6 -2.01 0.026  55   0 06:09:52     6906.25644    0.0000  2019/05/19
 1.0000000   5.0000000   21.0447   5060.717 0.005    6.5    1.7 -2.04 0.027  55   0 06:10:52     6906.25713    0.0000  2019/05/19
 1.0000000   5.0000000   21.0447   5060.716 0.006    6.7    1.6 -2.06 0.028  55   0 06:11:52     6906.25783    0.0000  2019/05/19
 1.0000000   5.0000000   21.2889   5060.716 0.006    6.7    1.6 -2.09 0.028  55   0 06:12:52     6906.25852    0.0000  2019/05/19
 1.0000000   5.0000000   21.0447   5060.716 0.007    6.8    1.8 -2.11 0.029  55   0 06:13:52     6906.25921    0.0000  2019/05/19
 1.0000000   5.0000000   21.0447   5060.715 0.006    6.6    1.6 -2.13 0.029  55   0 06:14:52     6906.25991    0.0000  2019/05/19
 1.0000000   5.0000000   21.0447   5060.715 0.005    6.5    1.6 -2.15 0.030  55   0 06:15:52     6906.26060    0.0000  2019/05/19
 1.0000000   5.0000000   21.0447   5060.714 0.005    6.3    1.5 -2.17 0.030  55   0 06:16:52     6906.26129    0.0000  2019/05/19
 1.0000000   5.0000000   21.0447   5060.715 0.006    6.1    1.4 -2.19 0.031  55   0 06:17:52     6906.26199    0.0000  2019/05/19
 1.0000000   5.0000000   21.0447   5060.713 0.005    5.9    1.3 -2.20 0.031  55   0 06:18:52     6906.26268    0.0000  2019/05/19
 1.0000000   5.0000000   21.0447   5060.714 0.006    5.6    1.2 -2.22 0.032  55   0 06:19:52     6906.26337    0.0000  2019/05/19
 1.0000000   5.0000000   21.0447   5060.713 0.004    5.3    1.3 -2.23 0.033  55   0 06:20:52     6906.26407    0.0000  2019/05/19
 1.0000000   5.0000000   21.0447   5060.712 0.008    5.1    1.4 -2.24 0.033  55   0 06:21:52     6906.26476    0.0000  2019/05/19
 1.0000000   5.0000000   21.0447   5060.714 0.007    4.9    1.5 -2.25 0.034  55   0 06:22:52     6906.26545    0.0000  2019/05/19
 1.0000000   5.0000000   21.0447   5060.713 0.007    4.9    1.8 -2.26 0.034  55   0 06:23:52     6906.26615    0.0000  2019/05/19
 1.0000000   5.0000000   20.8006   5060.712 0.005    4.9    1.7 -2.27 0.035  55   0 06:24:52     6906.26684    0.0000  2019/05/19
 1.0000000   5.0000000   21.0447   5060.711 0.005    4.9    1.7 -2.27 0.035  55   0 06:25:52     6906.26753    0.0000  2019/05/19
 1.0000000   5.0000000   21.0447   5060.712 0.005    4.9    1.6 -2.28 0.036  55   0 06:26:52     6906.26823    0.0000  2019/05/19
 1.0000000   5.0000000   21.0447   5060.712 0.005    4.8    1.4 -2.29 0.036  55   0 06:27:52     6906.26892    0.0000  2019/05/19
 1.0000000   5.0000000   21.0447   5060.712 0.008    4.7    1.4 -2.29 0.037  55   0 06:28:52     6906.26961    0.0000  2019/05/19
 1.0000000   5.0000000   21.0447   5060.711 0.006    4.6    1.2 -2.30 0.037  55   0 06:29:52     6906.27031    0.0000  2019/05/19
 1.0000000   5.0000000   20.8006   5060.710 0.006    4.4    1.5 -2.30 0.038  55   0 06:30:52     6906.27100    0.0000  2019/05/19
 1.0000000   5.0000000   21.0447   5060.711 0.006    4.1    1.4 -2.31 0.038  55   0 06:31:52     6906.27169    0.0000  2019/05/19
 1.0000000   5.0000000   21.0447   5060.712 0.006    4.0    1.3 -2.31 0.039  55   0 06:32:52     6906.27239    0.0000  2019/05/19
 1.0000000   5.0000000   21.0447   5060.712 0.005    4.0    1.1 -2.31 0.039  55   0 06:33:52     6906.27308    0.0000  2019/05/19
 1.0000000   5.0000000   20.8006   5060.711 0.005    3.9    1.1 -2.32 0.040  55   0 06:34:52     6906.27377    0.0000  2019/05/19
 1.0000000   5.0000000   20.8006   5060.710 0.006    3.8    0.6 -2.32 0.040  55   0 06:35:52     6906.27447    0.0000  2019/05/19
 1.0000000   5.0000000   20.8006   5060.712 0.004    3.8    0.4 -2.32 0.041  55   0 06:36:52     6906.27516    0.0000  2019/05/19
 1.0000000   5.0000000   20.8006   5060.711 0.006    3.8    0.4 -2.32 0.042  55   0 06:37:52     6906.27585    0.0000  2019/05/19
 1.0000000   5.0000000   20.8006   5060.710 0.007    3.5    0.1 -2.33 0.042  55   0 06:38:52     6906.27655    0.0000  2019/05/19
 1.0000000   5.0000000   20.8006   5060.710 0.005    3.5    0.1 -2.33 0.043  55   0 06:39:52     6906.27724    0.0000  2019/05/19
 1.0000000   5.0000000   20.8006   5060.711 0.013    3.6   -0.4 -2.33 0.043  55   1 06:40:52     6906.27793    0.0000  2019/05/19
 1.0000000   5.0000000   20.8006   5060.710 0.006    3.6   -0.9 -2.33 0.044  55   0 06:41:52     6906.27863    0.0000  2019/05/19
 1.0000000   5.0000000   20.5565   5060.711 0.005    3.6   -1.2 -2.33 0.044  55   0 06:42:53     6906.27933    0.0000  2019/05/19
/	CG-5 SURVEY
/	Survey name:   	04 19 05 2019
/	Instrument S/N:	40823
/	Client:        	TNG.KGF
/	Operator:      	Zaynutdinov
/	Date:          	2019/ 5/19
/	Time:          	07:29:01
/	LONG:        	48.5000000 E
/	LAT:         	55.1000000 N
/	ZONE:        	9       
/	GMT DIFF.:   	0.0 
/------LINE-----STATION-----ALT.------GRAV.---SD.--TILTX--TILTY-TEMP---TIDE---DUR-REJ-----TIME----DEC.TIME+DATE--TERRAIN---DATE
 1.0000000   6.0000000   24.9510   5027.842 0.027   -1.5    0.5 -1.87 0.066  55   7 07:30:32     6906.31237    0.0000  2019/05/19
 1.0000000   6.0000000   24.7068   5027.842 0.008   -0.1    0.5 -1.88 0.067  55   0 07:31:37     6906.31312    0.0000  2019/05/19
 1.0000000   6.0000000   24.7068   5027.840 0.008    0.9    0.5 -1.89 0.067  55   0 07:32:37     6906.31381    0.0000  2019/05/19
 1.0000000   6.0000000   24.4627   5027.838 0.010    1.4    0.2 -1.91 0.067  55   0 07:33:37     6906.31451    0.0000  2019/05/19
 1.0000000   6.0000000   24.4627   5027.838 0.008    2.0    0.1 -1.94 0.068  55   0 07:34:37     6906.31520    0.0000  2019/05/19
 1.0000000   6.0000000   24.2186   5027.836 0.009    2.3    0.2 -1.96 0.068  55   0 07:35:37     6906.31589    0.0000  2019/05/19
 1.0000000   6.0000000   24.2186   5027.834 0.007    2.3    0.0 -1.99 0.068  55   0 07:36:37     6906.31659    0.0000  2019/05/19
 1.0000000   6.0000000   23.9744   5027.834 0.008    2.4    0.0 -2.02 0.069  55   0 07:37:37     6906.31728    0.0000  2019/05/19
 1.0000000   6.0000000   23.9744   5027.833 0.007    2.4   -0.1 -2.05 0.069  55   0 07:38:37     6906.31797    0.0000  2019/05/19
 1.0000000   6.0000000   23.7303   5027.832 0.005    2.5   -0.3 -2.08 0.070  55   0 07:39:37     6906.31867    0.0000  2019/05/19
 1.0000000   6.0000000   23.4861   5027.832 0.009    2.4   -0.6 -2.11 0.070  55   1 07:40:37     6906.31936    0.0000  2019/05/19
 1.0000000   6.0000000   23.2420   5027.832 0.012    2.6   -0.8 -2.13 0.070  55   0 07:41:37     6906.32005    0.0000  2019/05/19
 1.0000000   6.0000000   23.2420   5027.830 0.011    2.7   -1.1 -2.16 0.071  55   0 07:42:37     6906.32075    0.0000  2019/05/19
 1.0000000   6.0000000   22.9979   5027.830 0.008    2.8   -1.3 -2.18 0.071  55   0 07:43:37     6906.32144    0.0000  2019/05/19
 1.0000000   6.0000000   22.9979   5027.829 0.018    3.0   -1.2 -2.20 0.071  55   1 07:44:37     6906.32213    0.0000  2019/05/19
 1.0000000   6.0000000   22.9979   5027.830 0.021    3.0   -1.3 -2.22 0.072  55   2 07:45:37     6906.32283    0.0000  2019/05/19
 1.0000000   6.0000000   22.7537   5027.828 0.012    3.2   -1.4 -2.23 0.072  55   0 07:46:37     6906.32352    0.0000  2019/05/19
 1.0000000   6.0000000   22.7537   5027.829 0.009    2.9   -1.1 -2.25 0.072  55   0 07:47:37     6906.32421    0.0000  2019/05/19
 1.0000000   6.0000000   22.5096   5027.827 0.008    2.7   -1.2 -2.26 0.072  55   0 07:48:37     6906.32491    0.0000  2019/05/19
 1.0000000   6.0000000   22.5096   5027.828 0.009    2.8   -1.2 -2.27 0.073  55   0 07:49:37     6906.32560    0.0000  2019/05/19
 1.0000000   6.0000000   22.2654   5027.829 0.011    2.8   -1.4 -2.28 0.073  55   0 07:50:37     6906.32629    0.0000  2019/05/19
 1.0000000   6.0000000   22.2654   5027.828 0.009    2.4   -1.4 -2.29 0.073  55   0 07:51:37     6906.32699    0.0000  2019/05/19
 1.0000000   6.0000000   22.2654   5027.829 0.018    2.3   -1.8 -2.30 0.074  55   1 07:52:37     6906.32768    0.0000  2019/05/19
 1.0000000   6.0000000   22.0213   5027.828 0.012    2.2   -1.8 -2.30 0.074  55   0 07:53:37     6906.32837    0.0000  2019/05/19
 1.0000000   6.0000000   22.2654   5027.827 0.010    2.1   -2.0 -2.31 0.074  55   0 07:54:37     6906.32907    0.0000  2019/05/19
 1.0000000   6.0000000   22.0213   5027.828 0.009    1.8   -2.3 -2.31 0.075  55   0 07:55:37     6906.32976    0.0000  2019/05/19
 1.0000000   6.0000000   21.7772   5027.827 0.008    1.7   -2.6 -2.32 0.075  55   0 07:56:37     6906.33045    0.0000  2019/05/19
 1.0000000   6.0000000   21.7772   5027.828 0.009    1.7   -2.8 -2.32 0.075  55   0 07:57:37     6906.33115    0.0000  2019/05/19
 1.0000000   6.0000000   21.5330   5027.829 0.007    1.6   -2.9 -2.33 0.075  55   0 07:58:37     6906.33184    0.0000  2019/05/19
 1.0000000   6.0000000   21.5330   5027.829 0.010    1.7   -3.2 -2.33 0.076  55   0 07:59:37     6906.33253    0.0000  2019/05/19
 1.0000000   6.0000000   21.5330   5027.827 0.010    1.9   -3.5 -2.33 0.076  55   0 08:00:37     6906.33323    0.0000  2019/05/19
 1.0000000   6.0000000   21.5330   5027.826 0.013    2.1   -3.6 -2.34 0.076  55   0 08:01:37     6906.33392    0.0000  2019/05/19
 1.0000000   6.0000000   21.2889   5027.828 0.010    1.9   -4.0 -2.34 0.076  55   0 08:02:37     6906.33461    0.0000  2019/05/19
 1.0000000   6.0000000   21.2889   5027.827 0.017    2.0   -4.0 -2.34 0.077  55   1 08:03:37     6906.33531    0.0000  2019/05/19
 1.0000000   6.0000000   21.2889   5027.828 0.013    2.1   -4.2 -2.34 0.077  55   1 08:04:37     6906.33600    0.0000  2019/05/19
 1.0000000   6.0000000   21.2889   5027.827 0.008    2.1   -4.5 -2.34 0.077  55   0 08:05:37     6906.33669    0.0000  2019/05/19
 1.0000000   6.0000000   21.0447   5027.827 0.007    2.0   -4.8 -2.34 0.077  55   0 08:06:37     6906.33739    0.0000  2019/05/19
 1.0000000   6.0000000   21.0447   5027.826 0.010    2.1   -4.8 -2.34 0.078  55   0 08:07:37     6906.33808    0.0000  2019/05/19
 1.0000000   6.0000000   21.0447   5027.827 0.007    2.1   -5.1 -2.34 0.078  55   0 08:08:37     6906.33877    0.0000  2019/05/19
 1.0000000   6.0000000   21.0447   5027.827 0.008    2.3   -5.2 -2.34 0.078  55   0 08:09:38     6906.33948    0.0000  2019/05/19
/	CG-5 SURVEY
/	Survey name:   	05 19 05 2019
/	Instrument S/N:	40823
/	Client:        	TNG.KGF
/	Operator:      	Zaynutdinov
/	Date:          	2019/ 5/19
/	Time:          	08:59:36
/	LONG:        	48.7000000 E
/	LAT:         	55.5000000 N
/	ZONE:        	9       
/	GMT DIFF.:   	0.0 
/------LINE-----STATION-----ALT.------GRAV.---SD.--TILTX--TILTY-TEMP---TIDE---DUR-REJ-----TIME----DEC.TIME+DATE--TERRAIN---DATE
 1.0000000   5.0000000   24.7068   5060.732 0.024    2.0    0.6 -1.82 0.083  55   2 09:00:33     6906.37478    0.0000  2019/05/19
 1.0000000   5.0000000   24.7068   5060.731 0.005    2.3    1.9 -1.83 0.083  55   0 09:01:38     6906.37553    0.0000  2019/05/19
 1.0000000   5.0000000   24.4627   5060.731 0.006    3.2    2.0 -1.84 0.083  55   0 09:02:38     6906.37623    0.0000  2019/05/19
 1.0000000   5.0000000   24.2186   5060.729 0.006    3.8    1.5 -1.86 0.083  55   0 09:03:38     6906.37692    0.0000  2019/05/19
 1.0000000   5.0000000   23.9744   5060.727 0.006    4.2    1.4 -1.89 0.083  55   0 09:04:38     6906.37761    0.0000  2019/05/19
 1.0000000   5.0000000   23.7303   5060.727 0.005    4.5    1.4 -1.92 0.083  55   0 09:05:38     6906.37831    0.0000  2019/05/19
 1.0000000   5.0000000   23.7303   5060.727 0.006    4.6    1.1 -1.95 0.083  55   0 09:06:38     6906.37900    0.0000  2019/05/19
 1.0000000   5.0000000   23.4861   5060.725 0.006    4.6    1.0 -1.98 0.083  55   0 09:07:38     6906.37969    0.0000  2019/05/19
 1.0000000   5.0000000   23.2420   5060.724 0.007    4.5    0.7 -2.01 0.083  55   0 09:08:38     6906.38039    0.0000  2019/05/19
 1.0000000   5.0000000   22.9979   5060.724 0.005    4.5    0.7 -2.04 0.083  55   0 09:09:38     6906.38108    0.0000  2019/05/19
 1.0000000   5.0000000   22.7537   5060.723 0.004    4.5    0.4 -2.07 0.083  55   0 09:10:38     6906.38177    0.0000  2019/05/19
 1.0000000   5.0000000   22.7537   5060.722 0.007    4.7    0.3 -2.10 0.083  55   0 09:11:38     6906.38247    0.0000  2019/05/19
 1.0000000   5.0000000   22.5096   5060.723 0.006    4.6    0.4 -2.13 0.082  55   0 09:12:38     6906.38316    0.0000  2019/05/19
 1.0000000   5.0000000   22.5096   5060.722 0.006    4.8    0.4 -2.15 0.082  55   0 09:13:38     6906.38385    0.0000  2019/05/19
 1.0000000   5.0000000   22.5096   5060.721 0.006    4.7    0.3 -2.17 0.082  55   0 09:14:38     6906.38455    0.0000  2019/05/19
 1.0000000   5.0000000   22.2654   5060.720 0.005    4.4    0.4 -2.19 0.082  55   0 09:15:38     6906.38524    0.0000  2019/05/19
 1.0000000   5.0000000   22.2654   5060.721 0.006    4.3    0.3 -2.21 0.082  55   0 09:16:38     6906.38593    0.0000  2019/05/19
 1.0000000   5.0000000   22.2654   5060.719 0.006    4.3    0.2 -2.23 0.082  55   0 09:17:38     6906.38663    0.0000  2019/05/19
 1.0000000   5.0000000   22.0213   5060.720 0.005    3.9    0.4 -2.24 0.082  55   0 09:18:38     6906.38732    0.0000  2019/05/19
 1.0000000   5.0000000   22.0213   5060.720 0.005    3.8    0.1 -2.25 0.082  55   0 09:19:38     6906.38801    0.0000  2019/05/19
 1.0000000   5.0000000   21.7772   5060.719 0.007    3.7    0.0 -2.26 0.082  55   0 09:20:38     6906.38871    0.0000  2019/05/19
 1.0000000   5.0000000   21.7772   5060.719 0.006    3.4    0.0 -2.27 0.082  55   0 09:21:38     6906.38940    0.0000  2019/05/19
 1.0000000   5.0000000   21.7772   5060.719 0.006    3.2    0.0 -2.28 0.082  55   0 09:22:38     6906.39009    0.0000  2019/05/19
 1.0000000   5.0000000   21.7772   5060.718 0.005    3.0    0.0 -2.29 0.082  55   0 09:23:38     6906.39079    0.0000  2019/05/19
 1.0000000   5.0000000   21.7772   5060.717 0.004    2.9   -0.2 -2.30 0.082  55   0 09:24:38     6906.39148    0.0000  2019/05/19
 1.0000000   5.0000000   21.5330   5060.719 0.005    2.9   -0.7 -2.30 0.082  55   0 09:25:38     6906.39217    0.0000  2019/05/19
 1.0000000   5.0000000   21.5330   5060.719 0.007    2.8   -0.9 -2.31 0.082  55   0 09:26:38     6906.39287    0.0000  2019/05/19
 1.0000000   5.0000000   21.2889   5060.718 0.005    2.5   -0.5 -2.31 0.081  55   0 09:27:38     6906.39356    0.0000  2019/05/19
 1.0000000   5.0000000   21.2889   5060.717 0.006    2.4   -0.9 -2.32 0.081  55   0 09:28:38     6906.39425    0.0000  2019/05/19
 1.0000000   5.0000000   21.2889   5060.716 0.006    2.4   -1.0 -2.32 0.081  55   0 09:29:38     6906.39495    0.0000  2019/05/19
 1.0000000   5.0000000   21.0447   5060.718 0.005    2.6   -1.6 -2.32 0.081  55   0 09:30:38     6906.39564    0.0000  2019/05/19
 1.0000000   5.0000000   21.0447   5060.717 0.006    2.2   -1.4 -2.33 0.081  55   0 09:31:38     6906.39633    0.0000  2019/05/19
 1.0000000   5.0000000   21.0447   5060.718 0.005    2.2   -1.7 -2.33 0.081  55   0 09:32:38     6906.39703    0.0000  2019/05/19
 1.0000000   5.0000000   21.0447   5060.716 0.006    2.0   -1.8 -2.33 0.081  55   0 09:33:38     6906.39772    0.0000  2019/05/19
 1.0000000   5.0000000   21.0447   5060.718 0.005    1.7   -2.0 -2.33 0.081  55   0 09:34:38     6906.39841    0.0000  2019/05/19
 1.0000000   5.0000000   21.0447   5060.715 0.005    1.5   -2.2 -2.34 0.081  55   0 09:35:38     6906.39911    0.0000  2019/05/19
 1.0000000   5.0000000   20.8006   5060.716 0.005    1.6   -2.4 -2.34 0.080  55   0 09:36:38     6906.39980    0.0000  2019/05/19
 1.0000000   5.0000000   20.8006   5060.715 0.005    1.5   -2.7 -2.34 0.080  55   0 09:37:38     6906.40049    0.0000  2019/05/19
 1.0000000   5.0000000   20.5565   5060.716 0.005    1.4   -2.9 -2.34 0.080  55   0 09:38:38     6906.40119    0.0000  2019/05/19
 1.0000000   5.0000000   20.5565   5060.717 0.005    1.4   -3.1 -2.34 0.080  55   0 09:39:39     6906.40189    0.0000  2019/05/19
/	CG-5 SURVEY
/	Survey name:   	06 19 05 2019
/	Instrument S/N:	40823
/	Client:        	TNG.KGF
/	Operator:      	Zaynutdinov
/	Date:          	2019/ 5/19
/	Time:          	09:41:36
/	LONG:        	48.7000000 E
/	LAT:         	55.6000000 N
/	ZONE:        	9       
/	GMT DIFF.:   	0.0 
/------LINE-----STATION-----ALT.------GRAV.---SD.--TILTX--TILTY-TEMP---TIDE---DUR-REJ-----TIME----DEC.TIME+DATE--TERRAIN---DATE
 1.0000000   4.0000000   21.7772   5103.530 0.014   -2.5    2.0 -1.93 0.075  55  19 10:04:14     6906.41894    0.0000  2019/05/19
 1.0000000   4.0000000   21.7772   5103.530 0.006   -2.5    2.0 -1.93 0.075  55   0 10:05:19     6906.41969    0.0000  2019/05/19
 1.0000000   4.0000000   21.5330   5103.528 0.006   -2.0    1.8 -1.94 0.074  55   0 10:06:19     6906.42038    0.0000  2019/05/19
 1.0000000   4.0000000   21.2889   5103.528 0.008   -1.5    1.3 -1.96 0.074  55   0 10:07:19     6906.42107    0.0000  2019/05/19
 1.0000000   4.0000000   21.2889   5103.526 0.006   -0.7    1.1 -1.98 0.074  55   0 10:08:19     6906.42177    0.0000  2019/05/19
 1.0000000   4.0000000   21.2889   5103.524 0.008   -0.4    1.0 -2.01 0.073  55   0 10:09:19     6906.42246    0.0000  2019/05/19
 1.0000000   4.0000000   21.0447   5103.525 0.007    0.1    0.9 -2.03 0.073  55   0 10:10:19     6906.42315    0.0000  2019/05/19
 1.0000000   4.0000000   20.8006   5103.524 0.005    0.1    0.8 -2.06 0.073  55   0 10:11:19     6906.42385    0.0000  2019/05/19
 1.0000000   4.0000000   20.8006   5103.523 0.006    0.0    0.4 -2.08 0.073  55   0 10:12:19     6906.42454    0.0000  2019/05/19
 1.0000000   4.0000000   20.5565   5103.523 0.007    0.0    0.2 -2.11 0.072  55   0 10:13:19     6906.42523    0.0000  2019/05/19
 1.0000000   4.0000000   20.5565   5103.521 0.006    0.3    0.2 -2.13 0.072  55   0 10:14:19     6906.42593    0.0000  2019/05/19
 1.0000000   4.0000000   20.5565   5103.521 0.006    0.5    0.2 -2.15 0.072  55   0 10:15:19     6906.42662    0.0000  2019/05/19
 1.0000000   4.0000000   20.3123   5103.521 0.007    0.7    0.2 -2.17 0.072  55   0 10:16:19     6906.42731    0.0000  2019/05/19
 1.0000000   4.0000000   20.3123   5103.521 0.007    0.8    0.1 -2.19 0.071  55   0 10:17:19     6906.42801    0.0000  2019/05/19
 1.0000000   4.0000000   20.3123   5103.521 0.006    0.7    0.1 -2.21 0.071  55   0 10:18:19     6906.42870    0.0000  2019/05/19
 1.0000000   4.0000000   20.0682   5103.521 0.006    0.8    0.0 -2.22 0.071  55   0 10:19:19     6906.42939    0.0000  2019/05/19
 1.0000000   4.0000000   20.0682   5103.520 0.007    1.2    0.0 -2.23 0.070  55   0 10:20:19     6906.43009    0.0000  2019/05/19
 1.0000000   4.0000000   19.8240   5103.520 0.006    1.3    0.0 -2.24 0.070  55   0 10:21:19     6906.43078    0.0000  2019/05/19
 1.0000000   4.0000000   19.8240   5103.519 0.006    1.3    0.0 -2.25 0.070  55   0 10:22:19     6906.43147    0.0000  2019/05/19
 1.0000000   4.0000000   20.0682   5103.519 0.008    1.0   -0.1 -2.26 0.069  55   0 10:23:19     6906.43217    0.0000  2019/05/19
 1.0000000   4.0000000   19.8240   5103.519 0.006    0.8   -0.2 -2.27 0.069  55   0 10:24:19     6906.43286    0.0000  2019/05/19
 1.0000000   4.0000000   19.8240   5103.520 0.005    0.6   -0.2 -2.28 0.069  55   0 10:25:19     6906.43355    0.0000  2019/05/19
 1.0000000   4.0000000   19.8240   5103.518 0.007    0.4   -0.3 -2.28 0.069  55   0 10:26:19     6906.43425    0.0000  2019/05/19
 1.0000000   4.0000000   19.5799   5103.519 0.005    0.1   -0.5 -2.29 0.068  55   0 10:27:19     6906.43494    0.0000  2019/05/19
 1.0000000   4.0000000   19.5799   5103.519 0.006    0.3   -0.6 -2.29 0.068  55   0 10:28:19     6906.43563    0.0000  2019/05/19
 1.0000000   4.0000000   19.5799   5103.519 0.005    0.4   -0.7 -2.29 0.068  55   0 10:29:19     6906.43633    0.0000  2019/05/19
 1.0000000   4.0000000   19.5799   5103.518 0.005    0.5   -0.8 -2.30 0.067  55   0 10:30:19     6906.43702    0.0000  2019/05/19
 1.0000000   4.0000000   19.5799   5103.519 0.006    0.3   -1.0 -2.30 0.067  55   0 10:31:19     6906.43771    0.0000  2019/05/19
 1.0000000   4.0000000   19.3358   5103.519 0.007    0.2   -1.2 -2.30 0.067  55   0 10:32:19     6906.43841    0.0000  2019/05/19
 1.0000000   4.0000000   19.3358   5103.519 0.006    0.1   -1.4 -2.31 0.066  55   0 10:33:19     6906.43910    0.0000  2019/05/19
 1.0000000   4.0000000   19.3358   5103.518 0.004    0.1   -1.5 -2.31 0.066  55   0 10:34:19     6906.43979    0.0000  2019/05/19
 1.0000000   4.0000000   19.3358   5103.519 0.004    0.1   -1.7 -2.31 0.065  55   0 10:35:19     6906.44049    0.0000  2019/05/19
 1.0000000   4.0000000   19.3358   5103.517 0.005    0.2   -2.1 -2.31 0.065  55   0 10:36:19     6906.44118    0.0000  2019/05/19
 1.0000000   4.0000000   19.3358   5103.518 0.006    0.4   -2.2 -2.31 0.065  55   0 10:37:19     6906.44187    0.0000  2019/05/19
 1.0000000   4.0000000   19.3358   5103.518 0.006    0.5   -2.3 -2.31 0.064  55   0 10:38:19     6906.44257    0.0000  2019/05/19
 1.0000000   4.0000000   19.3358   5103.518 0.005    0.4   -2.5 -2.31 0.064  55   0 10:39:19     6906.44326    0.0000  2019/05/19
 1.0000000   4.0000000   19.3358   5103.518 0.004    0.2   -2.5 -2.32 0.064  55   0 10:40:19     6906.44395    0.0000  2019/05/19
 1.0000000   4.0000000   19.0916   5103.518 0.005    0.1   -2.7 -2.32 0.063  55   0 10:41:19     6906.44465    0.0000  2019/05/19
 1.0000000   4.0000000   19.3358   5103.518 0.006   -0.1   -3.1 -2.32 0.063  55   0 10:42:19     6906.44534    0.0000  2019/05/19
 1.0000000   4.0000000   19.0916   5103.517 0.006   -0.2   -3.3 -2.32 0.063  55   0 10:43:20     6906.44604    0.0000  2019/05/19
/	CG-5 SURVEY
/	Survey name:   	07 19 05 2019
/	Instrument S/N:	40823
/	Client:        	TNG.KGF
/	Operator:      	Zaynutdinov
/	Date:          	2019/ 5/19
/	Time:          	10:44:57
/	LONG:        	48.8000000 E
/	LAT:         	55.8000000 N
/	ZONE:        	9       
/	GMT DIFF.:   	0.0 
/------LINE-----STATION-----ALT.------GRAV.---SD.--TILTX--TILTY-TEMP---TIDE---DUR-REJ-----TIME----DEC.TIME+DATE--TERRAIN---DATE
 1.0000000   1.0000000   24.2186   5121.057 0.017    1.1    1.7 -1.93 0.033  55   3 11:46:25     6906.48978    0.0000  2019/05/19
 1.0000000   1.0000000   24.2186   5121.058 0.017    1.9    1.5 -1.94 0.032  55   0 11:47:30     6906.49053    0.0000  2019/05/19
 1.0000000   1.0000000   23.9744   5121.057 0.025    2.8    0.9 -1.96 0.032  55   0 11:48:30     6906.49123    0.0000  2019/05/19
 1.0000000   1.0000000   24.2186   5121.056 0.046    3.6    0.0 -1.98 0.031  55   0 11:49:30     6906.49192    0.0000  2019/05/19
 1.0000000   1.0000000   23.9744   5121.054 0.062    4.2   -0.3 -2.01 0.031  55   0 11:50:30     6906.49261    0.0000  2019/05/19
 1.0000000   1.0000000   23.9744   5121.053 0.064    4.6   -1.0 -2.03 0.030  55   0 11:51:30     6906.49331    0.0000  2019/05/19
 1.0000000   1.0000000   23.7303   5121.052 0.039    4.8   -1.5 -2.06 0.029  55   0 11:52:30     6906.49400    0.0000  2019/05/19
 1.0000000   1.0000000   23.7303   5121.052 0.044    5.3   -1.9 -2.09 0.029  55   0 11:53:30     6906.49469    0.0000  2019/05/19
 1.0000000   1.0000000   23.7303   5121.051 0.024    5.6   -2.3 -2.11 0.028  55   0 11:54:30     6906.49539    0.0000  2019/05/19
 1.0000000   1.0000000   23.4861   5121.051 0.019    5.7   -2.7 -2.14 0.028  55   0 11:55:30     6906.49608    0.0000  2019/05/19
 1.0000000   1.0000000   23.2420   5121.052 0.023    5.9   -3.0 -2.16 0.027  55   0 11:56:30     6906.49677    0.0000  2019/05/19
 1.0000000   1.0000000   23.4861   5121.050 0.023    6.0   -3.3 -2.18 0.027  55   0 11:57:30     6906.49747    0.0000  2019/05/19
 1.0000000   1.0000000   23.2420   5121.050 0.019    6.1   -3.6 -2.20 0.026  55   0 11:58:30     6906.49816    0.0000  2019/05/19
 1.0000000   1.0000000   22.9979   5121.050 0.022    6.1   -3.9 -2.22 0.026  55   0 11:59:30     6906.49885    0.0000  2019/05/19
 1.0000000   1.0000000   22.9979   5121.049 0.025    6.2   -4.2 -2.23 0.025  55   0 12:00:30     6906.49955    0.0000  2019/05/19
 1.0000000   1.0000000   22.9979   5121.049 0.022    6.1   -4.4 -2.25 0.025  55   0 12:01:30     6906.50024    0.0000  2019/05/19
 1.0000000   1.0000000   22.7537   5121.049 0.018    6.2   -4.7 -2.26 0.024  55   0 12:02:30     6906.50093    0.0000  2019/05/19
 1.0000000   1.0000000   22.7537   5121.049 0.021    6.1   -4.9 -2.27 0.023  55   0 12:03:30     6906.50163    0.0000  2019/05/19
 1.0000000   1.0000000   22.7537   5121.049 0.020    6.1   -5.0 -2.28 0.023  55   0 12:04:30     6906.50232    0.0000  2019/05/19
 1.0000000   1.0000000   22.7537   5121.048 0.022    6.1   -5.3 -2.29 0.022  55   0 12:05:30     6906.50301    0.0000  2019/05/19
 1.0000000   1.0000000   22.7537   5121.048 0.018    6.0   -5.6 -2.30 0.022  55   0 12:06:30     6906.50371    0.0000  2019/05/19
 1.0000000   1.0000000   22.5096   5121.048 0.020    6.1   -5.7 -2.31 0.021  55   0 12:07:30     6906.50440    0.0000  2019/05/19
 1.0000000   1.0000000   22.5096   5121.048 0.015    6.0   -5.7 -2.31 0.021  55   0 12:08:30     6906.50509    0.0000  2019/05/19
 1.0000000   1.0000000   22.5096   5121.047 0.017    6.0   -5.7 -2.32 0.020  55   0 12:09:30     6906.50579    0.0000  2019/05/19
 1.0000000   1.0000000   22.2654   5121.047 0.020    5.9   -5.9 -2.33 0.020  55   0 12:10:30     6906.50648    0.0000  2019/05/19
 1.0000000   1.0000000   22.2654   5121.047 0.017    5.9   -6.1 -2.33 0.019  55   0 12:11:30     6906.50717    0.0000  2019/05/19
 1.0000000   1.0000000   22.2654   5121.046 0.011    5.8   -6.3 -2.34 0.018  55   0 12:12:30     6906.50787    0.0000  2019/05/19
 1.0000000   1.0000000   22.2654   5121.046 0.011    5.8   -6.5 -2.34 0.018  55   0 12:13:30     6906.50856    0.0000  2019/05/19
 1.0000000   1.0000000   22.2654   5121.045 0.013    5.8   -6.7 -2.35 0.017  55   0 12:14:30     6906.50925    0.0000  2019/05/19
 1.0000000   1.0000000   22.2654   5121.046 0.011    5.7   -6.9 -2.35 0.017  55   0 12:15:30     6906.50995    0.0000  2019/05/19
 1.0000000   1.0000000   22.0213   5121.046 0.015    5.7   -7.0 -2.35 0.016  55   0 12:16:30     6906.51064    0.0000  2019/05/19
 1.0000000   1.0000000   22.0213   5121.047 0.018    5.6   -7.2 -2.35 0.016  55   0 12:17:30     6906.51133    0.0000  2019/05/19
 1.0000000   1.0000000   22.0213   5121.047 0.025    5.6   -7.5 -2.35 0.015  55   0 12:18:30     6906.51203    0.0000  2019/05/19
 1.0000000   1.0000000   21.7772   5121.046 0.017    5.6   -7.7 -2.36 0.015  55   0 12:19:30     6906.51272    0.0000  2019/05/19
 1.0000000   1.0000000   22.0213   5121.048 0.020    5.6   -7.9 -2.36 0.014  55   0 12:20:30     6906.51341    0.0000  2019/05/19
 1.0000000   1.0000000   21.7772   5121.046 0.018    5.5   -8.2 -2.36 0.013  55   0 12:21:30     6906.51411    0.0000  2019/05/19
 1.0000000   1.0000000   21.7772   5121.045 0.028    5.4   -8.5 -2.36 0.013  55   0 12:22:30     6906.51480    0.0000  2019/05/19
 1.0000000   1.0000000   21.7772   5121.047 0.032    5.4   -8.8 -2.36 0.012  55   0 12:23:30     6906.51549    0.0000  2019/05/19
 1.0000000   1.0000000   21.5330   5121.047 0.036    5.3   -9.0 -2.36 0.012  55   0 12:24:30     6906.51619    0.0000  2019/05/19
 1.0000000   1.0000000   21.7772   5121.046 0.035    5.3   -9.3 -2.36 0.011  55   0 12:25:31     6906.51689    0.0000  2019/05/19