
/	CG-5 SURVEY
/	Survey name:   	00 18 05 2019
/	Instrument S/N:	40823
/	Client:        	TNG.KGF
/	Operator:      	Zaynutdinov
/	Date:          	2019/ 5/18
/	Time:          	02:28:38
/	LONG:        	48.8000000 E
/	LAT:         	55.8000000 N
/	ZONE:        	9       
/	GMT DIFF.:   	0.0 

/	CG-5 SETUP PARAMETERS
/	Gref:			0.000   
/	Gcal1:		8505.171
/	TiltxS:		632.426 
/	TiltyS:		618.297 
/	TiltxO:		9.760   
/	TiltyO:		-45.980 
/	Tempco:		-0.134  
/	Drift:		-0.027  
/	DriftTime Start:	03:16:10
/	DriftDate Start:	2019/05/18

/	CG-5 OPTIONS
/	Tide Correction:    YES
/	Cont. Tilt:         YES
/	Auto Rejection:     YES
/	Terrain Corr.:       NO
/	Seismic Filter:     YES
/	Raw Data:           YES
Line	   1.000N
/------LINE-----STATION-----ALT.------GRAV.---SD.--TILTX--TILTY-TEMP---TIDE---DUR-REJ-----TIME----DEC.TIME+DATE--TERRAIN---DATE
 1.0000000   1.0000000   27.8807   5121.055 0.025    1.5    6.5 -1.93 -0.059  55   3 03:17:50     6905.13716    0.0000  2019/05/18
 1.0000000   1.0000000   27.6365   5121.055 0.019    2.9    6.6 -1.93 -0.059  55   0 03:18:55     6905.13792    0.0000  2019/05/18
 1.0000000   1.0000000   27.3924   5121.054 0.034    3.9    6.6 -1.95 -0.058  55   0 03:19:55     6905.13861    0.0000  2019/05/18
 1.0000000   1.0000000   27.3924   5121.053 0.039    4.4    6.3 -1.96 -0.058  55   0 03:20:55     6905.13930    0.0000  2019/05/18
 1.0000000   1.0000000   27.1482   5121.051 0.058    5.5    6.2 -1.98 -0.057  55   0 03:21:55     6905.14000    0.0000  2019/05/18
 1.0000000   1.0000000   27.1482   5121.050 0.054    5.7    6.0 -2.01 -0.057  55   0 03:22:55     6905.14069    0.0000  2019/05/18
 1.0000000   1.0000000   26.6600   5121.050 0.046    5.9    6.0 -2.03 -0.056  55   0 03:23:55     6905.14138    0.0000  2019/05/18
 1.0000000   1.0000000   26.6600   5121.048 0.032    6.1    5.8 -2.06 -0.056  55   0 03:24:55     6905.14208    0.0000  2019/05/18
 1.0000000   1.0000000   26.4158   5121.049 0.035    6.3    5.7 -2.09 -0.055  55   0 03:25:55     6905.14277    0.0000  2019/05/18
 1.0000000   1.0000000   26.6600   5121.049 0.033    6.3    5.6 -2.12 -0.055  55   0 03:26:55     6905.14346    0.0000  2019/05/18
 1.0000000   1.0000000   26.1717   5121.047 0.024    6.4    5.5 -2.14 -0.054  55   0 03:27:55     6905.14416    0.0000  2019/05/18
 1.0000000   1.0000000   25.9275   5121.047 0.016    6.3    5.5 -2.16 -0.054  55   0 03:28:55     6905.14485    0.0000  2019/05/18
 1.0000000   1.0000000   25.9275   5121.047 0.017    6.3    5.3 -2.19 -0.053  55   0 03:29:55     6905.14554    0.0000  2019/05/18
 1.0000000   1.0000000   25.6834   5121.046 0.019    6.1    5.1 -2.21 -0.053  55   6 03:30:55     6905.14624    0.0000  2019/05/18
 1.0000000   1.0000000   25.6834   5121.044 0.036   -1.4   -1.4 -2.22 -0.052  55  30 03:31:55     6905.14693    0.0000  2019/05/18
/	CG-5 SURVEY
/	Survey name:   	01 18 05 2019
/	Instrument S/N:	40823
/	Client:        	TNG.KGF
/	Operator:      	Zaynutdinov
/	Date:          	2019/ 5/18
/	Time:          	03:33:19
/	LONG:        	48.8000000 E
/	LAT:         	55.8000000 N
/	ZONE:        	9       
/	GMT DIFF.:   	0.0 
/------LINE-----STATION-----ALT.------GRAV.---SD.--TILTX--TILTY-TEMP---TIDE---DUR-REJ-----TIME----DEC.TIME+DATE--TERRAIN---DATE
 1.0000000   1.0000000   25.1951   5121.044 0.018   -3.4    4.3 -2.25 -0.051  55   9 03:33:36     6905.14810    0.0000  2019/05/18
 1.0000000   1.0000000   25.1951   5121.045 0.013   -3.5    4.2 -2.26 -0.051  55   0 03:34:41     6905.14885    0.0000  2019/05/18
 1.0000000   1.0000000   25.1951   5121.045 0.013   -3.4    4.1 -2.27 -0.050  55   0 03:35:41     6905.14954    0.0000  2019/05/18
 1.0000000   1.0000000   24.9510   5121.046 0.011   -3.6    4.1 -2.28 -0.050  55   0 03:36:41     6905.15023    0.0000  2019/05/18
 1.0000000   1.0000000   24.9510   5121.045 0.011   -3.7    4.1 -2.29 -0.049  55   0 03:37:41     6905.15093    0.0000  2019/05/18
 1.0000000   1.0000000   24.7068   5121.046 0.014   -3.9    4.2 -2.30 -0.049  55   0 03:38:41     6905.15162    0.0000  2019/05/18
 1.0000000   1.0000000   24.4627   5121.046 0.012   -3.9    4.3 -2.31 -0.048  55   0 03:39:41     6905.15231    0.0000  2019/05/18
 1.0000000   1.0000000   24.4627   5121.044 0.010   -4.1    4.2 -2.31 -0.048  55   0 03:40:41     6905.15301    0.0000  2019/05/18
 1.0000000   1.0000000   24.4627   5121.044 0.011   -4.2    4.2 -2.32 -0.047  55   0 03:41:41     6905.15370    0.0000  2019/05/18
 1.0000000   1.0000000   24.2186   5121.045 0.010   -4.4    4.1 -2.32 -0.047  55   0 03:42:41     6905.15439    0.0000  2019/05/18
 1.0000000   1.0000000   24.2186   5121.045 0.012   -4.6    4.0 -2.33 -0.046  55   0 03:43:41     6905.15509    0.0000  2019/05/18
 1.0000000   1.0000000   23.9744   5121.044 0.009   -4.7    3.9 -2.33 -0.046  55   0 03:44:41     6905.15578    0.0000  2019/05/18
 1.0000000   1.0000000   23.9744   5121.045 0.010   -4.9    3.7 -2.34 -0.045  55   0 03:45:41     6905.15647    0.0000  2019/05/18
 1.0000000   1.0000000   23.9744   5121.044 0.011   -5.1    3.6 -2.34 -0.045  55   0 03:46:41     6905.15717    0.0000  2019/05/18
 1.0000000   1.0000000   24.2186   5121.045 0.012   -5.1    3.4 -2.34 -0.044  55   0 03:47:41     6905.15786    0.0000  2019/05/18
 1.0000000   1.0000000   23.7303   5121.045 0.011   -5.3    3.3 -2.34 -0.044  55   0 03:48:41     6905.15855    0.0000  2019/05/18
 1.0000000   1.0000000   23.7303   5121.045 0.010   -5.5    3.0 -2.35 -0.043  55   0 03:49:41     6905.15925    0.0000  2019/05/18
 1.0000000   1.0000000   23.4861   5121.044 0.012   -5.6    2.9 -2.35 -0.043  55   0 03:50:41     6905.15994    0.0000  2019/05/18
 1.0000000   1.0000000   23.4861   5121.045 0.013   -5.8    2.2 -2.35 -0.042  55   0 03:51:41     6905.16063    0.0000  2019/05/18
 1.0000000   1.0000000   23.4861   5121.045 0.013   -5.9    2.0 -2.35 -0.042  55   0 03:52:41     6905.16133    0.0000  2019/05/18
 1.0000000   1.0000000   23.2420   5121.045 0.010   -6.1    1.8 -2.35 -0.041  55   0 03:53:41     6905.16202    0.0000  2019/05/18
 1.0000000   1.0000000   23.2420   5121.045 0.011   -6.2    1.5 -2.35 -0.041  55   0 03:54:41     6905.16271    0.0000  2019/05/18
 1.0000000   1.0000000   22.9979   5121.046 0.012   -6.2    1.3 -2.35 -0.040  55   0 03:55:41     6905.16341    0.0000  2019/05/18
 1.0000000   1.0000000   22.9979   5121.044 0.011   -6.4    1.1 -2.35 -0.040  55   0 03:56:41     6905.16410    0.0000  2019/05/18
 1.0000000   1.0000000   23.2420   5121.046 0.010   -6.5    0.9 -2.35 -0.039  55   0 03:57:41     6905.16479    0.0000  2019/05/18
 1.0000000   1.0000000   22.9979   5121.045 0.014   -6.6    0.6 -2.35 -0.038  55   0 03:58:41     6905.16549    0.0000  2019/05/18
 1.0000000   1.0000000   22.7537   5121.044 0.013   -6.7    0.4 -2.35 -0.038  55   0 03:59:41     6905.16618    0.0000  2019/05/18
 1.0000000   1.0000000   22.9979   5121.044 0.015   -6.8    0.3 -2.35 -0.037  55   0 04:00:41     6905.16687    0.0000  2019/05/18
 1.0000000   1.0000000   22.7537   5121.045 0.017   -6.9    0.1 -2.35 -0.037  55   0 04:01:41     6905.16757    0.0000  2019/05/18
 1.0000000   1.0000000   22.7537   5121.045 0.015   -7.0    0.0 -2.35 -0.036  55   0 04:02:41     6905.16826    0.0000  2019/05/18
 1.0000000   1.0000000   22.7537   5121.044 0.016   -7.1   -0.1 -2.35 -0.036  55   0 04:03:41     6905.16895    0.0000  2019/05/18
 1.0000000   1.0000000   22.7537   5121.044 0.013   -7.2   -0.3 -2.35 -0.035  55   0 04:04:41     6905.16965    0.0000  2019/05/18
 1.0000000   1.0000000   22.5096   5121.046 0.013   -7.3   -0.5 -2.35 -0.035  55   0 04:05:41     6905.17034    0.0000  2019/05/18
 1.0000000   1.0000000   22.5096   5121.044 0.011   -7.4   -0.6 -2.35 -0.034  55   0 04:06:41     6905.17103    0.0000  2019/05/18
 1.0000000   1.0000000   22.5096   5121.043 0.011   -7.5   -0.9 -2.35 -0.034  55   0 04:07:41     6905.17173    0.0000  2019/05/18
 1.0000000   1.0000000   22.5096   5121.044 0.009   -7.6   -1.0 -2.35 -0.033  55   0 04:08:41     6905.17242    0.0000  2019/05/18
 1.0000000   1.0000000   22.5096   5121.045 0.012   -7.7   -1.1 -2.35 -0.032  55   0 04:09:41     6905.17311    0.0000  2019/05/18
 1.0000000   1.0000000   22.2654   5121.045 0.014   -7.8   -1.4 -2.35 -0.032  55   0 04:10:41     6905.17381    0.0000  2019/05/18
 1.0000000   1.0000000   22.2654   5121.045 0.015   -7.8   -1.4 -2.35 -0.031  55   0 04:11:41     6905.17450    0.0000  2019/05/18
 1.0000000   1.0000000   22.2654   5121.044 0.015   -7.9   -1.6 -2.35 -0.031  55   0 04:12:42     6905.17521    0.0000  2019/05/18
/	CG-5 SURVEY
/	Survey name:   	02 18 05 2019
/	Instrument S/N:	40823
/	Client:        	TNG.KGF
/	Operator:      	Zaynutdinov
/	Date:          	2019/ 5/18
/	Time:          	05:08:23
/	LONG:        	48.7000000 E
/	LAT:         	55.6000000 N
/	ZONE:        	9       
/	GMT DIFF.:   	0.0 
/------LINE-----STATION-----ALT.------GRAV.---SD.--TILTX--TILTY-TEMP---TIDE---DUR-REJ-----TIME----DEC.TIME+DATE--TERRAIN---DATE
 1.0000000   4.0000000   25.4393   5103.532 0.012    2.1    0.1 -1.86 0.000  55  13 05:09:18     6905.21445    0.0000  2019/05/18
 1.0000000   4.0000000   25.6834   5103.534 0.005    3.4    0.3 -1.86 0.001  55   0 05:10:23     6905.21520    0.0000  2019/05/18
 1.0000000   4.0000000   25.4393   5103.532 0.007    4.2    0.1 -1.88 0.001  55   0 05:11:23     6905.21589    0.0000  2019/05/18
 1.0000000   4.0000000   25.1951   5103.531 0.005    4.8    0.0 -1.90 0.002  55   0 05:12:23     6905.21659    0.0000  2019/05/18
 1.0000000   4.0000000   25.4393   5103.530 0.005    5.2   -0.2 -1.92 0.003  55   0 05:13:23     6905.21728    0.0000  2019/05/18
 1.0000000   4.0000000   24.9510   5103.531 0.008    5.6   -0.3 -1.94 0.003  55   0 05:14:23     6905.21797    0.0000  2019/05/18
 1.0000000   4.0000000   25.1951   5103.529 0.007    6.0   -0.5 -1.97 0.004  55   0 05:15:23     6905.21867    0.0000  2019/05/18
 1.0000000   4.0000000   24.9510   5103.527 0.005    5.9   -0.6 -2.00 0.004  55   0 05:16:23     6905.21936    0.0000  2019/05/18
 1.0000000   4.0000000   24.9510   5103.528 0.005    6.2   -0.7 -2.03 0.005  55   0 05:17:23     6905.22005    0.0000  2019/05/18
 1.0000000   4.0000000   24.9510   5103.525 0.007    6.5   -0.7 -2.06 0.006  55   0 05:18:23     6905.22075    0.0000  2019/05/18
 1.0000000   4.0000000   24.9510   5103.525 0.006    6.8   -0.6 -2.09 0.006  55   0 05:19:23     6905.22144    0.0000  2019/05/18
 1.0000000   4.0000000   24.9510   5103.526 0.008    7.0   -0.6 -2.11 0.007  55   0 05:20:23     6905.22213    0.0000  2019/05/18
 1.0000000   4.0000000   24.7068   5103.524 0.005    6.8   -0.5 -2.14 0.007  55   0 05:21:23     6905.22283    0.0000  2019/05/18
 1.0000000   4.0000000   24.7068   5103.524 0.005    6.8   -0.6 -2.16 0.008  55   0 05:22:23     6905.22352    0.0000  2019/05/18
 1.0000000   4.0000000   24.7068   5103.522 0.006    6.8   -0.7 -2.18 0.008  55   0 05:23:23     6905.22421    0.0000  2019/05/18
 1.0000000   4.0000000   24.7068   5103.523 0.006    6.8   -0.6 -2.20 0.009  55   0 05:24:23     6905.22491    0.0000  2019/05/18
 1.0000000   4.0000000   24.7068   5103.522 0.005    6.7   -0.5 -2.21 0.009  55   0 05:25:23     6905.22560    0.0000  2019/05/18
 1.0000000   4.0000000   24.7068   5103.522 0.007    6.8   -0.6 -2.23 0.010  55   0 05:26:23     6905.22629    0.0000  2019/05/18
 1.0000000   4.0000000   24.7068   5103.521 0.007    6.8   -0.6 -2.24 0.011  55   0 05:27:23     6905.22699    0.0000  2019/05/18
 1.0000000   4.0000000   24.4627   5103.521 0.005    7.2   -0.5 -2.25 0.011  55   0 05:28:23     6905.22768    0.0000  2019/05/18
 1.0000000   4.0000000   24.4627   5103.521 0.004    7.3   -0.4 -2.26 0.012  55   0 05:29:23     6905.22837    0.0000  2019/05/18
 1.0000000   4.0000000   24.7068   5103.521 0.005    7.3   -0.6 -2.27 0.012  55   0 05:30:23     6905.22907    0.0000  2019/05/18
 1.0000000   4.0000000   24.7068   5103.521 0.005    7.2   -0.6 -2.28 0.013  55   0 05:31:23     6905.22976    0.0000  2019/05/18
 1.0000000   4.0000000   24.4627   5103.521 0.004    7.2   -0.8 -2.29 0.013  55   0 05:32:23     6905.23045    0.0000  2019/05/18
 1.0000000   4.0000000   24.4627   5103.520 0.005    7.2   -0.9 -2.29 0.014  55   0 05:33:23     6905.23115    0.0000  2019/05/18
 1.0000000   4.0000000   24.4627   5103.520 0.005    7.2   -0.9 -2.30 0.015  55   0 05:34:23     6905.23184    0.0000  2019/05/18
 1.0000000   4.0000000   24.4627   5103.520 0.007    6.8   -1.2 -2.30 0.015  55   0 05:35:23     6905.23253    0.0000  2019/05/18
 1.0000000   4.0000000   24.4627   5103.520 0.007    6.7   -1.4 -2.31 0.016  55   0 05:36:23     6905.23323    0.0000  2019/05/18
 1.0000000   4.0000000   24.4627   5103.521 0.006    6.5   -1.8 -2.31 0.016  55   0 05:37:23     6905.23392    0.0000  2019/05/18
 1.0000000   4.0000000   24.4627   5103.520 0.008    6.5   -2.0 -2.31 0.017  55   0 05:38:23     6905.23461    0.0000  2019/05/18
 1.0000000   4.0000000   24.2186   5103.520 0.006    6.6   -2.1 -2.32 0.017  55   0 05:39:23     6905.23531    0.0000  2019/05/18
 1.0000000   4.0000000   24.2186   5103.520 0.006    6.6   -2.2 -2.32 0.018  55   0 05:40:23     6905.23600    0.0000  2019/05/18
 1.0000000   4.0000000   24.2186   5103.520 0.005    6.9   -2.4 -2.32 0.018  55   0 05:41:23     6905.23669    0.0000  2019/05/18
 1.0000000   4.0000000   23.9744   5103.520 0.005    6.8   -2.7 -2.33 0.019  55   0 05:42:23     6905.23739    0.0000  2019/05/18
 1.0000000   4.0000000   24.4627   5103.520 0.004    6.6   -2.9 -2.33 0.019  55   0 05:43:23     6905.23808    0.0000  2019/05/18
 1.0000000   4.0000000   24.4627   5103.520 0.006    6.5   -2.9 -2.33 0.020  55   0 05:44:23     6905.23877    0.0000  2019/05/18
 1.0000000   4.0000000   24.4627   5103.521 0.005    6.4   -3.0 -2.33 0.021  55   0 05:45:23     6905.23947    0.0000  2019/05/18
 1.0000000   4.0000000   24.4627   5103.521 0.005    6.4   -3.3 -2.33 0.021  55   0 05:46:23     6905.24016    0.0000  2019/05/18
 1.0000000   4.0000000   24.2186   5103.519 0.006    6.7   -3.5 -2.34 0.022  55   0 05:47:23     6905.24085    0.0000  2019/05/18
 1.0000000   4.0000000   24.4627   5103.520 0.004    6.6   -3.7 -2.34 0.022  55   0 05:48:24     6905.24156    0.0000  2019/05/18
/	CG-5 SURVEY
/	Survey name:   	03 18 05 2019
/	Instrument S/N:	40823
/	Client:        	TNG.KGF
/	Operator:      	Zaynutdinov
/	Date:          	2019/ 5/18
/	Time:          	06:10:45
/	LONG:        	48.7000000 E
/	LAT:         	55.5000000 N
/	ZONE:        	9       
/	GMT DIFF.:   	0.0 

/	CG-5 SETUP PARAMETERS
/	Gref:			0.000   
/	Gcal1:		8505.171
/	TiltxS:		632.426 
/	TiltyS:		618.297 
/	TiltxO:		9.760   
/	TiltyO:		-45.980 
/	Tempco:		-0.134  
/	Drift:		-0.027  
/	DriftTime Start:	03:16:10
/	DriftDate Start:	2019/05/18

/	CG-5 OPTIONS
/	Tide Correction:    YES
/	Cont. Tilt:         YES
/	Auto Rejection:     YES
/	Terrain Corr.:       NO
/	Seismic Filter:     YES
/	Raw Data:           YES
/------LINE-----STATION-----ALT.------GRAV.---SD.--TILTX--TILTY-TEMP---TIDE---DUR-REJ-----TIME----DEC.TIME+DATE--TERRAIN---DATE
 1.0000000   5.0000000   26.1717   5060.735 0.015   -1.0    3.0 -1.88 0.035  55   7 06:12:45     6905.25844    0.0000  2019/05/18
 1.0000000   5.0000000   26.1717   5060.733 0.008   -0.6    3.2 -1.89 0.036  55   0 06:13:50     6905.25919    0.0000  2019/05/18
 1.0000000   5.0000000   26.1717   5060.732 0.007   -0.2    2.8 -1.90 0.036  55   0 06:14:50     6905.25988    0.0000  2019/05/18
 1.0000000   5.0000000   26.1717   5060.731 0.005   -0.1    1.9 -1.92 0.037  55   0 06:15:50     6905.26058    0.0000  2019/05/18
 1.0000000   5.0000000   26.1717   5060.730 0.007   -0.1    1.9 -1.94 0.037  55   0 06:16:50     6905.26127    0.0000  2019/05/18
 1.0000000   5.0000000   26.1717   5060.729 0.007   -0.4    1.9 -1.97 0.038  55   0 06:17:50     6905.26196    0.0000  2019/05/18
 1.0000000   5.0000000   26.1717   5060.728 0.005   -0.4    1.9 -2.00 0.038  55   0 06:18:50     6905.26266    0.0000  2019/05/18
 1.0000000   5.0000000   26.1717   5060.729 0.007   -0.9    1.7 -2.02 0.039  55   0 06:19:50     6905.26335    0.0000  2019/05/18
 1.0000000   5.0000000   26.1717   5060.727 0.006   -1.2    1.6 -2.06 0.039  55   0 06:20:50     6905.26404    0.0000  2019/05/18
 1.0000000   5.0000000   26.1717   5060.726 0.007   -1.7    1.8 -2.08 0.040  55   0 06:21:50     6905.26474    0.0000  2019/05/18
 1.0000000   5.0000000   25.6834   5060.726 0.005   -1.7    1.7 -2.11 0.040  55   0 06:22:50     6905.26543    0.0000  2019/05/18
 1.0000000   5.0000000   25.9275   5060.725 0.007   -1.7    1.8 -2.14 0.041  55   0 06:23:50     6905.26612    0.0000  2019/05/18
 1.0000000   5.0000000   25.6834   5060.725 0.007   -1.5    1.2 -2.16 0.041  55   0 06:24:50     6905.26682    0.0000  2019/05/18
 1.0000000   5.0000000   25.6834   5060.724 0.005   -1.5    1.7 -2.18 0.042  55   0 06:25:50     6905.26751    0.0000  2019/05/18
 1.0000000   5.0000000   25.6834   5060.725 0.005   -1.3    1.3 -2.20 0.042  55   0 06:26:50     6905.26820    0.0000  2019/05/18
 1.0000000   5.0000000   25.6834   5060.725 0.006   -1.3    1.4 -2.22 0.042  55   0 06:27:50     6905.26890    0.0000  2019/05/18
 1.0000000   5.0000000   25.4393   5060.725 0.005   -1.4    1.2 -2.23 0.043  55   0 06:28:50     6905.26959    0.0000  2019/05/18
 1.0000000   5.0000000   25.4393   5060.723 0.006   -1.3    1.0 -2.25 0.043  55   0 06:29:50     6905.27028    0.0000  2019/05/18
 1.0000000   5.0000000   25.4393   5060.724 0.007   -1.5    1.1 -2.26 0.044  55   0 06:30:50     6905.27098    0.0000  2019/05/18
 1.0000000   5.0000000   25.1951   5060.724 0.007   -1.6    1.2 -2.27 0.044  55   0 06:31:50     6905.27167    0.0000  2019/05/18
 1.0000000   5.0000000   25.1951   5060.723 0.005   -1.6    0.9 -2.28 0.045  55   0 06:32:50     6905.27236    0.0000  2019/05/18
 1.0000000   5.0000000   25.1951   5060.723 0.005   -1.8    1.3 -2.29 0.045  55   0 06:33:50     6905.27306    0.0000  2019/05/18
 1.0000000   5.0000000   25.1951   5060.723 0.006   -1.8    1.1 -2.30 0.046  55   0 06:34:50     6905.27375    0.0000  2019/05/18
 1.0000000   5.0000000   24.9510   5060.722 0.006   -1.7    0.9 -2.31 0.046  55   0 06:35:50     6905.27444    0.0000  2019/05/18
 1.0000000   5.0000000   24.7068   5060.722 0.006   -1.8    1.0 -2.31 0.046  55   0 06:36:50     6905.27514    0.0000  2019/05/18
 1.0000000   5.0000000   24.9510   5060.722 0.007   -2.0    1.1 -2.32 0.047  55   0 06:37:50     6905.27583    0.0000  2019/05/18
 1.0000000   5.0000000   24.7068   5060.722 0.007   -2.2    1.0 -2.33 0.047  55   0 06:38:50     6905.27652    0.0000  2019/05/18
 1.0000000   5.0000000   24.7068   5060.723 0.007   -2.3    0.7 -2.33 0.048  55   0 06:39:50     6905.27722    0.0000  2019/05/18
 1.0000000   5.0000000   24.7068   5060.723 0.006   -2.3    0.6 -2.33 0.048  55   0 06:40:50     6905.27791    0.0000  2019/05/18
 1.0000000   5.0000000   24.4627   5060.722 0.006   -2.4    0.6 -2.34 0.048  55   0 06:41:50     6905.27860    0.0000  2019/05/18
 1.0000000   5.0000000   24.4627   5060.722 0.007   -2.3    0.4 -2.34 0.049  55   0 06:42:50     6905.27930    0.0000  2019/05/18
 1.0000000   5.0000000   24.4627   5060.723 0.005   -2.1    0.0 -2.34 0.049  55   0 06:43:50     6905.27999    0.0000  2019/05/18
 1.0000000   5.0000000   24.2186   5060.723 0.005   -1.8   -0.1 -2.35 0.050  55   0 06:44:50     6905.28068    0.0000  2019/05/18
 1.0000000   5.0000000   24.2186   5060.723 0.007   -1.8   -0.1 -2.35 0.050  55   0 06:45:50     6905.28138    0.0000  2019/05/18
 1.0000000   5.0000000   24.2186   5060.721 0.006   -1.9    0.0 -2.35 0.050  55   0 06:46:50     6905.28207    0.0000  2019/05/18
 1.0000000   5.0000000   24.2186   5060.722 0.005   -1.8   -0.2 -2.35 0.051  55   0 06:47:50     6905.28276    0.0000  2019/05/18
 1.0000000   5.0000000   23.9744   5060.723 0.005   -1.7   -0.4 -2.35 0.051  55   0 06:48:50     6905.28346    0.0000  2019/05/18
 1.0000000   5.0000000   23.9744   5060.722 0.005   -1.6   -0.6 -2.35 0.052  55   0 06:49:50     6905.28415    0.0000  2019/05/18
 1.0000000   5.0000000   23.9744   5060.724 0.007   -1.5   -0.7 -2.35 0.052  55   1 06:50:50     6905.28484    0.0000  2019/05/18
 1.0000000   5.0000000   23.9744   5060.722 0.010   -1.6   -0.9 -2.35 0.052  55   0 06:51:51     6905.28555    0.0000  2019/05/18
/	CG-5 SURVEY
/	Survey name:   	04 18 05 2019
/	Instrument S/N:	40823
/	Client:        	TNG.KGF
/	Operator:      	Zaynutdinov
/	Date:          	2019/ 5/18
/	Time:          	07:37:36
/	LONG:        	48.5000000 E
/	LAT:         	55.1000000 N
/	ZONE:        	9       
/	GMT DIFF.:   	0.0 
/------LINE-----STATION-----ALT.------GRAV.---SD.--TILTX--TILTY-TEMP---TIDE---DUR-REJ-----TIME----DEC.TIME+DATE--TERRAIN---DATE
 1.0000000   6.0000000   26.1717   5027.853 0.044    2.6   -0.1 -1.85 0.068  55   0 07:39:27     6905.31855    0.0000  2019/05/18
 1.0000000   6.0000000   25.9275   5027.851 0.025    3.7   -0.6 -1.86 0.069  55   2 07:40:32     6905.31930    0.0000  2019/05/18
 1.0000000   6.0000000   25.9275   5027.852 0.007    5.0   -0.7 -1.87 0.069  55   0 07:41:32     6905.32000    0.0000  2019/05/18
 1.0000000   6.0000000   25.9275   5027.849 0.007    5.7   -0.7 -1.89 0.069  55   0 07:42:32     6905.32069    0.0000  2019/05/18
 1.0000000   6.0000000   25.6834   5027.849 0.008    6.5   -0.9 -1.92 0.069  55   0 07:43:32     6905.32138    0.0000  2019/05/18
 1.0000000   6.0000000   25.4393   5027.848 0.012    6.8   -1.0 -1.94 0.069  55   0 07:44:32     6905.32208    0.0000  2019/05/18
 1.0000000   6.0000000   25.6834   5027.847 0.010    6.8   -1.2 -1.97 0.070  55   0 07:45:32     6905.32277    0.0000  2019/05/18
 1.0000000   6.0000000   25.1951   5027.846 0.009    6.7   -1.2 -2.00 0.070  55   0 07:46:32     6905.32346    0.0000  2019/05/18
 1.0000000   6.0000000   25.1951   5027.845 0.007    6.8   -1.2 -2.03 0.070  55   0 07:47:32     6905.32416    0.0000  2019/05/18
 1.0000000   6.0000000   25.1951   5027.845 0.011    7.0   -1.3 -2.06 0.070  55   0 07:48:32     6905.32485    0.0000  2019/05/18
 1.0000000   6.0000000   25.1951   5027.844 0.010    6.9   -1.3 -2.09 0.070  55   0 07:49:32     6905.32554    0.0000  2019/05/18
 1.0000000   6.0000000   24.9510   5027.843 0.008    6.7   -1.4 -2.12 0.070  55   0 07:50:32     6905.32624    0.0000  2019/05/18
 1.0000000   6.0000000   24.9510   5027.843 0.009    6.6   -1.5 -2.14 0.071  55   0 07:51:32     6905.32693    0.0000  2019/05/18
 1.0000000   6.0000000   24.9510   5027.843 0.008    6.5   -1.5 -2.17 0.071  55   0 07:52:32     6905.32762    0.0000  2019/05/18
 1.0000000   6.0000000   24.7068   5027.842 0.014    6.4   -1.4 -2.19 0.071  55   0 07:53:32     6905.32832    0.0000  2019/05/18
 1.0000000   6.0000000   24.7068   5027.843 0.009    6.4   -1.4 -2.20 0.071  55   0 07:54:32     6905.32901    0.0000  2019/05/18
 1.0000000   6.0000000   24.4627   5027.841 0.008    6.5   -1.5 -2.22 0.071  55   0 07:55:32     6905.32970    0.0000  2019/05/18
 1.0000000   6.0000000   24.7068   5027.841 0.011    6.3   -1.5 -2.23 0.071  55   0 07:56:32     6905.33040    0.0000  2019/05/18
 1.0000000   6.0000000   24.4627   5027.841 0.009    6.2   -1.5 -2.24 0.072  55   0 07:57:32     6905.33109    0.0000  2019/05/18
 1.0000000   6.0000000   24.4627   5027.841 0.010    5.9   -1.6 -2.25 0.072  55   0 07:58:32     6905.33178    0.0000  2019/05/18
 1.0000000   6.0000000   24.4627   5027.841 0.010    5.8   -1.7 -2.26 0.072  55   0 07:59:32     6905.33248    0.0000  2019/05/18
 1.0000000   6.0000000   24.4627   5027.841 0.007    5.8   -1.8 -2.27 0.072  55   0 08:00:32     6905.33317    0.0000  2019/05/18
 1.0000000   6.0000000   24.2186   5027.840 0.009    5.6   -1.9 -2.28 0.072  55   0 08:01:32     6905.33386    0.0000  2019/05/18
 1.0000000   6.0000000   23.9744   5027.841 0.010    5.5   -2.0 -2.29 0.072  55   0 08:02:32     6905.33456    0.0000  2019/05/18
 1.0000000   6.0000000   24.2186   5027.841 0.009    5.4   -2.1 -2.29 0.072  55   0 08:03:32     6905.33525    0.0000  2019/05/18
 1.0000000   6.0000000   24.2186   5027.841 0.008    5.1   -2.3 -2.30 0.072  55   0 08:04:32     6905.33594    0.0000  2019/05/18
 1.0000000   6.0000000   23.9744   5027.838 0.036    5.0   -2.4 -2.31 0.073  55   1 08:05:32     6905.33664    0.0000  2019/05/18
 1.0000000   6.0000000   24.2186   5027.841 0.017    4.9   -2.5 -2.31 0.073  55   0 08:06:32     6905.33733    0.0000  2019/05/18
 1.0000000   6.0000000   23.9744   5027.842 0.009    4.9   -2.7 -2.31 0.073  55   0 08:07:32     6905.33802    0.0000  2019/05/18
 1.0000000   6.0000000   23.9744   5027.841 0.008    4.8   -2.8 -2.32 0.073  55   0 08:08:32     6905.33872    0.0000  2019/05/18
 1.0000000   6.0000000   23.7303   5027.839 0.007    4.9   -3.0 -2.32 0.073  55   0 08:09:32     6905.33941    0.0000  2019/05/18
 1.0000000   6.0000000   23.7303   5027.841 0.009    4.8   -3.2 -2.32 0.073  55   0 08:10:32     6905.34010    0.0000  2019/05/18
 1.0000000   6.0000000   23.7303   5027.839 0.009    4.8   -3.3 -2.33 0.073  55   0 08:11:32     6905.34080    0.0000  2019/05/18
 1.0000000   6.0000000   23.7303   5027.840 0.010    4.9   -3.3 -2.33 0.073  55   0 08:12:32     6905.34149    0.0000  2019/05/18
 1.0000000   6.0000000   23.7303   5027.840 0.009    4.8   -3.4 -2.33 0.073  55   0 08:13:32     6905.34218    0.0000  2019/05/18
 1.0000000   6.0000000   23.7303   5027.841 0.007    4.6   -3.7 -2.33 0.073  55   0 08:14:32     6905.34288    0.0000  2019/05/18
 1.0000000   6.0000000   23.4861   5027.840 0.010    4.4   -3.9 -2.33 0.073  55   0 08:15:32     6905.34357    0.0000  2019/05/18
 1.0000000   6.0000000   23.4861   5027.839 0.009    4.4   -4.1 -2.34 0.073  55   0 08:16:32     6905.34426    0.0000  2019/05/18
 1.0000000   6.0000000   23.4861   5027.840 0.009    4.4   -4.2 -2.34 0.073  55   0 08:17:32     6905.34496    0.0000  2019/05/18
 1.0000000   6.0000000   23.4861   5027.841 0.011    4.3   -4.3 -2.34 0.074  55   0 08:18:33     6905.34566    0.0000  2019/05/18
/	CG-5 SURVEY
/	Survey name:   	05 18 05 2019
/	Instrument S/N:	40823
/	Client:        	TNG.KGF
/	Operator:      	Zaynutdinov
/	Date:          	2019/ 5/18
/	Time:          	09:06:31
/	LONG:        	48.7000000 E
/	LAT:         	55.5000000 N
/	ZONE:        	9       
/	GMT DIFF.:   	0.0 
/------LINE-----STATION-----ALT.------GRAV.---SD.--TILTX--TILTY-TEMP---TIDE---DUR-REJ-----TIME----DEC.TIME+DATE--TERRAIN---DATE
 1.0000000   5.0000000   26.6600   5060.744 0.017    0.5    3.8 -1.83 0.069  55  11 09:07:58     6905.37992    0.0000  2019/05/18
 1.0000000   5.0000000   26.4158   5060.745 0.006    1.4    3.8 -1.84 0.069  55   0 09:09:03     6905.38067    0.0000  2019/05/18
 1.0000000   5.0000000   26.4158   5060.744 0.006    2.0    3.6 -1.86 0.069  55   0 09:10:03     6905.38137    0.0000  2019/05/18
 1.0000000   5.0000000   26.4158   5060.741 0.007    2.5    3.5 -1.88 0.068  55   0 09:11:03     6905.38206    0.0000  2019/05/18
 1.0000000   5.0000000   26.1717   5060.740 0.006    2.8    3.4 -1.90 0.068  55   0 09:12:03     6905.38275    0.0000  2019/05/18
 1.0000000   5.0000000   26.1717   5060.739 0.006    2.9    3.2 -1.93 0.068  55   0 09:13:03     6905.38345    0.0000  2019/05/18
 1.0000000   5.0000000   25.9275   5060.739 0.005    3.0    3.2 -1.96 0.068  55   0 09:14:03     6905.38414    0.0000  2019/05/18
 1.0000000   5.0000000   25.6834   5060.738 0.005    3.4    3.2 -1.99 0.068  55   0 09:15:03     6905.38483    0.0000  2019/05/18
 1.0000000   5.0000000   25.9275   5060.736 0.007    3.6    3.2 -2.03 0.067  55   0 09:16:03     6905.38553    0.0000  2019/05/18
 1.0000000   5.0000000   25.6834   5060.735 0.007    3.6    3.0 -2.06 0.067  55   0 09:17:03     6905.38622    0.0000  2019/05/18
 1.0000000   5.0000000   25.6834   5060.734 0.006    3.9    3.2 -2.09 0.067  55   0 09:18:03     6905.38691    0.0000  2019/05/18
 1.0000000   5.0000000   25.4393   5060.734 0.007    3.9    3.2 -2.11 0.067  55   0 09:19:03     6905.38761    0.0000  2019/05/18
 1.0000000   5.0000000   25.6834   5060.734 0.007    4.1    3.3 -2.14 0.067  55   0 09:20:03     6905.38830    0.0000  2019/05/18
 1.0000000   5.0000000   25.4393   5060.732 0.005    4.3    3.3 -2.16 0.066  55   0 09:21:03     6905.38899    0.0000  2019/05/18
 1.0000000   5.0000000   25.4393   5060.732 0.006    4.2    3.3 -2.18 0.066  55   0 09:22:03     6905.38969    0.0000  2019/05/18
 1.0000000   5.0000000   25.4393   5060.731 0.007    4.0    3.5 -2.20 0.066  55   0 09:23:03     6905.39038    0.0000  2019/05/18
 1.0000000   5.0000000   25.1951   5060.732 0.006    4.1    3.8 -2.22 0.066  55   0 09:24:03     6905.39107    0.0000  2019/05/18
 1.0000000   5.0000000   25.1951   5060.732 0.008    4.2    3.8 -2.23 0.066  55   0 09:25:03     6905.39177    0.0000  2019/05/18
 1.0000000   5.0000000   25.1951   5060.731 0.006    4.1    3.9 -2.25 0.065  55   0 09:26:03     6905.39246    0.0000  2019/05/18
 1.0000000   5.0000000   25.4393   5060.730 0.007    4.1    3.7 -2.26 0.065  55   0 09:27:03     6905.39315    0.0000  2019/05/18
 1.0000000   5.0000000   25.1951   5060.729 0.007    3.9    3.4 -2.27 0.065  55   0 09:28:03     6905.39385    0.0000  2019/05/18
 1.0000000   5.0000000   25.4393   5060.730 0.008    3.7    3.6 -2.28 0.065  55   0 09:29:03     6905.39454    0.0000  2019/05/18
 1.0000000   5.0000000   25.1951   5060.730 0.006    3.4    3.9 -2.29 0.064  55   0 09:30:03     6905.39523    0.0000  2019/05/18
 1.0000000   5.0000000   25.1951   5060.729 0.006    3.1    3.6 -2.30 0.064  55   0 09:31:03     6905.39593    0.0000  2019/05/18
 1.0000000   5.0000000   25.1951   5060.730 0.009    2.9    3.4 -2.31 0.064  55   0 09:32:03     6905.39662    0.0000  2019/05/18
 1.0000000   5.0000000   25.1951   5060.729 0.007    2.7    3.1 -2.31 0.064  55   0 09:33:03     6905.39731    0.0000  2019/05/18
 1.0000000   5.0000000   25.1951   5060.729 0.007    2.6    2.9 -2.32 0.063  55   0 09:34:03     6905.39801    0.0000  2019/05/18
 1.0000000   5.0000000   25.1951   5060.730 0.008    2.6    2.6 -2.32 0.063  55   0 09:35:03     6905.39870    0.0000  2019/05/18
 1.0000000   5.0000000   25.1951   5060.729 0.005    2.7    2.1 -2.33 0.063  55   0 09:36:03     6905.39939    0.0000  2019/05/18
 1.0000000   5.0000000   25.1951   5060.729 0.006    2.6    1.8 -2.33 0.063  55   0 09:37:03     6905.40009    0.0000  2019/05/18
 1.0000000   5.0000000   24.9510   5060.729 0.005    2.5    1.8 -2.34 0.062  55   0 09:38:03     6905.40078    0.0000  2019/05/18
 1.0000000   5.0000000   25.1951   5060.729 0.008    2.5    1.5 -2.34 0.062  55   0 09:39:03     6905.40147    0.0000  2019/05/18
 1.0000000   5.0000000   24.9510   5060.729 0.005    2.4    1.4 -2.34 0.062  55   0 09:40:03     6905.40217    0.0000  2019/05/18
 1.0000000   5.0000000   24.9510   5060.729 0.007    2.5    1.2 -2.35 0.061  55   0 09:41:03     6905.40286    0.0000  2019/05/18
 1.0000000   5.0000000   24.9510   5060.729 0.007    2.3    1.2 -2.35 0.061  55   0 09:42:03     6905.40355    0.0000  2019/05/18
 1.0000000   5.0000000   24.9510   5060.729 0.009    2.2    1.0 -2.35 0.061  55   0 09:43:03     6905.40425    0.0000  2019/05/18
 1.0000000   5.0000000   24.9510   5060.728 0.006    2.2    0.7 -2.35 0.061  55   0 09:44:03     6905.40494    0.0000  2019/05/18
 1.0000000   5.0000000   24.7068   5060.728 0.007    2.1    0.4 -2.36 0.060  55   0 09:45:03     6905.40563    0.0000  2019/05/18
 1.0000000   5.0000000   24.7068   5060.727 0.007    2.2    0.1 -2.36 0.060  55   0 09:46:03     6905.40633    0.0000  2019/05/18
 1.0000000   5.0000000   24.7068   5060.728 0.005    2.3    0.2 -2.36 0.060  55   0 09:47:04     6905.40703    0.0000  2019/05/18
/	CG-5 SURVEY
/	Survey name:   	06 18 05 2019
/	Instrument S/N:	40823
/	Client:        	TNG.KGF
/	Operator:      	Zaynutdinov
/	Date:          	2019/ 5/18
/	Time:          	10:09:47
/	LONG:        	48.7000000 E
/	LAT:         	55.6000000 N
/	ZONE:        	9       
/	GMT DIFF.:   	0.0 
/------LINE-----STATION-----ALT.------GRAV.---SD.--TILTX--TILTY-TEMP---TIDE---DUR-REJ-----TIME----DEC.TIME+DATE--TERRAIN---DATE
 1.0000000   4.0000000   26.6600   5103.535 0.025   -1.3   -0.6 -1.92 0.051  55  27 10:11:03     6905.42366    0.0000  2019/05/18
 1.0000000   4.0000000   26.4158   5103.540 0.008   -1.7   -0.6 -1.93 0.051  55   0 10:12:08     6905.42441    0.0000  2019/05/18
 1.0000000   4.0000000   26.1717   5103.540 0.008   -0.8   -0.6 -1.94 0.050  55   0 10:13:08     6905.42511    0.0000  2019/05/18
 1.0000000   4.0000000   26.1717   5103.538 0.006    0.0   -0.6 -1.96 0.050  55   0 10:14:08     6905.42580    0.0000  2019/05/18
 1.0000000   4.0000000   26.1717   5103.536 0.006    0.6   -0.8 -1.98 0.049  55   0 10:15:08     6905.42649    0.0000  2019/05/18
 1.0000000   4.0000000   25.9275   5103.538 0.008    0.6   -1.0 -2.01 0.049  55   0 10:16:08     6905.42719    0.0000  2019/05/18
 1.0000000   4.0000000   25.6834   5103.534 0.008    0.9   -1.0 -2.04 0.049  55   0 10:17:08     6905.42788    0.0000  2019/05/18
 1.0000000   4.0000000   25.6834   5103.534 0.007    1.1   -1.1 -2.07 0.048  55   0 10:18:08     6905.42857    0.0000  2019/05/18
 1.0000000   4.0000000   25.6834   5103.533 0.007    1.3   -1.1 -2.09 0.048  55   0 10:19:08     6905.42927    0.0000  2019/05/18
 1.0000000   4.0000000   25.1951   5103.532 0.005    1.2   -1.0 -2.12 0.047  55   0 10:20:08     6905.42996    0.0000  2019/05/18
 1.0000000   4.0000000   25.4393   5103.532 0.007    1.2   -1.0 -2.15 0.047  55   0 10:21:08     6905.43065    0.0000  2019/05/18
 1.0000000   4.0000000   25.4393   5103.531 0.006    1.2   -1.2 -2.17 0.046  55   0 10:22:08     6905.43135    0.0000  2019/05/18
 1.0000000   4.0000000   24.9510   5103.530 0.007    0.9   -1.5 -2.19 0.046  55   0 10:23:08     6905.43204    0.0000  2019/05/18
 1.0000000   4.0000000   25.1951   5103.531 0.005    1.0   -1.4 -2.21 0.046  55   0 10:24:08     6905.43273    0.0000  2019/05/18
 1.0000000   4.0000000   24.9510   5103.531 0.007    0.8   -1.5 -2.23 0.045  55   0 10:25:08     6905.43343    0.0000  2019/05/18
 1.0000000   4.0000000   24.7068   5103.530 0.008    0.7   -1.6 -2.24 0.045  55   0 10:26:08     6905.43412    0.0000  2019/05/18
 1.0000000   4.0000000   24.7068   5103.530 0.008    0.7   -1.7 -2.26 0.044  55   0 10:27:08     6905.43481    0.0000  2019/05/18
 1.0000000   4.0000000   24.7068   5103.531 0.007    0.7   -1.8 -2.27 0.044  55   0 10:28:08     6905.43551    0.0000  2019/05/18
 1.0000000   4.0000000   24.7068   5103.529 0.006    0.6   -1.9 -2.28 0.043  55   0 10:29:08     6905.43620    0.0000  2019/05/18
 1.0000000   4.0000000   24.7068   5103.529 0.006    0.5   -1.7 -2.29 0.043  55   0 10:30:08     6905.43689    0.0000  2019/05/18
 1.0000000   4.0000000   24.7068   5103.529 0.007    0.6   -1.7 -2.30 0.043  55   0 10:31:08     6905.43759    0.0000  2019/05/18
 1.0000000   4.0000000   24.7068   5103.530 0.007    0.5   -1.8 -2.30 0.042  55   0 10:32:08     6905.43828    0.0000  2019/05/18
 1.0000000   4.0000000   24.7068   5103.529 0.007    0.3   -1.8 -2.31 0.042  55   0 10:33:08     6905.43897    0.0000  2019/05/18
 1.0000000   4.0000000   24.4627   5103.529 0.008    0.0   -1.9 -2.31 0.041  55   0 10:34:08     6905.43967    0.0000  2019/05/18
 1.0000000   4.0000000   24.2186   5103.530 0.007   -0.2   -2.0 -2.32 0.041  55   0 10:35:08     6905.44036    0.0000  2019/05/18
 1.0000000   4.0000000   24.4627   5103.528 0.007   -0.1   -2.0 -2.32 0.040  55   0 10:36:08     6905.44105    0.0000  2019/05/18
 1.0000000   4.0000000   24.4627   5103.529 0.007   -0.2   -2.1 -2.33 0.040  55   0 10:37:08     6905.44175    0.0000  2019/05/18
 1.0000000   4.0000000   24.4627   5103.528 0.006   -0.5   -2.3 -2.33 0.039  55   0 10:38:08     6905.44244    0.0000  2019/05/18
 1.0000000   4.0000000   24.2186   5103.528 0.006   -0.4   -2.4 -2.33 0.039  55   0 10:39:08     6905.44313    0.0000  2019/05/18
 1.0000000   4.0000000   24.4627   5103.528 0.007   -0.5   -2.5 -2.33 0.039  55   0 10:40:08     6905.44383    0.0000  2019/05/18
 1.0000000   4.0000000   24.4627   5103.528 0.006   -0.3   -2.6 -2.34 0.038  55   0 10:41:08     6905.44452    0.0000  2019/05/18
 1.0000000   4.0000000   24.4627   5103.528 0.005   -0.3   -2.8 -2.34 0.038  55   0 10:42:08     6905.44521    0.0000  2019/05/18
 1.0000000   4.0000000   24.4627   5103.528 0.006   -0.2   -3.0 -2.34 0.037  55   0 10:43:08     6905.44591    0.0000  2019/05/18
 1.0000000   4.0000000   24.4627   5103.527 0.008   -0.5   -3.3 -2.34 0.037  55   0 10:44:08     6905.44660    0.0000  2019/05/18
 1.0000000   4.0000000   24.4627   5103.526 0.008   -0.7   -3.7 -2.34 0.036  55   0 10:45:08     6905.44729    0.0000  2019/05/18
 1.0000000   4.0000000   24.4627   5103.528 0.007   -0.8   -3.9 -2.34 0.036  55   0 10:46:08     6905.44799    0.0000  2019/05/18
 1.0000000   4.0000000   24.4627   5103.527 0.007   -0.7   -4.1 -2.34 0.035  55   0 10:47:08     6905.44868    0.0000  2019/05/18
 1.0000000   4.0000000   24.4627   5103.528 0.008   -0.9   -4.2 -2.34 0.035  55   0 10:48:08     6905.44937    0.0000  2019/05/18
 1.0000000   4.0000000   24.7068   5103.527 0.007   -0.8   -4.4 -2.34 0.034  55   0 10:49:08     6905.45007    0.0000  2019/05/18
 1.0000000   4.0000000   24.4627   5103.528 0.007   -1.1   -4.8 -2.34 0.034  55   0 10:50:09     6905.45077    0.0000  2019/05/18
/	CG-5 SURVEY
/	Survey name:   	07 18 05 2019
/	Instrument S/N:	40823
/	Client:        	TNG.KGF
/	Operator:      	Zaynutdinov
/	Date:          	2019/ 5/18
/	Time:          	11:40:11
/	LONG:        	48.8000000 E
/	LAT:         	55.8000000 N
/	ZONE:        	9       
/	GMT DIFF.:   	0.0 
/------LINE-----STATION-----ALT.------GRAV.---SD.--TILTX--TILTY-TEMP---TIDE---DUR-REJ-----TIME----DEC.TIME+DATE--TERRAIN---DATE
 1.0000000   1.0000000   28.1248   5121.066 0.036   -6.2    3.0 -1.94 0.006  55   2 11:41:05     6905.48608    0.0000  2019/05/18
 1.0000000   1.0000000   27.8807   5121.067 0.024    4.7    2.5 -1.95 0.005  55   0 11:42:10     6905.48684    0.0000  2019/05/18
 1.0000000   1.0000000   27.6365   5121.066 0.022    5.2    2.1 -1.96 0.005  55   0 11:43:10     6905.48753    0.0000  2019/05/18
 1.0000000   1.0000000   27.6365   5121.065 0.033    5.9    1.7 -1.99 0.004  55   0 11:44:10     6905.48822    0.0000  2019/05/18
 1.0000000   1.0000000   27.3924   5121.064 0.039    6.5    1.3 -2.01 0.004  55   0 11:45:10     6905.48892    0.0000  2019/05/18
 1.0000000   1.0000000   27.1482   5121.063 0.044    6.9    1.1 -2.03 0.003  55   0 11:46:10     6905.48961    0.0000  2019/05/18
 1.0000000   1.0000000   26.9041   5121.061 0.067    7.3    1.1 -2.06 0.003  55   0 11:47:10     6905.49030    0.0000  2019/05/18
 1.0000000   1.0000000   26.9041   5121.060 0.055    7.8    0.8 -2.09 0.002  55   0 11:48:10     6905.49100    0.0000  2019/05/18
 1.0000000   1.0000000   26.6600   5121.061 0.047    7.8    0.5 -2.11 0.002  55   0 11:49:10     6905.49169    0.0000  2019/05/18
 1.0000000   1.0000000   26.4158   5121.061 0.040    7.8    0.4 -2.14 0.001  55   0 11:50:10     6905.49238    0.0000  2019/05/18
 1.0000000   1.0000000   26.1717   5121.060 0.021    8.0    0.2 -2.17 0.000  55   0 11:51:10     6905.49308    0.0000  2019/05/18
 1.0000000   1.0000000   26.1717   5121.060 0.020    8.0    0.1 -2.19 0.000  55   0 11:52:10     6905.49377    0.0000  2019/05/18
 1.0000000   1.0000000   25.9275   5121.059 0.023    8.1    0.0 -2.21 0.000  55   0 11:53:10     6905.49446    0.0000  2019/05/18
 1.0000000   1.0000000   25.6834   5121.059 0.025    8.0   -0.1 -2.23 0.000  55   0 11:54:10     6905.49516    0.0000  2019/05/18
 1.0000000   1.0000000   25.6834   5121.059 0.020    8.1   -0.1 -2.24 -0.001  55   0 11:55:10     6905.49585    0.0000  2019/05/18
 1.0000000   1.0000000   25.6834   5121.057 0.022    8.1   -0.2 -2.26 -0.001  55   0 11:56:10     6905.49654    0.0000  2019/05/18
 1.0000000   1.0000000   25.4393   5121.059 0.019    8.0   -0.4 -2.27 -0.002  55   0 11:57:10     6905.49724    0.0000  2019/05/18
 1.0000000   1.0000000   25.4393   5121.059 0.019    7.9   -0.4 -2.29 -0.003  55   0 11:58:10     6905.49793    0.0000  2019/05/18
 1.0000000   1.0000000   25.1951   5121.057 0.018    7.7   -0.6 -2.30 -0.003  55   0 11:59:10     6905.49862    0.0000  2019/05/18
 1.0000000   1.0000000   24.9510   5121.058 0.027    7.6   -0.7 -2.31 -0.004  55   0 12:00:10     6905.49932    0.0000  2019/05/18
 1.0000000   1.0000000   24.9510   5121.057 0.020    7.5   -0.7 -2.32 -0.004  55   0 12:01:10     6905.50001    0.0000  2019/05/18
 1.0000000   1.0000000   24.7068   5121.058 0.022    7.4   -0.6 -2.32 -0.005  55   0 12:02:10     6905.50070    0.0000  2019/05/18
 1.0000000   1.0000000   24.7068   5121.058 0.020    7.3   -0.6 -2.33 -0.005  55   0 12:03:10     6905.50140    0.0000  2019/05/18
 1.0000000   1.0000000   24.4627   5121.058 0.023    7.1   -0.7 -2.34 -0.006  55   0 12:04:10     6905.50209    0.0000  2019/05/18
 1.0000000   1.0000000   24.4627   5121.057 0.022    7.0   -0.8 -2.34 -0.007  55   1 12:05:10     6905.50278    0.0000  2019/05/18
 1.0000000   1.0000000   24.4627   5121.056 0.025    6.9   -0.9 -2.35 -0.007  55   0 12:06:10     6905.50348    0.0000  2019/05/18
 1.0000000   1.0000000   24.2186   5121.057 0.022    6.7   -1.0 -2.35 -0.008  55   0 12:07:10     6905.50417    0.0000  2019/05/18
 1.0000000   1.0000000   24.2186   5121.057 0.028    6.6   -1.0 -2.36 -0.008  55   0 12:08:10     6905.50486    0.0000  2019/05/18
 1.0000000   1.0000000   23.9744   5121.056 0.027    6.6   -1.1 -2.36 -0.009  55   0 12:09:10     6905.50556    0.0000  2019/05/18
 1.0000000   1.0000000   23.9744   5121.058 0.037    6.4   -1.2 -2.36 -0.009  55   0 12:10:10     6905.50625    0.0000  2019/05/18
 1.0000000   1.0000000   23.7303   5121.058 0.028    6.2   -1.4 -2.36 -0.010  55   1 12:11:10     6905.50694    0.0000  2019/05/18
 1.0000000   1.0000000   23.7303   5121.057 0.025    6.1   -1.5 -2.36 -0.010  55   0 12:12:10     6905.50764    0.0000  2019/05/18
 1.0000000   1.0000000   23.7303   5121.056 0.016    6.1   -1.6 -2.37 -0.011  55   0 12:13:10     6905.50833    0.0000  2019/05/18
 1.0000000   1.0000000   23.7303   5121.056 0.017    5.9   -1.7 -2.37 -0.012  55   0 12:14:10     6905.50902    0.0000  2019/05/18
 1.0000000   1.0000000   23.4861   5121.057 0.015    5.8   -1.9 -2.37 -0.012  55   0 12:15:10     6905.50972    0.0000  2019/05/18
 1.0000000   1.0000000   23.4861   5121.057 0.017    5.6   -2.1 -2.37 -0.013  55   0 12:16:10     6905.51041    0.0000  2019/05/18
 1.0000000   1.0000000   23.4861   5121.057 0.024    5.4   -2.3 -2.37 -0.013  55   0 12:17:10     6905.51110    0.0000  2019/05/18
 1.0000000   1.0000000   23.2420   5121.056 0.021    5.4   -2.4 -2.37 -0.014  55   0 12:18:10     6905.51180    0.0000  2019/05/18
 1.0000000   1.0000000   22.9979   5121.057 0.023    5.2   -2.7 -2.37 -0.014  55   0 12:19:10     6905.51249    0.0000  2019/05/18
 1.0000000   1.0000000   22.9979   5121.055 0.030    5.1   -2.9 -2.37 -0.015  55   0 12:20:11     6905.51319    0.0000  2019/05/18