
/	CG-5 SURVEY
/	Survey name:   	00 16 05 2019.
/	Instrument S/N:	40824
/	Client:        	TNG.KHF
/	Operator:      	Zaynutdinov
/	Date:          	2019/ 5/16
/	Time:          	03:14:16
/	LONG:        	48.8000000 E
/	LAT:         	55.8000000 N
/	ZONE:        	9       
/	GMT DIFF.:   	0.0 

/	CG-5 SETUP PARAMETERS
/	Gref:			0.000   
/	Gcal1:		8394.709
/	TiltxS:		629.414 
/	TiltyS:		674.620 
/	TiltxO:		-40.315 
/	TiltyO:		29.308  
/	Tempco:		-0.130  
/	Drift:		0.575   
/	DriftTime Start:	03:14:19
/	DriftDate Start:	2019/05/16

/	CG-5 OPTIONS
/	Tide Correction:    YES
/	Cont. Tilt:         YES
/	Auto Rejection:     YES
/	Terrain Corr.:       NO
/	Seismic Filter:     YES
/	Raw Data:           YES
Line	   2.000N
/------LINE-----STATION-----ALT.------GRAV.---SD.--TILTX--TILTY-TEMP---TIDE---DUR-REJ-----TIME----DEC.TIME+DATE--TERRAIN---DATE
 2.0000000   1.0000000   29.5896   6189.466 0.025   -0.2   -3.8 -1.21 -0.051  55   0 03:15:36     6903.13562    0.0000  2019/05/16
 2.0000000   1.0000000   29.5896   6189.459 0.033    0.9   -4.0 -1.20 -0.050  55   2 03:16:41     6903.13637    0.0000  2019/05/16
 2.0000000   1.0000000   29.1014   6189.459 0.034    2.1   -4.2 -1.20 -0.050  55   0 03:17:41     6903.13706    0.0000  2019/05/16
 2.0000000   1.0000000   28.8572   6189.459 0.047    2.9   -4.5 -1.20 -0.049  55   1 03:18:41     6903.13775    0.0000  2019/05/16
 2.0000000   1.0000000   28.6131   6189.453 0.034    3.4   -4.6 -1.20 -0.049  55   0 03:19:41     6903.13845    0.0000  2019/05/16
 2.0000000   1.0000000   28.3689   6189.451 0.022    3.6   -4.8 -1.21 -0.048  55   0 03:20:41     6903.13914    0.0000  2019/05/16
 2.0000000   1.0000000   28.1248   6189.449 0.021    3.7   -4.9 -1.22 -0.048  55   0 03:21:41     6903.13983    0.0000  2019/05/16
 2.0000000   1.0000000   27.8807   6189.447 0.023    3.6   -5.1 -1.24 -0.047  55   0 03:22:41     6903.14053    0.0000  2019/05/16
 2.0000000   1.0000000   27.6365   6189.446 0.023    3.5   -5.4 -1.25 -0.047  55   0 03:23:41     6903.14122    0.0000  2019/05/16
 2.0000000   1.0000000   27.6365   6189.444 0.020    3.4   -5.5 -1.27 -0.047  55   0 03:24:41     6903.14191    0.0000  2019/05/16
 2.0000000   1.0000000   27.1482   6189.443 0.032    3.2   -5.8 -1.29 -0.046  55   0 03:25:41     6903.14261    0.0000  2019/05/16
 2.0000000   1.0000000   27.1482   6189.443 0.038    3.1   -5.9 -1.30 -0.046  55   0 03:26:41     6903.14330    0.0000  2019/05/16
 2.0000000   1.0000000   26.9041   6189.442 0.048    2.8   -6.0 -1.32 -0.045  55   0 03:27:41     6903.14399    0.0000  2019/05/16
 2.0000000   1.0000000   26.9041   6189.440 0.052    2.6   -6.1 -1.33 -0.045  55   0 03:28:41     6903.14469    0.0000  2019/05/16
 2.0000000   1.0000000   26.4158   6189.440 0.073    2.4   -6.2 -1.34 -0.044  55   0 03:29:41     6903.14538    0.0000  2019/05/16
/	CG-5 SURVEY
/	Survey name:   	01 16 05 2019.
/	Instrument S/N:	40824
/	Client:        	TNG.KHF
/	Operator:      	Zaynutdinov
/	Date:          	2019/ 5/16
/	Time:          	03:31:51
/	LONG:        	48.8000000 E
/	LAT:         	55.8000000 N
/	ZONE:        	9       
/	GMT DIFF.:   	0.0 
/------LINE-----STATION-----ALT.------GRAV.---SD.--TILTX--TILTY-TEMP---TIDE---DUR-REJ-----TIME----DEC.TIME+DATE--TERRAIN---DATE
 2.0000000   1.0000000   25.9275   6189.437 0.052   -2.3   -1.6 -1.37 -0.043  55   0 03:32:25     6903.14728    0.0000  2019/05/16
 2.0000000   1.0000000   25.6834   6189.435 0.043   -2.4   -1.7 -1.38 -0.043  55   0 03:33:30     6903.14803    0.0000  2019/05/16
 2.0000000   1.0000000   25.6834   6189.436 0.029   -2.2   -1.9 -1.38 -0.042  55   0 03:34:30     6903.14872    0.0000  2019/05/16
 2.0000000   1.0000000   25.4393   6189.435 0.020   -2.3   -2.0 -1.39 -0.042  55   0 03:35:30     6903.14941    0.0000  2019/05/16
 2.0000000   1.0000000   25.1951   6189.434 0.018   -2.3   -2.2 -1.40 -0.041  55   0 03:36:30     6903.15011    0.0000  2019/05/16
 2.0000000   1.0000000   25.1951   6189.433 0.025   -2.4   -2.4 -1.40 -0.041  55   0 03:37:30     6903.15080    0.0000  2019/05/16
 2.0000000   1.0000000   24.9510   6189.433 0.021   -2.6   -2.6 -1.40 -0.040  55   0 03:38:30     6903.15149    0.0000  2019/05/16
 2.0000000   1.0000000   24.7068   6189.432 0.019   -2.8   -3.0 -1.41 -0.040  55   0 03:39:30     6903.15219    0.0000  2019/05/16
 2.0000000   1.0000000   24.7068   6189.432 0.031   -3.0   -3.1 -1.41 -0.039  55   0 03:40:30     6903.15288    0.0000  2019/05/16
 2.0000000   1.0000000   24.7068   6189.432 0.032   -3.3   -3.3 -1.41 -0.039  55   0 03:41:30     6903.15357    0.0000  2019/05/16
 2.0000000   1.0000000   24.7068   6189.432 0.035   -3.4   -3.7 -1.41 -0.038  55   0 03:42:30     6903.15427    0.0000  2019/05/16
 2.0000000   1.0000000   24.2186   6189.430 0.055   -3.7   -3.9 -1.41 -0.038  55   0 03:43:30     6903.15496    0.0000  2019/05/16
 2.0000000   1.0000000   24.2186   6189.432 0.082   -4.1   -3.6 -1.42 -0.037  55   0 03:44:30     6903.15565    0.0000  2019/05/16
 2.0000000   1.0000000   24.2186   6189.428 0.111   -4.1   -4.1 -1.42 -0.037  55   0 03:45:30     6903.15635    0.0000  2019/05/16
 2.0000000   1.0000000   23.9744   6189.433 0.106   -4.4   -4.7 -1.42 -0.037  55   1 03:46:30     6903.15704    0.0000  2019/05/16
 2.0000000   1.0000000   23.9744   6189.429 0.069   -4.5   -4.9 -1.42 -0.036  55   0 03:47:30     6903.15773    0.0000  2019/05/16
 2.0000000   1.0000000   23.7303   6189.429 0.071   -4.8   -5.0 -1.42 -0.036  55   0 03:48:30     6903.15843    0.0000  2019/05/16
 2.0000000   1.0000000   23.7303   6189.428 0.049   -5.0   -5.2 -1.42 -0.035  55   0 03:49:30     6903.15912    0.0000  2019/05/16
 2.0000000   1.0000000   23.7303   6189.429 0.039   -5.3   -5.4 -1.42 -0.035  55   0 03:50:30     6903.15981    0.0000  2019/05/16
 2.0000000   1.0000000   23.7303   6189.429 0.029   -5.5   -5.6 -1.42 -0.034  55   0 03:51:30     6903.16051    0.0000  2019/05/16
 2.0000000   1.0000000   23.4861   6189.427 0.023   -5.7   -5.7 -1.42 -0.034  55   0 03:52:30     6903.16120    0.0000  2019/05/16
 2.0000000   1.0000000   23.2420   6189.429 0.022   -6.0   -5.9 -1.42 -0.033  55   0 03:53:30     6903.16189    0.0000  2019/05/16
 2.0000000   1.0000000   23.2420   6189.428 0.027   -6.2   -6.1 -1.42 -0.033  55   0 03:54:30     6903.16259    0.0000  2019/05/16
 2.0000000   1.0000000   23.2420   6189.427 0.019   -6.4   -6.3 -1.42 -0.032  55   0 03:55:30     6903.16328    0.0000  2019/05/16
 2.0000000   1.0000000   22.9979   6189.427 0.024   -6.5   -6.4 -1.42 -0.032  55   0 03:56:30     6903.16397    0.0000  2019/05/16
 2.0000000   1.0000000   22.9979   6189.426 0.019   -6.7   -6.6 -1.42 -0.031  55   0 03:57:30     6903.16467    0.0000  2019/05/16
 2.0000000   1.0000000   22.9979   6189.427 0.021   -7.0   -6.7 -1.42 -0.031  55   0 03:58:30     6903.16536    0.0000  2019/05/16
 2.0000000   1.0000000   22.7537   6189.427 0.022   -7.2   -6.8 -1.41 -0.030  55   0 03:59:30     6903.16605    0.0000  2019/05/16
 2.0000000   1.0000000   22.7537   6189.426 0.022   -7.5   -6.9 -1.42 -0.030  55   0 04:00:30     6903.16675    0.0000  2019/05/16
 2.0000000   1.0000000   22.7537   6189.426 0.025   -7.6   -7.2 -1.41 -0.029  55   0 04:01:30     6903.16744    0.0000  2019/05/16
 2.0000000   1.0000000   22.7537   6189.425 0.027   -7.8   -7.2 -1.41 -0.029  55   0 04:02:30     6903.16813    0.0000  2019/05/16
 2.0000000   1.0000000   22.5096   6189.425 0.022   -8.0   -7.3 -1.41 -0.028  55   0 04:03:30     6903.16883    0.0000  2019/05/16
 2.0000000   1.0000000   22.2654   6189.425 0.020   -8.2   -7.4 -1.41 -0.028  55   0 04:04:30     6903.16952    0.0000  2019/05/16
 2.0000000   1.0000000   22.5096   6189.425 0.023   -8.3   -7.6 -1.41 -0.027  55   0 04:05:30     6903.17021    0.0000  2019/05/16
 2.0000000   1.0000000   22.5096   6189.424 0.016   -8.5   -7.7 -1.41 -0.027  55   0 04:06:30     6903.17091    0.0000  2019/05/16
 2.0000000   1.0000000   22.2654   6189.424 0.020   -8.9   -7.8 -1.41 -0.026  55   0 04:07:30     6903.17160    0.0000  2019/05/16
 2.0000000   1.0000000   22.2654   6189.424 0.021   -9.2   -7.9 -1.41 -0.026  55   0 04:08:30     6903.17229    0.0000  2019/05/16
 2.0000000   1.0000000   22.2654   6189.424 0.019   -9.4   -8.0 -1.41 -0.025  55   0 04:09:30     6903.17299    0.0000  2019/05/16
 2.0000000   1.0000000   22.0213   6189.423 0.019   -9.5   -8.1 -1.41 -0.025  55   0 04:10:30     6903.17368    0.0000  2019/05/16
 2.0000000   1.0000000   22.2654   6189.424 0.022   -9.7   -8.2 -1.41 -0.025  55   0 04:11:31     6903.17438    0.0000  2019/05/16
/	CG-5 SURVEY
/	Survey name:   	02 16 05 2019.
/	Instrument S/N:	40824
/	Client:        	TNG.KHF
/	Operator:      	Zaynutdinov
/	Date:          	2019/ 5/16
/	Time:          	05:02:54
/	LONG:        	48.8000000 E
/	LAT:         	55.8000000 N
/	ZONE:        	9       
/	GMT DIFF.:   	0.0 
/------LINE-----STATION-----ALT.------GRAV.---SD.--TILTX--TILTY-TEMP---TIDE---DUR-REJ-----TIME----DEC.TIME+DATE--TERRAIN---DATE
 2.0000000   4.0000000   25.4393   6171.940 0.023    0.7   -0.5 -1.18 0.000  55   3 05:04:31     6903.21113    0.0000  2019/05/16
 2.0000000   4.0000000   25.4393   6171.937 0.007    1.3   -0.5 -1.18 0.000  55   6 05:05:36     6903.21188    0.0000  2019/05/16
 2.0000000   4.0000000   25.6834   6171.934 0.010    1.6   -0.6 -1.18 0.000  55   0 05:06:36     6903.21258    0.0000  2019/05/16
 2.0000000   4.0000000   25.6834   6171.931 0.010    1.8   -0.7 -1.19 0.000  55   0 05:07:36     6903.21327    0.0000  2019/05/16
 2.0000000   4.0000000   25.4393   6171.928 0.009    1.7   -0.8 -1.20 0.001  55   0 05:08:36     6903.21396    0.0000  2019/05/16
 2.0000000   4.0000000   25.6834   6171.927 0.009    1.8   -0.8 -1.21 0.001  55   0 05:09:36     6903.21466    0.0000  2019/05/16
 2.0000000   4.0000000   25.6834   6171.924 0.007    1.7   -1.0 -1.23 0.001  55   0 05:10:36     6903.21535    0.0000  2019/05/16
 2.0000000   4.0000000   25.6834   6171.923 0.008    1.8   -1.0 -1.24 0.002  55   0 05:11:36     6903.21604    0.0000  2019/05/16
 2.0000000   4.0000000   25.6834   6171.922 0.007    1.9   -1.1 -1.26 0.002  55   0 05:12:36     6903.21674    0.0000  2019/05/16
 2.0000000   4.0000000   25.6834   6171.920 0.007    1.8   -1.1 -1.28 0.003  55   0 05:13:36     6903.21743    0.0000  2019/05/16
 2.0000000   4.0000000   25.4393   6171.917 0.009    1.9   -1.2 -1.29 0.003  55   0 05:14:36     6903.21812    0.0000  2019/05/16
 2.0000000   4.0000000   25.6834   6171.917 0.011    1.9   -1.3 -1.30 0.003  55   0 05:15:36     6903.21882    0.0000  2019/05/16
 2.0000000   4.0000000   25.6834   6171.917 0.008    2.0   -1.3 -1.31 0.004  55   0 05:16:36     6903.21951    0.0000  2019/05/16
 2.0000000   4.0000000   25.4393   6171.916 0.009    2.1   -1.3 -1.33 0.004  55   0 05:17:36     6903.22020    0.0000  2019/05/16
 2.0000000   4.0000000   25.6834   6171.915 0.007    2.1   -1.4 -1.33 0.005  55   0 05:18:36     6903.22090    0.0000  2019/05/16
 2.0000000   4.0000000   25.9275   6171.914 0.008    2.1   -1.4 -1.34 0.005  55   0 05:19:36     6903.22159    0.0000  2019/05/16
 2.0000000   4.0000000   25.6834   6171.914 0.013    2.2   -1.5 -1.35 0.005  55   0 05:20:36     6903.22228    0.0000  2019/05/16
 2.0000000   4.0000000   25.6834   6171.912 0.012    2.1   -1.5 -1.36 0.006  55   0 05:21:36     6903.22298    0.0000  2019/05/16
 2.0000000   4.0000000   25.9275   6171.913 0.009    2.1   -1.6 -1.37 0.006  55   0 05:22:36     6903.22367    0.0000  2019/05/16
 2.0000000   4.0000000   25.9275   6171.911 0.010    2.2   -1.6 -1.37 0.007  55   0 05:23:36     6903.22436    0.0000  2019/05/16
 2.0000000   4.0000000   25.9275   6171.910 0.010    2.2   -1.7 -1.38 0.007  55   0 05:24:36     6903.22506    0.0000  2019/05/16
 2.0000000   4.0000000   26.1717   6171.909 0.010    2.2   -1.8 -1.38 0.007  55   0 05:25:36     6903.22575    0.0000  2019/05/16
 2.0000000   4.0000000   25.9275   6171.909 0.011    2.1   -1.9 -1.39 0.008  55   0 05:26:36     6903.22644    0.0000  2019/05/16
 2.0000000   4.0000000   25.9275   6171.908 0.009    2.1   -2.1 -1.39 0.008  55   0 05:27:36     6903.22714    0.0000  2019/05/16
 2.0000000   4.0000000   25.9275   6171.908 0.009    2.1   -2.3 -1.39 0.008  55   0 05:28:36     6903.22783    0.0000  2019/05/16
 2.0000000   4.0000000   26.1717   6171.908 0.007    2.1   -2.4 -1.40 0.009  55   0 05:29:36     6903.22852    0.0000  2019/05/16
 2.0000000   4.0000000   25.9275   6171.906 0.008    2.1   -2.6 -1.40 0.009  55   0 05:30:36     6903.22922    0.0000  2019/05/16
 2.0000000   4.0000000   25.9275   6171.906 0.010    2.0   -2.8 -1.40 0.009  55   0 05:31:36     6903.22991    0.0000  2019/05/16
 2.0000000   4.0000000   26.1717   6171.906 0.009    2.0   -3.0 -1.40 0.010  55   0 05:32:36     6903.23060    0.0000  2019/05/16
 2.0000000   4.0000000   26.1717   6171.906 0.006    2.0   -3.1 -1.40 0.010  55   0 05:33:36     6903.23130    0.0000  2019/05/16
 2.0000000   4.0000000   26.1717   6171.906 0.009    1.9   -3.3 -1.41 0.011  55   0 05:34:36     6903.23199    0.0000  2019/05/16
 2.0000000   4.0000000   26.1717   6171.907 0.012    1.9   -3.5 -1.41 0.011  55   0 05:35:36     6903.23268    0.0000  2019/05/16
 2.0000000   4.0000000   26.1717   6171.906 0.007    1.8   -3.7 -1.41 0.011  55   0 05:36:36     6903.23338    0.0000  2019/05/16
 2.0000000   4.0000000   26.1717   6171.905 0.010    1.8   -3.8 -1.41 0.012  55   0 05:37:36     6903.23407    0.0000  2019/05/16
 2.0000000   4.0000000   25.9275   6171.905 0.008    1.7   -3.9 -1.41 0.012  55   0 05:38:36     6903.23476    0.0000  2019/05/16
 2.0000000   4.0000000   26.4158   6171.904 0.009    1.6   -4.0 -1.41 0.012  55   0 05:39:36     6903.23546    0.0000  2019/05/16
 2.0000000   4.0000000   26.4158   6171.903 0.010    1.6   -4.1 -1.41 0.013  55   0 05:40:36     6903.23615    0.0000  2019/05/16
 2.0000000   4.0000000   26.4158   6171.905 0.007    1.5   -4.3 -1.42 0.013  55   0 05:41:36     6903.23684    0.0000  2019/05/16
 2.0000000   4.0000000   26.4158   6171.903 0.008    1.5   -4.4 -1.42 0.013  55   0 05:42:36     6903.23754    0.0000  2019/05/16
 2.0000000   4.0000000   26.4158   6171.905 0.009    1.4   -4.6 -1.42 0.014  55   0 05:43:37     6903.23824    0.0000  2019/05/16
/	CG-5 SURVEY
/	Survey name:   	03 16 05 2019.
/	Instrument S/N:	40824
/	Client:        	TNG.KHF
/	Operator:      	Zaynutdinov
/	Date:          	2019/ 5/16
/	Time:          	06:09:54
/	LONG:        	48.7000000 E
/	LAT:         	55.5000000 N
/	ZONE:        	9       
/	GMT DIFF.:   	0.0 
/------LINE-----STATION-----ALT.------GRAV.---SD.--TILTX--TILTY-TEMP---TIDE---DUR-REJ-----TIME----DEC.TIME+DATE--TERRAIN---DATE
 2.0000000   5.0000000   27.3924   6129.168 0.014    1.3    3.4 -1.18 0.023  55  10 06:11:00     6903.25723    0.0000  2019/05/16
 2.0000000   5.0000000   27.3924   6129.165 0.022    2.3    3.3 -1.18 0.023  55   5 06:12:05     6903.25798    0.0000  2019/05/16
 2.0000000   5.0000000   27.3924   6129.160 0.010    2.7    3.3 -1.17 0.023  55   0 06:13:05     6903.25867    0.0000  2019/05/16
 2.0000000   5.0000000   27.3924   6129.159 0.008    2.9    3.0 -1.18 0.024  55   0 06:14:05     6903.25936    0.0000  2019/05/16
 2.0000000   5.0000000   27.1482   6129.154 0.009    3.0    2.8 -1.19 0.024  55   0 06:15:05     6903.26006    0.0000  2019/05/16
 2.0000000   5.0000000   27.1482   6129.152 0.009    3.1    2.6 -1.20 0.024  55   0 06:16:05     6903.26075    0.0000  2019/05/16
 2.0000000   5.0000000   27.1482   6129.150 0.010    3.1    2.5 -1.22 0.024  55   0 06:17:05     6903.26144    0.0000  2019/05/16
 2.0000000   5.0000000   27.1482   6129.148 0.008    2.8    2.3 -1.23 0.024  55   0 06:18:05     6903.26214    0.0000  2019/05/16
 2.0000000   5.0000000   27.1482   6129.147 0.008    2.6    2.2 -1.25 0.025  55   0 06:19:05     6903.26283    0.0000  2019/05/16
 2.0000000   5.0000000   27.1482   6129.145 0.008    2.7    2.0 -1.27 0.025  55   0 06:20:05     6903.26352    0.0000  2019/05/16
 2.0000000   5.0000000   27.1482   6129.145 0.010    2.3    2.0 -1.28 0.025  55   0 06:21:05     6903.26422    0.0000  2019/05/16
 2.0000000   5.0000000   27.1482   6129.142 0.009    2.2    1.9 -1.30 0.025  55   0 06:22:05     6903.26491    0.0000  2019/05/16
 2.0000000   5.0000000   27.1482   6129.141 0.007    2.2    1.8 -1.31 0.026  55   0 06:23:05     6903.26560    0.0000  2019/05/16
 2.0000000   5.0000000   27.1482   6129.140 0.011    2.1    1.7 -1.32 0.026  55   0 06:24:05     6903.26630    0.0000  2019/05/16
 2.0000000   5.0000000   27.1482   6129.139 0.008    1.9    1.7 -1.33 0.026  55   0 06:25:05     6903.26699    0.0000  2019/05/16
 2.0000000   5.0000000   27.3924   6129.140 0.009    1.7    1.7 -1.34 0.026  55   0 06:26:05     6903.26768    0.0000  2019/05/16
 2.0000000   5.0000000   27.1482   6129.138 0.009    1.6    1.7 -1.35 0.026  55   0 06:27:05     6903.26838    0.0000  2019/05/16
 2.0000000   5.0000000   27.1482   6129.138 0.011    1.5    1.6 -1.36 0.027  55   0 06:28:05     6903.26907    0.0000  2019/05/16
 2.0000000   5.0000000   27.1482   6129.137 0.010    1.3    1.7 -1.37 0.027  55   0 06:29:05     6903.26976    0.0000  2019/05/16
 2.0000000   5.0000000   27.1482   6129.137 0.011    1.1    1.6 -1.37 0.027  55   0 06:30:05     6903.27046    0.0000  2019/05/16
 2.0000000   5.0000000   27.1482   6129.136 0.009    1.3    1.4 -1.38 0.027  55   0 06:31:05     6903.27115    0.0000  2019/05/16
 2.0000000   5.0000000   27.1482   6129.136 0.008    1.3    1.3 -1.39 0.027  55   0 06:32:05     6903.27184    0.0000  2019/05/16
 2.0000000   5.0000000   27.1482   6129.135 0.009    1.3    1.1 -1.39 0.028  55   0 06:33:05     6903.27254    0.0000  2019/05/16
 2.0000000   5.0000000   27.1482   6129.133 0.012    1.1    1.0 -1.39 0.028  55   0 06:34:05     6903.27323    0.0000  2019/05/16
 2.0000000   5.0000000   27.1482   6129.133 0.008    1.2    0.9 -1.40 0.028  55   0 06:35:05     6903.27392    0.0000  2019/05/16
 2.0000000   5.0000000   27.1482   6129.134 0.008    1.0    0.7 -1.40 0.028  55   0 06:36:05     6903.27462    0.0000  2019/05/16
 2.0000000   5.0000000   27.1482   6129.134 0.008    1.0    0.5 -1.41 0.028  55   0 06:37:05     6903.27531    0.0000  2019/05/16
 2.0000000   5.0000000   27.1482   6129.133 0.009    1.1    0.1 -1.41 0.028  55   0 06:38:05     6903.27600    0.0000  2019/05/16
 2.0000000   5.0000000   27.1482   6129.132 0.010    1.0    0.0 -1.41 0.029  55   0 06:39:05     6903.27670    0.0000  2019/05/16
 2.0000000   5.0000000   27.1482   6129.133 0.011    1.1   -0.1 -1.41 0.029  55   0 06:40:05     6903.27739    0.0000  2019/05/16
 2.0000000   5.0000000   27.1482   6129.131 0.009    1.1   -0.3 -1.42 0.029  55   0 06:41:05     6903.27808    0.0000  2019/05/16
 2.0000000   5.0000000   27.1482   6129.131 0.008    1.1   -0.4 -1.42 0.029  55   0 06:42:05     6903.27878    0.0000  2019/05/16
 2.0000000   5.0000000   27.1482   6129.131 0.010    0.9   -0.5 -1.42 0.029  55   0 06:43:05     6903.27947    0.0000  2019/05/16
 2.0000000   5.0000000   26.9041   6129.131 0.007    0.7   -0.7 -1.42 0.029  55   0 06:44:05     6903.28016    0.0000  2019/05/16
 2.0000000   5.0000000   27.1482   6129.130 0.009    0.7   -0.8 -1.42 0.029  55   0 06:45:05     6903.28086    0.0000  2019/05/16
 2.0000000   5.0000000   27.1482   6129.130 0.009    0.8   -1.0 -1.42 0.030  55   0 06:46:05     6903.28155    0.0000  2019/05/16
 2.0000000   5.0000000   27.1482   6129.129 0.008    0.7   -1.2 -1.43 0.030  55   0 06:47:05     6903.28224    0.0000  2019/05/16
 2.0000000   5.0000000   27.6365   6129.129 0.010    0.7   -1.5 -1.43 0.030  55   0 06:48:05     6903.28294    0.0000  2019/05/16
 2.0000000   5.0000000   27.1482   6129.129 0.008    0.5   -1.6 -1.43 0.030  55   0 06:49:05     6903.28363    0.0000  2019/05/16
 2.0000000   5.0000000   27.1482   6129.128 0.011    0.4   -1.7 -1.43 0.030  55   0 06:50:06     6903.28434    0.0000  2019/05/16
/	CG-5 SURVEY
/	Survey name:   	04 16 05 2019.
/	Instrument S/N:	40824
/	Client:        	TNG.KHF
/	Operator:      	Zaynutdinov
/	Date:          	2019/ 5/16
/	Time:          	07:39:29
/	LONG:        	48.5000000 E
/	LAT:         	55.1000000 N
/	ZONE:        	9       
/	GMT DIFF.:   	0.0 
/------LINE-----STATION-----ALT.------GRAV.---SD.--TILTX--TILTY-TEMP---TIDE---DUR-REJ-----TIME----DEC.TIME+DATE--TERRAIN---DATE
 2.0000000   6.0000000   29.8338   6096.264 0.028   -0.9   -0.6 -1.06 0.034  55   7 07:40:49     6903.31950    0.0000  2019/05/16
 2.0000000   6.0000000   29.5896   6096.262 0.013   -0.4   -0.7 -1.08 0.034  55   0 07:41:54     6903.32025    0.0000  2019/05/16
 2.0000000   6.0000000   29.5896   6096.260 0.018    0.0   -0.7 -1.10 0.034  55   0 07:42:54     6903.32094    0.0000  2019/05/16
 2.0000000   6.0000000   29.3455   6096.260 0.014    0.1   -0.7 -1.12 0.034  55   1 07:43:54     6903.32164    0.0000  2019/05/16
 2.0000000   6.0000000   29.3455   6096.257 0.018    0.2   -0.8 -1.15 0.033  55   0 07:44:54     6903.32233    0.0000  2019/05/16
 2.0000000   6.0000000   29.1014   6096.258 0.015    0.2   -1.0 -1.17 0.033  55   0 07:45:54     6903.32302    0.0000  2019/05/16
 2.0000000   6.0000000   29.1014   6096.258 0.012    0.1   -1.1 -1.20 0.033  55   0 07:46:54     6903.32372    0.0000  2019/05/16
 2.0000000   6.0000000   29.1014   6096.255 0.016    0.0   -1.3 -1.22 0.033  55   1 07:47:54     6903.32441    0.0000  2019/05/16
 2.0000000   6.0000000   28.8572   6096.256 0.022    0.0   -1.5 -1.24 0.033  55   2 07:48:54     6903.32510    0.0000  2019/05/16
 2.0000000   6.0000000   28.8572   6096.256 0.015    0.0   -1.6 -1.26 0.033  55   0 07:49:54     6903.32580    0.0000  2019/05/16
 2.0000000   6.0000000   28.6131   6096.256 0.030    0.0   -1.7 -1.28 0.033  55   0 07:50:54     6903.32649    0.0000  2019/05/16
 2.0000000   6.0000000   28.6131   6096.254 0.032   -0.1   -1.9 -1.30 0.033  55   0 07:51:54     6903.32718    0.0000  2019/05/16
 2.0000000   6.0000000   28.6131   6096.255 0.017   -0.3   -1.7 -1.32 0.033  55   0 07:52:54     6903.32788    0.0000  2019/05/16
 2.0000000   6.0000000   28.6131   6096.255 0.016   -0.4   -1.9 -1.33 0.033  55   0 07:53:54     6903.32857    0.0000  2019/05/16
 2.0000000   6.0000000   28.3689   6096.255 0.015   -0.6   -1.9 -1.34 0.033  55   0 07:54:54     6903.32926    0.0000  2019/05/16
 2.0000000   6.0000000   28.6131   6096.253 0.013   -0.7   -1.9 -1.35 0.032  55   0 07:55:54     6903.32996    0.0000  2019/05/16
 2.0000000   6.0000000   28.3689   6096.254 0.012   -0.9   -1.9 -1.36 0.032  55   0 07:56:54     6903.33065    0.0000  2019/05/16
 2.0000000   6.0000000   28.3689   6096.254 0.015   -1.0   -2.0 -1.37 0.032  55   0 07:57:54     6903.33134    0.0000  2019/05/16
 2.0000000   6.0000000   28.1248   6096.255 0.014   -0.9   -2.2 -1.38 0.032  55   0 07:58:54     6903.33204    0.0000  2019/05/16
 2.0000000   6.0000000   28.1248   6096.254 0.014   -1.1   -2.2 -1.38 0.032  55   0 07:59:54     6903.33273    0.0000  2019/05/16
 2.0000000   6.0000000   28.3689   6096.254 0.013   -1.3   -2.3 -1.39 0.032  55   0 08:00:54     6903.33342    0.0000  2019/05/16
 2.0000000   6.0000000   28.1248   6096.254 0.013   -1.6   -2.4 -1.39 0.032  55   0 08:01:54     6903.33412    0.0000  2019/05/16
 2.0000000   6.0000000   28.1248   6096.254 0.017   -1.7   -2.5 -1.40 0.032  55   0 08:02:54     6903.33481    0.0000  2019/05/16
 2.0000000   6.0000000   28.1248   6096.254 0.012   -1.9   -2.6 -1.40 0.031  55   0 08:03:54     6903.33550    0.0000  2019/05/16
 2.0000000   6.0000000   27.8807   6096.253 0.033   -2.0   -2.8 -1.40 0.031  55   0 08:04:54     6903.33620    0.0000  2019/05/16
 2.0000000   6.0000000   27.8807   6096.254 0.019   -2.1   -3.2 -1.41 0.031  55   0 08:05:54     6903.33689    0.0000  2019/05/16
 2.0000000   6.0000000   27.8807   6096.253 0.021   -2.3   -3.4 -1.41 0.031  55   1 08:06:54     6903.33758    0.0000  2019/05/16
 2.0000000   6.0000000   27.8807   6096.254 0.026   -2.4   -3.6 -1.41 0.031  55   0 08:07:54     6903.33828    0.0000  2019/05/16
 2.0000000   6.0000000   27.8807   6096.254 0.012   -2.3   -3.9 -1.41 0.031  55   0 08:08:54     6903.33897    0.0000  2019/05/16
 2.0000000   6.0000000   27.8807   6096.255 0.017   -2.4   -4.0 -1.42 0.031  55   0 08:09:54     6903.33966    0.0000  2019/05/16
 2.0000000   6.0000000   27.6365   6096.253 0.019   -2.6   -4.3 -1.42 0.030  55   0 08:10:54     6903.34036    0.0000  2019/05/16
 2.0000000   6.0000000   27.8807   6096.253 0.014   -2.8   -4.5 -1.42 0.030  55   0 08:11:54     6903.34105    0.0000  2019/05/16
 2.0000000   6.0000000   27.6365   6096.251 0.009   -3.0   -4.6 -1.42 0.030  55   0 08:12:54     6903.34174    0.0000  2019/05/16
 2.0000000   6.0000000   27.6365   6096.251 0.010   -3.1   -4.8 -1.42 0.030  55   0 08:13:54     6903.34244    0.0000  2019/05/16
 2.0000000   6.0000000   27.6365   6096.253 0.022   -3.3   -4.9 -1.42 0.030  55   0 08:14:54     6903.34313    0.0000  2019/05/16
 2.0000000   6.0000000   27.6365   6096.252 0.019   -3.4   -5.1 -1.43 0.029  55   0 08:15:54     6903.34382    0.0000  2019/05/16
 2.0000000   6.0000000   27.6365   6096.252 0.021   -3.6   -5.2 -1.43 0.029  55   0 08:16:54     6903.34452    0.0000  2019/05/16
 2.0000000   6.0000000   27.6365   6096.252 0.033   -3.5   -5.3 -1.43 0.029  55   0 08:17:54     6903.34521    0.0000  2019/05/16
 2.0000000   6.0000000   27.6365   6096.252 0.031   -3.7   -5.4 -1.43 0.029  55   0 08:18:54     6903.34590    0.0000  2019/05/16
 2.0000000   6.0000000   27.3924   6096.252 0.020   -3.8   -5.6 -1.43 0.029  55   0 08:19:55     6903.34661    0.0000  2019/05/16
/	CG-5 SURVEY
/	Survey name:   	05 16 05 2019.
/	Instrument S/N:	40824
/	Client:        	TNG.KHF
/	Operator:      	Zaynutdinov
/	Date:          	2019/ 5/16
/	Time:          	09:12:54
/	LONG:        	48.7000000 E
/	LAT:         	55.5000000 N
/	ZONE:        	9       
/	GMT DIFF.:   	0.0 
/------LINE-----STATION-----ALT.------GRAV.---SD.--TILTX--TILTY-TEMP---TIDE---DUR-REJ-----TIME----DEC.TIME+DATE--TERRAIN---DATE
 2.0000000   5.0000000   29.5896   6129.142 0.024    1.4    3.6 -1.17 0.012  55   0 09:13:44     6903.38392    0.0000  2019/05/16
 2.0000000   5.0000000   29.5896   6129.140 0.008    2.0    3.6 -1.17 0.012  55   0 09:14:49     6903.38467    0.0000  2019/05/16
 2.0000000   5.0000000   29.3455   6129.139 0.008    2.2    3.7 -1.17 0.011  55   0 09:15:49     6903.38537    0.0000  2019/05/16
 2.0000000   5.0000000   29.5896   6129.135 0.014    2.3    3.7 -1.18 0.011  55   0 09:16:49     6903.38606    0.0000  2019/05/16
 2.0000000   5.0000000   29.5896   6129.134 0.015    2.5    3.5 -1.19 0.011  55   1 09:17:49     6903.38675    0.0000  2019/05/16
 2.0000000   5.0000000   29.3455   6129.130 0.011    2.5    3.3 -1.21 0.010  55   0 09:18:49     6903.38745    0.0000  2019/05/16
 2.0000000   5.0000000   29.3455   6129.128 0.008    2.4    3.2 -1.23 0.010  55   0 09:19:49     6903.38814    0.0000  2019/05/16
 2.0000000   5.0000000   29.1014   6129.128 0.008    2.3    3.1 -1.24 0.010  55   0 09:20:49     6903.38883    0.0000  2019/05/16
 2.0000000   5.0000000   29.1014   6129.126 0.007    2.3    2.9 -1.26 0.009  55   0 09:21:49     6903.38953    0.0000  2019/05/16
 2.0000000   5.0000000   28.8572   6129.125 0.010    2.3    2.9 -1.28 0.009  55   0 09:22:49     6903.39022    0.0000  2019/05/16
 2.0000000   5.0000000   29.1014   6129.125 0.009    2.4    2.7 -1.29 0.009  55   0 09:23:49     6903.39091    0.0000  2019/05/16
 2.0000000   5.0000000   28.8572   6129.125 0.007    2.4    2.6 -1.31 0.008  55   0 09:24:49     6903.39161    0.0000  2019/05/16
 2.0000000   5.0000000   29.1014   6129.124 0.009    2.2    2.5 -1.32 0.008  55   0 09:25:49     6903.39230    0.0000  2019/05/16
 2.0000000   5.0000000   29.1014   6129.124 0.009    2.2    2.5 -1.34 0.007  55   0 09:26:49     6903.39299    0.0000  2019/05/16
 2.0000000   5.0000000   28.8572   6129.123 0.007    2.3    2.4 -1.35 0.007  55   0 09:27:49     6903.39369    0.0000  2019/05/16
 2.0000000   5.0000000   28.8572   6129.122 0.012    2.1    2.3 -1.36 0.007  55   0 09:28:49     6903.39438    0.0000  2019/05/16
 2.0000000   5.0000000   28.8572   6129.123 0.008    1.9    2.2 -1.37 0.006  55   0 09:29:49     6903.39507    0.0000  2019/05/16
 2.0000000   5.0000000   28.6131   6129.123 0.009    1.7    2.2 -1.38 0.006  55   0 09:30:49     6903.39577    0.0000  2019/05/16
 2.0000000   5.0000000   28.6131   6129.122 0.009    1.8    2.0 -1.38 0.006  55   0 09:31:49     6903.39646    0.0000  2019/05/16
 2.0000000   5.0000000   28.6131   6129.121 0.007    1.6    1.9 -1.39 0.005  55   0 09:32:49     6903.39715    0.0000  2019/05/16
 2.0000000   5.0000000   28.6131   6129.121 0.006    1.7    1.7 -1.40 0.005  55   0 09:33:49     6903.39785    0.0000  2019/05/16
 2.0000000   5.0000000   28.6131   6129.120 0.008    1.4    1.7 -1.40 0.004  55   0 09:34:49     6903.39854    0.0000  2019/05/16
 2.0000000   5.0000000   28.6131   6129.119 0.008    1.3    1.7 -1.41 0.004  55   0 09:35:49     6903.39923    0.0000  2019/05/16
 2.0000000   5.0000000   28.6131   6129.121 0.008    1.2    1.6 -1.41 0.004  55   0 09:36:49     6903.39993    0.0000  2019/05/16
 2.0000000   5.0000000   28.6131   6129.121 0.005    1.2    1.4 -1.41 0.003  55   0 09:37:49     6903.40062    0.0000  2019/05/16
 2.0000000   5.0000000   28.6131   6129.120 0.009    1.2    1.2 -1.42 0.003  55   0 09:38:49     6903.40131    0.0000  2019/05/16
 2.0000000   5.0000000   28.1248   6129.119 0.007    1.0    0.9 -1.42 0.002  55   0 09:39:49     6903.40201    0.0000  2019/05/16
 2.0000000   5.0000000   28.3689   6129.118 0.009    1.0    0.7 -1.42 0.002  55   0 09:40:49     6903.40270    0.0000  2019/05/16
 2.0000000   5.0000000   28.3689   6129.118 0.008    1.1    0.5 -1.43 0.002  55   0 09:41:49     6903.40339    0.0000  2019/05/16
 2.0000000   5.0000000   28.3689   6129.117 0.007    0.9    0.3 -1.43 0.001  55   0 09:42:49     6903.40409    0.0000  2019/05/16
 2.0000000   5.0000000   28.3689   6129.118 0.008    0.7    0.1 -1.43 0.001  55   0 09:43:49     6903.40478    0.0000  2019/05/16
 2.0000000   5.0000000   28.3689   6129.117 0.013    0.6    0.0 -1.43 0.000  55   0 09:44:49     6903.40547    0.0000  2019/05/16
 2.0000000   5.0000000   28.6131   6129.116 0.008    0.5   -0.2 -1.43 0.000  55   0 09:45:49     6903.40617    0.0000  2019/05/16
 2.0000000   5.0000000   28.3689   6129.117 0.009    0.5   -0.5 -1.44 0.000  55   0 09:46:49     6903.40686    0.0000  2019/05/16
 2.0000000   5.0000000   28.3689   6129.117 0.008    0.5   -0.7 -1.44 0.000  55   0 09:47:49     6903.40755    0.0000  2019/05/16
 2.0000000   5.0000000   28.3689   6129.116 0.010    0.2   -0.9 -1.44 0.000  55   0 09:48:49     6903.40825    0.0000  2019/05/16
 2.0000000   5.0000000   28.3689   6129.116 0.008    0.2   -1.1 -1.44 -0.001  55   0 09:49:49     6903.40894    0.0000  2019/05/16
 2.0000000   5.0000000   28.3689   6129.117 0.009    0.0   -1.2 -1.44 -0.001  55   0 09:50:49     6903.40963    0.0000  2019/05/16
 2.0000000   5.0000000   28.6131   6129.116 0.010    0.0   -1.4 -1.44 -0.001  55   0 09:51:49     6903.41033    0.0000  2019/05/16
 2.0000000   5.0000000   28.6131   6129.116 0.010   -0.2   -1.6 -1.44 -0.002  55   0 09:52:50     6903.41103    0.0000  2019/05/16
/	CG-5 SURVEY
/	Survey name:   	06 16 05 2019.
/	Instrument S/N:	40824
/	Client:        	TNG.KHF
/	Operator:      	Zaynutdinov
/	Date:          	2019/ 5/16
/	Time:          	10:17:39
/	LONG:        	48.7000000 E
/	LAT:         	55.6000000 N
/	ZONE:        	9       
/	GMT DIFF.:   	0.0 
/------LINE-----STATION-----ALT.------GRAV.---SD.--TILTX--TILTY-TEMP---TIDE---DUR-REJ-----TIME----DEC.TIME+DATE--TERRAIN---DATE
 2.0000000   4.0000000   29.5896   6171.900 0.051   -0.1    5.4 -1.18 -0.013  55  25 10:18:10     6903.42860    0.0000  2019/05/16
 2.0000000   4.0000000   29.5896   6171.891 0.008    0.5    5.7 -1.17 -0.013  55   0 10:19:15     6903.42935    0.0000  2019/05/16
 2.0000000   4.0000000   29.5896   6171.889 0.011    1.1    5.5 -1.18 -0.014  55   0 10:20:15     6903.43004    0.0000  2019/05/16
 2.0000000   4.0000000   29.3455   6171.888 0.009    1.5    5.1 -1.19 -0.014  55   0 10:21:15     6903.43073    0.0000  2019/05/16
 2.0000000   4.0000000   29.1014   6171.887 0.012    2.0    4.9 -1.20 -0.015  55   0 10:22:15     6903.43143    0.0000  2019/05/16
 2.0000000   4.0000000   28.8572   6171.886 0.010    2.2    4.6 -1.21 -0.015  55   0 10:23:15     6903.43212    0.0000  2019/05/16
 2.0000000   4.0000000   28.8572   6171.884 0.009    2.2    4.4 -1.23 -0.016  55   0 10:24:15     6903.43281    0.0000  2019/05/16
 2.0000000   4.0000000   28.6131   6171.884 0.006    2.2    4.2 -1.25 -0.016  55   0 10:25:15     6903.43351    0.0000  2019/05/16
 2.0000000   4.0000000   28.6131   6171.883 0.011    2.1    4.0 -1.27 -0.016  55   0 10:26:15     6903.43420    0.0000  2019/05/16
 2.0000000   4.0000000   28.3689   6171.884 0.010    2.1    3.6 -1.29 -0.017  55   0 10:27:15     6903.43489    0.0000  2019/05/16
 2.0000000   4.0000000   28.3689   6171.883 0.011    2.0    3.4 -1.30 -0.017  55   0 10:28:15     6903.43559    0.0000  2019/05/16
 2.0000000   4.0000000   28.3689   6171.883 0.007    1.8    3.3 -1.32 -0.018  55   0 10:29:15     6903.43628    0.0000  2019/05/16
 2.0000000   4.0000000   28.1248   6171.883 0.010    1.6    3.2 -1.33 -0.018  55   0 10:30:15     6903.43697    0.0000  2019/05/16
 2.0000000   4.0000000   27.8807   6171.883 0.009    1.7    3.1 -1.34 -0.019  55   0 10:31:15     6903.43767    0.0000  2019/05/16
 2.0000000   4.0000000   27.6365   6171.883 0.007    1.7    2.9 -1.36 -0.019  55   0 10:32:15     6903.43836    0.0000  2019/05/16
 2.0000000   4.0000000   27.8807   6171.883 0.007    1.6    2.8 -1.37 -0.020  55   0 10:33:15     6903.43905    0.0000  2019/05/16
 2.0000000   4.0000000   27.6365   6171.884 0.007    1.6    2.7 -1.37 -0.020  55   0 10:34:15     6903.43975    0.0000  2019/05/16
 2.0000000   4.0000000   27.6365   6171.883 0.008    1.5    2.5 -1.38 -0.021  55   0 10:35:15     6903.44044    0.0000  2019/05/16
 2.0000000   4.0000000   27.6365   6171.882 0.007    1.4    2.4 -1.39 -0.021  55   0 10:36:15     6903.44113    0.0000  2019/05/16
 2.0000000   4.0000000   27.6365   6171.882 0.006    1.3    2.3 -1.40 -0.021  55   0 10:37:15     6903.44183    0.0000  2019/05/16
 2.0000000   4.0000000   27.3924   6171.882 0.010    1.2    2.2 -1.40 -0.022  55   0 10:38:15     6903.44252    0.0000  2019/05/16
 2.0000000   4.0000000   27.6365   6171.883 0.009    1.1    2.0 -1.41 -0.022  55   0 10:39:15     6903.44321    0.0000  2019/05/16
 2.0000000   4.0000000   27.1482   6171.882 0.011    1.0    1.8 -1.41 -0.023  55   0 10:40:15     6903.44391    0.0000  2019/05/16
 2.0000000   4.0000000   27.3924   6171.883 0.009    0.9    1.7 -1.41 -0.023  55   0 10:41:15     6903.44460    0.0000  2019/05/16
 2.0000000   4.0000000   27.1482   6171.883 0.007    0.8    1.5 -1.42 -0.024  55   0 10:42:15     6903.44529    0.0000  2019/05/16
 2.0000000   4.0000000   27.1482   6171.882 0.009    0.7    1.2 -1.42 -0.024  55   0 10:43:15     6903.44599    0.0000  2019/05/16
 2.0000000   4.0000000   27.3924   6171.883 0.008    0.5    1.0 -1.42 -0.025  55   0 10:44:15     6903.44668    0.0000  2019/05/16
 2.0000000   4.0000000   27.1482   6171.883 0.007    0.3    0.7 -1.42 -0.025  55   0 10:45:15     6903.44737    0.0000  2019/05/16
 2.0000000   4.0000000   27.1482   6171.881 0.007    0.2    0.5 -1.43 -0.025  55   0 10:46:15     6903.44807    0.0000  2019/05/16
 2.0000000   4.0000000   26.9041   6171.882 0.008    0.1    0.2 -1.43 -0.026  55   0 10:47:15     6903.44876    0.0000  2019/05/16
 2.0000000   4.0000000   27.1482   6171.882 0.009    0.0    0.1 -1.43 -0.026  55   0 10:48:15     6903.44945    0.0000  2019/05/16
 2.0000000   4.0000000   26.9041   6171.883 0.009    0.0   -0.1 -1.43 -0.027  55   0 10:49:15     6903.45015    0.0000  2019/05/16
 2.0000000   4.0000000   26.9041   6171.882 0.008   -0.1   -0.3 -1.43 -0.027  55   0 10:50:15     6903.45084    0.0000  2019/05/16
 2.0000000   4.0000000   26.9041   6171.883 0.010   -0.2   -0.5 -1.43 -0.028  55   0 10:51:15     6903.45153    0.0000  2019/05/16
 2.0000000   4.0000000   26.9041   6171.881 0.008   -0.4   -0.7 -1.43 -0.028  55   0 10:52:15     6903.45223    0.0000  2019/05/16
 2.0000000   4.0000000   26.9041   6171.881 0.009   -0.5   -0.9 -1.43 -0.029  55   0 10:53:15     6903.45292    0.0000  2019/05/16
 2.0000000   4.0000000   26.9041   6171.882 0.008   -0.7   -1.0 -1.43 -0.029  55   0 10:54:15     6903.45361    0.0000  2019/05/16
 2.0000000   4.0000000   27.1482   6171.882 0.011   -0.8   -1.3 -1.43 -0.030  55   0 10:55:15     6903.45431    0.0000  2019/05/16
 2.0000000   4.0000000   26.9041   6171.881 0.009   -1.0   -1.4 -1.43 -0.030  55   0 10:56:15     6903.45500    0.0000  2019/05/16
 2.0000000   4.0000000   26.9041   6171.882 0.008   -1.0   -1.5 -1.43 -0.030  55   0 10:57:16     6903.45570    0.0000  2019/05/16
/	CG-5 SURVEY
/	Survey name:   	07 16 05 2019.
/	Instrument S/N:	40824
/	Client:        	TNG.KHF
/	Operator:      	Zaynutdinov
/	Date:          	2019/ 5/16
/	Time:          	11:51:00
/	LONG:        	48.8000000 E
/	LAT:         	55.8000000 N
/	ZONE:        	9       
/	GMT DIFF.:   	0.0 
/------LINE-----STATION-----ALT.------GRAV.---SD.--TILTX--TILTY-TEMP---TIDE---DUR-REJ-----TIME----DEC.TIME+DATE--TERRAIN---DATE
 2.0000000   1.0000000   27.1482   6189.427 0.042   -4.2   -0.9 -1.05 -0.054  55   0 11:51:38     6903.49340    0.0000  2019/05/16
 2.0000000   1.0000000   27.1482   6189.423 0.040   -3.7   -1.5 -1.06 -0.055  55   0 11:52:43     6903.49415    0.0000  2019/05/16
 2.0000000   1.0000000   26.6600   6189.420 0.030   -3.1   -2.1 -1.08 -0.055  55   0 11:53:43     6903.49484    0.0000  2019/05/16
 2.0000000   1.0000000   26.4158   6189.418 0.027   -2.6   -2.7 -1.09 -0.055  55   0 11:54:43     6903.49554    0.0000  2019/05/16
 2.0000000   1.0000000   26.1717   6189.416 0.029   -2.1   -3.2 -1.12 -0.056  55   0 11:55:43     6903.49623    0.0000  2019/05/16
 2.0000000   1.0000000   26.1717   6189.414 0.038   -1.7   -3.8 -1.14 -0.056  55   0 11:56:43     6903.49692    0.0000  2019/05/16
 2.0000000   1.0000000   25.9275   6189.412 0.034   -1.6   -4.1 -1.17 -0.057  55   0 11:57:43     6903.49762    0.0000  2019/05/16
 2.0000000   1.0000000   25.6834   6189.411 0.027   -1.6   -4.5 -1.19 -0.057  55   0 11:58:43     6903.49831    0.0000  2019/05/16
 2.0000000   1.0000000   25.4393   6189.411 0.038   -1.5   -4.9 -1.21 -0.057  55   0 11:59:43     6903.49900    0.0000  2019/05/16
 2.0000000   1.0000000   25.4393   6189.409 0.033   -1.5   -5.2 -1.23 -0.058  55   0 12:00:43     6903.49970    0.0000  2019/05/16
 2.0000000   1.0000000   25.1951   6189.410 0.030   -1.6   -5.5 -1.25 -0.058  55   0 12:01:43     6903.50039    0.0000  2019/05/16
 2.0000000   1.0000000   25.1951   6189.409 0.044   -1.6   -5.7 -1.27 -0.059  55   0 12:02:43     6903.50108    0.0000  2019/05/16
 2.0000000   1.0000000   24.7068   6189.408 0.038   -1.6   -5.9 -1.29 -0.059  55   0 12:03:43     6903.50178    0.0000  2019/05/16
 2.0000000   1.0000000   24.7068   6189.409 0.033   -1.7   -6.1 -1.31 -0.059  55   0 12:04:43     6903.50247    0.0000  2019/05/16
 2.0000000   1.0000000   24.7068   6189.407 0.031   -1.9   -6.3 -1.32 -0.060  55   0 12:05:43     6903.50316    0.0000  2019/05/16
 2.0000000   1.0000000   24.4627   6189.406 0.029   -1.9   -6.5 -1.33 -0.060  55   0 12:06:43     6903.50386    0.0000  2019/05/16
 2.0000000   1.0000000   24.2186   6189.406 0.032   -2.0   -6.7 -1.34 -0.060  55   0 12:07:43     6903.50455    0.0000  2019/05/16
 2.0000000   1.0000000   24.2186   6189.407 0.027   -2.2   -6.8 -1.35 -0.061  55   0 12:08:43     6903.50524    0.0000  2019/05/16
 2.0000000   1.0000000   23.9744   6189.406 0.026   -2.2   -7.1 -1.36 -0.061  55   0 12:09:43     6903.50594    0.0000  2019/05/16
 2.0000000   1.0000000   23.9744   6189.406 0.030   -2.4   -7.2 -1.37 -0.061  55   0 12:10:43     6903.50663    0.0000  2019/05/16
 2.0000000   1.0000000   23.7303   6189.406 0.027   -2.6   -7.4 -1.38 -0.062  55   0 12:11:43     6903.50732    0.0000  2019/05/16
 2.0000000   1.0000000   23.7303   6189.405 0.031   -2.7   -7.6 -1.39 -0.062  55   0 12:12:43     6903.50802    0.0000  2019/05/16
 2.0000000   1.0000000   23.7303   6189.405 0.026   -2.9   -7.8 -1.39 -0.062  55   0 12:13:43     6903.50871    0.0000  2019/05/16
 2.0000000   1.0000000   23.4861   6189.405 0.027   -3.1   -8.1 -1.39 -0.063  55   0 12:14:43     6903.50940    0.0000  2019/05/16
 2.0000000   1.0000000   23.2420   6189.405 0.031   -3.2   -8.4 -1.40 -0.063  55   0 12:15:43     6903.51010    0.0000  2019/05/16
 2.0000000   1.0000000   23.2420   6189.405 0.037   -3.4   -8.7 -1.40 -0.064  55   0 12:16:43     6903.51079    0.0000  2019/05/16
 2.0000000   1.0000000   23.2420   6189.405 0.029   -3.5   -9.0 -1.40 -0.064  55   0 12:17:43     6903.51148    0.0000  2019/05/16
 2.0000000   1.0000000   22.9979   6189.403 0.035   -3.8   -9.3 -1.41 -0.064  55   0 12:18:43     6903.51218    0.0000  2019/05/16
 2.0000000   1.0000000   22.9979   6189.406 0.034   -3.9   -9.5 -1.41 -0.065  55   0 12:19:43     6903.51287    0.0000  2019/05/16
 2.0000000   1.0000000   22.7537   6189.404 0.035   -4.1   -9.7 -1.41 -0.065  55   0 12:20:43     6903.51356    0.0000  2019/05/16
 2.0000000   1.0000000   22.9979   6189.402 0.036   -4.3   -9.9 -1.42 -0.065  55   0 12:21:43     6903.51426    0.0000  2019/05/16
 2.0000000   1.0000000   22.7537   6189.404 0.056   -4.5  -10.2 -1.42 -0.066  55   0 12:22:43     6903.51495    0.0000  2019/05/16
 2.0000000   1.0000000   22.7537   6189.402 0.083   -4.7  -10.5 -1.42 -0.066  55   0 12:23:43     6903.51564    0.0000  2019/05/16
 2.0000000   1.0000000   22.7537   6189.405 0.061   -4.7  -10.7 -1.42 -0.066  55   0 12:24:43     6903.51634    0.0000  2019/05/16
 2.0000000   1.0000000   22.5096   6189.402 0.090   -5.1  -10.9 -1.42 -0.067  55   0 12:25:43     6903.51703    0.0000  2019/05/16
 2.0000000   1.0000000   22.5096   6189.404 0.068   -5.1  -11.3 -1.42 -0.067  55   0 12:26:43     6903.51772    0.0000  2019/05/16
 2.0000000   1.0000000   22.5096   6189.407 0.078   -5.3  -11.4 -1.42 -0.067  55   1 12:27:43     6903.51842    0.0000  2019/05/16
 2.0000000   1.0000000   22.2654   6189.403 0.107   -5.4  -11.6 -1.42 -0.068  55   0 12:28:43     6903.51911    0.0000  2019/05/16
 2.0000000   1.0000000   22.2654   6189.402 0.087   -5.5  -11.7 -1.42 -0.068  55   0 12:29:43     6903.51980    0.0000  2019/05/16
 2.0000000   1.0000000   22.2654   6189.402 0.085   -5.8  -12.0 -1.42 -0.068  55   0 12:30:44     6903.52051    0.0000  2019/05/16