
/	CG-5 SURVEY
/	Survey name:   	00 17 05 2019.
/	Instrument S/N:	40824
/	Client:        	TNG.KHF
/	Operator:      	Zaynutdinov
/	Date:          	2019/ 5/17
/	Time:          	03:21:17
/	LONG:        	48.8000000 E
/	LAT:         	55.8000000 N
/	ZONE:        	9       
/	GMT DIFF.:   	0.0 

/	CG-5 SETUP PARAMETERS
/	Gref:			0.000   
/	Gcal1:		8394.709
/	TiltxS:		629.414 
/	TiltyS:		674.620 
/	TiltxO:		-40.315 
/	TiltyO:		29.308  
/	Tempco:		-0.130  
/	Drift:		0.575   
/	DriftTime Start:	03:21:19
/	DriftDate Start:	2019/05/17

/	CG-5 OPTIONS
/	Tide Correction:    YES
/	Cont. Tilt:         YES
/	Auto Rejection:     YES
/	Terrain Corr.:       NO
/	Seismic Filter:     YES
/	Raw Data:           YES
Line	   2.000N
/------LINE-----STATION-----ALT.------GRAV.---SD.--TILTX--TILTY-TEMP---TIDE---DUR-REJ-----TIME----DEC.TIME+DATE--TERRAIN---DATE
 2.0000000   1.0000000   27.8807   6190.008 0.034    0.6   -1.2 -1.15 -0.051  55   0 03:22:01     6904.14006    0.0000  2019/05/17
 2.0000000   1.0000000   27.6365   6190.004 0.029    2.0   -1.9 -1.16 -0.051  55   0 03:23:06     6904.14082    0.0000  2019/05/17
 2.0000000   1.0000000   27.6365   6189.999 0.053    3.0   -2.3 -1.17 -0.050  55   9 03:24:06     6904.14151    0.0000  2019/05/17
 2.0000000   1.0000000   27.1482   6189.998 0.102    3.2   -2.7 -1.18 -0.050  55   1 03:25:06     6904.14220    0.0000  2019/05/17
 2.0000000   1.0000000   26.9041   6189.997 0.040    3.7   -3.2 -1.19 -0.049  55   0 03:26:06     6904.14290    0.0000  2019/05/17
 2.0000000   1.0000000   26.6600   6189.995 0.040    3.7   -3.3 -1.21 -0.049  55   0 03:27:06     6904.14359    0.0000  2019/05/17
 2.0000000   1.0000000   26.6600   6189.993 0.056    3.8   -3.7 -1.23 -0.048  55   0 03:28:06     6904.14428    0.0000  2019/05/17
 2.0000000   1.0000000   26.4158   6189.989 0.042    3.7   -3.9 -1.24 -0.048  55   1 03:29:06     6904.14498    0.0000  2019/05/17
 2.0000000   1.0000000   26.1717   6189.993 0.051    3.5   -4.1 -1.26 -0.047  55   2 03:30:06     6904.14567    0.0000  2019/05/17
 2.0000000   1.0000000   25.9275   6189.991 0.020    3.3   -4.4 -1.28 -0.047  55   0 03:31:06     6904.14636    0.0000  2019/05/17
 2.0000000   1.0000000   25.6834   6189.990 0.013    3.0   -4.6 -1.30 -0.046  55   0 03:32:06     6904.14706    0.0000  2019/05/17
 2.0000000   1.0000000   25.6834   6189.988 0.013    2.8   -4.8 -1.31 -0.046  55   0 03:33:06     6904.14775    0.0000  2019/05/17
 2.0000000   1.0000000   25.4393   6189.987 0.027    2.6   -5.0 -1.33 -0.045  55   0 03:34:06     6904.14844    0.0000  2019/05/17
 2.0000000   1.0000000   25.1951   6189.987 0.020    2.4   -5.3 -1.34 -0.045  55   2 03:35:06     6904.14914    0.0000  2019/05/17
 2.0000000   1.0000000   25.1951   6189.986 0.018    2.0   -5.5 -1.36 -0.044  55  17 03:36:06     6904.14983    0.0000  2019/05/17
/	CG-5 SURVEY
/	Survey name:   	01 17 05 2019.
/	Instrument S/N:	40824
/	Client:        	TNG.KHF
/	Operator:      	Zaynutdinov
/	Date:          	2019/ 5/17
/	Time:          	03:37:45
/	LONG:        	48.8000000 E
/	LAT:         	55.8000000 N
/	ZONE:        	9       
/	GMT DIFF.:   	0.0 
/------LINE-----STATION-----ALT.------GRAV.---SD.--TILTX--TILTY-TEMP---TIDE---DUR-REJ-----TIME----DEC.TIME+DATE--TERRAIN---DATE
 2.0000000   1.0000000   24.7068   6189.987 0.032   -3.7    1.0 -1.38 -0.043  55   3 03:38:06     6904.15122    0.0000  2019/05/17
 2.0000000   1.0000000   24.4627   6189.986 0.024   -3.9    0.8 -1.39 -0.043  55   0 03:39:11     6904.15197    0.0000  2019/05/17
 2.0000000   1.0000000   24.4627   6189.985 0.020   -3.9    0.8 -1.39 -0.042  55   0 03:40:11     6904.15266    0.0000  2019/05/17
 2.0000000   1.0000000   24.4627   6189.984 0.023   -3.9    0.5 -1.40 -0.042  55   0 03:41:11     6904.15335    0.0000  2019/05/17
 2.0000000   1.0000000   24.2186   6189.985 0.024   -4.0    0.4 -1.41 -0.041  55   0 03:42:11     6904.15405    0.0000  2019/05/17
 2.0000000   1.0000000   24.2186   6189.984 0.028   -4.1    0.1 -1.41 -0.041  55   0 03:43:11     6904.15474    0.0000  2019/05/17
 2.0000000   1.0000000   23.9744   6189.983 0.038   -4.3    0.0 -1.41 -0.040  55   0 03:44:11     6904.15543    0.0000  2019/05/17
 2.0000000   1.0000000   23.9744   6189.982 0.052   -4.6   -0.2 -1.42 -0.040  55   0 03:45:11     6904.15613    0.0000  2019/05/17
 2.0000000   1.0000000   23.7303   6189.981 0.038   -4.7   -0.5 -1.42 -0.039  55   0 03:46:11     6904.15682    0.0000  2019/05/17
 2.0000000   1.0000000   23.7303   6189.982 0.055   -4.9   -0.8 -1.43 -0.039  55   0 03:47:11     6904.15751    0.0000  2019/05/17
 2.0000000   1.0000000   23.4861   6189.982 0.075   -5.1   -1.0 -1.43 -0.038  55   0 03:48:11     6904.15821    0.0000  2019/05/17
 2.0000000   1.0000000   23.4861   6189.981 0.071   -5.3   -1.2 -1.43 -0.038  55   0 03:49:11     6904.15890    0.0000  2019/05/17
 2.0000000   1.0000000   23.4861   6189.981 0.047   -5.4   -1.5 -1.43 -0.037  55   0 03:50:11     6904.15959    0.0000  2019/05/17
 2.0000000   1.0000000   23.2420   6189.980 0.036   -5.7   -1.7 -1.43 -0.037  55   0 03:51:11     6904.16029    0.0000  2019/05/17
 2.0000000   1.0000000   23.2420   6189.980 0.032   -5.8   -1.9 -1.43 -0.036  55   0 03:52:11     6904.16098    0.0000  2019/05/17
 2.0000000   1.0000000   22.9979   6189.979 0.020   -6.1   -2.2 -1.43 -0.035  55   0 03:53:11     6904.16167    0.0000  2019/05/17
 2.0000000   1.0000000   22.9979   6189.980 0.020   -6.2   -2.4 -1.43 -0.035  55   0 03:54:11     6904.16237    0.0000  2019/05/17
 2.0000000   1.0000000   22.9979   6189.980 0.020   -6.4   -2.6 -1.43 -0.034  55   0 03:55:11     6904.16306    0.0000  2019/05/17
 2.0000000   1.0000000   22.9979   6189.979 0.020   -6.6   -2.8 -1.44 -0.034  55   0 03:56:11     6904.16375    0.0000  2019/05/17
 2.0000000   1.0000000   22.7537   6189.979 0.023   -6.9   -3.0 -1.44 -0.033  55   0 03:57:11     6904.16445    0.0000  2019/05/17
 2.0000000   1.0000000   22.7537   6189.979 0.017   -6.9   -3.2 -1.44 -0.033  55   0 03:58:11     6904.16514    0.0000  2019/05/17
 2.0000000   1.0000000   22.7537   6189.980 0.019   -7.2   -3.3 -1.43 -0.032  55   0 03:59:11     6904.16583    0.0000  2019/05/17
 2.0000000   1.0000000   22.5096   6189.979 0.020   -7.4   -3.5 -1.43 -0.032  55   0 04:00:11     6904.16653    0.0000  2019/05/17
 2.0000000   1.0000000   22.5096   6189.979 0.028   -7.5   -3.7 -1.43 -0.031  55   0 04:01:11     6904.16722    0.0000  2019/05/17
 2.0000000   1.0000000   22.2654   6189.979 0.027   -7.7   -3.9 -1.44 -0.031  55   0 04:02:11     6904.16791    0.0000  2019/05/17
 2.0000000   1.0000000   22.5096   6189.977 0.055   -7.8   -4.0 -1.43 -0.030  55   0 04:03:11     6904.16861    0.0000  2019/05/17
 2.0000000   1.0000000   22.2654   6189.978 0.032   -8.0   -4.1 -1.43 -0.030  55   0 04:04:11     6904.16930    0.0000  2019/05/17
 2.0000000   1.0000000   22.0213   6189.979 0.026   -8.2   -4.3 -1.43 -0.029  55   0 04:05:11     6904.16999    0.0000  2019/05/17
 2.0000000   1.0000000   22.0213   6189.979 0.026   -8.3   -4.4 -1.43 -0.029  55   0 04:06:11     6904.17069    0.0000  2019/05/17
 2.0000000   1.0000000   22.2654   6189.977 0.025   -8.5   -4.6 -1.43 -0.028  55   0 04:07:11     6904.17138    0.0000  2019/05/17
 2.0000000   1.0000000   22.0213   6189.977 0.022   -8.7   -4.7 -1.44 -0.027  55   0 04:08:11     6904.17207    0.0000  2019/05/17
 2.0000000   1.0000000   22.0213   6189.977 0.021   -8.9   -4.8 -1.43 -0.027  55   0 04:09:11     6904.17277    0.0000  2019/05/17
 2.0000000   1.0000000   22.0213   6189.977 0.016   -9.3   -4.9 -1.43 -0.026  55   0 04:10:11     6904.17346    0.0000  2019/05/17
 2.0000000   1.0000000   22.0213   6189.977 0.019   -9.3   -5.0 -1.43 -0.026  55   0 04:11:11     6904.17415    0.0000  2019/05/17
 2.0000000   1.0000000   21.7772   6189.976 0.018   -9.5   -5.1 -1.43 -0.025  55   0 04:12:11     6904.17485    0.0000  2019/05/17
 2.0000000   1.0000000   21.7772   6189.976 0.017   -9.7   -5.2 -1.43 -0.025  55   0 04:13:11     6904.17554    0.0000  2019/05/17
 2.0000000   1.0000000   21.5330   6189.975 0.020   -9.9   -5.4 -1.43 -0.024  55   0 04:14:11     6904.17623    0.0000  2019/05/17
 2.0000000   1.0000000   21.7772   6189.976 0.023   -9.9   -5.4 -1.43 -0.024  55   0 04:15:11     6904.17693    0.0000  2019/05/17
 2.0000000   1.0000000   21.5330   6189.977 0.021  -10.1   -5.5 -1.43 -0.023  55   0 04:16:11     6904.17762    0.0000  2019/05/17
 2.0000000   1.0000000   21.7772   6189.974 0.022  -10.2   -5.6 -1.43 -0.023  55   0 04:17:12     6904.17833    0.0000  2019/05/17
/	CG-5 SURVEY
/	Survey name:   	02 17 05 2019.
/	Instrument S/N:	40824
/	Client:        	TNG.KHF
/	Operator:      	Zaynutdinov
/	Date:          	2019/ 5/17
/	Time:          	05:10:10
/	LONG:        	48.7000000 E
/	LAT:         	55.6000000 N
/	ZONE:        	9       
/	GMT DIFF.:   	0.0 
/------LINE-----STATION-----ALT.------GRAV.---SD.--TILTX--TILTY-TEMP---TIDE---DUR-REJ-----TIME----DEC.TIME+DATE--TERRAIN---DATE
 2.0000000   4.0000000   24.7068   6172.472 0.044    3.6    2.9 -1.09 0.005  55   5 05:10:41     6904.21541    0.0000  2019/05/17
 2.0000000   4.0000000   24.7068   6172.464 0.009    4.8    3.5 -1.09 0.006  55   1 05:11:46     6904.21616    0.0000  2019/05/17
 2.0000000   4.0000000   24.7068   6172.461 0.008    5.3    3.3 -1.10 0.006  55   0 05:12:46     6904.21685    0.0000  2019/05/17
 2.0000000   4.0000000   24.4627   6172.461 0.009    5.4    3.0 -1.11 0.007  55   0 05:13:46     6904.21754    0.0000  2019/05/17
 2.0000000   4.0000000   24.4627   6172.457 0.006    6.3    2.9 -1.13 0.007  55   0 05:14:46     6904.21824    0.0000  2019/05/17
 2.0000000   4.0000000   24.2186   6172.457 0.009    7.2    2.9 -1.15 0.008  55   0 05:15:46     6904.21893    0.0000  2019/05/17
 2.0000000   4.0000000   24.2186   6172.457 0.010    7.5    2.9 -1.18 0.008  55   0 05:16:46     6904.21962    0.0000  2019/05/17
 2.0000000   4.0000000   24.2186   6172.454 0.010    7.6    2.9 -1.20 0.009  55   0 05:17:46     6904.22032    0.0000  2019/05/17
 2.0000000   4.0000000   24.2186   6172.454 0.006    7.8    2.9 -1.22 0.009  55   0 05:18:46     6904.22101    0.0000  2019/05/17
 2.0000000   4.0000000   24.2186   6172.453 0.008    7.8    2.9 -1.25 0.010  55   0 05:19:46     6904.22170    0.0000  2019/05/17
 2.0000000   4.0000000   24.2186   6172.453 0.007    7.7    2.7 -1.27 0.010  55   0 05:20:46     6904.22240    0.0000  2019/05/17
 2.0000000   4.0000000   24.2186   6172.453 0.007    7.1    2.7 -1.29 0.011  55   0 05:21:46     6904.22309    0.0000  2019/05/17
 2.0000000   4.0000000   23.9744   6172.452 0.007    6.3    2.4 -1.31 0.011  55   0 05:22:46     6904.22378    0.0000  2019/05/17
 2.0000000   4.0000000   23.9744   6172.452 0.007    6.0    2.2 -1.32 0.012  55   0 05:23:46     6904.22448    0.0000  2019/05/17
 2.0000000   4.0000000   23.9744   6172.452 0.008    6.2    2.0 -1.33 0.012  55   0 05:24:46     6904.22517    0.0000  2019/05/17
 2.0000000   4.0000000   23.9744   6172.451 0.009    6.6    1.9 -1.35 0.013  55   0 05:25:46     6904.22586    0.0000  2019/05/17
 2.0000000   4.0000000   23.7303   6172.450 0.007    7.0    1.9 -1.36 0.013  55   0 05:26:46     6904.22656    0.0000  2019/05/17
 2.0000000   4.0000000   23.7303   6172.450 0.007    7.2    2.0 -1.37 0.014  55   0 05:27:46     6904.22725    0.0000  2019/05/17
 2.0000000   4.0000000   23.7303   6172.450 0.007    7.1    1.9 -1.38 0.014  55   0 05:28:46     6904.22794    0.0000  2019/05/17
 2.0000000   4.0000000   23.7303   6172.451 0.007    7.2    1.9 -1.39 0.015  55   0 05:29:46     6904.22864    0.0000  2019/05/17
 2.0000000   4.0000000   23.7303   6172.451 0.008    7.0    1.7 -1.39 0.015  55   0 05:30:46     6904.22933    0.0000  2019/05/17
 2.0000000   4.0000000   23.7303   6172.449 0.009    6.9    1.7 -1.40 0.016  55   0 05:31:46     6904.23002    0.0000  2019/05/17
 2.0000000   4.0000000   23.7303   6172.449 0.009    6.9    1.6 -1.41 0.016  55   0 05:32:46     6904.23072    0.0000  2019/05/17
 2.0000000   4.0000000   23.7303   6172.449 0.010    6.2    1.2 -1.41 0.017  55   0 05:33:46     6904.23141    0.0000  2019/05/17
 2.0000000   4.0000000   23.7303   6172.448 0.008    5.8    0.9 -1.42 0.017  55   0 05:34:46     6904.23210    0.0000  2019/05/17
 2.0000000   4.0000000   23.7303   6172.450 0.007    5.8    0.8 -1.42 0.018  55   0 05:35:46     6904.23280    0.0000  2019/05/17
 2.0000000   4.0000000   23.7303   6172.449 0.009    5.6    0.5 -1.42 0.018  55   0 05:36:46     6904.23349    0.0000  2019/05/17
 2.0000000   4.0000000   23.4861   6172.450 0.009    5.4    0.0 -1.43 0.019  55   0 05:37:46     6904.23418    0.0000  2019/05/17
 2.0000000   4.0000000   23.7303   6172.448 0.009    5.4   -0.1 -1.43 0.019  55   0 05:38:46     6904.23488    0.0000  2019/05/17
 2.0000000   4.0000000   23.7303   6172.448 0.010    5.7   -0.2 -1.43 0.020  55   0 05:39:46     6904.23557    0.0000  2019/05/17
 2.0000000   4.0000000   23.4861   6172.449 0.009    5.5   -0.3 -1.43 0.020  55   0 05:40:46     6904.23626    0.0000  2019/05/17
 2.0000000   4.0000000   23.7303   6172.449 0.007    5.8   -0.4 -1.44 0.021  55   0 05:41:46     6904.23696    0.0000  2019/05/17
 2.0000000   4.0000000   23.7303   6172.448 0.009    5.2   -0.7 -1.44 0.021  55   0 05:42:46     6904.23765    0.0000  2019/05/17
 2.0000000   4.0000000   23.4861   6172.449 0.008    4.6   -1.1 -1.44 0.021  55   0 05:43:46     6904.23834    0.0000  2019/05/17
 2.0000000   4.0000000   23.4861   6172.448 0.007    4.5   -1.1 -1.44 0.022  55   0 05:44:46     6904.23904    0.0000  2019/05/17
 2.0000000   4.0000000   23.2420   6172.449 0.008    4.5   -1.3 -1.44 0.022  55   0 05:45:46     6904.23973    0.0000  2019/05/17
 2.0000000   4.0000000   23.2420   6172.449 0.008    4.7   -1.3 -1.44 0.023  55   0 05:46:46     6904.24042    0.0000  2019/05/17
 2.0000000   4.0000000   23.2420   6172.449 0.006    4.6   -1.7 -1.44 0.023  55   0 05:47:46     6904.24112    0.0000  2019/05/17
 2.0000000   4.0000000   23.2420   6172.448 0.008    4.4   -1.8 -1.44 0.024  55   0 05:48:46     6904.24181    0.0000  2019/05/17
 2.0000000   4.0000000   23.2420   6172.449 0.008    4.0   -2.0 -1.44 0.024  55   0 05:49:47     6904.24252    0.0000  2019/05/17
/	CG-5 SURVEY
/	Survey name:   	03 17 05 2019.
/	Instrument S/N:	40824
/	Client:        	TNG.KHF
/	Operator:      	Zaynutdinov
/	Date:          	2019/ 5/17
/	Time:          	06:13:38
/	LONG:        	48.7000000 E
/	LAT:         	55.5000000 N
/	ZONE:        	9       
/	GMT DIFF.:   	0.0 
/------LINE-----STATION-----ALT.------GRAV.---SD.--TILTX--TILTY-TEMP---TIDE---DUR-REJ-----TIME----DEC.TIME+DATE--TERRAIN---DATE
 2.0000000   5.0000000   25.1951   6129.671 0.012    2.3   -3.5 -1.19 0.035  55   1 06:14:40     6904.25977    0.0000  2019/05/17
 2.0000000   5.0000000   25.1951   6129.670 0.022    2.5   -3.2 -1.19 0.035  55  13 06:15:45     6904.26052    0.0000  2019/05/17
 2.0000000   5.0000000   25.1951   6129.671 0.009    2.5   -3.5 -1.19 0.035  55   2 06:16:45     6904.26121    0.0000  2019/05/17
 2.0000000   5.0000000   25.1951   6129.670 0.007    2.7   -3.5 -1.20 0.036  55   0 06:17:45     6904.26191    0.0000  2019/05/17
 2.0000000   5.0000000   25.4393   6129.669 0.011    3.0   -3.8 -1.21 0.036  55   0 06:18:45     6904.26260    0.0000  2019/05/17
 2.0000000   5.0000000   25.1951   6129.670 0.009    3.2   -3.8 -1.23 0.037  55   0 06:19:45     6904.26329    0.0000  2019/05/17
 2.0000000   5.0000000   25.1951   6129.671 0.005    3.4   -3.9 -1.25 0.037  55   0 06:20:45     6904.26399    0.0000  2019/05/17
 2.0000000   5.0000000   25.1951   6129.670 0.007    3.7   -3.9 -1.26 0.037  55   0 06:21:45     6904.26468    0.0000  2019/05/17
 2.0000000   5.0000000   25.1951   6129.672 0.009    3.8   -3.9 -1.28 0.038  55   0 06:22:45     6904.26537    0.0000  2019/05/17
 2.0000000   5.0000000   24.9510   6129.671 0.007    4.0   -4.0 -1.30 0.038  55   0 06:23:45     6904.26607    0.0000  2019/05/17
 2.0000000   5.0000000   24.9510   6129.670 0.007    4.1   -4.1 -1.32 0.038  55   0 06:24:45     6904.26676    0.0000  2019/05/17
 2.0000000   5.0000000   24.7068   6129.672 0.009    4.3   -4.3 -1.33 0.039  55   0 06:25:45     6904.26745    0.0000  2019/05/17
 2.0000000   5.0000000   24.9510   6129.671 0.006    4.4   -4.2 -1.35 0.039  55   0 06:26:45     6904.26815    0.0000  2019/05/17
 2.0000000   5.0000000   24.9510   6129.672 0.007    4.5   -4.2 -1.36 0.039  55   0 06:27:45     6904.26884    0.0000  2019/05/17
 2.0000000   5.0000000   24.9510   6129.671 0.008    4.6   -4.4 -1.37 0.040  55   0 06:28:45     6904.26953    0.0000  2019/05/17
 2.0000000   5.0000000   24.9510   6129.673 0.007    4.7   -4.4 -1.38 0.040  55   0 06:29:45     6904.27023    0.0000  2019/05/17
 2.0000000   5.0000000   24.7068   6129.672 0.008    4.8   -4.5 -1.39 0.040  55   0 06:30:45     6904.27092    0.0000  2019/05/17
 2.0000000   5.0000000   24.7068   6129.673 0.008    4.8   -4.6 -1.40 0.041  55   0 06:31:45     6904.27161    0.0000  2019/05/17
 2.0000000   5.0000000   24.9510   6129.673 0.008    4.8   -4.8 -1.41 0.041  55   0 06:32:45     6904.27231    0.0000  2019/05/17
 2.0000000   5.0000000   24.7068   6129.674 0.009    4.7   -4.8 -1.41 0.041  55   0 06:33:45     6904.27300    0.0000  2019/05/17
 2.0000000   5.0000000   24.7068   6129.673 0.008    4.7   -4.8 -1.42 0.042  55   0 06:34:45     6904.27369    0.0000  2019/05/17
 2.0000000   5.0000000   24.7068   6129.674 0.008    4.6   -4.8 -1.42 0.042  55   0 06:35:45     6904.27439    0.0000  2019/05/17
 2.0000000   5.0000000   24.4627   6129.673 0.006    4.5   -5.0 -1.43 0.042  55   0 06:36:45     6904.27508    0.0000  2019/05/17
 2.0000000   5.0000000   24.7068   6129.672 0.007    4.2   -5.2 -1.43 0.042  55   0 06:37:45     6904.27577    0.0000  2019/05/17
 2.0000000   5.0000000   24.4627   6129.672 0.006    4.1   -5.4 -1.43 0.043  55   1 06:38:45     6904.27647    0.0000  2019/05/17
 2.0000000   5.0000000   24.4627   6129.672 0.008    4.1   -5.5 -1.44 0.043  55   0 06:39:45     6904.27716    0.0000  2019/05/17
 2.0000000   5.0000000   24.4627   6129.673 0.009    4.1   -5.6 -1.44 0.043  55   0 06:40:45     6904.27785    0.0000  2019/05/17
 2.0000000   5.0000000   24.2186   6129.672 0.007    4.2   -5.9 -1.44 0.044  55   0 06:41:45     6904.27855    0.0000  2019/05/17
 2.0000000   5.0000000   24.4627   6129.672 0.008    4.2   -6.2 -1.44 0.044  55   0 06:42:45     6904.27924    0.0000  2019/05/17
 2.0000000   5.0000000   24.2186   6129.672 0.007    4.3   -6.2 -1.45 0.044  55   0 06:43:45     6904.27993    0.0000  2019/05/17
 2.0000000   5.0000000   24.2186   6129.673 0.009    4.2   -6.4 -1.45 0.044  55   0 06:44:45     6904.28063    0.0000  2019/05/17
 2.0000000   5.0000000   24.2186   6129.672 0.008    4.2   -6.7 -1.45 0.045  55   0 06:45:45     6904.28132    0.0000  2019/05/17
 2.0000000   5.0000000   24.2186   6129.674 0.010    4.1   -7.1 -1.45 0.045  55   1 06:46:45     6904.28201    0.0000  2019/05/17
 2.0000000   5.0000000   24.2186   6129.674 0.007    4.0   -7.1 -1.45 0.045  55   0 06:47:45     6904.28271    0.0000  2019/05/17
 2.0000000   5.0000000   24.2186   6129.675 0.010    3.9   -7.3 -1.45 0.046  55   0 06:48:45     6904.28340    0.0000  2019/05/17
 2.0000000   5.0000000   23.9744   6129.674 0.008    3.8   -7.5 -1.45 0.046  55   0 06:49:45     6904.28409    0.0000  2019/05/17
 2.0000000   5.0000000   24.2186   6129.674 0.007    3.7   -7.8 -1.46 0.046  55   0 06:50:45     6904.28479    0.0000  2019/05/17
 2.0000000   5.0000000   24.2186   6129.675 0.006    3.6   -8.0 -1.46 0.046  55   0 06:51:45     6904.28548    0.0000  2019/05/17
 2.0000000   5.0000000   23.9744   6129.674 0.007    3.6   -8.1 -1.46 0.047  55   0 06:52:45     6904.28617    0.0000  2019/05/17
 2.0000000   5.0000000   24.2186   6129.675 0.008    3.3   -8.3 -1.46 0.047  55   0 06:53:46     6904.28688    0.0000  2019/05/17
/	CG-5 SURVEY
/	Survey name:   	04 17 05 2019.
/	Instrument S/N:	40824
/	Client:        	TNG.KHF
/	Operator:      	Zaynutdinov
/	Date:          	2019/ 5/17
/	Time:          	07:39:27
/	LONG:        	48.5000000 E
/	LAT:         	55.1000000 N
/	ZONE:        	9       
/	GMT DIFF.:   	0.0 
/------LINE-----STATION-----ALT.------GRAV.---SD.--TILTX--TILTY-TEMP---TIDE---DUR-REJ-----TIME----DEC.TIME+DATE--TERRAIN---DATE
 2.0000000   6.0000000   32.0310   6096.809 0.040   -0.2   -0.5 -1.06 0.056  55   2 07:40:18     6904.31914    0.0000  2019/05/17
 2.0000000   6.0000000   32.0310   6096.807 0.026    0.0    0.1 -1.07 0.056  55   2 07:41:23     6904.31989    0.0000  2019/05/17
 2.0000000   6.0000000   31.5428   6096.808 0.015    1.0    0.6 -1.09 0.056  55   0 07:42:23     6904.32059    0.0000  2019/05/17
 2.0000000   6.0000000   31.0545   6096.807 0.012    2.2    0.8 -1.12 0.056  55   0 07:43:23     6904.32128    0.0000  2019/05/17
 2.0000000   6.0000000   30.8103   6096.808 0.016    3.0    0.7 -1.15 0.056  55   4 07:44:23     6904.32197    0.0000  2019/05/17
 2.0000000   6.0000000   30.5662   6096.808 0.014    3.9    0.9 -1.18 0.056  55   4 07:45:23     6904.32267    0.0000  2019/05/17
 2.0000000   6.0000000   30.0779   6096.807 0.022    4.9    0.8 -1.21 0.056  55   0 07:46:23     6904.32336    0.0000  2019/05/17
 2.0000000   6.0000000   29.8338   6096.808 0.019    5.2    0.7 -1.24 0.056  55   0 07:47:23     6904.32405    0.0000  2019/05/17
 2.0000000   6.0000000   29.5896   6096.807 0.012    5.4    0.7 -1.26 0.056  55   0 07:48:23     6904.32475    0.0000  2019/05/17
 2.0000000   6.0000000   29.3455   6096.807 0.009    5.3    0.8 -1.29 0.056  55   0 07:49:23     6904.32544    0.0000  2019/05/17
 2.0000000   6.0000000   29.1014   6096.809 0.009    5.5    0.7 -1.32 0.056  55   0 07:50:23     6904.32613    0.0000  2019/05/17
 2.0000000   6.0000000   28.8572   6096.808 0.011    5.7    0.5 -1.34 0.057  55   0 07:51:23     6904.32683    0.0000  2019/05/17
 2.0000000   6.0000000   28.8572   6096.808 0.012    5.7    0.4 -1.36 0.057  55   0 07:52:23     6904.32752    0.0000  2019/05/17
 2.0000000   6.0000000   28.6131   6096.808 0.013    5.4    0.5 -1.38 0.057  55   0 07:53:23     6904.32821    0.0000  2019/05/17
 2.0000000   6.0000000   28.3689   6096.808 0.018    5.3    0.2 -1.40 0.057  55   0 07:54:23     6904.32891    0.0000  2019/05/17
 2.0000000   6.0000000   28.1248   6096.808 0.010    5.3    0.0 -1.41 0.057  55   0 07:55:23     6904.32960    0.0000  2019/05/17
 2.0000000   6.0000000   28.1248   6096.809 0.010    5.2    0.0 -1.42 0.057  55   0 07:56:23     6904.33029    0.0000  2019/05/17
 2.0000000   6.0000000   27.8807   6096.809 0.016    5.1    0.0 -1.44 0.057  55   3 07:57:23     6904.33099    0.0000  2019/05/17
 2.0000000   6.0000000   27.8807   6096.809 0.010    4.7   -0.1 -1.44 0.057  55   0 07:58:23     6904.33168    0.0000  2019/05/17
 2.0000000   6.0000000   27.8807   6096.809 0.012    5.0   -0.3 -1.45 0.057  55   0 07:59:23     6904.33237    0.0000  2019/05/17
 2.0000000   6.0000000   27.3924   6096.809 0.009    4.5   -0.4 -1.46 0.057  55   0 08:00:23     6904.33307    0.0000  2019/05/17
 2.0000000   6.0000000   27.3924   6096.810 0.010    4.5   -0.6 -1.47 0.057  55   0 08:01:23     6904.33376    0.0000  2019/05/17
 2.0000000   6.0000000   27.1482   6096.811 0.016    4.1   -0.6 -1.47 0.057  55   0 08:02:23     6904.33445    0.0000  2019/05/17
 2.0000000   6.0000000   27.1482   6096.809 0.018    4.0   -0.8 -1.48 0.057  55   0 08:03:23     6904.33515    0.0000  2019/05/17
 2.0000000   6.0000000   27.1482   6096.810 0.011    3.7   -1.1 -1.48 0.056  55   0 08:04:23     6904.33584    0.0000  2019/05/17
 2.0000000   6.0000000   27.1482   6096.811 0.026    3.8   -1.4 -1.49 0.056  55   0 08:05:23     6904.33653    0.0000  2019/05/17
 2.0000000   6.0000000   26.9041   6096.811 0.021    3.4   -1.4 -1.49 0.056  55   5 08:06:23     6904.33723    0.0000  2019/05/17
 2.0000000   6.0000000   26.6600   6096.812 0.009    3.5   -1.7 -1.49 0.056  55   0 08:07:23     6904.33792    0.0000  2019/05/17
 2.0000000   6.0000000   26.6600   6096.813 0.018    3.2   -1.7 -1.49 0.056  55   2 08:08:23     6904.33861    0.0000  2019/05/17
 2.0000000   6.0000000   26.4158   6096.811 0.019    3.0   -1.8 -1.49 0.056  55   2 08:09:23     6904.33931    0.0000  2019/05/17
 2.0000000   6.0000000   26.4158   6096.812 0.023    2.9   -2.2 -1.49 0.056  55   3 08:10:23     6904.34000    0.0000  2019/05/17
 2.0000000   6.0000000   26.4158   6096.810 0.012    2.9   -2.4 -1.49 0.056  55   2 08:11:23     6904.34069    0.0000  2019/05/17
 2.0000000   6.0000000   26.1717   6096.811 0.020    2.5   -2.6 -1.50 0.056  55   0 08:12:23     6904.34139    0.0000  2019/05/17
 2.0000000   6.0000000   26.1717   6096.811 0.011    2.4   -2.7 -1.50 0.056  55   0 08:13:23     6904.34208    0.0000  2019/05/17
 2.0000000   6.0000000   25.9275   6096.811 0.010    2.1   -2.9 -1.50 0.056  55   0 08:14:23     6904.34277    0.0000  2019/05/17
 2.0000000   6.0000000   25.9275   6096.808 0.014    2.0   -3.1 -1.50 0.056  55   4 08:15:23     6904.34347    0.0000  2019/05/17
 2.0000000   6.0000000   25.9275   6096.812 0.037    1.8   -3.2 -1.50 0.056  55   0 08:16:23     6904.34416    0.0000  2019/05/17
 2.0000000   6.0000000   25.6834   6096.811 0.017    1.5   -3.5 -1.50 0.056  55   1 08:17:23     6904.34485    0.0000  2019/05/17
 2.0000000   6.0000000   25.6834   6096.812 0.029    1.4   -3.7 -1.50 0.056  55   0 08:18:23     6904.34555    0.0000  2019/05/17
 2.0000000   6.0000000   25.4393   6096.813 0.018    1.1   -4.0 -1.50 0.056  55   0 08:19:24     6904.34625    0.0000  2019/05/17
/	CG-5 SURVEY
/	Survey name:   	05 17 05 2019.
/	Instrument S/N:	40824
/	Client:        	TNG.KHF
/	Operator:      	Zaynutdinov
/	Date:          	2019/ 5/17
/	Time:          	09:05:26
/	LONG:        	48.7000000 E
/	LAT:         	55.5000000 N
/	ZONE:        	9       
/	GMT DIFF.:   	0.0 
/------LINE-----STATION-----ALT.------GRAV.---SD.--TILTX--TILTY-TEMP---TIDE---DUR-REJ-----TIME----DEC.TIME+DATE--TERRAIN---DATE
 2.0000000   5.0000000   27.8807   6129.678 0.037    1.2    1.3 -1.07 0.045  55   3 09:06:04     6904.37861    0.0000  2019/05/17
 2.0000000   5.0000000   27.8807   6129.676 0.023    2.2    1.7 -1.07 0.045  55   1 09:07:09     6904.37936    0.0000  2019/05/17
 2.0000000   5.0000000   27.6365   6129.673 0.008    2.8    1.5 -1.08 0.045  55   0 09:08:09     6904.38005    0.0000  2019/05/17
 2.0000000   5.0000000   27.6365   6129.674 0.007    3.1    1.4 -1.10 0.044  55   0 09:09:09     6904.38074    0.0000  2019/05/17
 2.0000000   5.0000000   27.6365   6129.674 0.007    3.5    1.1 -1.12 0.044  55   0 09:10:09     6904.38144    0.0000  2019/05/17
 2.0000000   5.0000000   27.3924   6129.674 0.007    3.8    1.0 -1.14 0.044  55   0 09:11:09     6904.38213    0.0000  2019/05/17
 2.0000000   5.0000000   27.1482   6129.673 0.008    4.2    1.1 -1.17 0.043  55   0 09:12:09     6904.38282    0.0000  2019/05/17
 2.0000000   5.0000000   26.9041   6129.674 0.007    4.3    1.1 -1.19 0.043  55   0 09:13:09     6904.38352    0.0000  2019/05/17
 2.0000000   5.0000000   27.1482   6129.672 0.009    4.4    1.0 -1.22 0.043  55   0 09:14:09     6904.38421    0.0000  2019/05/17
 2.0000000   5.0000000   26.6600   6129.672 0.008    4.4    1.2 -1.24 0.043  55   0 09:15:09     6904.38490    0.0000  2019/05/17
 2.0000000   5.0000000   26.6600   6129.675 0.006    4.3    0.9 -1.26 0.042  55   0 09:16:09     6904.38560    0.0000  2019/05/17
 2.0000000   5.0000000   26.6600   6129.674 0.008    4.3    0.5 -1.28 0.042  55   0 09:17:09     6904.38629    0.0000  2019/05/17
 2.0000000   5.0000000   26.4158   6129.672 0.007    4.3    0.2 -1.30 0.042  55   0 09:18:09     6904.38698    0.0000  2019/05/17
 2.0000000   5.0000000   26.4158   6129.672 0.005    4.2    0.1 -1.32 0.041  55   0 09:19:09     6904.38768    0.0000  2019/05/17
 2.0000000   5.0000000   26.4158   6129.672 0.007    4.1    0.0 -1.34 0.041  55   0 09:20:09     6904.38837    0.0000  2019/05/17
 2.0000000   5.0000000   26.4158   6129.670 0.005    4.1    0.0 -1.35 0.041  55   0 09:21:09     6904.38906    0.0000  2019/05/17
 2.0000000   5.0000000   26.1717   6129.673 0.008    3.8   -0.3 -1.36 0.040  55   0 09:22:09     6904.38976    0.0000  2019/05/17
 2.0000000   5.0000000   26.1717   6129.673 0.010    3.7   -0.4 -1.37 0.040  55   0 09:23:09     6904.39045    0.0000  2019/05/17
 2.0000000   5.0000000   26.1717   6129.673 0.007    3.4   -0.6 -1.38 0.040  55   0 09:24:09     6904.39114    0.0000  2019/05/17
 2.0000000   5.0000000   26.1717   6129.673 0.008    3.2   -0.7 -1.39 0.039  55   0 09:25:09     6904.39184    0.0000  2019/05/17
 2.0000000   5.0000000   26.1717   6129.673 0.007    3.1   -0.6 -1.40 0.039  55   0 09:26:09     6904.39253    0.0000  2019/05/17
 2.0000000   5.0000000   26.1717   6129.674 0.009    3.0   -0.7 -1.40 0.039  55   0 09:27:09     6904.39322    0.0000  2019/05/17
 2.0000000   5.0000000   26.1717   6129.673 0.008    3.0   -0.7 -1.41 0.038  55   0 09:28:09     6904.39392    0.0000  2019/05/17
 2.0000000   5.0000000   26.1717   6129.673 0.009    2.9   -0.6 -1.41 0.038  55   0 09:29:09     6904.39461    0.0000  2019/05/17
 2.0000000   5.0000000   25.9275   6129.673 0.007    2.5   -0.6 -1.42 0.038  55   0 09:30:09     6904.39530    0.0000  2019/05/17
 2.0000000   5.0000000   25.9275   6129.674 0.011    2.5   -1.0 -1.43 0.037  55   0 09:31:09     6904.39600    0.0000  2019/05/17
 2.0000000   5.0000000   25.9275   6129.675 0.008    2.5   -1.2 -1.43 0.037  55   0 09:32:09     6904.39669    0.0000  2019/05/17
 2.0000000   5.0000000   25.6834   6129.674 0.012    2.5   -1.5 -1.43 0.037  55   0 09:33:09     6904.39738    0.0000  2019/05/17
 2.0000000   5.0000000   25.9275   6129.673 0.005    2.4   -1.8 -1.44 0.036  55   0 09:34:09     6904.39808    0.0000  2019/05/17
 2.0000000   5.0000000   25.9275   6129.674 0.009    2.4   -2.1 -1.44 0.036  55   0 09:35:09     6904.39877    0.0000  2019/05/17
 2.0000000   5.0000000   25.6834   6129.674 0.016    2.3   -2.4 -1.44 0.036  55   0 09:36:09     6904.39946    0.0000  2019/05/17
 2.0000000   5.0000000   25.6834   6129.674 0.009    2.6   -2.6 -1.45 0.035  55   0 09:37:09     6904.40016    0.0000  2019/05/17
 2.0000000   5.0000000   25.9275   6129.673 0.007    2.4   -2.9 -1.45 0.035  55   0 09:38:09     6904.40085    0.0000  2019/05/17
 2.0000000   5.0000000   25.6834   6129.673 0.010    2.2   -3.1 -1.45 0.035  55   0 09:39:09     6904.40154    0.0000  2019/05/17
 2.0000000   5.0000000   25.6834   6129.674 0.011    2.1   -3.3 -1.45 0.034  55   0 09:40:09     6904.40224    0.0000  2019/05/17
 2.0000000   5.0000000   25.6834   6129.675 0.007    2.1   -3.6 -1.45 0.034  55   0 09:41:09     6904.40293    0.0000  2019/05/17
 2.0000000   5.0000000   25.6834   6129.673 0.008    1.9   -3.8 -1.46 0.033  55   0 09:42:09     6904.40362    0.0000  2019/05/17
 2.0000000   5.0000000   25.6834   6129.673 0.008    1.6   -4.0 -1.46 0.033  55   0 09:43:09     6904.40432    0.0000  2019/05/17
 2.0000000   5.0000000   25.6834   6129.675 0.007    1.4   -4.2 -1.46 0.033  55   0 09:44:09     6904.40501    0.0000  2019/05/17
 2.0000000   5.0000000   25.6834   6129.673 0.012    1.4   -4.5 -1.46 0.032  55   2 09:45:10     6904.40572    0.0000  2019/05/17
/	CG-5 SURVEY
/	Survey name:   	06 17 05 2019.
/	Instrument S/N:	40824
/	Client:        	TNG.KHF
/	Operator:      	Zaynutdinov
/	Date:          	2019/ 5/17
/	Time:          	10:09:01
/	LONG:        	48.7000000 E
/	LAT:         	55.6000000 N
/	ZONE:        	9       
/	GMT DIFF.:   	0.0 
/------LINE-----STATION-----ALT.------GRAV.---SD.--TILTX--TILTY-TEMP---TIDE---DUR-REJ-----TIME----DEC.TIME+DATE--TERRAIN---DATE
 2.0000000   4.0000000   27.8807   6172.440 0.020    0.1    3.5 -1.07 0.021  55  18 10:09:56     6904.42289    0.0000  2019/05/17
 2.0000000   4.0000000   27.8807   6172.440 0.018    0.8    4.2 -1.07 0.021  55  22 10:11:01     6904.42364    0.0000  2019/05/17
 2.0000000   4.0000000   27.6365   6172.441 0.006    1.7    4.3 -1.07 0.021  55   0 10:12:01     6904.42433    0.0000  2019/05/17
 2.0000000   4.0000000   27.3924   6172.439 0.007    2.2    4.2 -1.08 0.020  55   0 10:13:01     6904.42502    0.0000  2019/05/17
 2.0000000   4.0000000   27.3924   6172.439 0.008    2.5    4.1 -1.10 0.020  55   0 10:14:01     6904.42572    0.0000  2019/05/17
 2.0000000   4.0000000   27.1482   6172.440 0.008    2.9    3.9 -1.12 0.019  55   0 10:15:01     6904.42641    0.0000  2019/05/17
 2.0000000   4.0000000   27.1482   6172.439 0.008    3.1    3.6 -1.15 0.019  55   0 10:16:01     6904.42710    0.0000  2019/05/17
 2.0000000   4.0000000   26.9041   6172.439 0.008    3.1    3.4 -1.17 0.018  55   0 10:17:01     6904.42780    0.0000  2019/05/17
 2.0000000   4.0000000   26.9041   6172.439 0.007    3.0    3.3 -1.20 0.018  55   0 10:18:01     6904.42849    0.0000  2019/05/17
 2.0000000   4.0000000   26.6600   6172.440 0.007    2.8    3.3 -1.23 0.017  55   0 10:19:01     6904.42918    0.0000  2019/05/17
 2.0000000   4.0000000   26.6600   6172.439 0.007    2.8    3.3 -1.25 0.017  55   0 10:20:01     6904.42988    0.0000  2019/05/17
 2.0000000   4.0000000   26.6600   6172.439 0.009    2.4    3.0 -1.28 0.016  55   0 10:21:01     6904.43057    0.0000  2019/05/17
 2.0000000   4.0000000   26.4158   6172.440 0.007    2.1    2.8 -1.30 0.016  55   0 10:22:01     6904.43126    0.0000  2019/05/17
 2.0000000   4.0000000   26.4158   6172.440 0.007    2.3    2.9 -1.32 0.016  55   0 10:23:01     6904.43196    0.0000  2019/05/17
 2.0000000   4.0000000   26.1717   6172.440 0.008    2.4    2.8 -1.33 0.015  55   0 10:24:01     6904.43265    0.0000  2019/05/17
 2.0000000   4.0000000   26.1717   6172.440 0.005    2.4    2.8 -1.35 0.015  55   0 10:25:01     6904.43334    0.0000  2019/05/17
 2.0000000   4.0000000   25.9275   6172.440 0.009    2.4    2.7 -1.36 0.014  55   0 10:26:01     6904.43404    0.0000  2019/05/17
 2.0000000   4.0000000   25.9275   6172.441 0.008    2.4    2.6 -1.37 0.014  55   0 10:27:01     6904.43473    0.0000  2019/05/17
 2.0000000   4.0000000   26.1717   6172.442 0.007    2.3    2.5 -1.38 0.013  55   0 10:28:01     6904.43542    0.0000  2019/05/17
 2.0000000   4.0000000   25.9275   6172.441 0.007    1.6    2.4 -1.39 0.013  55   0 10:29:01     6904.43612    0.0000  2019/05/17
 2.0000000   4.0000000   25.9275   6172.443 0.007    1.0    2.1 -1.40 0.012  55   0 10:30:01     6904.43681    0.0000  2019/05/17
 2.0000000   4.0000000   25.9275   6172.441 0.007    0.6    2.1 -1.40 0.012  55   0 10:31:01     6904.43750    0.0000  2019/05/17
 2.0000000   4.0000000   25.6834   6172.442 0.006    0.6    2.2 -1.41 0.011  55   0 10:32:01     6904.43820    0.0000  2019/05/17
 2.0000000   4.0000000   25.6834   6172.443 0.006    0.9    2.0 -1.41 0.011  55   0 10:33:01     6904.43889    0.0000  2019/05/17
 2.0000000   4.0000000   25.6834   6172.442 0.008    1.1    2.0 -1.42 0.010  55   0 10:34:01     6904.43958    0.0000  2019/05/17
 2.0000000   4.0000000   25.4393   6172.443 0.010    1.3    1.7 -1.42 0.010  55   0 10:35:01     6904.44028    0.0000  2019/05/17
 2.0000000   4.0000000   25.6834   6172.442 0.005    1.0    1.6 -1.43 0.009  55   0 10:36:01     6904.44097    0.0000  2019/05/17
 2.0000000   4.0000000   25.6834   6172.443 0.009    0.6    1.3 -1.43 0.009  55   0 10:37:01     6904.44166    0.0000  2019/05/17
 2.0000000   4.0000000   25.4393   6172.443 0.005    0.4    0.9 -1.43 0.008  55   0 10:38:01     6904.44236    0.0000  2019/05/17
 2.0000000   4.0000000   25.4393   6172.443 0.008    0.6    0.9 -1.43 0.008  55   0 10:39:01     6904.44305    0.0000  2019/05/17
 2.0000000   4.0000000   25.6834   6172.442 0.007    0.4    0.7 -1.44 0.007  55   0 10:40:01     6904.44374    0.0000  2019/05/17
 2.0000000   4.0000000   25.4393   6172.442 0.006    0.4    0.6 -1.44 0.007  55   0 10:41:01     6904.44444    0.0000  2019/05/17
 2.0000000   4.0000000   25.1951   6172.443 0.007    0.2    0.4 -1.44 0.006  55   0 10:42:01     6904.44513    0.0000  2019/05/17
 2.0000000   4.0000000   25.1951   6172.443 0.009    0.0    0.2 -1.44 0.006  55   0 10:43:01     6904.44582    0.0000  2019/05/17
 2.0000000   4.0000000   25.1951   6172.443 0.007   -0.1    0.1 -1.44 0.005  55   0 10:44:01     6904.44652    0.0000  2019/05/17
 2.0000000   4.0000000   25.1951   6172.443 0.009   -0.6    0.0 -1.44 0.005  55   0 10:45:01     6904.44721    0.0000  2019/05/17
 2.0000000   4.0000000   25.4393   6172.444 0.008   -0.8   -0.1 -1.45 0.004  55   0 10:46:01     6904.44790    0.0000  2019/05/17
 2.0000000   4.0000000   24.9510   6172.443 0.007   -0.8   -0.2 -1.45 0.004  55   0 10:47:01     6904.44860    0.0000  2019/05/17
 2.0000000   4.0000000   24.9510   6172.443 0.006   -1.4   -0.2 -1.45 0.003  55   0 10:48:01     6904.44929    0.0000  2019/05/17
 2.0000000   4.0000000   24.9510   6172.444 0.009   -1.3   -0.5 -1.45 0.003  55   0 10:49:02     6904.45000    0.0000  2019/05/17
/	CG-5 SURVEY
/	Survey name:   	07 17 05 2019.
/	Instrument S/N:	40824
/	Client:        	TNG.KHF
/	Operator:      	Zaynutdinov
/	Date:          	2019/ 5/17
/	Time:          	11:54:41
/	LONG:        	48.8000000 E
/	LAT:         	55.8000000 N
/	ZONE:        	9       
/	GMT DIFF.:   	0.0 
/------LINE-----STATION-----ALT.------GRAV.---SD.--TILTX--TILTY-TEMP---TIDE---DUR-REJ-----TIME----DEC.TIME+DATE--TERRAIN---DATE
 2.0000000   1.0000000   26.6600   6189.955 0.055   -5.5   -5.2 -1.16 -0.032  55   1 11:55:32     6904.49610    0.0000  2019/05/17
 2.0000000   1.0000000   26.6600   6189.975 0.082  -13.5  -11.9 -1.18 -0.032  55  45 11:56:37     6904.49685    0.0000  2019/05/17
 2.0000000   1.0000000   26.4158   6189.947 0.073    0.0   -0.4 -1.19 -0.033  55  36 11:57:37     6904.49755    0.0000  2019/05/17
 2.0000000   1.0000000   26.1717   6189.954 0.048    0.3   -0.4 -1.21 -0.033  55   0 11:58:37     6904.49824    0.0000  2019/05/17
 2.0000000   1.0000000   25.9275   6189.954 0.062    0.9   -0.6 -1.23 -0.034  55   0 11:59:37     6904.49893    0.0000  2019/05/17
 2.0000000   1.0000000   25.9275   6189.954 0.075    1.4   -1.0 -1.25 -0.034  55   0 12:00:37     6904.49963    0.0000  2019/05/17
 2.0000000   1.0000000   25.6834   6189.954 0.106    1.2   -1.1 -1.27 -0.035  55   0 12:01:37     6904.50032    0.0000  2019/05/17
 2.0000000   1.0000000   25.6834   6189.954 0.083    1.5   -1.3 -1.28 -0.035  55   0 12:02:37     6904.50101    0.0000  2019/05/17
 2.0000000   1.0000000   25.1951   6189.954 0.085    1.8   -1.5 -1.30 -0.036  55   0 12:03:37     6904.50171    0.0000  2019/05/17
 2.0000000   1.0000000   25.1951   6189.955 0.063    1.8   -1.6 -1.32 -0.036  55   0 12:04:37     6904.50240    0.0000  2019/05/17
 2.0000000   1.0000000   24.9510   6189.955 0.057    1.7   -1.7 -1.33 -0.037  55   0 12:05:37     6904.50309    0.0000  2019/05/17
 2.0000000   1.0000000   24.9510   6189.955 0.036    1.8   -1.8 -1.34 -0.037  55   0 12:06:37     6904.50379    0.0000  2019/05/17
 2.0000000   1.0000000   24.9510   6189.955 0.032    1.8   -2.0 -1.36 -0.038  55   0 12:07:37     6904.50448    0.0000  2019/05/17
 2.0000000   1.0000000   24.7068   6189.955 0.045    1.8   -2.1 -1.37 -0.038  55   0 12:08:37     6904.50517    0.0000  2019/05/17
 2.0000000   1.0000000   24.4627   6189.953 0.038    1.7   -2.2 -1.38 -0.039  55   0 12:09:37     6904.50587    0.0000  2019/05/17
 2.0000000   1.0000000   24.2186   6189.951 0.042    1.6   -2.3 -1.38 -0.039  55   1 12:10:37     6904.50656    0.0000  2019/05/17
 2.0000000   1.0000000   24.2186   6189.955 0.034    1.6   -2.5 -1.39 -0.040  55   0 12:11:37     6904.50725    0.0000  2019/05/17
 2.0000000   1.0000000   23.9744   6189.954 0.031    1.5   -2.6 -1.40 -0.040  55   0 12:12:37     6904.50795    0.0000  2019/05/17
 2.0000000   1.0000000   23.9744   6189.954 0.033    1.4   -2.8 -1.40 -0.041  55   0 12:13:37     6904.50864    0.0000  2019/05/17
 2.0000000   1.0000000   23.7303   6189.956 0.038    1.3   -2.9 -1.41 -0.041  55   0 12:14:37     6904.50933    0.0000  2019/05/17
 2.0000000   1.0000000   23.7303   6189.955 0.027    1.1   -3.0 -1.41 -0.042  55   0 12:15:37     6904.51003    0.0000  2019/05/17
 2.0000000   1.0000000   23.7303   6189.956 0.024    1.0   -3.2 -1.42 -0.042  55   0 12:16:37     6904.51072    0.0000  2019/05/17
 2.0000000   1.0000000   23.4861   6189.955 0.031    0.9   -3.3 -1.42 -0.043  55   0 12:17:37     6904.51141    0.0000  2019/05/17
 2.0000000   1.0000000   23.4861   6189.956 0.047    0.7   -3.5 -1.42 -0.043  55   0 12:18:37     6904.51211    0.0000  2019/05/17
 2.0000000   1.0000000   23.4861   6189.955 0.030    0.5   -3.8 -1.42 -0.044  55   0 12:19:37     6904.51280    0.0000  2019/05/17
 2.0000000   1.0000000   23.2420   6189.956 0.031    0.5   -4.0 -1.43 -0.044  55   0 12:20:37     6904.51349    0.0000  2019/05/17
 2.0000000   1.0000000   23.2420   6189.957 0.032    0.3   -4.2 -1.43 -0.045  55   1 12:21:37     6904.51419    0.0000  2019/05/17
 2.0000000   1.0000000   22.9979   6189.957 0.026    0.1   -4.5 -1.43 -0.045  55   0 12:22:37     6904.51488    0.0000  2019/05/17
 2.0000000   1.0000000   22.9979   6189.957 0.027    0.0   -4.7 -1.43 -0.046  55   0 12:23:37     6904.51557    0.0000  2019/05/17
 2.0000000   1.0000000   22.9979   6189.957 0.025   -0.1   -4.9 -1.43 -0.046  55   0 12:24:37     6904.51627    0.0000  2019/05/17
 2.0000000   1.0000000   22.7537   6189.956 0.028   -0.3   -5.1 -1.44 -0.047  55   0 12:25:37     6904.51696    0.0000  2019/05/17
 2.0000000   1.0000000   22.7537   6189.956 0.033   -0.5   -5.3 -1.44 -0.047  55   0 12:26:37     6904.51765    0.0000  2019/05/17
 2.0000000   1.0000000   22.7537   6189.955 0.034   -0.6   -5.5 -1.44 -0.048  55   0 12:27:37     6904.51835    0.0000  2019/05/17
 2.0000000   1.0000000   22.5096   6189.956 0.034   -0.8   -5.7 -1.44 -0.048  55   0 12:28:37     6904.51904    0.0000  2019/05/17
 2.0000000   1.0000000   22.7537   6189.956 0.046   -0.8   -5.9 -1.44 -0.049  55   0 12:29:37     6904.51973    0.0000  2019/05/17
 2.0000000   1.0000000   22.5096   6189.956 0.059   -1.1   -6.0 -1.44 -0.049  55   0 12:30:37     6904.52043    0.0000  2019/05/17
 2.0000000   1.0000000   22.5096   6189.956 0.082   -1.2   -6.1 -1.44 -0.050  55   0 12:31:37     6904.52112    0.0000  2019/05/17
 2.0000000   1.0000000   22.2654   6189.955 0.087   -1.4   -6.2 -1.44 -0.050  55   0 12:32:37     6904.52181    0.0000  2019/05/17
 2.0000000   1.0000000   22.2654   6189.955 0.076   -1.7   -6.6 -1.44 -0.050  55   0 12:33:37     6904.52251    0.0000  2019/05/17
 2.0000000   1.0000000   22.2654   6189.955 0.059   -2.1   -6.7 -1.44 -0.051  55   0 12:34:38     6904.52321    0.0000  2019/05/17
 2.0000000   1.0000000   22.2654   6189.954 0.067   -0.3   -0.5 -1.44 -0.052  55   0 12:36:35     6904.52456    0.0000  2019/05/17
 2.0000000   1.0000000   22.0213   6189.956 0.077   -0.5   -0.5 -1.44 -0.052  55   0 12:37:40     6904.52532    0.0000  2019/05/17
 2.0000000   1.0000000   22.0213   6189.953 0.094   -0.6   -0.7 -1.44 -0.053  55   0 12:38:40     6904.52601    0.0000  2019/05/17
 2.0000000   1.0000000   22.0213   6189.955 0.089   -0.4   -1.1 -1.43 -0.053  55   0 12:39:40     6904.52670    0.0000  2019/05/17
 2.0000000   1.0000000   21.7772   6189.953 0.094   -0.6   -0.9 -1.43 -0.054  55   0 12:40:40     6904.52740    0.0000  2019/05/17
 2.0000000   1.0000000   21.7772   6189.953 0.127   -0.6   -1.3 -1.43 -0.054  55   0 12:41:40     6904.52809    0.0000  2019/05/17
 2.0000000   1.0000000   22.0213   6189.955 0.090   -0.7   -1.3 -1.43 -0.055  55   0 12:42:40     6904.52878    0.0000  2019/05/17
 2.0000000   1.0000000   21.7772   6189.957 0.051   -0.9   -1.4 -1.43 -0.055  55   0 12:43:40     6904.52948    0.0000  2019/05/17
 2.0000000   1.0000000   21.7772   6189.957 0.034   -1.0   -1.5 -1.43 -0.055  55   0 12:44:40     6904.53017    0.0000  2019/05/17
 2.0000000   1.0000000   21.7772   6189.957 0.032   -1.1   -1.6 -1.43 -0.056  55   0 12:45:40     6904.53086    0.0000  2019/05/17
 2.0000000   1.0000000   21.5330   6189.958 0.039   -1.1   -1.7 -1.43 -0.056  55   0 12:46:40     6904.53156    0.0000  2019/05/17
 2.0000000   1.0000000   21.5330   6189.956 0.039   -1.3   -1.8 -1.43 -0.057  55   0 12:47:40     6904.53225    0.0000  2019/05/17
 2.0000000   1.0000000   21.5330   6189.957 0.038   -1.4   -1.9 -1.43 -0.057  55   0 12:48:40     6904.53294    0.0000  2019/05/17
 2.0000000   1.0000000   21.5330   6189.957 0.039   -1.5   -2.1 -1.43 -0.058  55   0 12:49:40     6904.53364    0.0000  2019/05/17
 2.0000000   1.0000000   21.5330   6189.956 0.047   -1.6   -2.2 -1.43 -0.058  55   0 12:50:40     6904.53433    0.0000  2019/05/17
 2.0000000   1.0000000   21.2889   6189.955 0.038   -1.7   -2.3 -1.43 -0.058  55   0 12:51:40     6904.53502    0.0000  2019/05/17
 2.0000000   1.0000000   21.5330   6189.956 0.047   -1.8   -2.4 -1.43 -0.059  55   0 12:52:40     6904.53572    0.0000  2019/05/17
 2.0000000   1.0000000   21.2889   6189.956 0.039   -1.9   -2.4 -1.43 -0.059  55   0 12:53:40     6904.53641    0.0000  2019/05/17
 2.0000000   1.0000000   21.2889   6189.957 0.048   -2.0   -2.5 -1.43 -0.060  55   0 12:54:40     6904.53710    0.0000  2019/05/17
 2.0000000   1.0000000   21.5330   6189.957 0.072   -2.4   -2.6 -1.43 -0.060  55   0 12:55:40     6904.53780    0.0000  2019/05/17
 2.0000000   1.0000000   21.2889   6189.958 0.074   -2.3   -2.8 -1.43 -0.061  55   0 12:56:40     6904.53849    0.0000  2019/05/17
 2.0000000   1.0000000   21.2889   6189.956 0.082   -2.4   -2.9 -1.43 -0.061  55   0 12:57:40     6904.53918    0.0000  2019/05/17
 2.0000000   1.0000000   21.2889   6189.955 0.092   -2.7   -2.8 -1.43 -0.061  55   0 12:58:40     6904.53988    0.0000  2019/05/17
 2.0000000   1.0000000   21.0447   6189.954 0.107   -2.7   -3.0 -1.42 -0.062  55   0 12:59:40     6904.54057    0.0000  2019/05/17
 2.0000000   1.0000000   21.0447   6189.956 0.097   -2.5   -3.2 -1.42 -0.062  55   0 13:00:40     6904.54126    0.0000  2019/05/17
 2.0000000   1.0000000   21.2889   6189.957 0.100   -2.6   -3.3 -1.42 -0.063  55   0 13:01:40     6904.54196    0.0000  2019/05/17
 2.0000000   1.0000000   21.0447   6189.958 0.063   -2.6   -3.2 -1.42 -0.063  55   0 13:02:40     6904.54265    0.0000  2019/05/17
 2.0000000   1.0000000   21.0447   6189.957 0.053   -2.7   -3.4 -1.42 -0.063  55   0 13:03:40     6904.54334    0.0000  2019/05/17
 2.0000000   1.0000000   21.0447   6189.957 0.035   -2.8   -3.4 -1.42 -0.064  55   0 13:04:40     6904.54404    0.0000  2019/05/17
 2.0000000   1.0000000   21.0447   6189.957 0.032   -2.9   -3.5 -1.42 -0.064  55   0 13:05:40     6904.54473    0.0000  2019/05/17
 2.0000000   1.0000000   21.0447   6189.957 0.030   -2.9   -3.6 -1.42 -0.065  55   0 13:06:40     6904.54542    0.0000  2019/05/17
 2.0000000   1.0000000   20.8006   6189.958 0.034   -3.0   -3.7 -1.42 -0.065  55   0 13:07:40     6904.54612    0.0000  2019/05/17
 2.0000000   1.0000000   20.8006   6189.957 0.027   -3.1   -3.7 -1.42 -0.065  55   0 13:08:40     6904.54681    0.0000  2019/05/17
 2.0000000   1.0000000   20.8006   6189.958 0.032   -3.2   -3.8 -1.42 -0.066  55   0 13:09:40     6904.54750    0.0000  2019/05/17
 2.0000000   1.0000000   20.8006   6189.958 0.036   -3.3   -3.8 -1.42 -0.066  55   0 13:10:40     6904.54820    0.0000  2019/05/17
 2.0000000   1.0000000   20.8006   6189.958 0.042   -3.4   -4.0 -1.42 -0.067  55   0 13:11:40     6904.54889    0.0000  2019/05/17
 2.0000000   1.0000000   20.8006   6189.957 0.063   -3.3   -4.0 -1.42 -0.067  55   0 13:12:40     6904.54958    0.0000  2019/05/17
 2.0000000   1.0000000   20.8006   6189.957 0.080   -3.5   -4.0 -1.42 -0.067  55   0 13:13:40     6904.55028    0.0000  2019/05/17
 2.0000000   1.0000000   20.5565   6189.957 0.119   -3.6   -4.4 -1.42 -0.068  55   0 13:14:40     6904.55097    0.0000  2019/05/17
 2.0000000   1.0000000   20.8006   6189.957 0.108   -3.5   -4.2 -1.42 -0.068  55   0 13:15:41     6904.55167    0.0000  2019/05/17