
/	CG-5 SURVEY
/	Survey name:   	00 19 05 2019.
/	Instrument S/N:	40824
/	Client:        	TNG.KHF
/	Operator:      	Zaynutdinov
/	Date:          	2019/ 5/19
/	Time:          	02:30:45
/	LONG:        	48.8000000 E
/	LAT:         	55.8000000 N
/	ZONE:        	9       
/	GMT DIFF.:   	0.0 

/	CG-5 SETUP PARAMETERS
/	Gref:			0.000   
/	Gcal1:		8394.709
/	TiltxS:		629.414 
/	TiltyS:		674.620 
/	TiltxO:		-40.315 
/	TiltyO:		29.308  
/	Tempco:		-0.130  
/	Drift:		0.575   
/	DriftTime Start:	02:30:48
/	DriftDate Start:	2019/05/19

/	CG-5 OPTIONS
/	Tide Correction:    YES
/	Cont. Tilt:         YES
/	Auto Rejection:     YES
/	Terrain Corr.:       NO
/	Seismic Filter:     YES
/	Raw Data:           YES
Line	   2.000N
/------LINE-----STATION-----ALT.------GRAV.---SD.--TILTX--TILTY-TEMP---TIDE---DUR-REJ-----TIME----DEC.TIME+DATE--TERRAIN---DATE
 2.0000000   1.0000000   26.4158   6191.069 0.034   -1.2    3.1 -1.12 -0.067  55   7 03:15:21     6906.13544    0.0000  2019/05/19
 2.0000000   1.0000000   26.4158   6191.066 0.036   -0.2    3.9 -1.12 -0.066  55   0 03:16:26     6906.13619    0.0000  2019/05/19
 2.0000000   1.0000000   26.1717   6191.063 0.041    0.3    3.8 -1.13 -0.066  55   0 03:17:26     6906.13689    0.0000  2019/05/19
 2.0000000   1.0000000   26.1717   6191.060 0.044    1.1    3.7 -1.14 -0.065  55   0 03:18:26     6906.13758    0.0000  2019/05/19
 2.0000000   1.0000000   25.9275   6191.057 0.061    1.6    3.6 -1.16 -0.065  55   0 03:19:26     6906.13827    0.0000  2019/05/19
 2.0000000   1.0000000   25.9275   6191.055 0.051    1.9    3.4 -1.17 -0.065  55   1 03:20:26     6906.13897    0.0000  2019/05/19
 2.0000000   1.0000000   25.4393   6191.054 0.025    2.0    3.3 -1.19 -0.064  55   0 03:21:26     6906.13966    0.0000  2019/05/19
 2.0000000   1.0000000   25.4393   6191.054 0.035    2.0    3.2 -1.21 -0.064  55   0 03:22:26     6906.14035    0.0000  2019/05/19
 2.0000000   1.0000000   25.1951   6191.052 0.045    1.9    3.0 -1.23 -0.063  55   0 03:23:26     6906.14105    0.0000  2019/05/19
 2.0000000   1.0000000   25.1951   6191.053 0.060    1.6    2.7 -1.25 -0.063  55   0 03:24:26     6906.14174    0.0000  2019/05/19
 2.0000000   1.0000000   24.9510   6191.052 0.051    1.5    2.5 -1.27 -0.063  55   0 03:25:26     6906.14243    0.0000  2019/05/19
 2.0000000   1.0000000   24.7068   6191.051 0.065    1.2    2.5 -1.29 -0.062  55   0 03:26:26     6906.14313    0.0000  2019/05/19
 2.0000000   1.0000000   24.4627   6191.050 0.079    0.9    2.2 -1.31 -0.062  55   1 03:27:26     6906.14382    0.0000  2019/05/19
 2.0000000   1.0000000   24.4627   6191.051 0.049    0.7    2.1 -1.32 -0.061  55   0 03:28:26     6906.14451    0.0000  2019/05/19
 2.0000000   1.0000000   24.4627   6191.050 0.043    0.5    1.8 -1.34 -0.061  55   0 03:29:26     6906.14521    0.0000  2019/05/19
/	CG-5 SURVEY
/	Survey name:   	01 19 05 2019.
/	Instrument S/N:	40824
/	Client:        	TNG.KHF
/	Operator:      	Zaynutdinov
/	Date:          	2019/ 5/19
/	Time:          	03:31:12
/	LONG:        	48.8000000 E
/	LAT:         	55.8000000 N
/	ZONE:        	9       
/	GMT DIFF.:   	0.0 
/------LINE-----STATION-----ALT.------GRAV.---SD.--TILTX--TILTY-TEMP---TIDE---DUR-REJ-----TIME----DEC.TIME+DATE--TERRAIN---DATE
 2.0000000   1.0000000   23.9744   6191.049 0.023   -1.1    1.5 -1.37 -0.060  55   5 03:31:34     6906.14669    0.0000  2019/05/19
 2.0000000   1.0000000   23.9744   6191.049 0.018   -1.3    1.3 -1.37 -0.059  55   0 03:32:39     6906.14744    0.0000  2019/05/19
 2.0000000   1.0000000   23.7303   6191.050 0.011   -1.5    1.1 -1.38 -0.059  55   0 03:33:39     6906.14813    0.0000  2019/05/19
 2.0000000   1.0000000   23.7303   6191.049 0.013   -1.6    1.0 -1.39 -0.058  55   0 03:34:39     6906.14882    0.0000  2019/05/19
 2.0000000   1.0000000   23.7303   6191.049 0.012   -1.8    0.8 -1.40 -0.058  55   0 03:35:39     6906.14952    0.0000  2019/05/19
 2.0000000   1.0000000   23.4861   6191.048 0.011   -2.0    0.6 -1.40 -0.057  55   0 03:36:39     6906.15021    0.0000  2019/05/19
 2.0000000   1.0000000   23.2420   6191.048 0.020   -2.2    0.4 -1.41 -0.057  55   0 03:37:39     6906.15090    0.0000  2019/05/19
 2.0000000   1.0000000   23.2420   6191.048 0.014   -2.5    0.2 -1.41 -0.057  55   0 03:38:39     6906.15160    0.0000  2019/05/19
 2.0000000   1.0000000   23.2420   6191.048 0.015   -2.7    0.1 -1.42 -0.056  55   0 03:39:39     6906.15229    0.0000  2019/05/19
 2.0000000   1.0000000   23.2420   6191.046 0.015   -3.0   -0.1 -1.42 -0.056  55   0 03:40:39     6906.15298    0.0000  2019/05/19
 2.0000000   1.0000000   23.2420   6191.047 0.016   -3.2   -0.3 -1.42 -0.055  55   0 03:41:39     6906.15368    0.0000  2019/05/19
 2.0000000   1.0000000   22.9979   6191.047 0.018   -3.5   -0.6 -1.43 -0.055  55   0 03:42:39     6906.15437    0.0000  2019/05/19
 2.0000000   1.0000000   22.9979   6191.048 0.017   -3.7   -0.9 -1.43 -0.054  55   0 03:43:39     6906.15506    0.0000  2019/05/19
 2.0000000   1.0000000   22.7537   6191.048 0.015   -3.9   -1.1 -1.43 -0.054  55   0 03:44:39     6906.15576    0.0000  2019/05/19
 2.0000000   1.0000000   22.7537   6191.047 0.015   -4.1   -1.4 -1.43 -0.053  55   0 03:45:39     6906.15645    0.0000  2019/05/19
 2.0000000   1.0000000   22.5096   6191.047 0.015   -4.3   -1.6 -1.43 -0.053  55   0 03:46:39     6906.15714    0.0000  2019/05/19
 2.0000000   1.0000000   22.5096   6191.047 0.016   -4.6   -1.8 -1.44 -0.052  55   0 03:47:39     6906.15784    0.0000  2019/05/19
 2.0000000   1.0000000   22.5096   6191.045 0.018   -4.7   -2.0 -1.44 -0.052  55   0 03:48:39     6906.15853    0.0000  2019/05/19
 2.0000000   1.0000000   22.5096   6191.044 0.016   -5.0   -2.3 -1.44 -0.051  55   0 03:49:39     6906.15922    0.0000  2019/05/19
 2.0000000   1.0000000   22.7537   6191.045 0.014   -5.2   -2.4 -1.44 -0.051  55   0 03:50:39     6906.15992    0.0000  2019/05/19
 2.0000000   1.0000000   22.2654   6191.045 0.020   -5.4   -2.7 -1.44 -0.050  55   0 03:51:39     6906.16061    0.0000  2019/05/19
 2.0000000   1.0000000   22.2654   6191.045 0.018   -5.6   -2.9 -1.44 -0.050  55   0 03:52:39     6906.16130    0.0000  2019/05/19
 2.0000000   1.0000000   22.2654   6191.045 0.019   -5.8   -3.0 -1.44 -0.049  55   0 03:53:39     6906.16200    0.0000  2019/05/19
 2.0000000   1.0000000   22.0213   6191.045 0.018   -6.0   -3.2 -1.44 -0.049  55   0 03:54:39     6906.16269    0.0000  2019/05/19
 2.0000000   1.0000000   22.0213   6191.045 0.019   -6.2   -3.4 -1.44 -0.048  55   0 03:55:39     6906.16338    0.0000  2019/05/19
 2.0000000   1.0000000   22.0213   6191.045 0.015   -6.4   -3.5 -1.44 -0.048  55   0 03:56:39     6906.16408    0.0000  2019/05/19
 2.0000000   1.0000000   22.0213   6191.046 0.019   -6.6   -3.8 -1.44 -0.047  55   0 03:57:39     6906.16477    0.0000  2019/05/19
 2.0000000   1.0000000   21.7772   6191.045 0.026   -6.7   -3.9 -1.44 -0.047  55   0 03:58:39     6906.16546    0.0000  2019/05/19
 2.0000000   1.0000000   21.7772   6191.046 0.017   -6.9   -4.0 -1.44 -0.046  55   0 03:59:39     6906.16616    0.0000  2019/05/19
 2.0000000   1.0000000   21.7772   6191.045 0.015   -7.0   -4.2 -1.44 -0.046  55   0 04:00:39     6906.16685    0.0000  2019/05/19
 2.0000000   1.0000000   21.7772   6191.044 0.014   -7.2   -4.3 -1.44 -0.045  55   0 04:01:39     6906.16754    0.0000  2019/05/19
 2.0000000   1.0000000   21.7772   6191.044 0.015   -7.4   -4.5 -1.44 -0.045  55   0 04:02:39     6906.16824    0.0000  2019/05/19
 2.0000000   1.0000000   21.7772   6191.044 0.017   -7.6   -4.6 -1.44 -0.044  55   0 04:03:39     6906.16893    0.0000  2019/05/19
 2.0000000   1.0000000   21.7772   6191.044 0.014   -7.7   -4.7 -1.44 -0.044  55   0 04:04:39     6906.16962    0.0000  2019/05/19
 2.0000000   1.0000000   21.5330   6191.044 0.014   -7.9   -4.9 -1.44 -0.043  55   0 04:05:39     6906.17032    0.0000  2019/05/19
 2.0000000   1.0000000   21.5330   6191.043 0.017   -8.0   -4.9 -1.43 -0.043  55   0 04:06:39     6906.17101    0.0000  2019/05/19
 2.0000000   1.0000000   21.5330   6191.043 0.016   -8.2   -5.1 -1.43 -0.042  55   0 04:07:39     6906.17170    0.0000  2019/05/19
 2.0000000   1.0000000   21.5330   6191.044 0.018   -8.3   -5.1 -1.43 -0.042  55   0 04:08:39     6906.17240    0.0000  2019/05/19
 2.0000000   1.0000000   21.5330   6191.044 0.020   -8.5   -5.3 -1.43 -0.041  55   0 04:09:39     6906.17309    0.0000  2019/05/19
 2.0000000   1.0000000   21.2889   6191.044 0.019   -8.6   -5.3 -1.43 -0.041  55   0 04:10:40     6906.17380    0.0000  2019/05/19
/	CG-5 SURVEY
/	Survey name:   	02 19 05 2019.
/	Instrument S/N:	40824
/	Client:        	TNG.KHF
/	Operator:      	Zaynutdinov
/	Date:          	2019/ 5/19
/	Time:          	05:01:42
/	LONG:        	48.7000000 E
/	LAT:         	55.6000000 N
/	ZONE:        	9       
/	GMT DIFF.:   	0.0 
/------LINE-----STATION-----ALT.------GRAV.---SD.--TILTX--TILTY-TEMP---TIDE---DUR-REJ-----TIME----DEC.TIME+DATE--TERRAIN---DATE
 2.0000000   4.0000000   24.2186   6173.542 0.023    1.4    3.0 -1.19 -0.012  55  26 05:02:39     6906.20984    0.0000  2019/05/19
 2.0000000   4.0000000   24.2186   6173.535 0.006    2.7    3.3 -1.21 -0.011  55   0 05:03:44     6906.21059    0.0000  2019/05/19
 2.0000000   4.0000000   23.9744   6173.532 0.005    3.3    3.0 -1.22 -0.011  55   0 05:04:44     6906.21128    0.0000  2019/05/19
 2.0000000   4.0000000   23.9744   6173.530 0.006    3.7    2.6 -1.23 -0.010  55   0 05:05:44     6906.21198    0.0000  2019/05/19
 2.0000000   4.0000000   23.7303   6173.529 0.006    4.2    2.5 -1.24 -0.009  55   0 05:06:44     6906.21267    0.0000  2019/05/19
 2.0000000   4.0000000   23.9744   6173.529 0.005    4.3    2.2 -1.26 -0.009  55   0 05:07:44     6906.21336    0.0000  2019/05/19
 2.0000000   4.0000000   23.4861   6173.528 0.005    4.7    1.9 -1.27 -0.008  55   0 05:08:44     6906.21406    0.0000  2019/05/19
 2.0000000   4.0000000   23.4861   6173.527 0.006    5.1    1.7 -1.29 -0.008  55   0 05:09:44     6906.21475    0.0000  2019/05/19
 2.0000000   4.0000000   23.2420   6173.526 0.005    5.3    1.7 -1.31 -0.007  55   0 05:10:44     6906.21544    0.0000  2019/05/19
 2.0000000   4.0000000   23.2420   6173.526 0.006    4.9    1.6 -1.32 -0.007  55   0 05:11:44     6906.21614    0.0000  2019/05/19
 2.0000000   4.0000000   23.2420   6173.526 0.006    4.5    1.5 -1.34 -0.006  55   0 05:12:44     6906.21683    0.0000  2019/05/19
 2.0000000   4.0000000   22.9979   6173.526 0.006    3.9    1.5 -1.35 -0.005  55   0 05:13:44     6906.21752    0.0000  2019/05/19
 2.0000000   4.0000000   22.7537   6173.525 0.006    3.5    1.3 -1.37 -0.005  55   0 05:14:44     6906.21822    0.0000  2019/05/19
 2.0000000   4.0000000   22.5096   6173.525 0.006    3.5    1.2 -1.38 -0.004  55   0 05:15:44     6906.21891    0.0000  2019/05/19
 2.0000000   4.0000000   22.5096   6173.525 0.006    3.7    1.1 -1.39 -0.004  55   0 05:16:44     6906.21960    0.0000  2019/05/19
 2.0000000   4.0000000   22.2654   6173.525 0.005    3.7    0.9 -1.40 -0.003  55   0 05:17:44     6906.22030    0.0000  2019/05/19
 2.0000000   4.0000000   22.2654   6173.525 0.005    3.4    0.7 -1.40 -0.002  55   0 05:18:44     6906.22099    0.0000  2019/05/19
 2.0000000   4.0000000   22.0213   6173.523 0.006    3.6    0.6 -1.41 -0.002  55   0 05:19:44     6906.22168    0.0000  2019/05/19
 2.0000000   4.0000000   21.7772   6173.525 0.005    2.9    0.4 -1.42 -0.001  55   0 05:20:44     6906.22238    0.0000  2019/05/19
 2.0000000   4.0000000   21.5330   6173.524 0.006    2.9    0.2 -1.42 -0.001  55   0 05:21:44     6906.22307    0.0000  2019/05/19
 2.0000000   4.0000000   21.7772   6173.524 0.006    2.8    0.2 -1.43 0.000  55   0 05:22:44     6906.22376    0.0000  2019/05/19
 2.0000000   4.0000000   21.5330   6173.524 0.004    3.0    0.0 -1.43 0.000  55   0 05:23:44     6906.22446    0.0000  2019/05/19
 2.0000000   4.0000000   21.5330   6173.523 0.005    3.2    0.0 -1.43 0.000  55   0 05:24:44     6906.22515    0.0000  2019/05/19
 2.0000000   4.0000000   21.2889   6173.523 0.005    3.3   -0.1 -1.44 0.001  55   0 05:25:44     6906.22584    0.0000  2019/05/19
 2.0000000   4.0000000   21.2889   6173.522 0.006    3.4   -0.1 -1.44 0.001  55   0 05:26:44     6906.22654    0.0000  2019/05/19
 2.0000000   4.0000000   21.2889   6173.523 0.007    3.0   -0.3 -1.44 0.002  55   0 05:27:44     6906.22723    0.0000  2019/05/19
 2.0000000   4.0000000   21.2889   6173.523 0.005    2.8   -0.6 -1.44 0.002  55   0 05:28:44     6906.22792    0.0000  2019/05/19
 2.0000000   4.0000000   21.2889   6173.523 0.005    2.5   -0.9 -1.44 0.003  55   0 05:29:44     6906.22862    0.0000  2019/05/19
 2.0000000   4.0000000   21.2889   6173.521 0.006    2.5   -1.2 -1.44 0.004  55   0 05:30:44     6906.22931    0.0000  2019/05/19
 2.0000000   4.0000000   21.2889   6173.522 0.005    2.4   -1.4 -1.45 0.004  55   0 05:31:44     6906.23000    0.0000  2019/05/19
 2.0000000   4.0000000   21.2889   6173.523 0.005    1.7   -1.7 -1.44 0.005  55   0 05:32:44     6906.23070    0.0000  2019/05/19
 2.0000000   4.0000000   21.5330   6173.523 0.006    1.6   -1.8 -1.45 0.005  55   0 05:33:44     6906.23139    0.0000  2019/05/19
 2.0000000   4.0000000   21.2889   6173.522 0.005    1.7   -1.9 -1.45 0.006  55   0 05:34:44     6906.23208    0.0000  2019/05/19
 2.0000000   4.0000000   21.5330   6173.522 0.005    1.4   -2.1 -1.45 0.007  55   0 05:35:44     6906.23278    0.0000  2019/05/19
 2.0000000   4.0000000   21.2889   6173.523 0.005    1.5   -2.2 -1.45 0.007  55   0 05:36:44     6906.23347    0.0000  2019/05/19
 2.0000000   4.0000000   21.2889   6173.522 0.006    0.6   -2.5 -1.45 0.008  55   0 05:37:44     6906.23416    0.0000  2019/05/19
 2.0000000   4.0000000   21.2889   6173.522 0.006    0.1   -2.9 -1.45 0.008  55   0 05:38:44     6906.23486    0.0000  2019/05/19
 2.0000000   4.0000000   21.0447   6173.523 0.006   -0.6   -3.1 -1.45 0.009  55   0 05:39:44     6906.23555    0.0000  2019/05/19
 2.0000000   4.0000000   21.0447   6173.522 0.004   -0.8   -3.2 -1.45 0.010  55   0 05:40:44     6906.23624    0.0000  2019/05/19
 2.0000000   4.0000000   21.0447   6173.523 0.012   -1.0   -3.3 -1.45 0.010  55   1 05:41:45     6906.23695    0.0000  2019/05/19
/	CG-5 SURVEY
/	Survey name:   	03 19 05 2019.
/	Instrument S/N:	40824
/	Client:        	TNG.KHF
/	Operator:      	Zaynutdinov
/	Date:          	2019/ 5/19
/	Time:          	06:03:27
/	LONG:        	48.7000000 E
/	LAT:         	55.5000000 N
/	ZONE:        	9       
/	GMT DIFF.:   	0.0 
/------LINE-----STATION-----ALT.------GRAV.---SD.--TILTX--TILTY-TEMP---TIDE---DUR-REJ-----TIME----DEC.TIME+DATE--TERRAIN---DATE
 2.0000000   5.0000000   22.0213   6130.775 0.006    0.0    0.0 -1.08 0.024  55  10 06:04:49     6906.25294    0.0000  2019/05/19
 2.0000000   5.0000000   21.7772   6130.772 0.011    1.9   -1.1 -1.08 0.024  55   5 06:05:54     6906.25369    0.0000  2019/05/19
 2.0000000   5.0000000   21.7772   6130.773 0.016    2.7   -1.0 -1.08 0.025  55  19 06:06:54     6906.25438    0.0000  2019/05/19
 2.0000000   5.0000000   21.5330   6130.769 0.005    2.9   -0.6 -1.09 0.025  55   0 06:07:54     6906.25508    0.0000  2019/05/19
 2.0000000   5.0000000   21.5330   6130.766 0.005    3.1   -0.4 -1.10 0.026  55   0 06:08:54     6906.25577    0.0000  2019/05/19
 2.0000000   5.0000000   21.2889   6130.765 0.010    3.1   -0.3 -1.12 0.026  55   1 06:09:54     6906.25646    0.0000  2019/05/19
 2.0000000   5.0000000   21.2889   6130.763 0.008    2.9   -0.4 -1.14 0.027  55   0 06:10:54     6906.25716    0.0000  2019/05/19
 2.0000000   5.0000000   21.0447   6130.763 0.005    2.8   -0.6 -1.17 0.028  55   0 06:11:54     6906.25785    0.0000  2019/05/19
 2.0000000   5.0000000   21.2889   6130.762 0.006    2.5   -0.7 -1.19 0.028  55   0 06:12:54     6906.25854    0.0000  2019/05/19
 2.0000000   5.0000000   21.0447   6130.762 0.007    2.2   -0.7 -1.22 0.029  55   0 06:13:54     6906.25924    0.0000  2019/05/19
 2.0000000   5.0000000   21.2889   6130.761 0.007    2.0   -0.9 -1.24 0.029  55   0 06:14:54     6906.25993    0.0000  2019/05/19
 2.0000000   5.0000000   21.0447   6130.759 0.007    1.7   -1.0 -1.26 0.030  55   0 06:15:54     6906.26062    0.0000  2019/05/19
 2.0000000   5.0000000   21.0447   6130.759 0.005    1.4   -1.1 -1.28 0.030  55   0 06:16:54     6906.26132    0.0000  2019/05/19
 2.0000000   5.0000000   21.0447   6130.760 0.005    1.1   -1.1 -1.30 0.031  55   0 06:17:54     6906.26201    0.0000  2019/05/19
 2.0000000   5.0000000   21.0447   6130.758 0.007    0.9   -1.4 -1.31 0.031  55   0 06:18:54     6906.26270    0.0000  2019/05/19
 2.0000000   5.0000000   21.0447   6130.757 0.005    0.7   -1.3 -1.33 0.032  55   0 06:19:54     6906.26340    0.0000  2019/05/19
 2.0000000   5.0000000   21.0447   6130.758 0.006    0.4   -1.5 -1.34 0.033  55   0 06:20:54     6906.26409    0.0000  2019/05/19
 2.0000000   5.0000000   21.0447   6130.757 0.005    0.0   -1.2 -1.35 0.033  55   0 06:21:54     6906.26478    0.0000  2019/05/19
 2.0000000   5.0000000   21.2889   6130.758 0.008   -0.2   -1.1 -1.36 0.034  55   0 06:22:54     6906.26548    0.0000  2019/05/19
 2.0000000   5.0000000   20.8006   6130.758 0.007   -0.5   -1.2 -1.37 0.034  55   0 06:23:54     6906.26617    0.0000  2019/05/19
 2.0000000   5.0000000   21.0447   6130.757 0.009   -0.3   -1.2 -1.38 0.035  55   0 06:24:54     6906.26686    0.0000  2019/05/19
 2.0000000   5.0000000   20.8006   6130.757 0.005   -0.3   -1.4 -1.39 0.035  55   0 06:25:54     6906.26756    0.0000  2019/05/19
 2.0000000   5.0000000   20.8006   6130.757 0.005    0.0   -1.6 -1.39 0.036  55   0 06:26:54     6906.26825    0.0000  2019/05/19
 2.0000000   5.0000000   20.8006   6130.757 0.006    0.0   -1.8 -1.40 0.036  55   0 06:27:54     6906.26894    0.0000  2019/05/19
 2.0000000   5.0000000   20.8006   6130.756 0.006    0.0   -2.1 -1.40 0.037  55   0 06:28:54     6906.26964    0.0000  2019/05/19
 2.0000000   5.0000000   20.8006   6130.756 0.010    0.0   -2.2 -1.41 0.037  55   0 06:29:54     6906.27033    0.0000  2019/05/19
 2.0000000   5.0000000   20.8006   6130.755 0.005   -0.3   -2.2 -1.41 0.038  55   0 06:30:54     6906.27102    0.0000  2019/05/19
 2.0000000   5.0000000   20.8006   6130.756 0.006   -0.7   -2.1 -1.42 0.038  55   0 06:31:54     6906.27172    0.0000  2019/05/19
 2.0000000   5.0000000   20.8006   6130.757 0.006   -0.8   -2.4 -1.42 0.039  55   0 06:32:54     6906.27241    0.0000  2019/05/19
 2.0000000   5.0000000   20.8006   6130.756 0.008   -0.7   -2.4 -1.42 0.039  55   0 06:33:54     6906.27310    0.0000  2019/05/19
 2.0000000   5.0000000   20.5565   6130.757 0.006   -0.7   -2.4 -1.43 0.040  55   0 06:34:54     6906.27380    0.0000  2019/05/19
 2.0000000   5.0000000   20.5565   6130.756 0.006   -0.9   -2.5 -1.43 0.040  55   0 06:35:54     6906.27449    0.0000  2019/05/19
 2.0000000   5.0000000   20.5565   6130.756 0.007   -0.9   -2.8 -1.43 0.041  55   0 06:36:54     6906.27518    0.0000  2019/05/19
 2.0000000   5.0000000   20.5565   6130.756 0.005   -0.9   -3.0 -1.43 0.042  55   0 06:37:54     6906.27588    0.0000  2019/05/19
 2.0000000   5.0000000   20.5565   6130.756 0.006   -0.8   -3.2 -1.43 0.042  55   0 06:38:54     6906.27657    0.0000  2019/05/19
 2.0000000   5.0000000   20.3123   6130.756 0.007   -1.2   -3.1 -1.43 0.043  55   0 06:39:54     6906.27726    0.0000  2019/05/19
 2.0000000   5.0000000   20.5565   6130.756 0.006   -1.1   -3.4 -1.44 0.043  55   0 06:40:54     6906.27796    0.0000  2019/05/19
 2.0000000   5.0000000   20.3123   6130.756 0.020   -1.0   -3.8 -1.44 0.044  55   1 06:41:54     6906.27865    0.0000  2019/05/19
 2.0000000   5.0000000   20.3123   6130.755 0.007   -1.0   -3.9 -1.44 0.044  55   0 06:42:54     6906.27934    0.0000  2019/05/19
 2.0000000   5.0000000   20.3123   6130.757 0.006   -1.0   -4.1 -1.44 0.045  55   0 06:43:55     6906.28005    0.0000  2019/05/19
/	CG-5 SURVEY
/	Survey name:   	04 19 05 2019.
/	Instrument S/N:	40824
/	Client:        	TNG.KHF
/	Operator:      	Zaynutdinov
/	Date:          	2019/ 5/19
/	Time:          	07:29:38
/	LONG:        	48.5000000 E
/	LAT:         	55.1000000 N
/	ZONE:        	9       
/	GMT DIFF.:   	0.0 
/------LINE-----STATION-----ALT.------GRAV.---SD.--TILTX--TILTY-TEMP---TIDE---DUR-REJ-----TIME----DEC.TIME+DATE--TERRAIN---DATE
 2.0000000   6.0000000   24.7068   6097.919 0.041   -1.0    2.0 -1.16 0.067  55   8 07:31:34     6906.31309    0.0000  2019/05/19
 2.0000000   6.0000000   24.4627   6097.913 0.011   -0.3    2.4 -1.17 0.067  55   0 07:32:39     6906.31384    0.0000  2019/05/19
 2.0000000   6.0000000   24.4627   6097.910 0.011    0.3    2.2 -1.17 0.067  55   0 07:33:39     6906.31453    0.0000  2019/05/19
 2.0000000   6.0000000   24.2186   6097.908 0.015    0.7    2.5 -1.19 0.068  55   1 07:34:39     6906.31522    0.0000  2019/05/19
 2.0000000   6.0000000   23.9744   6097.907 0.010    0.8    2.5 -1.20 0.068  55   0 07:35:39     6906.31592    0.0000  2019/05/19
 2.0000000   6.0000000   23.9744   6097.905 0.013    0.8    2.6 -1.22 0.068  55   0 07:36:39     6906.31661    0.0000  2019/05/19
 2.0000000   6.0000000   23.7303   6097.904 0.010    0.7    2.8 -1.24 0.069  55   0 07:37:39     6906.31730    0.0000  2019/05/19
 2.0000000   6.0000000   23.7303   6097.904 0.011    0.5    3.2 -1.26 0.069  55   0 07:38:39     6906.31800    0.0000  2019/05/19
 2.0000000   6.0000000   23.4861   6097.903 0.008    0.7    3.0 -1.28 0.070  55   0 07:39:39     6906.31869    0.0000  2019/05/19
 2.0000000   6.0000000   23.2420   6097.903 0.007    0.7    2.5 -1.30 0.070  55   0 07:40:39     6906.31938    0.0000  2019/05/19
 2.0000000   6.0000000   22.9979   6097.902 0.014    0.6    2.2 -1.31 0.070  55   1 07:41:39     6906.32008    0.0000  2019/05/19
 2.0000000   6.0000000   23.2420   6097.901 0.019    0.6    1.9 -1.33 0.071  55   0 07:42:39     6906.32077    0.0000  2019/05/19
 2.0000000   6.0000000   22.7537   6097.901 0.015    0.5    1.5 -1.34 0.071  55   0 07:43:39     6906.32146    0.0000  2019/05/19
 2.0000000   6.0000000   22.7537   6097.902 0.011    0.4    1.3 -1.35 0.071  55   0 07:44:39     6906.32216    0.0000  2019/05/19
 2.0000000   6.0000000   22.7537   6097.901 0.029    0.5    1.1 -1.37 0.072  55   1 07:45:39     6906.32285    0.0000  2019/05/19
 2.0000000   6.0000000   22.5096   6097.901 0.032    0.6    0.9 -1.38 0.072  55   3 07:46:39     6906.32354    0.0000  2019/05/19
 2.0000000   6.0000000   22.2654   6097.901 0.018    0.6    0.9 -1.39 0.072  55   0 07:47:39     6906.32424    0.0000  2019/05/19
 2.0000000   6.0000000   22.2654   6097.899 0.014    0.2    1.3 -1.40 0.072  55   0 07:48:39     6906.32493    0.0000  2019/05/19
 2.0000000   6.0000000   22.0213   6097.899 0.010   -0.1    1.4 -1.40 0.073  55   0 07:49:39     6906.32562    0.0000  2019/05/19
 2.0000000   6.0000000   22.0213   6097.900 0.014    0.0    1.0 -1.41 0.073  55   0 07:50:39     6906.32632    0.0000  2019/05/19
 2.0000000   6.0000000   22.0213   6097.898 0.016    0.0    0.9 -1.41 0.073  55   0 07:51:39     6906.32701    0.0000  2019/05/19
 2.0000000   6.0000000   21.7772   6097.898 0.013   -0.6    1.4 -1.42 0.074  55   0 07:52:39     6906.32770    0.0000  2019/05/19
 2.0000000   6.0000000   21.7772   6097.900 0.027   -0.8    1.0 -1.43 0.074  55   3 07:53:39     6906.32840    0.0000  2019/05/19
 2.0000000   6.0000000   21.5330   6097.898 0.018   -1.3    1.0 -1.43 0.074  55   0 07:54:39     6906.32909    0.0000  2019/05/19
 2.0000000   6.0000000   21.5330   6097.899 0.013   -1.6    0.7 -1.43 0.075  55   0 07:55:39     6906.32978    0.0000  2019/05/19
 2.0000000   6.0000000   21.2889   6097.897 0.012   -1.6    0.5 -1.44 0.075  55   0 07:56:39     6906.33048    0.0000  2019/05/19
 2.0000000   6.0000000   21.2889   6097.898 0.012   -1.8    0.4 -1.44 0.075  55   0 07:57:39     6906.33117    0.0000  2019/05/19
 2.0000000   6.0000000   21.2889   6097.899 0.014   -1.8    0.0 -1.44 0.075  55   0 07:58:39     6906.33186    0.0000  2019/05/19
 2.0000000   6.0000000   21.0447   6097.898 0.010   -2.0   -0.1 -1.44 0.076  55   0 07:59:39     6906.33256    0.0000  2019/05/19
 2.0000000   6.0000000   21.0447   6097.897 0.013   -1.9   -0.5 -1.44 0.076  55   0 08:00:39     6906.33325    0.0000  2019/05/19
 2.0000000   6.0000000   21.0447   6097.897 0.014   -2.0   -1.0 -1.45 0.076  55   0 08:01:39     6906.33394    0.0000  2019/05/19
 2.0000000   6.0000000   20.8006   6097.897 0.019   -2.1   -1.2 -1.45 0.076  55   0 08:02:39     6906.33464    0.0000  2019/05/19
 2.0000000   6.0000000   20.8006   6097.897 0.015   -2.4   -1.5 -1.45 0.077  55   0 08:03:39     6906.33533    0.0000  2019/05/19
 2.0000000   6.0000000   20.8006   6097.897 0.027   -2.5   -1.6 -1.45 0.077  55   1 08:04:39     6906.33602    0.0000  2019/05/19
 2.0000000   6.0000000   20.5565   6097.897 0.017   -2.5   -2.0 -1.45 0.077  55   1 08:05:39     6906.33672    0.0000  2019/05/19
 2.0000000   6.0000000   20.5565   6097.896 0.010   -2.8   -2.3 -1.45 0.077  55   0 08:06:39     6906.33741    0.0000  2019/05/19
 2.0000000   6.0000000   20.5565   6097.897 0.009   -2.9   -2.6 -1.45 0.078  55   0 08:07:39     6906.33810    0.0000  2019/05/19
 2.0000000   6.0000000   20.3123   6097.897 0.013   -2.9   -2.8 -1.45 0.078  55   1 08:08:39     6906.33880    0.0000  2019/05/19
 2.0000000   6.0000000   20.5565   6097.897 0.008   -3.0   -3.1 -1.45 0.078  55   0 08:09:39     6906.33949    0.0000  2019/05/19
 2.0000000   6.0000000   20.3123   6097.896 0.012   -3.0   -3.3 -1.45 0.078  55   0 08:10:40     6906.34020    0.0000  2019/05/19
/	CG-5 SURVEY
/	Survey name:   	05 19 05 2019.
/	Instrument S/N:	40824
/	Client:        	TNG.KHF
/	Operator:      	Zaynutdinov
/	Date:          	2019/ 5/19
/	Time:          	09:00:14
/	LONG:        	48.7000000 E
/	LAT:         	55.5000000 N
/	ZONE:        	9       
/	GMT DIFF.:   	0.0 
/------LINE-----STATION-----ALT.------GRAV.---SD.--TILTX--TILTY-TEMP---TIDE---DUR-REJ-----TIME----DEC.TIME+DATE--TERRAIN---DATE
 2.0000000   5.0000000   24.2186   6130.749 0.031    4.2    4.6 -1.21 0.083  55   9 09:01:35     6906.37550    0.0000  2019/05/19
 2.0000000   5.0000000   23.9744   6130.745 0.007    4.6    5.9 -1.22 0.083  55   0 09:02:40     6906.37625    0.0000  2019/05/19
 2.0000000   5.0000000   23.7303   6130.745 0.007    5.8    5.4 -1.22 0.083  55   0 09:03:40     6906.37694    0.0000  2019/05/19
 2.0000000   5.0000000   23.7303   6130.745 0.007    6.8    5.1 -1.23 0.083  55   0 09:04:40     6906.37764    0.0000  2019/05/19
 2.0000000   5.0000000   23.4861   6130.744 0.006    7.1    5.0 -1.24 0.083  55   0 09:05:40     6906.37833    0.0000  2019/05/19
 2.0000000   5.0000000   23.2420   6130.744 0.006    7.6    4.4 -1.25 0.083  55   0 09:06:40     6906.37902    0.0000  2019/05/19
 2.0000000   5.0000000   22.9979   6130.744 0.006    7.8    4.2 -1.26 0.083  55   0 09:07:40     6906.37972    0.0000  2019/05/19
 2.0000000   5.0000000   22.7537   6130.745 0.006    7.9    3.7 -1.28 0.083  55   0 09:08:40     6906.38041    0.0000  2019/05/19
 2.0000000   5.0000000   22.5096   6130.745 0.008    7.5    3.6 -1.30 0.083  55   0 09:09:40     6906.38110    0.0000  2019/05/19
 2.0000000   5.0000000   22.2654   6130.744 0.005    7.0    3.7 -1.31 0.083  55   0 09:10:40     6906.38180    0.0000  2019/05/19
 2.0000000   5.0000000   22.2654   6130.744 0.005    6.6    3.7 -1.33 0.083  55   0 09:11:40     6906.38249    0.0000  2019/05/19
 2.0000000   5.0000000   22.0213   6130.745 0.008    6.3    3.5 -1.34 0.082  55   0 09:12:40     6906.38318    0.0000  2019/05/19
 2.0000000   5.0000000   22.0213   6130.744 0.005    6.1    3.4 -1.36 0.082  55   0 09:13:40     6906.38388    0.0000  2019/05/19
 2.0000000   5.0000000   21.7772   6130.744 0.006    5.9    3.3 -1.37 0.082  55   0 09:14:40     6906.38457    0.0000  2019/05/19
 2.0000000   5.0000000   21.7772   6130.745 0.006    5.5    3.1 -1.38 0.082  55   0 09:15:40     6906.38526    0.0000  2019/05/19
 2.0000000   5.0000000   21.2889   6130.746 0.006    5.1    3.2 -1.39 0.082  55   0 09:16:40     6906.38596    0.0000  2019/05/19
 2.0000000   5.0000000   21.2889   6130.744 0.007    5.0    2.9 -1.40 0.082  55   0 09:17:40     6906.38665    0.0000  2019/05/19
 2.0000000   5.0000000   21.5330   6130.745 0.007    4.8    2.7 -1.41 0.082  55   0 09:18:40     6906.38734    0.0000  2019/05/19
 2.0000000   5.0000000   21.2889   6130.745 0.006    4.1    2.8 -1.41 0.082  55   0 09:19:40     6906.38804    0.0000  2019/05/19
 2.0000000   5.0000000   21.0447   6130.745 0.005    4.2    2.6 -1.42 0.082  55   0 09:20:40     6906.38873    0.0000  2019/05/19
 2.0000000   5.0000000   21.0447   6130.746 0.006    4.2    2.5 -1.42 0.082  55   0 09:21:40     6906.38942    0.0000  2019/05/19
 2.0000000   5.0000000   20.8006   6130.747 0.006    3.8    2.5 -1.43 0.082  55   0 09:22:40     6906.39012    0.0000  2019/05/19
 2.0000000   5.0000000   21.0447   6130.746 0.007    3.7    2.5 -1.43 0.082  55   0 09:23:40     6906.39081    0.0000  2019/05/19
 2.0000000   5.0000000   20.8006   6130.747 0.007    3.3    2.4 -1.44 0.082  55   0 09:24:40     6906.39150    0.0000  2019/05/19
 2.0000000   5.0000000   20.8006   6130.746 0.004    3.1    2.1 -1.44 0.082  55   0 09:25:40     6906.39220    0.0000  2019/05/19
 2.0000000   5.0000000   20.5565   6130.746 0.006    3.1    1.8 -1.44 0.082  55   0 09:26:40     6906.39289    0.0000  2019/05/19
 2.0000000   5.0000000   20.5565   6130.746 0.007    2.9    1.5 -1.44 0.081  55   0 09:27:40     6906.39358    0.0000  2019/05/19
 2.0000000   5.0000000   20.5565   6130.747 0.006    2.4    1.6 -1.45 0.081  55   0 09:28:40     6906.39428    0.0000  2019/05/19
 2.0000000   5.0000000   20.5565   6130.745 0.006    2.3    1.1 -1.45 0.081  55   0 09:29:40     6906.39497    0.0000  2019/05/19
 2.0000000   5.0000000   20.3123   6130.746 0.006    2.2    1.0 -1.45 0.081  55   0 09:30:40     6906.39566    0.0000  2019/05/19
 2.0000000   5.0000000   20.3123   6130.746 0.006    2.4    0.4 -1.45 0.081  55   0 09:31:40     6906.39636    0.0000  2019/05/19
 2.0000000   5.0000000   20.3123   6130.746 0.007    2.0    0.4 -1.46 0.081  55   0 09:32:40     6906.39705    0.0000  2019/05/19
 2.0000000   5.0000000   20.3123   6130.745 0.005    1.8    0.2 -1.46 0.081  55   0 09:33:40     6906.39774    0.0000  2019/05/19
 2.0000000   5.0000000   20.0682   6130.746 0.006    1.5    0.1 -1.46 0.081  55   0 09:34:40     6906.39844    0.0000  2019/05/19
 2.0000000   5.0000000   20.0682   6130.747 0.006    1.3    0.0 -1.46 0.081  55   0 09:35:40     6906.39913    0.0000  2019/05/19
 2.0000000   5.0000000   20.0682   6130.746 0.006    1.0   -0.1 -1.46 0.080  55   0 09:36:40     6906.39982    0.0000  2019/05/19
 2.0000000   5.0000000   19.8240   6130.747 0.006    1.3   -0.4 -1.46 0.080  55   0 09:37:40     6906.40052    0.0000  2019/05/19
 2.0000000   5.0000000   19.8240   6130.746 0.006    1.1   -0.5 -1.46 0.080  55   0 09:38:40     6906.40121    0.0000  2019/05/19
 2.0000000   5.0000000   19.8240   6130.746 0.005    1.1   -0.5 -1.46 0.080  55   0 09:39:40     6906.40190    0.0000  2019/05/19
 2.0000000   5.0000000   19.8240   6130.746 0.005    1.1   -0.7 -1.46 0.080  55   0 09:40:41     6906.40261    0.0000  2019/05/19
/	CG-5 SURVEY
/	Survey name:   	06 19 05 2019.
/	Instrument S/N:	40824
/	Client:        	TNG.KHF
/	Operator:      	Zaynutdinov
/	Date:          	2019/ 5/19
/	Time:          	09:42:58
/	LONG:        	48.7000000 E
/	LAT:         	55.6000000 N
/	ZONE:        	9       
/	GMT DIFF.:   	0.0 
/------LINE-----STATION-----ALT.------GRAV.---SD.--TILTX--TILTY-TEMP---TIDE---DUR-REJ-----TIME----DEC.TIME+DATE--TERRAIN---DATE
 2.0000000   4.0000000   21.2889   6173.518 0.015    1.5    0.3 -1.26 0.075  55  35 10:05:16     6906.41965    0.0000  2019/05/19
 2.0000000   4.0000000   21.0447   6173.517 0.006    1.8    0.2 -1.25 0.074  55   0 10:06:21     6906.42040    0.0000  2019/05/19
 2.0000000   4.0000000   21.0447   6173.516 0.008    2.3    0.0 -1.25 0.074  55   0 10:07:21     6906.42110    0.0000  2019/05/19
 2.0000000   4.0000000   21.0447   6173.516 0.008    2.9   -0.2 -1.25 0.074  55   0 10:08:21     6906.42179    0.0000  2019/05/19
 2.0000000   4.0000000   21.0447   6173.516 0.005    3.5   -0.4 -1.26 0.073  55   0 10:09:21     6906.42248    0.0000  2019/05/19
 2.0000000   4.0000000   20.8006   6173.516 0.008    3.2   -0.7 -1.27 0.073  55   1 10:10:21     6906.42318    0.0000  2019/05/19
 2.0000000   4.0000000   20.8006   6173.516 0.008    3.7   -0.8 -1.28 0.073  55   0 10:11:21     6906.42387    0.0000  2019/05/19
 2.0000000   4.0000000   20.5565   6173.516 0.006    3.4   -1.0 -1.29 0.073  55   0 10:12:21     6906.42456    0.0000  2019/05/19
 2.0000000   4.0000000   20.5565   6173.516 0.007    3.2   -1.4 -1.31 0.072  55   0 10:13:21     6906.42526    0.0000  2019/05/19
 2.0000000   4.0000000   20.5565   6173.516 0.007    3.3   -1.5 -1.32 0.072  55   0 10:14:21     6906.42595    0.0000  2019/05/19
 2.0000000   4.0000000   20.3123   6173.516 0.006    3.4   -1.7 -1.34 0.072  55   0 10:15:21     6906.42664    0.0000  2019/05/19
 2.0000000   4.0000000   20.3123   6173.517 0.006    3.1   -2.0 -1.35 0.072  55   0 10:16:21     6906.42734    0.0000  2019/05/19
 2.0000000   4.0000000   20.0682   6173.517 0.006    3.2   -2.1 -1.36 0.071  55   0 10:17:21     6906.42803    0.0000  2019/05/19
 2.0000000   4.0000000   20.0682   6173.515 0.006    3.2   -2.1 -1.37 0.071  55   0 10:18:21     6906.42872    0.0000  2019/05/19
 2.0000000   4.0000000   20.0682   6173.516 0.007    3.0   -2.3 -1.38 0.071  55   0 10:19:21     6906.42942    0.0000  2019/05/19
 2.0000000   4.0000000   20.0682   6173.515 0.006    3.2   -2.4 -1.39 0.070  55   0 10:20:21     6906.43011    0.0000  2019/05/19
 2.0000000   4.0000000   20.0682   6173.517 0.007    3.4   -2.3 -1.39 0.070  55   0 10:21:21     6906.43080    0.0000  2019/05/19
 2.0000000   4.0000000   19.8240   6173.516 0.007    3.3   -2.4 -1.40 0.070  55   0 10:22:21     6906.43150    0.0000  2019/05/19
 2.0000000   4.0000000   19.8240   6173.516 0.006    3.2   -2.4 -1.40 0.069  55   0 10:23:21     6906.43219    0.0000  2019/05/19
 2.0000000   4.0000000   19.8240   6173.517 0.007    3.0   -2.7 -1.41 0.069  55   0 10:24:21     6906.43288    0.0000  2019/05/19
 2.0000000   4.0000000   19.8240   6173.517 0.006    2.9   -2.8 -1.41 0.069  55   0 10:25:21     6906.43358    0.0000  2019/05/19
 2.0000000   4.0000000   19.8240   6173.517 0.005    2.6   -3.0 -1.41 0.069  55   0 10:26:21     6906.43427    0.0000  2019/05/19
 2.0000000   4.0000000   19.8240   6173.518 0.007    2.2   -3.1 -1.42 0.068  55   0 10:27:21     6906.43496    0.0000  2019/05/19
 2.0000000   4.0000000   19.8240   6173.517 0.005    2.0   -3.3 -1.42 0.068  55   0 10:28:21     6906.43566    0.0000  2019/05/19
 2.0000000   4.0000000   19.5799   6173.518 0.007    2.0   -3.4 -1.42 0.068  55   0 10:29:21     6906.43635    0.0000  2019/05/19
 2.0000000   4.0000000   19.5799   6173.518 0.006    2.1   -3.5 -1.43 0.067  55   0 10:30:21     6906.43704    0.0000  2019/05/19
 2.0000000   4.0000000   19.5799   6173.517 0.005    2.2   -3.6 -1.43 0.067  55   0 10:31:21     6906.43774    0.0000  2019/05/19
 2.0000000   4.0000000   19.5799   6173.518 0.006    2.1   -3.8 -1.43 0.067  55   0 10:32:21     6906.43843    0.0000  2019/05/19
 2.0000000   4.0000000   19.5799   6173.518 0.007    2.1   -4.0 -1.43 0.066  55   0 10:33:21     6906.43912    0.0000  2019/05/19
 2.0000000   4.0000000   19.3358   6173.517 0.006    2.1   -4.2 -1.43 0.066  55   0 10:34:21     6906.43982    0.0000  2019/05/19
 2.0000000   4.0000000   19.3358   6173.518 0.005    1.8   -4.4 -1.43 0.065  55   0 10:35:21     6906.44051    0.0000  2019/05/19
 2.0000000   4.0000000   19.3358   6173.517 0.005    1.8   -4.6 -1.43 0.065  55   0 10:36:21     6906.44120    0.0000  2019/05/19
 2.0000000   4.0000000   19.3358   6173.517 0.004    2.0   -4.6 -1.43 0.065  55   0 10:37:21     6906.44190    0.0000  2019/05/19
 2.0000000   4.0000000   19.3358   6173.516 0.006    2.2   -4.7 -1.43 0.064  55   0 10:38:21     6906.44259    0.0000  2019/05/19
 2.0000000   4.0000000   19.3358   6173.516 0.006    2.0   -4.8 -1.43 0.064  55   0 10:39:21     6906.44328    0.0000  2019/05/19
 2.0000000   4.0000000   19.3358   6173.516 0.006    2.0   -4.9 -1.43 0.064  55   0 10:40:21     6906.44398    0.0000  2019/05/19
 2.0000000   4.0000000   19.3358   6173.517 0.005    1.6   -5.3 -1.43 0.063  55   0 10:41:21     6906.44467    0.0000  2019/05/19
 2.0000000   4.0000000   19.3358   6173.517 0.005    1.6   -5.5 -1.43 0.063  55   0 10:42:21     6906.44536    0.0000  2019/05/19
 2.0000000   4.0000000   19.0916   6173.516 0.006    1.4   -5.6 -1.43 0.063  55   0 10:43:21     6906.44606    0.0000  2019/05/19
 2.0000000   4.0000000   19.3358   6173.517 0.006    1.3   -5.9 -1.43 0.062  55   0 10:44:22     6906.44676    0.0000  2019/05/19
/	CG-5 SURVEY
/	Survey name:   	07 19 05 2019.
/	Instrument S/N:	40824
/	Client:        	TNG.KHF
/	Operator:      	Zaynutdinov
/	Date:          	2019/ 5/19
/	Time:          	10:46:56
/	LONG:        	48.8000000 E
/	LAT:         	55.8000000 N
/	ZONE:        	9       
/	GMT DIFF.:   	0.0 
/------LINE-----STATION-----ALT.------GRAV.---SD.--TILTX--TILTY-TEMP---TIDE---DUR-REJ-----TIME----DEC.TIME+DATE--TERRAIN---DATE
 2.0000000   1.0000000   24.2186   6191.035 0.027   -3.6    0.0 -1.09 0.032  55   3 11:47:24     6906.49046    0.0000  2019/05/19
 2.0000000   1.0000000   23.7303   6191.034 0.027   -3.2    0.2 -1.09 0.032  55   0 11:48:29     6906.49122    0.0000  2019/05/19
 2.0000000   1.0000000   23.7303   6191.033 0.041   -2.7    0.0 -1.09 0.031  55   0 11:49:29     6906.49191    0.0000  2019/05/19
 2.0000000   1.0000000   23.4861   6191.033 0.076   -2.3   -0.1 -1.10 0.031  55   0 11:50:29     6906.49260    0.0000  2019/05/19
 2.0000000   1.0000000   23.4861   6191.030 0.098   -2.0   -0.3 -1.12 0.030  55   0 11:51:29     6906.49330    0.0000  2019/05/19
 2.0000000   1.0000000   23.2420   6191.028 0.114   -1.8   -0.3 -1.14 0.029  55   0 11:52:29     6906.49399    0.0000  2019/05/19
 2.0000000   1.0000000   23.2420   6191.028 0.070   -1.7   -0.6 -1.16 0.029  55   0 11:53:29     6906.49468    0.0000  2019/05/19
 2.0000000   1.0000000   22.9979   6191.031 0.078   -1.6   -0.9 -1.19 0.028  55   0 11:54:29     6906.49538    0.0000  2019/05/19
 2.0000000   1.0000000   23.2420   6191.031 0.040   -1.6   -1.0 -1.21 0.028  55   0 11:55:29     6906.49607    0.0000  2019/05/19
 2.0000000   1.0000000   22.7537   6191.029 0.031   -1.7   -1.1 -1.24 0.027  55   0 11:56:29     6906.49676    0.0000  2019/05/19
 2.0000000   1.0000000   22.7537   6191.031 0.038   -1.8   -1.2 -1.26 0.027  55   0 11:57:29     6906.49746    0.0000  2019/05/19
 2.0000000   1.0000000   22.7537   6191.031 0.037   -1.8   -1.3 -1.28 0.026  55   0 11:58:29     6906.49815    0.0000  2019/05/19
 2.0000000   1.0000000   22.7537   6191.032 0.033   -1.9   -1.5 -1.30 0.026  55   0 11:59:29     6906.49884    0.0000  2019/05/19
 2.0000000   1.0000000   22.5096   6191.030 0.037   -2.1   -1.6 -1.32 0.025  55   0 12:00:29     6906.49954    0.0000  2019/05/19
 2.0000000   1.0000000   22.2654   6191.030 0.040   -2.3   -1.6 -1.33 0.025  55   0 12:01:29     6906.50023    0.0000  2019/05/19
 2.0000000   1.0000000   22.5096   6191.030 0.036   -2.4   -1.7 -1.35 0.024  55   0 12:02:29     6906.50092    0.0000  2019/05/19
 2.0000000   1.0000000   22.2654   6191.031 0.029   -2.5   -1.9 -1.36 0.023  55   0 12:03:29     6906.50162    0.0000  2019/05/19
 2.0000000   1.0000000   22.2654   6191.032 0.034   -2.7   -2.0 -1.37 0.023  55   0 12:04:29     6906.50231    0.0000  2019/05/19
 2.0000000   1.0000000   22.0213   6191.031 0.032   -2.9   -2.1 -1.38 0.022  55   0 12:05:29     6906.50300    0.0000  2019/05/19
 2.0000000   1.0000000   22.2654   6191.031 0.037   -3.0   -2.1 -1.39 0.022  55   0 12:06:29     6906.50370    0.0000  2019/05/19
 2.0000000   1.0000000   21.7772   6191.031 0.029   -3.1   -2.2 -1.40 0.021  55   0 12:07:29     6906.50439    0.0000  2019/05/19
 2.0000000   1.0000000   22.0213   6191.032 0.033   -3.3   -2.4 -1.41 0.021  55   0 12:08:29     6906.50508    0.0000  2019/05/19
 2.0000000   1.0000000   21.7772   6191.032 0.025   -3.4   -2.4 -1.41 0.020  55   0 12:09:29     6906.50578    0.0000  2019/05/19
 2.0000000   1.0000000   21.7772   6191.031 0.030   -3.6   -2.7 -1.42 0.020  55   0 12:10:29     6906.50647    0.0000  2019/05/19
 2.0000000   1.0000000   21.7772   6191.032 0.033   -3.8   -2.7 -1.42 0.019  55   0 12:11:29     6906.50716    0.0000  2019/05/19
 2.0000000   1.0000000   21.7772   6191.032 0.026   -3.9   -2.9 -1.43 0.018  55   0 12:12:29     6906.50786    0.0000  2019/05/19
 2.0000000   1.0000000   21.5330   6191.032 0.018   -4.1   -3.1 -1.43 0.018  55   0 12:13:29     6906.50855    0.0000  2019/05/19
 2.0000000   1.0000000   21.5330   6191.031 0.016   -4.2   -3.4 -1.44 0.017  55   0 12:14:29     6906.50924    0.0000  2019/05/19
 2.0000000   1.0000000   21.5330   6191.031 0.020   -4.4   -3.6 -1.44 0.017  55   0 12:15:29     6906.50994    0.0000  2019/05/19
 2.0000000   1.0000000   21.5330   6191.032 0.018   -4.5   -3.8 -1.44 0.016  55   0 12:16:29     6906.51063    0.0000  2019/05/19
 2.0000000   1.0000000   21.5330   6191.031 0.025   -4.6   -4.0 -1.44 0.016  55   1 12:17:29     6906.51132    0.0000  2019/05/19
 2.0000000   1.0000000   21.2889   6191.033 0.029   -4.8   -4.2 -1.45 0.015  55   0 12:18:29     6906.51202    0.0000  2019/05/19
 2.0000000   1.0000000   21.2889   6191.032 0.042   -5.0   -4.4 -1.45 0.015  55   0 12:19:29     6906.51271    0.0000  2019/05/19
 2.0000000   1.0000000   21.2889   6191.032 0.030   -5.1   -4.6 -1.45 0.014  55   0 12:20:29     6906.51340    0.0000  2019/05/19
 2.0000000   1.0000000   21.2889   6191.032 0.034   -5.2   -4.7 -1.45 0.013  55   0 12:21:29     6906.51410    0.0000  2019/05/19
 2.0000000   1.0000000   21.2889   6191.032 0.030   -5.5   -4.9 -1.45 0.013  55   0 12:22:29     6906.51479    0.0000  2019/05/19
 2.0000000   1.0000000   21.2889   6191.032 0.046   -5.6   -5.1 -1.45 0.012  55   0 12:23:29     6906.51548    0.0000  2019/05/19
 2.0000000   1.0000000   21.0447   6191.033 0.056   -5.6   -5.0 -1.45 0.012  55   0 12:24:29     6906.51618    0.0000  2019/05/19
 2.0000000   1.0000000   21.2889   6191.034 0.059   -5.9   -5.3 -1.46 0.011  55   0 12:25:29     6906.51687    0.0000  2019/05/19
 2.0000000   1.0000000   21.0447   6191.032 0.061   -5.9   -5.5 -1.46 0.011  55   0 12:26:30     6906.51757    0.0000  2019/05/19