
/	CG-5 SURVEY
/	Survey name:   	00 15 05 2019.
/	Instrument S/N:	40824
/	Client:        	TNG.KHF
/	Operator:      	Zaynutdinov
/	Date:          	2019/ 5/15
/	Time:          	03:25:00
/	LONG:        	48.8000000 E
/	LAT:         	55.8000000 N
/	ZONE:        	9       
/	GMT DIFF.:   	0.0 

/	CG-5 SETUP PARAMETERS
/	Gref:			0.000   
/	Gcal1:		8394.709
/	TiltxS:		629.414 
/	TiltyS:		674.620 
/	TiltxO:		-40.315 
/	TiltyO:		29.308  
/	Tempco:		-0.130  
/	Drift:		0.563   
/	DriftTime Start:	03:25:16
/	DriftDate Start:	2019/05/15

/	CG-5 OPTIONS
/	Tide Correction:    YES
/	Cont. Tilt:         YES
/	Auto Rejection:     YES
/	Terrain Corr.:       NO
/	Seismic Filter:     YES
/	Raw Data:           YES
Line	   2.000N
/------LINE-----STATION-----ALT.------GRAV.---SD.--TILTX--TILTY-TEMP---TIDE---DUR-REJ-----TIME----DEC.TIME+DATE--TERRAIN---DATE
 2.0000000   1.0000000   29.5896   6188.873 0.055   -1.1   -1.5 -1.18 -0.046  55   1 03:27:15     6902.14369    0.0000  2019/05/15
 2.0000000   1.0000000   29.3455   6188.872 0.074   -0.4   -1.7 -1.18 -0.046  55   2 03:28:20     6902.14444    0.0000  2019/05/15
 2.0000000   1.0000000   29.1014   6188.870 0.040    0.4   -2.3 -1.19 -0.045  55   1 03:29:20     6902.14514    0.0000  2019/05/15
 2.0000000   1.0000000   28.8572   6188.870 0.042    1.1   -2.5 -1.19 -0.045  55   0 03:30:20     6902.14583    0.0000  2019/05/15
 2.0000000   1.0000000   28.6131   6188.868 0.031    1.7   -3.0 -1.20 -0.045  55   0 03:31:20     6902.14652    0.0000  2019/05/15
 2.0000000   1.0000000   28.3689   6188.867 0.024    2.1   -3.3 -1.21 -0.044  55   0 03:32:20     6902.14722    0.0000  2019/05/15
 2.0000000   1.0000000   28.1248   6188.866 0.028    2.2   -3.5 -1.23 -0.044  55   0 03:33:20     6902.14791    0.0000  2019/05/15
 2.0000000   1.0000000   27.8807   6188.866 0.027    2.3   -3.8 -1.25 -0.043  55   0 03:34:20     6902.14860    0.0000  2019/05/15
 2.0000000   1.0000000   27.6365   6188.865 0.027    2.4   -4.0 -1.26 -0.043  55   0 03:35:20     6902.14930    0.0000  2019/05/15
 2.0000000   1.0000000   27.3924   6188.865 0.028    2.4   -4.2 -1.28 -0.043  55   0 03:36:20     6902.14999    0.0000  2019/05/15
 2.0000000   1.0000000   27.1482   6188.864 0.027    2.5   -4.4 -1.29 -0.042  55   0 03:37:20     6902.15068    0.0000  2019/05/15
 2.0000000   1.0000000   27.1482   6188.863 0.029    2.4   -4.6 -1.31 -0.042  55   0 03:38:20     6902.15138    0.0000  2019/05/15
 2.0000000   1.0000000   26.9041   6188.864 0.030    2.2   -4.7 -1.32 -0.041  55   0 03:39:20     6902.15207    0.0000  2019/05/15
 2.0000000   1.0000000   26.6600   6188.863 0.032    2.3   -4.9 -1.34 -0.041  55   0 03:40:20     6902.15276    0.0000  2019/05/15
 2.0000000   1.0000000   26.4158   6188.863 0.035    2.7   -4.7 -1.35 -0.041  55   5 03:41:20     6902.15346    0.0000  2019/05/15
/	CG-5 SURVEY
/	Survey name:   	01 15 05 2019.
/	Instrument S/N:	40824
/	Client:        	TNG.KHF
/	Operator:      	Zaynutdinov
/	Date:          	2019/ 5/15
/	Time:          	03:42:58
/	LONG:        	48.8000000 E
/	LAT:         	55.8000000 N
/	ZONE:        	9       
/	GMT DIFF.:   	0.0 
/------LINE-----STATION-----ALT.------GRAV.---SD.--TILTX--TILTY-TEMP---TIDE---DUR-REJ-----TIME----DEC.TIME+DATE--TERRAIN---DATE
 2.0000000   1.0000000   25.9275   6188.868 0.108   -2.4   -0.6 -1.37 -0.039  55   0 03:43:42     6902.15510    0.0000  2019/05/15
 2.0000000   1.0000000   25.9275   6188.864 0.103   -2.2   -0.9 -1.38 -0.039  55   1 03:44:47     6902.15585    0.0000  2019/05/15
 2.0000000   1.0000000   25.6834   6188.862 0.093   -2.4   -0.9 -1.38 -0.039  55   0 03:45:47     6902.15654    0.0000  2019/05/15
 2.0000000   1.0000000   25.4393   6188.863 0.067   -2.1   -1.1 -1.39 -0.038  55   0 03:46:47     6902.15724    0.0000  2019/05/15
 2.0000000   1.0000000   25.1951   6188.864 0.033   -2.1   -1.3 -1.39 -0.038  55   0 03:47:47     6902.15793    0.0000  2019/05/15
 2.0000000   1.0000000   25.1951   6188.865 0.028   -2.2   -1.4 -1.39 -0.037  55   0 03:48:47     6902.15862    0.0000  2019/05/15
 2.0000000   1.0000000   24.9510   6188.863 0.033   -2.4   -1.7 -1.40 -0.037  55   0 03:49:47     6902.15932    0.0000  2019/05/15
 2.0000000   1.0000000   24.9510   6188.863 0.036   -2.4   -1.8 -1.40 -0.037  55   0 03:50:47     6902.16001    0.0000  2019/05/15
 2.0000000   1.0000000   24.7068   6188.862 0.032   -2.5   -2.1 -1.40 -0.036  55   0 03:51:47     6902.16070    0.0000  2019/05/15
 2.0000000   1.0000000   24.4627   6188.864 0.024   -2.7   -2.4 -1.40 -0.036  55   0 03:52:47     6902.16140    0.0000  2019/05/15
 2.0000000   1.0000000   24.4627   6188.863 0.021   -2.9   -2.6 -1.41 -0.035  55   0 03:53:47     6902.16209    0.0000  2019/05/15
 2.0000000   1.0000000   24.4627   6188.864 0.024   -3.0   -2.9 -1.41 -0.035  55   0 03:54:47     6902.16278    0.0000  2019/05/15
 2.0000000   1.0000000   24.2186   6188.864 0.028   -3.2   -3.1 -1.41 -0.035  55   0 03:55:47     6902.16348    0.0000  2019/05/15
 2.0000000   1.0000000   24.2186   6188.863 0.020   -3.4   -3.3 -1.41 -0.034  55   0 03:56:47     6902.16417    0.0000  2019/05/15
 2.0000000   1.0000000   23.9744   6188.863 0.024   -3.5   -3.5 -1.41 -0.034  55   0 03:57:47     6902.16486    0.0000  2019/05/15
 2.0000000   1.0000000   23.9744   6188.864 0.024   -3.7   -3.7 -1.41 -0.033  55   0 03:58:47     6902.16556    0.0000  2019/05/15
 2.0000000   1.0000000   23.7303   6188.863 0.022   -3.9   -3.9 -1.41 -0.033  55   0 03:59:47     6902.16625    0.0000  2019/05/15
 2.0000000   1.0000000   23.7303   6188.863 0.023   -4.1   -4.0 -1.41 -0.033  55   0 04:00:47     6902.16694    0.0000  2019/05/15
 2.0000000   1.0000000   23.4861   6188.863 0.023   -4.3   -4.2 -1.41 -0.032  55   0 04:01:47     6902.16764    0.0000  2019/05/15
 2.0000000   1.0000000   23.4861   6188.863 0.030   -4.4   -4.4 -1.41 -0.032  55   0 04:02:47     6902.16833    0.0000  2019/05/15
 2.0000000   1.0000000   23.4861   6188.863 0.030   -4.6   -4.6 -1.41 -0.031  55   0 04:03:47     6902.16902    0.0000  2019/05/15
 2.0000000   1.0000000   23.2420   6188.863 0.037   -4.8   -4.7 -1.41 -0.031  55   0 04:04:47     6902.16972    0.0000  2019/05/15
 2.0000000   1.0000000   23.2420   6188.862 0.050   -4.9   -4.8 -1.41 -0.031  55   0 04:05:47     6902.17041    0.0000  2019/05/15
 2.0000000   1.0000000   22.9979   6188.861 0.063   -4.9   -4.9 -1.42 -0.030  55   0 04:06:47     6902.17110    0.0000  2019/05/15
 2.0000000   1.0000000   22.9979   6188.861 0.094   -5.3   -5.1 -1.41 -0.030  55   0 04:07:47     6902.17180    0.0000  2019/05/15
 2.0000000   1.0000000   22.9979   6188.861 0.085   -5.3   -5.5 -1.42 -0.030  55   0 04:08:47     6902.17249    0.0000  2019/05/15
 2.0000000   1.0000000   22.9979   6188.862 0.082   -5.3   -5.5 -1.41 -0.029  55   1 04:09:47     6902.17318    0.0000  2019/05/15
 2.0000000   1.0000000   22.7537   6188.860 0.134   -5.5   -5.8 -1.41 -0.029  55   0 04:10:47     6902.17388    0.0000  2019/05/15
 2.0000000   1.0000000   22.7537   6188.861 0.071   -5.6   -5.4 -1.41 -0.028  55   0 04:11:47     6902.17457    0.0000  2019/05/15
 2.0000000   1.0000000   22.7537   6188.862 0.070   -5.9   -5.9 -1.41 -0.028  55   0 04:12:47     6902.17526    0.0000  2019/05/15
 2.0000000   1.0000000   22.5096   6188.862 0.042   -6.1   -6.0 -1.41 -0.028  55   0 04:13:47     6902.17596    0.0000  2019/05/15
 2.0000000   1.0000000   22.5096   6188.862 0.044   -6.2   -6.1 -1.41 -0.027  55   0 04:14:47     6902.17665    0.0000  2019/05/15
 2.0000000   1.0000000   22.2654   6188.863 0.034   -6.3   -6.2 -1.41 -0.027  55   0 04:15:47     6902.17734    0.0000  2019/05/15
 2.0000000   1.0000000   22.2654   6188.863 0.026   -6.4   -6.2 -1.41 -0.026  55   0 04:16:47     6902.17804    0.0000  2019/05/15
 2.0000000   1.0000000   22.2654   6188.864 0.029   -6.6   -6.4 -1.41 -0.026  55   0 04:17:47     6902.17873    0.0000  2019/05/15
 2.0000000   1.0000000   22.2654   6188.864 0.028   -6.7   -6.5 -1.41 -0.026  55   0 04:18:47     6902.17942    0.0000  2019/05/15
 2.0000000   1.0000000   22.2654   6188.862 0.026   -6.8   -6.6 -1.41 -0.025  55   0 04:19:47     6902.18012    0.0000  2019/05/15
 2.0000000   1.0000000   22.2654   6188.863 0.030   -6.9   -6.7 -1.41 -0.025  55   0 04:20:47     6902.18081    0.0000  2019/05/15
 2.0000000   1.0000000   22.0213   6188.863 0.033   -7.1   -6.8 -1.40 -0.025  55   0 04:21:47     6902.18150    0.0000  2019/05/15
 2.0000000   1.0000000   22.0213   6188.862 0.037   -7.3   -6.9 -1.40 -0.024  55   0 04:22:48     6902.18221    0.0000  2019/05/15
/	CG-5 SURVEY
/	Survey name:   	02 15 05 2019.
/	Instrument S/N:	40824
/	Client:        	TNG.KHF
/	Operator:      	Zaynutdinov
/	Date:          	2019/ 5/15
/	Time:          	04:25:07
/	LONG:        	48.7000000 E
/	LAT:         	55.6000000 N
/	ZONE:        	9       
/	GMT DIFF.:   	0.0 
/------LINE-----STATION-----ALT.------GRAV.---SD.--TILTX--TILTY-TEMP---TIDE---DUR-REJ-----TIME----DEC.TIME+DATE--TERRAIN---DATE
 2.0000000   4.0000000   26.1717   6171.453 0.036   -0.4   -2.2 -1.18 -0.007  55   2 05:14:01     6902.21772    0.0000  2019/05/15
 2.0000000   4.0000000   26.1717   6171.438 0.016   -0.2   -2.2 -1.18 -0.007  55   0 05:15:06     6902.21847    0.0000  2019/05/15
 2.0000000   4.0000000   26.1717   6171.429 0.012    0.0   -2.4 -1.18 -0.006  55   0 05:16:06     6902.21916    0.0000  2019/05/15
 2.0000000   4.0000000   26.4158   6171.421 0.012    0.2   -2.7 -1.18 -0.006  55   0 05:17:06     6902.21986    0.0000  2019/05/15
 2.0000000   4.0000000   26.4158   6171.415 0.014    0.3   -2.9 -1.18 -0.006  55   0 05:18:06     6902.22055    0.0000  2019/05/15
 2.0000000   4.0000000   26.4158   6171.411 0.015    0.4   -3.0 -1.19 -0.006  55   0 05:19:06     6902.22124    0.0000  2019/05/15
 2.0000000   4.0000000   26.4158   6171.408 0.013    0.5   -3.1 -1.20 -0.005  55   0 05:20:06     6902.22194    0.0000  2019/05/15
 2.0000000   4.0000000   26.6600   6171.404 0.014    0.6   -3.1 -1.21 -0.005  55   0 05:21:06     6902.22263    0.0000  2019/05/15
 2.0000000   4.0000000   26.6600   6171.400 0.017    0.5   -3.2 -1.23 -0.005  55   0 05:22:06     6902.22332    0.0000  2019/05/15
 2.0000000   4.0000000   26.6600   6171.399 0.024    0.4   -3.2 -1.24 -0.005  55   0 05:23:06     6902.22402    0.0000  2019/05/15
 2.0000000   4.0000000   26.4158   6171.396 0.014    0.4   -3.3 -1.25 -0.004  55   0 05:24:06     6902.22471    0.0000  2019/05/15
 2.0000000   4.0000000   26.9041   6171.395 0.014    0.5   -3.3 -1.27 -0.004  55   0 05:25:06     6902.22540    0.0000  2019/05/15
 2.0000000   4.0000000   26.6600   6171.392 0.018    0.6   -3.2 -1.28 -0.004  55   0 05:26:06     6902.22610    0.0000  2019/05/15
 2.0000000   4.0000000   26.6600   6171.390 0.013    0.5   -3.3 -1.29 -0.004  55   0 05:27:06     6902.22679    0.0000  2019/05/15
 2.0000000   4.0000000   26.6600   6171.388 0.013    0.5   -3.4 -1.31 -0.003  55   0 05:28:06     6902.22748    0.0000  2019/05/15
 2.0000000   4.0000000   26.9041   6171.387 0.012    0.5   -3.5 -1.31 -0.003  55   0 05:29:06     6902.22818    0.0000  2019/05/15
 2.0000000   4.0000000   26.9041   6171.385 0.012    0.7   -3.4 -1.32 -0.003  55   0 05:30:06     6902.22887    0.0000  2019/05/15
 2.0000000   4.0000000   26.9041   6171.385 0.016    0.6   -3.4 -1.33 -0.003  55   0 05:31:06     6902.22956    0.0000  2019/05/15
 2.0000000   4.0000000   26.9041   6171.383 0.016    0.6   -3.5 -1.34 -0.002  55   0 05:32:06     6902.23026    0.0000  2019/05/15
 2.0000000   4.0000000   26.9041   6171.382 0.017    0.7   -3.5 -1.35 -0.002  55   0 05:33:06     6902.23095    0.0000  2019/05/15
 2.0000000   4.0000000   26.9041   6171.381 0.010    0.7   -3.6 -1.35 -0.002  55   0 05:34:06     6902.23164    0.0000  2019/05/15
 2.0000000   4.0000000   26.9041   6171.381 0.016    0.8   -3.6 -1.36 -0.002  55   2 05:35:06     6902.23234    0.0000  2019/05/15
 2.0000000   4.0000000   27.1482   6171.379 0.023    0.8   -3.6 -1.36 -0.001  55   0 05:36:06     6902.23303    0.0000  2019/05/15
 2.0000000   4.0000000   26.9041   6171.379 0.019    0.8   -3.8 -1.37 -0.001  55   0 05:37:06     6902.23372    0.0000  2019/05/15
 2.0000000   4.0000000   27.1482   6171.377 0.020    0.9   -3.9 -1.37 -0.001  55   0 05:38:06     6902.23442    0.0000  2019/05/15
 2.0000000   4.0000000   27.1482   6171.376 0.024    1.0   -3.9 -1.37 -0.001  55   0 05:39:06     6902.23511    0.0000  2019/05/15
 2.0000000   4.0000000   27.1482   6171.377 0.025    1.1   -4.0 -1.37 -0.001  55   0 05:40:06     6902.23580    0.0000  2019/05/15
 2.0000000   4.0000000   27.1482   6171.375 0.017    1.0   -4.3 -1.38 0.000  55   0 05:41:06     6902.23650    0.0000  2019/05/15
 2.0000000   4.0000000   27.1482   6171.375 0.021    1.0   -4.5 -1.38 0.000  55   0 05:42:06     6902.23719    0.0000  2019/05/15
 2.0000000   4.0000000   27.3924   6171.375 0.017    1.0   -4.6 -1.39 0.000  55   0 05:43:06     6902.23788    0.0000  2019/05/15
 2.0000000   4.0000000   27.1482   6171.375 0.012    1.0   -4.8 -1.39 0.000  55   0 05:44:06     6902.23858    0.0000  2019/05/15
 2.0000000   4.0000000   27.3924   6171.374 0.013    0.9   -5.0 -1.39 0.000  55   0 05:45:06     6902.23927    0.0000  2019/05/15
 2.0000000   4.0000000   27.3924   6171.373 0.013    0.9   -5.2 -1.39 0.000  55   0 05:46:06     6902.23996    0.0000  2019/05/15
 2.0000000   4.0000000   27.3924   6171.372 0.011    1.0   -5.3 -1.39 0.000  55   0 05:47:06     6902.24066    0.0000  2019/05/15
 2.0000000   4.0000000   27.3924   6171.372 0.020    0.9   -5.4 -1.39 0.000  55   0 05:48:06     6902.24135    0.0000  2019/05/15
 2.0000000   4.0000000   27.3924   6171.372 0.018    1.1   -5.6 -1.39 0.000  55   0 05:49:06     6902.24204    0.0000  2019/05/15
 2.0000000   4.0000000   27.3924   6171.371 0.015    1.1   -5.7 -1.40 0.001  55   0 05:50:06     6902.24274    0.0000  2019/05/15
 2.0000000   4.0000000   27.6365   6171.370 0.019    1.1   -5.8 -1.40 0.001  55   0 05:51:06     6902.24343    0.0000  2019/05/15
 2.0000000   4.0000000   27.3924   6171.371 0.016    1.0   -6.1 -1.40 0.001  55   0 05:52:06     6902.24412    0.0000  2019/05/15
 2.0000000   4.0000000   27.3924   6171.370 0.012    1.2   -6.1 -1.40 0.001  55   0 05:53:07     6902.24483    0.0000  2019/05/15
/	CG-5 SURVEY
/	Survey name:   	03 15 05 2019.
/	Instrument S/N:	40824
/	Client:        	TNG.KHF
/	Operator:      	Zaynutdinov
/	Date:          	2019/ 5/15
/	Time:          	05:56:27
/	LONG:        	48.7000000 E
/	LAT:         	55.5000000 N
/	ZONE:        	9       
/	GMT DIFF.:   	0.0 
/------LINE-----STATION-----ALT.------GRAV.---SD.--TILTX--TILTY-TEMP---TIDE---DUR-REJ-----TIME----DEC.TIME+DATE--TERRAIN---DATE
 2.0000000   5.0000000   28.6131   6128.615 0.022    4.0   -2.2 -1.28 0.005  55   1 06:19:37     6902.26320    0.0000  2019/05/15
 2.0000000   5.0000000   28.6131   6128.611 0.017    4.3   -2.4 -1.26 0.005  55   1 06:20:42     6902.26395    0.0000  2019/05/15
 2.0000000   5.0000000   28.3689   6128.606 0.029    4.7   -2.7 -1.25 0.006  55   6 06:21:42     6902.26465    0.0000  2019/05/15
 2.0000000   5.0000000   28.6131   6128.604 0.015    5.1   -3.1 -1.25 0.006  55   0 06:22:42     6902.26534    0.0000  2019/05/15
 2.0000000   5.0000000   28.3689   6128.602 0.018    5.4   -3.1 -1.25 0.006  55   0 06:23:42     6902.26603    0.0000  2019/05/15
 2.0000000   5.0000000   28.1248   6128.599 0.011    5.7   -3.2 -1.25 0.006  55   0 06:24:42     6902.26673    0.0000  2019/05/15
 2.0000000   5.0000000   28.1248   6128.597 0.019    5.7   -3.3 -1.26 0.006  55   0 06:25:42     6902.26742    0.0000  2019/05/15
 2.0000000   5.0000000   28.1248   6128.596 0.011    5.6   -3.3 -1.27 0.006  55   0 06:26:42     6902.26811    0.0000  2019/05/15
 2.0000000   5.0000000   28.1248   6128.593 0.020    5.8   -3.5 -1.29 0.006  55   0 06:27:42     6902.26881    0.0000  2019/05/15
 2.0000000   5.0000000   28.1248   6128.593 0.016    6.1   -3.4 -1.30 0.006  55   0 06:28:42     6902.26950    0.0000  2019/05/15
 2.0000000   5.0000000   27.8807   6128.592 0.016    6.1   -3.6 -1.31 0.006  55   0 06:29:42     6902.27019    0.0000  2019/05/15
 2.0000000   5.0000000   27.8807   6128.590 0.018    6.2   -3.5 -1.32 0.006  55   0 06:30:42     6902.27089    0.0000  2019/05/15
 2.0000000   5.0000000   27.8807   6128.588 0.018    6.2   -3.6 -1.33 0.006  55   0 06:31:42     6902.27158    0.0000  2019/05/15
 2.0000000   5.0000000   27.8807   6128.588 0.019    6.2   -3.7 -1.34 0.006  55   0 06:32:42     6902.27227    0.0000  2019/05/15
 2.0000000   5.0000000   27.8807   6128.588 0.020    6.1   -3.8 -1.35 0.007  55   0 06:33:42     6902.27297    0.0000  2019/05/15
 2.0000000   5.0000000   27.8807   6128.588 0.017    6.1   -3.8 -1.36 0.007  55   0 06:34:42     6902.27366    0.0000  2019/05/15
 2.0000000   5.0000000   27.8807   6128.587 0.010    6.0   -4.0 -1.37 0.007  55   0 06:35:42     6902.27435    0.0000  2019/05/15
 2.0000000   5.0000000   27.6365   6128.585 0.014    5.9   -3.9 -1.37 0.007  55   0 06:36:42     6902.27505    0.0000  2019/05/15
 2.0000000   5.0000000   27.6365   6128.586 0.014    6.0   -4.0 -1.38 0.007  55   0 06:37:42     6902.27574    0.0000  2019/05/15
 2.0000000   5.0000000   27.6365   6128.586 0.016    5.9   -4.2 -1.38 0.007  55   0 06:38:42     6902.27643    0.0000  2019/05/15
 2.0000000   5.0000000   27.6365   6128.585 0.017    5.9   -4.2 -1.39 0.007  55   0 06:39:42     6902.27713    0.0000  2019/05/15
 2.0000000   5.0000000   27.6365   6128.583 0.014    5.9   -4.2 -1.39 0.007  55   0 06:40:42     6902.27782    0.0000  2019/05/15
 2.0000000   5.0000000   27.6365   6128.583 0.015    5.8   -4.3 -1.40 0.007  55   0 06:41:42     6902.27851    0.0000  2019/05/15
 2.0000000   5.0000000   27.6365   6128.583 0.010    5.7   -4.5 -1.40 0.007  55   0 06:42:42     6902.27921    0.0000  2019/05/15
 2.0000000   5.0000000   27.6365   6128.583 0.016    5.7   -4.5 -1.40 0.007  55   0 06:43:42     6902.27990    0.0000  2019/05/15
 2.0000000   5.0000000   27.6365   6128.582 0.016    5.7   -4.7 -1.41 0.007  55   0 06:44:42     6902.28059    0.0000  2019/05/15
 2.0000000   5.0000000   27.3924   6128.582 0.018    5.6   -4.9 -1.41 0.007  55   0 06:45:42     6902.28129    0.0000  2019/05/15
 2.0000000   5.0000000   27.6365   6128.582 0.025    5.5   -5.1 -1.41 0.007  55   0 06:46:42     6902.28198    0.0000  2019/05/15
 2.0000000   5.0000000   27.6365   6128.582 0.011    5.4   -5.4 -1.41 0.007  55   0 06:47:42     6902.28267    0.0000  2019/05/15
 2.0000000   5.0000000   27.3924   6128.583 0.016    5.3   -5.6 -1.42 0.007  55   0 06:48:42     6902.28337    0.0000  2019/05/15
 2.0000000   5.0000000   27.3924   6128.581 0.013    5.3   -5.6 -1.42 0.007  55   0 06:49:42     6902.28406    0.0000  2019/05/15
 2.0000000   5.0000000   27.3924   6128.580 0.014    5.1   -5.8 -1.42 0.007  55   0 06:50:42     6902.28475    0.0000  2019/05/15
 2.0000000   5.0000000   27.3924   6128.580 0.012    4.8   -5.9 -1.42 0.007  55   0 06:51:42     6902.28545    0.0000  2019/05/15
 2.0000000   5.0000000   27.3924   6128.580 0.014    4.6   -5.9 -1.42 0.007  55   0 06:52:42     6902.28614    0.0000  2019/05/15
 2.0000000   5.0000000   27.3924   6128.580 0.015    4.5   -6.1 -1.42 0.007  55   0 06:53:42     6902.28683    0.0000  2019/05/15
 2.0000000   5.0000000   27.1482   6128.580 0.011    4.4   -6.3 -1.43 0.007  55   0 06:54:42     6902.28753    0.0000  2019/05/15
 2.0000000   5.0000000   27.3924   6128.580 0.014    4.2   -6.4 -1.43 0.007  55   0 06:55:42     6902.28822    0.0000  2019/05/15
 2.0000000   5.0000000   27.1482   6128.580 0.017    4.1   -6.7 -1.43 0.007  55   0 06:56:42     6902.28891    0.0000  2019/05/15
 2.0000000   5.0000000   27.1482   6128.580 0.019    4.0   -6.6 -1.43 0.007  55   0 06:57:42     6902.28961    0.0000  2019/05/15
 2.0000000   5.0000000   27.1482   6128.580 0.019    4.1   -6.9 -1.43 0.007  55   0 06:58:43     6902.29031    0.0000  2019/05/15
/	CG-5 SURVEY
/	Survey name:   	04 15 05 2019.
/	Instrument S/N:	40824
/	Client:        	TNG.KHF
/	Operator:      	Zaynutdinov
/	Date:          	2019/ 5/15
/	Time:          	07:01:37
/	LONG:        	48.5000000 E
/	LAT:         	55.1000000 N
/	ZONE:        	9       
/	GMT DIFF.:   	0.0 
/------LINE-----STATION-----ALT.------GRAV.---SD.--TILTX--TILTY-TEMP---TIDE---DUR-REJ-----TIME----DEC.TIME+DATE--TERRAIN---DATE
 2.0000000   6.0000000   31.2986   6095.720 0.034   -1.2   -1.3 -1.08 0.005  55   2 07:46:38     6902.32353    0.0000  2019/05/15
 2.0000000   6.0000000   31.2986   6095.718 0.016   -1.2   -1.7 -1.09 0.005  55   0 07:47:43     6902.32428    0.0000  2019/05/15
 2.0000000   6.0000000   31.5428   6095.716 0.013   -1.0   -2.1 -1.10 0.005  55   0 07:48:43     6902.32498    0.0000  2019/05/15
 2.0000000   6.0000000   31.5428   6095.715 0.015   -0.8   -2.3 -1.12 0.004  55   0 07:49:43     6902.32567    0.0000  2019/05/15
 2.0000000   6.0000000   31.5428   6095.713 0.019   -0.8   -2.4 -1.14 0.004  55   0 07:50:43     6902.32636    0.0000  2019/05/15
 2.0000000   6.0000000   31.7869   6095.711 0.022   -0.8   -2.5 -1.16 0.004  55   0 07:51:43     6902.32706    0.0000  2019/05/15
 2.0000000   6.0000000   31.7869   6095.709 0.018   -0.8   -2.7 -1.18 0.004  55   0 07:52:43     6902.32775    0.0000  2019/05/15
 2.0000000   6.0000000   31.7869   6095.709 0.015   -0.8   -2.8 -1.20 0.004  55   0 07:53:43     6902.32844    0.0000  2019/05/15
 2.0000000   6.0000000   31.5428   6095.709 0.012   -0.8   -2.9 -1.22 0.004  55   0 07:54:43     6902.32914    0.0000  2019/05/15
 2.0000000   6.0000000   31.7869   6095.708 0.025   -0.7   -3.0 -1.24 0.003  55   0 07:55:43     6902.32983    0.0000  2019/05/15
 2.0000000   6.0000000   31.7869   6095.708 0.019   -0.7   -3.0 -1.26 0.003  55   0 07:56:43     6902.33052    0.0000  2019/05/15
 2.0000000   6.0000000   32.0310   6095.708 0.021   -0.7   -3.0 -1.28 0.003  55   0 07:57:43     6902.33122    0.0000  2019/05/15
 2.0000000   6.0000000   32.0310   6095.708 0.014   -0.8   -2.8 -1.29 0.003  55   0 07:58:43     6902.33191    0.0000  2019/05/15
 2.0000000   6.0000000   31.7869   6095.708 0.018   -0.7   -2.9 -1.31 0.003  55   0 07:59:43     6902.33260    0.0000  2019/05/15
 2.0000000   6.0000000   32.0310   6095.707 0.019   -0.6   -2.8 -1.32 0.003  55   0 08:00:43     6902.33330    0.0000  2019/05/15
 2.0000000   6.0000000   32.0310   6095.707 0.014   -0.8   -2.9 -1.34 0.002  55   0 08:01:43     6902.33399    0.0000  2019/05/15
 2.0000000   6.0000000   32.0310   6095.707 0.017   -0.7   -2.8 -1.35 0.002  55   0 08:02:43     6902.33468    0.0000  2019/05/15
 2.0000000   6.0000000   32.0310   6095.706 0.015   -0.7   -2.9 -1.36 0.002  55   0 08:03:43     6902.33538    0.0000  2019/05/15
 2.0000000   6.0000000   32.0310   6095.706 0.014   -0.6   -2.9 -1.37 0.002  55   0 08:04:43     6902.33607    0.0000  2019/05/15
 2.0000000   6.0000000   32.0310   6095.706 0.028   -0.3   -3.0 -1.37 0.002  55   0 08:05:43     6902.33676    0.0000  2019/05/15
 2.0000000   6.0000000   32.0310   6095.705 0.014   -0.5   -3.0 -1.38 0.001  55   0 08:06:43     6902.33746    0.0000  2019/05/15
 2.0000000   6.0000000   32.0310   6095.705 0.017   -0.2   -3.2 -1.39 0.001  55   0 08:07:43     6902.33815    0.0000  2019/05/15
 2.0000000   6.0000000   32.0310   6095.704 0.017   -0.1   -3.4 -1.40 0.001  55   0 08:08:43     6902.33884    0.0000  2019/05/15
 2.0000000   6.0000000   32.0310   6095.705 0.019   -0.2   -3.4 -1.40 0.001  55   0 08:09:43     6902.33954    0.0000  2019/05/15
 2.0000000   6.0000000   32.0310   6095.705 0.022   -0.4   -3.5 -1.41 0.001  55   0 08:10:43     6902.34023    0.0000  2019/05/15
 2.0000000   6.0000000   32.0310   6095.706 0.018   -0.4   -3.7 -1.41 0.000  55   0 08:11:43     6902.34092    0.0000  2019/05/15
 2.0000000   6.0000000   32.0310   6095.704 0.027   -0.3   -3.9 -1.42 0.000  55   0 08:12:43     6902.34162    0.0000  2019/05/15
 2.0000000   6.0000000   32.2752   6095.704 0.016   -0.1   -4.0 -1.42 0.000  55   0 08:13:43     6902.34231    0.0000  2019/05/15
 2.0000000   6.0000000   32.0310   6095.705 0.014    0.0   -4.2 -1.42 0.000  55   0 08:14:43     6902.34300    0.0000  2019/05/15
 2.0000000   6.0000000   32.0310   6095.706 0.014    0.0   -4.3 -1.43 0.000  55   0 08:15:43     6902.34370    0.0000  2019/05/15
 2.0000000   6.0000000   32.0310   6095.704 0.019   -0.2   -4.6 -1.43 0.000  55   0 08:16:43     6902.34439    0.0000  2019/05/15
 2.0000000   6.0000000   32.2752   6095.703 0.017    0.0   -4.8 -1.43 0.000  55   0 08:17:43     6902.34508    0.0000  2019/05/15
 2.0000000   6.0000000   32.2752   6095.705 0.016   -0.1   -4.9 -1.44 0.000  55   0 08:18:43     6902.34578    0.0000  2019/05/15
 2.0000000   6.0000000   32.2752   6095.704 0.019    0.0   -5.0 -1.44 0.000  55   0 08:19:43     6902.34647    0.0000  2019/05/15
 2.0000000   6.0000000   32.2752   6095.704 0.015   -0.2   -5.2 -1.44 -0.001  55   0 08:20:43     6902.34716    0.0000  2019/05/15
 2.0000000   6.0000000   32.2752   6095.704 0.020   -0.1   -5.3 -1.44 -0.001  55   0 08:21:43     6902.34786    0.0000  2019/05/15
 2.0000000   6.0000000   32.2752   6095.703 0.020   -0.3   -5.6 -1.44 -0.001  55   0 08:22:43     6902.34855    0.0000  2019/05/15
 2.0000000   6.0000000   32.5193   6095.704 0.017   -0.2   -5.7 -1.44 -0.001  55   0 08:23:43     6902.34924    0.0000  2019/05/15
 2.0000000   6.0000000   32.5193   6095.704 0.017   -0.4   -5.8 -1.44 -0.002  55   0 08:24:43     6902.34994    0.0000  2019/05/15
 2.0000000   6.0000000   32.5193   6095.704 0.015   -0.5   -5.9 -1.45 -0.002  55   0 08:25:44     6902.35064    0.0000  2019/05/15
/	CG-5 SURVEY
/	Survey name:   	05 15 05 2019.
/	Instrument S/N:	40824
/	Client:        	TNG.KHF
/	Operator:      	Zaynutdinov
/	Date:          	2019/ 5/15
/	Time:          	09:21:08
/	LONG:        	48.7000000 E
/	LAT:         	55.5000000 N
/	ZONE:        	9       
/	GMT DIFF.:   	0.0 
/------LINE-----STATION-----ALT.------GRAV.---SD.--TILTX--TILTY-TEMP---TIDE---DUR-REJ-----TIME----DEC.TIME+DATE--TERRAIN---DATE
 2.0000000   5.0000000   35.2049   6128.559 0.029    3.2   -1.6 -1.22 -0.020  55   1 09:22:36     6902.39007    0.0000  2019/05/15
 2.0000000   5.0000000   35.4490   6128.559 0.016    3.7   -2.0 -1.22 -0.020  55   1 09:23:41     6902.39082    0.0000  2019/05/15
 2.0000000   5.0000000   35.2049   6128.558 0.015    4.0   -2.2 -1.23 -0.021  55   0 09:24:41     6902.39151    0.0000  2019/05/15
 2.0000000   5.0000000   35.4490   6128.558 0.013    4.6   -2.4 -1.24 -0.021  55   0 09:25:41     6902.39221    0.0000  2019/05/15
 2.0000000   5.0000000   35.2049   6128.557 0.017    4.9   -2.4 -1.26 -0.021  55   0 09:26:41     6902.39290    0.0000  2019/05/15
 2.0000000   5.0000000   35.2049   6128.557 0.015    4.9   -2.7 -1.27 -0.022  55   0 09:27:41     6902.39359    0.0000  2019/05/15
 2.0000000   5.0000000   35.2049   6128.557 0.014    4.9   -2.9 -1.29 -0.022  55   0 09:28:41     6902.39429    0.0000  2019/05/15
 2.0000000   5.0000000   35.2049   6128.558 0.015    5.2   -2.9 -1.31 -0.022  55   0 09:29:41     6902.39498    0.0000  2019/05/15
 2.0000000   5.0000000   34.9607   6128.557 0.014    5.3   -2.9 -1.32 -0.023  55   0 09:30:41     6902.39567    0.0000  2019/05/15
 2.0000000   5.0000000   34.9607   6128.557 0.012    5.7   -3.0 -1.34 -0.023  55   0 09:31:41     6902.39637    0.0000  2019/05/15
 2.0000000   5.0000000   34.9607   6128.557 0.015    5.8   -3.1 -1.35 -0.023  55   0 09:32:41     6902.39706    0.0000  2019/05/15
 2.0000000   5.0000000   34.9607   6128.569 0.023    5.5   -3.1 -1.37 -0.024  55  21 09:33:41     6902.39775    0.0000  2019/05/15
 2.0000000   5.0000000   34.9607   6128.558 0.015    5.8   -3.2 -1.38 -0.024  55   0 09:34:41     6902.39845    0.0000  2019/05/15
 2.0000000   5.0000000   34.9607   6128.557 0.014    6.0   -3.3 -1.39 -0.024  55   0 09:35:41     6902.39914    0.0000  2019/05/15
 2.0000000   5.0000000   34.9607   6128.559 0.015    6.1   -3.3 -1.40 -0.025  55   0 09:36:41     6902.39983    0.0000  2019/05/15
 2.0000000   5.0000000   34.4724   6128.558 0.019    6.3   -3.3 -1.41 -0.025  55   1 09:37:41     6902.40053    0.0000  2019/05/15
 2.0000000   5.0000000   34.7166   6128.559 0.012    6.3   -3.6 -1.42 -0.025  55   0 09:38:41     6902.40122    0.0000  2019/05/15
 2.0000000   5.0000000   34.4724   6128.558 0.015    6.4   -3.6 -1.43 -0.026  55   0 09:39:41     6902.40191    0.0000  2019/05/15
 2.0000000   5.0000000   34.4724   6128.559 0.012    6.6   -3.6 -1.44 -0.026  55   0 09:40:41     6902.40261    0.0000  2019/05/15
 2.0000000   5.0000000   34.4724   6128.558 0.016    6.5   -3.8 -1.44 -0.026  55   0 09:41:41     6902.40330    0.0000  2019/05/15
 2.0000000   5.0000000   34.4724   6128.560 0.014    6.5   -3.8 -1.45 -0.027  55   0 09:42:41     6902.40399    0.0000  2019/05/15
 2.0000000   5.0000000   34.2283   6128.559 0.011    6.6   -3.9 -1.46 -0.027  55   0 09:43:41     6902.40469    0.0000  2019/05/15
 2.0000000   5.0000000   34.4724   6128.558 0.016    6.5   -4.0 -1.46 -0.027  55   0 09:44:41     6902.40538    0.0000  2019/05/15
 2.0000000   5.0000000   34.2283   6128.559 0.019    6.4   -4.1 -1.47 -0.028  55   0 09:45:41     6902.40607    0.0000  2019/05/15
 2.0000000   5.0000000   34.2283   6128.558 0.020    6.3   -4.3 -1.47 -0.028  55   0 09:46:41     6902.40677    0.0000  2019/05/15
 2.0000000   5.0000000   33.9842   6128.558 0.018    6.4   -4.7 -1.47 -0.028  55   0 09:47:41     6902.40746    0.0000  2019/05/15
 2.0000000   5.0000000   33.9842   6128.558 0.027    6.4   -4.9 -1.48 -0.029  55   0 09:48:41     6902.40815    0.0000  2019/05/15
 2.0000000   5.0000000   33.9842   6128.559 0.011    6.3   -5.0 -1.48 -0.029  55   0 09:49:41     6902.40885    0.0000  2019/05/15
 2.0000000   5.0000000   33.9842   6128.559 0.019    6.1   -5.0 -1.48 -0.029  55   0 09:50:41     6902.40954    0.0000  2019/05/15
 2.0000000   5.0000000   33.9842   6128.559 0.017    6.4   -5.2 -1.49 -0.030  55   0 09:51:41     6902.41023    0.0000  2019/05/15
 2.0000000   5.0000000   33.9842   6128.559 0.014    6.4   -5.4 -1.49 -0.030  55   0 09:52:41     6902.41093    0.0000  2019/05/15
 2.0000000   5.0000000   33.9842   6128.559 0.018    6.7   -5.7 -1.49 -0.030  55   0 09:53:41     6902.41162    0.0000  2019/05/15
 2.0000000   5.0000000   33.9842   6128.558 0.015    6.4   -5.8 -1.49 -0.031  55   0 09:54:41     6902.41231    0.0000  2019/05/15
 2.0000000   5.0000000   33.9842   6128.559 0.017    6.3   -6.0 -1.49 -0.031  55   0 09:55:41     6902.41301    0.0000  2019/05/15
 2.0000000   5.0000000   33.9842   6128.561 0.014    6.2   -6.3 -1.50 -0.031  55   0 09:56:41     6902.41370    0.0000  2019/05/15
 2.0000000   5.0000000   34.2283   6128.559 0.012    6.2   -6.4 -1.50 -0.032  55   0 09:57:41     6902.41439    0.0000  2019/05/15
 2.0000000   5.0000000   33.9842   6128.558 0.012    6.1   -6.5 -1.50 -0.032  55   0 09:58:41     6902.41509    0.0000  2019/05/15
 2.0000000   5.0000000   33.9842   6128.560 0.013    6.1   -6.6 -1.50 -0.032  55   0 09:59:41     6902.41578    0.0000  2019/05/15
 2.0000000   5.0000000   33.9842   6128.558 0.012    5.9   -6.9 -1.50 -0.033  55   0 10:00:41     6902.41647    0.0000  2019/05/15
 2.0000000   5.0000000   33.9842   6128.559 0.015    5.8   -7.2 -1.50 -0.033  55   0 10:01:42     6902.41718    0.0000  2019/05/15
/	CG-5 SURVEY
/	Survey name:   	06 15 05 2019.
/	Instrument S/N:	40824
/	Client:        	TNG.KHF
/	Operator:      	Zaynutdinov
/	Date:          	2019/ 5/15
/	Time:          	10:27:06
/	LONG:        	48.7000000 E
/	LAT:         	55.6000000 N
/	ZONE:        	9       
/	GMT DIFF.:   	0.0 
/------LINE-----STATION-----ALT.------GRAV.---SD.--TILTX--TILTY-TEMP---TIDE---DUR-REJ-----TIME----DEC.TIME+DATE--TERRAIN---DATE
 2.0000000   4.0000000   36.1814   6171.361 0.036   -1.7   -2.2 -1.09 -0.042  55  28 10:27:51     6902.43531    0.0000  2019/05/15
 2.0000000   4.0000000   36.1814   6171.348 0.018   -3.1   -1.8 -1.10 -0.042  55   0 10:28:56     6902.43606    0.0000  2019/05/15
 2.0000000   4.0000000   36.4256   6171.346 0.016   -3.5   -1.5 -1.12 -0.043  55   0 10:29:56     6902.43675    0.0000  2019/05/15
 2.0000000   4.0000000   36.4256   6171.346 0.014   -3.8   -1.5 -1.14 -0.043  55   0 10:30:56     6902.43745    0.0000  2019/05/15
 2.0000000   4.0000000   36.4256   6171.343 0.014   -4.0   -1.4 -1.16 -0.043  55   0 10:31:56     6902.43814    0.0000  2019/05/15
 2.0000000   4.0000000   36.6697   6171.342 0.020   -4.0   -1.5 -1.19 -0.044  55   0 10:32:56     6902.43883    0.0000  2019/05/15
 2.0000000   4.0000000   36.4256   6171.341 0.017   -4.0   -1.5 -1.21 -0.044  55   0 10:33:56     6902.43953    0.0000  2019/05/15
 2.0000000   4.0000000   36.6697   6171.340 0.012   -4.1   -1.6 -1.24 -0.044  55   0 10:34:56     6902.44022    0.0000  2019/05/15
 2.0000000   4.0000000   36.6697   6171.339 0.018   -4.1   -1.6 -1.26 -0.045  55   0 10:35:56     6902.44091    0.0000  2019/05/15
 2.0000000   4.0000000   36.6697   6171.337 0.014   -4.2   -1.7 -1.29 -0.045  55   0 10:36:56     6902.44161    0.0000  2019/05/15
 2.0000000   4.0000000   36.6697   6171.337 0.014   -4.3   -1.7 -1.31 -0.045  55   0 10:37:56     6902.44230    0.0000  2019/05/15
 2.0000000   4.0000000   36.9138   6171.337 0.010   -4.4   -1.8 -1.33 -0.046  55   0 10:38:56     6902.44299    0.0000  2019/05/15
 2.0000000   4.0000000   36.9138   6171.336 0.013   -4.4   -1.9 -1.35 -0.046  55   0 10:39:56     6902.44369    0.0000  2019/05/15
 2.0000000   4.0000000   37.1580   6171.336 0.011   -4.6   -1.9 -1.37 -0.046  55   0 10:40:56     6902.44438    0.0000  2019/05/15
 2.0000000   4.0000000   36.9138   6171.335 0.015   -4.5   -1.9 -1.38 -0.047  55   0 10:41:56     6902.44507    0.0000  2019/05/15
 2.0000000   4.0000000   37.1580   6171.335 0.012   -4.6   -1.8 -1.40 -0.047  55   0 10:42:56     6902.44577    0.0000  2019/05/15
 2.0000000   4.0000000   37.4021   6171.335 0.016   -4.7   -1.9 -1.41 -0.047  55   0 10:43:56     6902.44646    0.0000  2019/05/15
 2.0000000   4.0000000   37.4021   6171.336 0.014   -4.7   -1.9 -1.42 -0.048  55   0 10:44:56     6902.44715    0.0000  2019/05/15
 2.0000000   4.0000000   37.6463   6171.336 0.012   -4.6   -1.9 -1.43 -0.048  55   0 10:45:56     6902.44785    0.0000  2019/05/15
 2.0000000   4.0000000   37.4021   6171.334 0.011   -4.6   -1.9 -1.44 -0.048  55   0 10:46:56     6902.44854    0.0000  2019/05/15
 2.0000000   4.0000000   37.4021   6171.335 0.012   -4.7   -1.8 -1.45 -0.049  55   0 10:47:56     6902.44923    0.0000  2019/05/15
 2.0000000   4.0000000   37.4021   6171.334 0.010   -4.8   -1.8 -1.46 -0.049  55   0 10:48:56     6902.44993    0.0000  2019/05/15
 2.0000000   4.0000000   37.6463   6171.335 0.012   -4.9   -1.8 -1.46 -0.049  55   0 10:49:56     6902.45062    0.0000  2019/05/15
 2.0000000   4.0000000   37.6463   6171.334 0.011   -5.0   -1.8 -1.47 -0.050  55   0 10:50:56     6902.45131    0.0000  2019/05/15
 2.0000000   4.0000000   37.4021   6171.334 0.015   -5.1   -1.7 -1.47 -0.050  55   0 10:51:56     6902.45201    0.0000  2019/05/15
 2.0000000   4.0000000   37.6463   6171.334 0.018   -5.1   -1.5 -1.48 -0.050  55   0 10:52:56     6902.45270    0.0000  2019/05/15
 2.0000000   4.0000000   37.4021   6171.335 0.018   -5.1   -1.7 -1.48 -0.050  55   0 10:53:56     6902.45339    0.0000  2019/05/15
 2.0000000   4.0000000   37.4021   6171.333 0.010   -5.2   -1.9 -1.49 -0.051  55   0 10:54:56     6902.45409    0.0000  2019/05/15
 2.0000000   4.0000000   37.4021   6171.334 0.015   -5.2   -2.1 -1.49 -0.051  55   0 10:55:56     6902.45478    0.0000  2019/05/15
 2.0000000   4.0000000   37.4021   6171.333 0.015   -5.2   -2.2 -1.50 -0.051  55   0 10:56:56     6902.45547    0.0000  2019/05/15
 2.0000000   4.0000000   37.1580   6171.333 0.016   -5.1   -2.3 -1.50 -0.052  55   0 10:57:56     6902.45617    0.0000  2019/05/15
 2.0000000   4.0000000   37.1580   6171.332 0.013   -5.1   -2.4 -1.50 -0.052  55   0 10:58:56     6902.45686    0.0000  2019/05/15
 2.0000000   4.0000000   37.1580   6171.333 0.009   -5.1   -2.7 -1.51 -0.052  55   0 10:59:56     6902.45755    0.0000  2019/05/15
 2.0000000   4.0000000   36.9138   6171.333 0.016   -5.1   -2.8 -1.51 -0.053  55   0 11:00:56     6902.45825    0.0000  2019/05/15
 2.0000000   4.0000000   37.1580   6171.333 0.019   -5.0   -3.0 -1.51 -0.053  55   0 11:01:56     6902.45894    0.0000  2019/05/15
 2.0000000   4.0000000   36.9138   6171.332 0.012   -5.1   -3.2 -1.51 -0.053  55   0 11:02:56     6902.45963    0.0000  2019/05/15
 2.0000000   4.0000000   36.6697   6171.333 0.013   -5.0   -3.3 -1.51 -0.054  55   0 11:03:56     6902.46033    0.0000  2019/05/15
 2.0000000   4.0000000   36.6697   6171.333 0.024   -4.8   -3.4 -1.51 -0.054  55   0 11:04:56     6902.46102    0.0000  2019/05/15
 2.0000000   4.0000000   36.6697   6171.332 0.012   -4.6   -3.6 -1.52 -0.054  55   0 11:05:56     6902.46171    0.0000  2019/05/15
 2.0000000   4.0000000   36.6697   6171.332 0.012   -4.5   -3.9 -1.52 -0.054  55   0 11:06:57     6902.46242    0.0000  2019/05/15
/	CG-5 SURVEY
/	Survey name:   	07 15 05 2019.
/	Instrument S/N:	40824
/	Client:        	TNG.KHF
/	Operator:      	Zaynutdinov
/	Date:          	2019/ 5/15
/	Time:          	11:58:23
/	LONG:        	48.8000000 E
/	LAT:         	55.8000000 N
/	ZONE:        	9       
/	GMT DIFF.:   	0.0 
/------LINE-----STATION-----ALT.------GRAV.---SD.--TILTX--TILTY-TEMP---TIDE---DUR-REJ-----TIME----DEC.TIME+DATE--TERRAIN---DATE
 2.0000000   1.0000000   34.4724   6188.889 0.048   -0.2   -0.8 -1.13 -0.068  55   5 11:59:13     6902.49866    0.0000  2019/05/15
 2.0000000   1.0000000   34.2283   6188.882 0.024    1.5   -1.0 -1.14 -0.068  55   0 12:00:18     6902.49941    0.0000  2019/05/15
 2.0000000   1.0000000   33.4959   6188.880 0.026    3.1   -1.3 -1.15 -0.068  55   0 12:01:18     6902.50010    0.0000  2019/05/15
 2.0000000   1.0000000   33.0076   6188.877 0.033    4.2   -1.7 -1.16 -0.068  55   0 12:02:18     6902.50079    0.0000  2019/05/15
 2.0000000   1.0000000   32.7635   6188.874 0.027    4.8   -2.0 -1.18 -0.068  55   0 12:03:18     6902.50149    0.0000  2019/05/15
 2.0000000   1.0000000   32.2752   6188.872 0.031    5.0   -2.3 -1.20 -0.069  55   0 12:04:18     6902.50218    0.0000  2019/05/15
 2.0000000   1.0000000   32.0310   6188.871 0.033    5.2   -2.4 -1.22 -0.069  55   0 12:05:18     6902.50287    0.0000  2019/05/15
 2.0000000   1.0000000   31.5428   6188.869 0.039    5.2   -2.5 -1.24 -0.069  55   0 12:06:18     6902.50357    0.0000  2019/05/15
 2.0000000   1.0000000   31.0545   6188.869 0.040    5.2   -2.8 -1.26 -0.069  55   0 12:07:18     6902.50426    0.0000  2019/05/15
 2.0000000   1.0000000   30.8103   6188.867 0.044    5.1   -2.8 -1.28 -0.069  55   0 12:08:18     6902.50495    0.0000  2019/05/15
 2.0000000   1.0000000   30.5662   6188.866 0.052    5.0   -3.0 -1.30 -0.069  55   0 12:09:18     6902.50565    0.0000  2019/05/15
 2.0000000   1.0000000   30.0779   6188.865 0.069    4.8   -3.1 -1.31 -0.070  55   0 12:10:18     6902.50634    0.0000  2019/05/15
 2.0000000   1.0000000   29.8338   6188.864 0.097    4.7   -3.2 -1.33 -0.070  55   0 12:11:18     6902.50703    0.0000  2019/05/15
 2.0000000   1.0000000   29.3455   6188.865 0.065    4.4   -3.3 -1.34 -0.070  55   0 12:12:18     6902.50773    0.0000  2019/05/15
 2.0000000   1.0000000   29.1014   6188.862 0.048    4.2   -3.5 -1.36 -0.070  55   0 12:13:18     6902.50842    0.0000  2019/05/15
 2.0000000   1.0000000   29.1014   6188.864 0.060    4.0   -3.5 -1.37 -0.070  55   0 12:14:18     6902.50911    0.0000  2019/05/15
 2.0000000   1.0000000   28.8572   6188.862 0.064    3.9   -3.7 -1.38 -0.070  55   0 12:15:18     6902.50981    0.0000  2019/05/15
 2.0000000   1.0000000   28.3689   6188.859 0.092    3.4   -3.8 -1.39 -0.071  55   0 12:16:18     6902.51050    0.0000  2019/05/15
 2.0000000   1.0000000   28.1248   6188.861 0.085    3.1   -3.9 -1.40 -0.071  55   0 12:17:18     6902.51119    0.0000  2019/05/15
 2.0000000   1.0000000   28.1248   6188.860 0.102    2.9   -4.1 -1.40 -0.071  55   0 12:18:18     6902.51189    0.0000  2019/05/15
 2.0000000   1.0000000   27.8807   6188.860 0.106    2.7   -4.2 -1.41 -0.071  55   0 12:19:18     6902.51258    0.0000  2019/05/15
 2.0000000   1.0000000   27.6365   6188.859 0.059    2.3   -4.3 -1.41 -0.071  55   0 12:20:18     6902.51327    0.0000  2019/05/15
 2.0000000   1.0000000   27.3924   6188.860 0.069    2.2   -4.2 -1.42 -0.071  55   1 12:21:18     6902.51397    0.0000  2019/05/15
 2.0000000   1.0000000   27.1482   6188.854 0.129    1.7   -4.9 -1.42 -0.072  55   0 12:22:18     6902.51466    0.0000  2019/05/15
 2.0000000   1.0000000   27.1482   6188.853 0.090    1.8   -4.8 -1.43 -0.072  55   0 12:23:18     6902.51535    0.0000  2019/05/15
 2.0000000   1.0000000   26.9041   6188.859 0.073    1.1   -5.2 -1.43 -0.072  55   0 12:24:18     6902.51605    0.0000  2019/05/15
 2.0000000   1.0000000   26.6600   6188.858 0.048    0.8   -5.4 -1.43 -0.072  55   0 12:25:18     6902.51674    0.0000  2019/05/15
 2.0000000   1.0000000   26.4158   6188.859 0.040    0.6   -5.6 -1.43 -0.072  55   0 12:26:18     6902.51743    0.0000  2019/05/15
 2.0000000   1.0000000   26.1717   6188.860 0.037    0.2   -5.8 -1.43 -0.072  55   0 12:27:18     6902.51813    0.0000  2019/05/15
 2.0000000   1.0000000   25.9275   6188.860 0.040    0.0   -6.0 -1.44 -0.072  55   0 12:28:18     6902.51882    0.0000  2019/05/15
 2.0000000   1.0000000   25.9275   6188.858 0.032   -0.2   -6.2 -1.44 -0.073  55   0 12:29:18     6902.51951    0.0000  2019/05/15
 2.0000000   1.0000000   25.6834   6188.857 0.037   -0.5   -6.4 -1.44 -0.073  55   0 12:30:18     6902.52021    0.0000  2019/05/15
 2.0000000   1.0000000   25.6834   6188.858 0.045   -0.8   -6.7 -1.44 -0.073  55   0 12:31:18     6902.52090    0.0000  2019/05/15
 2.0000000   1.0000000   25.6834   6188.859 0.053   -1.0   -6.8 -1.44 -0.073  55   0 12:32:18     6902.52159    0.0000  2019/05/15
 2.0000000   1.0000000   25.4393   6188.857 0.048   -1.5   -7.0 -1.44 -0.073  55   0 12:33:18     6902.52229    0.0000  2019/05/15
 2.0000000   1.0000000   25.1951   6188.859 0.050   -1.8   -7.1 -1.44 -0.073  55   1 12:34:18     6902.52298    0.0000  2019/05/15
 2.0000000   1.0000000   24.7068   6188.858 0.042   -2.0   -7.3 -1.44 -0.073  55   0 12:35:18     6902.52367    0.0000  2019/05/15
 2.0000000   1.0000000   24.7068   6188.857 0.100   -2.3   -7.4 -1.44 -0.073  55   0 12:36:18     6902.52437    0.0000  2019/05/15
 2.0000000   1.0000000   24.7068   6188.857 0.069   -2.7   -7.6 -1.44 -0.073  55   0 12:37:18     6902.52506    0.0000  2019/05/15
 2.0000000   1.0000000   24.7068   6188.856 0.035   -2.9   -7.8 -1.44 -0.074  55   0 12:38:19     6902.52577    0.0000  2019/05/15