/		CG-6 Survey
/		Survey Name:	MAIN-110A
/		Instrument Serial Number:	000000022090469
/		Created:	2023-04-17 06:40:38
/
/		CG-6 Calibration
/		Operator:	EPR
/		Gcal1 [mGal]:	8231.937000
/		Goff [ADU]:	-8388608.000000
/		Gref [mGal]:	0.0000
/		X Scale [arc-sec/ADU]:	0.031069
/		Y Scale [arc-sec/ADU]:	0.030920
/		X Offset [ADU]:	-230679.188987
/		Y Offset [ADU]:	-200835.621911
/		Temperature Coefficient [mGal/mK]:	-0.122000
/		Temperature Scale [mK/ADU]:	-0.000111
/		Drift Rate [mGal/day]:	0.011500
/		Drift Zero Time:	2023-02-13 12:00:00
/		Firmware Version:	CG6_2_20220815
/
/Station	Date	Time	CorrGrav	Line	StdDev	StdErr	RawGrav	X	Y	SensorTemp	TideCorr	TiltCorr	TempCorr	DriftCorr	MeasurDur	InstrHeight	LatUser	LonUser	ElevUser	LatGPS	LonGPS	ElevGPS	Corrections[drift-temp-na-tide-tilt]
2	2023-04-17	06:40:38	5869.1373	1	0.0240	0.0031	5869.8509	0.4	-0.4	0.3429	-0.0333	0.0001	0.0416	-0.7219	60	0.000	55.800000	37.500000	192.10	55.782234	37.639030	247.6	11011
2	2023-04-17	06:41:38	5869.1380	1	0.0106	0.0014	5869.8513	0.6	-1.0	0.3442	-0.0331	0.0001	0.0416	-0.7220	60	0.000	55.800000	37.500000	192.10	55.781071	37.639381	241.7	11011
2	2023-04-17	06:42:38	5869.1382	1	0.0097	0.0012	5869.8515	0.9	0.1	0.3389	-0.0329	0.0001	0.0414	-0.7220	60	0.000	55.800000	37.500000	192.10	55.780983	37.638988	240.2	11011
2	2023-04-17	06:43:38	5869.1379	1	0.0082	0.0011	5869.8510	1.4	-0.7	0.3379	-0.0326	0.0001	0.0414	-0.7220	60	0.000	55.800000	37.500000	192.10	55.781136	37.639095	240.5	11011
2	2023-04-17	06:44:38	5869.1371	1	0.0076	0.0010	5869.8502	0.6	-0.6	0.3449	-0.0324	0.0001	0.0412	-0.7220	60	0.000	55.800000	37.500000	192.10	55.781326	37.639191	243.7	11011
2	2023-04-17	06:45:38	5869.1365	1	0.0085	0.0011	5869.8495	0.0	-1.2	0.3383	-0.0321	0.0001	0.0410	-0.7220	60	0.000	55.800000	37.500000	192.10	55.781212	37.639179	244.2	11011
2	2023-04-17	06:46:38	5869.1365	1	0.0120	0.0016	5869.8493	1.3	-1.1	0.3359	-0.0319	0.0001	0.0410	-0.7220	60	0.000	55.800000	37.500000	192.10	55.780785	37.639019	241.1	11011
2	2023-04-17	06:47:38	5869.1367	1	0.0080	0.0010	5869.8493	2.1	-2.7	0.3357	-0.0317	0.0003	0.0409	-0.7220	60	0.000	55.800000	37.500000	192.10	55.780754	37.639572	239.8	11011
2	2023-04-17	06:48:38	5869.1369	1	0.0076	0.0010	5869.8493	2.7	-1.9	0.3289	-0.0314	0.0003	0.0407	-0.7220	60	0.000	55.800000	37.500000	192.10	55.781174	37.639408	241.0	11011
2	2023-04-17	06:49:38	5869.1364	1	0.0097	0.0012	5869.8490	1.8	-0.9	0.3333	-0.0312	0.0001	0.0406	-0.7220	60	0.000	55.800000	37.500000	192.10	55.781376	37.639133	241.0	11011
2	2023-04-17	06:50:38	5869.1367	1	0.0115	0.0015	5869.8491	2.4	-1.6	0.3364	-0.0310	0.0001	0.0405	-0.7220	60	0.000	55.800000	37.500000	192.10	55.780869	37.639565	242.6	11011
2	2023-04-17	06:51:38	5869.1347	1	0.0099	0.0013	5869.8467	1.4	-2.3	0.3334	-0.0308	0.0002	0.0407	-0.7220	60	0.000	55.800000	37.500000	192.10	--	--	--	11011
2	2023-04-17	06:52:38	5869.1365	1	0.0106	0.0014	5869.8483	1.8	-3.3	0.3361	-0.0305	0.0003	0.0405	-0.7220	60	0.000	55.800000	37.500000	192.10	55.781948	37.638588	250.6	11011
2	2023-04-17	06:53:38	5869.1360	1	0.0143	0.0019	5869.8478	2.7	-2.3	0.3291	-0.0303	0.0001	0.0405	-0.7220	60	0.000	55.800000	37.500000	192.10	55.781967	37.638569	281.6	11011
2	2023-04-17	06:54:38	5869.1367	1	0.0109	0.0014	5869.8482	2.6	-2.3	0.3256	-0.0301	0.0002	0.0404	-0.7221	60	0.000	55.800000	37.500000	192.10	55.780994	37.638760	289.4	11011
2	2023-04-17	06:55:38	5869.1368	1	0.0093	0.0012	5869.8481	2.9	-3.0	0.3316	-0.0299	0.0003	0.0404	-0.7221	60	0.000	55.800000	37.500000	192.10	55.781403	37.638725	273.2	11011
2	2023-04-17	06:56:38	5869.1369	1	0.0074	0.0010	5869.8480	2.4	-4.3	0.3288	-0.0297	0.0004	0.0403	-0.7221	60	0.000	55.800000	37.500000	192.10	55.781841	37.638664	266.5	11011
2	2023-04-17	06:57:38	5869.1380	1	0.0165	0.0021	5869.8489	3.5	-4.0	0.3307	-0.0295	0.0003	0.0403	-0.7221	60	0.000	55.800000	37.500000	192.10	55.781689	37.638668	259.7	11011
2	2023-04-17	06:58:38	5869.1336	1	0.0077	0.0010	5869.8444	2.1	-4.3	0.3304	-0.0293	0.0003	0.0403	-0.7221	60	0.000	55.800000	37.500000	192.10	55.780956	37.638962	256.0	11011
2	2023-04-17	06:59:38	5869.1367	1	0.0088	0.0011	5869.8472	2.4	-4.7	0.3303	-0.0291	0.0003	0.0403	-0.7221	60	0.000	55.800000	37.500000	192.10	55.781071	37.638668	251.0	11011
2	2023-04-17	07:00:38	5869.1355	1	0.0089	0.0012	5869.8461	2.1	-2.7	0.3316	-0.0289	0.0001	0.0403	-0.7221	60	0.000	55.800000	37.500000	192.10	55.781357	37.638809	242.1	11011
2	2023-04-17	07:01:38	5869.1362	1	0.0092	0.0012	5869.8466	2.5	-2.4	0.3223	-0.0287	0.0002	0.0402	-0.7221	60	0.000	55.800000	37.500000	192.10	55.780823	37.639069	238.0	11011
2	2023-04-17	07:02:38	5869.1358	1	0.0083	0.0011	5869.8462	2.6	-2.7	0.3313	-0.0285	0.0002	0.0401	-0.7221	60	0.000	55.800000	37.500000	192.10	55.781048	37.639076	223.6	11011
2	2023-04-17	07:03:38	5869.1346	1	0.0093	0.0012	5869.8444	2.8	-4.4	0.3289	-0.0283	0.0003	0.0402	-0.7221	60	0.000	55.800000	37.500000	192.10	55.781048	37.639076	223.6	11011
2	2023-04-17	07:04:38	5869.1354	1	0.0123	0.0016	5869.8452	1.1	-3.9	0.3250	-0.0281	0.0002	0.0402	-0.7221	60	0.000	55.800000	37.500000	192.10	55.781021	37.639179	215.7	11011
2	2023-04-17	07:05:38	5869.1360	1	0.0086	0.0011	5869.8457	2.1	-2.5	0.3242	-0.0279	0.0002	0.0402	-0.7221	60	0.000	55.800000	37.500000	192.10	55.781128	37.639160	213.0	11011
2	2023-04-17	07:06:38	5869.1355	1	0.0120	0.0015	5869.8449	2.0	-4.5	0.3271	-0.0277	0.0003	0.0402	-0.7222	60	0.000	55.800000	37.500000	192.10	55.780819	37.639439	202.1	11011
2	2023-04-17	07:07:38	5869.1359	1	0.0105	0.0014	5869.8450	2.4	-6.1	0.3303	-0.0275	0.0005	0.0401	-0.7222	60	0.000	55.800000	37.500000	192.10	55.781109	37.639202	204.6	11011
2	2023-04-17	07:08:38	5869.1357	1	0.0098	0.0013	5869.8449	2.7	-3.8	0.3306	-0.0273	0.0002	0.0401	-0.7222	60	0.000	55.800000	37.500000	192.10	55.781097	37.639153	204.0	11011
2	2023-04-17	07:09:38	5869.1351	1	0.0089	0.0011	5869.8439	3.3	-4.8	0.3293	-0.0271	0.0005	0.0401	-0.7222	60	0.000	55.800000	37.500000	192.10	55.781010	37.639294	201.8	11011
2	2023-04-17	07:10:38	5869.1363	1	0.0095	0.0012	5869.8449	2.4	-4.2	0.3259	-0.0270	0.0004	0.0402	-0.7222	60	0.000	55.800000	37.500000	192.10	55.781109	37.639133	202.5	11011
2	2023-04-17	07:11:38	5869.1360	1	0.0105	0.0014	5869.8446	2.1	-3.3	0.3326	-0.0268	0.0002	0.0401	-0.7222	60	0.000	55.800000	37.500000	192.10	55.781300	37.639038	209.7	11011
2	2023-04-17	07:12:38	5869.1342	1	0.0081	0.0010	5869.8425	2.6	-4.6	0.3296	-0.0266	0.0004	0.0402	-0.7222	60	0.000	55.800000	37.500000	192.10	55.781479	37.639011	214.0	11011
2	2023-04-17	07:13:38	5869.1345	1	0.0100	0.0013	5869.8428	2.3	-4.6	0.3247	-0.0264	0.0004	0.0400	-0.7222	60	0.000	55.800000	37.500000	192.10	55.780811	37.639164	209.8	11011
2	2023-04-17	07:14:38	5869.1331	1	0.0098	0.0013	5869.8415	2.0	-2.7	0.3225	-0.0263	0.0002	0.0399	-0.7222	60	0.000	55.800000	37.500000	192.10	55.780575	37.639210	213.9	11011
2	2023-04-17	07:15:38	5869.1368	1	0.0086	0.0011	5869.8447	1.4	-4.6	0.3280	-0.0261	0.0003	0.0401	-0.7222	60	0.000	55.800000	37.500000	192.10	55.780544	37.639221	214.9	11011
2	2023-04-17	07:16:38	5869.1340	1	0.0115	0.0015	5869.8418	1.3	-4.7	0.3200	-0.0260	0.0004	0.0400	-0.7222	60	0.000	55.800000	37.500000	192.10	55.780727	37.639122	219.5	11011
2	2023-04-17	07:17:38	5869.1344	1	0.0096	0.0012	5869.8421	1.0	-5.4	0.3368	-0.0258	0.0004	0.0400	-0.7222	60	0.000	55.800000	37.500000	192.10	55.780842	37.639183	214.3	11011
2	2023-04-17	07:18:38	5869.1348	1	0.0104	0.0013	5869.8425	0.2	-4.2	0.3311	-0.0256	0.0002	0.0400	-0.7222	60	0.000	55.800000	37.500000	192.10	55.781048	37.639305	212.8	11011
2	2023-04-17	07:19:38	5869.1356	1	0.0172	0.0022	5869.8432	0.5	-3.9	0.3236	-0.0255	0.0002	0.0399	-0.7223	60	0.000	55.800000	37.500000	192.10	55.781029	37.639145	219.4	11011
2	2023-04-17	07:20:38	5869.1349	1	0.0096	0.0012	5869.8422	1.5	-2.9	0.3289	-0.0253	0.0002	0.0400	-0.7223	60	0.000	55.800000	37.500000	192.10	55.780933	37.639191	219.3	11011
2	2023-04-17	07:21:38	5869.1340	1	0.0100	0.0013	5869.8415	1.5	-2.9	0.3242	-0.0252	0.0001	0.0399	-0.7223	60	0.000	55.800000	37.500000	192.10	55.781048	37.639217	206.6	11011
2	2023-04-17	07:22:38	5869.1334	1	0.0065	0.0008	5869.8405	1.1	-3.6	0.3271	-0.0250	0.0002	0.0399	-0.7223	60	0.000	55.800000	37.500000	192.10	55.780849	37.639240	202.6	11011
2	2023-04-17	07:23:38	5869.1351	1	0.0089	0.0012	5869.8418	1.8	-4.9	0.3190	-0.0249	0.0005	0.0400	-0.7223	60	0.000	55.800000	37.500000	192.10	55.780933	37.639236	198.9	11011
2	2023-04-17	07:24:38	5869.1345	1	0.0087	0.0011	5869.8414	2.1	-3.8	0.3273	-0.0247	0.0002	0.0399	-0.7223	60	0.000	55.800000	37.500000	192.10	55.780899	37.639343	201.3	11011
12	2023-04-17	08:14:44	5892.3275	1	0.0238	0.0031	5893.0275	2.1	-2.6	0.3588	-0.0212	0.0002	0.0436	-0.7227	60	0.000	55.800000	37.500000	192.10	55.855053	37.516338	145.4	11011
12	2023-04-17	08:15:44	5892.3249	1	0.0092	0.0012	5893.0247	4.0	-4.0	0.3558	-0.0212	0.0004	0.0437	-0.7227	60	0.000	55.800000	37.500000	192.10	55.855122	37.516193	135.4	11011
12	2023-04-17	08:16:44	5892.3257	1	0.0074	0.0010	5893.0257	4.2	-3.7	0.3635	-0.0212	0.0003	0.0436	-0.7227	60	0.000	55.800000	37.500000	192.10	55.855038	37.516006	134.6	11011
12	2023-04-17	08:17:44	5892.3275	1	0.0104	0.0013	5893.0275	3.4	-3.4	0.3589	-0.0212	0.0004	0.0435	-0.7227	60	0.000	55.800000	37.500000	192.10	55.855045	37.516357	137.8	11011
12	2023-04-17	08:18:44	5892.3266	1	0.0100	0.0013	5893.0266	4.6	-3.5	0.3541	-0.0212	0.0003	0.0436	-0.7227	60	0.000	55.800000	37.500000	192.10	55.854980	37.516159	134.4	11011
12	2023-04-17	08:19:44	5892.3276	1	0.0066	0.0009	5893.0274	4.9	-3.5	0.3603	-0.0212	0.0006	0.0436	-0.7227	60	0.000	55.800000	37.500000	192.10	55.854843	37.516197	133.0	11011
12	2023-04-17	08:20:44	5892.3259	1	0.0101	0.0013	5893.0259	5.2	-0.7	0.3605	-0.0212	0.0004	0.0436	-0.7227	60	0.000	55.800000	37.500000	192.10	55.854843	37.516178	134.3	11011
12	2023-04-17	08:21:44	5892.3271	1	0.0082	0.0011	5893.0272	6.0	-1.6	0.3593	-0.0212	0.0004	0.0436	-0.7228	60	0.000	55.800000	37.500000	192.10	55.855053	37.516327	134.1	11011
12	2023-04-17	08:22:44	5892.3272	1	0.0085	0.0011	5893.0272	5.4	-1.2	0.3559	-0.0213	0.0004	0.0436	-0.7228	60	0.000	55.800000	37.500000	192.10	55.855186	37.516453	136.8	11011
12	2023-04-17	08:23:44	5892.3255	1	0.0093	0.0012	5893.0252	5.7	-1.6	0.3585	-0.0213	0.0007	0.0437	-0.7228	60	0.000	55.800000	37.500000	192.10	55.855064	37.516178	136.0	11011
12	2023-04-17	08:24:44	5892.3259	1	0.0101	0.0013	5893.0259	5.2	-2.2	0.3532	-0.0213	0.0004	0.0437	-0.7228	60	0.000	55.800000	37.500000	192.10	55.854961	37.516281	136.1	11011
12	2023-04-17	08:25:44	5892.3242	1	0.0083	0.0011	5893.0242	5.0	0.3	0.3641	-0.0213	0.0004	0.0438	-0.7228	60	0.000	55.800000	37.500000	192.10	55.855198	37.516293	135.5	11011
12	2023-04-17	08:26:44	5892.3275	1	0.0097	0.0013	5893.0274	4.9	-0.3	0.3593	-0.0214	0.0003	0.0439	-0.7228	60	0.000	55.800000	37.500000	192.10	55.855198	37.516293	135.5	11011
12	2023-04-17	08:27:44	5892.3265	1	0.0083	0.0011	5893.0265	4.2	-0.8	0.3612	-0.0214	0.0002	0.0439	-0.7228	60	0.000	55.800000	37.500000	192.10	55.855267	37.515930	134.7	11011
12	2023-04-17	08:28:44	5892.3254	1	0.0085	0.0011	5893.0252	4.9	-2.3	0.3608	-0.0214	0.0005	0.0440	-0.7228	60	0.000	55.800000	37.500000	192.10	55.855286	37.516148	135.0	11011
12	2023-04-17	08:29:44	5892.3276	1	0.0070	0.0009	5893.0275	3.3	-1.5	0.3642	-0.0215	0.0002	0.0442	-0.7228	60	0.000	55.800000	37.500000	192.10	55.855141	37.516415	135.9	11011
12	2023-04-17	08:30:44	5892.3281	1	0.0069	0.0009	5893.0280	3.9	-2.5	0.3585	-0.0215	0.0003	0.0442	-0.7228	60	0.000	55.800000	37.500000	192.10	55.854958	37.516369	139.2	11011
12	2023-04-17	08:31:44	5892.3280	1	0.0078	0.0010	5893.0277	4.0	-4.1	0.3640	-0.0216	0.0005	0.0441	-0.7228	60	0.000	55.800000	37.500000	192.10	55.855083	37.516384	141.2	11011
12	2023-04-17	08:32:44	5892.3272	1	0.0073	0.0009	5893.0270	3.5	-4.1	0.3615	-0.0216	0.0004	0.0442	-0.7228	60	0.000	55.800000	37.500000	192.10	55.854923	37.516518	143.4	11011
12	2023-04-17	08:33:44	5892.3255	1	0.0097	0.0013	5893.0251	4.3	-4.9	0.3602	-0.0217	0.0006	0.0443	-0.7228	60	0.000	55.800000	37.500000	192.10	55.855141	37.516262	148.7	11011
12	2023-04-17	08:34:44	5892.3263	1	0.0085	0.0011	5893.0262	4.7	-3.2	0.3661	-0.0217	0.0004	0.0443	-0.7229	60	0.000	55.800000	37.500000	192.10	55.855045	37.516346	145.6	11011
12	2023-04-17	08:35:44	5892.3274	1	0.0074	0.0010	5893.0269	6.3	-2.9	0.3714	-0.0218	0.0007	0.0445	-0.7229	60	0.000	55.800000	37.500000	192.10	55.855019	37.516464	145.0	11011
12	2023-04-17	08:36:44	5892.3259	1	0.0090	0.0012	5893.0255	6.8	-2.5	0.3635	-0.0218	0.0007	0.0444	-0.7229	60	0.000	55.800000	37.500000	192.10	55.855019	37.516232	145.1	11011
12	2023-04-17	08:37:44	5892.3265	1	0.0095	0.0012	5893.0262	6.1	-0.7	0.3657	-0.0219	0.0006	0.0445	-0.7229	60	0.000	55.800000	37.500000	192.10	55.855129	37.516388	143.8	11011
12	2023-04-17	08:38:44	5892.3261	1	0.0079	0.0010	5893.0260	5.0	-1.1	0.3693	-0.0220	0.0004	0.0445	-0.7229	60	0.000	55.800000	37.500000	192.10	55.855103	37.516346	141.8	11011
12	2023-04-17	08:39:44	5892.3274	1	0.0083	0.0011	5893.0275	5.3	-0.5	0.3689	-0.0220	0.0004	0.0445	-0.7229	60	0.000	55.800000	37.500000	192.10	55.855179	37.516293	141.0	11011
12	2023-04-17	08:40:44	5892.3269	1	0.0085	0.0011	5893.0267	5.7	0.2	0.3601	-0.0221	0.0006	0.0446	-0.7229	60	0.000	55.800000	37.500000	192.10	55.855103	37.516090	141.0	11011
12	2023-04-17	08:41:44	5892.3270	1	0.0089	0.0012	5893.0268	6.3	-1.7	0.3664	-0.0222	0.0006	0.0447	-0.7229	60	0.000	55.800000	37.500000	192.10	55.854977	37.516537	143.8	11011
12	2023-04-17	08:42:44	5892.3258	1	0.0077	0.0010	5893.0257	5.1	-2.3	0.3747	-0.0222	0.0005	0.0447	-0.7229	60	0.000	55.800000	37.500000	192.10	55.854977	37.516537	143.8	11011
12	2023-04-17	08:43:44	5892.3257	1	0.0072	0.0009	5893.0256	5.6	-4.0	0.3672	-0.0223	0.0007	0.0447	-0.7229	60	0.000	55.800000	37.500000	192.10	55.854961	37.516613	146.3	11011
12	2023-04-17	08:44:44	5892.3273	1	0.0099	0.0013	5893.0272	5.8	-2.8	0.3700	-0.0224	0.0006	0.0449	-0.7229	60	0.000	55.800000	37.500000	192.10	55.855026	37.516521	144.5	11011
12	2023-04-17	08:45:44	5892.3256	1	0.0099	0.0013	5893.0259	4.4	-0.9	0.3627	-0.0225	0.0002	0.0449	-0.7229	60	0.000	55.800000	37.500000	192.10	55.854961	37.516396	144.3	11011
12	2023-04-17	08:46:44	5892.3255	1	0.0090	0.0012	5893.0256	4.8	-0.6	0.3740	-0.0226	0.0004	0.0450	-0.7230	60	0.000	55.800000	37.500000	192.10	55.855045	37.516262	144.0	11011
12	2023-04-17	08:47:44	5892.3257	1	0.0098	0.0013	5893.0260	5.1	-1.1	0.3682	-0.0227	0.0003	0.0449	-0.7230	60	0.000	55.800000	37.500000	192.10	55.854996	37.516529	145.5	11011
12	2023-04-17	08:48:44	5892.3272	1	0.0081	0.0010	5893.0275	5.7	-1.3	0.3652	-0.0227	0.0005	0.0449	-0.7230	60	0.000	55.800000	37.500000	192.10	55.854900	37.516541	145.3	11011
12	2023-04-17	08:49:44	5892.3272	1	0.0084	0.0011	5893.0271	6.9	-3.9	0.3682	-0.0228	0.0009	0.0450	-0.7230	60	0.000	55.800000	37.500000	192.10	55.854900	37.516541	145.3	11011
12	2023-04-17	08:50:44	5892.3267	1	0.0087	0.0011	5893.0269	6.8	-1.5	0.3692	-0.0229	0.0006	0.0451	-0.7230	60	0.000	55.800000	37.500000	192.10	55.855026	37.516331	144.8	11011
12	2023-04-17	08:51:44	5892.3255	1	0.0076	0.0010	5893.0258	6.9	-1.3	0.3695	-0.0230	0.0007	0.0450	-0.7230	60	0.000	55.800000	37.500000	192.10	55.854958	37.516624	147.0	11011
12	2023-04-17	08:52:44	5892.3270	1	0.0090	0.0012	5893.0275	6.4	-0.8	0.3780	-0.0231	0.0005	0.0451	-0.7230	60	0.000	55.800000	37.500000	192.10	55.854977	37.516472	147.3	11011
12	2023-04-17	08:53:44	5892.3256	1	0.0071	0.0009	5893.0262	6.0	-2.2	0.3694	-0.0232	0.0005	0.0451	-0.7230	60	0.000	55.800000	37.500000	192.10	55.854866	37.516556	145.2	11011
12	2023-04-17	08:54:44	5892.3264	1	0.0096	0.0012	5893.0272	6.1	-3.2	0.3728	-0.0233	0.0006	0.0450	-0.7230	60	0.000	55.800000	37.500000	192.10	55.855179	37.516434	144.3	11011
12	2023-04-17	08:55:44	5892.3246	1	0.0084	0.0011	5893.0254	4.3	-2.6	0.3657	-0.0235	0.0004	0.0453	-0.7230	60	0.000	55.800000	37.500000	192.10	55.855103	37.516407	144.9	11011
12	2023-04-17	08:56:44	5892.3247	1	0.0094	0.0012	5893.0258	4.3	-2.3	0.3714	-0.0236	0.0003	0.0452	-0.7230	60	0.000	55.800000	37.500000	192.10	55.854988	37.516537	140.3	11011
12	2023-04-17	08:57:44	5892.3262	1	0.0096	0.0012	5893.0273	5.5	-2.2	0.3699	-0.0237	0.0004	0.0452	-0.7230	60	0.000	55.800000	37.500000	192.10	55.854939	37.516689	138.7	11011
12	2023-04-17	08:58:44	5892.3263	1	0.0091	0.0012	5893.0275	4.8	-3.4	0.3680	-0.0238	0.0004	0.0452	-0.7230	60	0.000	55.800000	37.500000	192.10	55.854866	37.516365	135.7	11011
2	2023-04-17	09:53:38	5869.1332	1	0.0091	0.0012	5869.8420	2.7	-2.4	0.3976	-0.0336	0.0002	0.0482	-0.7235	60	0.000	55.800000	37.500000	192.10	55.780869	37.639240	149.5	11011
2	2023-04-17	09:54:38	5869.1345	1	0.0114	0.0015	5869.8438	1.7	-1.9	0.3980	-0.0339	0.0001	0.0480	-0.7235	60	0.000	55.800000	37.500000	192.10	55.780869	37.639259	159.8	11011
2	2023-04-17	09:55:38	5869.1339	1	0.0090	0.0012	5869.8434	2.1	-0.8	0.3881	-0.0341	0.0001	0.0480	-0.7235	60	0.000	55.800000	37.500000	192.10	55.781052	37.639362	182.6	11011
2	2023-04-17	09:56:38	5869.1333	1	0.0085	0.0011	5869.8431	1.1	-2.8	0.3875	-0.0343	0.0002	0.0478	-0.7235	60	0.000	55.800000	37.500000	192.10	55.781052	37.639294	201.8	11011
2	2023-04-17	09:57:38	5869.1326	1	0.0099	0.0013	5869.8429	1.9	-3.1	0.3941	-0.0346	0.0002	0.0477	-0.7235	60	0.000	55.800000	37.500000	192.10	55.780956	37.639210	200.9	11011
2	2023-04-17	09:58:38	5869.1337	1	0.0100	0.0013	5869.8443	1.8	-3.1	0.3894	-0.0348	0.0002	0.0476	-0.7235	60	0.000	55.800000	37.500000	192.10	55.781166	37.639088	204.7	11011
2	2023-04-17	09:59:38	5869.1342	1	0.0097	0.0012	5869.8454	3.3	-3.0	0.3923	-0.0351	0.0003	0.0472	-0.7235	60	0.000	55.800000	37.500000	192.10	55.780964	37.639145	209.5	11011
2	2023-04-17	10:00:38	5869.1331	1	0.0091	0.0012	5869.8447	2.6	-2.0	0.3885	-0.0353	0.0002	0.0471	-0.7235	60	0.000	55.800000	37.500000	192.10	55.781185	37.639191	211.2	11011
2	2023-04-17	10:01:38	5869.1332	1	0.0085	0.0011	5869.8453	3.5	-1.8	0.3832	-0.0356	0.0002	0.0467	-0.7236	60	0.000	55.800000	37.500000	192.10	55.781250	37.639057	222.4	11011
2	2023-04-17	10:02:38	5869.1343	1	0.0087	0.0011	5869.8467	1.9	-2.4	0.3816	-0.0358	0.0002	0.0468	-0.7236	60	0.000	55.800000	37.500000	192.10	55.781029	37.639191	221.9	11011
2	2023-04-17	10:03:38	5869.1337	1	0.0070	0.0009	5869.8465	2.0	-1.9	0.3843	-0.0361	0.0002	0.0466	-0.7236	60	0.000	55.800000	37.500000	192.10	55.781021	37.639191	221.7	11011
2	2023-04-17	10:04:38	5869.1331	1	0.0096	0.0012	5869.8465	1.9	-1.0	0.3813	-0.0363	0.0001	0.0464	-0.7236	60	0.000	55.800000	37.500000	192.10	55.781136	37.639179	223.5	11011
2	2023-04-17	10:05:38	5869.1333	1	0.0075	0.0010	5869.8472	2.4	-1.0	0.3837	-0.0365	0.0001	0.0462	-0.7236	60	0.000	55.800000	37.500000	192.10	55.780972	37.639088	225.2	11011
2	2023-04-17	10:06:38	5869.1321	1	0.0104	0.0013	5869.8464	1.7	-1.8	0.3780	-0.0368	0.0001	0.0460	-0.7236	60	0.000	55.800000	37.500000	192.10	55.780972	37.639088	225.2	11011
2	2023-04-17	10:07:38	5869.1336	1	0.0089	0.0011	5869.8482	1.6	-2.0	0.3765	-0.0371	0.0001	0.0460	-0.7236	60	0.000	55.800000	37.500000	192.10	55.780861	37.639172	222.5	11011
2	2023-04-17	10:08:38	5869.1341	1	0.0090	0.0012	5869.8491	1.0	-2.5	0.3751	-0.0373	0.0001	0.0457	-0.7236	60	0.000	55.800000	37.500000	192.10	55.780861	37.639172	222.5	11011
2	2023-04-17	10:09:38	5869.1349	1	0.0100	0.0013	5869.8503	1.1	-1.8	0.3727	-0.0376	0.0001	0.0457	-0.7236	60	0.000	55.800000	37.500000	192.10	55.780918	37.639305	221.9	11011
2	2023-04-17	10:10:38	5869.1329	1	0.0109	0.0014	5869.8486	1.6	0.7	0.3742	-0.0378	0.0001	0.0456	-0.7236	60	0.000	55.800000	37.500000	192.10	55.780983	37.639217	220.0	11011
2	2023-04-17	10:11:38	5869.1342	1	0.0094	0.0012	5869.8505	1.6	-0.4	0.3711	-0.0381	0.0001	0.0453	-0.7236	60	0.000	55.800000	37.500000	192.10	55.780899	37.639267	219.1	11011
2	2023-04-17	10:12:38	5869.1338	1	0.0107	0.0014	5869.8506	1.0	-0.6	0.3721	-0.0383	0.0001	0.0451	-0.7236	60	0.000	55.800000	37.500000	192.10	55.780895	37.639267	219.1	11011
2	2023-04-17	10:13:38	5869.1325	1	0.0073	0.0009	5869.8496	0.8	0.0	0.3732	-0.0386	0.0000	0.0450	-0.7236	60	0.000	55.800000	37.500000	192.10	55.780895	37.639267	219.1	11011
2	2023-04-17	10:14:38	5869.1325	1	0.0093	0.0012	5869.8499	1.3	-0.0	0.3670	-0.0389	0.0001	0.0450	-0.7237	60	0.000	55.800000	37.500000	192.10	55.780983	37.639191	221.0	11011
2	2023-04-17	10:15:38	5869.1320	1	0.0091	0.0012	5869.8498	2.3	-1.0	0.3636	-0.0391	0.0001	0.0449	-0.7237	60	0.000	55.800000	37.500000	192.10	55.780983	37.639191	221.0	11011
2	2023-04-17	10:16:38	5869.1344	1	0.0091	0.0012	5869.8525	3.3	0.3	0.3697	-0.0394	0.0002	0.0447	-0.7237	60	0.000	55.800000	37.500000	192.10	55.780983	37.639191	221.0	11011
2	2023-04-17	10:17:38	5869.1333	1	0.0103	0.0013	5869.8519	3.5	1.0	0.3645	-0.0397	0.0002	0.0445	-0.7237	60	0.000	55.800000	37.500000	192.10	55.781193	37.639221	221.1	11011
2	2023-04-17	10:18:38	5869.1341	1	0.0097	0.0012	5869.8529	2.3	-1.6	0.3679	-0.0399	0.0002	0.0446	-0.7237	60	0.000	55.800000	37.500000	192.10	55.780670	37.639011	221.3	11011
2	2023-04-17	10:19:38	5869.1321	1	0.0080	0.0010	5869.8514	1.5	0.3	0.3634	-0.0402	0.0001	0.0446	-0.7237	60	0.000	55.800000	37.500000	192.10	55.780792	37.639221	221.4	11011
2	2023-04-17	10:20:38	5869.1343	1	0.0093	0.0012	5869.8538	2.5	1.0	0.3679	-0.0405	0.0002	0.0445	-0.7237	60	0.000	55.800000	37.500000	192.10	55.781013	37.639217	218.4	11011
2	2023-04-17	10:21:38	5869.1333	1	0.0078	0.0010	5869.8532	1.4	-0.9	0.3679	-0.0407	0.0001	0.0444	-0.7237	60	0.000	55.800000	37.500000	192.10	55.780869	37.639164	218.3	11011
2	2023-04-17	10:22:38	5869.1325	1	0.0110	0.0014	5869.8530	2.0	-0.4	0.3594	-0.0410	0.0001	0.0441	-0.7237	60	0.000	55.800000	37.500000	192.10	55.780869	37.639164	218.3	11011
2	2023-04-17	10:23:38	5869.1340	1	0.0096	0.0012	5869.8548	2.4	-0.5	0.3574	-0.0413	0.0001	0.0441	-0.7237	60	0.000	55.800000	37.500000	192.10	55.780811	37.639317	216.0	11011
2	2023-04-17	10:24:38	5869.1331	1	0.0089	0.0011	5869.8542	3.5	-0.3	0.3573	-0.0415	0.0002	0.0440	-0.7237	60	0.000	55.800000	37.500000	192.10	55.780907	37.639336	214.5	11011
2	2023-04-17	10:25:38	5869.1319	1	0.0099	0.0013	5869.8532	2.6	1.3	0.3599	-0.0418	0.0002	0.0440	-0.7237	60	0.000	55.800000	37.500000	192.10	55.780907	37.639336	214.5	11011
2	2023-04-17	10:26:38	5869.1319	1	0.0089	0.0011	5869.8536	3.5	2.4	0.3508	-0.0421	0.0003	0.0438	-0.7238	60	0.000	55.800000	37.500000	192.10	55.780819	37.639259	207.1	11011
2	2023-04-17	10:27:38	5869.1319	1	0.0069	0.0009	5869.8542	1.8	2.1	0.3573	-0.0424	0.0001	0.0437	-0.7238	60	0.000	55.800000	37.500000	192.10	55.780838	37.639294	200.8	11011
2	2023-04-17	10:28:38	5869.1315	1	0.0094	0.0012	5869.8543	0.7	0.5	0.3611	-0.0426	0.0001	0.0436	-0.7238	60	0.000	55.800000	37.500000	192.10	55.780823	37.639267	200.8	11011
2	2023-04-17	10:29:38	5869.1328	1	0.0074	0.0010	5869.8557	1.4	1.1	0.3627	-0.0429	0.0001	0.0436	-0.7238	60	0.000	55.800000	37.500000	192.10	55.780926	37.639217	198.7	11011
2	2023-04-17	10:30:38	5869.1328	1	0.0104	0.0013	5869.8563	0.7	2.1	0.3603	-0.0432	0.0001	0.0434	-0.7238	60	0.000	55.800000	37.500000	192.10	55.780926	37.639217	198.7	11011
2	2023-04-17	10:31:38	5869.1318	1	0.0098	0.0013	5869.8554	0.8	2.2	0.3544	-0.0435	0.0002	0.0435	-0.7238	60	0.000	55.800000	37.500000	192.10	55.780926	37.639217	198.7	11011
2	2023-04-17	10:32:38	5869.1297	1	0.0097	0.0012	5869.8538	0.2	0.8	0.3603	-0.0437	0.0001	0.0433	-0.7238	60	0.000	55.800000	37.500000	192.10	55.780918	37.639202	195.9	11011
2	2023-04-17	10:33:38	5869.1307	1	0.0104	0.0013	5869.8551	1.0	0.3	0.3511	-0.0440	0.0001	0.0433	-0.7238	60	0.000	55.800000	37.500000	192.10	55.781010	37.639336	197.4	11011
2	2023-04-17	10:34:38	5869.1316	1	0.0086	0.0011	5869.8563	0.8	1.6	0.3572	-0.0443	0.0001	0.0433	-0.7238	60	0.000	55.800000	37.500000	192.10	55.780899	37.639278	196.4	11011
2	2023-04-17	10:35:38	5869.1319	1	0.0120	0.0015	5869.8571	0.6	1.9	0.3596	-0.0446	0.0001	0.0432	-0.7238	60	0.000	55.800000	37.500000	192.10	55.781128	37.639221	196.4	11011
2	2023-04-17	10:36:38	5869.1314	1	0.0104	0.0013	5869.8569	0.0	1.3	0.3596	-0.0449	0.0001	0.0431	-0.7238	60	0.000	55.800000	37.500000	192.10	55.780811	37.639351	191.9	11011
2	2023-04-17	10:37:38	5869.1326	1	0.0098	0.0013	5869.8584	-0.2	1.7	0.3520	-0.0452	0.0001	0.0431	-0.7238	60	0.000	55.800000	37.500000	192.10	55.780937	37.639198	177.7	11011
12	2023-04-17	11:41:36	5892.3195	1	0.0331	0.0043	5893.0614	0.8	1.4	0.3699	-0.0635	0.0001	0.0459	-0.7243	60	0.000	55.800000	37.500000	192.10	55.855026	37.516270	138.8	11011
12	2023-04-17	11:42:36	5892.3198	1	0.0077	0.0010	5893.0621	0.6	1.5	0.3747	-0.0638	0.0002	0.0457	-0.7244	60	0.000	55.800000	37.500000	192.10	55.854939	37.516338	136.3	11011
12	2023-04-17	11:43:36	5892.3201	1	0.0102	0.0013	5893.0627	1.8	0.8	0.3699	-0.0640	0.0001	0.0456	-0.7244	60	0.000	55.800000	37.500000	192.10	55.854950	37.516167	133.9	11011
12	2023-04-17	11:44:36	5892.3198	1	0.0108	0.0014	5893.0626	2.8	-0.3	0.3783	-0.0643	0.0002	0.0458	-0.7244	60	0.000	55.800000	37.500000	192.10	55.855053	37.516079	135.6	11011
12	2023-04-17	11:45:36	5892.3191	1	0.0079	0.0010	5893.0623	2.3	0.9	0.3728	-0.0646	0.0001	0.0456	-0.7244	60	0.000	55.800000	37.500000	192.10	55.854980	37.516205	141.4	11011
12	2023-04-17	11:46:36	5892.3216	1	0.0091	0.0012	5893.0654	2.1	-1.4	0.3697	-0.0648	0.0001	0.0454	-0.7244	60	0.000	55.800000	37.500000	192.10	55.854980	37.516205	141.4	11011
12	2023-04-17	11:47:36	5892.3203	1	0.0081	0.0010	5893.0641	1.9	-1.0	0.3700	-0.0651	0.0001	0.0456	-0.7244	60	0.000	55.800000	37.500000	192.10	55.854919	37.516521	145.1	11011
12	2023-04-17	11:48:36	5892.3216	1	0.0102	0.0013	5893.0658	2.2	1.6	0.3724	-0.0654	0.0001	0.0455	-0.7244	60	0.000	55.800000	37.500000	192.10	55.854919	37.516521	145.1	11011
12	2023-04-17	11:49:36	5892.3210	1	0.0090	0.0012	5893.0656	1.1	2.4	0.3705	-0.0657	0.0001	0.0453	-0.7244	60	0.000	55.800000	37.500000	192.10	55.854958	37.516331	146.1	11011
12	2023-04-17	11:50:36	5892.3210	1	0.0096	0.0012	5893.0656	0.9	1.3	0.3743	-0.0659	0.0001	0.0456	-0.7244	60	0.000	55.800000	37.500000	192.10	55.855019	37.516232	146.9	11011
12	2023-04-17	11:51:36	5892.3206	1	0.0074	0.0010	5893.0656	0.7	2.3	0.3704	-0.0662	0.0001	0.0455	-0.7244	60	0.000	55.800000	37.500000	192.10	55.855095	37.516117	147.0	11011
12	2023-04-17	11:52:36	5892.3196	1	0.0080	0.0010	5893.0649	0.8	0.7	0.3742	-0.0664	0.0001	0.0455	-0.7244	60	0.000	55.800000	37.500000	192.10	55.855026	37.516521	149.1	11011
12	2023-04-17	11:53:36	5892.3208	1	0.0073	0.0009	5893.0663	2.8	1.1	0.3695	-0.0667	0.0002	0.0454	-0.7244	60	0.000	55.800000	37.500000	192.10	55.855026	37.516350	150.0	11011
12	2023-04-17	11:54:36	5892.3194	1	0.0099	0.0013	5893.0653	1.1	0.5	0.3703	-0.0670	0.0001	0.0455	-0.7245	60	0.000	55.800000	37.500000	192.10	55.855026	37.516350	150.0	11011
12	2023-04-17	11:55:36	5892.3204	1	0.0100	0.0013	5893.0664	2.1	0.9	0.3752	-0.0672	0.0001	0.0456	-0.7245	60	0.000	55.800000	37.500000	192.10	55.855053	37.516186	148.6	11011
12	2023-04-17	11:56:36	5892.3191	1	0.0104	0.0013	5893.0654	1.9	0.6	0.3753	-0.0675	0.0001	0.0455	-0.7245	60	0.000	55.800000	37.500000	192.10	55.854980	37.516327	146.4	11011
12	2023-04-17	11:57:36	5892.3197	1	0.0114	0.0015	5893.0662	1.5	2.6	0.3713	-0.0677	0.0001	0.0456	-0.7245	60	0.000	55.800000	37.500000	192.10	55.855053	37.516167	145.9	11011
12	2023-04-17	11:58:36	5892.3204	1	0.0101	0.0013	5893.0671	2.8	1.3	0.3721	-0.0680	0.0002	0.0456	-0.7245	60	0.000	55.800000	37.500000	192.10	55.855053	37.516167	145.9	11011
12	2023-04-17	11:59:36	5892.3215	1	0.0076	0.0010	5893.0686	3.1	1.4	0.3702	-0.0683	0.0001	0.0456	-0.7245	60	0.000	55.800000	37.500000	192.10	55.855053	37.516167	145.9	11011
12	2023-04-17	12:00:36	5892.3193	1	0.0101	0.0013	5893.0667	2.5	1.0	0.3743	-0.0685	0.0002	0.0454	-0.7245	60	0.000	55.800000	37.500000	192.10	55.855026	37.516331	140.3	11011
12	2023-04-17	12:01:36	5892.3188	1	0.0080	0.0010	5893.0665	2.4	0.0	0.3784	-0.0688	0.0001	0.0455	-0.7245	60	0.000	55.800000	37.500000	192.10	55.855019	37.516308	139.1	11011
12	2023-04-17	12:02:36	5892.3209	1	0.0092	0.0012	5893.0685	1.9	-1.2	0.3722	-0.0690	0.0002	0.0457	-0.7245	60	0.000	55.800000	37.500000	192.10	55.855019	37.516308	139.1	11011
12	2023-04-17	12:03:36	5892.3198	1	0.0095	0.0012	5893.0680	2.1	0.5	0.3674	-0.0693	0.0001	0.0455	-0.7245	60	0.000	55.800000	37.500000	192.10	55.855019	37.516308	139.1	11011
12	2023-04-17	12:04:36	5892.3197	1	0.0085	0.0011	5893.0682	2.1	1.8	0.3728	-0.0695	0.0001	0.0454	-0.7245	60	0.000	55.800000	37.500000	192.10	55.854950	37.516407	139.3	11011
12	2023-04-17	12:05:36	5892.3184	1	0.0113	0.0015	5893.0670	2.4	1.6	0.3722	-0.0698	0.0002	0.0456	-0.7245	60	0.000	55.800000	37.500000	192.10	55.854950	37.516407	139.3	11011
12	2023-04-17	12:06:36	5892.3193	1	0.0091	0.0012	5893.0681	2.6	1.9	0.3711	-0.0700	0.0002	0.0456	-0.7245	60	0.000	55.800000	37.500000	192.10	55.855045	37.516293	138.3	11011
12	2023-04-17	12:07:36	5892.3194	1	0.0080	0.0010	5893.0686	2.7	2.6	0.3699	-0.0702	0.0002	0.0454	-0.7246	60	0.000	55.800000	37.500000	192.10	55.855045	37.516293	138.3	11011
12	2023-04-17	12:08:36	5892.3203	1	0.0100	0.0013	5893.0696	2.1	2.4	0.3794	-0.0705	0.0002	0.0456	-0.7246	60	0.000	55.800000	37.500000	192.10	55.855167	37.516403	138.3	11011
12	2023-04-17	12:09:36	5892.3205	1	0.0085	0.0011	5893.0699	3.0	1.6	0.3776	-0.0707	0.0002	0.0457	-0.7246	60	0.000	55.800000	37.500000	192.10	55.855122	37.516510	140.5	11011
12	2023-04-17	12:10:36	5892.3199	1	0.0092	0.0012	5893.0696	1.3	-0.5	0.3748	-0.0710	0.0001	0.0457	-0.7246	60	0.000	55.800000	37.500000	192.10	55.854874	37.516407	140.4	11011
12	2023-04-17	12:11:36	5892.3190	1	0.0104	0.0013	5893.0688	2.2	2.4	0.3792	-0.0712	0.0002	0.0459	-0.7246	60	0.000	55.800000	37.500000	192.10	55.855072	37.516281	134.9	11011
12	2023-04-17	12:12:36	5892.3190	1	0.0072	0.0009	5893.0691	3.2	1.6	0.3758	-0.0714	0.0002	0.0457	-0.7246	60	0.000	55.800000	37.500000	192.10	55.854923	37.516136	133.2	11011
12	2023-04-17	12:13:36	5892.3187	1	0.0076	0.0010	5893.0688	3.2	3.9	0.3771	-0.0717	0.0004	0.0457	-0.7246	60	0.000	55.800000	37.500000	192.10	55.855007	37.516216	133.4	11011
12	2023-04-17	12:14:36	5892.3196	1	0.0098	0.0013	5893.0703	2.8	1.5	0.3775	-0.0719	0.0002	0.0457	-0.7246	60	0.000	55.800000	37.500000	192.10	55.854977	37.516445	133.4	11011
12	2023-04-17	12:15:36	5892.3203	1	0.0084	0.0011	5893.0712	3.0	-1.0	0.3748	-0.0721	0.0002	0.0457	-0.7246	60	0.000	55.800000	37.500000	192.10	55.855160	37.516273	132.9	11011
12	2023-04-17	12:16:36	5892.3181	1	0.0089	0.0012	5893.0691	2.5	-1.1	0.3762	-0.0724	0.0002	0.0458	-0.7246	60	0.000	55.800000	37.500000	192.10	55.854996	37.516541	131.8	11011
12	2023-04-17	12:17:36	5892.3197	1	0.0102	0.0013	5893.0708	3.2	0.1	0.3731	-0.0726	0.0002	0.0459	-0.7246	60	0.000	55.800000	37.500000	192.10	55.855019	37.516644	132.3	11011
12	2023-04-17	12:18:36	5892.3207	1	0.0099	0.0013	5893.0723	2.8	-0.3	0.3705	-0.0728	0.0002	0.0457	-0.7246	60	0.000	55.800000	37.500000	192.10	55.854759	37.516663	132.5	11011
12	2023-04-17	12:19:36	5892.3203	1	0.0073	0.0009	5893.0720	3.5	1.1	0.3737	-0.0730	0.0002	0.0458	-0.7247	60	0.000	55.800000	37.500000	192.10	55.854988	37.516586	133.9	11011
12	2023-04-17	12:20:36	5892.3205	1	0.0095	0.0012	5893.0724	3.7	3.0	0.3748	-0.0733	0.0004	0.0457	-0.7247	60	0.000	55.800000	37.500000	192.10	55.854988	37.516579	133.9	11011
12	2023-04-17	12:21:36	5892.3215	1	0.0082	0.0011	5893.0735	3.3	2.8	0.3775	-0.0735	0.0003	0.0458	-0.7247	60	0.000	55.800000	37.500000	192.10	55.855160	37.516376	135.6	11011
12	2023-04-17	12:22:36	5892.3203	1	0.0087	0.0011	5893.0725	3.6	2.4	0.3737	-0.0737	0.0004	0.0458	-0.7247	60	0.000	55.800000	37.500000	192.10	55.855076	37.516293	133.4	11011
12	2023-04-17	12:23:36	5892.3198	1	0.0099	0.0013	5893.0723	4.2	2.0	0.3747	-0.0739	0.0003	0.0457	-0.7247	60	0.000	55.800000	37.500000	192.10	55.855103	37.516098	130.2	11011
12	2023-04-17	12:24:36	5892.3201	1	0.0077	0.0010	5893.0730	3.8	0.7	0.3757	-0.0741	0.0002	0.0457	-0.7247	60	0.000	55.800000	37.500000	192.10	55.855152	37.516472	129.8	11011
12	2023-04-17	12:25:36	5892.3205	1	0.0077	0.0010	5893.0735	5.1	0.8	0.3768	-0.0744	0.0004	0.0456	-0.7247	60	0.000	55.800000	37.500000	192.10	55.855053	37.516491	131.3	11011
4	2023-04-17	13:18:03	5869.1278	1	0.0124	0.0016	5869.8872	-1.9	0.2	0.3919	-0.0827	0.0001	0.0483	-0.7251	60	0.000	55.800000	37.500000	192.10	55.781315	37.639591	183.7	11011
4	2023-04-17	13:19:03	5869.1270	1	0.0099	0.0013	5869.8867	-2.8	-0.4	0.3904	-0.0828	0.0002	0.0480	-0.7251	60	0.000	55.800000	37.500000	192.10	55.780849	37.639103	186.0	11011
4	2023-04-17	13:20:03	5869.1259	1	0.0094	0.0012	5869.8855	-3.6	-0.8	0.3964	-0.0829	0.0002	0.0482	-0.7251	60	0.000	55.800000	37.500000	192.10	55.781307	37.639408	187.4	11011
4	2023-04-17	13:21:03	5869.1261	1	0.0095	0.0012	5869.8862	-3.0	-1.0	0.3868	-0.0829	0.0002	0.0479	-0.7251	60	0.000	55.800000	37.500000	192.10	55.781326	37.639488	189.2	11011
4	2023-04-17	13:22:03	5869.1254	1	0.0086	0.0011	5869.8858	-3.3	-1.0	0.3889	-0.0830	0.0001	0.0477	-0.7252	60	0.000	55.800000	37.500000	192.10	55.780937	37.639019	190.4	11011
4	2023-04-17	13:23:03	5869.1260	1	0.0084	0.0011	5869.8865	-3.3	0.1	0.3934	-0.0831	0.0001	0.0476	-0.7252	60	0.000	55.800000	37.500000	192.10	55.781086	37.639370	190.7	11011
4	2023-04-17	13:24:03	5869.1252	1	0.0088	0.0011	5869.8858	-4.3	-2.0	0.3804	-0.0832	0.0003	0.0474	-0.7252	60	0.000	55.800000	37.500000	192.10	55.780899	37.639317	190.6	11011
4	2023-04-17	13:25:03	5869.1253	1	0.0091	0.0012	5869.8861	-4.7	-4.5	0.3943	-0.0833	0.0005	0.0472	-0.7252	60	0.000	55.800000	37.500000	192.10	55.781231	37.639389	191.1	11011
4	2023-04-17	13:26:03	5869.1243	1	0.0084	0.0011	5869.8853	-5.5	-3.0	0.3863	-0.0834	0.0005	0.0470	-0.7252	60	0.000	55.800000	37.500000	192.10	55.781128	37.639431	190.2	11011
4	2023-04-17	13:27:03	5869.1243	1	0.0104	0.0013	5869.8854	-6.3	-1.3	0.3857	-0.0834	0.0006	0.0469	-0.7252	60	0.000	55.800000	37.500000	192.10	55.781487	37.639248	196.5	11011
4	2023-04-17	13:28:03	5869.1247	1	0.0087	0.0011	5869.8860	-6.3	-3.0	0.3801	-0.0835	0.0007	0.0468	-0.7252	60	0.000	55.800000	37.500000	192.10	55.781166	37.639278	195.1	11011
4	2023-04-17	13:29:03	5869.1250	1	0.0092	0.0012	5869.8867	-5.7	-3.8	0.3859	-0.0836	0.0006	0.0465	-0.7252	60	0.000	55.800000	37.500000	192.10	55.781109	37.639259	196.2	11011
4	2023-04-17	13:30:03	5869.1244	1	0.0090	0.0012	5869.8861	-6.2	-4.6	0.3765	-0.0837	0.0008	0.0464	-0.7252	60	0.000	55.800000	37.500000	192.10	55.781124	37.639221	194.8	11011
4	2023-04-17	13:31:03	5869.1230	1	0.0092	0.0012	5869.8851	-5.8	-4.7	0.3719	-0.0837	0.0007	0.0462	-0.7252	60	0.000	55.800000	37.500000	192.10	55.781021	37.639103	195.9	11011
4	2023-04-17	13:32:03	5869.1229	1	0.0115	0.0015	5869.8851	-6.8	-4.3	0.3791	-0.0838	0.0009	0.0460	-0.7252	60	0.000	55.800000	37.500000	192.10	55.781078	37.639229	196.7	11011
4	2023-04-17	13:33:03	5869.1231	1	0.0101	0.0013	5869.8854	-7.1	-4.5	0.3747	-0.0838	0.0009	0.0459	-0.7252	60	0.000	55.800000	37.500000	192.10	55.781166	37.639172	195.2	11011
4	2023-04-17	13:34:03	5869.1224	1	0.0088	0.0011	5869.8850	-6.8	-3.6	0.3723	-0.0839	0.0008	0.0458	-0.7252	60	0.000	55.800000	37.500000	192.10	55.781021	37.639526	194.9	11011
4	2023-04-17	13:35:03	5869.1219	1	0.0084	0.0011	5869.8847	-7.4	-2.8	0.3761	-0.0839	0.0007	0.0456	-0.7253	60	0.000	55.800000	37.500000	192.10	55.780994	37.639370	193.9	11011
4	2023-04-17	13:36:03	5869.1215	1	0.0104	0.0013	5869.8843	-7.4	-4.2	0.3719	-0.0840	0.0009	0.0455	-0.7253	60	0.000	55.800000	37.500000	192.10	55.780937	37.639526	193.7	11011
4	2023-04-17	13:37:03	5869.1231	1	0.0101	0.0013	5869.8861	-7.2	-5.7	0.3731	-0.0840	0.0010	0.0453	-0.7253	60	0.000	55.800000	37.500000	192.10	55.781231	37.639439	196.6	11011
4	2023-04-17	13:38:03	5869.1225	1	0.0076	0.0010	5869.8859	-7.9	-6.0	0.3703	-0.0841	0.0010	0.0450	-0.7253	60	0.000	55.800000	37.500000	192.10	55.781071	37.639351	198.4	11011
4	2023-04-17	13:39:03	5869.1213	1	0.0113	0.0015	5869.8846	-7.7	-5.6	0.3684	-0.0841	0.0010	0.0452	-0.7253	60	0.000	55.800000	37.500000	192.10	55.780991	37.639191	201.5	11011
4	2023-04-17	13:40:03	5869.1214	1	0.0101	0.0013	5869.8843	-8.1	-6.8	0.3677	-0.0842	0.0015	0.0450	-0.7253	60	0.000	55.800000	37.500000	192.10	55.781162	37.639221	200.0	11011
4	2023-04-17	13:41:03	5869.1222	1	0.0099	0.0013	5869.8856	-8.3	-5.2	0.3696	-0.0842	0.0011	0.0450	-0.7253	60	0.000	55.800000	37.500000	192.10	55.781029	37.639198	199.6	11011
4	2023-04-17	13:42:03	5869.1223	1	0.0095	0.0012	5869.8856	-9.1	-5.0	0.3691	-0.0843	0.0014	0.0448	-0.7253	60	0.000	55.800000	37.500000	192.10	55.781097	37.639160	199.5	11011
4	2023-04-17	13:43:03	5869.1206	1	0.0108	0.0014	5869.8844	-8.1	-3.9	0.3622	-0.0843	0.0009	0.0448	-0.7253	60	0.000	55.800000	37.500000	192.10	55.780895	37.639484	203.7	11011
4	2023-04-17	13:44:03	5869.1199	1	0.0070	0.0009	5869.8838	-9.0	-3.4	0.3685	-0.0843	0.0011	0.0446	-0.7253	60	0.000	55.800000	37.500000	192.10	55.780819	37.639164	206.8	11011
4	2023-04-17	13:45:03	5869.1209	1	0.0063	0.0008	5869.8851	-9.5	-2.0	0.3666	-0.0843	0.0010	0.0445	-0.7253	60	0.000	55.800000	37.500000	192.10	55.781010	37.639420	209.6	11011
4	2023-04-17	13:46:03	5869.1201	1	0.0096	0.0012	5869.8841	-10.1	-4.3	0.3585	-0.0844	0.0015	0.0443	-0.7253	60	0.000	55.800000	37.500000	192.10	55.780956	37.639278	209.7	11011
4	2023-04-17	13:47:03	5869.1199	1	0.0099	0.0013	5869.8835	-11.3	-3.4	0.3674	-0.0844	0.0018	0.0443	-0.7254	60	0.000	55.800000	37.500000	192.10	55.780956	37.639446	209.1	11011
4	2023-04-17	13:48:03	5869.1197	1	0.0090	0.0012	5869.8839	-10.2	-3.0	0.3606	-0.0844	0.0012	0.0443	-0.7254	60	0.000	55.800000	37.500000	192.10	55.781052	37.639408	211.0	11011
4	2023-04-17	13:49:03	5869.1195	1	0.0096	0.0012	5869.8835	-10.1	-3.4	0.3622	-0.0844	0.0015	0.0443	-0.7254	60	0.000	55.800000	37.500000	192.10	55.781029	37.639336	209.5	11011
4	2023-04-17	13:50:03	5869.1198	1	0.0089	0.0011	5869.8843	-9.4	-4.3	0.3635	-0.0844	0.0013	0.0440	-0.7254	60	0.000	55.800000	37.500000	192.10	55.781071	37.639332	209.1	11011
4	2023-04-17	13:51:03	5869.1185	1	0.0097	0.0013	5869.8833	-8.5	-2.4	0.3613	-0.0845	0.0010	0.0441	-0.7254	60	0.000	55.800000	37.500000	192.10	55.781071	37.639332	209.1	11011
4	2023-04-17	13:52:03	5869.1189	1	0.0091	0.0012	5869.8835	-8.9	-4.7	0.3595	-0.0845	0.0012	0.0440	-0.7254	60	0.000	55.800000	37.500000	192.10	55.781040	37.639336	214.4	11011
4	2023-04-17	13:53:03	5869.1187	1	0.0098	0.0013	5869.8835	-10.3	-2.5	0.3578	-0.0845	0.0014	0.0437	-0.7254	60	0.000	55.800000	37.500000	192.10	55.780994	37.639114	213.9	11011
4	2023-04-17	13:54:03	5869.1188	1	0.0098	0.0013	5869.8833	-10.7	-1.6	0.3560	-0.0845	0.0014	0.0439	-0.7254	60	0.000	55.800000	37.500000	192.10	55.780983	37.639488	213.0	11011
4	2023-04-17	13:55:03	5869.1185	1	0.0123	0.0016	5869.8835	-9.2	-2.1	0.3591	-0.0845	0.0011	0.0437	-0.7254	60	0.000	55.800000	37.500000	192.10	55.780964	37.638962	211.2	11011
4	2023-04-17	13:56:03	5869.1191	1	0.0101	0.0013	5869.8840	-9.4	-3.6	0.3576	-0.0845	0.0014	0.0436	-0.7254	60	0.000	55.800000	37.500000	192.10	55.780880	37.638611	210.3	11011
4	2023-04-17	13:57:03	5869.1183	1	0.0073	0.0009	5869.8835	-8.5	-3.5	0.3540	-0.0845	0.0011	0.0436	-0.7254	60	0.000	55.800000	37.500000	192.10	55.780746	37.639229	219.0	11011
4	2023-04-17	13:58:03	5869.1189	1	0.0086	0.0011	5869.8839	-8.7	-4.2	0.3510	-0.0845	0.0013	0.0436	-0.7254	60	0.000	55.800000	37.500000	192.10	55.780991	37.639336	218.1	11011
4	2023-04-17	13:59:03	5869.1194	1	0.0118	0.0015	5869.8842	-9.8	-6.1	0.3559	-0.0844	0.0015	0.0435	-0.7254	60	0.000	55.800000	37.500000	192.10	55.780895	37.639202	215.9	11011
4	2023-04-17	14:00:03	5869.1186	1	0.0079	0.0010	5869.8834	-10.5	-5.4	0.3592	-0.0844	0.0016	0.0434	-0.7255	60	0.000	55.800000	37.500000	192.10	55.780926	37.639046	216.1	11011
4	2023-04-17	14:01:03	5869.1180	1	0.0120	0.0015	5869.8828	-10.6	-5.3	0.3545	-0.0844	0.0017	0.0434	-0.7255	60	0.000	55.800000	37.500000	192.10	55.780762	37.639179	217.8	11011
4	2023-04-17	14:02:03	5869.1173	1	0.0116	0.0015	5869.8824	-9.9	-5.1	0.3501	-0.0844	0.0014	0.0433	-0.7255	60	0.000	55.800000	37.500000	192.10	55.780754	37.639297	216.7	11011
