/		CG-6 Survey
/		Survey Name:	1089-1253
/		Instrument Serial Number:	000000022090450
/		Created:	2023-05-17 05:14:14
/
/		CG-6 Calibration
/		Operator:	BIZAK
/		Gcal1 [mGal]:	7779.194000
/		Goff [ADU]:	-8388608.000000
/		Gref [mGal]:	0.0000
/		X Scale [arc-sec/ADU]:	0.030980
/		Y Scale [arc-sec/ADU]:	0.030777
/		X Offset [ADU]:	-145237.000000
/		Y Offset [ADU]:	-252482.000000
/		Temperature Coefficient [mGal/mK]:	-0.130000
/		Temperature Scale [mK/ADU]:	-0.000111
/		Drift Rate [mGal/day]:	-0.113064
/		Drift Zero Time:	2022-08-08 18:34:51
/		Firmware Version:	CG6_2_20220815
/
/Station	Date	Time	CorrGrav	Line	StdDev	StdErr	RawGrav	X	Y	SensorTemp	TideCorr	TiltCorr	TempCorr	DriftCorr	MeasurDur	InstrHeight	LatUser	LonUser	ElevUser	LatGPS	LonGPS	ElevGPS	Corrections[drift-temp-na-tide-tilt]
1089	2023-05-17	05:14:14	4482.8127	1	0.0175	0.0023	4450.9161	-2.4	-2.4	-0.2353	0.1056	0.0002	-0.0302	31.8210	60	0.216	43.356075	76.936699	677.67	--	--	--	11011
1089	2023-05-17	05:15:14	4482.8139	1	0.0122	0.0016	4450.9174	-2.2	-2.5	-0.2370	0.1057	0.0002	-0.0304	31.8211	60	0.216	43.356075	76.936699	677.67	--	--	--	11011
1089	2023-05-17	05:16:14	4482.8129	1	0.0149	0.0019	4450.9165	-2.2	-2.2	-0.2297	0.1057	0.0002	-0.0306	31.8212	60	0.216	43.356075	76.936699	677.67	--	--	--	11011
1089	2023-05-17	05:17:14	4482.8143	1	0.0120	0.0016	4450.9182	-1.2	-1.7	-0.2364	0.1058	0.0001	-0.0310	31.8212	60	0.216	43.356075	76.936699	677.67	--	--	--	11011
1089	2023-05-17	05:18:14	4482.8153	1	0.0152	0.0020	4450.9192	-2.7	-0.8	-0.2460	0.1059	0.0001	-0.0312	31.8213	60	0.216	43.356075	76.936699	677.67	--	--	--	11011
1089	2023-05-17	05:19:14	4482.8152	1	0.0115	0.0015	4450.9194	-3.1	-1.3	-0.2485	0.1060	0.0002	-0.0317	31.8214	60	0.216	43.356075	76.936699	677.67	--	--	--	11011
1089	2023-05-17	05:20:14	4482.8151	1	0.0117	0.0015	4450.9196	-3.0	-1.4	-0.2461	0.1060	0.0001	-0.0322	31.8215	60	0.216	43.356075	76.936699	677.67	--	--	--	11011
1089	2023-05-17	05:21:14	4482.8150	1	0.0161	0.0021	4450.9196	-2.9	-1.8	-0.2503	0.1061	0.0002	-0.0323	31.8216	60	0.216	43.356075	76.936699	677.67	--	--	--	11011
1089	2023-05-17	05:22:14	4482.8143	1	0.0136	0.0018	4450.9192	-2.0	-1.2	-0.2469	0.1061	0.0001	-0.0327	31.8216	60	0.216	43.356075	76.936699	677.67	--	--	--	11011
1089	2023-05-17	05:23:14	4482.8149	1	0.0184	0.0024	4450.9197	-1.7	-1.9	-0.2566	0.1062	0.0001	-0.0327	31.8217	60	0.216	43.356075	76.936699	677.67	--	--	--	11011
1253	2023-05-17	07:20:19	4331.6391	1	0.0485	0.0063	4299.7636	-1.1	0.4	-0.2172	0.0722	0.0006	-0.0283	31.8309	60	0.216	43.290565	77.326347	1362.90	43.290520	77.326286	1366.5	11011
1253	2023-05-17	07:21:19	4331.6414	1	0.0129	0.0017	4299.7672	3.0	0.3	-0.2201	0.0716	0.0001	-0.0286	31.8310	60	0.216	43.290565	77.326347	1362.90	43.290386	77.326065	1369.9	11011
1253	2023-05-17	07:22:19	4331.6410	1	0.0125	0.0016	4299.7677	2.1	-1.6	-0.2246	0.0711	0.0001	-0.0290	31.8311	60	0.216	43.290565	77.326347	1362.90	43.290462	77.326210	1373.8	11011
1253	2023-05-17	07:23:19	4331.6398	1	0.0104	0.0013	4299.7677	1.6	-1.0	-0.2267	0.0705	0.0001	-0.0296	31.8311	60	0.216	43.290565	77.326347	1362.90	43.290527	77.326256	1372.1	11011
1253	2023-05-17	07:24:19	4331.6400	1	0.0103	0.0013	4299.7688	0.3	-1.4	-0.2283	0.0699	0.0001	-0.0299	31.8312	60	0.216	43.290565	77.326347	1362.90	43.290462	77.326134	1372.7	11011
1253	2023-05-17	07:25:19	4331.6380	1	0.0108	0.0014	4299.7677	0.4	-3.6	-0.2330	0.0693	0.0002	-0.0305	31.8313	60	0.216	43.290565	77.326347	1362.90	43.290508	77.326233	1370.9	11011
1253	2023-05-17	07:26:19	4331.6378	1	0.0099	0.0013	4299.7687	1.5	-2.0	-0.2422	0.0687	0.0001	-0.0311	31.8314	60	0.216	43.290565	77.326347	1362.90	43.290478	77.326248	1371.1	11011
1253	2023-05-17	07:27:19	4331.6366	1	0.0076	0.0010	4299.7685	1.4	-2.0	-0.2456	0.0681	0.0001	-0.0316	31.8315	60	0.216	43.290565	77.326347	1362.90	43.290535	77.326180	1370.3	11011
1253	2023-05-17	07:28:19	4331.6365	1	0.0081	0.0011	4299.7693	1.9	-1.9	-0.2485	0.0675	0.0001	-0.0321	31.8315	60	0.216	43.290565	77.326347	1362.90	43.290440	77.326057	1369.0	11011
1253	2023-05-17	07:29:19	4331.6370	1	0.0118	0.0015	4299.7709	0.7	-2.3	-0.2504	0.0670	0.0001	-0.0326	31.8316	60	0.216	43.290565	77.326347	1362.90	43.290470	77.326118	1363.9	11011
1089	2023-05-17	09:03:22	4482.8146	1	0.0119	0.0015	4450.9963	-0.7	-3.7	-0.1855	0.0031	0.0002	-0.0240	31.8390	60	0.216	43.356075	76.936699	677.67	--	--	--	11011
1089	2023-05-17	09:04:22	4482.8151	1	0.0124	0.0016	4450.9976	0.2	-4.3	-0.1825	0.0023	0.0002	-0.0241	31.8391	60	0.216	43.356075	76.936699	677.67	--	--	--	11011
1089	2023-05-17	09:05:22	4482.8138	1	0.0127	0.0016	4450.9970	-0.4	-4.8	-0.1845	0.0016	0.0002	-0.0242	31.8392	60	0.216	43.356075	76.936699	677.67	--	--	--	11011
1089	2023-05-17	09:06:22	4482.8144	1	0.0125	0.0016	4450.9982	-1.3	-4.0	-0.1867	0.0009	0.0003	-0.0242	31.8392	60	0.216	43.356075	76.936699	677.67	--	--	--	11011
1089	2023-05-17	09:07:22	4482.8134	1	0.0124	0.0016	4450.9981	-0.4	-5.1	-0.1850	0.0002	0.0004	-0.0246	31.8393	60	0.216	43.356075	76.936699	677.67	--	--	--	11011
1089	2023-05-17	09:08:22	4482.8126	1	0.0145	0.0019	4450.9983	0.4	-3.8	-0.1944	-0.0005	0.0002	-0.0247	31.8394	60	0.216	43.356075	76.936699	677.67	--	--	--	11011
1089	2023-05-17	09:09:22	4482.8126	1	0.0119	0.0015	4450.9993	0.1	-4.4	-0.1986	-0.0012	0.0003	-0.0251	31.8395	60	0.216	43.356075	76.936699	677.67	--	--	--	11011
1089	2023-05-17	09:10:22	4482.8119	1	0.0112	0.0014	4450.9994	-1.2	-3.9	-0.1954	-0.0020	0.0003	-0.0253	31.8395	60	0.216	43.356075	76.936699	677.67	--	--	--	11011
1089	2023-05-17	09:11:22	4482.8123	1	0.0108	0.0014	4451.0009	-1.3	-3.8	-0.2005	-0.0027	0.0002	-0.0258	31.8396	60	0.216	43.356075	76.936699	677.67	--	--	--	11011
1089	2023-05-17	09:12:22	4482.8136	1	0.0114	0.0015	4451.0031	-2.5	-4.3	-0.2049	-0.0034	0.0003	-0.0262	31.8397	60	0.216	43.356075	76.936699	677.67	--	--	--	11011
1253	2023-05-17	10:23:25	4331.6341	1	0.0098	0.0013	4299.8617	-2.5	-4.8	-0.1799	-0.0499	0.0004	-0.0234	31.8453	60	0.216	43.290495	77.326297	1380.00	43.290520	77.326248	1363.5	11011
1253	2023-05-17	10:24:25	4331.6318	1	0.0086	0.0011	4299.8599	-1.5	-6.8	-0.1857	-0.0504	0.0006	-0.0237	31.8454	60	0.216	43.290495	77.326297	1380.00	43.290520	77.326195	1365.9	11011
1253	2023-05-17	10:25:25	4331.6319	1	0.0092	0.0012	4299.8610	-1.1	-6.9	-0.1836	-0.0509	0.0006	-0.0241	31.8454	60	0.216	43.290495	77.326297	1380.00	43.290535	77.326294	1366.8	11011
1253	2023-05-17	10:26:25	4331.6305	1	0.0081	0.0010	4299.8606	-0.9	-6.0	-0.1906	-0.0515	0.0005	-0.0246	31.8455	60	0.216	43.290495	77.326297	1380.00	43.290577	77.326347	1366.2	11011
1253	2023-05-17	10:27:25	4331.6311	1	0.0113	0.0015	4299.8617	-0.4	-7.2	-0.1919	-0.0520	0.0007	-0.0249	31.8456	60	0.216	43.290495	77.326297	1380.00	43.290508	77.326118	1371.9	11011
1253	2023-05-17	10:28:25	4331.6305	1	0.0090	0.0012	4299.8624	-0.9	-7.2	-0.2057	-0.0525	0.0005	-0.0256	31.8457	60	0.216	43.290495	77.326297	1380.00	43.290421	77.325836	1387.1	11011
1253	2023-05-17	10:29:25	4331.6291	1	0.0103	0.0013	4299.8615	-1.6	-7.2	-0.1994	-0.0530	0.0008	-0.0259	31.8458	60	0.216	43.290495	77.326297	1380.00	43.290489	77.326004	1408.4	11011
1253	2023-05-17	10:30:25	4331.6298	1	0.0077	0.0010	4299.8634	-1.7	-7.6	-0.2126	-0.0536	0.0007	-0.0265	31.8458	60	0.216	43.290495	77.326297	1380.00	43.290470	77.326141	1415.2	11011
1253	2023-05-17	10:31:25	4331.6296	1	0.0096	0.0012	4299.8641	-2.2	-7.3	-0.2091	-0.0541	0.0007	-0.0270	31.8459	60	0.216	43.290495	77.326297	1380.00	43.290527	77.326103	1412.1	11011
1253	2023-05-17	10:32:25	4331.6297	1	0.0078	0.0010	4299.8651	-1.8	-8.0	-0.2186	-0.0546	0.0007	-0.0275	31.8460	60	0.216	43.290495	77.326297	1380.00	43.290470	77.326080	1411.0	11011
1089	2023-05-17	11:43:15	4482.8437	1	0.0119	0.0015	4451.0957	-2.2	1.7	-0.1849	-0.0797	0.0001	-0.0240	31.8516	60	0.216	43.356075	76.936699	677.67	--	--	--	11011
1089	2023-05-17	11:44:15	4482.8433	1	0.0109	0.0014	4451.0958	-0.9	0.6	-0.1897	-0.0799	0.0000	-0.0243	31.8516	60	0.216	43.356075	76.936699	677.67	--	--	--	11011
1089	2023-05-17	11:45:15	4482.8437	1	0.0180	0.0023	4451.0965	-1.9	-0.4	-0.1976	-0.0801	0.0001	-0.0245	31.8517	60	0.216	43.356075	76.936699	677.67	--	--	--	11011
1089	2023-05-17	11:46:15	4482.8421	1	0.0130	0.0017	4451.0953	-3.2	0.3	-0.1979	-0.0803	0.0001	-0.0248	31.8518	60	0.216	43.356075	76.936699	677.67	--	--	--	11011
1089	2023-05-17	11:47:15	4482.8424	1	0.0144	0.0019	4451.0957	-4.6	0.4	-0.1906	-0.0805	0.0003	-0.0250	31.8519	60	0.216	43.356075	76.936699	677.67	--	--	--	11011
1089	2023-05-17	11:48:15	4482.8426	1	0.0137	0.0018	4451.0965	-4.1	0.0	-0.1900	-0.0807	0.0003	-0.0254	31.8519	60	0.216	43.356075	76.936699	677.67	--	--	--	11011
1089	2023-05-17	11:49:15	4482.8421	1	0.0120	0.0015	4451.0963	-3.7	1.4	-0.1991	-0.0809	0.0003	-0.0256	31.8520	60	0.216	43.356075	76.936699	677.67	--	--	--	11011
1089	2023-05-17	11:50:15	4482.8414	1	0.0110	0.0014	4451.0963	-3.6	1.5	-0.2029	-0.0811	0.0001	-0.0261	31.8521	60	0.216	43.356075	76.936699	677.67	--	--	--	11011
1089	2023-05-17	11:51:15	4482.8411	1	0.0140	0.0018	4451.0965	-2.7	0.6	-0.2031	-0.0812	0.0002	-0.0264	31.8522	60	0.216	43.356075	76.936699	677.67	--	--	--	11011
1089	2023-05-17	11:52:15	4482.8425	1	0.0156	0.0020	4451.0982	-2.7	1.0	-0.2088	-0.0814	0.0002	-0.0267	31.8523	60	0.216	43.356075	76.936699	677.67	--	--	--	11011
/		CG-6 Survey
/		Survey Name:	1089-1327
/		Instrument Serial Number:	000000022090450
/		Created:	2023-02-21 04:02:31
/
/		CG-6 Calibration
/		Operator:	BIZAK
/		Gcal1 [mGal]:	7779.194000
/		Goff [ADU]:	-8388608.000000
/		Gref [mGal]:	0.0000
/		X Scale [arc-sec/ADU]:	0.030980
/		Y Scale [arc-sec/ADU]:	0.030777
/		X Offset [ADU]:	-145237.000000
/		Y Offset [ADU]:	-252482.000000
/		Temperature Coefficient [mGal/mK]:	-0.130000
/		Temperature Scale [mK/ADU]:	-0.000111
/		Drift Rate [mGal/day]:	-0.055657
/		Drift Zero Time:	2022-08-08 18:34:51
/		Firmware Version:	CG6_2_20220815
/
/Station	Date	Time	CorrGrav	Line	StdDev	StdErr	RawGrav	X	Y	SensorTemp	TideCorr	TiltCorr	TempCorr	DriftCorr	MeasurDur	InstrHeight	LatUser	LonUser	ElevUser	LatGPS	LonGPS	ElevGPS	Corrections[drift-temp-na-tide-tilt]
1089	2023-02-21	04:02:31	4466.1165	2	0.0225	0.0029	4455.2586	3.6	1.3	0.0607	-0.0808	0.0002	0.0078	10.9306	60	0.215	43.356075	76.936699	677.67	--	--	--	11011
1089	2023-02-21	04:03:31	4466.1168	2	0.0248	0.0032	4455.2585	4.5	1.0	0.0639	-0.0804	0.0003	0.0078	10.9306	60	0.215	43.356075	76.936699	677.67	--	--	--	11011
1089	2023-02-21	04:04:31	4466.1179	2	0.0207	0.0027	4455.2589	4.0	-0.1	0.0636	-0.0799	0.0002	0.0080	10.9307	60	0.215	43.356075	76.936699	677.67	--	--	--	11011
1089	2023-02-21	04:05:31	4466.1168	2	0.0255	0.0033	4455.2574	3.3	-0.5	0.0615	-0.0795	0.0002	0.0080	10.9307	60	0.215	43.356075	76.936699	677.67	--	--	--	11011
1089	2023-02-21	04:06:31	4466.1183	2	0.0249	0.0032	4455.2584	3.7	0.5	0.0620	-0.0790	0.0002	0.0080	10.9308	60	0.215	43.356075	76.936699	677.67	--	--	--	11011
1089	2023-02-21	04:07:31	4466.1172	2	0.0252	0.0033	4455.2569	3.3	1.6	0.0620	-0.0786	0.0002	0.0078	10.9308	60	0.215	43.356075	76.936699	677.67	--	--	--	11011
1089	2023-02-21	04:08:31	4466.1189	2	0.0207	0.0027	4455.2580	1.2	1.6	0.0618	-0.0781	0.0001	0.0082	10.9308	60	0.215	43.356075	76.936699	677.67	--	--	--	11011
1089	2023-02-21	04:09:31	4466.1183	2	0.0301	0.0039	4455.2571	2.1	0.2	0.0666	-0.0777	0.0001	0.0080	10.9309	60	0.215	43.356075	76.936699	677.67	--	--	--	11011
1089	2023-02-21	04:10:31	4466.1177	2	0.0272	0.0035	4455.2557	1.3	1.7	0.0598	-0.0772	0.0001	0.0082	10.9309	60	0.215	43.356075	76.936699	677.67	--	--	--	11011
1089	2023-02-21	04:11:31	4466.1180	2	0.0245	0.0032	4455.2557	1.1	0.8	0.0670	-0.0767	0.0000	0.0081	10.9310	60	0.215	43.356075	76.936699	677.67	--	--	--	11011
1327	2023-02-21	05:40:24	4463.3669	2	0.0250	0.0032	4452.4608	5.5	1.2	0.0121	-0.0308	0.0004	0.0021	10.9344	60	0.215	43.367172	77.051498	664.60	43.367172	77.051514	664.8	11011
1327	2023-02-21	05:41:24	4463.3873	2	0.0267	0.0034	4452.4797	9.1	7.2	0.0135	-0.0303	0.0018	0.0016	10.9344	60	0.215	43.367172	77.051498	664.60	43.367172	77.051514	664.8	11011
1327	2023-02-21	05:42:24	4463.4060	2	0.0251	0.0032	4452.4966	10.7	13.9	0.0121	-0.0298	0.0036	0.0011	10.9345	60	0.215	43.367172	77.051498	664.60	43.367172	77.051514	664.8	11011
1327	2023-02-21	05:43:24	4463.4215	2	0.0256	0.0033	4452.5094	13.7	18.8	0.0040	-0.0293	0.0060	0.0009	10.9345	60	0.215	43.367172	77.051498	664.60	43.367172	77.051514	664.8	11011
1327	2023-02-21	05:44:24	4463.4382	2	0.0257	0.0033	4452.5232	15.0	23.7	0.0029	-0.0288	0.0084	0.0008	10.9345	60	0.215	43.367172	77.051498	664.60	43.367172	77.051514	664.8	11011
1327	2023-02-21	05:45:24	4463.4521	2	0.0246	0.0032	4452.5320	17.1	29.4	-0.0019	-0.0283	0.0134	0.0004	10.9346	60	0.215	43.367172	77.051498	664.60	43.367172	77.051514	664.8	11011
1327	2023-02-21	05:46:24	4463.4672	2	0.0255	0.0033	4452.5446	17.5	32.3	-0.0028	-0.0278	0.0155	0.0002	10.9346	60	0.215	43.367172	77.051498	664.60	43.367172	77.051514	664.8	11011
1327	2023-02-21	05:47:24	4463.4789	2	0.0430	0.0056	4452.5521	20.0	36.4	-0.0038	-0.0273	0.0197	-0.0002	10.9347	60	0.215	43.367172	77.051498	664.60	43.367172	77.051514	664.8	11011
1327	2023-02-21	05:48:24	4463.4911	2	0.0339	0.0044	4452.5595	21.1	40.5	-0.0024	-0.0268	0.0240	-0.0003	10.9347	60	0.215	43.367172	77.051498	664.60	43.367172	77.051514	664.8	11011
1327	2023-02-21	05:49:24	4463.5047	2	0.0348	0.0045	4452.5684	23.2	43.6	-0.0026	-0.0263	0.0285	-0.0006	10.9347	60	0.215	43.367172	77.051498	664.60	43.367172	77.051514	664.8	11011
1089	2023-02-21	07:00:22	4466.1061	2	0.0267	0.0034	4455.1650	-3.5	-0.7	0.0224	0.0008	0.0002	0.0027	10.9375	60	0.215	43.356075	76.936699	677.67	--	--	--	11011
1089	2023-02-21	07:01:22	4466.1048	2	0.0205	0.0027	4455.1635	-1.9	-0.3	0.0216	0.0010	0.0001	0.0027	10.9375	60	0.215	43.356075	76.936699	677.67	--	--	--	11011
1089	2023-02-21	07:02:22	4466.1066	2	0.0223	0.0029	4455.1647	-3.4	-0.5	0.0261	0.0013	0.0001	0.0029	10.9376	60	0.215	43.356075	76.936699	677.67	--	--	--	11011
1089	2023-02-21	07:03:22	4466.1054	2	0.0262	0.0034	4455.1631	-3.2	0.3	0.0162	0.0015	0.0002	0.0031	10.9376	60	0.215	43.356075	76.936699	677.67	--	--	--	11011
1089	2023-02-21	07:04:22	4466.1053	2	0.0230	0.0030	4455.1625	-4.5	-0.4	0.0296	0.0018	0.0003	0.0031	10.9376	60	0.215	43.356075	76.936699	677.67	--	--	--	11011
1089	2023-02-21	07:05:22	4466.1059	2	0.0198	0.0026	4455.1627	-3.7	-1.9	0.0266	0.0020	0.0003	0.0032	10.9377	60	0.215	43.356075	76.936699	677.67	--	--	--	11011
1089	2023-02-21	07:06:22	4466.1048	2	0.0214	0.0028	4455.1614	-3.5	-0.7	0.0266	0.0022	0.0002	0.0032	10.9377	60	0.215	43.356075	76.936699	677.67	--	--	--	11011
1089	2023-02-21	07:07:22	4466.1049	2	0.0234	0.0030	4455.1611	-4.8	0.6	0.0239	0.0024	0.0003	0.0033	10.9378	60	0.215	43.356075	76.936699	677.67	--	--	--	11011
1089	2023-02-21	07:08:22	4466.1057	2	0.0276	0.0036	4455.1613	-4.3	-0.2	0.0306	0.0027	0.0002	0.0037	10.9378	60	0.215	43.356075	76.936699	677.67	--	--	--	11011
1089	2023-02-21	07:09:22	4466.1055	2	0.0210	0.0027	4455.1605	-5.6	-0.4	0.0317	0.0029	0.0004	0.0038	10.9378	60	0.215	43.356075	76.936699	677.67	--	--	--	11011
1327	2023-02-21	08:18:23	4463.3543	2	0.0272	0.0035	4452.3995	-2.5	0.2	0.0689	0.0062	0.0001	0.0080	10.9405	60	0.210	43.367176	77.051514	661.80	43.367176	77.051514	661.9	11011
1327	2023-02-21	08:19:23	4463.3510	2	0.0216	0.0028	4452.3965	-2.2	-0.2	0.0585	0.0061	0.0001	0.0078	10.9405	60	0.210	43.367176	77.051514	661.80	43.367172	77.051514	661.9	11011
1327	2023-02-21	08:20:23	4463.3473	2	0.0164	0.0021	4452.3936	-2.2	-2.5	0.0563	0.0060	0.0001	0.0071	10.9406	60	0.210	43.367176	77.051514	661.80	43.367172	77.051498	662.0	11011
1327	2023-02-21	08:21:23	4463.3456	2	0.0259	0.0033	4452.3922	-2.2	-3.9	0.0524	0.0058	0.0003	0.0066	10.9406	60	0.210	43.367176	77.051514	661.80	43.367172	77.051498	662.0	11011
1327	2023-02-21	08:22:23	4463.3446	2	0.0242	0.0031	4452.3915	-3.1	-4.5	0.0465	0.0057	0.0005	0.0064	10.9407	60	0.210	43.367176	77.051514	661.80	43.367172	77.051483	662.1	11011
1327	2023-02-21	08:23:23	4463.3417	2	0.0312	0.0040	4452.3892	-3.4	-4.2	0.0491	0.0056	0.0003	0.0059	10.9407	60	0.210	43.367176	77.051514	661.80	43.367172	77.051483	662.1	11011
1327	2023-02-21	08:24:23	4463.3426	2	0.0187	0.0024	4452.3903	-3.6	-5.9	0.0397	0.0054	0.0007	0.0055	10.9407	60	0.210	43.367176	77.051514	661.80	43.367172	77.051483	662.1	11011
1327	2023-02-21	08:25:23	4463.3413	2	0.0254	0.0033	4452.3895	-3.5	-5.5	0.0342	0.0053	0.0005	0.0052	10.9408	60	0.210	43.367176	77.051514	661.80	43.367172	77.051483	662.1	11011
1327	2023-02-21	08:26:23	4463.3405	2	0.0254	0.0033	4452.3891	-4.5	-5.1	0.0352	0.0051	0.0005	0.0050	10.9408	60	0.210	43.367176	77.051514	661.80	43.367172	77.051483	662.1	11011
1327	2023-02-21	08:27:23	4463.3406	2	0.0190	0.0025	4452.3894	-4.9	-5.5	0.0293	0.0050	0.0007	0.0047	10.9408	60	0.210	43.367176	77.051514	661.80	43.367172	77.051483	662.1	11011
1089	2023-02-21	09:32:37	4466.1009	2	0.0291	0.0038	4455.1656	4.0	-6.7	0.0427	-0.0142	0.0007	0.0054	10.9434	60	0.210	43.356075	76.936699	677.67	--	--	--	11011
1089	2023-02-21	09:33:37	4466.1020	2	0.0198	0.0026	4455.1670	4.8	-5.2	0.0456	-0.0146	0.0006	0.0055	10.9434	60	0.210	43.356075	76.936699	677.67	--	--	--	11011
1089	2023-02-21	09:34:37	4466.1024	2	0.0224	0.0029	4455.1678	4.4	-5.0	0.0397	-0.0150	0.0004	0.0057	10.9434	60	0.210	43.356075	76.936699	677.67	--	--	--	11011
1089	2023-02-21	09:35:37	4466.1019	2	0.0175	0.0023	4455.1674	5.0	-5.3	0.0454	-0.0154	0.0007	0.0058	10.9435	60	0.210	43.356075	76.936699	677.67	--	--	--	11011
1089	2023-02-21	09:36:37	4466.1027	2	0.0199	0.0026	4455.1682	6.0	-5.2	0.0491	-0.0158	0.0009	0.0060	10.9435	60	0.210	43.356075	76.936699	677.67	--	--	--	11011
1089	2023-02-21	09:37:37	4466.1028	2	0.0221	0.0029	4455.1692	3.9	-4.9	0.0393	-0.0163	0.0005	0.0058	10.9436	60	0.210	43.356075	76.936699	677.67	--	--	--	11011
1089	2023-02-21	09:38:37	4466.1035	2	0.0240	0.0031	4455.1702	3.3	-4.9	0.0432	-0.0167	0.0004	0.0060	10.9436	60	0.210	43.356075	76.936699	677.67	--	--	--	11011
1089	2023-02-21	09:39:37	4466.1018	2	0.0206	0.0027	4455.1689	2.6	-4.8	0.0450	-0.0171	0.0003	0.0061	10.9436	60	0.210	43.356075	76.936699	677.67	--	--	--	11011
1089	2023-02-21	09:40:37	4466.1032	2	0.0251	0.0032	4455.1703	4.4	-6.3	0.0568	-0.0176	0.0006	0.0061	10.9437	60	0.210	43.356075	76.936699	677.67	--	--	--	11011
1089	2023-02-21	09:41:37	4466.1019	2	0.0174	0.0023	4455.1697	3.9	-5.1	0.0482	-0.0180	0.0005	0.0060	10.9437	60	0.210	43.356075	76.936699	677.67	--	--	--	11011
/		CG-6 Survey
/		Survey Name:	1327-1253
/		Instrument Serial Number:	000000022090450
/		Created:	2023-02-22 04:32:45
/
/		CG-6 Calibration
/		Operator:	BIZAK
/		Gcal1 [mGal]:	7779.194000
/		Goff [ADU]:	-8388608.000000
/		Gref [mGal]:	0.0000
/		X Scale [arc-sec/ADU]:	0.030980
/		Y Scale [arc-sec/ADU]:	0.030777
/		X Offset [ADU]:	-145237.000000
/		Y Offset [ADU]:	-252482.000000
/		Temperature Coefficient [mGal/mK]:	-0.130000
/		Temperature Scale [mK/ADU]:	-0.000111
/		Drift Rate [mGal/day]:	-0.055288
/		Drift Zero Time:	2022-08-08 18:34:51
/		Firmware Version:	CG6_2_20220815
/
/Station	Date	Time	CorrGrav	Line	StdDev	StdErr	RawGrav	X	Y	SensorTemp	TideCorr	TiltCorr	TempCorr	DriftCorr	MeasurDur	InstrHeight	LatUser	LonUser	ElevUser	LatGPS	LonGPS	ElevGPS	Corrections[drift-temp-na-tide-tilt]
1327	2023-02-22	04:32:45	4463.3058	3	0.0228	0.0029	4452.4526	-1.3	3.9	0.0643	-0.0700	0.0002	0.0083	10.9147	60	0.208	43.367191	77.051486	674.00	43.367210	77.051460	653.6	11011
1327	2023-02-22	04:33:45	4463.3046	3	0.0144	0.0019	4452.4514	-1.0	3.2	0.0542	-0.0695	0.0002	0.0078	10.9148	60	0.208	43.367191	77.051486	674.00	43.367210	77.051476	653.6	11011
1327	2023-02-22	04:34:45	4463.3025	3	0.0132	0.0017	4452.4494	-2.1	2.3	0.0547	-0.0690	0.0001	0.0072	10.9148	60	0.208	43.367191	77.051486	674.00	43.367210	77.051476	653.6	11011
1327	2023-02-22	04:35:45	4463.3012	3	0.0148	0.0019	4452.4478	-3.1	4.6	0.0505	-0.0685	0.0005	0.0066	10.9148	60	0.208	43.367191	77.051486	674.00	43.367210	77.051476	653.7	11011
1327	2023-02-22	04:36:45	4463.3006	3	0.0166	0.0021	4452.4471	-3.1	2.9	0.0496	-0.0680	0.0003	0.0062	10.9149	60	0.208	43.367191	77.051486	674.00	43.367210	77.051460	653.6	11011
1327	2023-02-22	04:37:45	4463.3001	3	0.0189	0.0024	4452.4466	-4.8	3.4	0.0380	-0.0675	0.0004	0.0057	10.9149	60	0.208	43.367191	77.051486	674.00	43.367210	77.051460	653.6	11011
1327	2023-02-22	04:38:45	4463.2981	3	0.0160	0.0021	4452.4444	-6.6	1.5	0.0379	-0.0670	0.0006	0.0052	10.9150	60	0.208	43.367191	77.051486	674.00	43.367210	77.051460	653.6	11011
1327	2023-02-22	04:39:45	4463.2971	3	0.0154	0.0020	4452.4435	-5.7	2.2	0.0340	-0.0665	0.0004	0.0046	10.9150	60	0.208	43.367191	77.051486	674.00	43.367210	77.051460	653.6	11011
1327	2023-02-22	04:40:45	4463.2961	3	0.0193	0.0025	4452.4420	-6.8	1.9	0.0361	-0.0660	0.0005	0.0045	10.9150	60	0.208	43.367191	77.051486	674.00	43.367210	77.051460	653.7	11011
1327	2023-02-22	04:41:45	4463.2960	3	0.0160	0.0021	4452.4413	-8.4	2.5	0.0215	-0.0654	0.0009	0.0041	10.9151	60	0.208	43.367191	77.051486	674.00	43.367210	77.051460	653.7	11011
1253	2023-02-22	06:14:45	4314.8821	3	0.0176	0.0023	4303.9712	1.7	-1.9	0.0341	-0.0122	0.0001	0.0043	10.9186	60	0.210	43.290495	77.326297	1380.00	43.290554	77.326195	1354.6	11011
1253	2023-02-22	06:15:45	4314.8801	3	0.0083	0.0011	4303.9689	1.8	-1.7	0.0325	-0.0117	0.0001	0.0040	10.9187	60	0.210	43.290495	77.326297	1380.00	43.290501	77.326141	1357.8	11011
1253	2023-02-22	06:16:45	4314.8803	3	0.0149	0.0019	4303.9686	2.8	-0.5	0.0310	-0.0111	0.0001	0.0039	10.9187	60	0.210	43.290495	77.326297	1380.00	43.290592	77.326294	1359.0	11011
1253	2023-02-22	06:17:45	4314.8808	3	0.0101	0.0013	4303.9691	3.2	-0.8	0.0223	-0.0106	0.0001	0.0034	10.9188	60	0.210	43.290495	77.326297	1380.00	43.290520	77.326210	1360.4	11011
1253	2023-02-22	06:18:45	4314.8801	3	0.0108	0.0014	4303.9681	3.2	-2.0	0.0200	-0.0100	0.0002	0.0030	10.9188	60	0.210	43.290495	77.326297	1380.00	43.290565	77.326218	1359.8	11011
1253	2023-02-22	06:19:45	4314.8805	3	0.0095	0.0012	4303.9684	1.4	-2.0	0.0249	-0.0095	0.0001	0.0027	10.9188	60	0.210	43.290495	77.326297	1380.00	43.290508	77.326210	1359.9	11011
1253	2023-02-22	06:20:45	4314.8794	3	0.0107	0.0014	4303.9674	2.1	-0.9	0.0218	-0.0090	0.0000	0.0021	10.9189	60	0.210	43.290495	77.326297	1380.00	43.290577	77.326233	1360.3	11011
1253	2023-02-22	06:21:45	4314.8791	3	0.0090	0.0012	4303.9669	2.2	-2.3	0.0150	-0.0084	0.0002	0.0016	10.9189	60	0.210	43.290495	77.326297	1380.00	43.290611	77.326180	1359.0	11011
1253	2023-02-22	06:22:45	4314.8782	3	0.0094	0.0012	4303.9657	2.5	-1.8	0.0105	-0.0079	0.0002	0.0014	10.9190	60	0.210	43.290495	77.326297	1380.00	43.290558	77.326195	1361.3	11011
1253	2023-02-22	06:23:45	4314.8805	3	0.0117	0.0015	4303.9676	3.0	-2.0	0.0093	-0.0074	0.0002	0.0011	10.9190	60	0.210	43.290495	77.326297	1380.00	43.290565	77.326141	1361.8	11011
1327	2023-02-22	08:22:53	4463.2866	3	0.0228	0.0029	4452.3237	-3.3	-0.3	0.0674	0.0295	0.0002	0.0097	10.9236	60	0.210	43.367191	77.051486	674.00	43.367203	77.051483	656.2	11011
1327	2023-02-22	08:23:53	4463.2876	3	0.0154	0.0020	4452.3250	-3.3	-1.3	0.0755	0.0295	0.0002	0.0093	10.9236	60	0.210	43.367191	77.051486	674.00	43.367203	77.051483	656.2	11011
1327	2023-02-22	08:24:53	4463.2849	3	0.0185	0.0024	4452.3228	-0.9	-2.5	0.0659	0.0296	0.0001	0.0088	10.9236	60	0.210	43.367191	77.051486	674.00	43.367203	77.051483	656.2	11011
1327	2023-02-22	08:25:53	4463.2826	3	0.0163	0.0021	4452.3208	-0.1	-3.2	0.0625	0.0296	0.0001	0.0084	10.9237	60	0.210	43.367191	77.051486	674.00	43.367203	77.051483	656.2	11011
1327	2023-02-22	08:26:53	4463.2812	3	0.0188	0.0024	4452.3198	0.9	-4.8	0.0635	0.0296	0.0002	0.0078	10.9237	60	0.210	43.367191	77.051486	674.00	43.367203	77.051483	656.2	11011
1327	2023-02-22	08:27:53	4463.2781	3	0.0127	0.0016	4452.3166	3.1	-5.3	0.0539	0.0297	0.0005	0.0076	10.9238	60	0.210	43.367191	77.051486	674.00	43.367203	77.051483	656.3	11011
1327	2023-02-22	08:28:53	4463.2780	3	0.0208	0.0027	4452.3165	2.7	-8.2	0.0566	0.0297	0.0008	0.0073	10.9238	60	0.210	43.367191	77.051486	674.00	43.367203	77.051483	656.3	11011
1327	2023-02-22	08:29:53	4463.2738	3	0.0108	0.0014	4452.3121	2.5	-8.5	0.0524	0.0297	0.0010	0.0073	10.9238	60	0.210	43.367191	77.051486	674.00	43.367203	77.051483	656.3	11011
1327	2023-02-22	08:30:53	4463.2734	3	0.0144	0.0019	4452.3116	2.7	-9.2	0.0563	0.0297	0.0011	0.0071	10.9239	60	0.210	43.367191	77.051486	674.00	43.367203	77.051483	656.3	11011
1327	2023-02-22	08:31:53	4463.2721	3	0.0168	0.0022	4452.3102	3.9	-9.3	0.0539	0.0297	0.0013	0.0070	10.9239	60	0.210	43.367191	77.051486	674.00	43.367203	77.051483	656.3	11011
1253	2023-02-22	09:58:13	4314.9012	3	0.0265	0.0034	4303.9548	3.1	2.4	0.0462	0.0127	0.0002	0.0063	10.9272	60	0.213	43.290495	77.326297	1380.00	43.290478	77.326134	1371.6	11011
1253	2023-02-22	09:59:13	4314.8974	3	0.0141	0.0018	4303.9515	3.5	3.4	0.0437	0.0123	0.0002	0.0062	10.9273	60	0.213	43.290495	77.326297	1380.00	43.290501	77.326134	1373.5	11011
1253	2023-02-22	10:00:13	4314.8983	3	0.0093	0.0012	4303.9533	3.0	2.6	0.0381	0.0119	0.0002	0.0057	10.9273	60	0.213	43.290495	77.326297	1380.00	43.290451	77.326157	1376.2	11011
1253	2023-02-22	10:01:13	4314.8991	3	0.0099	0.0013	4303.9548	2.7	3.9	0.0414	0.0115	0.0003	0.0051	10.9273	60	0.213	43.290495	77.326297	1380.00	43.290501	77.326141	1378.0	11011
1253	2023-02-22	10:02:13	4314.8988	3	0.0113	0.0015	4303.9551	2.9	4.7	0.0377	0.0111	0.0005	0.0047	10.9274	60	0.213	43.290495	77.326297	1380.00	43.290554	77.326141	1378.3	11011
1253	2023-02-22	10:03:13	4314.8983	3	0.0109	0.0014	4303.9558	2.5	2.4	0.0284	0.0107	0.0002	0.0042	10.9274	60	0.213	43.290495	77.326297	1380.00	43.290527	77.326134	1378.7	11011
1253	2023-02-22	10:04:13	4314.8985	3	0.0089	0.0012	4303.9570	2.1	3.4	0.0292	0.0103	0.0002	0.0035	10.9275	60	0.213	43.290495	77.326297	1380.00	43.290611	77.326172	1378.5	11011
1253	2023-02-22	10:05:13	4314.8985	3	0.0093	0.0012	4303.9574	3.5	4.7	0.0222	0.0099	0.0005	0.0032	10.9275	60	0.213	43.290495	77.326297	1380.00	43.290546	77.326027	1380.3	11011
1253	2023-02-22	10:06:13	4314.8986	3	0.0088	0.0011	4303.9585	4.7	4.4	0.0151	0.0095	0.0005	0.0026	10.9275	60	0.213	43.290495	77.326297	1380.00	43.290604	77.326157	1380.6	11011
1253	2023-02-22	10:07:13	4314.8992	3	0.0110	0.0014	4303.9597	4.7	5.5	0.0052	0.0091	0.0008	0.0020	10.9276	60	0.213	43.290495	77.326297	1380.00	43.290501	77.325981	1382.7	11011
1327	2023-02-22	11:05:21	4463.2760	3	0.0469	0.0061	4452.3593	-3.1	-2.0	0.0359	-0.0186	0.0002	0.0052	10.9298	60	0.211	43.367191	77.051486	674.00	43.367229	77.051552	657.4	11011
1327	2023-02-22	11:06:21	4463.2809	3	0.0167	0.0022	4452.3650	-3.5	-2.0	0.0339	-0.0191	0.0002	0.0050	10.9298	60	0.211	43.367191	77.051486	674.00	43.367229	77.051552	657.4	11011
1327	2023-02-22	11:07:21	4463.2768	3	0.0148	0.0019	4452.3617	-4.2	-4.4	0.0363	-0.0196	0.0004	0.0045	10.9299	60	0.211	43.367191	77.051486	674.00	43.367229	77.051552	657.4	11011
1327	2023-02-22	11:08:21	4463.2759	3	0.0193	0.0025	4452.3609	-5.0	-6.1	0.0373	-0.0202	0.0007	0.0045	10.9299	60	0.211	43.367191	77.051486	674.00	43.367229	77.051552	657.4	11011
1327	2023-02-22	11:09:21	4463.2738	3	0.0189	0.0024	4452.3600	-3.6	-4.9	0.0296	-0.0207	0.0004	0.0042	10.9300	60	0.211	43.367191	77.051486	674.00	43.367229	77.051552	657.5	11011
1327	2023-02-22	11:10:21	4463.2742	3	0.0133	0.0017	4452.3609	-4.2	-6.0	0.0224	-0.0212	0.0006	0.0039	10.9300	60	0.211	43.367191	77.051486	674.00	43.367229	77.051552	657.5	11011
1327	2023-02-22	11:11:21	4463.2734	3	0.0173	0.0022	4452.3611	-4.1	-4.4	0.0331	-0.0218	0.0005	0.0036	10.9300	60	0.211	43.367191	77.051486	674.00	43.367229	77.051552	657.5	11011
1327	2023-02-22	11:12:21	4463.2723	3	0.0154	0.0020	4452.3606	-4.4	-5.4	0.0322	-0.0223	0.0007	0.0032	10.9301	60	0.211	43.367191	77.051486	674.00	43.367229	77.051537	657.6	11011
1327	2023-02-22	11:13:21	4463.2720	3	0.0177	0.0023	4452.3611	-3.5	-5.3	0.0205	-0.0228	0.0004	0.0032	10.9301	60	0.211	43.367191	77.051486	674.00	43.367229	77.051537	657.6	11011
1327	2023-02-22	11:14:21	4463.2721	3	0.0170	0.0022	4452.3617	-2.7	-4.5	0.0272	-0.0234	0.0004	0.0032	10.9301	60	0.211	43.367191	77.051486	674.00	43.367229	77.051537	657.6	11011
