/		CG-6 Survey
/		Survey Name:	MAIN-ZVEB-MEN3
/		Instrument Serial Number:	000000022090470
/		Created:	2023-04-20 05:18:30
/
/		CG-6 Calibration
/		Operator:	EACH
/		Gcal1 [mGal]:	7941.208000
/		Goff [ADU]:	-8388608.000000
/		Gref [mGal]:	0.0000
/		X Scale [arc-sec/ADU]:	0.031193
/		Y Scale [arc-sec/ADU]:	0.030978
/		X Offset [ADU]:	-38727.250535
/		Y Offset [ADU]:	-43473.881294
/		Temperature Coefficient [mGal/mK]:	-0.125000
/		Temperature Scale [mK/ADU]:	-0.000111
/		Drift Rate [mGal/day]:	0.011500
/		Drift Zero Time:	2022-09-14 11:11:53
/		Firmware Version:	CG6_2_20220815
/
/Station	Date	Time	CorrGrav	Line	StdDev	StdErr	RawGrav	X	Y	SensorTemp	TideCorr	TiltCorr	TempCorr	DriftCorr	MeasurDur	InstrHeight	LatUser	LonUser	ElevUser	LatGPS	LonGPS	ElevGPS	Corrections[drift-temp-na-tide-tilt]
3	2023-04-20	05:18:30	5589.7150	4	0.0231	0.0030	5592.1291	-1.4	-2.0	1.1091	-0.0493	0.0001	0.1392	-2.5042	60	0.000	55.800000	37.500000	179.70	--	--	--	11011
3	2023-04-20	05:19:30	5589.7167	4	0.0186	0.0024	5592.1303	-0.6	-0.2	1.1146	-0.0488	0.0000	0.1394	-2.5042	60	0.000	55.800000	37.500000	179.70	--	--	--	11011
3	2023-04-20	05:20:30	5589.7161	4	0.0196	0.0025	5592.1295	-0.2	-0.0	1.1167	-0.0483	0.0001	0.1391	-2.5042	60	0.000	55.800000	37.500000	179.70	--	--	--	11011
3	2023-04-20	05:21:30	5589.7149	4	0.0150	0.0019	5592.1281	-1.2	-0.2	1.1100	-0.0478	0.0001	0.1388	-2.5042	60	0.000	55.800000	37.500000	179.70	--	--	--	11011
3	2023-04-20	05:22:30	5589.7140	4	0.0140	0.0018	5592.1269	-0.1	-1.2	1.1124	-0.0473	0.0001	0.1386	-2.5042	60	0.000	55.800000	37.500000	179.70	--	--	--	11011
3	2023-04-20	05:23:30	5589.7157	4	0.0138	0.0018	5592.1279	0.2	-0.8	1.1113	-0.0468	0.0001	0.1388	-2.5042	60	0.000	55.800000	37.500000	179.70	--	--	--	11011
3	2023-04-20	05:24:30	5589.7151	4	0.0114	0.0015	5592.1270	-1.8	0.7	1.1010	-0.0463	0.0002	0.1384	-2.5042	60	0.000	55.800000	37.500000	179.70	--	--	--	11011
3	2023-04-20	05:25:30	5589.7167	4	0.0188	0.0024	5592.1280	-1.2	-0.3	1.1094	-0.0457	0.0001	0.1386	-2.5042	60	0.000	55.800000	37.500000	179.70	--	--	--	11011
3	2023-04-20	05:26:30	5589.7156	4	0.0173	0.0022	5592.1265	-2.0	-1.3	1.1115	-0.0452	0.0001	0.1384	-2.5042	60	0.000	55.800000	37.500000	179.70	--	--	--	11011
3	2023-04-20	05:27:30	5589.7152	4	0.0133	0.0017	5592.1259	-0.7	1.5	1.1021	-0.0447	0.0001	0.1381	-2.5042	60	0.000	55.800000	37.500000	179.70	--	--	--	11011
3	2023-04-20	05:28:30	5589.7150	4	0.0136	0.0018	5592.1251	-1.3	0.3	1.1048	-0.0442	0.0001	0.1382	-2.5043	60	0.000	55.800000	37.500000	179.70	--	--	--	11011
3	2023-04-20	05:29:30	5589.7166	4	0.0175	0.0023	5592.1263	-0.9	0.0	1.1055	-0.0437	0.0001	0.1381	-2.5043	60	0.000	55.800000	37.500000	179.70	--	--	--	11011
3	2023-04-20	05:30:30	5589.7143	4	0.0227	0.0029	5592.1236	-0.1	-1.2	1.0998	-0.0431	0.0001	0.1380	-2.5043	60	0.000	55.800000	37.500000	179.70	--	--	--	11011
3	2023-04-20	05:31:30	5589.7133	4	0.0172	0.0022	5592.1221	0.3	0.3	1.1003	-0.0426	0.0001	0.1379	-2.5043	60	0.000	55.800000	37.500000	179.70	--	--	--	11011
3	2023-04-20	05:32:30	5589.7155	4	0.0145	0.0019	5592.1240	0.1	0.8	1.0977	-0.0421	0.0001	0.1378	-2.5043	60	0.000	55.800000	37.500000	179.70	--	--	--	11011
3	2023-04-20	05:33:30	5589.7159	4	0.0140	0.0018	5592.1239	-0.2	-0.9	1.1045	-0.0416	0.0001	0.1377	-2.5043	60	0.000	55.800000	37.500000	179.70	--	--	--	11011
3	2023-04-20	05:34:30	5589.7144	4	0.0127	0.0016	5592.1220	-2.0	-0.4	1.1035	-0.0410	0.0001	0.1377	-2.5043	60	0.000	55.800000	37.500000	179.70	--	--	--	11011
3	2023-04-20	05:35:30	5589.7153	4	0.0165	0.0021	5592.1223	-2.0	-1.5	1.1022	-0.0405	0.0002	0.1376	-2.5043	60	0.000	55.800000	37.500000	179.70	--	--	--	11011
3	2023-04-20	05:36:30	5589.7152	4	0.0143	0.0018	5592.1220	-1.0	-0.6	1.1079	-0.0400	0.0001	0.1374	-2.5043	60	0.000	55.800000	37.500000	179.70	--	--	--	11011
3	2023-04-20	05:37:30	5589.7136	4	0.0133	0.0017	5592.1197	-2.0	1.2	1.1001	-0.0394	0.0002	0.1374	-2.5043	60	0.000	55.800000	37.500000	179.70	--	--	--	11011
3	2023-04-20	05:38:30	5589.7154	4	0.0155	0.0020	5592.1212	-0.4	-0.3	1.1035	-0.0389	0.0001	0.1374	-2.5043	60	0.000	55.800000	37.500000	179.70	--	--	--	11011
3	2023-04-20	05:39:30	5589.7157	4	0.0160	0.0021	5592.1209	-1.1	-0.6	1.1022	-0.0384	0.0001	0.1373	-2.5043	60	0.000	55.800000	37.500000	179.70	--	--	--	11011
3	2023-04-20	05:40:30	5589.7148	4	0.0146	0.0019	5592.1197	-0.3	1.7	1.0954	-0.0378	0.0001	0.1372	-2.5043	60	0.000	55.800000	37.500000	179.70	--	--	--	11011
3	2023-04-20	05:41:30	5589.7164	4	0.0144	0.0019	5592.1209	0.7	0.7	1.0974	-0.0373	0.0001	0.1372	-2.5044	60	0.000	55.800000	37.500000	179.70	--	--	--	11011
3	2023-04-20	05:42:30	5589.7154	4	0.0149	0.0019	5592.1193	0.9	-0.6	1.0966	-0.0367	0.0001	0.1371	-2.5044	60	0.000	55.800000	37.500000	179.70	--	--	--	11011
3	2023-04-20	05:43:30	5589.7157	4	0.0140	0.0018	5592.1190	1.0	-0.4	1.0941	-0.0362	0.0001	0.1371	-2.5044	60	0.000	55.800000	37.500000	179.70	--	--	--	11011
3	2023-04-20	05:44:30	5589.7141	4	0.0161	0.0021	5592.1168	0.1	-1.2	1.1020	-0.0357	0.0001	0.1372	-2.5044	60	0.000	55.800000	37.500000	179.70	--	--	--	11011
3	2023-04-20	05:45:30	5589.7152	4	0.0134	0.0017	5592.1177	-0.6	-1.4	1.0949	-0.0351	0.0001	0.1370	-2.5044	60	0.000	55.800000	37.500000	179.70	--	--	--	11011
3	2023-04-20	05:46:30	5589.7164	4	0.0122	0.0016	5592.1183	-0.7	-1.7	1.1024	-0.0346	0.0001	0.1370	-2.5044	60	0.000	55.800000	37.500000	179.70	--	--	--	11011
3	2023-04-20	05:47:30	5589.7149	4	0.0193	0.0025	5592.1162	0.0	-1.1	1.0940	-0.0340	0.0001	0.1371	-2.5044	60	0.000	55.800000	37.500000	179.70	--	--	--	11011
3	2023-04-20	05:48:30	5589.7152	4	0.0139	0.0018	5592.1160	-0.2	-1.0	1.1013	-0.0335	0.0001	0.1370	-2.5044	60	0.000	55.800000	37.500000	179.70	--	--	--	11011
3	2023-04-20	05:49:30	5589.7154	4	0.0160	0.0021	5592.1157	1.9	0.9	1.0931	-0.0329	0.0001	0.1369	-2.5044	60	0.000	55.800000	37.500000	179.70	--	--	--	11011
3	2023-04-20	05:50:30	5589.7168	4	0.0172	0.0022	5592.1165	0.2	1.0	1.0900	-0.0324	0.0001	0.1370	-2.5044	60	0.000	55.800000	37.500000	179.70	--	--	--	11011
3	2023-04-20	05:51:30	5589.7161	4	0.0154	0.0020	5592.1155	-0.1	0.9	1.0937	-0.0318	0.0001	0.1368	-2.5044	60	0.000	55.800000	37.500000	179.70	--	--	--	11011
3	2023-04-20	05:52:30	5589.7166	4	0.0149	0.0019	5592.1155	0.7	0.8	1.0923	-0.0313	0.0001	0.1368	-2.5044	60	0.000	55.800000	37.500000	179.70	--	--	--	11011
3	2023-04-20	05:53:30	5589.7153	4	0.0144	0.0019	5592.1138	0.8	0.9	1.0929	-0.0307	0.0001	0.1366	-2.5045	60	0.000	55.800000	37.500000	179.70	--	--	--	11011
3	2023-04-20	05:54:30	5589.7159	4	0.0165	0.0021	5592.1137	2.4	0.2	1.0898	-0.0302	0.0001	0.1367	-2.5045	60	0.000	55.800000	37.500000	179.70	--	--	--	11011
3	2023-04-20	05:55:30	5589.7151	4	0.0150	0.0019	5592.1125	2.7	0.6	1.0868	-0.0296	0.0002	0.1365	-2.5045	60	0.000	55.800000	37.500000	179.70	--	--	--	11011
3	2023-04-20	05:56:30	5589.7155	4	0.0173	0.0022	5592.1116	6.0	-0.0	1.0948	-0.0291	0.0008	0.1367	-2.5045	60	0.000	55.800000	37.500000	179.70	--	--	--	11011
3	2023-04-20	05:57:30	5589.7150	4	0.0145	0.0019	5592.1112	4.0	0.4	1.0941	-0.0285	0.0003	0.1366	-2.5045	60	0.000	55.800000	37.500000	179.70	--	--	--	11011
3	2023-04-20	05:58:30	5589.7151	4	0.0144	0.0019	5592.1108	4.6	0.5	1.0901	-0.0280	0.0003	0.1365	-2.5045	60	0.000	55.800000	37.500000	179.70	--	--	--	11011
3	2023-04-20	05:59:30	5589.7157	4	0.0154	0.0020	5592.1107	4.2	1.7	1.0978	-0.0274	0.0003	0.1365	-2.5045	60	0.000	55.800000	37.500000	179.70	--	--	--	11011
3	2023-04-20	06:00:30	5589.7150	4	0.0162	0.0021	5592.1094	3.8	1.6	1.0932	-0.0269	0.0003	0.1367	-2.5045	60	0.000	55.800000	37.500000	179.70	--	--	--	11011
3	2023-04-20	06:01:30	5589.7151	4	0.0142	0.0018	5592.1093	3.0	2.3	1.0942	-0.0263	0.0002	0.1365	-2.5045	60	0.000	55.800000	37.500000	179.70	--	--	--	11011
3	2023-04-20	06:02:30	5589.7159	4	0.0173	0.0022	5592.1091	4.4	2.2	1.0907	-0.0258	0.0004	0.1366	-2.5045	60	0.000	55.800000	37.500000	179.70	--	--	--	11011
3	2023-04-20	06:03:30	5589.7152	4	0.0222	0.0029	5592.1082	3.3	4.1	1.0906	-0.0252	0.0004	0.1364	-2.5045	60	0.000	55.800000	37.500000	179.70	--	--	--	11011
3	2023-04-20	06:04:30	5589.7174	4	0.0172	0.0022	5592.1099	1.3	2.9	1.0956	-0.0247	0.0002	0.1365	-2.5045	60	0.000	55.800000	37.500000	179.70	--	--	--	11011
3	2023-04-20	06:05:30	5589.7158	4	0.0112	0.0014	5592.1075	3.2	4.9	1.0987	-0.0241	0.0006	0.1364	-2.5045	60	0.000	55.800000	37.500000	179.70	--	--	--	11011
3	2023-04-20	06:06:30	5589.7154	4	0.0156	0.0020	5592.1066	3.5	4.5	1.0909	-0.0235	0.0005	0.1364	-2.5046	60	0.000	55.800000	37.500000	179.70	--	--	--	11011
3	2023-04-20	06:07:30	5589.7148	4	0.0154	0.0020	5592.1058	2.5	1.4	1.0868	-0.0230	0.0001	0.1364	-2.5046	60	0.000	55.800000	37.500000	179.70	--	--	--	11011
3	2023-04-20	06:08:30	5589.7171	4	0.0150	0.0019	5592.1074	2.7	1.3	1.0921	-0.0224	0.0001	0.1366	-2.5046	60	0.000	55.800000	37.500000	179.70	--	--	--	11011
3	2023-04-20	06:09:30	5589.7159	4	0.0183	0.0024	5592.1055	4.2	1.2	1.0982	-0.0219	0.0004	0.1364	-2.5046	60	0.000	55.800000	37.500000	179.70	--	--	--	11011
3	2023-04-20	06:10:30	5589.7148	4	0.0103	0.0013	5592.1043	1.8	2.5	1.0890	-0.0213	0.0001	0.1363	-2.5046	60	0.000	55.800000	37.500000	179.70	--	--	--	11011
3	2023-04-20	06:11:30	5589.7137	4	0.0132	0.0017	5592.1025	1.9	2.8	1.0943	-0.0208	0.0002	0.1363	-2.5046	60	0.000	55.800000	37.500000	179.70	--	--	--	11011
3	2023-04-20	06:12:30	5589.7159	4	0.0117	0.0015	5592.1042	1.3	1.8	1.0865	-0.0202	0.0001	0.1364	-2.5046	60	0.000	55.800000	37.500000	179.70	--	--	--	11011
3	2023-04-20	06:13:30	5589.7159	4	0.0156	0.0020	5592.1037	1.1	2.1	1.0908	-0.0196	0.0001	0.1363	-2.5046	60	0.000	55.800000	37.500000	179.70	--	--	--	11011
3	2023-04-20	06:14:30	5589.7148	4	0.0141	0.0018	5592.1020	0.2	3.7	1.0910	-0.0191	0.0003	0.1362	-2.5046	60	0.000	55.800000	37.500000	179.70	--	--	--	11011
3	2023-04-20	06:15:30	5589.7165	4	0.0187	0.0024	5592.1031	1.0	4.4	1.0882	-0.0185	0.0004	0.1361	-2.5046	60	0.000	55.800000	37.500000	179.70	--	--	--	11011
3	2023-04-20	06:16:30	5589.7153	4	0.0140	0.0018	5592.1014	0.7	4.6	1.0931	-0.0180	0.0003	0.1362	-2.5046	60	0.000	55.800000	37.500000	179.70	--	--	--	11011
3	2023-04-20	06:17:30	5589.7157	4	0.0137	0.0018	5592.1014	-0.7	3.2	1.0930	-0.0174	0.0002	0.1362	-2.5046	60	0.000	55.800000	37.500000	179.70	--	--	--	11011
23	2023-04-20	08:11:43	5567.1101	4	0.0220	0.0028	5569.4361	-1.5	-3.3	1.1177	0.0383	0.0002	0.1410	-2.5056	60	0.000	55.800000	37.500000	179.70	--	--	--	11011
23	2023-04-20	08:12:43	5567.1103	4	0.0179	0.0023	5569.4366	-2.9	-2.8	1.1223	0.0386	0.0002	0.1405	-2.5056	60	0.000	55.800000	37.500000	179.70	55.699203	36.760143	214.3	11011
23	2023-04-20	08:13:43	5567.1104	4	0.0171	0.0022	5569.4368	-2.5	-1.7	1.1171	0.0390	0.0001	0.1400	-2.5056	60	0.000	55.800000	37.500000	179.70	55.699223	36.759480	212.7	11011
23	2023-04-20	08:14:43	5567.1119	4	0.0163	0.0021	5569.4388	-1.4	-1.5	1.1225	0.0393	0.0001	0.1393	-2.5056	60	0.000	55.800000	37.500000	179.70	55.699226	36.759117	211.8	11011
23	2023-04-20	08:15:43	5567.1114	4	0.0158	0.0020	5569.4384	0.4	-0.9	1.1114	0.0397	0.0001	0.1388	-2.5056	60	0.000	55.800000	37.500000	179.70	55.699482	36.757702	211.2	11011
23	2023-04-20	08:16:43	5567.1110	4	0.0109	0.0014	5569.4383	1.3	0.2	1.0988	0.0400	0.0001	0.1382	-2.5056	60	0.000	55.800000	37.500000	179.70	55.699890	36.757420	210.8	11011
23	2023-04-20	08:17:43	5567.1110	4	0.0165	0.0021	5569.4381	1.6	-0.3	1.1013	0.0404	0.0001	0.1380	-2.5056	60	0.000	55.800000	37.500000	179.70	55.699322	36.757763	208.0	11011
23	2023-04-20	08:18:43	5567.1130	4	0.0138	0.0018	5569.4405	2.2	-0.8	1.0930	0.0407	0.0001	0.1373	-2.5056	60	0.000	55.800000	37.500000	179.70	55.699482	36.757790	205.2	11011
23	2023-04-20	08:19:43	5567.1119	4	0.0175	0.0023	5569.4394	2.1	2.9	1.0928	0.0410	0.0002	0.1370	-2.5056	60	0.000	55.800000	37.500000	179.70	55.699436	36.757877	204.2	11011
23	2023-04-20	08:20:43	5567.1134	4	0.0173	0.0022	5569.4410	1.0	2.3	1.1011	0.0414	0.0001	0.1366	-2.5056	60	0.000	55.800000	37.500000	179.70	55.699093	36.759861	206.1	11011
23	2023-04-20	08:21:43	5567.1122	4	0.0177	0.0023	5569.4398	0.2	0.7	1.0809	0.0417	0.0001	0.1362	-2.5056	60	0.000	55.800000	37.500000	179.70	55.698967	36.760868	208.7	11011
23	2023-04-20	08:22:43	5567.1146	4	0.0192	0.0025	5569.4423	0.2	-0.8	1.0913	0.0420	0.0001	0.1359	-2.5056	60	0.000	55.800000	37.500000	179.70	55.699471	36.757816	212.3	11011
23	2023-04-20	08:23:43	5567.1130	4	0.0149	0.0019	5569.4408	-0.8	-0.5	1.0810	0.0423	0.0001	0.1355	-2.5057	60	0.000	55.800000	37.500000	179.70	55.699539	36.757801	217.6	11011
23	2023-04-20	08:24:43	5567.1122	4	0.0200	0.0026	5569.4399	1.6	0.6	1.0787	0.0426	0.0001	0.1352	-2.5057	60	0.000	55.800000	37.500000	179.70	55.699493	36.757618	215.7	11011
23	2023-04-20	08:25:43	5567.1141	4	0.0142	0.0018	5569.4417	3.0	1.2	1.0761	0.0429	0.0003	0.1348	-2.5057	60	0.000	55.800000	37.500000	179.70	55.699368	36.757572	214.5	11011
23	2023-04-20	08:26:43	5567.1132	4	0.0158	0.0020	5569.4409	2.5	1.9	1.0741	0.0432	0.0002	0.1346	-2.5057	60	0.000	55.800000	37.500000	179.70	55.699413	36.757725	212.0	11011
23	2023-04-20	08:27:43	5567.1140	4	0.0192	0.0025	5569.4416	3.0	2.2	1.0715	0.0435	0.0002	0.1343	-2.5057	60	0.000	55.800000	37.500000	179.70	55.699337	36.757664	210.2	11011
23	2023-04-20	08:28:43	5567.1135	4	0.0168	0.0022	5569.4413	2.3	2.8	1.0728	0.0438	0.0001	0.1339	-2.5057	60	0.000	55.800000	37.500000	179.70	--	--	--	11011
23	2023-04-20	08:29:43	5567.1149	4	0.0188	0.0024	5569.4425	2.2	4.9	1.0686	0.0441	0.0003	0.1336	-2.5057	60	0.000	55.800000	37.500000	179.70	55.699337	36.757744	210.0	11011
23	2023-04-20	08:30:43	5567.1148	4	0.0196	0.0025	5569.4422	1.7	6.4	1.0616	0.0444	0.0006	0.1333	-2.5057	60	0.000	55.800000	37.500000	179.70	55.699177	36.757809	156.5	11011
23	2023-04-20	08:31:43	5567.1146	4	0.0143	0.0018	5569.4422	1.2	4.6	1.0669	0.0447	0.0003	0.1331	-2.5057	60	0.000	55.800000	37.500000	179.70	55.699184	36.758018	156.6	11011
23	2023-04-20	08:32:43	5567.1144	4	0.0161	0.0021	5569.4421	1.6	4.9	1.0683	0.0450	0.0003	0.1327	-2.5057	60	0.000	55.800000	37.500000	179.70	55.699280	36.757896	156.6	11011
23	2023-04-20	08:33:43	5567.1146	4	0.0130	0.0017	5569.4423	0.9	3.3	1.0569	0.0453	0.0002	0.1326	-2.5057	60	0.000	55.800000	37.500000	179.70	55.699234	36.758057	156.5	11011
23	2023-04-20	08:34:43	5567.1150	4	0.0159	0.0021	5569.4424	0.4	4.2	1.0590	0.0456	0.0004	0.1323	-2.5057	60	0.000	55.800000	37.500000	179.70	--	--	--	11011
23	2023-04-20	08:35:43	5567.1149	4	0.0133	0.0017	5569.4423	2.1	4.9	1.0585	0.0458	0.0005	0.1321	-2.5057	60	0.000	55.800000	37.500000	179.70	--	--	--	11011
23	2023-04-20	08:36:43	5567.1157	4	0.0128	0.0017	5569.4427	0.4	6.3	1.0592	0.0461	0.0006	0.1320	-2.5058	60	0.000	55.800000	37.500000	179.70	55.699120	36.758049	156.3	11011
23	2023-04-20	08:37:43	5567.1147	4	0.0193	0.0025	5569.4418	1.2	5.8	1.0447	0.0464	0.0004	0.1319	-2.5058	60	0.000	55.800000	37.500000	179.70	55.699074	36.757950	156.6	11011
23	2023-04-20	08:38:43	5567.1166	4	0.0149	0.0019	5569.4436	3.2	5.7	1.0537	0.0466	0.0007	0.1315	-2.5058	60	0.000	55.800000	37.500000	179.70	--	--	--	11011
23	2023-04-20	08:39:43	5567.1139	4	0.0171	0.0022	5569.4412	1.8	3.6	1.0538	0.0469	0.0002	0.1313	-2.5058	60	0.000	55.800000	37.500000	179.70	--	--	--	11011
23	2023-04-20	08:40:43	5567.1150	4	0.0193	0.0025	5569.4425	0.9	4.0	1.0445	0.0471	0.0002	0.1310	-2.5058	60	0.000	55.800000	37.500000	179.70	55.698948	36.757988	144.0	11011
23	2023-04-20	08:41:43	5567.1159	4	0.0170	0.0022	5569.4429	2.0	4.6	1.0489	0.0474	0.0004	0.1310	-2.5058	60	0.000	55.800000	37.500000	179.70	55.699120	36.757893	157.6	11011
23	2023-04-20	08:42:43	5567.1153	4	0.0178	0.0023	5569.4425	3.4	4.1	1.0531	0.0476	0.0003	0.1307	-2.5058	60	0.000	55.800000	37.500000	179.70	55.699375	36.757847	158.0	11011
23	2023-04-20	08:43:43	5567.1165	4	0.0177	0.0023	5569.4431	2.5	6.8	1.0427	0.0479	0.0007	0.1307	-2.5058	60	0.000	55.800000	37.500000	179.70	--	--	--	11011
23	2023-04-20	08:44:43	5567.1153	4	0.0161	0.0021	5569.4422	2.9	4.6	1.0479	0.0481	0.0003	0.1305	-2.5058	60	0.000	55.800000	37.500000	179.70	55.699375	36.757904	153.9	11011
23	2023-04-20	08:45:43	5567.1159	4	0.0153	0.0020	5569.4424	1.6	6.6	1.0461	0.0484	0.0007	0.1303	-2.5058	60	0.000	55.800000	37.500000	179.70	--	--	--	11011
23	2023-04-20	08:46:43	5567.1155	4	0.0208	0.0027	5569.4419	1.8	5.4	1.0397	0.0486	0.0005	0.1303	-2.5058	60	0.000	55.800000	37.500000	179.70	55.699051	36.758049	155.4	11011
23	2023-04-20	08:47:43	5567.1161	4	0.0156	0.0020	5569.4424	3.4	5.3	1.0433	0.0488	0.0006	0.1301	-2.5058	60	0.000	55.800000	37.500000	179.70	55.699291	36.757877	155.7	11011
23	2023-04-20	08:48:43	5567.1163	4	0.0186	0.0024	5569.4422	4.0	7.5	1.0374	0.0490	0.0011	0.1298	-2.5059	60	0.000	55.800000	37.500000	179.70	55.699291	36.757923	156.2	11011
23	2023-04-20	08:49:43	5567.1154	4	0.0173	0.0022	5569.4411	4.0	8.6	1.0388	0.0493	0.0011	0.1297	-2.5059	60	0.000	55.800000	37.500000	179.70	55.699265	36.757854	155.5	11011
23	2023-04-20	08:50:43	5567.1164	4	0.0131	0.0017	5569.4420	4.2	8.1	1.0337	0.0495	0.0012	0.1296	-2.5059	60	0.000	55.800000	37.500000	179.70	55.699196	36.758064	155.7	11011
23	2023-04-20	08:51:43	5567.1158	4	0.0184	0.0024	5569.4417	3.1	7.1	1.0364	0.0497	0.0007	0.1295	-2.5059	60	0.000	55.800000	37.500000	179.70	55.699348	36.757675	155.6	11011
23	2023-04-20	08:52:43	5567.1166	4	0.0155	0.0020	5569.4421	4.8	7.7	1.0386	0.0499	0.0010	0.1294	-2.5059	60	0.000	55.800000	37.500000	179.70	55.699348	36.757675	156.1	11011
23	2023-04-20	08:53:43	5567.1165	4	0.0162	0.0021	5569.4422	4.7	6.5	1.0343	0.0501	0.0008	0.1293	-2.5059	60	0.000	55.800000	37.500000	179.70	55.699318	36.757950	156.1	11011
23	2023-04-20	08:54:43	5567.1163	4	0.0181	0.0023	5569.4416	4.0	7.4	1.0317	0.0503	0.0010	0.1292	-2.5059	60	0.000	55.800000	37.500000	179.70	55.699318	36.757904	156.1	11011
23	2023-04-20	08:55:43	5567.1177	4	0.0165	0.0021	5569.4427	4.4	9.2	1.0333	0.0505	0.0014	0.1290	-2.5059	60	0.000	55.800000	37.500000	179.70	55.699280	36.757973	156.4	11011
23	2023-04-20	08:56:43	5567.1166	4	0.0186	0.0024	5569.4419	5.2	7.6	1.0291	0.0507	0.0009	0.1290	-2.5059	60	0.000	55.800000	37.500000	179.70	55.699261	36.758083	155.9	11011
23	2023-04-20	08:57:43	5567.1170	4	0.0171	0.0022	5569.4423	4.9	7.3	1.0358	0.0509	0.0011	0.1286	-2.5059	60	0.000	55.800000	37.500000	179.70	55.699242	36.758102	155.8	11011
23	2023-04-20	08:58:43	5567.1169	4	0.0135	0.0017	5569.4420	5.8	7.5	1.0287	0.0511	0.0012	0.1286	-2.5059	60	0.000	55.800000	37.500000	179.70	55.699184	36.758121	156.0	11011
23	2023-04-20	08:59:43	5567.1168	4	0.0141	0.0018	5569.4421	5.5	7.8	1.0323	0.0512	0.0010	0.1284	-2.5059	60	0.000	55.800000	37.500000	179.70	55.699207	36.758163	156.8	11011
23	2023-04-20	09:00:43	5567.1162	4	0.0162	0.0021	5569.4411	4.4	8.1	1.0333	0.0514	0.0013	0.1283	-2.5059	60	0.000	55.800000	37.500000	179.70	--	--	--	11011
23	2023-04-20	09:01:43	5567.1169	4	0.0184	0.0024	5569.4421	3.9	8.0	1.0261	0.0516	0.0010	0.1283	-2.5060	60	0.000	55.800000	37.500000	179.70	--	--	--	11011
23	2023-04-20	09:02:43	5567.1158	4	0.0154	0.0020	5569.4411	3.7	7.0	1.0255	0.0517	0.0007	0.1282	-2.5060	60	0.000	55.800000	37.500000	179.70	--	--	--	11011
23	2023-04-20	09:03:43	5567.1175	4	0.0157	0.0020	5569.4426	2.3	7.3	1.0265	0.0519	0.0008	0.1282	-2.5060	60	0.000	55.800000	37.500000	179.70	--	--	--	11011
23	2023-04-20	09:04:43	5567.1166	4	0.0185	0.0024	5569.4418	1.7	7.8	1.0216	0.0521	0.0007	0.1280	-2.5060	60	0.000	55.800000	37.500000	179.70	--	--	--	11011
23	2023-04-20	09:05:43	5567.1172	4	0.0154	0.0020	5569.4416	0.2	9.5	1.0231	0.0522	0.0013	0.1280	-2.5060	60	0.000	55.800000	37.500000	179.70	55.699684	36.758087	156.1	11011
23	2023-04-20	09:06:43	5567.1171	4	0.0150	0.0019	5569.4417	0.7	9.2	1.0215	0.0524	0.0011	0.1279	-2.5060	60	0.000	55.800000	37.500000	179.70	--	--	--	11011
23	2023-04-20	09:07:43	5567.1151	4	0.0175	0.0023	5569.4398	2.3	7.2	1.0230	0.0525	0.0009	0.1279	-2.5060	60	0.000	55.800000	37.500000	179.70	--	--	--	11011
23	2023-04-20	09:08:43	5567.1155	4	0.0168	0.0022	5569.4402	2.2	9.2	1.0245	0.0527	0.0009	0.1278	-2.5060	60	0.000	55.800000	37.500000	179.70	--	--	--	11011
23	2023-04-20	09:09:43	5567.1165	4	0.0154	0.0020	5569.4410	1.3	8.4	1.0188	0.0528	0.0008	0.1278	-2.5060	60	0.000	55.800000	37.500000	179.70	--	--	--	11011
23	2023-04-20	09:10:43	5567.1166	4	0.0178	0.0023	5569.4410	0.8	8.8	1.0187	0.0529	0.0009	0.1277	-2.5060	60	0.000	55.800000	37.500000	179.70	--	--	--	11011
63	2023-04-20	10:58:25	5621.3392	4	0.0256	0.0033	5623.6643	1.1	2.0	1.1080	0.0430	0.0001	0.1385	-2.5069	60	0.000	55.800000	37.500000	179.70	--	--	--	11011
63	2023-04-20	10:59:25	5621.3397	4	0.0193	0.0025	5623.6652	2.7	0.2	1.1031	0.0427	0.0001	0.1386	-2.5069	60	0.000	55.800000	37.500000	179.70	--	--	--	11011
63	2023-04-20	11:00:25	5621.3418	4	0.0157	0.0020	5623.6677	2.4	2.0	1.1128	0.0424	0.0001	0.1384	-2.5069	60	0.000	55.800000	37.500000	179.70	--	--	--	11011
63	2023-04-20	11:01:25	5621.3410	4	0.0143	0.0018	5623.6674	3.4	1.6	1.1053	0.0421	0.0002	0.1382	-2.5069	60	0.000	55.800000	37.500000	179.70	--	--	--	11011
63	2023-04-20	11:02:25	5621.3407	4	0.0191	0.0025	5623.6676	3.9	0.3	1.1054	0.0418	0.0002	0.1380	-2.5069	60	0.000	55.800000	37.500000	179.70	--	--	--	11011
63	2023-04-20	11:03:25	5621.3409	4	0.0152	0.0020	5623.6680	2.8	1.4	1.1121	0.0415	0.0001	0.1382	-2.5069	60	0.000	55.800000	37.500000	179.70	--	--	--	11011
63	2023-04-20	11:04:25	5621.3424	4	0.0174	0.0022	5623.6700	1.5	0.5	1.0991	0.0412	0.0001	0.1381	-2.5069	60	0.000	55.800000	37.500000	179.70	--	--	--	11011
63	2023-04-20	11:05:25	5621.3413	4	0.0178	0.0023	5623.6695	1.5	0.9	1.1083	0.0408	0.0001	0.1379	-2.5069	60	0.000	55.800000	37.500000	179.70	--	--	--	11011
63	2023-04-20	11:06:25	5621.3402	4	0.0203	0.0026	5623.6685	0.1	2.1	1.1073	0.0405	0.0001	0.1380	-2.5070	60	0.000	55.800000	37.500000	179.70	--	--	--	11011
63	2023-04-20	11:07:25	5621.3404	4	0.0167	0.0022	5623.6690	0.9	0.9	1.1021	0.0402	0.0001	0.1381	-2.5070	60	0.000	55.800000	37.500000	179.70	--	--	--	11011
63	2023-04-20	11:08:25	5621.3405	4	0.0157	0.0020	5623.6696	-0.2	2.8	1.1045	0.0398	0.0002	0.1378	-2.5070	60	0.000	55.800000	37.500000	179.70	--	--	--	11011
63	2023-04-20	11:09:25	5621.3407	4	0.0188	0.0024	5623.6701	1.4	1.8	1.1026	0.0395	0.0002	0.1379	-2.5070	60	0.000	55.800000	37.500000	179.70	--	--	--	11011
63	2023-04-20	11:10:25	5621.3413	4	0.0151	0.0020	5623.6712	1.9	0.3	1.1032	0.0391	0.0001	0.1378	-2.5070	60	0.000	55.800000	37.500000	179.70	--	--	--	11011
63	2023-04-20	11:11:25	5621.3406	4	0.0170	0.0022	5623.6709	3.2	0.5	1.1034	0.0388	0.0001	0.1377	-2.5070	60	0.000	55.800000	37.500000	179.70	--	--	--	11011
63	2023-04-20	11:12:25	5621.3416	4	0.0181	0.0023	5623.6721	2.3	2.3	1.1038	0.0384	0.0002	0.1378	-2.5070	60	0.000	55.800000	37.500000	179.70	--	--	--	11011
63	2023-04-20	11:13:25	5621.3416	4	0.0197	0.0025	5623.6720	3.1	5.8	1.0959	0.0381	0.0007	0.1378	-2.5070	60	0.000	55.800000	37.500000	179.70	--	--	--	11011
63	2023-04-20	11:14:25	5621.3417	4	0.0157	0.0020	5623.6728	1.5	4.7	1.1011	0.0377	0.0004	0.1378	-2.5070	60	0.000	55.800000	37.500000	179.70	--	--	--	11011
63	2023-04-20	11:15:25	5621.3420	4	0.0155	0.0020	5623.6735	2.8	3.9	1.1015	0.0374	0.0003	0.1379	-2.5070	60	0.000	55.800000	37.500000	179.70	--	--	--	11011
63	2023-04-20	11:16:25	5621.3427	4	0.0202	0.0026	5623.6745	3.0	4.4	1.1089	0.0370	0.0005	0.1378	-2.5070	60	0.000	55.800000	37.500000	179.70	--	--	--	11011
63	2023-04-20	11:17:25	5621.3406	4	0.0221	0.0029	5623.6729	3.2	2.3	1.1036	0.0367	0.0003	0.1378	-2.5070	60	0.000	55.800000	37.500000	179.70	--	--	--	11011
63	2023-04-20	11:18:25	5621.3415	4	0.0156	0.0020	5623.6743	2.7	3.0	1.1014	0.0363	0.0002	0.1377	-2.5070	60	0.000	55.800000	37.500000	179.70	--	--	--	11011
63	2023-04-20	11:19:25	5621.3422	4	0.0146	0.0019	5623.6754	3.5	3.0	1.1020	0.0359	0.0002	0.1377	-2.5071	60	0.000	55.800000	37.500000	179.70	--	--	--	11011
63	2023-04-20	11:20:25	5621.3427	4	0.0148	0.0019	5623.6763	2.7	4.1	1.0967	0.0355	0.0003	0.1377	-2.5071	60	0.000	55.800000	37.500000	179.70	--	--	--	11011
63	2023-04-20	11:21:25	5621.3412	4	0.0165	0.0021	5623.6751	2.7	3.8	1.0984	0.0352	0.0003	0.1377	-2.5071	60	0.000	55.800000	37.500000	179.70	--	--	--	11011
63	2023-04-20	11:22:25	5621.3419	4	0.0117	0.0015	5623.6762	2.2	2.9	1.1048	0.0348	0.0002	0.1378	-2.5071	60	0.000	55.800000	37.500000	179.70	--	--	--	11011
63	2023-04-20	11:23:25	5621.3405	4	0.0195	0.0025	5623.6753	1.6	3.3	1.1026	0.0344	0.0002	0.1377	-2.5071	60	0.000	55.800000	37.500000	179.70	56.028202	37.224998	195.7	11011
63	2023-04-20	11:24:25	5621.3417	4	0.0216	0.0028	5623.6766	1.4	4.4	1.1055	0.0340	0.0005	0.1377	-2.5071	60	0.000	55.800000	37.500000	179.70	--	--	--	11011
63	2023-04-20	11:25:25	5621.3418	4	0.0142	0.0018	5623.6771	1.2	5.3	1.1017	0.0336	0.0005	0.1378	-2.5071	60	0.000	55.800000	37.500000	179.70	--	--	--	11011
63	2023-04-20	11:26:25	5621.3423	4	0.0194	0.0025	5623.6782	1.6	4.6	1.0997	0.0332	0.0003	0.1377	-2.5071	60	0.000	55.800000	37.500000	179.70	--	--	--	11011
63	2023-04-20	11:27:25	5621.3425	4	0.0190	0.0025	5623.6785	0.2	5.5	1.1007	0.0328	0.0005	0.1378	-2.5071	60	0.000	55.800000	37.500000	179.70	--	--	--	11011
63	2023-04-20	11:28:25	5621.3424	4	0.0169	0.0022	5623.6789	1.2	5.1	1.1013	0.0324	0.0004	0.1378	-2.5071	60	0.000	55.800000	37.500000	179.70	--	--	--	11011
63	2023-04-20	11:29:25	5621.3412	4	0.0177	0.0023	5623.6780	0.7	6.0	1.1039	0.0320	0.0005	0.1378	-2.5071	60	0.000	55.800000	37.500000	179.70	--	--	--	11011
63	2023-04-20	11:30:25	5621.3432	4	0.0169	0.0022	5623.6805	0.6	6.8	1.0992	0.0316	0.0006	0.1376	-2.5071	60	0.000	55.800000	37.500000	179.70	--	--	--	11011
63	2023-04-20	11:31:25	5621.3417	4	0.0196	0.0025	5623.6795	0.9	5.5	1.0991	0.0312	0.0004	0.1378	-2.5072	60	0.000	55.800000	37.500000	179.70	--	--	--	11011
63	2023-04-20	11:32:25	5621.3425	4	0.0195	0.0025	5623.6809	1.3	5.2	1.1000	0.0308	0.0003	0.1377	-2.5072	60	0.000	55.800000	37.500000	179.70	--	--	--	11011
63	2023-04-20	11:33:25	5621.3424	4	0.0175	0.0023	5623.6807	0.6	6.4	1.0948	0.0304	0.0006	0.1379	-2.5072	60	0.000	55.800000	37.500000	179.70	--	--	--	11011
63	2023-04-20	11:34:25	5621.3410	4	0.0166	0.0021	5623.6803	-0.0	5.6	1.1019	0.0300	0.0004	0.1376	-2.5072	60	0.000	55.800000	37.500000	179.70	--	--	--	11011
63	2023-04-20	11:35:25	5621.3413	4	0.0181	0.0023	5623.6809	-1.0	5.0	1.1091	0.0296	0.0005	0.1376	-2.5072	60	0.000	55.800000	37.500000	179.70	--	--	--	11011
63	2023-04-20	11:36:25	5621.3425	4	0.0155	0.0020	5623.6827	-0.5	4.1	1.0956	0.0292	0.0003	0.1376	-2.5072	60	0.000	55.800000	37.500000	179.70	--	--	--	11011
63	2023-04-20	11:37:25	5621.3418	4	0.0182	0.0024	5623.6820	-0.4	5.9	1.1012	0.0287	0.0005	0.1377	-2.5072	60	0.000	55.800000	37.500000	179.70	--	--	--	11011
63	2023-04-20	11:38:25	5621.3428	4	0.0177	0.0023	5623.6839	1.6	4.4	1.1011	0.0283	0.0003	0.1376	-2.5072	60	0.000	55.800000	37.500000	179.70	--	--	--	11011
63	2023-04-20	11:39:25	5621.3426	4	0.0176	0.0023	5623.6836	1.1	6.6	1.1012	0.0279	0.0006	0.1377	-2.5072	60	0.000	55.800000	37.500000	179.70	56.028545	37.230865	194.8	11011
63	2023-04-20	11:40:25	5621.3424	4	0.0159	0.0021	5623.6842	1.9	4.2	1.0992	0.0275	0.0003	0.1377	-2.5072	60	0.000	55.800000	37.500000	179.70	56.028763	37.230801	194.8	11011
63	2023-04-20	11:41:25	5621.3405	4	0.0116	0.0015	5623.6828	2.1	2.6	1.0967	0.0270	0.0002	0.1377	-2.5072	60	0.000	55.800000	37.500000	179.70	56.028679	37.231964	195.0	11011
63	2023-04-20	11:42:25	5621.3419	4	0.0145	0.0019	5623.6847	1.2	3.8	1.1000	0.0266	0.0003	0.1375	-2.5072	60	0.000	55.800000	37.500000	179.70	56.028667	37.231438	194.9	11011
63	2023-04-20	11:43:25	5621.3413	4	0.0175	0.0023	5623.6845	2.2	3.2	1.1015	0.0261	0.0003	0.1376	-2.5072	60	0.000	55.800000	37.500000	179.70	56.029003	37.230762	195.0	11011
63	2023-04-20	11:44:25	5621.3434	4	0.0176	0.0023	5623.6869	2.9	3.4	1.0991	0.0257	0.0005	0.1375	-2.5073	60	0.000	55.800000	37.500000	179.70	--	--	--	11011
63	2023-04-20	11:45:25	5621.3416	4	0.0182	0.0023	5623.6856	1.5	5.8	1.1013	0.0253	0.0004	0.1376	-2.5073	60	0.000	55.800000	37.500000	179.70	56.028545	37.231972	195.1	11011
63	2023-04-20	11:46:25	5621.3432	4	0.0163	0.0021	5623.6874	1.2	6.3	1.1084	0.0248	0.0006	0.1377	-2.5073	60	0.000	55.800000	37.500000	179.70	56.028522	37.231258	195.3	11011
63	2023-04-20	11:47:25	5621.3427	4	0.0163	0.0021	5623.6874	2.0	5.4	1.1020	0.0244	0.0004	0.1377	-2.5073	60	0.000	55.800000	37.500000	179.70	56.029095	37.230740	195.6	11011
63	2023-04-20	11:48:25	5621.3423	4	0.0191	0.0025	5623.6876	1.0	4.9	1.0942	0.0239	0.0004	0.1377	-2.5073	60	0.000	55.800000	37.500000	179.70	56.029411	37.231419	196.7	11011
63	2023-04-20	11:49:25	5621.3432	4	0.0158	0.0020	5623.6885	2.5	7.7	1.1015	0.0235	0.0008	0.1377	-2.5073	60	0.000	55.800000	37.500000	179.70	56.028828	37.231800	197.5	11011
63	2023-04-20	11:50:25	5621.3430	4	0.0206	0.0027	5623.6890	1.5	6.2	1.1033	0.0230	0.0007	0.1376	-2.5073	60	0.000	55.800000	37.500000	179.70	56.028870	37.231297	197.5	11011
63	2023-04-20	11:51:25	5621.3435	4	0.0179	0.0023	5623.6896	2.2	7.6	1.0958	0.0226	0.0010	0.1377	-2.5073	60	0.000	55.800000	37.500000	179.70	--	--	--	11011
63	2023-04-20	11:52:25	5621.3427	4	0.0174	0.0022	5623.6894	2.0	7.7	1.1091	0.0221	0.0009	0.1376	-2.5073	60	0.000	55.800000	37.500000	179.70	--	--	--	11011
63	2023-04-20	11:53:25	5621.3417	4	0.0186	0.0024	5623.6893	1.5	6.3	1.1053	0.0216	0.0005	0.1375	-2.5073	60	0.000	55.800000	37.500000	179.70	--	--	--	11011
63	2023-04-20	11:54:25	5621.3427	4	0.0173	0.0022	5623.6903	0.8	8.1	1.1002	0.0212	0.0010	0.1376	-2.5073	60	0.000	55.800000	37.500000	179.70	--	--	--	11011
63	2023-04-20	11:55:25	5621.3425	4	0.0158	0.0020	5623.6907	0.5	8.3	1.1065	0.0207	0.0009	0.1375	-2.5073	60	0.000	55.800000	37.500000	179.70	--	--	--	11011
63	2023-04-20	11:56:25	5621.3415	4	0.0257	0.0033	5623.6900	1.0	8.4	1.0992	0.0202	0.0009	0.1377	-2.5074	60	0.000	55.800000	37.500000	179.70	--	--	--	11011
63	2023-04-20	11:57:25	5621.3419	4	0.0276	0.0036	5623.6915	0.2	6.4	1.1038	0.0198	0.0005	0.1375	-2.5074	60	0.000	55.800000	37.500000	179.70	--	--	--	11011
23	2023-04-20	13:45:10	5567.1017	4	0.0145	0.0019	5569.5055	-2.0	1.3	1.1301	-0.0368	0.0001	0.1411	-2.5082	60	0.000	55.800000	37.500000	179.70	55.699551	36.757961	209.8	11011
23	2023-04-20	13:46:10	5567.1025	4	0.0169	0.0022	5569.5073	-0.0	2.3	1.1286	-0.0373	0.0001	0.1406	-2.5082	60	0.000	55.800000	37.500000	179.70	55.699577	36.757874	217.9	11011
23	2023-04-20	13:47:10	5567.1033	4	0.0184	0.0024	5569.5090	1.1	3.5	1.1143	-0.0378	0.0003	0.1401	-2.5082	60	0.000	55.800000	37.500000	179.70	55.699749	36.757839	219.5	11011
23	2023-04-20	13:48:10	5567.1018	4	0.0161	0.0021	5569.5090	0.2	1.6	1.1173	-0.0384	0.0001	0.1393	-2.5082	60	0.000	55.800000	37.500000	179.70	55.699570	36.757904	220.8	11011
23	2023-04-20	13:49:10	5567.1024	4	0.0170	0.0022	5569.5104	-2.5	1.5	1.1085	-0.0389	0.0002	0.1389	-2.5083	60	0.000	55.800000	37.500000	179.70	55.699413	36.758152	221.8	11011
23	2023-04-20	13:50:10	5567.1018	4	0.0195	0.0025	5569.5109	-1.4	0.9	1.1034	-0.0394	0.0001	0.1384	-2.5083	60	0.000	55.800000	37.500000	179.70	55.699547	36.757961	222.1	11011
23	2023-04-20	13:51:10	5567.1024	4	0.0151	0.0020	5569.5125	-0.6	2.2	1.0978	-0.0399	0.0001	0.1379	-2.5083	60	0.000	55.800000	37.500000	179.70	55.699425	36.758076	222.6	11011
23	2023-04-20	13:52:10	5567.1036	4	0.0159	0.0021	5569.5143	-1.3	3.8	1.1022	-0.0404	0.0004	0.1376	-2.5083	60	0.000	55.800000	37.500000	179.70	55.699539	36.758038	222.9	11011
23	2023-04-20	13:53:10	5567.1027	4	0.0138	0.0018	5569.5144	-0.8	4.5	1.0851	-0.0409	0.0003	0.1372	-2.5083	60	0.000	55.800000	37.500000	179.70	--	--	--	11011
23	2023-04-20	13:54:10	5567.1033	4	0.0163	0.0021	5569.5163	0.9	2.8	1.0887	-0.0414	0.0001	0.1366	-2.5083	60	0.000	55.800000	37.500000	179.70	55.699699	36.757950	224.6	11011
23	2023-04-20	13:55:10	5567.1032	4	0.0189	0.0024	5569.5171	1.3	1.7	1.0902	-0.0419	0.0001	0.1362	-2.5083	60	0.000	55.800000	37.500000	179.70	55.699787	36.757896	225.5	11011
23	2023-04-20	13:56:10	5567.1035	4	0.0180	0.0023	5569.5182	1.8	3.0	1.0905	-0.0425	0.0003	0.1358	-2.5083	60	0.000	55.800000	37.500000	179.70	55.699570	36.757961	227.6	11011
23	2023-04-20	13:57:10	5567.1039	4	0.0132	0.0017	5569.5193	0.9	4.9	1.0847	-0.0430	0.0003	0.1355	-2.5083	60	0.000	55.800000	37.500000	179.70	55.699558	36.757961	226.1	11011
23	2023-04-20	13:58:10	5567.1034	4	0.0213	0.0027	5569.5193	0.2	6.6	1.0728	-0.0435	0.0006	0.1353	-2.5083	60	0.000	55.800000	37.500000	179.70	55.699413	36.758030	225.3	11011
23	2023-04-20	13:59:10	5567.1054	4	0.0166	0.0021	5569.5220	0.1	6.6	1.0764	-0.0440	0.0006	0.1350	-2.5083	60	0.000	55.800000	37.500000	179.70	55.699348	36.758160	225.1	11011
23	2023-04-20	14:00:10	5567.1061	4	0.0175	0.0023	5569.5237	1.1	5.1	1.0734	-0.0445	0.0004	0.1348	-2.5083	60	0.000	55.800000	37.500000	179.70	55.699608	36.757992	224.8	11011
23	2023-04-20	14:01:10	5567.1047	4	0.0154	0.0020	5569.5234	3.1	5.2	1.0731	-0.0450	0.0004	0.1342	-2.5083	60	0.000	55.800000	37.500000	179.70	55.699577	36.757645	225.8	11011
23	2023-04-20	14:02:10	5567.1051	4	0.0139	0.0018	5569.5244	2.8	5.7	1.0810	-0.0455	0.0005	0.1340	-2.5084	60	0.000	55.800000	37.500000	179.70	55.699387	36.758121	225.9	11011
23	2023-04-20	14:03:10	5567.1053	4	0.0186	0.0024	5569.5254	2.0	6.4	1.0708	-0.0460	0.0006	0.1337	-2.5084	60	0.000	55.800000	37.500000	179.70	55.699665	36.758198	227.9	11011
23	2023-04-20	14:04:10	5567.1058	4	0.0125	0.0016	5569.5265	3.8	7.1	1.0675	-0.0465	0.0008	0.1333	-2.5084	60	0.000	55.800000	37.500000	179.70	55.699455	36.758038	229.5	11011
23	2023-04-20	14:05:10	5567.1043	4	0.0158	0.0020	5569.5258	4.5	5.7	1.0682	-0.0470	0.0008	0.1331	-2.5084	60	0.000	55.800000	37.500000	179.70	55.699730	36.757610	229.3	11011
23	2023-04-20	14:06:10	5567.1061	4	0.0141	0.0018	5569.5283	2.9	7.0	1.0595	-0.0475	0.0007	0.1329	-2.5084	60	0.000	55.800000	37.500000	179.70	55.699730	36.757561	228.9	11011
23	2023-04-20	14:07:10	5567.1055	4	0.0128	0.0017	5569.5282	2.5	8.3	1.0595	-0.0480	0.0009	0.1328	-2.5084	60	0.000	55.800000	37.500000	179.70	55.699684	36.758793	228.7	11011
23	2023-04-20	14:08:10	5567.1066	4	0.0176	0.0023	5569.5300	1.1	8.6	1.0580	-0.0484	0.0009	0.1326	-2.5084	60	0.000	55.800000	37.500000	179.70	55.699604	36.757893	228.3	11011
23	2023-04-20	14:09:10	5567.1078	4	0.0160	0.0021	5569.5319	0.4	7.8	1.0591	-0.0489	0.0009	0.1324	-2.5084	60	0.000	55.800000	37.500000	179.70	55.699844	36.757103	226.5	11011
23	2023-04-20	14:10:10	5567.1069	4	0.0169	0.0022	5569.5318	1.8	8.4	1.0574	-0.0494	0.0009	0.1321	-2.5084	60	0.000	55.800000	37.500000	179.70	--	--	--	11011
23	2023-04-20	14:11:10	5567.1069	4	0.0177	0.0023	5569.5328	0.2	7.0	1.0538	-0.0499	0.0005	0.1319	-2.5084	60	0.000	55.800000	37.500000	179.70	55.699692	36.757263	226.6	11011
23	2023-04-20	14:12:10	5567.1064	4	0.0127	0.0016	5569.5329	-1.3	7.4	1.0540	-0.0504	0.0006	0.1317	-2.5084	60	0.000	55.800000	37.500000	179.70	55.699547	36.758049	226.8	11011
23	2023-04-20	14:13:10	5567.1058	4	0.0134	0.0017	5569.5325	0.1	8.8	1.0530	-0.0509	0.0010	0.1316	-2.5084	60	0.000	55.800000	37.500000	179.70	55.699818	36.758095	227.6	11011
23	2023-04-20	14:14:10	5567.1072	4	0.0190	0.0025	5569.5347	0.7	8.5	1.0540	-0.0514	0.0008	0.1316	-2.5085	60	0.000	55.800000	37.500000	179.70	55.699551	36.757797	227.6	11011
23	2023-04-20	14:15:10	5567.1067	4	0.0127	0.0016	5569.5348	1.1	8.8	1.0505	-0.0518	0.0010	0.1312	-2.5085	60	0.000	55.800000	37.500000	179.70	55.699902	36.758030	227.6	11011
23	2023-04-20	14:16:10	5567.1075	4	0.0158	0.0020	5569.5361	0.7	9.7	1.0433	-0.0523	0.0012	0.1310	-2.5085	60	0.000	55.800000	37.500000	179.70	--	--	--	11011
23	2023-04-20	14:17:10	5567.1065	4	0.0184	0.0024	5569.5359	-1.2	9.1	1.0480	-0.0528	0.0009	0.1309	-2.5085	60	0.000	55.800000	37.500000	179.70	--	--	--	11011
23	2023-04-20	14:18:10	5567.1079	4	0.0156	0.0020	5569.5377	-1.4	9.3	1.0436	-0.0533	0.0011	0.1308	-2.5085	60	0.000	55.800000	37.500000	179.70	55.699493	36.757675	227.8	11011
23	2023-04-20	14:19:10	5567.1078	4	0.0180	0.0023	5569.5381	0.3	10.8	1.0377	-0.0537	0.0014	0.1306	-2.5085	60	0.000	55.800000	37.500000	179.70	55.699547	36.757694	227.9	11011
23	2023-04-20	14:20:10	5567.1077	4	0.0166	0.0021	5569.5386	-0.0	10.3	1.0395	-0.0542	0.0015	0.1303	-2.5085	60	0.000	55.800000	37.500000	179.70	55.699749	36.757534	228.0	11011
23	2023-04-20	14:21:10	5567.1073	4	0.0160	0.0021	5569.5389	0.8	10.3	1.0342	-0.0547	0.0014	0.1302	-2.5085	60	0.000	55.800000	37.500000	179.70	55.699646	36.757740	228.1	11011
23	2023-04-20	14:22:10	5567.1070	4	0.0178	0.0023	5569.5391	2.2	10.2	1.0445	-0.0551	0.0013	0.1302	-2.5085	60	0.000	55.800000	37.500000	179.70	--	--	--	11011
23	2023-04-20	14:23:10	5567.1059	4	0.0178	0.0023	5569.5393	-0.2	9.5	1.0451	-0.0556	0.0009	0.1298	-2.5085	60	0.000	55.800000	37.500000	179.70	55.699818	36.757378	228.2	11011
23	2023-04-20	14:24:10	5567.1067	4	0.0191	0.0025	5569.5405	0.9	8.5	1.0406	-0.0561	0.0010	0.1298	-2.5085	60	0.000	55.800000	37.500000	179.70	55.699741	36.757778	227.7	11011
23	2023-04-20	14:25:10	5567.1071	4	0.0182	0.0024	5569.5419	2.4	7.4	1.0294	-0.0565	0.0006	0.1296	-2.5085	60	0.000	55.800000	37.500000	179.70	55.699757	36.757874	227.8	11011
23	2023-04-20	14:26:10	5567.1083	4	0.0147	0.0019	5569.5433	2.4	9.7	1.0305	-0.0570	0.0010	0.1295	-2.5085	60	0.000	55.800000	37.500000	179.70	55.699757	36.757816	227.8	11011
23	2023-04-20	14:27:10	5567.1080	4	0.0165	0.0021	5569.5436	1.8	9.4	1.0344	-0.0574	0.0009	0.1295	-2.5086	60	0.000	55.800000	37.500000	179.70	55.699947	36.757191	228.1	11011
23	2023-04-20	14:28:10	5567.1072	4	0.0187	0.0024	5569.5432	2.3	9.6	1.0357	-0.0579	0.0012	0.1293	-2.5086	60	0.000	55.800000	37.500000	179.70	55.699814	36.757458	228.2	11011
23	2023-04-20	14:29:10	5567.1069	4	0.0173	0.0022	5569.5430	2.9	11.6	1.0334	-0.0583	0.0017	0.1291	-2.5086	60	0.000	55.800000	37.500000	179.70	55.699120	36.757721	228.5	11011
23	2023-04-20	14:30:10	5567.1088	4	0.0159	0.0020	5569.5458	1.8	11.4	1.0354	-0.0588	0.0013	0.1290	-2.5086	60	0.000	55.800000	37.500000	179.70	55.699757	36.757332	229.2	11011
23	2023-04-20	14:31:10	5567.1098	4	0.0158	0.0020	5569.5468	1.3	11.2	1.0254	-0.0592	0.0018	0.1291	-2.5086	60	0.000	55.800000	37.500000	179.70	55.699608	36.757484	229.6	11011
23	2023-04-20	14:32:10	5567.1095	4	0.0166	0.0021	5569.5472	0.7	11.3	1.0320	-0.0597	0.0017	0.1289	-2.5086	60	0.000	55.800000	37.500000	179.70	55.699833	36.757626	229.5	11011
23	2023-04-20	14:33:10	5567.1077	4	0.0128	0.0017	5569.5463	0.3	10.7	1.0235	-0.0601	0.0015	0.1286	-2.5086	60	0.000	55.800000	37.500000	179.70	55.699703	36.757725	229.4	11011
23	2023-04-20	14:34:10	5567.1090	4	0.0176	0.0023	5569.5480	-0.2	11.0	1.0283	-0.0605	0.0016	0.1286	-2.5086	60	0.000	55.800000	37.500000	179.70	55.699814	36.757256	228.7	11011
23	2023-04-20	14:35:10	5567.1068	4	0.0161	0.0021	5569.5463	1.1	11.5	1.0243	-0.0610	0.0018	0.1283	-2.5086	60	0.000	55.800000	37.500000	179.70	55.699894	36.756779	228.6	11011
23	2023-04-20	14:36:10	5567.1090	4	0.0141	0.0018	5569.5492	-1.0	11.4	1.0263	-0.0614	0.0016	0.1283	-2.5086	60	0.000	55.800000	37.500000	179.70	55.699806	36.756710	228.5	11011
23	2023-04-20	14:37:10	5567.1095	4	0.0149	0.0019	5569.5498	-0.6	12.3	1.0242	-0.0619	0.0019	0.1283	-2.5086	60	0.000	55.800000	37.500000	179.70	55.699661	36.758324	228.5	11011
23	2023-04-20	14:38:10	5567.1078	4	0.0204	0.0026	5569.5492	-0.7	10.7	1.0281	-0.0623	0.0014	0.1282	-2.5086	60	0.000	55.800000	37.500000	179.70	55.699833	36.757446	228.1	11011
23	2023-04-20	14:39:10	5567.1077	4	0.0123	0.0016	5569.5494	1.3	10.8	1.0276	-0.0627	0.0015	0.1282	-2.5087	60	0.000	55.800000	37.500000	179.70	55.699780	36.757397	228.1	11011
23	2023-04-20	14:40:10	5567.1083	4	0.0142	0.0018	5569.5507	1.5	9.8	1.0216	-0.0631	0.0014	0.1280	-2.5087	60	0.000	55.800000	37.500000	179.70	55.699577	36.757706	227.4	11011
23	2023-04-20	14:41:10	5567.1090	4	0.0204	0.0026	5569.5520	0.2	11.0	1.0170	-0.0636	0.0014	0.1279	-2.5087	60	0.000	55.800000	37.500000	179.70	55.699520	36.757477	227.4	11011
23	2023-04-20	14:42:10	5567.1086	4	0.0139	0.0018	5569.5523	0.3	11.2	1.0297	-0.0640	0.0013	0.1278	-2.5087	60	0.000	55.800000	37.500000	179.70	--	--	--	11011
23	2023-04-20	14:43:10	5567.1088	4	0.0166	0.0021	5569.5523	-0.4	11.7	1.0221	-0.0644	0.0017	0.1278	-2.5087	60	0.000	55.800000	37.500000	179.70	--	--	--	11011
23	2023-04-20	14:44:10	5567.1097	4	0.0168	0.0022	5569.5540	1.8	11.9	1.0179	-0.0648	0.0015	0.1277	-2.5087	60	0.000	55.800000	37.500000	179.70	--	--	--	11011
3	2023-04-20	16:59:32	5589.6913	4	0.0174	0.0022	5592.1545	1.1	1.7	1.1318	-0.0948	0.0001	0.1412	-2.5098	60	0.000	55.800000	37.500000	179.70	55.780849	37.639294	161.2	11011
3	2023-04-20	17:00:32	5589.6919	4	0.0136	0.0018	5592.1555	0.1	-0.3	1.1235	-0.0949	0.0001	0.1410	-2.5098	60	0.000	55.800000	37.500000	179.70	55.781048	37.639019	163.8	11011
3	2023-04-20	17:01:32	5589.6907	4	0.0127	0.0016	5592.1544	0.3	0.3	1.1286	-0.0949	0.0001	0.1409	-2.5098	60	0.000	55.800000	37.500000	179.70	55.781136	37.639732	164.1	11011
3	2023-04-20	17:02:32	5589.6912	4	0.0140	0.0018	5592.1552	-1.6	0.8	1.1272	-0.0949	0.0001	0.1406	-2.5098	60	0.000	55.800000	37.500000	179.70	55.780952	37.639141	166.4	11011
3	2023-04-20	17:03:32	5589.6921	4	0.0144	0.0019	5592.1563	-0.3	-0.5	1.1247	-0.0949	0.0001	0.1405	-2.5098	60	0.000	55.800000	37.500000	179.70	55.780994	37.639221	166.6	11011
3	2023-04-20	17:04:32	5589.6919	4	0.0121	0.0016	5592.1560	-0.4	1.2	1.1184	-0.0949	0.0001	0.1405	-2.5098	60	0.000	55.800000	37.500000	179.70	55.780785	37.639278	168.0	11011
3	2023-04-20	17:05:32	5589.6915	4	0.0141	0.0018	5592.1556	-1.2	3.3	1.1186	-0.0949	0.0003	0.1403	-2.5098	60	0.000	55.800000	37.500000	179.70	55.780697	37.639259	168.7	11011
3	2023-04-20	17:06:32	5589.6922	4	0.0181	0.0023	5592.1567	-1.6	3.9	1.1212	-0.0949	0.0002	0.1400	-2.5098	60	0.000	55.800000	37.500000	179.70	55.780899	37.639202	169.0	11011
3	2023-04-20	17:07:32	5589.6895	4	0.0162	0.0021	5592.1541	-0.4	2.8	1.1251	-0.0949	0.0002	0.1400	-2.5098	60	0.000	55.800000	37.500000	179.70	55.780792	37.639294	169.1	11011
3	2023-04-20	17:08:32	5589.6908	4	0.0143	0.0018	5592.1555	1.1	2.2	1.1205	-0.0949	0.0001	0.1399	-2.5098	60	0.000	55.800000	37.500000	179.70	55.780746	37.639164	170.4	11011
3	2023-04-20	17:09:32	5589.6912	4	0.0180	0.0023	5592.1562	0.1	0.6	1.1103	-0.0949	0.0001	0.1398	-2.5099	60	0.000	55.800000	37.500000	179.70	55.781219	37.638935	168.8	11011
3	2023-04-20	17:10:32	5589.6917	4	0.0122	0.0016	5592.1567	1.6	0.3	1.1198	-0.0949	0.0001	0.1397	-2.5099	60	0.000	55.800000	37.500000	179.70	55.780933	37.639317	170.1	11011
3	2023-04-20	17:11:32	5589.6905	4	0.0154	0.0020	5592.1557	0.7	1.9	1.1178	-0.0949	0.0001	0.1395	-2.5099	60	0.000	55.800000	37.500000	179.70	55.780666	37.639336	173.9	11011
3	2023-04-20	17:12:32	5589.6914	4	0.0145	0.0019	5592.1565	1.0	2.8	1.1097	-0.0949	0.0002	0.1395	-2.5099	60	0.000	55.800000	37.500000	179.70	55.780689	37.639202	176.0	11011
3	2023-04-20	17:13:32	5589.6911	4	0.0130	0.0017	5592.1566	-0.6	1.0	1.1123	-0.0949	0.0001	0.1391	-2.5099	60	0.000	55.800000	37.500000	179.70	55.779686	37.638935	176.4	11011
3	2023-04-20	17:14:32	5589.6904	4	0.0142	0.0018	5592.1559	-0.3	2.0	1.1128	-0.0949	0.0001	0.1391	-2.5099	60	0.000	55.800000	37.500000	179.70	55.779324	37.638783	177.1	11011
3	2023-04-20	17:15:32	5589.6904	4	0.0133	0.0017	5592.1560	-1.3	1.1	1.1142	-0.0948	0.0001	0.1390	-2.5099	60	0.000	55.800000	37.500000	179.70	55.780899	37.639553	178.9	11011
3	2023-04-20	17:16:32	5589.6906	4	0.0168	0.0022	5592.1560	-2.0	2.6	1.1101	-0.0948	0.0002	0.1392	-2.5099	60	0.000	55.800000	37.500000	179.70	55.780937	37.639088	186.0	11011
3	2023-04-20	17:17:32	5589.6920	4	0.0135	0.0017	5592.1575	-1.8	4.0	1.1085	-0.0948	0.0003	0.1389	-2.5099	60	0.000	55.800000	37.500000	179.70	55.781281	37.639030	192.5	11011
3	2023-04-20	17:18:32	5589.6903	4	0.0193	0.0025	5592.1561	-0.9	2.2	1.1015	-0.0948	0.0001	0.1388	-2.5099	60	0.000	55.800000	37.500000	179.70	55.781223	37.639145	198.3	11011
3	2023-04-20	17:19:32	5589.6903	4	0.0131	0.0017	5592.1560	0.4	3.3	1.1081	-0.0947	0.0004	0.1386	-2.5099	60	0.000	55.800000	37.500000	179.70	55.781029	37.639305	196.4	11011
3	2023-04-20	17:20:32	5589.6910	4	0.0130	0.0017	5592.1568	-1.7	2.4	1.1097	-0.0947	0.0002	0.1387	-2.5099	60	0.000	55.800000	37.500000	179.70	55.780876	37.639259	195.3	11011
3	2023-04-20	17:21:32	5589.6902	4	0.0150	0.0019	5592.1562	-0.6	2.5	1.1046	-0.0947	0.0001	0.1385	-2.5099	60	0.000	55.800000	37.500000	179.70	55.780869	37.639164	194.1	11011
3	2023-04-20	17:22:32	5589.6910	4	0.0172	0.0022	5592.1567	1.2	3.5	1.1058	-0.0946	0.0003	0.1386	-2.5100	60	0.000	55.800000	37.500000	179.70	55.781536	37.639675	192.0	11011
3	2023-04-20	17:23:32	5589.6916	4	0.0168	0.0022	5592.1576	0.9	3.3	1.1031	-0.0946	0.0002	0.1383	-2.5100	60	0.000	55.800000	37.500000	179.70	55.781986	37.640209	192.6	11011
3	2023-04-20	17:24:32	5589.6910	4	0.0130	0.0017	5592.1569	-0.6	3.2	1.1017	-0.0945	0.0002	0.1384	-2.5100	60	0.000	55.800000	37.500000	179.70	55.780918	37.639465	193.6	11011
3	2023-04-20	17:25:32	5589.6901	4	0.0170	0.0022	5592.1561	1.0	4.4	1.1086	-0.0945	0.0003	0.1382	-2.5100	60	0.000	55.800000	37.500000	179.70	55.781124	37.639400	193.9	11011
3	2023-04-20	17:26:32	5589.6916	4	0.0147	0.0019	5592.1574	1.2	4.8	1.1013	-0.0945	0.0003	0.1384	-2.5100	60	0.000	55.800000	37.500000	179.70	55.780838	37.639217	192.5	11011
3	2023-04-20	17:27:32	5589.6912	4	0.0129	0.0017	5592.1572	1.7	2.9	1.1048	-0.0944	0.0002	0.1382	-2.5100	60	0.000	55.800000	37.500000	179.70	55.780849	37.639191	192.5	11011
3	2023-04-20	17:28:32	5589.6913	4	0.0127	0.0016	5592.1575	-0.4	3.9	1.1058	-0.0944	0.0002	0.1380	-2.5100	60	0.000	55.800000	37.500000	179.70	55.780880	37.639427	195.8	11011
3	2023-04-20	17:29:32	5589.6917	4	0.0140	0.0018	5592.1578	0.5	3.1	1.1059	-0.0943	0.0002	0.1379	-2.5100	60	0.000	55.800000	37.500000	179.70	55.781620	37.639027	197.3	11011
3	2023-04-20	17:30:32	5589.6900	4	0.0157	0.0020	5592.1561	-1.5	2.6	1.1067	-0.0942	0.0002	0.1380	-2.5100	60	0.000	55.800000	37.500000	179.70	55.782097	37.637638	204.3	11011
3	2023-04-20	17:31:32	5589.6907	4	0.0126	0.0016	5592.1567	0.1	3.4	1.0979	-0.0942	0.0003	0.1380	-2.5100	60	0.000	55.800000	37.500000	179.70	55.781944	37.637619	208.7	11011
3	2023-04-20	17:32:32	5589.6921	4	0.0114	0.0015	5592.1579	1.5	4.5	1.1013	-0.0941	0.0003	0.1381	-2.5100	60	0.000	55.800000	37.500000	179.70	--	--	--	11011
3	2023-04-20	17:33:32	5589.6905	4	0.0118	0.0015	5592.1565	1.0	4.6	1.0983	-0.0941	0.0003	0.1379	-2.5100	60	0.000	55.800000	37.500000	179.70	55.781372	37.639420	237.4	11011
3	2023-04-20	17:34:32	5589.6915	4	0.0170	0.0022	5592.1574	3.5	3.8	1.0999	-0.0940	0.0004	0.1378	-2.5101	60	0.000	55.800000	37.500000	179.70	55.780842	37.639240	224.9	11011
3	2023-04-20	17:35:32	5589.6925	4	0.0118	0.0015	5592.1583	4.5	3.7	1.0990	-0.0939	0.0005	0.1376	-2.5101	60	0.000	55.800000	37.500000	179.70	55.781258	37.638714	225.7	11011
3	2023-04-20	17:36:32	5589.6908	4	0.0137	0.0018	5592.1565	2.0	5.4	1.1010	-0.0939	0.0005	0.1378	-2.5101	60	0.000	55.800000	37.500000	179.70	55.781326	37.638554	222.1	11011
3	2023-04-20	17:37:32	5589.6906	4	0.0133	0.0017	5592.1563	-0.1	5.9	1.1025	-0.0938	0.0005	0.1376	-2.5101	60	0.000	55.800000	37.500000	179.70	55.781166	37.638885	219.2	11011
3	2023-04-20	17:38:32	5589.6909	4	0.0161	0.0021	5592.1563	2.0	5.7	1.1014	-0.0937	0.0007	0.1376	-2.5101	60	0.000	55.800000	37.500000	179.70	55.780838	37.638988	214.9	11011
3	2023-04-20	17:39:32	5589.6910	4	0.0150	0.0019	5592.1566	3.8	3.5	1.0950	-0.0936	0.0004	0.1377	-2.5101	60	0.000	55.800000	37.500000	179.70	55.780785	37.639774	214.4	11011
3	2023-04-20	17:40:32	5589.6908	4	0.0152	0.0020	5592.1567	4.7	2.8	1.1023	-0.0936	0.0004	0.1375	-2.5101	60	0.000	55.800000	37.500000	179.70	55.780746	37.639408	215.1	11011
3	2023-04-20	17:41:32	5589.6917	4	0.0129	0.0017	5592.1575	1.5	4.3	1.0978	-0.0935	0.0003	0.1375	-2.5101	60	0.000	55.800000	37.500000	179.70	55.780876	37.639294	214.2	11011
3	2023-04-20	17:42:32	5589.6920	4	0.0141	0.0018	5592.1577	0.6	3.6	1.0989	-0.0934	0.0003	0.1375	-2.5101	60	0.000	55.800000	37.500000	179.70	55.780647	37.639095	215.6	11011
3	2023-04-20	17:43:32	5589.6910	4	0.0129	0.0017	5592.1569	1.6	2.8	1.1036	-0.0933	0.0002	0.1374	-2.5101	60	0.000	55.800000	37.500000	179.70	55.780411	37.638859	215.5	11011
3	2023-04-20	17:44:32	5589.6911	4	0.0186	0.0024	5592.1569	0.6	4.7	1.1001	-0.0932	0.0004	0.1372	-2.5101	60	0.000	55.800000	37.500000	179.70	55.780468	37.639133	215.7	11011
3	2023-04-20	17:45:32	5589.6909	4	0.0149	0.0019	5592.1564	2.6	5.4	1.1021	-0.0931	0.0005	0.1372	-2.5101	60	0.000	55.800000	37.500000	179.70	55.780869	37.639122	219.3	11011
3	2023-04-20	17:46:32	5589.6909	4	0.0138	0.0018	5592.1566	1.9	5.0	1.0942	-0.0930	0.0003	0.1371	-2.5101	60	0.000	55.800000	37.500000	179.70	55.780621	37.639954	220.3	11011
3	2023-04-20	17:47:32	5589.6918	4	0.0174	0.0022	5592.1575	2.0	4.4	1.0940	-0.0929	0.0003	0.1371	-2.5102	60	0.000	55.800000	37.500000	179.70	55.780819	37.639179	219.1	11011
3	2023-04-20	17:48:32	5589.6911	4	0.0188	0.0024	5592.1568	1.2	2.9	1.0941	-0.0929	0.0001	0.1372	-2.5102	60	0.000	55.800000	37.500000	179.70	55.780823	37.639450	217.1	11011
3	2023-04-20	17:49:32	5589.6905	4	0.0165	0.0021	5592.1563	1.1	0.7	1.0936	-0.0928	0.0001	0.1370	-2.5102	60	0.000	55.800000	37.500000	179.70	55.780781	37.639572	215.9	11011
3	2023-04-20	17:50:32	5589.6903	4	0.0136	0.0018	5592.1558	1.7	3.1	1.1003	-0.0927	0.0003	0.1371	-2.5102	60	0.000	55.800000	37.500000	179.70	55.780907	37.639217	216.8	11011
3	2023-04-20	17:51:32	5589.6911	4	0.0144	0.0019	5592.1565	1.4	4.4	1.0942	-0.0926	0.0003	0.1371	-2.5102	60	0.000	55.800000	37.500000	179.70	55.781067	37.639019	219.2	11011
3	2023-04-20	17:52:32	5589.6889	4	0.0138	0.0018	5592.1545	2.0	2.7	1.1001	-0.0925	0.0002	0.1369	-2.5102	60	0.000	55.800000	37.500000	179.70	55.781193	37.639351	220.8	11011
3	2023-04-20	17:53:32	5589.6911	4	0.0151	0.0019	5592.1563	2.1	2.6	1.1031	-0.0924	0.0002	0.1371	-2.5102	60	0.000	55.800000	37.500000	179.70	55.781528	37.639248	222.5	11011
3	2023-04-20	17:54:32	5589.6905	4	0.0143	0.0018	5592.1559	2.9	3.3	1.0987	-0.0922	0.0003	0.1368	-2.5102	60	0.000	55.800000	37.500000	179.70	55.781162	37.639698	218.4	11011
3	2023-04-20	17:55:32	5589.6912	4	0.0127	0.0016	5592.1563	2.2	4.2	1.0961	-0.0921	0.0003	0.1369	-2.5102	60	0.000	55.800000	37.500000	179.70	55.781288	37.639584	218.1	11011
3	2023-04-20	17:56:32	5589.6921	4	0.0156	0.0020	5592.1573	0.5	3.4	1.0927	-0.0920	0.0002	0.1369	-2.5102	60	0.000	55.800000	37.500000	179.70	55.781162	37.639030	219.7	11011
3	2023-04-20	17:57:32	5589.6904	4	0.0149	0.0019	5592.1555	-1.1	1.8	1.1002	-0.0919	0.0001	0.1370	-2.5102	60	0.000	55.800000	37.500000	179.70	55.781010	37.639164	220.5	11011
3	2023-04-20	17:58:32	5589.6910	4	0.0173	0.0022	5592.1561	-0.6	1.4	1.0954	-0.0918	0.0001	0.1370	-2.5102	60	0.000	55.800000	37.500000	179.70	55.781013	37.639191	221.0	11011
3	2023-05-03	05:01:41	5589.1001	4	0.0213	0.0027	5591.6465	2.4	-0.5	1.0845	-0.0286	0.0001	0.1356	-2.6535	60	0.000	55.800000	37.500000	179.70	--	--	--	11011
3	2023-05-03	05:02:41	5589.1007	4	0.0268	0.0035	5591.6467	3.0	-0.9	1.0823	-0.0282	0.0003	0.1354	-2.6535	60	0.000	55.800000	37.500000	179.70	--	--	--	11011
3	2023-05-03	05:03:41	5589.1011	4	0.0275	0.0035	5591.6470	3.5	0.1	1.0764	-0.0277	0.0003	0.1352	-2.6536	60	0.000	55.800000	37.500000	179.70	--	--	--	11011
3	2023-05-03	05:04:41	5589.1014	4	0.0167	0.0021	5591.6469	4.2	0.7	1.0831	-0.0273	0.0003	0.1351	-2.6536	60	0.000	55.800000	37.500000	179.70	--	--	--	11011
3	2023-05-03	05:05:41	5589.0998	4	0.0301	0.0039	5591.6447	3.6	0.5	1.0804	-0.0269	0.0003	0.1352	-2.6536	60	0.000	55.800000	37.500000	179.70	--	--	--	11011
3	2023-05-03	05:06:41	5589.1010	4	0.0268	0.0035	5591.6459	1.5	0.2	1.0716	-0.0264	0.0001	0.1350	-2.6536	60	0.000	55.800000	37.500000	179.70	--	--	--	11011
3	2023-05-03	05:07:41	5589.1007	4	0.0200	0.0026	5591.6454	0.5	-1.3	1.0753	-0.0260	0.0001	0.1348	-2.6536	60	0.000	55.800000	37.500000	179.70	--	--	--	11011
3	2023-05-03	05:08:41	5589.1016	4	0.0202	0.0026	5591.6459	1.5	0.2	1.0779	-0.0256	0.0001	0.1348	-2.6536	60	0.000	55.800000	37.500000	179.70	--	--	--	11011
3	2023-05-03	05:09:41	5589.1002	4	0.0283	0.0037	5591.6440	3.7	-0.8	1.0746	-0.0252	0.0002	0.1347	-2.6536	60	0.000	55.800000	37.500000	179.70	--	--	--	11011
3	2023-05-03	05:10:41	5589.1013	4	0.0190	0.0025	5591.6448	2.1	0.8	1.0815	-0.0247	0.0001	0.1347	-2.6536	60	0.000	55.800000	37.500000	179.70	--	--	--	11011
3	2023-05-03	05:11:41	5589.1023	4	0.0293	0.0038	5591.6456	1.1	-1.3	1.0756	-0.0243	0.0001	0.1345	-2.6536	60	0.000	55.800000	37.500000	179.70	--	--	--	11011
3	2023-05-03	05:12:41	5589.1015	4	0.0258	0.0033	5591.6442	3.9	0.4	1.0758	-0.0239	0.0003	0.1344	-2.6536	60	0.000	55.800000	37.500000	179.70	--	--	--	11011
3	2023-05-03	05:13:41	5589.1004	4	0.0187	0.0024	5591.6429	1.5	1.2	1.0839	-0.0234	0.0002	0.1344	-2.6536	60	0.000	55.800000	37.500000	179.70	--	--	--	11011
3	2023-05-03	05:14:41	5589.1013	4	0.0288	0.0037	5591.6434	2.3	0.4	1.0715	-0.0230	0.0002	0.1344	-2.6536	60	0.000	55.800000	37.500000	179.70	--	--	--	11011
3	2023-05-03	05:15:41	5589.1018	4	0.0229	0.0030	5591.6436	2.1	-0.6	1.0748	-0.0226	0.0001	0.1344	-2.6537	60	0.000	55.800000	37.500000	179.70	--	--	--	11011
3	2023-05-03	05:16:41	5589.1002	4	0.0256	0.0033	5591.6416	0.8	0.2	1.0758	-0.0222	0.0001	0.1343	-2.6537	60	0.000	55.800000	37.500000	179.70	--	--	--	11011
3	2023-05-03	05:17:41	5589.1007	4	0.0181	0.0023	5591.6414	2.2	3.0	1.0753	-0.0217	0.0003	0.1344	-2.6537	60	0.000	55.800000	37.500000	179.70	--	--	--	11011
3	2023-05-03	05:18:41	5589.1014	4	0.0231	0.0030	5591.6416	2.0	4.7	1.0703	-0.0213	0.0004	0.1344	-2.6537	60	0.000	55.800000	37.500000	179.70	--	--	--	11011
3	2023-05-03	05:19:41	5589.1004	4	0.0197	0.0025	5591.6403	3.1	4.6	1.0714	-0.0209	0.0004	0.1343	-2.6537	60	0.000	55.800000	37.500000	179.70	--	--	--	11011
3	2023-05-03	05:20:41	5589.1022	4	0.0302	0.0039	5591.6418	4.0	4.0	1.0687	-0.0205	0.0003	0.1343	-2.6537	60	0.000	55.800000	37.500000	179.70	--	--	--	11011
3	2023-05-03	05:21:41	5589.1022	4	0.0173	0.0022	5591.6416	2.5	2.4	1.0660	-0.0200	0.0002	0.1342	-2.6537	60	0.000	55.800000	37.500000	179.70	--	--	--	11011
3	2023-05-03	05:22:41	5589.1013	4	0.0277	0.0036	5591.6402	0.6	1.7	1.0735	-0.0196	0.0002	0.1343	-2.6537	60	0.000	55.800000	37.500000	179.70	--	--	--	11011
3	2023-05-03	05:23:41	5589.1011	4	0.0228	0.0029	5591.6398	2.3	0.6	1.0790	-0.0192	0.0001	0.1341	-2.6537	60	0.000	55.800000	37.500000	179.70	--	--	--	11011
3	2023-05-03	05:24:41	5589.1022	4	0.0198	0.0026	5591.6403	2.7	-0.0	1.0693	-0.0188	0.0002	0.1342	-2.6537	60	0.000	55.800000	37.500000	179.70	--	--	--	11011
3	2023-05-03	05:25:41	5589.1004	4	0.0214	0.0028	5591.6381	4.1	0.0	1.0686	-0.0184	0.0003	0.1341	-2.6537	60	0.000	55.800000	37.500000	179.70	--	--	--	11011
3	2023-05-03	05:26:41	5589.1008	4	0.0263	0.0034	5591.6381	2.3	0.4	1.0741	-0.0179	0.0001	0.1342	-2.6537	60	0.000	55.800000	37.500000	179.70	--	--	--	11011
3	2023-05-03	05:27:41	5589.1009	4	0.0216	0.0028	5591.6380	1.6	0.7	1.0795	-0.0175	0.0001	0.1341	-2.6537	60	0.000	55.800000	37.500000	179.70	--	--	--	11011
3	2023-05-03	05:28:41	5589.1002	4	0.0234	0.0030	5591.6368	3.1	0.3	1.0733	-0.0171	0.0002	0.1341	-2.6538	60	0.000	55.800000	37.500000	179.70	--	--	--	11011
3	2023-05-03	05:29:41	5589.1008	4	0.0246	0.0032	5591.6369	5.1	-0.6	1.0728	-0.0167	0.0003	0.1340	-2.6538	60	0.000	55.800000	37.500000	179.70	--	--	--	11011
3	2023-05-03	05:30:41	5589.1018	4	0.0293	0.0038	5591.6372	7.3	-0.4	1.0767	-0.0163	0.0008	0.1338	-2.6538	60	0.000	55.800000	37.500000	179.70	--	--	--	11011
3	2023-05-03	05:31:41	5589.1017	4	0.0226	0.0029	5591.6369	4.7	-2.2	1.0694	-0.0159	0.0004	0.1340	-2.6538	60	0.000	55.800000	37.500000	179.70	--	--	--	11011
3	2023-05-03	05:32:41	5589.1034	4	0.0191	0.0025	5591.6384	4.3	-0.2	1.0711	-0.0154	0.0003	0.1339	-2.6538	60	0.000	55.800000	37.500000	179.70	--	--	--	11011
3	2023-05-03	05:33:41	5589.1034	4	0.0189	0.0024	5591.6380	4.4	-0.0	1.0691	-0.0150	0.0003	0.1339	-2.6538	60	0.000	55.800000	37.500000	179.70	--	--	--	11011
3	2023-05-03	05:34:41	5589.1029	4	0.0308	0.0040	5591.6372	3.6	-1.4	1.0751	-0.0146	0.0002	0.1339	-2.6538	60	0.000	55.800000	37.500000	179.70	--	--	--	11011
3	2023-05-03	05:35:41	5589.1012	4	0.0239	0.0031	5591.6351	4.2	-1.8	1.0671	-0.0142	0.0003	0.1338	-2.6538	60	0.000	55.800000	37.500000	179.70	--	--	--	11011
3	2023-05-03	05:36:41	5589.1025	4	0.0213	0.0027	5591.6361	3.0	-2.1	1.0661	-0.0138	0.0003	0.1337	-2.6538	60	0.000	55.800000	37.500000	179.70	--	--	--	11011
3	2023-05-03	05:37:41	5589.1017	4	0.0181	0.0023	5591.6349	4.3	-2.3	1.0696	-0.0134	0.0004	0.1337	-2.6538	60	0.000	55.800000	37.500000	179.70	--	--	--	11011
3	2023-05-03	05:38:41	5589.1028	4	0.0212	0.0027	5591.6354	3.6	-2.0	1.0771	-0.0130	0.0003	0.1339	-2.6538	60	0.000	55.800000	37.500000	179.70	--	--	--	11011
3	2023-05-03	05:39:41	5589.1016	4	0.0256	0.0033	5591.6340	3.4	-0.5	1.0716	-0.0126	0.0002	0.1338	-2.6538	60	0.000	55.800000	37.500000	179.70	--	--	--	11011
3	2023-05-03	05:40:41	5589.1016	4	0.0248	0.0032	5591.6337	2.1	1.0	1.0667	-0.0121	0.0002	0.1337	-2.6539	60	0.000	55.800000	37.500000	179.70	--	--	--	11011
3	2023-05-03	05:41:41	5589.1015	4	0.0299	0.0039	5591.6329	3.8	1.2	1.0646	-0.0117	0.0005	0.1337	-2.6539	60	0.000	55.800000	37.500000	179.70	--	--	--	11011
3	2023-05-03	05:42:41	5589.1013	4	0.0284	0.0037	5591.6325	3.2	-0.4	1.0680	-0.0113	0.0002	0.1338	-2.6539	60	0.000	55.800000	37.500000	179.70	--	--	--	11011
3	2023-05-03	05:43:41	5589.1026	4	0.0161	0.0021	5591.6331	4.9	0.7	1.0736	-0.0109	0.0004	0.1339	-2.6539	60	0.000	55.800000	37.500000	179.70	--	--	--	11011
3	2023-05-03	05:44:41	5589.1014	4	0.0217	0.0028	5591.6318	5.3	1.9	1.0752	-0.0105	0.0005	0.1336	-2.6539	60	0.000	55.800000	37.500000	179.70	--	--	--	11011
3	2023-05-03	05:45:41	5589.1005	4	0.0254	0.0033	5591.6304	4.8	2.1	1.0703	-0.0101	0.0005	0.1336	-2.6539	60	0.000	55.800000	37.500000	179.70	--	--	--	11011
3	2023-05-03	05:46:41	5589.1022	4	0.0247	0.0032	5591.6318	4.0	0.7	1.0692	-0.0097	0.0002	0.1338	-2.6539	60	0.000	55.800000	37.500000	179.70	--	--	--	11011
3	2023-05-03	05:47:41	5589.1007	4	0.0312	0.0040	5591.6300	4.0	1.0	1.0771	-0.0093	0.0003	0.1337	-2.6539	60	0.000	55.800000	37.500000	179.70	--	--	--	11011
3	2023-05-03	05:48:41	5589.1017	4	0.0250	0.0032	5591.6305	4.4	0.4	1.0718	-0.0089	0.0003	0.1338	-2.6539	60	0.000	55.800000	37.500000	179.70	--	--	--	11011
3	2023-05-03	05:49:41	5589.1011	4	0.0265	0.0034	5591.6295	3.7	-0.7	1.0631	-0.0085	0.0002	0.1338	-2.6539	60	0.000	55.800000	37.500000	179.70	--	--	--	11011
3	2023-05-03	05:50:41	5589.1013	4	0.0236	0.0030	5591.6294	4.0	-1.5	1.0691	-0.0081	0.0003	0.1337	-2.6539	60	0.000	55.800000	37.500000	179.70	--	--	--	11011
3	2023-05-03	05:51:41	5589.1005	4	0.0326	0.0042	5591.6279	4.7	-2.3	1.0640	-0.0077	0.0006	0.1337	-2.6539	60	0.000	55.800000	37.500000	179.70	--	--	--	11011
3	2023-05-03	05:52:41	5589.0993	4	0.0228	0.0029	5591.6266	5.5	-0.4	1.0659	-0.0073	0.0005	0.1335	-2.6539	60	0.000	55.800000	37.500000	179.70	--	--	--	11011
3	2023-05-03	05:53:41	5589.1009	4	0.0165	0.0021	5591.6279	3.5	0.3	1.0646	-0.0070	0.0002	0.1337	-2.6540	60	0.000	55.800000	37.500000	179.70	--	--	--	11011
3	2023-05-03	05:54:41	5589.1000	4	0.0129	0.0017	5591.6269	3.3	1.5	1.0725	-0.0066	0.0002	0.1335	-2.6540	60	0.000	55.800000	37.500000	179.70	--	--	--	11011
3	2023-05-03	05:55:41	5589.1003	4	0.0183	0.0024	5591.6265	4.0	1.3	1.0639	-0.0062	0.0002	0.1336	-2.6540	60	0.000	55.800000	37.500000	179.70	--	--	--	11011
3	2023-05-03	05:56:41	5589.1009	4	0.0296	0.0038	5591.6267	4.8	3.0	1.0700	-0.0058	0.0005	0.1335	-2.6540	60	0.000	55.800000	37.500000	179.70	--	--	--	11011
3	2023-05-03	05:57:41	5589.0998	4	0.0231	0.0030	5591.6252	4.2	3.9	1.0604	-0.0054	0.0004	0.1337	-2.6540	60	0.000	55.800000	37.500000	179.70	--	--	--	11011
3	2023-05-03	05:58:41	5589.1004	4	0.0282	0.0036	5591.6253	2.5	5.1	1.0632	-0.0050	0.0005	0.1335	-2.6540	60	0.000	55.800000	37.500000	179.70	--	--	--	11011
3	2023-05-03	05:59:41	5589.1008	4	0.0196	0.0025	5591.6257	4.0	1.6	1.0713	-0.0046	0.0003	0.1335	-2.6540	60	0.000	55.800000	37.500000	179.70	--	--	--	11011
3	2023-05-03	06:00:41	5589.0989	4	0.0195	0.0025	5591.6233	4.7	2.4	1.0702	-0.0042	0.0003	0.1336	-2.6540	60	0.000	55.800000	37.500000	179.70	--	--	--	11011
23	2023-05-03	07:47:01	5566.4977	4	0.0281	0.0036	5568.9883	3.2	-1.6	1.1218	0.0239	0.0002	0.1402	-2.6549	60	0.000	55.800000	37.500000	179.70	55.699463	36.757645	184.9	11011
23	2023-05-03	07:48:01	5566.4957	4	0.0216	0.0028	5568.9868	1.8	-1.6	1.1190	0.0240	0.0001	0.1396	-2.6549	60	0.000	55.800000	37.500000	179.70	55.699932	36.757542	192.8	11011
23	2023-05-03	07:49:01	5566.4973	4	0.0326	0.0042	5568.9887	2.1	-0.8	1.1060	0.0241	0.0001	0.1393	-2.6549	60	0.000	55.800000	37.500000	179.70	--	--	--	11011
23	2023-05-03	07:50:01	5566.4957	4	0.0253	0.0033	5568.9875	3.1	0.2	1.1073	0.0242	0.0002	0.1386	-2.6549	60	0.000	55.800000	37.500000	179.70	55.699608	36.757725	187.0	11011
23	2023-05-03	07:51:01	5566.4969	4	0.0268	0.0035	5568.9891	2.4	-1.2	1.1052	0.0243	0.0001	0.1383	-2.6549	60	0.000	55.800000	37.500000	179.70	55.699501	36.757656	185.9	11011
23	2023-05-03	07:52:01	5566.4965	4	0.0365	0.0047	5568.9890	0.8	-1.6	1.1058	0.0244	0.0001	0.1379	-2.6549	60	0.000	55.800000	37.500000	179.70	--	--	--	11011
23	2023-05-03	07:53:01	5566.4971	4	0.0315	0.0041	5568.9899	-0.6	-1.3	1.1020	0.0245	0.0001	0.1375	-2.6549	60	0.000	55.800000	37.500000	179.70	55.699551	36.757610	234.3	11011
23	2023-05-03	07:54:01	5566.4971	4	0.0278	0.0036	5568.9900	0.2	-1.1	1.0947	0.0246	0.0001	0.1373	-2.6549	60	0.000	55.800000	37.500000	179.70	55.699493	36.757713	186.9	11011
23	2023-05-03	07:55:01	5566.4961	4	0.0227	0.0029	5568.9893	1.0	-2.4	1.0948	0.0247	0.0002	0.1368	-2.6549	60	0.000	55.800000	37.500000	179.70	55.699432	36.757771	185.7	11011
23	2023-05-03	07:56:01	5566.4972	4	0.0202	0.0026	5568.9906	1.8	-1.0	1.0907	0.0248	0.0001	0.1366	-2.6549	60	0.000	55.800000	37.500000	179.70	55.699463	36.757744	183.3	11011
23	2023-05-03	07:57:01	5566.4981	4	0.0352	0.0045	5568.9918	1.1	0.1	1.0860	0.0249	0.0001	0.1363	-2.6549	60	0.000	55.800000	37.500000	179.70	55.699299	36.757782	182.0	11011
23	2023-05-03	07:58:01	5566.4968	4	0.0275	0.0035	5568.9906	2.3	0.3	1.0827	0.0250	0.0001	0.1360	-2.6549	60	0.000	55.800000	37.500000	179.70	55.699284	36.757778	182.7	11011
23	2023-05-03	07:59:01	5566.4980	4	0.0218	0.0028	5568.9922	1.5	0.6	1.0850	0.0251	0.0001	0.1356	-2.6550	60	0.000	55.800000	37.500000	179.70	55.699432	36.757790	182.9	11011
23	2023-05-03	08:00:01	5566.4982	4	0.0314	0.0041	5568.9924	1.2	2.4	1.0805	0.0251	0.0001	0.1355	-2.6550	60	0.000	55.800000	37.500000	179.70	55.699512	36.757675	194.4	11011
23	2023-05-03	08:01:01	5566.4996	4	0.0354	0.0046	5568.9937	2.4	3.5	1.0800	0.0252	0.0004	0.1353	-2.6550	60	0.000	55.800000	37.500000	179.70	55.699291	36.757721	192.8	11011
23	2023-05-03	08:02:01	5566.4996	4	0.0236	0.0031	5568.9943	-0.7	3.1	1.0793	0.0253	0.0001	0.1349	-2.6550	60	0.000	55.800000	37.500000	179.70	55.699207	36.757599	192.6	11011
23	2023-05-03	08:03:01	5566.5003	4	0.0195	0.0025	5568.9949	1.2	3.4	1.0728	0.0254	0.0003	0.1347	-2.6550	60	0.000	55.800000	37.500000	179.70	55.699432	36.757782	192.8	11011
23	2023-05-03	08:04:01	5566.5003	4	0.0212	0.0027	5568.9948	3.1	4.9	1.0718	0.0254	0.0006	0.1346	-2.6550	60	0.000	55.800000	37.500000	179.70	55.699387	36.757820	192.8	11011
23	2023-05-03	08:05:01	5566.4999	4	0.0218	0.0028	5568.9948	0.5	5.8	1.0763	0.0255	0.0005	0.1342	-2.6550	60	0.000	55.800000	37.500000	179.70	--	--	--	11011
23	2023-05-03	08:06:01	5566.4990	4	0.0368	0.0048	5568.9942	0.2	4.9	1.0723	0.0255	0.0003	0.1340	-2.6550	60	0.000	55.800000	37.500000	179.70	55.699299	36.757866	193.0	11011
23	2023-05-03	08:07:01	5566.5010	4	0.0228	0.0029	5568.9959	2.1	6.9	1.0663	0.0256	0.0007	0.1338	-2.6550	60	0.000	55.800000	37.500000	179.70	55.699608	36.757530	194.8	11011
23	2023-05-03	08:08:01	5566.4993	4	0.0260	0.0034	5568.9945	2.2	5.0	1.0675	0.0256	0.0004	0.1338	-2.6550	60	0.000	55.800000	37.500000	179.70	55.699455	36.757668		11011
23	2023-05-03	08:09:01	5566.5003	4	0.0327	0.0042	5568.9960	1.6	4.3	1.0675	0.0257	0.0003	0.1333	-2.6550	60	0.000	55.800000	37.500000	179.70	--	--	--	11011
23	2023-05-03	08:10:01	5566.5012	4	0.0317	0.0041	5568.9968	-0.6	6.3	1.0673	0.0257	0.0005	0.1332	-2.6550	60	0.000	55.800000	37.500000	179.70	55.699627	36.757263	195.4	11011
23	2023-05-03	08:11:01	5566.5000	4	0.0273	0.0035	5568.9960	1.3	4.5	1.0570	0.0258	0.0002	0.1330	-2.6551	60	0.000	55.800000	37.500000	179.70	--	--	--	11011
23	2023-05-03	08:12:01	5566.5001	4	0.0319	0.0041	5568.9962	0.5	4.1	1.0632	0.0258	0.0003	0.1328	-2.6551	60	0.000	55.800000	37.500000	179.70	--	--	--	11011
23	2023-05-03	08:13:01	5566.5007	4	0.0288	0.0037	5568.9969	1.7	4.6	1.0623	0.0258	0.0003	0.1327	-2.6551	60	0.000	55.800000	37.500000	179.70	--	--	--	11011
23	2023-05-03	08:14:01	5566.5016	4	0.0266	0.0034	5568.9979	2.5	5.8	1.0584	0.0259	0.0004	0.1325	-2.6551	60	0.000	55.800000	37.500000	179.70	--	--	--	11011
23	2023-05-03	08:15:01	5566.5020	4	0.0227	0.0029	5568.9985	0.3	5.6	1.0578	0.0259	0.0003	0.1324	-2.6551	60	0.000	55.800000	37.500000	179.70	55.699432	36.757713	195.5	11011
23	2023-05-03	08:16:01	5566.5018	4	0.0323	0.0042	5568.9981	-0.3	7.9	1.0533	0.0259	0.0007	0.1322	-2.6551	60	0.000	55.800000	37.500000	179.70	55.699387	36.757820	195.7	11011
23	2023-05-03	08:17:01	5566.5015	4	0.0285	0.0037	5568.9981	-0.1	6.4	1.0583	0.0260	0.0006	0.1319	-2.6551	60	0.000	55.800000	37.500000	179.70	55.699322	36.757904	195.6	11011
23	2023-05-03	08:18:01	5566.4998	4	0.0290	0.0037	5568.9963	0.6	6.9	1.0516	0.0260	0.0008	0.1319	-2.6551	60	0.000	55.800000	37.500000	179.70	55.699436	36.757359	195.6	11011
23	2023-05-03	08:19:01	5566.5022	4	0.0305	0.0039	5568.9986	1.8	7.9	1.0569	0.0260	0.0009	0.1318	-2.6551	60	0.000	55.800000	37.500000	179.70	55.699455	36.757496	195.9	11011
23	2023-05-03	08:20:01	5566.5011	4	0.0260	0.0034	5568.9976	3.3	6.8	1.0496	0.0260	0.0008	0.1318	-2.6551	60	0.000	55.800000	37.500000	179.70	55.699284	36.757744	196.6	11011
23	2023-05-03	08:21:01	5566.5018	4	0.0223	0.0029	5568.9982	2.5	8.3	1.0495	0.0260	0.0011	0.1317	-2.6551	60	0.000	55.800000	37.500000	179.70	--	--	--	11011
23	2023-05-03	08:22:01	5566.5022	4	0.0242	0.0031	5568.9992	0.8	9.0	1.0533	0.0260	0.0008	0.1314	-2.6551	60	0.000	55.800000	37.500000	179.70	--	--	--	11011
23	2023-05-03	08:23:01	5566.5010	4	0.0229	0.0030	5568.9982	-0.4	7.7	1.0537	0.0260	0.0006	0.1313	-2.6551	60	0.000	55.800000	37.500000	179.70	--	--	--	11011
23	2023-05-03	08:24:01	5566.5023	4	0.0270	0.0035	5568.9995	0.4	8.2	1.0540	0.0260	0.0007	0.1312	-2.6552	60	0.000	55.800000	37.500000	179.70	55.699062	36.758430	196.3	11011
23	2023-05-03	08:25:01	5566.5021	4	0.0287	0.0037	5568.9990	2.2	9.2	1.0485	0.0260	0.0011	0.1312	-2.6552	60	0.000	55.800000	37.500000	179.70	55.699852	36.757103	196.2	11011
23	2023-05-03	08:26:01	5566.5018	4	0.0235	0.0030	5568.9991	1.8	7.5	1.0489	0.0260	0.0008	0.1310	-2.6552	60	0.000	55.800000	37.500000	179.70	55.699966	36.757401	195.9	11011
23	2023-05-03	08:27:01	5566.5026	4	0.0301	0.0039	5568.9997	2.6	8.2	1.0454	0.0260	0.0011	0.1309	-2.6552	60	0.000	55.800000	37.500000	179.70	55.699291	36.757885	196.9	11011
23	2023-05-03	08:28:01	5566.5026	4	0.0237	0.0031	5569.0000	2.8	7.4	1.0472	0.0260	0.0010	0.1309	-2.6552	60	0.000	55.800000	37.500000	179.70	--	--	--	11011
23	2023-05-03	08:29:01	5566.5012	4	0.0243	0.0031	5568.9993	2.3	5.7	1.0470	0.0260	0.0004	0.1307	-2.6552	60	0.000	55.800000	37.500000	179.70	55.699406	36.758141	196.7	11011
23	2023-05-03	08:30:01	5566.5023	4	0.0233	0.0030	5569.0001	1.8	8.6	1.0465	0.0259	0.0009	0.1306	-2.6552	60	0.000	55.800000	37.500000	179.70	55.699348	36.757950	196.7	11011
23	2023-05-03	08:31:01	5566.5015	4	0.0260	0.0034	5568.9992	1.6	9.3	1.0417	0.0259	0.0012	0.1303	-2.6552	60	0.000	55.800000	37.500000	179.70	55.699322	36.757629	196.5	11011
23	2023-05-03	08:32:01	5566.5023	4	0.0300	0.0039	5568.9998	5.0	9.9	1.0433	0.0259	0.0015	0.1303	-2.6552	60	0.000	55.800000	37.500000	179.70	55.699379	36.757790	195.8	11011
23	2023-05-03	08:33:01	5566.5028	4	0.0240	0.0031	5569.0005	3.5	9.5	1.0395	0.0259	0.0014	0.1302	-2.6552	60	0.000	55.800000	37.500000	179.70	55.699425	36.758324	195.7	11011
23	2023-05-03	08:34:01	5566.5032	4	0.0212	0.0027	5569.0013	4.1	9.4	1.0338	0.0258	0.0012	0.1301	-2.6552	60	0.000	55.800000	37.500000	179.70	55.699436	36.758076	195.7	11011
23	2023-05-03	08:35:01	5566.5011	4	0.0270	0.0035	5568.9991	5.1	9.4	1.0358	0.0258	0.0013	0.1301	-2.6552	60	0.000	55.800000	37.500000	179.70	55.699463	36.758038	195.3	11011
23	2023-05-03	08:36:01	5566.5019	4	0.0229	0.0030	5569.0004	3.2	8.7	1.0470	0.0257	0.0011	0.1299	-2.6553	60	0.000	55.800000	37.500000	179.70	--	--	--	11011
23	2023-05-03	08:37:01	5566.5030	4	0.0259	0.0033	5569.0012	2.6	9.9	1.0448	0.0257	0.0015	0.1299	-2.6553	60	0.000	55.800000	37.500000	179.70	55.700195	36.757931	182.3	11011
23	2023-05-03	08:38:01	5566.5025	4	0.0282	0.0036	5569.0011	1.4	11.1	1.0439	0.0257	0.0014	0.1296	-2.6553	60	0.000	55.800000	37.500000	179.70	55.699226	36.757820	193.7	11011
23	2023-05-03	08:39:01	5566.5030	4	0.0292	0.0038	5569.0014	-0.2	9.7	1.0407	0.0256	0.0016	0.1297	-2.6553	60	0.000	55.800000	37.500000	179.70	55.699436	36.758427	195.2	11011
23	2023-05-03	08:40:01	5566.5017	4	0.0265	0.0034	5569.0004	-0.9	10.2	1.0378	0.0256	0.0015	0.1295	-2.6553	60	0.000	55.800000	37.500000	179.70	55.699577	36.758694	196.1	11011
23	2023-05-03	08:41:01	5566.5021	4	0.0237	0.0031	5569.0016	0.8	8.2	1.0297	0.0255	0.0007	0.1297	-2.6553	60	0.000	55.800000	37.500000	179.70	55.699547	36.758602	196.2	11011
23	2023-05-03	08:42:01	5566.5009	4	0.0233	0.0030	5569.0005	1.7	9.2	1.0423	0.0254	0.0010	0.1293	-2.6553	60	0.000	55.800000	37.500000	179.70	55.699493	36.757935	195.9	11011
23	2023-05-03	08:43:01	5566.5028	4	0.0252	0.0032	5569.0023	2.3	9.4	1.0334	0.0254	0.0010	0.1293	-2.6553	60	0.000	55.800000	37.500000	179.70	55.699318	36.757267	196.0	11011
23	2023-05-03	08:44:01	5566.5029	4	0.0251	0.0032	5569.0022	-0.8	10.2	1.0297	0.0253	0.0014	0.1294	-2.6553	60	0.000	55.800000	37.500000	179.70	55.699673	36.757740	195.6	11011
23	2023-05-03	08:45:01	5566.5018	4	0.0253	0.0033	5569.0015	0.1	8.4	1.0291	0.0252	0.0010	0.1294	-2.6553	60	0.000	55.800000	37.500000	179.70	55.699432	36.757408	194.8	11011
23	2023-05-03	08:46:01	5566.5012	4	0.0293	0.0038	5569.0009	2.0	9.3	1.0337	0.0252	0.0013	0.1292	-2.6553	60	0.000	55.800000	37.500000	179.70	55.699299	36.757160	194.2	11011
63	2023-05-03	10:59:22	5620.7188	4	0.0266	0.0034	5623.2451	-1.5	-1.9	1.1095	-0.0089	0.0001	0.1389	-2.6564	60	0.000	55.800000	37.500000	179.70	56.028515	37.230465	207.4	11011
63	2023-05-03	11:00:22	5620.7197	4	0.0288	0.0037	5623.2465	-2.0	-1.5	1.1062	-0.0093	0.0001	0.1387	-2.6564	60	0.000	55.800000	37.500000	179.70	56.028431	37.229969	207.7	11011
63	2023-05-03	11:01:22	5620.7210	4	0.0228	0.0029	5623.2480	-3.2	-1.8	1.1143	-0.0097	0.0003	0.1388	-2.6564	60	0.000	55.800000	37.500000	179.70	56.028446	37.230007	208.0	11011
63	2023-05-03	11:02:22	5620.7203	4	0.0229	0.0030	5623.2480	-4.3	-2.1	1.1077	-0.0101	0.0003	0.1385	-2.6564	60	0.000	55.800000	37.500000	179.70	56.028458	37.230053	207.5	11011
63	2023-05-03	11:03:22	5620.7198	4	0.0285	0.0037	5623.2479	-4.2	-1.6	1.1039	-0.0105	0.0004	0.1383	-2.6564	60	0.000	55.800000	37.500000	179.70	--	--	--	11011
63	2023-05-03	11:04:22	5620.7207	4	0.0243	0.0031	5623.2493	-3.6	-1.0	1.1024	-0.0109	0.0002	0.1385	-2.6564	60	0.000	55.800000	37.500000	179.70	--	--	--	11011
63	2023-05-03	11:05:22	5620.7204	4	0.0216	0.0028	5623.2495	-4.5	-3.0	1.0991	-0.0113	0.0004	0.1383	-2.6564	60	0.000	55.800000	37.500000	179.70	--	--	--	11011
63	2023-05-03	11:06:22	5620.7209	4	0.0193	0.0025	5623.2506	-3.9	-3.4	1.1033	-0.0117	0.0003	0.1380	-2.6565	60	0.000	55.800000	37.500000	179.70	--	--	--	11011
63	2023-05-03	11:07:22	5620.7226	4	0.0271	0.0035	5623.2525	-4.6	-3.5	1.0984	-0.0120	0.0005	0.1381	-2.6565	60	0.000	55.800000	37.500000	179.70	--	--	--	11011
63	2023-05-03	11:08:22	5620.7196	4	0.0223	0.0029	5623.2502	-3.0	-4.0	1.1052	-0.0124	0.0003	0.1379	-2.6565	60	0.000	55.800000	37.500000	179.70	--	--	--	11011
63	2023-05-03	11:09:22	5620.7214	4	0.0242	0.0031	5623.2526	-3.1	-3.2	1.0981	-0.0128	0.0003	0.1378	-2.6565	60	0.000	55.800000	37.500000	179.70	--	--	--	11011
63	2023-05-03	11:10:22	5620.7215	4	0.0270	0.0035	5623.2530	-2.7	-1.5	1.1021	-0.0132	0.0003	0.1380	-2.6565	60	0.000	55.800000	37.500000	179.70	--	--	--	11011
63	2023-05-03	11:11:22	5620.7217	4	0.0260	0.0034	5623.2537	-3.8	-0.9	1.0983	-0.0136	0.0003	0.1379	-2.6565	60	0.000	55.800000	37.500000	179.70	--	--	--	11011
63	2023-05-03	11:12:22	5620.7219	4	0.0250	0.0032	5623.2541	-6.0	-3.0	1.1081	-0.0140	0.0006	0.1378	-2.6565	60	0.000	55.800000	37.500000	179.70	--	--	--	11011
63	2023-05-03	11:13:22	5620.7212	4	0.0235	0.0030	5623.2536	-6.5	-2.6	1.1000	-0.0144	0.0007	0.1378	-2.6565	60	0.000	55.800000	37.500000	179.70	--	--	--	11011
63	2023-05-03	11:14:22	5620.7209	4	0.0156	0.0020	5623.2539	-6.0	-2.0	1.0991	-0.0148	0.0006	0.1377	-2.6565	60	0.000	55.800000	37.500000	179.70	--	--	--	11011
63	2023-05-03	11:15:22	5620.7215	4	0.0227	0.0029	5623.2555	-4.6	0.7	1.1043	-0.0152	0.0002	0.1375	-2.6565	60	0.000	55.800000	37.500000	179.70	--	--	--	11011
63	2023-05-03	11:16:22	5620.7224	4	0.0244	0.0032	5623.2565	-6.2	1.6	1.1010	-0.0156	0.0005	0.1376	-2.6565	60	0.000	55.800000	37.500000	179.70	--	--	--	11011
63	2023-05-03	11:17:22	5620.7212	4	0.0187	0.0024	5623.2556	-6.6	0.1	1.1014	-0.0160	0.0007	0.1375	-2.6565	60	0.000	55.800000	37.500000	179.70	--	--	--	11011
63	2023-05-03	11:18:22	5620.7223	4	0.0324	0.0042	5623.2569	-7.6	-0.2	1.0989	-0.0164	0.0009	0.1375	-2.6565	60	0.000	55.800000	37.500000	179.70	--	--	--	11011
63	2023-05-03	11:19:22	5620.7206	4	0.0228	0.0029	5623.2558	-7.8	-0.9	1.1045	-0.0169	0.0008	0.1375	-2.6566	60	0.000	55.800000	37.500000	179.70	--	--	--	11011
63	2023-05-03	11:20:22	5620.7216	4	0.0216	0.0028	5623.2569	-9.4	0.7	1.1042	-0.0173	0.0011	0.1374	-2.6566	60	0.000	55.800000	37.500000	179.70	--	--	--	11011
63	2023-05-03	11:21:22	5620.7223	4	0.0160	0.0021	5623.2583	-7.8	2.1	1.0938	-0.0177	0.0008	0.1374	-2.6566	60	0.000	55.800000	37.500000	179.70	--	--	--	11011
63	2023-05-03	11:22:22	5620.7205	4	0.0234	0.0030	5623.2573	-7.4	2.4	1.1005	-0.0181	0.0007	0.1372	-2.6566	60	0.000	55.800000	37.500000	179.70	--	--	--	11011
63	2023-05-03	11:23:22	5620.7212	4	0.0211	0.0027	5623.2583	-7.0	3.8	1.0983	-0.0185	0.0007	0.1373	-2.6566	60	0.000	55.800000	37.500000	179.70	--	--	--	11011
63	2023-05-03	11:24:22	5620.7220	4	0.0163	0.0021	5623.2596	-6.5	2.5	1.0951	-0.0189	0.0008	0.1371	-2.6566	60	0.000	55.800000	37.500000	179.70	--	--	--	11011
63	2023-05-03	11:25:22	5620.7206	4	0.0219	0.0028	5623.2585	-6.6	1.3	1.1013	-0.0193	0.0008	0.1372	-2.6566	60	0.000	55.800000	37.500000	179.70	--	--	--	11011
63	2023-05-03	11:26:22	5620.7200	4	0.0246	0.0032	5623.2587	-7.4	0.8	1.0997	-0.0197	0.0006	0.1370	-2.6566	60	0.000	55.800000	37.500000	179.70	--	--	--	11011
63	2023-05-03	11:27:22	5620.7228	4	0.0269	0.0035	5623.2614	-9.4	1.6	1.0995	-0.0201	0.0009	0.1372	-2.6566	60	0.000	55.800000	37.500000	179.70	--	--	--	11011
63	2023-05-03	11:28:22	5620.7202	4	0.0290	0.0037	5623.2594	-8.2	0.7	1.1017	-0.0205	0.0007	0.1371	-2.6566	60	0.000	55.800000	37.500000	179.70	--	--	--	11011
63	2023-05-03	11:29:22	5620.7210	4	0.0225	0.0029	5623.2607	-8.4	0.5	1.0954	-0.0209	0.0009	0.1371	-2.6566	60	0.000	55.800000	37.500000	179.70	--	--	--	11011
63	2023-05-03	11:30:22	5620.7219	4	0.0246	0.0032	5623.2620	-7.5	-0.7	1.0995	-0.0213	0.0007	0.1371	-2.6566	60	0.000	55.800000	37.500000	179.70	--	--	--	11011
63	2023-05-03	11:31:22	5620.7228	4	0.0244	0.0031	5623.2631	-8.0	0.0	1.0931	-0.0217	0.0009	0.1372	-2.6567	60	0.000	55.800000	37.500000	179.70	--	--	--	11011
63	2023-05-03	11:32:22	5620.7214	4	0.0246	0.0032	5623.2625	-5.5	1.3	1.0991	-0.0222	0.0004	0.1373	-2.6567	60	0.000	55.800000	37.500000	179.70	--	--	--	11011
63	2023-05-03	11:33:22	5620.7213	4	0.0191	0.0025	5623.2630	-5.8	2.0	1.0954	-0.0226	0.0005	0.1371	-2.6567	60	0.000	55.800000	37.500000	179.70	--	--	--	11011
63	2023-05-03	11:34:22	5620.7202	4	0.0220	0.0028	5623.2615	-9.2	2.6	1.0973	-0.0230	0.0012	0.1371	-2.6567	60	0.000	55.800000	37.500000	179.70	--	--	--	11011
63	2023-05-03	11:35:22	5620.7221	4	0.0272	0.0035	5623.2641	-8.3	2.4	1.0976	-0.0234	0.0010	0.1371	-2.6567	60	0.000	55.800000	37.500000	179.70	--	--	--	11011
63	2023-05-03	11:36:22	5620.7208	4	0.0236	0.0030	5623.2637	-6.6	1.4	1.0954	-0.0238	0.0005	0.1371	-2.6567	60	0.000	55.800000	37.500000	179.70	--	--	--	11011
63	2023-05-03	11:37:22	5620.7204	4	0.0216	0.0028	5623.2635	-6.6	1.2	1.0989	-0.0242	0.0006	0.1371	-2.6567	60	0.000	55.800000	37.500000	179.70	--	--	--	11011
63	2023-05-03	11:38:22	5620.7198	4	0.0233	0.0030	5623.2638	-4.9	1.6	1.0936	-0.0246	0.0004	0.1370	-2.6567	60	0.000	55.800000	37.500000	179.70	--	--	--	11011
63	2023-05-03	11:39:22	5620.7212	4	0.0280	0.0036	5623.2654	-5.9	1.3	1.0933	-0.0250	0.0005	0.1371	-2.6567	60	0.000	55.800000	37.500000	179.70	--	--	--	11011
63	2023-05-03	11:40:22	5620.7222	4	0.0176	0.0023	5623.2669	-5.0	1.7	1.1010	-0.0254	0.0004	0.1370	-2.6567	60	0.000	55.800000	37.500000	179.70	--	--	--	11011
63	2023-05-03	11:41:22	5620.7220	4	0.0246	0.0032	5623.2670	-5.4	2.1	1.0988	-0.0258	0.0005	0.1371	-2.6567	60	0.000	55.800000	37.500000	179.70	--	--	--	11011
63	2023-05-03	11:42:22	5620.7218	4	0.0246	0.0032	5623.2671	-7.0	2.3	1.0952	-0.0263	0.0007	0.1369	-2.6567	60	0.000	55.800000	37.500000	179.70	--	--	--	11011
63	2023-05-03	11:43:22	5620.7215	4	0.0233	0.0030	5623.2672	-5.1	3.0	1.0946	-0.0267	0.0007	0.1370	-2.6567	60	0.000	55.800000	37.500000	179.70	--	--	--	11011
63	2023-05-03	11:44:22	5620.7197	4	0.0299	0.0039	5623.2663	-3.5	1.2	1.0910	-0.0271	0.0002	0.1369	-2.6568	60	0.000	55.800000	37.500000	179.70	--	--	--	11011
63	2023-05-03	11:45:22	5620.7213	4	0.0251	0.0032	5623.2682	-4.6	2.5	1.1030	-0.0275	0.0003	0.1370	-2.6568	60	0.000	55.800000	37.500000	179.70	--	--	--	11011
63	2023-05-03	11:46:22	5620.7215	4	0.0179	0.0023	5623.2689	-3.3	3.3	1.0911	-0.0279	0.0003	0.1369	-2.6568	60	0.000	55.800000	37.500000	179.70	--	--	--	11011
63	2023-05-03	11:47:22	5620.7203	4	0.0231	0.0030	5623.2679	-5.3	4.1	1.0971	-0.0283	0.0007	0.1368	-2.6568	60	0.000	55.800000	37.500000	179.70	--	--	--	11011
63	2023-05-03	11:48:22	5620.7203	4	0.0222	0.0029	5623.2685	-5.2	1.7	1.0949	-0.0287	0.0004	0.1370	-2.6568	60	0.000	55.800000	37.500000	179.70	--	--	--	11011
63	2023-05-03	11:49:22	5620.7216	4	0.0182	0.0024	5623.2700	-4.7	3.3	1.0971	-0.0291	0.0005	0.1371	-2.6568	60	0.000	55.800000	37.500000	179.70	--	--	--	11011
63	2023-05-03	11:50:22	5620.7206	4	0.0240	0.0031	5623.2694	-6.2	1.6	1.0976	-0.0295	0.0006	0.1369	-2.6568	60	0.000	55.800000	37.500000	179.70	--	--	--	11011
63	2023-05-03	11:51:22	5620.7213	4	0.0296	0.0038	5623.2706	-6.4	0.4	1.0902	-0.0300	0.0006	0.1369	-2.6568	60	0.000	55.800000	37.500000	179.70	--	--	--	11011
63	2023-05-03	11:52:22	5620.7189	4	0.0212	0.0027	5623.2689	-5.1	1.0	1.0939	-0.0304	0.0004	0.1368	-2.6568	60	0.000	55.800000	37.500000	179.70	--	--	--	11011
63	2023-05-03	11:53:22	5620.7195	4	0.0274	0.0035	5623.2698	-5.3	0.8	1.0977	-0.0308	0.0005	0.1369	-2.6568	60	0.000	55.800000	37.500000	179.70	--	--	--	11011
63	2023-05-03	11:54:22	5620.7209	4	0.0191	0.0025	5623.2715	-6.7	1.7	1.0921	-0.0312	0.0005	0.1369	-2.6568	60	0.000	55.800000	37.500000	179.70	--	--	--	11011
63	2023-05-03	11:55:22	5620.7213	4	0.0181	0.0023	5623.2724	-6.4	2.5	1.1008	-0.0316	0.0006	0.1367	-2.6568	60	0.000	55.800000	37.500000	179.70	--	--	--	11011
63	2023-05-03	11:56:22	5620.7211	4	0.0239	0.0031	5623.2723	-7.0	-0.1	1.0977	-0.0320	0.0006	0.1370	-2.6569	60	0.000	55.800000	37.500000	179.70	--	--	--	11011
63	2023-05-03	11:57:22	5620.7207	4	0.0214	0.0028	5623.2726	-7.6	-0.1	1.0983	-0.0324	0.0005	0.1369	-2.6569	60	0.000	55.800000	37.500000	179.70	--	--	--	11011
63	2023-05-03	11:58:22	5620.7200	4	0.0238	0.0031	5623.2724	-6.7	-0.1	1.0909	-0.0328	0.0006	0.1367	-2.6569	60	0.000	55.800000	37.500000	179.70	--	--	--	11011
23	2023-05-03	13:44:25	5566.4873	4	0.0213	0.0028	5569.0715	1.9	1.7	1.1443	-0.0697	0.0001	0.1431	-2.6577	60	0.000	55.800000	37.500000	179.70	55.699673	36.757370	186.9	11011
23	2023-05-03	13:45:25	5566.4876	4	0.0309	0.0040	5569.0725	2.9	3.6	1.1340	-0.0699	0.0003	0.1425	-2.6577	60	0.000	55.800000	37.500000	179.70	55.699528	36.757893	188.6	11011
23	2023-05-03	13:46:25	5566.4884	4	0.0288	0.0037	5569.0738	3.3	2.7	1.1304	-0.0702	0.0003	0.1422	-2.6577	60	0.000	55.800000	37.500000	179.70	55.699387	36.757923	190.9	11011
23	2023-05-03	13:47:25	5566.4899	4	0.0189	0.0024	5569.0760	3.5	3.3	1.1350	-0.0704	0.0004	0.1417	-2.6577	60	0.000	55.800000	37.500000	179.70	55.699242	36.757828	167.6	11011
23	2023-05-03	13:48:25	5566.4887	4	0.0240	0.0031	5569.0754	5.0	3.3	1.1292	-0.0707	0.0005	0.1413	-2.6577	60	0.000	55.800000	37.500000	179.70	--	--	--	11011
23	2023-05-03	13:49:25	5566.4896	4	0.0205	0.0027	5569.0774	3.1	4.1	1.1251	-0.0709	0.0002	0.1407	-2.6578	60	0.000	55.800000	37.500000	179.70	--	--	--	11011
23	2023-05-03	13:50:25	5566.4894	4	0.0212	0.0027	5569.0776	5.5	3.2	1.1178	-0.0711	0.0004	0.1403	-2.6578	60	0.000	55.800000	37.500000	179.70	55.699226	36.758076	192.5	11011
23	2023-05-03	13:51:25	5566.4898	4	0.0180	0.0023	5569.0783	7.7	4.1	1.1177	-0.0714	0.0009	0.1398	-2.6578	60	0.000	55.800000	37.500000	179.70	55.699520	36.757912	194.0	11011
23	2023-05-03	13:52:25	5566.4908	4	0.0204	0.0026	5569.0802	6.1	5.5	1.1079	-0.0716	0.0007	0.1393	-2.6578	60	0.000	55.800000	37.500000	179.70	55.699493	36.757935	196.8	11011
23	2023-05-03	13:53:25	5566.4915	4	0.0225	0.0029	5569.0815	4.9	6.8	1.1021	-0.0718	0.0008	0.1388	-2.6578	60	0.000	55.800000	37.500000	179.70	55.699806	36.757282	199.9	11011
23	2023-05-03	13:54:25	5566.4921	4	0.0240	0.0031	5569.0824	5.7	5.2	1.1066	-0.0721	0.0010	0.1386	-2.6578	60	0.000	55.800000	37.500000	179.70	55.699608	36.757484	199.5	11011
23	2023-05-03	13:55:25	5566.4914	4	0.0172	0.0022	5569.0827	4.9	5.4	1.1085	-0.0723	0.0006	0.1382	-2.6578	60	0.000	55.800000	37.500000	179.70	55.699570	36.757568	199.6	11011
23	2023-05-03	13:56:25	5566.4912	4	0.0208	0.0027	5569.0826	5.7	6.6	1.1010	-0.0725	0.0010	0.1379	-2.6578	60	0.000	55.800000	37.500000	179.70	55.699528	36.757549	199.8	11011
23	2023-05-03	13:57:25	5566.4926	4	0.0235	0.0030	5569.0850	4.0	5.2	1.1019	-0.0727	0.0005	0.1376	-2.6578	60	0.000	55.800000	37.500000	179.70	55.699589	36.757496	199.2	11011
23	2023-05-03	13:58:25	5566.4906	4	0.0196	0.0025	5569.0839	4.2	4.5	1.0915	-0.0730	0.0004	0.1371	-2.6578	60	0.000	55.800000	37.500000	179.70	55.699932	36.758011	199.6	11011
23	2023-05-03	13:59:25	5566.4919	4	0.0215	0.0028	5569.0852	3.5	6.8	1.0946	-0.0732	0.0007	0.1370	-2.6578	60	0.000	55.800000	37.500000	179.70	--	--	--	11011
23	2023-05-03	14:00:25	5566.4940	4	0.0209	0.0027	5569.0875	5.2	7.7	1.0959	-0.0734	0.0010	0.1366	-2.6578	60	0.000	55.800000	37.500000	179.70	--	--	--	11011
23	2023-05-03	14:01:25	5566.4931	4	0.0220	0.0028	5569.0872	4.5	7.7	1.0864	-0.0736	0.0009	0.1366	-2.6578	60	0.000	55.800000	37.500000	179.70	55.699520	36.757572	199.1	11011
23	2023-05-03	14:02:25	5566.4943	4	0.0195	0.0025	5569.0887	4.9	8.7	1.0844	-0.0738	0.0010	0.1363	-2.6579	60	0.000	55.800000	37.500000	179.70	55.699482	36.757656	199.6	11011
23	2023-05-03	14:03:25	5566.4932	4	0.0135	0.0017	5569.0878	6.1	8.9	1.0831	-0.0740	0.0013	0.1359	-2.6579	60	0.000	55.800000	37.500000	179.70	55.699589	36.757599	199.5	11011
23	2023-05-03	14:04:25	5566.4939	4	0.0211	0.0027	5569.0885	7.5	9.7	1.0827	-0.0742	0.0017	0.1358	-2.6579	60	0.000	55.800000	37.500000	179.70	55.699436	36.757744	199.7	11011
23	2023-05-03	14:05:25	5566.4947	4	0.0184	0.0024	5569.0892	4.8	12.5	1.0768	-0.0744	0.0023	0.1355	-2.6579	60	0.000	55.800000	37.500000	179.70	55.699242	36.758007	199.7	11011
23	2023-05-03	14:06:25	5566.4954	4	0.0243	0.0031	5569.0908	3.3	12.3	1.0818	-0.0746	0.0019	0.1352	-2.6579	60	0.000	55.800000	37.500000	179.70	55.699379	36.757725	200.0	11011
23	2023-05-03	14:07:25	5566.4941	4	0.0227	0.0029	5569.0903	2.7	11.1	1.0800	-0.0748	0.0015	0.1350	-2.6579	60	0.000	55.800000	37.500000	179.70	55.699375	36.757668	199.4	11011
23	2023-05-03	14:08:25	5566.4943	4	0.0231	0.0030	5569.0906	2.9	12.6	1.0774	-0.0750	0.0019	0.1347	-2.6579	60	0.000	55.800000	37.500000	179.70	55.699368	36.757561	199.6	11011
23	2023-05-03	14:09:25	5566.4954	4	0.0213	0.0028	5569.0910	4.6	14.1	1.0817	-0.0752	0.0029	0.1345	-2.6579	60	0.000	55.800000	37.500000	179.70	55.699463	36.757973	199.0	11011
23	2023-05-03	14:10:25	5566.4961	4	0.0204	0.0026	5569.0930	5.9	11.7	1.0741	-0.0754	0.0019	0.1345	-2.6579	60	0.000	55.800000	37.500000	179.70	55.699425	36.757847	199.0	11011
23	2023-05-03	14:11:25	5566.4944	4	0.0186	0.0024	5569.0920	4.5	11.9	1.0663	-0.0756	0.0018	0.1341	-2.6579	60	0.000	55.800000	37.500000	179.70	55.699661	36.757484	198.6	11011
23	2023-05-03	14:12:25	5566.4962	4	0.0257	0.0033	5569.0939	4.5	12.4	1.0732	-0.0758	0.0020	0.1340	-2.6579	60	0.000	55.800000	37.500000	179.70	55.699177	36.757191	197.6	11011
23	2023-05-03	14:13:25	5566.4957	4	0.0212	0.0027	5569.0943	3.0	11.6	1.0691	-0.0759	0.0015	0.1338	-2.6579	60	0.000	55.800000	37.500000	179.70	55.699406	36.758018	197.7	11011
23	2023-05-03	14:14:25	5566.4967	4	0.0184	0.0024	5569.0952	4.3	12.0	1.0684	-0.0761	0.0019	0.1336	-2.6580	60	0.000	55.800000	37.500000	179.70	--	--	--	11011
23	2023-05-03	14:15:25	5566.4955	4	0.0186	0.0024	5569.0947	3.1	11.5	1.0687	-0.0763	0.0017	0.1333	-2.6580	60	0.000	55.800000	37.500000	179.70	55.699444	36.757706	194.5	11011
23	2023-05-03	14:16:25	5566.4954	4	0.0216	0.0028	5569.0947	4.2	11.6	1.0620	-0.0765	0.0018	0.1333	-2.6580	60	0.000	55.800000	37.500000	179.70	55.699463	36.757599	187.7	11011
23	2023-05-03	14:17:25	5566.4970	4	0.0212	0.0027	5569.0959	6.5	13.0	1.0638	-0.0766	0.0026	0.1331	-2.6580	60	0.000	55.800000	37.500000	179.70	55.699398	36.757702	188.4	11011
23	2023-05-03	14:18:25	5566.4967	4	0.0186	0.0024	5569.0960	6.2	12.5	1.0628	-0.0768	0.0024	0.1330	-2.6580	60	0.000	55.800000	37.500000	179.70	55.699432	36.757549	189.4	11011
23	2023-05-03	14:19:25	5566.4970	4	0.0172	0.0022	5569.0966	8.0	11.3	1.0646	-0.0770	0.0026	0.1329	-2.6580	60	0.000	55.800000	37.500000	179.70	55.699375	36.757763	188.9	11011
23	2023-05-03	14:20:25	5566.4969	4	0.0236	0.0030	5569.0971	7.2	12.9	1.0595	-0.0771	0.0023	0.1326	-2.6580	60	0.000	55.800000	37.500000	179.70	55.699528	36.758049	189.3	11011
23	2023-05-03	14:21:25	5566.4995	4	0.0178	0.0023	5569.0982	8.3	15.8	1.0640	-0.0773	0.0040	0.1326	-2.6580	60	0.000	55.800000	37.500000	179.70	55.699444	36.757687	188.9	11011
23	2023-05-03	14:22:25	5566.4980	4	0.0183	0.0024	5569.0972	7.7	16.7	1.0575	-0.0775	0.0039	0.1324	-2.6580	60	0.000	55.800000	37.500000	179.70	55.699604	36.757568	189.4	11011
23	2023-05-03	14:23:25	5566.4961	4	0.0260	0.0034	5569.0958	8.9	15.8	1.0527	-0.0776	0.0038	0.1322	-2.6580	60	0.000	55.800000	37.500000	179.70	55.699490	36.757645	190.9	11011
23	2023-05-03	14:24:25	5566.4963	4	0.0237	0.0031	5569.0970	8.7	13.7	1.0602	-0.0778	0.0030	0.1321	-2.6580	60	0.000	55.800000	37.500000	179.70	55.699432	36.757816	191.1	11011
23	2023-05-03	14:25:25	5566.4968	4	0.0163	0.0021	5569.0974	8.4	15.1	1.0552	-0.0779	0.0034	0.1319	-2.6580	60	0.000	55.800000	37.500000	179.70	55.699375	36.757896	191.4	11011
23	2023-05-03	14:26:25	5566.4971	4	0.0259	0.0033	5569.0984	6.7	15.2	1.0493	-0.0781	0.0031	0.1318	-2.6580	60	0.000	55.800000	37.500000	179.70	55.699604	36.758045	193.4	11011
23	2023-05-03	14:27:25	5566.4974	4	0.0205	0.0027	5569.0984	6.3	16.6	1.0479	-0.0782	0.0036	0.1317	-2.6581	60	0.000	55.800000	37.500000	179.70	55.699387	36.757778	192.7	11011
23	2023-05-03	14:28:25	5566.4992	4	0.0239	0.0031	5569.0990	5.4	18.7	1.0493	-0.0784	0.0049	0.1317	-2.6581	60	0.000	55.800000	37.500000	179.70	55.699425	36.757687	193.1	11011
23	2023-05-03	14:29:25	5566.4982	4	0.0187	0.0024	5569.1002	6.5	16.2	1.0488	-0.0785	0.0032	0.1312	-2.6581	60	0.000	55.800000	37.500000	179.70	55.699379	36.757523	192.8	11011
23	2023-05-03	14:30:25	5566.4993	4	0.0220	0.0028	5569.1006	5.9	17.1	1.0501	-0.0786	0.0041	0.1314	-2.6581	60	0.000	55.800000	37.500000	179.70	55.699081	36.757702	192.5	11011
23	2023-05-03	14:31:25	5566.4980	4	0.0184	0.0024	5569.1005	5.8	15.4	1.0530	-0.0788	0.0031	0.1312	-2.6581	60	0.000	55.800000	37.500000	179.70	55.699406	36.758083	192.3	11011
23	2023-05-03	14:32:25	5566.4992	4	0.0196	0.0025	5569.1012	5.9	16.6	1.0468	-0.0789	0.0038	0.1312	-2.6581	60	0.000	55.800000	37.500000	179.70	55.699299	36.757668	192.1	11011
23	2023-05-03	14:33:25	5566.4980	4	0.0200	0.0026	5569.1008	4.7	16.2	1.0498	-0.0790	0.0034	0.1310	-2.6581	60	0.000	55.800000	37.500000	179.70	55.699512	36.757721	190.7	11011
23	2023-05-03	14:34:25	5566.4974	4	0.0215	0.0028	5569.1011	4.0	15.2	1.0466	-0.0791	0.0028	0.1308	-2.6581	60	0.000	55.800000	37.500000	179.70	55.699379	36.757435	188.1	11011
23	2023-05-03	14:35:25	5566.4968	4	0.0284	0.0037	5569.1006	3.5	15.3	1.0460	-0.0793	0.0029	0.1307	-2.6581	60	0.000	55.800000	37.500000	179.70	55.699444	36.757706	186.6	11011
23	2023-05-03	14:36:25	5566.4988	4	0.0233	0.0030	5569.1023	3.1	16.4	1.0444	-0.0794	0.0034	0.1306	-2.6581	60	0.000	55.800000	37.500000	179.70	55.699432	36.757835	185.0	11011
23	2023-05-03	14:37:25	5566.4975	4	0.0234	0.0030	5569.1012	4.0	16.1	1.0437	-0.0795	0.0033	0.1306	-2.6581	60	0.000	55.800000	37.500000	179.70	--	--	--	11011
23	2023-05-03	14:38:25	5566.4961	4	0.0220	0.0028	5569.1000	4.9	16.8	1.0372	-0.0796	0.0033	0.1306	-2.6581	60	0.000	55.800000	37.500000	179.70	55.699398	36.757816	169.5	11011
23	2023-05-03	14:39:25	5566.4997	4	0.0193	0.0025	5569.1029	6.2	17.3	1.0492	-0.0797	0.0042	0.1304	-2.6582	60	0.000	55.800000	37.500000	179.70	55.699406	36.757645	174.7	11011
23	2023-05-03	14:40:25	5566.4978	4	0.0200	0.0026	5569.1025	3.9	15.3	1.0434	-0.0798	0.0031	0.1303	-2.6582	60	0.000	55.800000	37.500000	179.70	55.699493	36.757797	172.5	11011
23	2023-05-03	14:41:25	5566.4985	4	0.0174	0.0022	5569.1037	4.3	14.3	1.0414	-0.0800	0.0026	0.1303	-2.6582	60	0.000	55.800000	37.500000	179.70	55.699608	36.757713	174.2	11011
23	2023-05-03	14:42:25	5566.4984	4	0.0198	0.0026	5569.1030	5.8	16.0	1.0405	-0.0801	0.0035	0.1302	-2.6582	60	0.000	55.800000	37.500000	179.70	55.699398	36.757515	174.3	11011
23	2023-05-03	14:43:25	5566.4979	4	0.0212	0.0027	5569.1023	7.0	16.7	1.0450	-0.0802	0.0037	0.1303	-2.6582	60	0.000	55.800000	37.500000	179.70	55.699265	36.757694	174.5	11011
3	2023-05-03	16:38:32	5589.0822	4	0.0253	0.0033	5591.6773	3.9	4.8	1.1153	-0.0759	0.0005	0.1394	-2.6591	60	0.000	55.800000	37.500000	179.70	--	--	--	11011
3	2023-05-03	16:39:32	5589.0837	4	0.0192	0.0025	5591.6783	4.5	6.4	1.1123	-0.0757	0.0010	0.1392	-2.6591	60	0.000	55.800000	37.500000	179.70	--	--	--	11011
3	2023-05-03	16:40:32	5589.0821	4	0.0176	0.0023	5591.6770	4.7	6.9	1.1146	-0.0756	0.0009	0.1388	-2.6591	60	0.000	55.800000	37.500000	179.70	--	--	--	11011
3	2023-05-03	16:41:32	5589.0822	4	0.0138	0.0018	5591.6778	3.1	4.5	1.1048	-0.0754	0.0003	0.1387	-2.6591	60	0.000	55.800000	37.500000	179.70	--	--	--	11011
3	2023-05-03	16:42:32	5589.0818	4	0.0127	0.0016	5591.6773	3.4	4.8	1.1052	-0.0753	0.0005	0.1385	-2.6591	60	0.000	55.800000	37.500000	179.70	--	--	--	11011
3	2023-05-03	16:43:32	5589.0809	4	0.0189	0.0024	5591.6763	3.4	5.0	1.1035	-0.0751	0.0005	0.1384	-2.6591	60	0.000	55.800000	37.500000	179.70	--	--	--	11011
3	2023-05-03	16:44:32	5589.0821	4	0.0178	0.0023	5591.6773	4.2	6.0	1.1069	-0.0750	0.0007	0.1383	-2.6592	60	0.000	55.800000	37.500000	179.70	--	--	--	11011
3	2023-05-03	16:45:32	5589.0820	4	0.0214	0.0028	5591.6768	5.4	6.8	1.1073	-0.0748	0.0011	0.1380	-2.6592	60	0.000	55.800000	37.500000	179.70	--	--	--	11011
3	2023-05-03	16:46:32	5589.0814	4	0.0210	0.0027	5591.6769	3.9	5.4	1.0984	-0.0746	0.0005	0.1379	-2.6592	60	0.000	55.800000	37.500000	179.70	--	--	--	11011
3	2023-05-03	16:47:32	5589.0809	4	0.0174	0.0022	5591.6761	3.6	5.9	1.1022	-0.0745	0.0006	0.1378	-2.6592	60	0.000	55.800000	37.500000	179.70	--	--	--	11011
3	2023-05-03	16:48:32	5589.0814	4	0.0145	0.0019	5591.6763	5.9	5.5	1.1014	-0.0743	0.0008	0.1377	-2.6592	60	0.000	55.800000	37.500000	179.70	--	--	--	11011
3	2023-05-03	16:49:32	5589.0820	4	0.0199	0.0026	5591.6769	4.2	5.1	1.0977	-0.0742	0.0008	0.1377	-2.6592	60	0.000	55.800000	37.500000	179.70	--	--	--	11011
3	2023-05-03	16:50:32	5589.0831	4	0.0199	0.0026	5591.6781	4.7	3.7	1.0940	-0.0740	0.0005	0.1377	-2.6592	60	0.000	55.800000	37.500000	179.70	--	--	--	11011
3	2023-05-03	16:51:32	5589.0817	4	0.0144	0.0019	5591.6766	3.3	5.8	1.0981	-0.0738	0.0007	0.1374	-2.6592	60	0.000	55.800000	37.500000	179.70	--	--	--	11011
3	2023-05-03	16:52:32	5589.0823	4	0.0195	0.0025	5591.6770	4.2	6.3	1.1018	-0.0737	0.0007	0.1375	-2.6592	60	0.000	55.800000	37.500000	179.70	--	--	--	11011
3	2023-05-03	16:53:32	5589.0835	4	0.0142	0.0018	5591.6780	2.9	7.9	1.0958	-0.0735	0.0008	0.1374	-2.6592	60	0.000	55.800000	37.500000	179.70	--	--	--	11011
3	2023-05-03	16:54:32	5589.0827	4	0.0150	0.0019	5591.6769	2.7	8.9	1.0981	-0.0733	0.0012	0.1372	-2.6592	60	0.000	55.800000	37.500000	179.70	--	--	--	11011
3	2023-05-03	16:55:32	5589.0822	4	0.0230	0.0030	5591.6768	3.5	7.1	1.0973	-0.0731	0.0008	0.1370	-2.6592	60	0.000	55.800000	37.500000	179.70	--	--	--	11011
3	2023-05-03	16:56:32	5589.0828	4	0.0181	0.0023	5591.6770	2.3	6.9	1.0950	-0.0730	0.0007	0.1372	-2.6592	60	0.000	55.800000	37.500000	179.70	--	--	--	11011
3	2023-05-03	16:57:32	5589.0823	4	0.0162	0.0021	5591.6770	-0.1	5.6	1.0939	-0.0728	0.0004	0.1369	-2.6593	60	0.000	55.800000	37.500000	179.70	--	--	--	11011
3	2023-05-03	16:58:32	5589.0821	4	0.0138	0.0018	5591.6767	-1.1	5.9	1.0956	-0.0726	0.0004	0.1369	-2.6593	60	0.000	55.800000	37.500000	179.70	--	--	--	11011
3	2023-05-03	16:59:32	5589.0811	4	0.0147	0.0019	5591.6756	0.3	5.9	1.0894	-0.0725	0.0004	0.1368	-2.6593	60	0.000	55.800000	37.500000	179.70	--	--	--	11011
3	2023-05-03	17:00:32	5589.0835	4	0.0173	0.0022	5591.6779	-0.4	5.5	1.0882	-0.0723	0.0003	0.1369	-2.6593	60	0.000	55.800000	37.500000	179.70	--	--	--	11011
3	2023-05-03	17:01:32	5589.0821	4	0.0173	0.0022	5591.6765	0.7	5.0	1.0936	-0.0721	0.0004	0.1367	-2.6593	60	0.000	55.800000	37.500000	179.70	--	--	--	11011
3	2023-05-03	17:02:32	5589.0815	4	0.0182	0.0023	5591.6760	0.1	3.8	1.0969	-0.0719	0.0002	0.1365	-2.6593	60	0.000	55.800000	37.500000	179.70	--	--	--	11011
3	2023-05-03	17:03:32	5589.0821	4	0.0161	0.0021	5591.6763	-0.3	4.1	1.0910	-0.0718	0.0002	0.1366	-2.6593	60	0.000	55.800000	37.500000	179.70	--	--	--	11011
3	2023-05-03	17:04:32	5589.0834	4	0.0162	0.0021	5591.6772	-1.1	5.4	1.0908	-0.0716	0.0004	0.1367	-2.6593	60	0.000	55.800000	37.500000	179.70	--	--	--	11011
3	2023-05-03	17:05:32	5589.0822	4	0.0132	0.0017	5591.6760	-0.4	5.5	1.0942	-0.0714	0.0004	0.1365	-2.6593	60	0.000	55.800000	37.500000	179.70	--	--	--	11011
3	2023-05-03	17:06:32	5589.0840	4	0.0207	0.0027	5591.6777	0.9	5.1	1.0901	-0.0712	0.0004	0.1364	-2.6593	60	0.000	55.800000	37.500000	179.70	--	--	--	11011
3	2023-05-03	17:07:32	5589.0840	4	0.0167	0.0022	5591.6771	1.0	7.2	1.0876	-0.0710	0.0007	0.1366	-2.6593	60	0.000	55.800000	37.500000	179.70	--	--	--	11011
3	2023-05-03	17:08:32	5589.0826	4	0.0143	0.0018	5591.6754	2.0	7.4	1.0981	-0.0708	0.0009	0.1364	-2.6593	60	0.000	55.800000	37.500000	179.70	--	--	--	11011
3	2023-05-03	17:09:32	5589.0838	4	0.0198	0.0026	5591.6763	1.2	8.4	1.0942	-0.0707	0.0010	0.1365	-2.6594	60	0.000	55.800000	37.500000	179.70	--	--	--	11011
3	2023-05-03	17:10:32	5589.0831	4	0.0187	0.0024	5591.6759	-0.2	6.9	1.0947	-0.0705	0.0006	0.1366	-2.6594	60	0.000	55.800000	37.500000	179.70	--	--	--	11011
3	2023-05-03	17:11:32	5589.0829	4	0.0157	0.0020	5591.6754	0.5	7.9	1.0888	-0.0703	0.0008	0.1363	-2.6594	60	0.000	55.800000	37.500000	179.70	--	--	--	11011
3	2023-05-03	17:12:32	5589.0833	4	0.0148	0.0019	5591.6758	-0.2	7.6	1.0929	-0.0701	0.0006	0.1364	-2.6594	60	0.000	55.800000	37.500000	179.70	--	--	--	11011
3	2023-05-03	17:13:32	5589.0829	4	0.0131	0.0017	5591.6753	0.8	7.1	1.0877	-0.0699	0.0007	0.1363	-2.6594	60	0.000	55.800000	37.500000	179.70	--	--	--	11011
3	2023-05-03	17:14:32	5589.0836	4	0.0161	0.0021	5591.6758	2.1	8.6	1.0926	-0.0697	0.0007	0.1362	-2.6594	60	0.000	55.800000	37.500000	179.70	--	--	--	11011
3	2023-05-03	17:15:32	5589.0843	4	0.0148	0.0019	5591.6766	0.4	6.8	1.0906	-0.0696	0.0005	0.1361	-2.6594	60	0.000	55.800000	37.500000	179.70	--	--	--	11011
3	2023-05-03	17:16:32	5589.0823	4	0.0194	0.0025	5591.6740	1.3	9.0	1.0889	-0.0694	0.0008	0.1363	-2.6594	60	0.000	55.800000	37.500000	179.70	--	--	--	11011
3	2023-05-03	17:17:32	5589.0820	4	0.0164	0.0021	5591.6728	1.7	10.7	1.0928	-0.0692	0.0016	0.1362	-2.6594	60	0.000	55.800000	37.500000	179.70	--	--	--	11011
3	2023-05-03	17:18:32	5589.0836	4	0.0171	0.0022	5591.6748	0.5	10.5	1.0916	-0.0690	0.0012	0.1360	-2.6594	60	0.000	55.800000	37.500000	179.70	--	--	--	11011
3	2023-05-03	17:19:32	5589.0838	4	0.0136	0.0018	5591.6747	-0.1	10.6	1.0916	-0.0688	0.0012	0.1361	-2.6594	60	0.000	55.800000	37.500000	179.70	--	--	--	11011
3	2023-05-03	17:20:32	5589.0814	4	0.0172	0.0022	5591.6727	1.6	8.5	1.0798	-0.0686	0.0007	0.1360	-2.6594	60	0.000	55.800000	37.500000	179.70	--	--	--	11011
3	2023-05-03	17:21:32	5589.0829	4	0.0359	0.0046	5591.6733	1.3	9.9	1.0861	-0.0684	0.0014	0.1360	-2.6594	60	0.000	55.800000	37.500000	179.70	--	--	--	11011
3	2023-05-03	17:22:32	5589.0832	4	0.0237	0.0031	5591.6739	2.4	8.5	1.0931	-0.0682	0.0009	0.1361	-2.6595	60	0.000	55.800000	37.500000	179.70	--	--	--	11011
3	2023-05-03	17:23:32	5589.0835	4	0.0207	0.0027	5591.6741	1.7	8.9	1.0818	-0.0680	0.0010	0.1359	-2.6595	60	0.000	55.800000	37.500000	179.70	--	--	--	11011
3	2023-05-03	17:24:32	5589.0823	4	0.0167	0.0022	5591.6728	1.0	8.6	1.0779	-0.0678	0.0008	0.1360	-2.6595	60	0.000	55.800000	37.500000	179.70	--	--	--	11011
3	2023-05-03	17:25:32	5589.0839	4	0.0227	0.0029	5591.6742	0.8	7.7	1.0890	-0.0677	0.0009	0.1360	-2.6595	60	0.000	55.800000	37.500000	179.70	--	--	--	11011
3	2023-05-03	17:26:32	5589.0822	4	0.0195	0.0025	5591.6724	0.0	8.9	1.0836	-0.0675	0.0010	0.1358	-2.6595	60	0.000	55.800000	37.500000	179.70	--	--	--	11011
3	2023-05-03	17:27:32	5589.0828	4	0.0206	0.0027	5591.6727	0.1	8.4	1.0886	-0.0673	0.0010	0.1359	-2.6595	60	0.000	55.800000	37.500000	179.70	--	--	--	11011
3	2023-05-03	17:28:32	5589.0828	4	0.0195	0.0025	5591.6726	-0.3	8.5	1.0909	-0.0671	0.0009	0.1358	-2.6595	60	0.000	55.800000	37.500000	179.70	--	--	--	11011
3	2023-05-03	17:29:32	5589.0823	4	0.0202	0.0026	5591.6718	0.3	10.3	1.0881	-0.0669	0.0012	0.1357	-2.6595	60	0.000	55.800000	37.500000	179.70	--	--	--	11011
3	2023-05-03	17:30:32	5589.0823	4	0.0175	0.0023	5591.6715	-0.5	10.1	1.0884	-0.0667	0.0013	0.1357	-2.6595	60	0.000	55.800000	37.500000	179.70	--	--	--	11011
3	2023-05-03	17:31:32	5589.0826	4	0.0181	0.0023	5591.6718	-1.8	9.1	1.0908	-0.0665	0.0010	0.1358	-2.6595	60	0.000	55.800000	37.500000	179.70	--	--	--	11011
3	2023-05-03	17:32:32	5589.0832	4	0.0170	0.0022	5591.6718	-0.3	11.0	1.0849	-0.0663	0.0014	0.1358	-2.6595	60	0.000	55.800000	37.500000	179.70	--	--	--	11011
3	2023-05-03	17:33:32	5589.0827	4	0.0179	0.0023	5591.6709	-0.4	12.5	1.0844	-0.0661	0.0018	0.1357	-2.6595	60	0.000	55.800000	37.500000	179.70	--	--	--	11011
3	2023-05-03	17:34:32	5589.0841	4	0.0171	0.0022	5591.6724	-0.8	11.4	1.0829	-0.0659	0.0016	0.1357	-2.6596	60	0.000	55.800000	37.500000	179.70	--	--	--	11011
3	2023-05-03	17:35:32	5589.0842	4	0.0150	0.0019	5591.6721	0.1	11.6	1.0902	-0.0657	0.0018	0.1356	-2.6596	60	0.000	55.800000	37.500000	179.70	--	--	--	11011
3	2023-05-03	17:36:32	5589.0851	4	0.0152	0.0020	5591.6727	0.5	12.3	1.0805	-0.0655	0.0020	0.1356	-2.6596	60	0.000	55.800000	37.500000	179.70	--	--	--	11011
3	2023-05-03	17:37:32	5589.0843	4	0.0215	0.0028	5591.6719	-1.7	11.0	1.0880	-0.0653	0.0017	0.1356	-2.6596	60	0.000	55.800000	37.500000	179.70	--	--	--	11011
