
/	CG-5 SURVEY
/	Survey name:   	110a-mend
/	Instrument S/N:	51265
/	Client:        	tsniigaik
/	Operator:      	iim
/	Date:          	2022/ 4/18
/	Time:          	05:46:00
/	LONG:        	37.5000000 E
/	LAT:         	55.8000000 N
/	ZONE:        	0       
/	GMT DIFF.:   	0.0 

/	CG-5 SETUP PARAMETERS
/	Gref:			0.000   
/	Gcal1:		8017.994
/	TiltxS:		646.306 
/	TiltyS:		739.919 
/	TiltxO:		-46.165 
/	TiltyO:		-37.934 
/	Tempco:		-0.137  
/	Drift:		0.875   
/	DriftTime Start:	05:46:10
/	DriftDate Start:	2022/04/18

/	CG-5 OPTIONS
/	Tide Correction:    YES
/	Cont. Tilt:          NO
/	Auto Rejection:     YES
/	Terrain Corr.:       NO
/	Seismic Filter:     YES
/	Raw Data:           YES
Line	  16.000N
/------LINE-----STATION-----ALT.------GRAV.---SD.--TILTX--TILTY-TEMP---TIDE---DUR-REJ-----TIME----DEC.TIME+DATE--TERRAIN---DATE
16.0000000  12.0000000   30.3221   6190.996 0.135   -1.3    0.3 -0.35 -0.044  55   7 05:56:32     44637.24720    0.0000  2022/04/18
16.0000000  12.0000000   30.5662   6190.995 0.065   -1.5    0.2 -0.35 -0.043  55   0 05:57:37     44637.24795    0.0000  2022/04/18
16.0000000  12.0000000   30.5662   6190.993 0.094   -1.7    0.2 -0.36 -0.043  55   0 05:58:37     44637.24864    0.0000  2022/04/18
16.0000000  12.0000000   30.5662   6190.996 0.063   -1.9    0.2 -0.36 -0.042  55   1 05:59:37     44637.24933    0.0000  2022/04/18
16.0000000  12.0000000   30.8103   6190.994 0.049   -1.9    0.3 -0.37 -0.042  55   0 06:00:37     44637.25003    0.0000  2022/04/18
16.0000000  12.0000000   30.5662   6190.999 0.068   -2.2    0.3 -0.37 -0.041  55   7 06:01:37     44637.25072    0.0000  2022/04/18
16.0000000  12.0000000   30.8103   6190.993 0.057   -2.1    0.2 -0.38 -0.041  55   0 06:02:37     44637.25141    0.0000  2022/04/18
16.0000000  12.0000000   30.5662   6190.995 0.040   -2.3    0.0 -0.39 -0.040  55   0 06:03:37     44637.25211    0.0000  2022/04/18
16.0000000  12.0000000   30.5662   6190.994 0.058   -2.4    0.1 -0.39 -0.040  55   0 06:04:37     44637.25280    0.0000  2022/04/18
16.0000000  12.0000000   30.8103   6190.998 0.041   -2.4    0.1 -0.40 -0.039  55   2 06:05:37     44637.25349    0.0000  2022/04/18
16.0000000  12.0000000   30.8103   6191.000 0.094   -2.5    0.0 -0.40 -0.038  55   2 06:06:37     44637.25419    0.0000  2022/04/18
16.0000000  12.0000000   30.3221   6190.993 0.052   -2.5    0.0 -0.41 -0.038  55   0 06:07:37     44637.25488    0.0000  2022/04/18
16.0000000  12.0000000   30.5662   6190.992 0.057   -2.5    0.0 -0.41 -0.037  55   1 06:08:37     44637.25557    0.0000  2022/04/18
16.0000000  12.0000000   30.8103   6190.999 0.058   -2.5   -0.1 -0.41 -0.037  55   2 06:09:37     44637.25627    0.0000  2022/04/18
16.0000000  12.0000000   30.8103   6190.993 0.058   -2.6   -0.2 -0.42 -0.036  55   0 06:10:37     44637.25696    0.0000  2022/04/18
16.0000000  12.0000000   30.8103   6190.992 0.076   -2.6   -0.1 -0.42 -0.036  55   0 06:11:37     44637.25765    0.0000  2022/04/18
16.0000000  12.0000000   30.8103   6190.991 0.035   -2.7   -0.3 -0.42 -0.035  55   0 06:12:37     44637.25835    0.0000  2022/04/18
16.0000000  12.0000000   31.0545   6190.992 0.040   -2.7   -0.3 -0.43 -0.034  55   0 06:13:37     44637.25904    0.0000  2022/04/18
16.0000000  12.0000000   30.8103   6190.992 0.055   -2.6   -0.5 -0.43 -0.034  55   0 06:14:37     44637.25973    0.0000  2022/04/18
16.0000000  12.0000000   30.8103   6190.992 0.036   -2.7   -0.5 -0.43 -0.033  55   0 06:15:37     44637.26043    0.0000  2022/04/18
16.0000000  12.0000000   30.8103   6190.993 0.043   -2.5   -0.6 -0.43 -0.033  55   0 06:16:37     44637.26112    0.0000  2022/04/18
16.0000000  12.0000000   30.8103   6190.993 0.037   -2.6   -0.7 -0.43 -0.032  55   0 06:17:37     44637.26181    0.0000  2022/04/18
16.0000000  12.0000000   30.8103   6190.991 0.052   -2.6   -0.8 -0.43 -0.031  55   0 06:18:37     44637.26251    0.0000  2022/04/18
16.0000000  12.0000000   30.8103   6190.992 0.040   -2.7   -1.0 -0.44 -0.031  55   0 06:19:37     44637.26320    0.0000  2022/04/18
16.0000000  12.0000000   30.8103   6190.993 0.081   -2.6   -1.0 -0.44 -0.030  55   0 06:20:37     44637.26389    0.0000  2022/04/18
16.0000000  12.0000000   30.8103   6190.993 0.082   -2.7   -1.1 -0.44 -0.030  55   1 06:21:37     44637.26459    0.0000  2022/04/18
16.0000000  12.0000000   30.8103   6190.993 0.040   -2.6   -1.2 -0.44 -0.029  55   0 06:22:37     44637.26528    0.0000  2022/04/18
16.0000000  12.0000000   30.8103   6190.991 0.057   -2.7   -1.3 -0.44 -0.029  55   0 06:23:37     44637.26597    0.0000  2022/04/18
16.0000000  12.0000000   30.8103   6190.991 0.038   -2.6   -1.5 -0.44 -0.028  55   0 06:24:37     44637.26667    0.0000  2022/04/18
16.0000000  12.0000000   31.0545   6190.991 0.041   -2.7   -1.6 -0.44 -0.027  55   0 06:25:37     44637.26736    0.0000  2022/04/18
16.0000000  12.0000000   30.8103   6190.993 0.049   -2.7   -1.7 -0.44 -0.027  55   8 06:26:37     44637.26805    0.0000  2022/04/18
16.0000000  12.0000000   30.8103   6190.994 0.063   -2.7   -1.8 -0.44 -0.026  55   0 06:27:37     44637.26875    0.0000  2022/04/18
16.0000000  12.0000000   30.8103   6190.991 0.125   -2.6   -1.9 -0.44 -0.026  55   0 06:28:37     44637.26944    0.0000  2022/04/18
16.0000000  12.0000000   30.8103   6190.991 0.041   -2.7   -2.1 -0.44 -0.025  55   0 06:29:37     44637.27013    0.0000  2022/04/18
16.0000000  12.0000000   30.8103   6190.991 0.043   -2.7   -2.3 -0.44 -0.024  55   0 06:30:37     44637.27083    0.0000  2022/04/18
16.0000000  12.0000000   30.8103   6190.990 0.057   -2.8   -2.4 -0.44 -0.024  55   0 06:31:37     44637.27152    0.0000  2022/04/18
16.0000000  12.0000000   30.8103   6190.990 0.051   -2.8   -2.4 -0.44 -0.023  55   0 06:32:37     44637.27221    0.0000  2022/04/18
16.0000000  12.0000000   30.8103   6190.992 0.035   -2.9   -2.5 -0.44 -0.023  55   0 06:33:37     44637.27291    0.0000  2022/04/18
16.0000000  12.0000000   30.8103   6190.991 0.048   -2.8   -2.7 -0.44 -0.022  55   0 06:34:37     44637.27360    0.0000  2022/04/18
16.0000000  12.0000000   30.8103   6190.990 0.049   -2.8   -2.9 -0.44 -0.021  55   0 06:35:37     44637.27429    0.0000  2022/04/18
16.0000000  12.0000000   30.8103   6190.989 0.052   -2.8   -3.0 -0.45 -0.021  55   0 06:36:37     44637.27499    0.0000  2022/04/18
16.0000000  12.0000000   31.0545   6190.989 0.047   -2.8   -3.0 -0.44 -0.020  55   0 06:37:37     44637.27568    0.0000  2022/04/18
16.0000000  12.0000000   30.5662   6190.990 0.033   -2.8   -3.1 -0.44 -0.020  55   0 06:38:37     44637.27637    0.0000  2022/04/18
16.0000000  12.0000000   30.8103   6190.991 0.059   -2.9   -3.2 -0.45 -0.019  55   0 06:39:37     44637.27707    0.0000  2022/04/18
16.0000000  12.0000000   30.8103   6190.992 0.036   -2.9   -3.3 -0.44 -0.018  55   1 06:40:37     44637.27776    0.0000  2022/04/18
16.0000000  12.0000000   30.8103   6190.990 0.061   -2.9   -3.5 -0.45 -0.018  55   0 06:41:37     44637.27845    0.0000  2022/04/18
16.0000000  12.0000000   30.8103   6190.990 0.069   -2.9   -3.6 -0.44 -0.017  55   0 06:42:37     44637.27915    0.0000  2022/04/18
16.0000000  12.0000000   30.8103   6190.991 0.041   -2.9   -3.7 -0.45 -0.017  55   0 06:43:37     44637.27984    0.0000  2022/04/18
16.0000000  12.0000000   31.0545   6190.992 0.050   -2.9   -3.9 -0.45 -0.016  55   0 06:44:37     44637.28053    0.0000  2022/04/18
16.0000000  12.0000000   30.8103   6190.990 0.039   -2.8   -3.9 -0.45 -0.015  55   0 06:45:37     44637.28123    0.0000  2022/04/18
16.0000000  12.0000000   30.8103   6190.990 0.034   -2.9   -4.0 -0.45 -0.015  55   0 06:46:37     44637.28192    0.0000  2022/04/18
16.0000000  12.0000000   30.8103   6190.990 0.049   -3.0   -4.1 -0.45 -0.014  55   0 06:47:37     44637.28261    0.0000  2022/04/18
16.0000000  12.0000000   31.0545   6190.991 0.039   -2.9   -4.3 -0.45 -0.014  55   0 06:48:37     44637.28331    0.0000  2022/04/18
16.0000000  12.0000000   30.8103   6190.990 0.038   -3.0   -4.5 -0.45 -0.013  55   0 06:49:37     44637.28400    0.0000  2022/04/18
16.0000000  12.0000000   30.8103   6190.989 0.040   -3.0   -4.5 -0.45 -0.012  55   0 06:50:37     44637.28469    0.0000  2022/04/18
16.0000000  12.0000000   30.8103   6190.991 0.060   -3.0   -4.6 -0.45 -0.012  55   4 06:51:37     44637.28539    0.0000  2022/04/18
16.0000000  12.0000000   30.8103   6190.989 0.051   -3.0   -4.8 -0.45 -0.011  55   0 06:52:37     44637.28608    0.0000  2022/04/18
16.0000000  12.0000000   31.0545   6190.990 0.053   -3.0   -4.9 -0.45 -0.011  55   0 06:53:37     44637.28677    0.0000  2022/04/18
16.0000000  12.0000000   30.8103   6190.989 0.055   -3.0   -5.0 -0.45 -0.010  55   0 06:54:37     44637.28747    0.0000  2022/04/18
16.0000000  12.0000000   29.8338   6190.990 0.045   -3.0   -5.0 -0.45 -0.009  55   0 06:55:38     44637.28817    0.0000  2022/04/18
16.0000000  62.0000000   29.3455   6199.412 0.048   -0.9   -0.1 -0.33 0.069  55  17 11:13:40     44637.46708    0.0000  2022/04/18
16.0000000  62.0000000   29.3455   6199.418 0.022   -1.0   -0.2 -0.35 0.069  55   0 11:14:45     44637.46783    0.0000  2022/04/18
16.0000000  62.0000000   29.3455   6199.418 0.017   -1.0   -0.3 -0.36 0.069  55   0 11:15:45     44637.46852    0.0000  2022/04/18
16.0000000  62.0000000   29.5896   6199.416 0.018   -1.0   -0.4 -0.37 0.069  55   0 11:16:45     44637.46921    0.0000  2022/04/18
16.0000000  62.0000000   29.5896   6199.417 0.018   -1.1   -0.4 -0.38 0.069  55   0 11:17:45     44637.46991    0.0000  2022/04/18
16.0000000  62.0000000   29.3455   6199.418 0.019   -1.2   -0.4 -0.38 0.069  55   0 11:18:45     44637.47060    0.0000  2022/04/18
16.0000000  62.0000000   29.5896   6199.416 0.018   -1.2   -0.5 -0.39 0.068  55   0 11:19:45     44637.47129    0.0000  2022/04/18
16.0000000  62.0000000   29.5896   6199.417 0.016   -1.3   -0.6 -0.40 0.068  55   0 11:20:45     44637.47199    0.0000  2022/04/18
16.0000000  62.0000000   29.3455   6199.418 0.017   -1.4   -0.7 -0.40 0.068  55   0 11:21:45     44637.47268    0.0000  2022/04/18
16.0000000  62.0000000   29.5896   6199.417 0.018   -1.4   -0.8 -0.41 0.068  55   0 11:22:45     44637.47337    0.0000  2022/04/18
16.0000000  62.0000000   29.5896   6199.417 0.017   -1.4   -0.9 -0.41 0.068  55   0 11:23:45     44637.47407    0.0000  2022/04/18
16.0000000  62.0000000   29.3455   6199.418 0.018   -1.5   -1.0 -0.42 0.067  55   0 11:24:45     44637.47476    0.0000  2022/04/18
16.0000000  62.0000000   29.5896   6199.418 0.021   -1.6   -1.1 -0.42 0.067  55   0 11:25:45     44637.47545    0.0000  2022/04/18
16.0000000  62.0000000   29.5896   6199.418 0.018   -1.7   -1.2 -0.43 0.067  55   0 11:26:45     44637.47615    0.0000  2022/04/18
16.0000000  62.0000000   29.5896   6199.418 0.015   -1.7   -1.2 -0.43 0.067  55   0 11:27:45     44637.47684    0.0000  2022/04/18
16.0000000  62.0000000   29.3455   6199.416 0.016   -1.8   -1.3 -0.43 0.067  55   0 11:28:45     44637.47753    0.0000  2022/04/18
16.0000000  62.0000000   29.3455   6199.418 0.021   -1.8   -1.4 -0.44 0.066  55   0 11:29:45     44637.47823    0.0000  2022/04/18
16.0000000  62.0000000   29.3455   6199.418 0.021   -1.9   -1.6 -0.44 0.066  55   0 11:30:45     44637.47892    0.0000  2022/04/18
16.0000000  62.0000000   29.5896   6199.417 0.018   -1.9   -1.7 -0.44 0.066  55   0 11:31:45     44637.47961    0.0000  2022/04/18
16.0000000  62.0000000   29.5896   6199.417 0.020   -2.1   -1.8 -0.44 0.066  55   0 11:32:45     44637.48031    0.0000  2022/04/18
16.0000000  62.0000000   29.5896   6199.416 0.022   -2.1   -2.0 -0.45 0.065  55   0 11:33:45     44637.48100    0.0000  2022/04/18
16.0000000  62.0000000   29.5896   6199.417 0.020   -2.1   -2.1 -0.45 0.065  55   0 11:34:45     44637.48169    0.0000  2022/04/18
16.0000000  62.0000000   29.5896   6199.417 0.020   -2.2   -2.2 -0.45 0.065  55   0 11:35:45     44637.48239    0.0000  2022/04/18
16.0000000  62.0000000   29.3455   6199.416 0.017   -2.3   -2.3 -0.45 0.065  55   0 11:36:45     44637.48308    0.0000  2022/04/18
16.0000000  62.0000000   29.3455   6199.417 0.023   -2.3   -2.4 -0.45 0.064  55   0 11:37:45     44637.48377    0.0000  2022/04/18
16.0000000  62.0000000   29.3455   6199.418 0.018   -2.3   -2.6 -0.45 0.064  55   0 11:38:45     44637.48447    0.0000  2022/04/18
16.0000000  62.0000000   29.3455   6199.417 0.020   -2.4   -2.7 -0.45 0.064  55   0 11:39:45     44637.48516    0.0000  2022/04/18
16.0000000  62.0000000   29.3455   6199.417 0.027   -2.4   -2.8 -0.45 0.064  55   0 11:40:45     44637.48585    0.0000  2022/04/18
16.0000000  62.0000000   29.5896   6199.418 0.026   -2.4   -2.9 -0.46 0.063  55   0 11:41:45     44637.48655    0.0000  2022/04/18
16.0000000  62.0000000   29.5896   6199.417 0.021   -2.5   -3.0 -0.46 0.063  55   0 11:42:45     44637.48724    0.0000  2022/04/18
16.0000000  62.0000000   29.5896   6199.417 0.020   -2.6   -3.1 -0.46 0.063  55   0 11:43:45     44637.48793    0.0000  2022/04/18
16.0000000  62.0000000   29.3455   6199.417 0.020   -2.6   -3.2 -0.46 0.062  55   0 11:44:45     44637.48863    0.0000  2022/04/18
16.0000000  62.0000000   29.3455   6199.417 0.019   -2.6   -3.4 -0.46 0.062  55   0 11:45:45     44637.48932    0.0000  2022/04/18
16.0000000  62.0000000   29.5896   6199.416 0.018   -2.7   -3.5 -0.46 0.062  55   0 11:46:45     44637.49001    0.0000  2022/04/18
16.0000000  62.0000000   29.3455   6199.416 0.016   -2.7   -3.6 -0.46 0.062  55   0 11:47:45     44637.49071    0.0000  2022/04/18
16.0000000  62.0000000   29.5896   6199.417 0.017   -2.8   -3.7 -0.46 0.061  55   0 11:48:45     44637.49140    0.0000  2022/04/18
16.0000000  62.0000000   29.3455   6199.417 0.023   -2.8   -3.8 -0.46 0.061  55   0 11:49:45     44637.49209    0.0000  2022/04/18
16.0000000  62.0000000   29.3455   6199.417 0.022   -2.8   -4.0 -0.46 0.061  55   0 11:50:45     44637.49279    0.0000  2022/04/18
16.0000000  62.0000000   29.3455   6199.417 0.020   -2.8   -4.0 -0.46 0.060  55   0 11:51:45     44637.49348    0.0000  2022/04/18
16.0000000  62.0000000   29.3455   6199.417 0.019   -2.9   -4.1 -0.46 0.060  55   0 11:52:45     44637.49417    0.0000  2022/04/18
16.0000000  62.0000000   29.5896   6199.417 0.022   -2.9   -4.4 -0.46 0.060  55   0 11:53:45     44637.49487    0.0000  2022/04/18
16.0000000  62.0000000   29.3455   6199.417 0.023   -2.9   -4.4 -0.46 0.059  55   0 11:54:45     44637.49556    0.0000  2022/04/18
16.0000000  62.0000000   29.5896   6199.417 0.017   -3.0   -4.5 -0.46 0.059  55   0 11:55:45     44637.49625    0.0000  2022/04/18
16.0000000  62.0000000   29.3455   6199.417 0.018   -3.0   -4.6 -0.46 0.059  55   0 11:56:45     44637.49695    0.0000  2022/04/18
16.0000000  62.0000000   29.3455   6199.417 0.021   -3.1   -4.8 -0.46 0.059  55   0 11:57:45     44637.49764    0.0000  2022/04/18
16.0000000  62.0000000   29.3455   6199.416 0.018   -3.1   -4.9 -0.46 0.058  55   0 11:58:45     44637.49833    0.0000  2022/04/18
16.0000000  62.0000000   29.3455   6199.416 0.019   -3.1   -5.0 -0.46 0.058  55   0 11:59:45     44637.49903    0.0000  2022/04/18
16.0000000  62.0000000   29.3455   6199.416 0.016   -3.1   -5.1 -0.46 0.058  55   0 12:00:45     44637.49972    0.0000  2022/04/18
16.0000000  62.0000000   29.3455   6199.414 0.019   -3.1   -5.2 -0.46 0.057  55   0 12:01:45     44637.50041    0.0000  2022/04/18
16.0000000  62.0000000   29.3455   6199.410 0.025   -3.4   -5.4 -0.46 0.057  55  17 12:02:45     44637.50111    0.0000  2022/04/18
16.0000000  62.0000000   29.3455   6199.415 0.022   -3.1   -5.5 -0.46 0.056  55   7 12:03:45     44637.50180    0.0000  2022/04/18
16.0000000  62.0000000   29.3455   6199.417 0.030   -3.5   -5.6 -0.46 0.056  55   9 12:04:45     44637.50249    0.0000  2022/04/18
16.0000000  62.0000000   29.3455   6199.416 0.017   -3.5   -5.6 -0.46 0.056  55   0 12:05:45     44637.50319    0.0000  2022/04/18
16.0000000  62.0000000   29.3455   6199.417 0.017   -3.5   -5.7 -0.46 0.055  55   0 12:06:45     44637.50388    0.0000  2022/04/18
16.0000000  62.0000000   29.3455   6199.417 0.019   -3.5   -5.8 -0.46 0.055  55   0 12:07:45     44637.50457    0.0000  2022/04/18
16.0000000  62.0000000   29.3455   6199.416 0.022   -3.6   -5.9 -0.46 0.055  55   0 12:08:45     44637.50527    0.0000  2022/04/18
16.0000000  62.0000000   29.3455   6199.415 0.021   -3.6   -5.9 -0.46 0.054  55   0 12:09:45     44637.50596    0.0000  2022/04/18
16.0000000  62.0000000   29.3455   6199.416 0.020   -3.6   -6.1 -0.46 0.054  55   0 12:10:45     44637.50665    0.0000  2022/04/18
16.0000000  62.0000000   29.3455   6199.416 0.019   -3.7   -6.2 -0.46 0.054  55   2 12:11:45     44637.50735    0.0000  2022/04/18
16.0000000  62.0000000   28.6131   6199.414 0.031   -3.7   -6.2 -0.46 0.053  55   7 12:12:46     44637.50805    0.0000  2022/04/18
16.0000000  12.0000000   31.7869   6190.974 0.065   -1.3    1.0 -0.11 0.019  55   6 13:25:56     44637.55878    0.0000  2022/04/18
16.0000000  12.0000000   32.0310   6190.962 0.062   -1.2    0.9 -0.14 0.018  55   1 13:27:01     44637.55953    0.0000  2022/04/18
16.0000000  12.0000000   32.0310   6190.966 0.036   -1.2    0.9 -0.16 0.018  55   0 13:28:01     44637.56022    0.0000  2022/04/18
16.0000000  12.0000000   31.7869   6190.965 0.056   -1.2    0.7 -0.19 0.017  55   0 13:29:01     44637.56092    0.0000  2022/04/18
16.0000000  12.0000000   31.7869   6190.965 0.050   -1.2    0.8 -0.21 0.017  55   0 13:30:01     44637.56161    0.0000  2022/04/18
16.0000000  12.0000000   31.7869   6190.965 0.030   -1.3    0.6 -0.23 0.016  55   0 13:31:01     44637.56230    0.0000  2022/04/18
16.0000000  12.0000000   31.7869   6190.964 0.044   -1.4    0.5 -0.26 0.016  55   0 13:32:01     44637.56300    0.0000  2022/04/18
16.0000000  12.0000000   31.7869   6190.965 0.042   -1.4    0.4 -0.27 0.015  55   0 13:33:01     44637.56369    0.0000  2022/04/18
16.0000000  12.0000000   31.7869   6190.964 0.049   -1.4    0.2 -0.29 0.015  55   0 13:34:01     44637.56438    0.0000  2022/04/18
16.0000000  12.0000000   31.7869   6190.966 0.058   -1.5    0.2 -0.31 0.014  55   0 13:35:01     44637.56508    0.0000  2022/04/18
16.0000000  12.0000000   31.7869   6190.965 0.068   -1.6    0.0 -0.32 0.014  55   0 13:36:01     44637.56577    0.0000  2022/04/18
16.0000000  12.0000000   31.7869   6190.966 0.043   -1.7   -0.1 -0.34 0.013  55   0 13:37:01     44637.56646    0.0000  2022/04/18
16.0000000  12.0000000   31.7869   6190.966 0.034   -1.8   -0.2 -0.35 0.012  55   0 13:38:01     44637.56716    0.0000  2022/04/18
16.0000000  12.0000000   31.5428   6190.965 0.044   -1.8   -0.4 -0.36 0.012  55   0 13:39:01     44637.56785    0.0000  2022/04/18
16.0000000  12.0000000   31.7869   6190.964 0.036   -1.9   -0.6 -0.37 0.011  55   0 13:40:01     44637.56854    0.0000  2022/04/18
16.0000000  12.0000000   31.5428   6190.965 0.067   -2.0   -0.8 -0.38 0.011  55   0 13:41:01     44637.56924    0.0000  2022/04/18
16.0000000  12.0000000   31.5428   6190.965 0.047   -2.0   -0.8 -0.39 0.010  55   0 13:42:01     44637.56993    0.0000  2022/04/18
16.0000000  12.0000000   31.5428   6190.965 0.035   -2.0   -1.1 -0.39 0.010  55   0 13:43:01     44637.57062    0.0000  2022/04/18
16.0000000  12.0000000   31.5428   6190.966 0.041   -2.1   -1.0 -0.40 0.009  55   0 13:44:01     44637.57132    0.0000  2022/04/18
16.0000000  12.0000000   31.2986   6190.967 0.036   -2.2   -1.4 -0.40 0.009  55   0 13:45:01     44637.57201    0.0000  2022/04/18
16.0000000  12.0000000   31.5428   6190.967 0.069   -2.3   -1.6 -0.41 0.008  55   0 13:46:01     44637.57270    0.0000  2022/04/18
16.0000000  12.0000000   31.5428   6190.963 0.117   -2.3   -1.7 -0.42 0.007  55   2 13:47:01     44637.57340    0.0000  2022/04/18
16.0000000  12.0000000   31.5428   6190.966 0.047   -2.4   -1.9 -0.42 0.007  55   0 13:48:01     44637.57409    0.0000  2022/04/18
16.0000000  12.0000000   31.5428   6190.966 0.044   -2.6   -2.0 -0.43 0.006  55   0 13:49:01     44637.57478    0.0000  2022/04/18
16.0000000  12.0000000   31.2986   6190.965 0.059   -2.5   -2.2 -0.43 0.006  55   0 13:50:01     44637.57548    0.0000  2022/04/18
16.0000000  12.0000000   31.5428   6190.966 0.075   -2.5   -2.3 -0.43 0.005  55   0 13:51:01     44637.57617    0.0000  2022/04/18
16.0000000  12.0000000   31.5428   6190.965 0.087   -2.6   -2.4 -0.43 0.005  55   0 13:52:01     44637.57686    0.0000  2022/04/18
16.0000000  12.0000000   31.2986   6190.965 0.081   -2.6   -2.6 -0.44 0.004  55   0 13:53:01     44637.57756    0.0000  2022/04/18
16.0000000  12.0000000   31.2986   6190.966 0.057   -2.6   -2.9 -0.44 0.004  55   0 13:54:01     44637.57825    0.0000  2022/04/18
16.0000000  12.0000000   31.0545   6190.970 0.081   -2.7   -3.1 -0.44 0.003  55   1 13:55:01     44637.57894    0.0000  2022/04/18
16.0000000  12.0000000   31.2986   6190.967 0.048   -2.8   -3.1 -0.44 0.002  55   0 13:56:01     44637.57964    0.0000  2022/04/18
16.0000000  12.0000000   31.5428   6190.967 0.038   -2.9   -3.4 -0.44 0.002  55   0 13:57:01     44637.58033    0.0000  2022/04/18
16.0000000  12.0000000   31.2986   6190.967 0.037   -2.9   -3.5 -0.45 0.001  55   0 13:58:01     44637.58102    0.0000  2022/04/18
16.0000000  12.0000000   31.2986   6190.966 0.049   -2.9   -3.6 -0.45 0.001  55   0 13:59:01     44637.58172    0.0000  2022/04/18
16.0000000  12.0000000   31.2986   6190.966 0.041   -2.9   -3.8 -0.45 0.000  55   0 14:00:01     44637.58241    0.0000  2022/04/18
16.0000000  12.0000000   31.2986   6190.967 0.043   -3.0   -3.9 -0.45 0.000  55   0 14:01:01     44637.58310    0.0000  2022/04/18
16.0000000  12.0000000   31.2986   6190.967 0.040   -3.0   -4.1 -0.45 0.000  55   0 14:02:01     44637.58380    0.0000  2022/04/18
16.0000000  12.0000000   31.0545   6190.968 0.039   -3.0   -4.2 -0.45 0.000  55   0 14:03:01     44637.58449    0.0000  2022/04/18
16.0000000  12.0000000   31.2986   6190.969 0.052   -3.0   -4.4 -0.45 -0.001  55   0 14:04:01     44637.58518    0.0000  2022/04/18
16.0000000  12.0000000   31.2986   6190.967 0.050   -3.1   -4.6 -0.45 -0.002  55   0 14:05:01     44637.58588    0.0000  2022/04/18
16.0000000  12.0000000   31.2986   6190.968 0.042   -3.1   -4.7 -0.45 -0.002  55   0 14:06:01     44637.58657    0.0000  2022/04/18
16.0000000  12.0000000   31.2986   6190.966 0.051   -3.1   -4.8 -0.46 -0.003  55   0 14:07:01     44637.58726    0.0000  2022/04/18
16.0000000  12.0000000   31.2986   6190.966 0.063   -3.2   -4.9 -0.46 -0.003  55   2 14:08:01     44637.58796    0.0000  2022/04/18
16.0000000  12.0000000   31.2986   6190.967 0.101   -3.3   -5.0 -0.46 -0.004  55   0 14:09:01     44637.58865    0.0000  2022/04/18
16.0000000  12.0000000   31.2986   6190.965 0.047   -3.3   -5.1 -0.46 -0.004  55   0 14:10:01     44637.58934    0.0000  2022/04/18
16.0000000  12.0000000   31.5428   6190.968 0.070   -3.3   -5.3 -0.46 -0.005  55   0 14:11:01     44637.59004    0.0000  2022/04/18
16.0000000  12.0000000   31.2986   6190.975 0.092   -3.3   -5.5 -0.46 -0.006  55  10 14:12:01     44637.59073    0.0000  2022/04/18
16.0000000  12.0000000   31.0545   6190.967 0.038   -3.2   -5.6 -0.46 -0.006  55   0 14:13:01     44637.59142    0.0000  2022/04/18
16.0000000  12.0000000   31.2986   6190.968 0.046   -3.3   -5.7 -0.46 -0.007  55   0 14:14:01     44637.59212    0.0000  2022/04/18
16.0000000  12.0000000   31.2986   6190.965 0.059   -3.5   -5.9 -0.46 -0.007  55   0 14:15:01     44637.59281    0.0000  2022/04/18
16.0000000  12.0000000   31.2986   6190.966 0.081   -3.4   -6.0 -0.46 -0.008  55   0 14:16:01     44637.59350    0.0000  2022/04/18
16.0000000  12.0000000   31.0545   6190.966 0.042   -3.4   -6.1 -0.46 -0.008  55   0 14:17:01     44637.59420    0.0000  2022/04/18
16.0000000  12.0000000   31.0545   6190.969 0.085   -3.5   -6.2 -0.46 -0.009  55   2 14:18:01     44637.59489    0.0000  2022/04/18
16.0000000  12.0000000   31.2986   6190.966 0.048   -3.5   -6.4 -0.46 -0.010  55   0 14:19:01     44637.59558    0.0000  2022/04/18
16.0000000  12.0000000   31.0545   6190.966 0.038   -3.5   -6.4 -0.46 -0.010  55   0 14:20:01     44637.59628    0.0000  2022/04/18
16.0000000  12.0000000   31.0545   6190.967 0.089   -3.5   -6.6 -0.46 -0.011  55   0 14:21:01     44637.59697    0.0000  2022/04/18
16.0000000  12.0000000   31.2986   6190.966 0.042   -3.6   -6.7 -0.46 -0.011  55   0 14:22:01     44637.59766    0.0000  2022/04/18
16.0000000  12.0000000   31.0545   6190.967 0.035   -3.5   -7.0 -0.46 -0.012  55   0 14:23:01     44637.59836    0.0000  2022/04/18
16.0000000  12.0000000   31.0545   6190.965 0.041   -3.6   -7.0 -0.46 -0.012  55   0 14:24:01     44637.59905    0.0000  2022/04/18
16.0000000  12.0000000   29.8338   6190.966 0.041   -3.6   -7.1 -0.46 -0.013  55   0 14:25:02     44637.59976    0.0000  2022/04/18