
/	CG-5 SURVEY
/	Survey name:   	110a-zveb-mend
/	Instrument S/N:	51265
/	Client:        	tsniigaik
/	Operator:      	iim
/	Date:          	2022/ 4/19
/	Time:          	05:16:05
/	LONG:        	37.5000000 E
/	LAT:         	55.8000000 N
/	ZONE:        	0       
/	GMT DIFF.:   	0.0 

/	CG-5 SETUP PARAMETERS
/	Gref:			0.000   
/	Gcal1:		8017.994
/	TiltxS:		646.306 
/	TiltyS:		739.919 
/	TiltxO:		-46.165 
/	TiltyO:		-37.934 
/	Tempco:		-0.137  
/	Drift:		0.875   
/	DriftTime Start:	05:16:13
/	DriftDate Start:	2022/04/19

/	CG-5 OPTIONS
/	Tide Correction:    YES
/	Cont. Tilt:          NO
/	Auto Rejection:     YES
/	Terrain Corr.:       NO
/	Seismic Filter:     YES
/	Raw Data:           YES
Line	 126.000N
/------LINE-----STATION-----ALT.------GRAV.---SD.--TILTX--TILTY-TEMP---TIDE---DUR-REJ-----TIME----DEC.TIME+DATE--TERRAIN---DATE
126.0000000  12.0000000   30.5662   6191.777 0.055   -3.7   -0.8 -0.35 -0.068  55   1 05:27:24     44638.22700    0.0000  2022/04/19
126.0000000  12.0000000   30.5662   6191.776 0.035   -3.7   -0.8 -0.35 -0.068  55   0 05:28:29     44638.22775    0.0000  2022/04/19
126.0000000  12.0000000   30.8103   6191.777 0.033   -3.7   -0.8 -0.35 -0.067  55   0 05:29:29     44638.22844    0.0000  2022/04/19
126.0000000  12.0000000   30.8103   6191.776 0.041   -3.8   -0.8 -0.35 -0.067  55   0 05:30:29     44638.22914    0.0000  2022/04/19
126.0000000  12.0000000   30.5662   6191.775 0.039   -3.8   -0.8 -0.36 -0.067  55   0 05:31:29     44638.22983    0.0000  2022/04/19
126.0000000  12.0000000   30.8103   6191.775 0.052   -3.9   -0.7 -0.36 -0.066  55   0 05:32:29     44638.23052    0.0000  2022/04/19
126.0000000  12.0000000   30.5662   6191.776 0.049   -4.1   -0.7 -0.37 -0.066  55   0 05:33:29     44638.23122    0.0000  2022/04/19
126.0000000  12.0000000   30.8103   6191.777 0.104   -4.2   -0.7 -0.38 -0.065  55   0 05:34:29     44638.23191    0.0000  2022/04/19
126.0000000  12.0000000   30.8103   6191.775 0.038   -4.1   -0.8 -0.38 -0.065  55   0 05:35:29     44638.23260    0.0000  2022/04/19
126.0000000  12.0000000   30.8103   6191.775 0.027   -4.1   -0.8 -0.39 -0.064  55   0 05:36:29     44638.23330    0.0000  2022/04/19
126.0000000  12.0000000   30.8103   6191.776 0.042   -4.3   -0.8 -0.39 -0.064  55   0 05:37:29     44638.23399    0.0000  2022/04/19
126.0000000  12.0000000   30.8103   6191.775 0.085   -4.5   -0.8 -0.40 -0.063  55   0 05:38:29     44638.23468    0.0000  2022/04/19
126.0000000  12.0000000   30.8103   6191.776 0.039   -4.3   -0.9 -0.40 -0.063  55   0 05:39:29     44638.23538    0.0000  2022/04/19
126.0000000  12.0000000   30.8103   6191.774 0.032   -4.4   -0.9 -0.40 -0.062  55   0 05:40:29     44638.23607    0.0000  2022/04/19
126.0000000  12.0000000   30.8103   6191.775 0.039   -4.4   -1.1 -0.41 -0.062  55   0 05:41:29     44638.23676    0.0000  2022/04/19
126.0000000  12.0000000   30.8103   6191.775 0.045   -4.3   -1.1 -0.41 -0.061  55   0 05:42:29     44638.23746    0.0000  2022/04/19
126.0000000  12.0000000   30.8103   6191.769 0.058   -4.4   -1.1 -0.41 -0.061  55   3 05:43:29     44638.23815    0.0000  2022/04/19
126.0000000  12.0000000   30.8103   6191.774 0.034   -4.4   -1.2 -0.42 -0.060  55  12 05:44:29     44638.23884    0.0000  2022/04/19
126.0000000  12.0000000   31.0545   6191.774 0.077   -4.2   -1.2 -0.42 -0.060  55  14 05:45:29     44638.23954    0.0000  2022/04/19
126.0000000  12.0000000   30.8103   6191.777 0.038   -4.3   -1.3 -0.42 -0.060  55   0 05:46:29     44638.24023    0.0000  2022/04/19
126.0000000  12.0000000   30.8103   6191.778 0.033   -4.5   -1.5 -0.42 -0.059  55  10 05:47:29     44638.24092    0.0000  2022/04/19
126.0000000  12.0000000   30.8103   6191.773 0.074   -4.4   -1.5 -0.42 -0.059  55   0 05:48:29     44638.24162    0.0000  2022/04/19
126.0000000  12.0000000   30.8103   6191.772 0.087   -4.1   -1.7 -0.43 -0.058  55   4 05:49:29     44638.24231    0.0000  2022/04/19
126.0000000  12.0000000   30.8103   6191.775 0.047   -4.2   -1.8 -0.43 -0.058  55   0 05:50:29     44638.24300    0.0000  2022/04/19
126.0000000  12.0000000   30.8103   6191.775 0.047   -4.1   -2.0 -0.43 -0.057  55   0 05:51:29     44638.24370    0.0000  2022/04/19
126.0000000  12.0000000   30.8103   6191.774 0.051   -4.4   -1.9 -0.43 -0.057  55   0 05:52:29     44638.24439    0.0000  2022/04/19
126.0000000  12.0000000   30.8103   6191.774 0.033   -4.1   -2.2 -0.43 -0.056  55   1 05:53:29     44638.24508    0.0000  2022/04/19
126.0000000  12.0000000   30.8103   6191.775 0.038   -4.1   -2.3 -0.43 -0.056  55   0 05:54:29     44638.24578    0.0000  2022/04/19
126.0000000  12.0000000   30.8103   6191.774 0.040   -4.3   -2.3 -0.43 -0.055  55   0 05:55:29     44638.24647    0.0000  2022/04/19
126.0000000  12.0000000   30.8103   6191.774 0.031   -4.1   -2.6 -0.43 -0.055  55   0 05:56:29     44638.24716    0.0000  2022/04/19
126.0000000  12.0000000   30.8103   6191.774 0.044   -4.0   -2.7 -0.43 -0.054  55   0 05:57:29     44638.24786    0.0000  2022/04/19
126.0000000  12.0000000   30.8103   6191.775 0.040   -4.2   -2.7 -0.43 -0.054  55   2 05:58:29     44638.24855    0.0000  2022/04/19
126.0000000  12.0000000   30.8103   6191.773 0.147   -4.4   -2.9 -0.43 -0.053  55   0 05:59:29     44638.24924    0.0000  2022/04/19
126.0000000  12.0000000   30.8103   6191.774 0.083   -4.3   -3.0 -0.43 -0.053  55   0 06:00:29     44638.24994    0.0000  2022/04/19
126.0000000  12.0000000   30.8103   6191.776 0.037   -4.3   -3.0 -0.43 -0.052  55   0 06:01:29     44638.25063    0.0000  2022/04/19
126.0000000  12.0000000   30.8103   6191.773 0.048   -4.2   -3.2 -0.43 -0.052  55   2 06:02:29     44638.25132    0.0000  2022/04/19
126.0000000  12.0000000   30.8103   6191.774 0.039   -4.2   -3.4 -0.43 -0.051  55   0 06:03:29     44638.25202    0.0000  2022/04/19
126.0000000  12.0000000   30.8103   6191.774 0.045   -4.3   -3.5 -0.43 -0.050  55   0 06:04:29     44638.25271    0.0000  2022/04/19
126.0000000  12.0000000   30.8103   6191.774 0.034   -4.2   -3.5 -0.43 -0.050  55   0 06:05:29     44638.25340    0.0000  2022/04/19
126.0000000  12.0000000   30.8103   6191.774 0.048   -4.4   -3.6 -0.43 -0.049  55   0 06:06:29     44638.25410    0.0000  2022/04/19
126.0000000  12.0000000   30.8103   6191.775 0.062   -4.1   -3.8 -0.43 -0.049  55   0 06:07:29     44638.25479    0.0000  2022/04/19
126.0000000  12.0000000   31.0545   6191.773 0.039   -4.3   -3.9 -0.43 -0.048  55   0 06:08:29     44638.25548    0.0000  2022/04/19
126.0000000  12.0000000   30.8103   6191.774 0.037   -4.1   -3.9 -0.43 -0.048  55   0 06:09:29     44638.25618    0.0000  2022/04/19
126.0000000  12.0000000   30.8103   6191.774 0.051   -4.3   -4.2 -0.43 -0.047  55   0 06:10:29     44638.25687    0.0000  2022/04/19
126.0000000  12.0000000   31.0545   6191.773 0.048   -4.3   -4.3 -0.43 -0.047  55   0 06:11:29     44638.25756    0.0000  2022/04/19
126.0000000  12.0000000   30.8103   6191.773 0.058   -4.3   -4.4 -0.43 -0.046  55   0 06:12:29     44638.25826    0.0000  2022/04/19
126.0000000  12.0000000   30.8103   6191.772 0.064   -4.3   -4.6 -0.43 -0.046  55   0 06:13:29     44638.25895    0.0000  2022/04/19
126.0000000  12.0000000   30.8103   6191.774 0.041   -4.2   -4.6 -0.43 -0.045  55   0 06:14:29     44638.25964    0.0000  2022/04/19
126.0000000  12.0000000   30.8103   6191.773 0.035   -4.5   -4.7 -0.43 -0.045  55   0 06:15:29     44638.26034    0.0000  2022/04/19
126.0000000  12.0000000   30.8103   6191.773 0.051   -4.5   -4.9 -0.43 -0.044  55   0 06:16:29     44638.26103    0.0000  2022/04/19
126.0000000  12.0000000   31.0545   6191.772 0.042   -4.4   -4.9 -0.43 -0.044  55   0 06:17:29     44638.26172    0.0000  2022/04/19
126.0000000  12.0000000   30.8103   6191.773 0.045   -4.4   -5.0 -0.43 -0.043  55   0 06:18:29     44638.26242    0.0000  2022/04/19
126.0000000  12.0000000   31.0545   6191.773 0.044   -4.5   -5.2 -0.43 -0.042  55   0 06:19:29     44638.26311    0.0000  2022/04/19
126.0000000  12.0000000   30.8103   6191.773 0.048   -4.5   -5.3 -0.44 -0.042  55   0 06:20:29     44638.26380    0.0000  2022/04/19
126.0000000  12.0000000   30.8103   6191.774 0.056   -4.5   -5.5 -0.44 -0.041  55   0 06:21:29     44638.26450    0.0000  2022/04/19
126.0000000  12.0000000   31.0545   6191.773 0.066   -4.5   -5.5 -0.43 -0.041  55   1 06:22:29     44638.26519    0.0000  2022/04/19
126.0000000  12.0000000   30.8103   6191.775 0.062   -4.4   -5.6 -0.43 -0.040  55   0 06:23:29     44638.26588    0.0000  2022/04/19
126.0000000  12.0000000   31.0545   6191.772 0.038   -4.6   -5.6 -0.43 -0.040  55   0 06:24:29     44638.26658    0.0000  2022/04/19
126.0000000  12.0000000   30.8103   6191.772 0.060   -4.6   -5.7 -0.43 -0.039  55   0 06:25:29     44638.26727    0.0000  2022/04/19
126.0000000  12.0000000   29.5896   6191.770 0.123   -4.4   -5.9 -0.43 -0.039  55   3 06:26:30     44638.26797    0.0000  2022/04/19
126.0000000  22.0000000   25.1951   6145.993 0.018   -0.4   -1.2 -0.37 0.024  55   1 08:12:40     44638.34158    0.0000  2022/04/19
126.0000000  22.0000000   24.9510   6145.993 0.013   -0.4   -1.5 -0.39 0.024  55   0 08:13:45     44638.34233    0.0000  2022/04/19
126.0000000  22.0000000   24.7068   6145.994 0.011   -0.7   -1.8 -0.40 0.025  55   0 08:14:45     44638.34303    0.0000  2022/04/19
126.0000000  22.0000000   24.4627   6145.995 0.011   -0.8   -2.1 -0.41 0.026  55   0 08:15:45     44638.34372    0.0000  2022/04/19
126.0000000  22.0000000   23.9744   6145.993 0.011   -1.1   -2.4 -0.42 0.026  55   0 08:16:45     44638.34441    0.0000  2022/04/19
126.0000000  22.0000000   23.7303   6145.994 0.015   -1.3   -2.7 -0.43 0.027  55   0 08:17:45     44638.34511    0.0000  2022/04/19
126.0000000  22.0000000   23.4861   6145.994 0.016   -1.5   -3.0 -0.44 0.027  55   0 08:18:45     44638.34580    0.0000  2022/04/19
126.0000000  22.0000000   23.2420   6145.994 0.013   -1.8   -3.4 -0.45 0.028  55   0 08:19:45     44638.34649    0.0000  2022/04/19
126.0000000  22.0000000   22.9979   6145.994 0.013   -2.0   -3.8 -0.45 0.028  55   0 08:20:45     44638.34719    0.0000  2022/04/19
126.0000000  22.0000000   22.9979   6145.994 0.016   -2.2   -4.2 -0.46 0.029  55   0 08:21:45     44638.34788    0.0000  2022/04/19
126.0000000  22.0000000   22.7537   6145.994 0.014   -2.5   -4.7 -0.47 0.030  55   0 08:22:45     44638.34857    0.0000  2022/04/19
126.0000000  22.0000000   22.5096   6145.993 0.016   -2.7   -5.0 -0.47 0.030  55   0 08:23:45     44638.34927    0.0000  2022/04/19
126.0000000  22.0000000   22.2654   6145.993 0.011   -3.0   -5.5 -0.48 0.031  55   0 08:24:45     44638.34996    0.0000  2022/04/19
126.0000000  22.0000000   22.0213   6145.994 0.013   -3.3   -5.9 -0.48 0.031  55   0 08:25:45     44638.35065    0.0000  2022/04/19
126.0000000  22.0000000   21.7772   6145.994 0.014   -3.5   -6.2 -0.48 0.032  55   0 08:26:45     44638.35135    0.0000  2022/04/19
126.0000000  22.0000000   21.5330   6145.994 0.015   -3.8   -6.7 -0.49 0.032  55   0 08:27:45     44638.35204    0.0000  2022/04/19
126.0000000  22.0000000   21.2889   6145.993 0.010   -4.0   -7.0 -0.49 0.033  55   0 08:28:45     44638.35273    0.0000  2022/04/19
126.0000000  22.0000000   21.2889   6145.994 0.013   -4.3   -7.4 -0.49 0.033  55   0 08:29:45     44638.35343    0.0000  2022/04/19
126.0000000  22.0000000   21.0447   6145.994 0.011   -4.9   -7.8 -0.50 0.034  55   0 08:30:45     44638.35412    0.0000  2022/04/19
126.0000000  22.0000000   20.8006   6145.994 0.012   -5.1   -8.1 -0.50 0.035  55   0 08:31:45     44638.35481    0.0000  2022/04/19
126.0000000  22.0000000   20.8006   6145.993 0.018   -5.4   -8.4 -0.50 0.035  55   0 08:32:45     44638.35551    0.0000  2022/04/19
126.0000000  22.0000000   20.5565   6145.995 0.015   -5.5   -8.7 -0.50 0.036  55   0 08:33:45     44638.35620    0.0000  2022/04/19
126.0000000  22.0000000   20.3123   6145.996 0.016   -5.8   -9.1 -0.50 0.036  55   0 08:34:45     44638.35689    0.0000  2022/04/19
126.0000000  22.0000000   20.3123   6145.995 0.015   -6.0   -9.4 -0.51 0.037  55   0 08:35:45     44638.35759    0.0000  2022/04/19
126.0000000  22.0000000   20.0682   6145.995 0.016   -6.2   -9.8 -0.51 0.037  55   0 08:36:45     44638.35828    0.0000  2022/04/19
126.0000000  22.0000000   20.0682   6145.995 0.016   -6.4  -10.1 -0.51 0.038  55   0 08:37:45     44638.35897    0.0000  2022/04/19
126.0000000  22.0000000   19.8240   6145.995 0.016   -6.7  -10.3 -0.51 0.038  55   0 08:38:45     44638.35967    0.0000  2022/04/19
126.0000000  22.0000000   19.5799   6145.996 0.018   -6.9  -10.6 -0.51 0.039  55   0 08:39:45     44638.36036    0.0000  2022/04/19
126.0000000  22.0000000   19.5799   6145.995 0.015   -7.2  -10.9 -0.51 0.039  55   0 08:40:45     44638.36105    0.0000  2022/04/19
126.0000000  22.0000000   18.6033   6145.995 0.017   -7.3  -11.2 -0.51 0.040  55   0 08:41:46     44638.36176    0.0000  2022/04/19
126.0000000  22.0000000   19.0916   6145.993 0.016   -0.2    0.5 -0.51 0.041  55   0 08:45:19     44638.36422    0.0000  2022/04/19
126.0000000  22.0000000   18.8475   6145.994 0.013   -0.1    0.3 -0.51 0.042  55   0 08:46:24     44638.36497    0.0000  2022/04/19
126.0000000  22.0000000   18.8475   6145.994 0.012   -0.2    0.1 -0.51 0.042  55   0 08:47:24     44638.36566    0.0000  2022/04/19
126.0000000  22.0000000   18.8475   6145.994 0.013   -0.3    0.0 -0.51 0.043  55   0 08:48:24     44638.36636    0.0000  2022/04/19
126.0000000  22.0000000   18.8475   6145.994 0.014   -0.5   -0.2 -0.51 0.044  55   0 08:49:24     44638.36705    0.0000  2022/04/19
126.0000000  22.0000000   18.6033   6145.993 0.012   -0.6   -0.3 -0.51 0.044  55   0 08:50:24     44638.36774    0.0000  2022/04/19
126.0000000  22.0000000   18.8475   6145.992 0.017   -0.7   -0.5 -0.51 0.045  55   0 08:51:24     44638.36844    0.0000  2022/04/19
126.0000000  22.0000000   18.3592   6145.994 0.015   -0.7   -0.7 -0.51 0.045  55   0 08:52:24     44638.36913    0.0000  2022/04/19
126.0000000  22.0000000   18.3592   6145.995 0.018   -0.8   -1.0 -0.51 0.046  55   0 08:53:24     44638.36982    0.0000  2022/04/19
126.0000000  22.0000000   18.3592   6145.993 0.012   -0.8   -1.2 -0.51 0.046  55   0 08:54:24     44638.37052    0.0000  2022/04/19
126.0000000  22.0000000   18.3592   6145.994 0.016   -0.8   -1.5 -0.51 0.047  55   0 08:55:24     44638.37121    0.0000  2022/04/19
126.0000000  22.0000000   18.1151   6145.992 0.017   -1.0   -1.7 -0.51 0.047  55   0 08:56:24     44638.37190    0.0000  2022/04/19
126.0000000  22.0000000   18.1151   6145.992 0.025   -1.1   -1.9 -0.51 0.048  55   0 08:57:24     44638.37260    0.0000  2022/04/19
126.0000000  22.0000000   17.8709   6145.992 0.013   -1.1   -2.2 -0.52 0.048  55   0 08:58:24     44638.37329    0.0000  2022/04/19
126.0000000  22.0000000   17.8709   6145.992 0.016   -1.3   -2.3 -0.52 0.048  55   0 08:59:24     44638.37398    0.0000  2022/04/19
126.0000000  22.0000000   17.8709   6145.993 0.015   -1.3   -2.6 -0.52 0.049  55   0 09:00:24     44638.37468    0.0000  2022/04/19
126.0000000  22.0000000   17.8709   6145.993 0.019   -1.4   -2.7 -0.52 0.049  55   0 09:01:24     44638.37537    0.0000  2022/04/19
126.0000000  22.0000000   17.8709   6145.992 0.015   -1.5   -3.0 -0.52 0.050  55   0 09:02:24     44638.37606    0.0000  2022/04/19
126.0000000  22.0000000   17.6268   6145.993 0.018   -1.6   -3.2 -0.51 0.050  55   0 09:03:24     44638.37676    0.0000  2022/04/19
126.0000000  22.0000000   17.8709   6145.993 0.014   -1.6   -3.4 -0.51 0.051  55   0 09:04:24     44638.37745    0.0000  2022/04/19
126.0000000  22.0000000   17.6268   6145.991 0.010   -1.8   -3.7 -0.52 0.051  55   0 09:05:24     44638.37814    0.0000  2022/04/19
126.0000000  22.0000000   17.3826   6145.992 0.013   -1.8   -3.9 -0.52 0.052  55   0 09:06:24     44638.37884    0.0000  2022/04/19
126.0000000  22.0000000   17.3826   6145.993 0.013   -1.9   -4.0 -0.52 0.052  55   0 09:07:24     44638.37953    0.0000  2022/04/19
126.0000000  22.0000000   17.3826   6145.992 0.010   -1.9   -4.2 -0.52 0.053  55   0 09:08:24     44638.38022    0.0000  2022/04/19
126.0000000  22.0000000   17.1385   6145.992 0.017   -2.0   -4.5 -0.51 0.053  55   0 09:09:24     44638.38092    0.0000  2022/04/19
126.0000000  22.0000000   17.1385   6145.992 0.016   -2.1   -4.5 -0.52 0.054  55   0 09:10:24     44638.38161    0.0000  2022/04/19
126.0000000  22.0000000   17.1385   6145.993 0.014   -2.2   -4.6 -0.52 0.054  55   0 09:11:24     44638.38230    0.0000  2022/04/19
126.0000000  22.0000000   17.1385   6145.994 0.014   -2.2   -4.8 -0.51 0.055  55   0 09:12:24     44638.38300    0.0000  2022/04/19
126.0000000  22.0000000   17.1385   6145.993 0.017   -2.3   -5.0 -0.52 0.055  55   0 09:13:24     44638.38369    0.0000  2022/04/19
126.0000000  22.0000000   16.1619   6145.992 0.016   -2.3   -5.1 -0.52 0.056  55   0 09:14:25     44638.38440    0.0000  2022/04/19
126.0000000  62.0000000   27.3924   6200.205 0.035    0.7   -0.7 -0.25 0.084  55   1 10:52:31     44638.45241    0.0000  2022/04/19
126.0000000  62.0000000   27.6365   6200.205 0.024    0.7   -0.8 -0.27 0.084  55   0 10:53:36     44638.45316    0.0000  2022/04/19
126.0000000  62.0000000   27.8807   6200.203 0.015    0.6   -0.9 -0.28 0.084  55   0 10:54:36     44638.45386    0.0000  2022/04/19
126.0000000  62.0000000   27.8807   6200.204 0.019    0.7   -1.0 -0.30 0.084  55   0 10:55:36     44638.45455    0.0000  2022/04/19
126.0000000  62.0000000   27.8807   6200.204 0.016    0.7   -1.1 -0.31 0.084  55   0 10:56:36     44638.45524    0.0000  2022/04/19
126.0000000  62.0000000   27.8807   6200.205 0.018    0.6   -1.2 -0.32 0.084  55   0 10:57:36     44638.45594    0.0000  2022/04/19
126.0000000  62.0000000   27.8807   6200.205 0.019    0.6   -1.3 -0.34 0.084  55   1 10:58:36     44638.45663    0.0000  2022/04/19
126.0000000  62.0000000   27.8807   6200.204 0.024    0.7   -1.3 -0.35 0.084  55   0 10:59:36     44638.45732    0.0000  2022/04/19
126.0000000  62.0000000   28.1248   6200.203 0.024    0.7   -1.3 -0.36 0.084  55   0 11:00:36     44638.45802    0.0000  2022/04/19
126.0000000  62.0000000   28.1248   6200.203 0.019    0.7   -1.4 -0.37 0.084  55   0 11:01:36     44638.45871    0.0000  2022/04/19
126.0000000  62.0000000   28.1248   6200.204 0.018    0.7   -1.5 -0.37 0.084  55   0 11:02:36     44638.45940    0.0000  2022/04/19
126.0000000  62.0000000   28.1248   6200.203 0.017    0.7   -1.5 -0.38 0.084  55   0 11:03:36     44638.46010    0.0000  2022/04/19
126.0000000  62.0000000   28.1248   6200.202 0.020    0.7   -1.6 -0.39 0.084  55   0 11:04:36     44638.46079    0.0000  2022/04/19
126.0000000  62.0000000   28.1248   6200.204 0.018    0.7   -1.7 -0.40 0.085  55   0 11:05:36     44638.46148    0.0000  2022/04/19
126.0000000  62.0000000   28.3689   6200.202 0.016    0.7   -1.8 -0.40 0.085  55   0 11:06:36     44638.46218    0.0000  2022/04/19
126.0000000  62.0000000   28.3689   6200.202 0.020    0.7   -1.8 -0.41 0.085  55   1 11:07:36     44638.46287    0.0000  2022/04/19
126.0000000  62.0000000   28.1248   6200.202 0.022    0.7   -1.9 -0.41 0.085  55   0 11:08:36     44638.46356    0.0000  2022/04/19
126.0000000  62.0000000   28.3689   6200.203 0.024    0.7   -2.1 -0.42 0.085  55   0 11:09:36     44638.46426    0.0000  2022/04/19
126.0000000  62.0000000   28.3689   6200.201 0.021    0.7   -2.1 -0.42 0.085  55   0 11:10:36     44638.46495    0.0000  2022/04/19
126.0000000  62.0000000   28.3689   6200.202 0.020    0.7   -2.2 -0.42 0.085  55   0 11:11:36     44638.46564    0.0000  2022/04/19
126.0000000  62.0000000   28.3689   6200.203 0.020    0.7   -2.3 -0.43 0.085  55   0 11:12:36     44638.46634    0.0000  2022/04/19
126.0000000  62.0000000   28.3689   6200.202 0.023    0.7   -2.4 -0.43 0.085  55   0 11:13:36     44638.46703    0.0000  2022/04/19
126.0000000  62.0000000   28.6131   6200.202 0.022    0.8   -2.5 -0.43 0.085  55   0 11:14:36     44638.46772    0.0000  2022/04/19
126.0000000  62.0000000   28.3689   6200.202 0.024    0.8   -2.6 -0.44 0.085  55   0 11:15:36     44638.46842    0.0000  2022/04/19
126.0000000  62.0000000   28.6131   6200.202 0.030    0.8   -2.7 -0.44 0.085  55   0 11:16:36     44638.46911    0.0000  2022/04/19
126.0000000  62.0000000   28.6131   6200.202 0.021    0.7   -2.8 -0.44 0.085  55   0 11:17:36     44638.46980    0.0000  2022/04/19
126.0000000  62.0000000   28.6131   6200.201 0.024    0.8   -3.0 -0.44 0.085  55   0 11:18:36     44638.47050    0.0000  2022/04/19
126.0000000  62.0000000   28.6131   6200.200 0.024    0.8   -3.1 -0.44 0.085  55   5 11:19:36     44638.47119    0.0000  2022/04/19
126.0000000  62.0000000   28.6131   6200.203 0.025    0.7   -3.1 -0.44 0.085  55   0 11:20:36     44638.47188    0.0000  2022/04/19
126.0000000  62.0000000   28.6131   6200.201 0.023    0.7   -3.2 -0.45 0.085  55   0 11:21:36     44638.47258    0.0000  2022/04/19
126.0000000  62.0000000   28.6131   6200.201 0.019    0.8   -3.4 -0.45 0.085  55   0 11:22:36     44638.47327    0.0000  2022/04/19
126.0000000  62.0000000   28.6131   6200.202 0.020    0.7   -3.5 -0.45 0.085  55   0 11:23:36     44638.47396    0.0000  2022/04/19
126.0000000  62.0000000   28.6131   6200.201 0.021    0.7   -3.6 -0.45 0.085  55   0 11:24:36     44638.47466    0.0000  2022/04/19
126.0000000  62.0000000   28.6131   6200.201 0.022    0.7   -3.7 -0.45 0.085  55   0 11:25:36     44638.47535    0.0000  2022/04/19
126.0000000  62.0000000   28.8572   6200.200 0.020    0.8   -3.8 -0.45 0.085  55   0 11:26:36     44638.47604    0.0000  2022/04/19
126.0000000  62.0000000   28.6131   6200.200 0.020    0.7   -3.9 -0.45 0.085  55   0 11:27:36     44638.47674    0.0000  2022/04/19
126.0000000  62.0000000   28.8572   6200.202 0.015    0.8   -4.0 -0.45 0.084  55   0 11:28:36     44638.47743    0.0000  2022/04/19
126.0000000  62.0000000   28.6131   6200.200 0.020    0.8   -4.1 -0.45 0.084  55   0 11:29:36     44638.47812    0.0000  2022/04/19
126.0000000  62.0000000   28.8572   6200.201 0.015    0.8   -4.3 -0.45 0.084  55   0 11:30:36     44638.47882    0.0000  2022/04/19
126.0000000  62.0000000   28.8572   6200.201 0.020    0.8   -4.3 -0.45 0.084  55   0 11:31:36     44638.47951    0.0000  2022/04/19
126.0000000  62.0000000   28.8572   6200.200 0.015    0.8   -4.4 -0.45 0.084  55   0 11:32:36     44638.48020    0.0000  2022/04/19
126.0000000  62.0000000   28.8572   6200.200 0.016    0.8   -4.5 -0.46 0.084  55   0 11:33:36     44638.48090    0.0000  2022/04/19
126.0000000  62.0000000   28.8572   6200.200 0.020    0.7   -4.6 -0.46 0.084  55   0 11:34:36     44638.48159    0.0000  2022/04/19
126.0000000  62.0000000   28.8572   6200.201 0.020    0.8   -4.7 -0.46 0.084  55   0 11:35:36     44638.48228    0.0000  2022/04/19
126.0000000  62.0000000   29.1014   6200.200 0.019    0.8   -4.9 -0.46 0.084  55   0 11:36:36     44638.48298    0.0000  2022/04/19
126.0000000  62.0000000   28.8572   6200.200 0.020    0.8   -4.9 -0.46 0.084  55   0 11:37:36     44638.48367    0.0000  2022/04/19
126.0000000  62.0000000   28.8572   6200.200 0.019    0.7   -5.0 -0.46 0.084  55   0 11:38:36     44638.48436    0.0000  2022/04/19
126.0000000  62.0000000   28.8572   6200.198 0.014    0.8   -5.1 -0.46 0.084  55   0 11:39:36     44638.48506    0.0000  2022/04/19
126.0000000  62.0000000   29.1014   6200.200 0.022    0.8   -5.2 -0.46 0.084  55   0 11:40:36     44638.48575    0.0000  2022/04/19
126.0000000  62.0000000   28.8572   6200.201 0.015    0.8   -5.4 -0.46 0.084  55   0 11:41:36     44638.48644    0.0000  2022/04/19
126.0000000  62.0000000   28.8572   6200.200 0.016    0.7   -5.4 -0.46 0.083  55   0 11:42:36     44638.48714    0.0000  2022/04/19
126.0000000  62.0000000   28.8572   6200.200 0.016    0.8   -5.5 -0.46 0.083  55   0 11:43:36     44638.48783    0.0000  2022/04/19
126.0000000  62.0000000   29.1014   6200.200 0.019    0.8   -5.7 -0.46 0.083  55   0 11:44:36     44638.48852    0.0000  2022/04/19
126.0000000  62.0000000   29.1014   6200.200 0.019    0.8   -5.8 -0.46 0.083  55   0 11:45:36     44638.48922    0.0000  2022/04/19
126.0000000  62.0000000   29.1014   6200.201 0.014    0.8   -5.8 -0.46 0.083  55   0 11:46:36     44638.48991    0.0000  2022/04/19
126.0000000  62.0000000   28.8572   6200.199 0.021    0.8   -5.9 -0.46 0.083  55   0 11:47:36     44638.49060    0.0000  2022/04/19
126.0000000  62.0000000   29.1014   6200.202 0.019    0.8   -6.0 -0.46 0.083  55   2 11:48:36     44638.49130    0.0000  2022/04/19
126.0000000  62.0000000   29.1014   6200.198 0.017    0.8   -6.1 -0.46 0.083  55   0 11:49:36     44638.49199    0.0000  2022/04/19
126.0000000  62.0000000   29.1014   6200.201 0.016    0.8   -6.2 -0.46 0.083  55   4 11:50:36     44638.49268    0.0000  2022/04/19
126.0000000  62.0000000   28.1248   6200.199 0.021    0.8   -6.3 -0.46 0.082  55   1 11:51:37     44638.49339    0.0000  2022/04/19
126.0000000  22.0000000   28.3689   6145.969 0.023   -1.3    0.0 -0.23 0.055  55   0 13:25:10     44638.55825    0.0000  2022/04/19
126.0000000  22.0000000   27.8807   6145.969 0.030   -1.2   -0.3 -0.25 0.054  55   0 13:26:15     44638.55900    0.0000  2022/04/19
126.0000000  22.0000000   27.6365   6145.970 0.013   -1.2   -0.5 -0.28 0.054  55   0 13:27:15     44638.55969    0.0000  2022/04/19
126.0000000  22.0000000   27.3924   6145.970 0.014   -1.1   -0.7 -0.30 0.054  55   0 13:28:15     44638.56039    0.0000  2022/04/19
126.0000000  22.0000000   26.9041   6145.969 0.017   -1.2   -1.0 -0.32 0.053  55   0 13:29:15     44638.56108    0.0000  2022/04/19
126.0000000  22.0000000   26.6600   6145.970 0.011   -1.3   -1.3 -0.34 0.053  55   0 13:30:15     44638.56177    0.0000  2022/04/19
126.0000000  22.0000000   26.4158   6145.970 0.017   -1.4   -1.5 -0.36 0.052  55   2 13:31:15     44638.56247    0.0000  2022/04/19
126.0000000  22.0000000   25.9275   6145.971 0.012   -1.5   -1.8 -0.37 0.052  55   0 13:32:15     44638.56316    0.0000  2022/04/19
126.0000000  22.0000000   25.6834   6145.971 0.015   -1.6   -2.1 -0.39 0.051  55   0 13:33:15     44638.56385    0.0000  2022/04/19
126.0000000  22.0000000   25.4393   6145.970 0.015   -1.8   -2.5 -0.40 0.051  55   0 13:34:15     44638.56455    0.0000  2022/04/19
126.0000000  22.0000000   25.1951   6145.971 0.020   -2.0   -2.9 -0.41 0.050  55   2 13:35:15     44638.56524    0.0000  2022/04/19
126.0000000  22.0000000   24.9510   6145.970 0.024   -2.2   -3.2 -0.42 0.050  55   0 13:36:15     44638.56593    0.0000  2022/04/19
126.0000000  22.0000000   24.4627   6145.971 0.015   -2.4   -3.5 -0.43 0.050  55   0 13:37:15     44638.56663    0.0000  2022/04/19
126.0000000  22.0000000   24.2186   6145.971 0.018   -2.6   -4.0 -0.44 0.049  55   0 13:38:15     44638.56732    0.0000  2022/04/19
126.0000000  22.0000000   24.2186   6145.972 0.017   -2.8   -4.3 -0.45 0.049  55   0 13:39:15     44638.56801    0.0000  2022/04/19
126.0000000  22.0000000   23.9744   6145.972 0.015   -3.0   -4.7 -0.46 0.048  55   0 13:40:15     44638.56871    0.0000  2022/04/19
126.0000000  22.0000000   23.7303   6145.971 0.014   -3.3   -5.2 -0.47 0.048  55   0 13:41:15     44638.56940    0.0000  2022/04/19
126.0000000  22.0000000   23.4861   6145.971 0.014   -3.5   -5.6 -0.47 0.047  55   0 13:42:15     44638.57009    0.0000  2022/04/19
126.0000000  22.0000000   23.2420   6145.971 0.013   -3.7   -5.9 -0.48 0.047  55   0 13:43:15     44638.57079    0.0000  2022/04/19
126.0000000  22.0000000   22.9979   6145.972 0.013   -4.0   -6.3 -0.48 0.046  55   0 13:44:15     44638.57148    0.0000  2022/04/19
126.0000000  22.0000000   22.7537   6145.971 0.012   -4.2   -6.7 -0.49 0.046  55   0 13:45:15     44638.57217    0.0000  2022/04/19
126.0000000  22.0000000   22.7537   6145.972 0.013   -4.9   -7.0 -0.49 0.045  55   0 13:46:15     44638.57287    0.0000  2022/04/19
126.0000000  22.0000000   22.5096   6145.972 0.010   -5.1   -7.4 -0.49 0.045  55   0 13:47:15     44638.57356    0.0000  2022/04/19
126.0000000  22.0000000   22.2654   6145.972 0.012   -5.4   -7.7 -0.50 0.044  55   1 13:48:15     44638.57425    0.0000  2022/04/19
126.0000000  22.0000000   22.0213   6145.972 0.014   -5.6   -8.1 -0.50 0.044  55   0 13:49:15     44638.57495    0.0000  2022/04/19
126.0000000  22.0000000   22.0213   6145.972 0.015   -5.8   -8.4 -0.50 0.043  55   0 13:50:15     44638.57564    0.0000  2022/04/19
126.0000000  22.0000000   21.7772   6145.972 0.014   -6.1   -8.7 -0.51 0.043  55   0 13:51:15     44638.57633    0.0000  2022/04/19
126.0000000  22.0000000   21.5330   6145.971 0.013   -6.3   -9.1 -0.51 0.042  55   0 13:52:15     44638.57703    0.0000  2022/04/19
126.0000000  22.0000000   21.2889   6145.971 0.012   -6.6   -9.4 -0.51 0.042  55   0 13:53:15     44638.57772    0.0000  2022/04/19
126.0000000  22.0000000   20.3123   6145.971 0.016   -6.8   -9.7 -0.51 0.041  55   0 13:54:16     44638.57842    0.0000  2022/04/19
126.0000000  22.0000000   20.8006   6145.972 0.021   -0.3   -1.8 -0.52 0.039  55   0 13:58:32     44638.58138    0.0000  2022/04/19
126.0000000  22.0000000   20.5565   6145.972 0.024   -0.3   -1.8 -0.52 0.038  55   0 13:59:37     44638.58213    0.0000  2022/04/19
126.0000000  22.0000000   20.5565   6145.972 0.022   -0.3   -1.9 -0.52 0.038  55   0 14:00:37     44638.58283    0.0000  2022/04/19
126.0000000  22.0000000   20.5565   6145.971 0.016   -0.3   -2.1 -0.52 0.037  55   0 14:01:37     44638.58352    0.0000  2022/04/19
126.0000000  22.0000000   20.3123   6145.970 0.011   -0.4   -2.3 -0.52 0.037  55   0 14:02:37     44638.58421    0.0000  2022/04/19
126.0000000  22.0000000   20.3123   6145.970 0.011   -0.3   -2.6 -0.52 0.036  55   0 14:03:37     44638.58491    0.0000  2022/04/19
126.0000000  22.0000000   20.3123   6145.972 0.016   -0.4   -2.7 -0.52 0.036  55   0 14:04:37     44638.58560    0.0000  2022/04/19
126.0000000  22.0000000   20.0682   6145.970 0.019   -0.3   -2.9 -0.52 0.035  55   0 14:05:37     44638.58629    0.0000  2022/04/19
126.0000000  22.0000000   20.0682   6145.971 0.015   -0.4   -3.1 -0.52 0.035  55   0 14:06:37     44638.58699    0.0000  2022/04/19
126.0000000  22.0000000   19.8240   6145.971 0.012   -0.6   -3.3 -0.52 0.034  55   0 14:07:37     44638.58768    0.0000  2022/04/19
126.0000000  22.0000000   20.0682   6145.971 0.015   -0.6   -3.6 -0.52 0.034  55   0 14:08:37     44638.58837    0.0000  2022/04/19
126.0000000  22.0000000   19.5799   6145.970 0.013   -0.7   -3.8 -0.52 0.033  55   0 14:09:37     44638.58907    0.0000  2022/04/19
126.0000000  22.0000000   19.5799   6145.971 0.009   -0.7   -3.9 -0.52 0.033  55   0 14:10:37     44638.58976    0.0000  2022/04/19
126.0000000  22.0000000   19.5799   6145.970 0.013   -0.8   -4.0 -0.52 0.032  55   0 14:11:37     44638.59045    0.0000  2022/04/19
126.0000000  22.0000000   19.5799   6145.970 0.010   -0.9   -4.3 -0.52 0.032  55   0 14:12:37     44638.59115    0.0000  2022/04/19
126.0000000  22.0000000   19.3358   6145.972 0.011   -1.0   -4.5 -0.52 0.031  55   0 14:13:37     44638.59184    0.0000  2022/04/19
126.0000000  22.0000000   19.3358   6145.971 0.016   -1.0   -4.7 -0.52 0.031  55   0 14:14:37     44638.59253    0.0000  2022/04/19
126.0000000  22.0000000   19.3358   6145.973 0.014   -1.2   -4.9 -0.52 0.030  55   0 14:15:37     44638.59323    0.0000  2022/04/19
126.0000000  22.0000000   19.0916   6145.972 0.013   -1.2   -5.1 -0.52 0.030  55   0 14:16:37     44638.59392    0.0000  2022/04/19
126.0000000  22.0000000   19.0916   6145.972 0.010   -1.4   -5.3 -0.52 0.029  55   0 14:17:37     44638.59461    0.0000  2022/04/19
126.0000000  22.0000000   18.8475   6145.971 0.012   -1.4   -5.6 -0.52 0.029  55   0 14:18:37     44638.59531    0.0000  2022/04/19
126.0000000  22.0000000   19.0916   6145.972 0.014   -1.4   -5.8 -0.52 0.028  55   0 14:19:37     44638.59600    0.0000  2022/04/19
126.0000000  22.0000000   18.8475   6145.972 0.017   -1.5   -5.9 -0.52 0.028  55   0 14:20:37     44638.59669    0.0000  2022/04/19
126.0000000  22.0000000   18.8475   6145.971 0.011   -1.5   -6.1 -0.52 0.027  55   0 14:21:37     44638.59739    0.0000  2022/04/19
126.0000000  22.0000000   18.8475   6145.971 0.013   -1.6   -6.3 -0.52 0.027  55   0 14:22:37     44638.59808    0.0000  2022/04/19
126.0000000  22.0000000   18.6033   6145.972 0.014   -1.7   -6.5 -0.52 0.026  55   0 14:23:37     44638.59877    0.0000  2022/04/19
126.0000000  22.0000000   18.6033   6145.971 0.012   -1.8   -6.7 -0.52 0.026  55   0 14:24:37     44638.59947    0.0000  2022/04/19
126.0000000  22.0000000   18.6033   6145.971 0.012   -1.8   -6.8 -0.52 0.025  55   0 14:25:37     44638.60016    0.0000  2022/04/19
126.0000000  22.0000000   18.6033   6145.972 0.013   -2.0   -7.0 -0.52 0.025  55   0 14:26:37     44638.60085    0.0000  2022/04/19
126.0000000  22.0000000   17.3826   6145.972 0.013   -2.0   -7.2 -0.52 0.024  55   0 14:27:38     44638.60156    0.0000  2022/04/19
126.0000000  12.0000000   31.5428   6191.737 0.063   -2.1   -0.4 -0.25 -0.040  55   0 16:31:44     44638.68760    0.0000  2022/04/19
126.0000000  12.0000000   31.5428   6191.735 0.061   -2.3   -0.1 -0.27 -0.040  55   0 16:32:49     44638.68835    0.0000  2022/04/19
126.0000000  12.0000000   31.5428   6191.737 0.035   -2.4    0.0 -0.28 -0.041  55   0 16:33:49     44638.68905    0.0000  2022/04/19
126.0000000  12.0000000   31.5428   6191.737 0.033   -2.5    0.0 -0.30 -0.041  55   0 16:34:49     44638.68974    0.0000  2022/04/19
126.0000000  12.0000000   31.5428   6191.737 0.027   -2.7    0.3 -0.31 -0.042  55   0 16:35:49     44638.69043    0.0000  2022/04/19
126.0000000  12.0000000   31.5428   6191.735 0.033   -2.7    0.2 -0.32 -0.042  55   0 16:36:49     44638.69113    0.0000  2022/04/19
126.0000000  12.0000000   31.5428   6191.733 0.041   -2.8    0.3 -0.33 -0.043  55   4 16:37:49     44638.69182    0.0000  2022/04/19
126.0000000  12.0000000   31.5428   6191.737 0.041   -2.9    0.3 -0.34 -0.043  55   0 16:38:49     44638.69251    0.0000  2022/04/19
126.0000000  12.0000000   31.5428   6191.736 0.044   -2.9    0.2 -0.35 -0.043  55   0 16:39:49     44638.69321    0.0000  2022/04/19
126.0000000  12.0000000   31.5428   6191.735 0.039   -2.9    0.3 -0.36 -0.044  55   0 16:40:49     44638.69390    0.0000  2022/04/19
126.0000000  12.0000000   31.5428   6191.739 0.060   -3.0    0.2 -0.37 -0.044  55   1 16:41:49     44638.69459    0.0000  2022/04/19
126.0000000  12.0000000   31.5428   6191.737 0.043   -3.0    0.1 -0.38 -0.045  55   2 16:42:49     44638.69529    0.0000  2022/04/19
126.0000000  12.0000000   31.5428   6191.737 0.045   -3.1    0.0 -0.39 -0.045  55   2 16:43:49     44638.69598    0.0000  2022/04/19
126.0000000  12.0000000   31.5428   6191.736 0.028   -3.2    0.0 -0.39 -0.046  55   0 16:44:49     44638.69667    0.0000  2022/04/19
126.0000000  12.0000000   31.5428   6191.738 0.045   -3.3   -0.1 -0.40 -0.046  55   6 16:45:49     44638.69737    0.0000  2022/04/19
126.0000000  12.0000000   31.5428   6191.734 0.075   -3.0   -0.8 -0.40 -0.047  55   8 16:46:49     44638.69806    0.0000  2022/04/19
126.0000000  12.0000000   31.5428   6191.736 0.061   -3.3   -0.5 -0.41 -0.047  55   4 16:47:49     44638.69875    0.0000  2022/04/19
126.0000000  12.0000000   31.5428   6191.736 0.040   -3.4   -0.5 -0.41 -0.047  55   0 16:48:49     44638.69945    0.0000  2022/04/19
126.0000000  12.0000000   31.5428   6191.735 0.037   -3.4   -0.6 -0.42 -0.048  55   0 16:49:49     44638.70014    0.0000  2022/04/19
126.0000000  12.0000000   31.5428   6191.735 0.033   -3.4   -0.8 -0.42 -0.048  55   0 16:50:49     44638.70083    0.0000  2022/04/19
126.0000000  12.0000000   31.5428   6191.735 0.029   -3.4   -0.9 -0.42 -0.049  55   0 16:51:49     44638.70153    0.0000  2022/04/19
126.0000000  12.0000000   31.2986   6191.740 0.068   -3.5   -1.1 -0.43 -0.049  55  15 16:52:49     44638.70222    0.0000  2022/04/19
126.0000000  12.0000000   31.2986   6191.738 0.043   -3.5   -1.2 -0.43 -0.050  55   0 16:53:49     44638.70291    0.0000  2022/04/19
126.0000000  12.0000000   31.5428   6191.737 0.046   -3.5   -1.3 -0.43 -0.050  55   0 16:54:49     44638.70361    0.0000  2022/04/19
126.0000000  12.0000000   31.2986   6191.737 0.058   -3.5   -1.5 -0.43 -0.050  55   0 16:55:49     44638.70430    0.0000  2022/04/19
126.0000000  12.0000000   31.2986   6191.734 0.034   -3.5   -1.6 -0.44 -0.051  55   0 16:56:49     44638.70499    0.0000  2022/04/19
126.0000000  12.0000000   31.2986   6191.735 0.036   -3.6   -1.8 -0.44 -0.051  55   1 16:57:49     44638.70569    0.0000  2022/04/19
126.0000000  12.0000000   31.2986   6191.735 0.029   -3.6   -1.9 -0.44 -0.052  55   0 16:58:49     44638.70638    0.0000  2022/04/19
126.0000000  12.0000000   31.5428   6191.736 0.050   -3.6   -2.0 -0.44 -0.052  55   0 16:59:49     44638.70707    0.0000  2022/04/19
126.0000000  12.0000000   31.5428   6191.737 0.034   -3.6   -2.2 -0.44 -0.052  55   0 17:00:49     44638.70777    0.0000  2022/04/19
126.0000000  12.0000000   31.2986   6191.736 0.055   -3.7   -2.3 -0.45 -0.053  55   0 17:01:49     44638.70846    0.0000  2022/04/19
126.0000000  12.0000000   31.5428   6191.735 0.040   -3.8   -2.4 -0.45 -0.053  55   0 17:02:49     44638.70915    0.0000  2022/04/19
126.0000000  12.0000000   31.2986   6191.734 0.037   -3.7   -2.6 -0.45 -0.054  55   1 17:03:49     44638.70985    0.0000  2022/04/19
126.0000000  12.0000000   31.2986   6191.736 0.034   -3.7   -2.5 -0.45 -0.054  55   1 17:04:49     44638.71054    0.0000  2022/04/19
126.0000000  12.0000000   31.2986   6191.736 0.029   -3.7   -2.8 -0.45 -0.054  55   0 17:05:49     44638.71123    0.0000  2022/04/19
126.0000000  12.0000000   31.2986   6191.735 0.036   -3.7   -2.9 -0.45 -0.055  55   0 17:06:49     44638.71193    0.0000  2022/04/19
126.0000000  12.0000000   31.5428   6191.737 0.035   -3.8   -3.1 -0.45 -0.055  55   0 17:07:49     44638.71262    0.0000  2022/04/19
126.0000000  12.0000000   31.2986   6191.736 0.038   -3.8   -3.1 -0.45 -0.056  55   0 17:08:49     44638.71331    0.0000  2022/04/19
126.0000000  12.0000000   31.2986   6191.735 0.043   -3.8   -3.4 -0.45 -0.056  55   1 17:09:49     44638.71401    0.0000  2022/04/19
126.0000000  12.0000000   31.2986   6191.736 0.078   -3.9   -3.4 -0.44 -0.056  55   0 17:10:49     44638.71470    0.0000  2022/04/19
126.0000000  12.0000000   31.2986   6191.736 0.075   -3.9   -3.6 -0.44 -0.057  55   0 17:11:49     44638.71539    0.0000  2022/04/19
126.0000000  12.0000000   31.2986   6191.737 0.041   -3.9   -3.6 -0.44 -0.057  55   0 17:12:49     44638.71609    0.0000  2022/04/19
126.0000000  12.0000000   31.2986   6191.736 0.042   -4.0   -3.8 -0.44 -0.057  55   0 17:13:49     44638.71678    0.0000  2022/04/19
126.0000000  12.0000000   31.2986   6191.735 0.032   -4.0   -3.8 -0.44 -0.058  55   0 17:14:49     44638.71747    0.0000  2022/04/19
126.0000000  12.0000000   31.2986   6191.736 0.034   -4.1   -4.0 -0.44 -0.058  55   0 17:15:49     44638.71817    0.0000  2022/04/19
126.0000000  12.0000000   31.2986   6191.735 0.033   -4.2   -4.1 -0.44 -0.059  55   2 17:16:49     44638.71886    0.0000  2022/04/19
126.0000000  12.0000000   31.2986   6191.735 0.053   -4.2   -4.3 -0.44 -0.059  55   0 17:17:49     44638.71955    0.0000  2022/04/19
126.0000000  12.0000000   31.2986   6191.733 0.026   -4.3   -4.4 -0.43 -0.059  55   4 17:18:49     44638.72025    0.0000  2022/04/19
126.0000000  12.0000000   31.2986   6191.736 0.050   -4.4   -4.5 -0.43 -0.060  55   0 17:19:49     44638.72094    0.0000  2022/04/19
126.0000000  12.0000000   31.2986   6191.736 0.043   -4.5   -4.5 -0.43 -0.060  55   0 17:20:49     44638.72163    0.0000  2022/04/19
126.0000000  12.0000000   31.5428   6191.733 0.066   -4.4   -4.6 -0.43 -0.060  55   0 17:21:49     44638.72233    0.0000  2022/04/19
126.0000000  12.0000000   31.2986   6191.734 0.051   -4.5   -4.7 -0.43 -0.061  55   0 17:22:49     44638.72302    0.0000  2022/04/19
126.0000000  12.0000000   31.2986   6191.736 0.048   -4.6   -4.8 -0.43 -0.061  55   0 17:23:49     44638.72371    0.0000  2022/04/19
126.0000000  12.0000000   31.2986   6191.735 0.038   -4.6   -4.9 -0.43 -0.062  55   0 17:24:49     44638.72441    0.0000  2022/04/19
126.0000000  12.0000000   31.2986   6191.734 0.026   -4.8   -5.1 -0.43 -0.062  55   0 17:25:49     44638.72510    0.0000  2022/04/19
126.0000000  12.0000000   31.2986   6191.735 0.032   -4.6   -5.1 -0.43 -0.062  55   0 17:26:49     44638.72579    0.0000  2022/04/19
126.0000000  12.0000000   31.2986   6191.732 0.080   -4.7   -5.3 -0.43 -0.063  55   2 17:27:49     44638.72649    0.0000  2022/04/19
126.0000000  12.0000000   31.2986   6191.733 0.062   -4.8   -5.3 -0.44 -0.063  55   0 17:28:49     44638.72718    0.0000  2022/04/19
126.0000000  12.0000000   31.2986   6191.732 0.041   -4.9   -5.5 -0.43 -0.063  55   1 17:29:49     44638.72787    0.0000  2022/04/19
126.0000000  12.0000000   30.0779   6191.734 0.043   -4.9   -5.7 -0.43 -0.064  55   0 17:30:50     44638.72858    0.0000  2022/04/19
