/		CG-6 Survey
/		Survey Name:	B1-B2-B3-B4_0_UR1
/		Instrument Serial Number:	000000021080368
/		Created:	2023-04-10 07:20:33
/
/		CG-6 Calibration
/		Operator:	VSB
/		Gcal1 [mGal]:	7960.246000
/		Goff [ADU]:	-8388608.000000
/		Gref [mGal]:	0.0000
/		X Scale [arc-sec/ADU]:	0.030843
/		Y Scale [arc-sec/ADU]:	0.031310
/		X Offset [ADU]:	-197296.861841
/		Y Offset [ADU]:	-93397.213352
/		Temperature Coefficient [mGal/mK]:	-0.129000
/		Temperature Scale [mK/ADU]:	-0.000111
/		Drift Rate [mGal/day]:	0.018590
/		Drift Zero Time:	2023-02-13 12:00:00
/		Firmware Version:	CG6_2_20220815
/
/Station	Date	Time	CorrGrav	Line	StdDev	StdErr	RawGrav	X	Y	SensorTemp	TideCorr	TiltCorr	TempCorr	DriftCorr	MeasurDur	InstrHeight	LatUser	LonUser	ElevUser	LatGPS	LonGPS	ElevGPS	Corrections[drift-temp-na-tide-tilt]
1	2023-04-10	07:20:33	5454.6452	0	0.0122	0.0016	5455.6491	1.9	2.2	0.4963	-0.0302	0.0001	0.0637	-1.0374	60	0.000	55.781509	37.638790	237.60	55.781086	37.639294	232.8	11011
1	2023-04-10	07:21:33	5454.6449	0	0.0151	0.0020	5455.6482	2.7	4.2	0.4878	-0.0297	0.0003	0.0635	-1.0374	60	0.000	55.781509	37.638790	237.60	55.781281	37.639236	232.4	11011
1	2023-04-10	07:22:33	5454.6461	0	0.0176	0.0023	5455.6490	1.6	3.7	0.4880	-0.0292	0.0003	0.0635	-1.0375	60	0.000	55.781509	37.638790	237.60	55.781067	37.639439	232.6	11011
1	2023-04-10	07:23:33	5454.6448	0	0.0148	0.0019	5455.6474	1.1	2.7	0.4893	-0.0287	0.0001	0.0634	-1.0375	60	0.000	55.781509	37.638790	237.60	55.780861	37.639420	230.5	11011
1	2023-04-10	07:24:33	5454.6441	0	0.0131	0.0017	5455.6462	1.3	4.1	0.4943	-0.0282	0.0003	0.0633	-1.0375	60	0.000	55.781509	37.638790	237.60	55.780899	37.639278	230.2	11011
1	2023-04-10	07:25:33	5454.6448	0	0.0185	0.0024	5455.6465	1.3	4.0	0.4831	-0.0277	0.0003	0.0633	-1.0375	60	0.000	55.781509	37.638790	237.60	55.781097	37.638981	232.5	11011
1	2023-04-10	07:26:33	5454.6453	0	0.0140	0.0018	5455.6464	2.1	3.2	0.4908	-0.0272	0.0002	0.0634	-1.0375	60	0.000	55.781509	37.638790	237.60	55.780861	37.639191	215.7	11011
1	2023-04-10	07:27:33	5454.6433	0	0.0135	0.0017	5455.6442	2.4	3.4	0.4925	-0.0267	0.0002	0.0631	-1.0375	60	0.000	55.781509	37.638790	237.60	55.780991	37.639164	213.9	11011
1	2023-04-10	07:28:33	5454.6456	0	0.0167	0.0022	5455.6460	1.7	3.9	0.4905	-0.0262	0.0002	0.0630	-1.0375	60	0.000	55.781509	37.638790	237.60	55.781052	37.639057	204.8	11011
1	2023-04-10	07:29:33	5454.6439	0	0.0138	0.0018	5455.6438	1.6	2.5	0.4918	-0.0257	0.0002	0.0631	-1.0375	60	0.000	55.781509	37.638790	237.60	55.780785	37.639313	188.9	11011
2	2023-04-10	07:35:53	5454.6542	0	0.0124	0.0016	5455.6508	-2.8	-1.4	0.4923	-0.0224	0.0001	0.0634	-1.0376	60	0.000	55.781509	37.638790	237.60	55.780983	37.639065	216.5	11011
2	2023-04-10	07:36:53	5454.6548	0	0.0128	0.0016	5455.6511	-2.5	-1.3	0.4878	-0.0219	0.0001	0.0632	-1.0376	60	0.000	55.781509	37.638790	237.60	55.781010	37.639030	229.8	11011
2	2023-04-10	07:37:53	5454.6542	0	0.0135	0.0017	5455.6501	-3.0	-0.6	0.4991	-0.0214	0.0002	0.0630	-1.0376	60	0.000	55.781509	37.638790	237.60	55.781040	37.639103	235.8	11011
2	2023-04-10	07:38:53	5454.6552	0	0.0143	0.0018	5455.6506	-2.8	-0.5	0.4883	-0.0209	0.0001	0.0630	-1.0377	60	0.000	55.781509	37.638790	237.60	55.781052	37.639126	246.8	11011
2	2023-04-10	07:39:53	5454.6553	0	0.0148	0.0019	5455.6505	-2.6	0.2	0.4854	-0.0204	0.0001	0.0628	-1.0377	60	0.000	55.781509	37.638790	237.60	55.781010	37.638721	255.7	11011
2	2023-04-10	07:40:53	5454.6551	0	0.0133	0.0017	5455.6498	-2.2	-0.6	0.4845	-0.0199	0.0001	0.0628	-1.0377	60	0.000	55.781509	37.638790	237.60	55.781097	37.638798	263.5	11011
2	2023-04-10	07:41:53	5454.6547	0	0.0143	0.0018	5455.6490	-2.4	-0.4	0.4847	-0.0194	0.0001	0.0626	-1.0377	60	0.000	55.781509	37.638790	237.60	55.781052	37.638905	253.3	11011
2	2023-04-10	07:42:53	5454.6552	0	0.0153	0.0020	5455.6492	-1.6	-0.0	0.4857	-0.0188	0.0001	0.0625	-1.0377	60	0.000	55.781509	37.638790	237.60	55.780937	37.639030	248.3	11011
2	2023-04-10	07:43:53	5454.6546	0	0.0142	0.0018	5455.6481	-1.8	1.8	0.4787	-0.0183	0.0001	0.0624	-1.0377	60	0.000	55.781509	37.638790	237.60	55.780811	37.639267	241.6	11011
2	2023-04-10	07:44:53	5454.6544	0	0.0138	0.0018	5455.6475	-2.2	1.6	0.4819	-0.0178	0.0002	0.0623	-1.0377	60	0.000	55.781509	37.638790	237.60	55.781162	37.639114	253.0	11011
3	2023-04-10	07:49:59	5454.6589	0	0.0148	0.0019	5455.6493	-1.1	-2.0	0.4869	-0.0152	0.0001	0.0624	-1.0378	60	0.000	55.781509	37.638790	237.60	55.780437	37.639057	236.0	11011
3	2023-04-10	07:50:59	5454.6599	0	0.0168	0.0022	5455.6498	-1.4	-0.9	0.4882	-0.0146	0.0000	0.0624	-1.0378	60	0.000	55.781509	37.638790	237.60	55.781281	37.639065	242.6	11011
3	2023-04-10	07:51:59	5454.6595	0	0.0134	0.0017	5455.6489	-0.9	-1.4	0.4785	-0.0141	0.0001	0.0624	-1.0378	60	0.000	55.781509	37.638790	237.60	55.781067	37.639305	250.5	11011
3	2023-04-10	07:52:59	5454.6585	0	0.0149	0.0019	5455.6476	-0.9	-0.7	0.4795	-0.0136	0.0001	0.0623	-1.0378	60	0.000	55.781509	37.638790	237.60	55.781143	37.639305	245.1	11011
3	2023-04-10	07:53:59	5454.6601	0	0.0136	0.0018	5455.6489	-0.4	0.0	0.4805	-0.0131	0.0000	0.0621	-1.0379	60	0.000	55.781509	37.638790	237.60	55.780876	37.639412	239.3	11011
3	2023-04-10	07:54:59	5454.6598	0	0.0149	0.0019	5455.6482	-0.4	-0.8	0.4853	-0.0126	0.0001	0.0621	-1.0379	60	0.000	55.781509	37.638790	237.60	55.781029	37.639332	237.1	11011
3	2023-04-10	07:55:59	5454.6603	0	0.0141	0.0018	5455.6481	0.3	-1.3	0.4768	-0.0120	0.0000	0.0621	-1.0379	60	0.000	55.781509	37.638790	237.60	55.780964	37.639278	234.7	11011
3	2023-04-10	07:56:59	5454.6602	0	0.0145	0.0019	5455.6473	-1.1	-0.1	0.4815	-0.0115	0.0000	0.0622	-1.0379	60	0.000	55.781509	37.638790	237.60	55.781040	37.639381	235.3	11011
3	2023-04-10	07:57:59	5454.6594	0	0.0148	0.0019	5455.6463	-1.7	-1.0	0.4829	-0.0110	0.0001	0.0620	-1.0379	60	0.000	55.781509	37.638790	237.60	55.781029	37.639172	241.5	11011
3	2023-04-10	07:58:59	5454.6598	0	0.0140	0.0018	5455.6462	-1.7	-2.5	0.4838	-0.0105	0.0002	0.0618	-1.0379	60	0.000	55.781509	37.638790	237.60	55.781109	37.639202	251.2	11011
4	2023-04-10	08:05:29	5454.6642	0	0.0154	0.0020	5455.6469	0.1	1.8	0.4823	-0.0071	0.0001	0.0623	-1.0380	60	0.000	55.781509	37.638790	237.60	55.780933	37.639019	261.5	11011
4	2023-04-10	08:06:29	5454.6649	0	0.0154	0.0020	5455.6469	-0.2	1.7	0.4768	-0.0066	0.0001	0.0625	-1.0380	60	0.000	55.781509	37.638790	237.60	55.780590	37.639065	262.2	11011
4	2023-04-10	08:07:29	5454.6642	0	0.0165	0.0021	5455.6458	1.9	1.0	0.4832	-0.0060	0.0001	0.0623	-1.0380	60	0.000	55.781509	37.638790	237.60	55.780991	37.639057	259.5	11011
4	2023-04-10	08:08:29	5454.6643	0	0.0148	0.0019	5455.6454	0.9	0.6	0.4847	-0.0055	0.0000	0.0624	-1.0380	60	0.000	55.781509	37.638790	237.60	55.780792	37.638954	256.0	11011
4	2023-04-10	08:09:29	5454.6638	0	0.0146	0.0019	5455.6444	1.0	1.5	0.4838	-0.0050	0.0001	0.0624	-1.0381	60	0.000	55.781509	37.638790	237.60	55.780804	37.639286	249.3	11011
4	2023-04-10	08:10:29	5454.6631	0	0.0135	0.0017	5455.6432	2.3	1.1	0.4781	-0.0045	0.0001	0.0623	-1.0381	60	0.000	55.781509	37.638790	237.60	55.781109	37.639294	247.6	11011
4	2023-04-10	08:11:29	5454.6635	0	0.0142	0.0018	5455.6432	1.9	2.5	0.4820	-0.0039	0.0002	0.0621	-1.0381	60	0.000	55.781509	37.638790	237.60	55.780842	37.639030	244.8	11011
4	2023-04-10	08:12:29	5454.6636	0	0.0126	0.0016	5455.6427	2.5	3.6	0.4819	-0.0034	0.0003	0.0621	-1.0381	60	0.000	55.781509	37.638790	237.60	55.780861	37.639275	248.0	11011
4	2023-04-10	08:13:29	5454.6629	0	0.0149	0.0019	5455.6415	3.2	2.6	0.4737	-0.0029	0.0002	0.0622	-1.0381	60	0.000	55.781509	37.638790	237.60	55.780964	37.639297	249.3	11011
4	2023-04-10	08:14:29	5454.6634	0	0.0116	0.0015	5455.6415	3.4	2.0	0.4755	-0.0024	0.0002	0.0622	-1.0381	60	0.000	55.781509	37.638790	237.60	55.781193	37.639259	251.8	11011
1	2023-04-10	08:24:28	5454.6436	0	0.0147	0.0019	5455.6164	-1.3	1.0	0.4879	0.0028	0.0001	0.0626	-1.0383	60	0.000	55.781509	37.638790	237.60	55.781605	37.639374	240.6	11011
1	2023-04-10	08:25:28	5454.6436	0	0.0181	0.0023	5455.6160	-0.8	0.4	0.4801	0.0034	0.0000	0.0624	-1.0383	60	0.000	55.781509	37.638790	237.60	55.781067	37.639153	229.3	11011
1	2023-04-10	08:26:28	5454.6440	0	0.0177	0.0023	5455.6159	-1.3	1.9	0.4853	0.0039	0.0001	0.0624	-1.0383	60	0.000	55.781509	37.638790	237.60	55.781471	37.639294	229.1	11011
1	2023-04-10	08:27:28	5454.6434	0	0.0136	0.0018	5455.6149	-1.4	2.9	0.4838	0.0044	0.0001	0.0623	-1.0383	60	0.000	55.781509	37.638790	237.60	55.781300	37.639191	215.2	11011
1	2023-04-10	08:28:28	5454.6445	0	0.0123	0.0016	5455.6158	-1.8	2.6	0.4805	0.0049	0.0001	0.0620	-1.0383	60	0.000	55.781509	37.638790	237.60	55.781281	37.639217	211.7	11011
1	2023-04-10	08:29:28	5454.6439	0	0.0119	0.0015	5455.6147	-1.4	2.3	0.4823	0.0054	0.0001	0.0619	-1.0383	60	0.000	55.781509	37.638790	237.60	55.781448	37.639145	228.0	11011
1	2023-04-10	08:30:28	5454.6442	0	0.0128	0.0017	5455.6145	-1.2	1.6	0.4812	0.0060	0.0000	0.0621	-1.0383	60	0.000	55.781509	37.638790	237.60	55.780933	37.639160	208.8	11011
1	2023-04-10	08:31:28	5454.6449	0	0.0164	0.0021	5455.6146	-0.6	2.1	0.4842	0.0065	0.0001	0.0620	-1.0383	60	0.000	55.781509	37.638790	237.60	55.781452	37.639236	207.1	11011
1	2023-04-10	08:32:28	5454.6442	0	0.0160	0.0021	5455.6137	-0.1	3.0	0.4749	0.0070	0.0002	0.0618	-1.0384	60	0.000	55.781509	37.638790	237.60	55.781200	37.639198	207.0	11011
1	2023-04-10	08:33:28	5454.6452	0	0.0135	0.0017	5455.6141	-0.5	1.2	0.4784	0.0075	0.0001	0.0619	-1.0384	60	0.000	55.781509	37.638790	237.60	55.781315	37.639259	221.7	11011
2	2023-04-10	08:37:47	5454.6546	0	0.0166	0.0021	5455.6213	-1.6	2.1	0.4753	0.0097	0.0001	0.0619	-1.0384	60	0.000	55.781509	37.638790	237.60	55.780785	37.639332	216.9	11011
2	2023-04-10	08:38:47	5454.6544	0	0.0145	0.0019	5455.6207	-1.1	2.6	0.4797	0.0102	0.0002	0.0617	-1.0384	60	0.000	55.781509	37.638790	237.60	55.780876	37.639278	218.6	11011
2	2023-04-10	08:39:47	5454.6559	0	0.0149	0.0019	5455.6215	-0.1	2.3	0.4849	0.0108	0.0001	0.0620	-1.0384	60	0.000	55.781509	37.638790	237.60	55.780804	37.639236	215.9	11011
2	2023-04-10	08:40:47	5454.6551	0	0.0178	0.0023	5455.6204	-0.4	3.5	0.4827	0.0113	0.0002	0.0617	-1.0385	60	0.000	55.781509	37.638790	237.60	55.780602	37.639164	222.4	11011
2	2023-04-10	08:41:47	5454.6533	0	0.0147	0.0019	5455.6180	-0.3	4.5	0.4794	0.0118	0.0004	0.0616	-1.0385	60	0.000	55.781509	37.638790	237.60	55.781250	37.639259	220.6	11011
2	2023-04-10	08:42:47	5454.6550	0	0.0151	0.0019	5455.6194	-0.1	3.1	0.4727	0.0123	0.0002	0.0616	-1.0385	60	0.000	55.781509	37.638790	237.60	55.780880	37.639240	201.5	11011
2	2023-04-10	08:43:47	5454.6553	0	0.0171	0.0022	5455.6192	0.1	2.4	0.4789	0.0128	0.0001	0.0617	-1.0385	60	0.000	55.781509	37.638790	237.60	55.780937	37.639191	211.0	11011
2	2023-04-10	08:44:47	5454.6542	0	0.0152	0.0020	5455.6178	-0.3	3.1	0.4789	0.0133	0.0002	0.0615	-1.0385	60	0.000	55.781509	37.638790	237.60	55.780899	37.639221	211.6	11011
2	2023-04-10	08:45:47	5454.6558	0	0.0135	0.0017	5455.6188	-0.2	2.8	0.4757	0.0138	0.0001	0.0616	-1.0385	60	0.000	55.781509	37.638790	237.60	55.780838	37.639191	213.0	11011
2	2023-04-10	08:46:47	5454.6542	0	0.0161	0.0021	5455.6170	0.1	3.3	0.4767	0.0143	0.0001	0.0613	-1.0385	60	0.000	55.781509	37.638790	237.60	55.780781	37.639256	214.4	11011
3	2023-04-10	08:52:17	5454.6598	0	0.0185	0.0024	5455.6189	3.1	5.4	0.4750	0.0171	0.0005	0.0619	-1.0386	60	0.000	55.781509	37.638790	237.60	55.781162	37.639286	221.0	11011
3	2023-04-10	08:53:17	5454.6588	0	0.0169	0.0022	5455.6176	3.5	4.7	0.4806	0.0176	0.0004	0.0618	-1.0386	60	0.000	55.781509	37.638790	237.60	55.781223	37.639114	229.8	11011
3	2023-04-10	08:54:17	5454.6586	0	0.0151	0.0019	5455.6170	3.8	4.4	0.4822	0.0181	0.0004	0.0618	-1.0386	60	0.000	55.781509	37.638790	237.60	55.780991	37.639133	233.1	11011
3	2023-04-10	08:55:17	5454.6597	0	0.0126	0.0016	5455.6176	3.3	3.9	0.4786	0.0186	0.0004	0.0617	-1.0386	60	0.000	55.781509	37.638790	237.60	55.780895	37.639198	236.8	11011
3	2023-04-10	08:56:17	5454.6603	0	0.0141	0.0018	5455.6178	4.9	3.5	0.4826	0.0191	0.0004	0.0617	-1.0387	60	0.000	55.781509	37.638790	237.60	55.780983	37.639198	234.8	11011
3	2023-04-10	08:57:17	5454.6591	0	0.0169	0.0022	5455.6163	3.2	2.4	0.4795	0.0196	0.0002	0.0617	-1.0387	60	0.000	55.781509	37.638790	237.60	55.781040	37.639088	238.2	11011
3	2023-04-10	08:58:17	5454.6602	0	0.0149	0.0019	5455.6170	3.4	1.6	0.4819	0.0201	0.0001	0.0616	-1.0387	60	0.000	55.781509	37.638790	237.60	55.781052	37.639011	238.3	11011
3	2023-04-10	08:59:17	5454.6594	0	0.0151	0.0020	5455.6156	3.5	2.8	0.4745	0.0206	0.0004	0.0616	-1.0387	60	0.000	55.781509	37.638790	237.60	55.781124	37.639259	234.7	11011
3	2023-04-10	09:00:17	5454.6588	0	0.0142	0.0018	5455.6146	3.2	3.8	0.4811	0.0211	0.0003	0.0615	-1.0387	60	0.000	55.781509	37.638790	237.60	55.781124	37.639095	225.6	11011
3	2023-04-10	09:01:17	5454.6608	0	0.0165	0.0021	5455.6160	3.2	3.7	0.4767	0.0216	0.0003	0.0617	-1.0387	60	0.000	55.781509	37.638790	237.60	55.780876	37.639057	238.0	11011
4	2023-04-10	09:08:11	5454.6629	0	0.0180	0.0023	5455.6147	-1.4	0.4	0.4774	0.0250	0.0001	0.0620	-1.0388	60	0.000	55.781509	37.638790	237.60	55.781174	37.639210	231.1	11011
4	2023-04-10	09:09:11	5454.6628	0	0.0152	0.0020	5455.6140	-2.1	-0.3	0.4825	0.0254	0.0001	0.0621	-1.0388	60	0.000	55.781509	37.638790	237.60	55.781013	37.638969	227.8	11011
4	2023-04-10	09:10:11	5454.6627	0	0.0134	0.0017	5455.6136	-1.0	-0.7	0.4770	0.0259	0.0000	0.0620	-1.0388	60	0.000	55.781509	37.638790	237.60	55.781010	37.639050	228.5	11011
4	2023-04-10	09:11:11	5454.6629	0	0.0166	0.0021	5455.6132	-1.8	0.6	0.4808	0.0264	0.0001	0.0621	-1.0389	60	0.000	55.781509	37.638790	237.60	55.781052	37.639076	222.1	11011
4	2023-04-10	09:12:11	5454.6619	0	0.0144	0.0019	5455.6119	-2.2	0.4	0.4770	0.0269	0.0001	0.0619	-1.0389	60	0.000	55.781509	37.638790	237.60	55.780876	37.639019	218.3	11011
4	2023-04-10	09:13:11	5454.6634	0	0.0148	0.0019	5455.6130	-0.5	1.0	0.4774	0.0274	0.0000	0.0619	-1.0389	60	0.000	55.781509	37.638790	237.60	55.780838	37.639046	220.5	11011
4	2023-04-10	09:14:11	5454.6622	0	0.0145	0.0019	5455.6114	-1.0	-0.4	0.4800	0.0278	0.0000	0.0618	-1.0389	60	0.000	55.781509	37.638790	237.60	55.780991	37.639160	223.4	11011
4	2023-04-10	09:15:11	5454.6622	0	0.0124	0.0016	5455.6108	-2.2	0.4	0.4857	0.0283	0.0001	0.0619	-1.0389	60	0.000	55.781509	37.638790	237.60	55.781052	37.639240	216.8	11011
4	2023-04-10	09:16:11	5454.6627	0	0.0126	0.0016	5455.6108	-2.3	-1.1	0.4730	0.0288	0.0001	0.0619	-1.0389	60	0.000	55.781509	37.638790	237.60	55.781078	37.639248	215.8	11011
4	2023-04-10	09:17:11	5454.6631	0	0.0157	0.0020	5455.6108	-3.1	-0.6	0.4863	0.0293	0.0002	0.0618	-1.0389	60	0.000	55.781509	37.638790	237.60	55.781040	37.639202	215.7	11011
1	2023-04-10	09:21:47	5454.6435	0	0.0151	0.0020	5455.5889	0.9	-1.3	0.4759	0.0314	0.0001	0.0621	-1.0390	60	0.000	55.781509	37.638790	237.60	55.781193	37.639057	236.8	11011
1	2023-04-10	09:22:47	5454.6449	0	0.0117	0.0015	5455.5899	0.7	-1.6	0.4779	0.0319	0.0001	0.0620	-1.0390	60	0.000	55.781509	37.638790	237.60	55.781200	37.639122	221.3	11011
1	2023-04-10	09:23:47	5454.6453	0	0.0121	0.0016	5455.5901	0.5	-0.4	0.4807	0.0323	0.0000	0.0619	-1.0390	60	0.000	55.781509	37.638790	237.60	--	--	--	11011
1	2023-04-10	09:24:47	5454.6447	0	0.0144	0.0019	5455.5890	1.4	-0.4	0.4790	0.0328	0.0001	0.0619	-1.0390	60	0.000	55.781509	37.638790	237.60	55.780926	37.639278	219.8	11011
1	2023-04-10	09:25:47	5454.6447	0	0.0160	0.0021	5455.5885	1.5	0.7	0.4785	0.0333	0.0001	0.0619	-1.0390	60	0.000	55.781509	37.638790	237.60	55.781487	37.639545	217.7	11011
1	2023-04-10	09:26:47	5454.6427	0	0.0172	0.0022	5455.5863	1.3	-0.0	0.4775	0.0337	0.0000	0.0617	-1.0391	60	0.000	55.781509	37.638790	237.60	55.781105	37.639210	219.3	11011
1	2023-04-10	09:27:47	5454.6447	0	0.0139	0.0018	5455.5879	1.1	0.4	0.4789	0.0342	0.0000	0.0617	-1.0391	60	0.000	55.781509	37.638790	237.60	55.781242	37.639114	227.5	11011
1	2023-04-10	09:28:47	5454.6430	0	0.0103	0.0013	5455.5857	1.5	0.5	0.4763	0.0346	0.0000	0.0617	-1.0391	60	0.000	55.781509	37.638790	237.60	55.781040	37.639236	227.7	11011
1	2023-04-10	09:29:47	5454.6456	0	0.0152	0.0020	5455.5880	1.2	0.0	0.4731	0.0351	0.0001	0.0615	-1.0391	60	0.000	55.781509	37.638790	237.60	55.781109	37.639229	231.3	11011
1	2023-04-10	09:30:47	5454.6442	0	0.0156	0.0020	5455.5864	1.1	-1.1	0.4722	0.0355	0.0001	0.0614	-1.0391	60	0.000	55.781509	37.638790	237.60	55.781128	37.639236	237.9	11011
