/		CG-6 Survey
/		Survey Name:	1089_VG-20231404
/		Instrument Serial Number:	000000022090458
/		Created:	2023-04-14 05:24:43
/
/		CG-6 Calibration
/		Operator:	DANIL
/		Gcal1 [mGal]:	7856.208000
/		Goff [ADU]:	-8388608.000000
/		Gref [mGal]:	0.0000
/		X Scale [arc-sec/ADU]:	0.030686
/		Y Scale [arc-sec/ADU]:	0.031144
/		X Offset [ADU]:	-182334.000000
/		Y Offset [ADU]:	-285002.000000
/		Temperature Coefficient [mGal/mK]:	-0.127000
/		Temperature Scale [mK/ADU]:	-0.000111
/		Drift Rate [mGal/day]:	-0.058275
/		Drift Zero Time:	2022-08-12 11:51:50
/		Firmware Version:	CG6_2_20220815
/
/Station	Date	Time	CorrGrav	Line	StdDev	StdErr	RawGrav	X	Y	SensorTemp	TideCorr	TiltCorr	TempCorr	DriftCorr	MeasurDur	InstrHeight	LatUser	LonUser	ElevUser	LatGPS	LonGPS	ElevGPS	Corrections[drift-temp-na-tide-tilt]
1	2023-04-14	05:24:43	4038.1038	1	0.0169	0.0022	4023.9669	-3.9	1.1	-0.6213	-0.0459	0.0002	-0.0790	14.2616	60	0.213	43.356075	76.936699	677.67	--	--	--	11011
1	2023-04-14	05:25:43	4038.1049	1	0.0125	0.0016	4023.9677	-4.0	0.9	-0.6297	-0.0459	0.0002	-0.0787	14.2616	60	0.213	43.356075	76.936699	677.67	--	--	--	11011
1	2023-04-14	05:26:43	4038.1041	1	0.0104	0.0013	4023.9669	-4.6	-0.7	-0.6183	-0.0458	0.0002	-0.0788	14.2617	60	0.213	43.356075	76.936699	677.67	--	--	--	11011
1	2023-04-14	05:27:43	4038.1043	1	0.0130	0.0017	4023.9672	-5.0	0.1	-0.6176	-0.0458	0.0002	-0.0790	14.2617	60	0.213	43.356075	76.936699	677.67	--	--	--	11011
1	2023-04-14	05:28:43	4038.1041	1	0.0117	0.0015	4023.9667	-4.5	0.0	-0.6202	-0.0458	0.0002	-0.0788	14.2617	60	0.213	43.356075	76.936699	677.67	--	--	--	11011
2	2023-04-14	05:41:45	4037.9648	1	0.0121	0.0016	4023.8262	0.7	-2.3	-0.6197	-0.0452	0.0001	-0.0785	14.2623	60	0.705	43.356075	76.936699	677.67	--	--	--	11011
2	2023-04-14	05:42:45	4037.9653	1	0.0142	0.0018	4023.8268	0.9	-1.8	-0.6212	-0.0452	0.0000	-0.0786	14.2623	60	0.705	43.356075	76.936699	677.67	--	--	--	11011
2	2023-04-14	05:43:45	4037.9657	1	0.0115	0.0015	4023.8270	0.9	-3.4	-0.6196	-0.0452	0.0002	-0.0786	14.2624	60	0.705	43.356075	76.936699	677.67	--	--	--	11011
2	2023-04-14	05:44:45	4037.9641	1	0.0118	0.0015	4023.8253	-0.2	-2.8	-0.6260	-0.0451	0.0002	-0.0787	14.2624	60	0.705	43.356075	76.936699	677.67	--	--	--	11011
2	2023-04-14	05:45:45	4037.9653	1	0.0194	0.0025	4023.8264	1.4	-2.9	-0.6155	-0.0451	0.0002	-0.0787	14.2624	60	0.705	43.356075	76.936699	677.67	--	--	--	11011
1	2023-04-14	05:52:38	4038.1105	1	0.0116	0.0015	4023.9706	4.5	2.9	-0.6224	-0.0448	0.0003	-0.0784	14.2627	60	0.214	43.356075	76.936699	677.67	--	--	--	11011
1	2023-04-14	05:53:38	4038.1105	1	0.0126	0.0016	4023.9704	4.4	2.5	-0.6201	-0.0447	0.0004	-0.0783	14.2628	60	0.214	43.356075	76.936699	677.67	--	--	--	11011
1	2023-04-14	05:54:38	4038.1100	1	0.0126	0.0016	4023.9700	4.6	3.4	-0.6209	-0.0447	0.0004	-0.0785	14.2628	60	0.214	43.356075	76.936699	677.67	--	--	--	11011
1	2023-04-14	05:55:38	4038.1107	1	0.0175	0.0023	4023.9705	4.6	4.3	-0.6182	-0.0446	0.0005	-0.0785	14.2628	60	0.214	43.356075	76.936699	677.67	--	--	--	11011
1	2023-04-14	05:56:38	4038.1111	1	0.0116	0.0015	4023.9707	4.7	5.0	-0.6237	-0.0446	0.0005	-0.0784	14.2629	60	0.214	43.356075	76.936699	677.67	--	--	--	11011
2	2023-04-14	06:02:21	4037.9642	1	0.0113	0.0015	4023.8236	2.1	-4.7	-0.6213	-0.0443	0.0003	-0.0785	14.2631	60	0.700	43.356075	76.936699	677.67	--	--	--	11011
2	2023-04-14	06:03:21	4037.9651	1	0.0123	0.0016	4023.8242	2.3	-5.3	-0.6135	-0.0442	0.0004	-0.0784	14.2631	60	0.700	43.356075	76.936699	677.67	--	--	--	11011
2	2023-04-14	06:04:21	4037.9644	1	0.0123	0.0016	4023.8235	2.0	-4.8	-0.6169	-0.0442	0.0003	-0.0785	14.2632	60	0.700	43.356075	76.936699	677.67	--	--	--	11011
2	2023-04-14	06:05:21	4037.9647	1	0.0135	0.0017	4023.8238	2.0	-4.5	-0.6156	-0.0441	0.0004	-0.0785	14.2632	60	0.700	43.356075	76.936699	677.67	--	--	--	11011
2	2023-04-14	06:06:21	4037.9649	1	0.0118	0.0015	4023.8239	1.5	-5.7	-0.6275	-0.0441	0.0004	-0.0786	14.2633	60	0.700	43.356075	76.936699	677.67	--	--	--	11011
1	2023-04-14	06:10:27	4038.1118	1	0.0100	0.0013	4023.9701	-3.1	6.8	-0.6153	-0.0439	0.0007	-0.0785	14.2634	60	0.213	43.356075	76.936699	677.67	--	--	--	11011
1	2023-04-14	06:11:27	4038.1122	1	0.0141	0.0018	4023.9705	-2.8	7.3	-0.6193	-0.0438	0.0007	-0.0786	14.2635	60	0.213	43.356075	76.936699	677.67	--	--	--	11011
1	2023-04-14	06:12:27	4038.1120	1	0.0138	0.0018	4023.9700	-2.2	7.7	-0.6171	-0.0438	0.0008	-0.0786	14.2635	60	0.213	43.356075	76.936699	677.67	--	--	--	11011
1	2023-04-14	06:13:27	4038.1123	1	0.0129	0.0017	4023.9704	-1.9	7.6	-0.6212	-0.0437	0.0007	-0.0787	14.2636	60	0.213	43.356075	76.936699	677.67	--	--	--	11011
1	2023-04-14	06:14:27	4038.1118	1	0.0125	0.0016	4023.9694	-2.4	8.3	-0.6163	-0.0436	0.0010	-0.0786	14.2636	60	0.213	43.356075	76.936699	677.67	--	--	--	11011
2	2023-04-14	06:21:25	4037.9677	2	0.0154	0.0020	4023.8251	4.3	4.5	-0.6192	-0.0432	0.0005	-0.0786	14.2639	60	0.719	43.356075	76.936699	677.67	--	--	--	11011
2	2023-04-14	06:22:25	4037.9699	2	0.0111	0.0014	4023.8271	5.4	4.3	-0.6171	-0.0431	0.0006	-0.0785	14.2639	60	0.719	43.356075	76.936699	677.67	--	--	--	11011
2	2023-04-14	06:23:25	4037.9689	2	0.0126	0.0016	4023.8259	4.6	5.4	-0.6226	-0.0431	0.0008	-0.0787	14.2640	60	0.719	43.356075	76.936699	677.67	--	--	--	11011
2	2023-04-14	06:24:25	4037.9686	2	0.0144	0.0019	4023.8257	4.3	5.1	-0.6200	-0.0430	0.0006	-0.0788	14.2640	60	0.719	43.356075	76.936699	677.67	--	--	--	11011
2	2023-04-14	06:25:25	4037.9695	2	0.0108	0.0014	4023.8264	4.8	5.2	-0.6199	-0.0429	0.0007	-0.0787	14.2640	60	0.719	43.356075	76.936699	677.67	--	--	--	11011
3	2023-04-14	06:33:40	4037.8372	2	0.0108	0.0014	4023.6936	0.6	2.5	-0.6166	-0.0424	0.0001	-0.0785	14.2644	60	1.210	43.356075	76.936699	677.67	--	--	--	11011
3	2023-04-14	06:34:40	4037.8377	2	0.0096	0.0012	4023.6937	-0.5	4.8	-0.6248	-0.0423	0.0002	-0.0784	14.2644	60	1.210	43.356075	76.936699	677.67	--	--	--	11011
3	2023-04-14	06:35:40	4037.8381	2	0.0142	0.0018	4023.6940	0.4	6.1	-0.6193	-0.0422	0.0004	-0.0785	14.2645	60	1.210	43.356075	76.936699	677.67	--	--	--	11011
3	2023-04-14	06:36:40	4037.8387	2	0.0122	0.0016	4023.6944	1.2	6.3	-0.6216	-0.0421	0.0006	-0.0786	14.2645	60	1.210	43.356075	76.936699	677.67	--	--	--	11011
3	2023-04-14	06:37:40	4037.8395	2	0.0107	0.0014	4023.6951	2.0	7.1	-0.6215	-0.0421	0.0006	-0.0786	14.2645	60	1.210	43.356075	76.936699	677.67	--	--	--	11011
2	2023-04-14	06:41:44	4037.9738	2	0.0108	0.0014	4023.8288	2.3	6.7	-0.6128	-0.0417	0.0006	-0.0786	14.2647	60	0.718	43.356075	76.936699	677.67	--	--	--	11011
2	2023-04-14	06:42:44	4037.9735	2	0.0138	0.0018	4023.8282	1.1	7.4	-0.6193	-0.0417	0.0007	-0.0785	14.2647	60	0.718	43.356075	76.936699	677.67	--	--	--	11011
2	2023-04-14	06:43:44	4037.9731	2	0.0141	0.0018	4023.8277	0.7	8.2	-0.6153	-0.0416	0.0008	-0.0786	14.2648	60	0.718	43.356075	76.936699	677.67	--	--	--	11011
2	2023-04-14	06:44:44	4037.9738	2	0.0129	0.0017	4023.8282	-0.4	9.2	-0.6172	-0.0415	0.0010	-0.0788	14.2648	60	0.718	43.356075	76.936699	677.67	--	--	--	11011
2	2023-04-14	06:45:44	4037.9741	2	0.0121	0.0016	4023.8285	-1.3	8.5	-0.6190	-0.0414	0.0009	-0.0788	14.2649	60	0.718	43.356075	76.936699	677.67	--	--	--	11011
3	2023-04-14	06:51:21	4037.8328	2	0.0106	0.0014	4023.6870	-3.3	3.0	-0.6192	-0.0409	0.0003	-0.0786	14.2651	60	1.119	43.356075	76.936699	677.67	--	--	--	11011
3	2023-04-14	06:52:21	4037.8321	2	0.0131	0.0017	4023.6859	-5.4	3.5	-0.6172	-0.0408	0.0005	-0.0786	14.2651	60	1.119	43.356075	76.936699	677.67	--	--	--	11011
3	2023-04-14	06:53:21	4037.8324	2	0.0119	0.0015	4023.6859	-5.4	3.7	-0.6131	-0.0407	0.0005	-0.0785	14.2652	60	1.119	43.356075	76.936699	677.67	--	--	--	11011
3	2023-04-14	06:54:21	4037.8340	2	0.0129	0.0017	4023.6875	-5.3	3.4	-0.6172	-0.0406	0.0005	-0.0786	14.2652	60	1.119	43.356075	76.936699	677.67	--	--	--	11011
3	2023-04-14	06:55:21	4037.8327	2	0.0139	0.0018	4023.6859	-5.7	4.6	-0.6169	-0.0405	0.0007	-0.0786	14.2652	60	1.119	43.356075	76.936699	677.67	--	--	--	11011
2	2023-04-14	06:59:49	4037.9638	2	0.0106	0.0014	4023.8166	-4.5	-3.1	-0.6181	-0.0401	0.0004	-0.0785	14.2654	60	0.700	43.356075	76.936699	677.67	--	--	--	11011
2	2023-04-14	07:00:49	4037.9645	2	0.0102	0.0013	4023.8171	-5.0	-2.9	-0.6247	-0.0400	0.0004	-0.0785	14.2655	60	0.700	43.356075	76.936699	677.67	--	--	--	11011
2	2023-04-14	07:01:49	4037.9648	2	0.0125	0.0016	4023.8173	-5.2	-2.7	-0.6130	-0.0399	0.0005	-0.0786	14.2655	60	0.700	43.356075	76.936699	677.67	--	--	--	11011
2	2023-04-14	07:02:49	4037.9655	2	0.0126	0.0016	4023.8178	-5.5	-2.1	-0.6264	-0.0398	0.0004	-0.0785	14.2656	60	0.700	43.356075	76.936699	677.67	--	--	--	11011
2	2023-04-14	07:03:49	4037.9656	2	0.0143	0.0018	4023.8177	-6.1	-2.1	-0.6193	-0.0397	0.0006	-0.0786	14.2656	60	0.700	43.356075	76.936699	677.67	--	--	--	11011
1	2023-04-14	07:07:23	4038.1077	3	0.0142	0.0018	4023.9599	0.3	0.8	-0.6200	-0.0393	0.0000	-0.0787	14.2657	60	0.213	43.356075	76.936699	677.67	--	--	--	11011
1	2023-04-14	07:08:23	4038.1060	3	0.0118	0.0015	4023.9581	0.1	1.7	-0.6216	-0.0391	0.0001	-0.0788	14.2658	60	0.213	43.356075	76.936699	677.67	--	--	--	11011
1	2023-04-14	07:09:23	4038.1079	3	0.0127	0.0016	4023.9595	0.1	2.4	-0.6124	-0.0390	0.0001	-0.0786	14.2658	60	0.213	43.356075	76.936699	677.67	--	--	--	11011
1	2023-04-14	07:10:23	4038.1064	3	0.0152	0.0020	4023.9581	1.0	2.2	-0.6215	-0.0389	0.0001	-0.0787	14.2659	60	0.213	43.356075	76.936699	677.67	--	--	--	11011
1	2023-04-14	07:11:23	4038.1076	3	0.0135	0.0017	4023.9591	0.4	0.2	-0.6216	-0.0388	0.0000	-0.0787	14.2659	60	0.213	43.356075	76.936699	677.67	--	--	--	11011
3	2023-04-14	07:15:14	4037.8325	3	0.0119	0.0015	4023.6831	1.8	-4.1	-0.6195	-0.0383	0.0003	-0.0786	14.2661	60	1.120	43.356075	76.936699	677.67	--	--	--	11011
3	2023-04-14	07:16:14	4037.8325	3	0.0107	0.0014	4023.6830	2.7	-4.9	-0.6155	-0.0382	0.0004	-0.0788	14.2661	60	1.120	43.356075	76.936699	677.67	--	--	--	11011
3	2023-04-14	07:17:14	4037.8322	3	0.0128	0.0017	4023.6823	3.8	-5.0	-0.6203	-0.0381	0.0005	-0.0786	14.2661	60	1.120	43.356075	76.936699	677.67	--	--	--	11011
3	2023-04-14	07:18:14	4037.8332	3	0.0126	0.0016	4023.6830	4.0	-5.3	-0.6221	-0.0380	0.0006	-0.0787	14.2662	60	1.120	43.356075	76.936699	677.67	--	--	--	11011
3	2023-04-14	07:19:14	4037.8340	3	0.0112	0.0014	4023.6838	3.5	-4.9	-0.6143	-0.0378	0.0004	-0.0787	14.2662	60	1.120	43.356075	76.936699	677.67	--	--	--	11011
1	2023-04-14	07:22:17	4038.1072	3	0.0152	0.0020	4023.9567	4.4	-1.9	-0.6175	-0.0374	0.0003	-0.0786	14.2663	60	0.213	43.356075	76.936699	677.67	--	--	--	11011
1	2023-04-14	07:23:17	4038.1063	3	0.0104	0.0013	4023.9555	4.7	-1.8	-0.6246	-0.0373	0.0004	-0.0786	14.2664	60	0.213	43.356075	76.936699	677.67	--	--	--	11011
1	2023-04-14	07:24:17	4038.1072	3	0.0109	0.0014	4023.9564	5.1	-1.2	-0.6204	-0.0372	0.0004	-0.0789	14.2664	60	0.213	43.356075	76.936699	677.67	--	--	--	11011
1	2023-04-14	07:25:17	4038.1058	3	0.0104	0.0013	4023.9553	3.3	-0.3	-0.6196	-0.0370	0.0002	-0.0790	14.2665	60	0.213	43.356075	76.936699	677.67	--	--	--	11011
1	2023-04-14	07:26:17	4038.1065	3	0.0147	0.0019	4023.9557	3.7	-1.2	-0.6124	-0.0369	0.0002	-0.0790	14.2665	60	0.213	43.356075	76.936699	677.67	--	--	--	11011
3	2023-04-14	07:29:20	4037.8312	3	0.0102	0.0013	4023.6795	-1.1	-3.7	-0.6173	-0.0365	0.0002	-0.0786	14.2666	60	1.119	43.356075	76.936699	677.67	--	--	--	11011
3	2023-04-14	07:30:20	4037.8298	3	0.0123	0.0016	4023.6781	-1.4	-3.0	-0.6268	-0.0363	0.0001	-0.0788	14.2667	60	1.119	43.356075	76.936699	677.67	--	--	--	11011
3	2023-04-14	07:31:20	4037.8313	3	0.0118	0.0015	4023.6794	-1.1	-1.3	-0.6203	-0.0362	0.0001	-0.0786	14.2667	60	1.119	43.356075	76.936699	677.67	--	--	--	11011
3	2023-04-14	07:32:20	4037.8315	3	0.0106	0.0014	4023.6795	-1.8	-1.1	-0.6224	-0.0360	0.0001	-0.0788	14.2667	60	1.119	43.356075	76.936699	677.67	--	--	--	11011
3	2023-04-14	07:33:20	4037.8312	3	0.0143	0.0018	4023.6791	-2.8	-0.9	-0.6195	-0.0359	0.0001	-0.0789	14.2668	60	1.119	43.356075	76.936699	677.67	--	--	--	11011
1	2023-04-14	07:37:10	4038.1073	3	0.0141	0.0018	4023.9537	-6.0	2.1	-0.6214	-0.0353	0.0005	-0.0785	14.2669	60	0.213	43.356075	76.936699	677.67	--	--	--	11011
1	2023-04-14	07:38:10	4038.1081	3	0.0135	0.0017	4023.9547	-5.0	2.0	-0.6232	-0.0352	0.0003	-0.0787	14.2670	60	0.213	43.356075	76.936699	677.67	--	--	--	11011
1	2023-04-14	07:39:10	4038.1072	3	0.0149	0.0019	4023.9536	-5.2	2.5	-0.6295	-0.0350	0.0004	-0.0788	14.2670	60	0.213	43.356075	76.936699	677.67	--	--	--	11011
1	2023-04-14	07:40:10	4038.1065	3	0.0171	0.0022	4023.9527	-5.4	3.8	-0.6163	-0.0349	0.0005	-0.0789	14.2671	60	0.213	43.356075	76.936699	677.67	--	--	--	11011
1	2023-04-14	07:41:10	4038.1065	3	0.0134	0.0017	4023.9524	-5.7	3.5	-0.6183	-0.0347	0.0004	-0.0788	14.2671	60	0.213	43.356075	76.936699	677.67	--	--	--	11011
