/		CG-6 Survey
/		Survey Name:	MAIN-ZVEB-MEN3
/		Instrument Serial Number:	000000021090374
/		Created:	2023-04-26 05:21:07
/
/		CG-6 Calibration
/		Operator:	IIM
/		Gcal1 [mGal]:	7875.071000
/		Goff [ADU]:	-8388608.000000
/		Gref [mGal]:	0.0000
/		X Scale [arc-sec/ADU]:	0.030819
/		Y Scale [arc-sec/ADU]:	0.030822
/		X Offset [ADU]:	-209699.758131
/		Y Offset [ADU]:	-243152.772818
/		Temperature Coefficient [mGal/mK]:	-0.125000
/		Temperature Scale [mK/ADU]:	-0.000111
/		Drift Rate [mGal/day]:	0.008170
/		Drift Zero Time:	2023-02-14 12:00:00
/		Firmware Version:	CG6_2_20220815
/
/Station	Date	Time	CorrGrav	Line	StdDev	StdErr	RawGrav	X	Y	SensorTemp	TideCorr	TiltCorr	TempCorr	DriftCorr	MeasurDur	InstrHeight	LatUser	LonUser	ElevUser	LatGPS	LonGPS	ElevGPS	Corrections[drift-temp-na-tide-tilt]
1	2023-04-26	05:21:07	5613.4375	4	0.0145	0.0019	5614.0801	-1.6	-0.7	0.0140	-0.0670	0.0001	0.0021	-0.5778	60	0.000	55.800000	37.500000	195.70	--	--	--	11011
1	2023-04-26	05:22:07	5613.4381	4	0.0149	0.0019	5614.0807	-2.5	0.1	0.0183	-0.0668	0.0001	0.0019	-0.5778	60	0.000	55.800000	37.500000	195.70	--	--	--	11011
1	2023-04-26	05:23:07	5613.4375	4	0.0101	0.0013	5614.0803	-1.3	1.2	0.0122	-0.0667	0.0001	0.0016	-0.5778	60	0.000	55.800000	37.500000	195.70	--	--	--	11011
1	2023-04-26	05:24:07	5613.4379	4	0.0132	0.0017	5614.0805	-2.2	1.2	0.0082	-0.0665	0.0001	0.0016	-0.5778	60	0.000	55.800000	37.500000	195.70	--	--	--	11011
1	2023-04-26	05:25:07	5613.4363	4	0.0112	0.0014	5614.0791	-2.7	1.0	0.0152	-0.0663	0.0001	0.0012	-0.5778	60	0.000	55.800000	37.500000	195.70	--	--	--	11011
1	2023-04-26	05:26:07	5613.4368	4	0.0105	0.0014	5614.0794	-3.5	0.5	0.0114	-0.0662	0.0001	0.0013	-0.5778	60	0.000	55.800000	37.500000	195.70	--	--	--	11011
1	2023-04-26	05:27:07	5613.4375	4	0.0111	0.0014	5614.0800	-3.0	-0.2	0.0090	-0.0660	0.0001	0.0012	-0.5778	60	0.000	55.800000	37.500000	195.70	--	--	--	11011
1	2023-04-26	05:28:07	5613.4394	4	0.0113	0.0015	5614.0818	-1.8	-0.5	0.0091	-0.0658	0.0000	0.0012	-0.5778	60	0.000	55.800000	37.500000	195.70	--	--	--	11011
1	2023-04-26	05:29:07	5613.4369	4	0.0100	0.0013	5614.0792	-2.4	-1.0	0.0071	-0.0657	0.0001	0.0010	-0.5778	60	0.000	55.800000	37.500000	195.70	--	--	--	11011
1	2023-04-26	05:30:07	5613.4347	4	0.0141	0.0018	5614.0768	-1.8	-1.2	0.0057	-0.0655	0.0001	0.0012	-0.5779	60	0.000	55.800000	37.500000	195.70	--	--	--	11011
1	2023-04-26	05:31:07	5613.4369	4	0.0134	0.0017	5614.0790	-2.1	-0.6	0.0142	-0.0653	0.0001	0.0011	-0.5779	60	0.000	55.800000	37.500000	195.70	--	--	--	11011
1	2023-04-26	05:32:07	5613.4362	4	0.0111	0.0014	5614.0783	-1.5	-1.6	0.0048	-0.0652	0.0001	0.0009	-0.5779	60	0.000	55.800000	37.500000	195.70	--	--	--	11011
1	2023-04-26	05:33:07	5613.4369	4	0.0098	0.0013	5614.0787	-2.8	-0.8	0.0080	-0.0650	0.0002	0.0010	-0.5779	60	0.000	55.800000	37.500000	195.70	--	--	--	11011
1	2023-04-26	05:34:07	5613.4388	4	0.0114	0.0015	5614.0804	-1.7	-1.3	0.0094	-0.0648	0.0001	0.0010	-0.5779	60	0.000	55.800000	37.500000	195.70	--	--	--	11011
1	2023-04-26	05:35:07	5613.4370	4	0.0122	0.0016	5614.0785	-2.1	-1.2	0.0109	-0.0646	0.0001	0.0009	-0.5779	60	0.000	55.800000	37.500000	195.70	--	--	--	11011
1	2023-04-26	05:36:07	5613.4393	4	0.0133	0.0017	5614.0807	-1.0	-1.0	0.0063	-0.0645	0.0000	0.0009	-0.5779	60	0.000	55.800000	37.500000	195.70	--	--	--	11011
1	2023-04-26	05:37:07	5613.4392	4	0.0117	0.0015	5614.0805	-1.5	-0.7	0.0070	-0.0643	0.0000	0.0009	-0.5779	60	0.000	55.800000	37.500000	195.70	--	--	--	11011
1	2023-04-26	05:38:07	5613.4375	4	0.0120	0.0015	5614.0786	-0.6	-1.7	0.0072	-0.0641	0.0001	0.0008	-0.5779	60	0.000	55.800000	37.500000	195.70	--	--	--	11011
1	2023-04-26	05:39:07	5613.4363	4	0.0116	0.0015	5614.0775	-0.7	0.0	0.0032	-0.0639	0.0001	0.0006	-0.5779	60	0.000	55.800000	37.500000	195.70	--	--	--	11011
1	2023-04-26	05:40:07	5613.4370	4	0.0139	0.0018	5614.0779	0.8	1.0	0.0059	-0.0637	0.0001	0.0007	-0.5779	60	0.000	55.800000	37.500000	195.70	--	--	--	11011
1	2023-04-26	05:41:07	5613.4368	4	0.0096	0.0012	5614.0776	0.5	-0.5	-0.0001	-0.0636	0.0000	0.0006	-0.5779	60	0.000	55.800000	37.500000	195.70	--	--	--	11011
1	2023-04-26	05:42:07	5613.4365	4	0.0128	0.0016	5614.0770	-1.1	0.3	-0.0024	-0.0634	0.0001	0.0007	-0.5779	60	0.000	55.800000	37.500000	195.70	--	--	--	11011
1	2023-04-26	05:43:07	5613.4377	4	0.0114	0.0015	5614.0782	-0.2	-0.6	0.0038	-0.0632	0.0001	0.0005	-0.5779	60	0.000	55.800000	37.500000	195.70	--	--	--	11011
1	2023-04-26	05:44:07	5613.4380	4	0.0148	0.0019	5614.0783	-0.1	-0.1	0.0095	-0.0630	0.0000	0.0006	-0.5779	60	0.000	55.800000	37.500000	195.70	--	--	--	11011
1	2023-04-26	05:45:07	5613.4388	4	0.0141	0.0018	5614.0790	-0.7	-0.6	-0.0004	-0.0628	0.0000	0.0005	-0.5779	60	0.000	55.800000	37.500000	195.70	--	--	--	11011
1	2023-04-26	05:46:07	5613.4400	4	0.0091	0.0012	5614.0800	-0.4	0.7	0.0093	-0.0626	0.0000	0.0005	-0.5779	60	0.000	55.800000	37.500000	195.70	--	--	--	11011
1	2023-04-26	05:47:07	5613.4372	4	0.0127	0.0016	5614.0771	-2.8	0.7	0.0058	-0.0624	0.0001	0.0003	-0.5780	60	0.000	55.800000	37.500000	195.70	--	--	--	11011
1	2023-04-26	05:48:07	5613.4375	4	0.0138	0.0018	5614.0772	-1.3	0.8	0.0078	-0.0623	0.0000	0.0004	-0.5780	60	0.000	55.800000	37.500000	195.70	--	--	--	11011
1	2023-04-26	05:49:07	5613.4373	4	0.0145	0.0019	5614.0770	-1.4	1.0	0.0019	-0.0621	0.0000	0.0004	-0.5780	60	0.000	55.800000	37.500000	195.70	--	--	--	11011
1	2023-04-26	05:50:07	5613.4374	4	0.0107	0.0014	5614.0769	-0.5	0.2	0.0014	-0.0619	0.0000	0.0004	-0.5780	60	0.000	55.800000	37.500000	195.70	--	--	--	11011
1	2023-04-26	05:51:07	5613.4368	4	0.0116	0.0015	5614.0761	-0.6	-0.8	0.0059	-0.0617	0.0000	0.0004	-0.5780	60	0.000	55.800000	37.500000	195.70	--	--	--	11011
1	2023-04-26	05:52:07	5613.4388	4	0.0122	0.0016	5614.0780	-0.7	0.1	0.0012	-0.0615	0.0000	0.0002	-0.5780	60	0.000	55.800000	37.500000	195.70	--	--	--	11011
1	2023-04-26	05:53:07	5613.4368	4	0.0120	0.0015	5614.0758	-1.2	0.0	0.0035	-0.0613	0.0000	0.0002	-0.5780	60	0.000	55.800000	37.500000	195.70	--	--	--	11011
1	2023-04-26	05:54:07	5613.4389	4	0.0100	0.0013	5614.0777	-1.5	-0.9	-0.0001	-0.0611	0.0001	0.0003	-0.5780	60	0.000	55.800000	37.500000	195.70	--	--	--	11011
1	2023-04-26	05:55:07	5613.4364	4	0.0134	0.0017	5614.0750	-2.8	-0.7	-0.0006	-0.0609	0.0001	0.0002	-0.5780	60	0.000	55.800000	37.500000	195.70	--	--	--	11011
1	2023-04-26	05:56:07	5613.4372	4	0.0114	0.0015	5614.0756	-3.6	-0.5	-0.0018	-0.0607	0.0001	0.0001	-0.5780	60	0.000	55.800000	37.500000	195.70	--	--	--	11011
1	2023-04-26	05:57:07	5613.4375	4	0.0121	0.0016	5614.0756	-3.6	0.5	0.0047	-0.0605	0.0002	0.0002	-0.5780	60	0.000	55.800000	37.500000	195.70	--	--	--	11011
1	2023-04-26	05:58:07	5613.4372	4	0.0122	0.0016	5614.0753	-1.9	0.9	0.0032	-0.0603	0.0001	0.0002	-0.5780	60	0.000	55.800000	37.500000	195.70	--	--	--	11011
1	2023-04-26	05:59:07	5613.4379	4	0.0113	0.0015	5614.0758	-0.9	0.8	-0.0023	-0.0601	0.0000	0.0001	-0.5780	60	0.000	55.800000	37.500000	195.70	--	--	--	11011
1	2023-04-26	06:00:07	5613.4373	4	0.0106	0.0014	5614.0752	-0.6	-0.4	-0.0037	-0.0599	0.0000	-0.0000	-0.5780	60	0.000	55.800000	37.500000	195.70	--	--	--	11011
1	2023-04-26	06:01:07	5613.4363	4	0.0127	0.0016	5614.0740	0.4	0.2	0.0024	-0.0597	0.0000	0.0000	-0.5780	60	0.000	55.800000	37.500000	195.70	--	--	--	11011
1	2023-04-26	06:02:07	5613.4378	4	0.0100	0.0013	5614.0753	-0.8	-0.8	0.0038	-0.0595	0.0000	-0.0000	-0.5780	60	0.000	55.800000	37.500000	195.70	--	--	--	11011
1	2023-04-26	06:03:07	5613.4358	4	0.0141	0.0018	5614.0731	0.1	0.0	0.0023	-0.0593	0.0000	0.0000	-0.5780	60	0.000	55.800000	37.500000	195.70	--	--	--	11011
1	2023-04-26	06:04:07	5613.4371	4	0.0139	0.0018	5614.0742	0.2	-0.3	-0.0008	-0.0591	0.0000	-0.0000	-0.5780	60	0.000	55.800000	37.500000	195.70	--	--	--	11011
1	2023-04-26	06:05:07	5613.4368	4	0.0114	0.0015	5614.0738	0.4	-0.4	-0.0007	-0.0589	0.0000	-0.0001	-0.5781	60	0.000	55.800000	37.500000	195.70	--	--	--	11011
1	2023-04-26	06:06:07	5613.4367	4	0.0115	0.0015	5614.0735	-0.2	0.2	0.0034	-0.0587	0.0000	-0.0001	-0.5781	60	0.000	55.800000	37.500000	195.70	--	--	--	11011
1	2023-04-26	06:07:07	5613.4373	4	0.0109	0.0014	5614.0738	0.1	-0.2	0.0023	-0.0585	0.0000	-0.0000	-0.5781	60	0.000	55.800000	37.500000	195.70	--	--	--	11011
1	2023-04-26	06:08:07	5613.4387	4	0.0129	0.0017	5614.0750	-0.6	-0.9	-0.0060	-0.0583	0.0000	-0.0000	-0.5781	60	0.000	55.800000	37.500000	195.70	--	--	--	11011
1	2023-04-26	06:09:07	5613.4388	4	0.0162	0.0021	5614.0751	0.7	-0.8	-0.0055	-0.0580	0.0000	-0.0002	-0.5781	60	0.000	55.800000	37.500000	195.70	--	--	--	11011
1	2023-04-26	06:10:07	5613.4368	4	0.0096	0.0012	5614.0728	1.4	-0.2	0.0044	-0.0578	0.0001	-0.0002	-0.5781	60	0.000	55.800000	37.500000	195.70	--	--	--	11011
1	2023-04-26	06:11:07	5613.4371	4	0.0122	0.0016	5614.0730	0.9	0.3	-0.0033	-0.0576	0.0000	-0.0002	-0.5781	60	0.000	55.800000	37.500000	195.70	--	--	--	11011
1	2023-04-26	06:12:07	5613.4370	4	0.0113	0.0015	5614.0727	0.8	-0.6	-0.0028	-0.0574	0.0000	-0.0002	-0.5781	60	0.000	55.800000	37.500000	195.70	--	--	--	11011
1	2023-04-26	06:13:07	5613.4374	4	0.0112	0.0014	5614.0728	1.6	0.1	-0.0000	-0.0572	0.0000	-0.0001	-0.5781	60	0.000	55.800000	37.500000	195.70	--	--	--	11011
1	2023-04-26	06:14:07	5613.4388	4	0.0132	0.0017	5614.0741	1.2	1.0	-0.0058	-0.0570	0.0001	-0.0003	-0.5781	60	0.000	55.800000	37.500000	195.70	--	--	--	11011
1	2023-04-26	06:15:07	5613.4357	4	0.0112	0.0014	5614.0709	1.2	1.2	-0.0048	-0.0568	0.0001	-0.0004	-0.5781	60	0.000	55.800000	37.500000	195.70	--	--	--	11011
1	2023-04-26	06:16:07	5613.4379	4	0.0112	0.0014	5614.0728	1.7	1.6	-0.0102	-0.0565	0.0001	-0.0003	-0.5781	60	0.000	55.800000	37.500000	195.70	--	--	--	11011
1	2023-04-26	06:17:07	5613.4369	4	0.0116	0.0015	5614.0715	0.5	1.7	-0.0025	-0.0563	0.0001	-0.0002	-0.5781	60	0.000	55.800000	37.500000	195.70	--	--	--	11011
1	2023-04-26	06:18:07	5613.4374	4	0.0135	0.0017	5614.0719	0.1	1.6	-0.0040	-0.0561	0.0001	-0.0003	-0.5781	60	0.000	55.800000	37.500000	195.70	--	--	--	11011
1	2023-04-26	06:19:07	5613.4371	4	0.0116	0.0015	5614.0714	-0.4	1.1	-0.0066	-0.0559	0.0000	-0.0004	-0.5781	60	0.000	55.800000	37.500000	195.70	--	--	--	11011
1	2023-04-26	06:20:07	5613.4376	4	0.0115	0.0015	5614.0716	-0.1	1.0	-0.0045	-0.0557	0.0000	-0.0003	-0.5781	60	0.000	55.800000	37.500000	195.70	--	--	--	11011
21	2023-04-26	08:21:14	5590.8472	4	0.0117	0.0015	5591.4440	1.3	1.0	0.0353	-0.0224	0.0001	0.0044	-0.5788	60	0.000	55.800000	37.500000	195.70	55.699436	36.757477	211.4	11011
21	2023-04-26	08:22:14	5590.8467	4	0.0146	0.0019	5591.4437	1.6	2.0	0.0264	-0.0221	0.0001	0.0038	-0.5788	60	0.000	55.800000	37.500000	195.70	55.699871	36.757439	213.2	11011
21	2023-04-26	08:23:14	5590.8479	4	0.0133	0.0017	5591.4454	0.6	2.8	0.0233	-0.0218	0.0001	0.0030	-0.5788	60	0.000	55.800000	37.500000	195.70	--	--	--	11011
21	2023-04-26	08:24:14	5590.8475	4	0.0151	0.0019	5591.4455	1.4	2.7	0.0144	-0.0215	0.0001	0.0022	-0.5788	60	0.000	55.800000	37.500000	195.70	--	--	--	11011
21	2023-04-26	08:25:14	5590.8476	4	0.0097	0.0012	5591.4458	0.9	2.3	0.0116	-0.0211	0.0001	0.0016	-0.5788	60	0.000	55.800000	37.500000	195.70	--	--	--	11011
21	2023-04-26	08:26:14	5590.8469	4	0.0153	0.0020	5591.4456	1.1	2.2	0.0012	-0.0208	0.0001	0.0009	-0.5789	60	0.000	55.800000	37.500000	195.70	--	--	--	11011
21	2023-04-26	08:27:14	5590.8457	4	0.0112	0.0014	5591.4443	2.5	3.1	0.0018	-0.0205	0.0002	0.0005	-0.5789	60	0.000	55.800000	37.500000	195.70	--	--	--	11011
21	2023-04-26	08:28:14	5590.8470	4	0.0142	0.0018	5591.4460	1.9	4.1	-0.0090	-0.0202	0.0003	-0.0002	-0.5789	60	0.000	55.800000	37.500000	195.70	--	--	--	11011
21	2023-04-26	08:29:14	5590.8468	4	0.0159	0.0021	5591.4457	2.7	5.5	-0.0121	-0.0199	0.0005	-0.0006	-0.5789	60	0.000	55.800000	37.500000	195.70	--	--	--	11011
21	2023-04-26	08:30:14	5590.8465	4	0.0129	0.0017	5591.4457	2.4	5.5	-0.0173	-0.0196	0.0004	-0.0012	-0.5789	60	0.000	55.800000	37.500000	195.70	--	--	--	11011
21	2023-04-26	08:31:14	5590.8473	4	0.0130	0.0017	5591.4468	2.7	4.5	-0.0177	-0.0192	0.0004	-0.0017	-0.5789	60	0.000	55.800000	37.500000	195.70	55.699520	36.757523	177.6	11011
21	2023-04-26	08:32:14	5590.8471	4	0.0125	0.0016	5591.4466	3.0	5.3	-0.0167	-0.0189	0.0005	-0.0021	-0.5789	60	0.000	55.800000	37.500000	195.70	55.699501	36.757797	173.5	11011
21	2023-04-26	08:33:14	5590.8454	4	0.0131	0.0017	5591.4450	2.4	5.5	-0.0244	-0.0186	0.0005	-0.0026	-0.5789	60	0.000	55.800000	37.500000	195.70	55.699642	36.757629	179.3	11011
21	2023-04-26	08:34:14	5590.8468	4	0.0128	0.0016	5591.4464	2.7	5.5	-0.0223	-0.0183	0.0005	-0.0029	-0.5789	60	0.000	55.800000	37.500000	195.70	55.699699	36.757420	181.1	11011
21	2023-04-26	08:35:14	5590.8481	4	0.0134	0.0017	5591.4474	2.3	7.7	-0.0209	-0.0180	0.0008	-0.0032	-0.5789	60	0.000	55.800000	37.500000	195.70	--	--	--	11011
21	2023-04-26	08:36:14	5590.8473	4	0.0148	0.0019	5591.4469	1.5	7.2	-0.0329	-0.0176	0.0006	-0.0037	-0.5789	60	0.000	55.800000	37.500000	195.70	--	--	--	11011
21	2023-04-26	08:37:14	5590.8489	4	0.0124	0.0016	5591.4484	1.4	7.6	-0.0366	-0.0173	0.0007	-0.0040	-0.5789	60	0.000	55.800000	37.500000	195.70	--	--	--	11011
21	2023-04-26	08:38:14	5590.8494	4	0.0119	0.0015	5591.4492	0.3	6.6	-0.0382	-0.0170	0.0005	-0.0043	-0.5789	60	0.000	55.800000	37.500000	195.70	--	--	--	11011
21	2023-04-26	08:39:14	5590.8471	4	0.0131	0.0017	5591.4467	1.0	6.6	-0.0412	-0.0167	0.0006	-0.0046	-0.5789	60	0.000	55.800000	37.500000	195.70	--	--	--	11011
21	2023-04-26	08:40:14	5590.8479	4	0.0139	0.0018	5591.4474	2.2	7.9	-0.0434	-0.0163	0.0008	-0.0050	-0.5789	60	0.000	55.800000	37.500000	195.70	55.699665	36.757282	243.2	11011
21	2023-04-26	08:41:14	5590.8483	4	0.0171	0.0022	5591.4475	3.1	9.0	-0.0366	-0.0160	0.0009	-0.0052	-0.5789	60	0.000	55.800000	37.500000	195.70	55.699615	36.757549	227.6	11011
21	2023-04-26	08:42:14	5590.8480	4	0.0134	0.0017	5591.4475	3.2	8.1	-0.0523	-0.0157	0.0009	-0.0057	-0.5789	60	0.000	55.800000	37.500000	195.70	55.699589	36.757580	221.2	11011
21	2023-04-26	08:43:14	5590.8457	4	0.0128	0.0016	5591.4451	3.9	7.9	-0.0478	-0.0154	0.0009	-0.0060	-0.5790	60	0.000	55.800000	37.500000	195.70	55.699692	36.757484	217.1	11011
21	2023-04-26	08:44:14	5590.8451	4	0.0163	0.0021	5591.4443	2.8	8.4	-0.0544	-0.0150	0.0009	-0.0061	-0.5790	60	0.000	55.800000	37.500000	195.70	--	--	--	11011
21	2023-04-26	08:45:14	5590.8479	4	0.0111	0.0014	5591.4470	2.3	9.1	-0.0461	-0.0147	0.0009	-0.0064	-0.5790	60	0.000	55.800000	37.500000	195.70	--	--	--	11011
21	2023-04-26	08:46:14	5590.8461	4	0.0119	0.0015	5591.4454	3.0	8.5	-0.0563	-0.0144	0.0010	-0.0068	-0.5790	60	0.000	55.800000	37.500000	195.70	--	--	--	11011
21	2023-04-26	08:47:14	5590.8466	4	0.0091	0.0012	5591.4457	2.1	8.8	-0.0500	-0.0141	0.0011	-0.0071	-0.5790	60	0.000	55.800000	37.500000	195.70	--	--	--	11011
21	2023-04-26	08:48:14	5590.8464	4	0.0132	0.0017	5591.4452	2.1	9.4	-0.0606	-0.0137	0.0012	-0.0073	-0.5790	60	0.000	55.800000	37.500000	195.70	--	--	--	11011
21	2023-04-26	08:49:14	5590.8473	4	0.0122	0.0016	5591.4463	2.4	9.6	-0.0567	-0.0134	0.0011	-0.0076	-0.5790	60	0.000	55.800000	37.500000	195.70	--	--	--	11011
21	2023-04-26	08:50:14	5590.8461	4	0.0140	0.0018	5591.4448	2.6	9.9	-0.0636	-0.0131	0.0011	-0.0078	-0.5790	60	0.000	55.800000	37.500000	195.70	--	--	--	11011
21	2023-04-26	08:51:14	5590.8470	4	0.0148	0.0019	5591.4459	1.0	9.1	-0.0652	-0.0128	0.0010	-0.0081	-0.5790	60	0.000	55.800000	37.500000	195.70	55.699577	36.757553	209.7	11011
21	2023-04-26	08:52:14	5590.8467	4	0.0140	0.0018	5591.4455	1.2	9.0	-0.0671	-0.0124	0.0009	-0.0083	-0.5790	60	0.000	55.800000	37.500000	195.70	55.699387	36.757675	214.2	11011
21	2023-04-26	08:53:14	5590.8465	4	0.0104	0.0013	5591.4451	2.4	9.5	-0.0758	-0.0121	0.0010	-0.0085	-0.5790	60	0.000	55.800000	37.500000	195.70	55.699493	36.757839	217.1	11011
21	2023-04-26	08:54:14	5590.8475	4	0.0131	0.0017	5591.4458	3.3	9.0	-0.0679	-0.0118	0.0012	-0.0088	-0.5790	60	0.000	55.800000	37.500000	195.70	--	--	--	11011
21	2023-04-26	08:55:14	5590.8468	4	0.0112	0.0014	5591.4452	2.6	8.5	-0.0729	-0.0115	0.0009	-0.0089	-0.5790	60	0.000	55.800000	37.500000	195.70	55.699444	36.757854	216.9	11011
21	2023-04-26	08:56:14	5590.8470	4	0.0138	0.0018	5591.4453	1.6	8.9	-0.0818	-0.0111	0.0010	-0.0091	-0.5790	60	0.000	55.800000	37.500000	195.70	55.698593	36.757950	223.6	11011
21	2023-04-26	08:57:14	5590.8452	4	0.0129	0.0017	5591.4430	2.8	9.9	-0.0658	-0.0108	0.0013	-0.0092	-0.5790	60	0.000	55.800000	37.500000	195.70	--	--	--	11011
21	2023-04-26	08:58:14	5590.8476	4	0.0118	0.0015	5591.4454	3.0	9.4	-0.0780	-0.0105	0.0013	-0.0095	-0.5790	60	0.000	55.800000	37.500000	195.70	55.699493	36.757725	220.8	11011
21	2023-04-26	08:59:14	5590.8475	4	0.0142	0.0018	5591.4452	1.8	9.1	-0.0761	-0.0102	0.0012	-0.0096	-0.5790	60	0.000	55.800000	37.500000	195.70	55.699665	36.757771	221.0	11011
21	2023-04-26	09:00:14	5590.8465	4	0.0141	0.0018	5591.4443	3.1	8.4	-0.0772	-0.0098	0.0010	-0.0100	-0.5790	60	0.000	55.800000	37.500000	195.70	--	--	--	11011
21	2023-04-26	09:01:14	5590.8467	4	0.0137	0.0018	5591.4441	2.8	9.4	-0.0833	-0.0095	0.0012	-0.0100	-0.5791	60	0.000	55.800000	37.500000	195.70	--	--	--	11011
21	2023-04-26	09:02:14	5590.8474	4	0.0110	0.0014	5591.4445	2.1	9.9	-0.0828	-0.0092	0.0013	-0.0102	-0.5791	60	0.000	55.800000	37.500000	195.70	--	--	--	11011
21	2023-04-26	09:03:14	5590.8473	4	0.0112	0.0015	5591.4446	1.5	8.4	-0.0812	-0.0089	0.0009	-0.0103	-0.5791	60	0.000	55.800000	37.500000	195.70	--	--	--	11011
21	2023-04-26	09:04:14	5590.8457	4	0.0136	0.0018	5591.4430	2.2	7.9	-0.0826	-0.0085	0.0008	-0.0104	-0.5791	60	0.000	55.800000	37.500000	195.70	--	--	--	11011
21	2023-04-26	09:05:14	5590.8469	4	0.0128	0.0017	5591.4439	1.4	8.3	-0.0896	-0.0082	0.0008	-0.0106	-0.5791	60	0.000	55.800000	37.500000	195.70	--	--	--	11011
21	2023-04-26	09:06:14	5590.8471	4	0.0127	0.0016	5591.4437	1.7	9.1	-0.0889	-0.0079	0.0011	-0.0107	-0.5791	60	0.000	55.800000	37.500000	195.70	--	--	--	11011
21	2023-04-26	09:07:14	5590.8475	4	0.0105	0.0014	5591.4439	1.8	9.9	-0.0902	-0.0075	0.0012	-0.0109	-0.5791	60	0.000	55.800000	37.500000	195.70	--	--	--	11011
21	2023-04-26	09:08:14	5590.8485	4	0.0136	0.0018	5591.4446	1.7	8.9	-0.0951	-0.0072	0.0010	-0.0109	-0.5791	60	0.000	55.800000	37.500000	195.70	--	--	--	11011
21	2023-04-26	09:09:14	5590.8470	4	0.0156	0.0020	5591.4430	1.6	10.5	-0.0939	-0.0069	0.0012	-0.0113	-0.5791	60	0.000	55.800000	37.500000	195.70	--	--	--	11011
21	2023-04-26	09:10:14	5590.8477	4	0.0126	0.0016	5591.4438	3.1	8.9	-0.0843	-0.0066	0.0010	-0.0114	-0.5791	60	0.000	55.800000	37.500000	195.70	--	--	--	11011
21	2023-04-26	09:11:14	5590.8458	4	0.0157	0.0020	5591.4412	2.1	9.8	-0.0900	-0.0062	0.0013	-0.0114	-0.5791	60	0.000	55.800000	37.500000	195.70	--	--	--	11011
21	2023-04-26	09:12:14	5590.8480	4	0.0123	0.0016	5591.4432	2.2	9.9	-0.0937	-0.0059	0.0013	-0.0115	-0.5791	60	0.000	55.800000	37.500000	195.70	--	--	--	11011
21	2023-04-26	09:13:14	5590.8476	4	0.0185	0.0024	5591.4430	1.7	9.7	-0.0951	-0.0056	0.0011	-0.0118	-0.5791	60	0.000	55.800000	37.500000	195.70	--	--	--	11011
21	2023-04-26	09:14:14	5590.8458	4	0.0120	0.0016	5591.4411	1.6	9.5	-0.0953	-0.0053	0.0011	-0.0120	-0.5791	60	0.000	55.800000	37.500000	195.70	--	--	--	11011
21	2023-04-26	09:15:14	5590.8472	4	0.0129	0.0017	5591.4422	2.8	9.6	-0.0991	-0.0049	0.0012	-0.0120	-0.5791	60	0.000	55.800000	37.500000	195.70	--	--	--	11011
21	2023-04-26	09:16:14	5590.8472	4	0.0150	0.0019	5591.4417	1.8	10.1	-0.0962	-0.0046	0.0012	-0.0120	-0.5791	60	0.000	55.800000	37.500000	195.70	--	--	--	11011
21	2023-04-26	09:17:14	5590.8480	4	0.0143	0.0018	5591.4421	1.7	11.3	-0.0950	-0.0043	0.0016	-0.0123	-0.5791	60	0.000	55.800000	37.500000	195.70	--	--	--	11011
21	2023-04-26	09:18:14	5590.8473	4	0.0123	0.0016	5591.4411	1.1	12.1	-0.1064	-0.0039	0.0017	-0.0125	-0.5791	60	0.000	55.800000	37.500000	195.70	--	--	--	11011
21	2023-04-26	09:19:14	5590.8478	4	0.0185	0.0024	5591.4414	0.5	11.3	-0.1025	-0.0036	0.0016	-0.0124	-0.5792	60	0.000	55.800000	37.500000	195.70	--	--	--	11011
21	2023-04-26	09:20:14	5590.8474	4	0.0124	0.0016	5591.4405	0.2	12.5	-0.1012	-0.0033	0.0018	-0.0124	-0.5792	60	0.000	55.800000	37.500000	195.70	--	--	--	11011
61	2023-04-26	10:49:42	5645.0589	4	0.0205	0.0026	5645.6127	-1.7	2.4	0.0092	0.0247	0.0001	0.0011	-0.5797	60	0.000	55.800000	37.500000	195.70	56.028522	37.230808	202.5	11011
61	2023-04-26	10:50:42	5645.0588	4	0.0164	0.0021	5645.6125	-0.6	2.0	0.0055	0.0250	0.0001	0.0010	-0.5797	60	0.000	55.800000	37.500000	195.70	56.028419	37.230427	204.4	11011
61	2023-04-26	10:51:42	5645.0593	4	0.0176	0.0023	5645.6128	-1.6	2.6	0.0051	0.0252	0.0001	0.0008	-0.5797	60	0.000	55.800000	37.500000	195.70	56.028477	37.230453	205.0	11011
61	2023-04-26	10:52:42	5645.0603	4	0.0143	0.0019	5645.6136	-2.4	1.5	-0.0002	0.0255	0.0002	0.0008	-0.5797	60	0.000	55.800000	37.500000	195.70	56.028221	37.229893	205.3	11011
61	2023-04-26	10:53:42	5645.0582	4	0.0152	0.0020	5645.6114	-0.5	1.6	0.0083	0.0258	0.0001	0.0006	-0.5797	60	0.000	55.800000	37.500000	195.70	56.028431	37.230446	204.8	11011
61	2023-04-26	10:54:42	5645.0584	4	0.0120	0.0015	5645.6115	0.5	1.6	0.0081	0.0261	0.0001	0.0005	-0.5797	60	0.000	55.800000	37.500000	195.70	56.028534	37.230968	208.5	11011
61	2023-04-26	10:55:42	5645.0596	4	0.0140	0.0018	5645.6125	-0.4	2.3	-0.0010	0.0264	0.0001	0.0003	-0.5797	60	0.000	55.800000	37.500000	195.70	56.028515	37.230724	210.4	11011
61	2023-04-26	10:56:42	5645.0583	4	0.0164	0.0021	5645.6108	-2.2	2.0	0.0079	0.0266	0.0001	0.0004	-0.5797	60	0.000	55.800000	37.500000	195.70	--	--	--	11011
61	2023-04-26	10:57:42	5645.0606	4	0.0152	0.0020	5645.6129	-1.6	2.7	0.0049	0.0269	0.0001	0.0004	-0.5797	60	0.000	55.800000	37.500000	195.70	56.028687	37.230827	212.4	11011
61	2023-04-26	10:58:42	5645.0606	4	0.0143	0.0018	5645.6126	-1.3	2.8	0.0009	0.0272	0.0002	0.0004	-0.5797	60	0.000	55.800000	37.500000	195.70	56.028446	37.231075	212.0	11011
61	2023-04-26	10:59:42	5645.0591	4	0.0141	0.0018	5645.6110	-0.6	3.2	0.0053	0.0275	0.0001	0.0002	-0.5797	60	0.000	55.800000	37.500000	195.70	--	--	--	11011
61	2023-04-26	11:00:42	5645.0598	4	0.0110	0.0014	5645.6115	-0.9	2.7	-0.0032	0.0278	0.0001	0.0002	-0.5797	60	0.000	55.800000	37.500000	195.70	--	--	--	11011
61	2023-04-26	11:01:42	5645.0587	4	0.0150	0.0019	5645.6100	-0.3	3.7	0.0011	0.0280	0.0002	0.0003	-0.5797	60	0.000	55.800000	37.500000	195.70	--	--	--	11011
61	2023-04-26	11:02:42	5645.0601	4	0.0166	0.0021	5645.6111	-0.2	3.1	0.0035	0.0283	0.0001	0.0003	-0.5797	60	0.000	55.800000	37.500000	195.70	56.027931	37.229237	214.6	11011
61	2023-04-26	11:03:42	5645.0597	4	0.0129	0.0017	5645.6104	0.9	4.4	0.0020	0.0286	0.0003	0.0002	-0.5797	60	0.000	55.800000	37.500000	195.70	56.028126	37.229710	214.7	11011
61	2023-04-26	11:04:42	5645.0607	4	0.0141	0.0018	5645.6112	-0.4	4.9	0.0032	0.0288	0.0003	0.0001	-0.5798	60	0.000	55.800000	37.500000	195.70	56.028275	37.230110	214.7	11011
61	2023-04-26	11:05:42	5645.0597	4	0.0132	0.0017	5645.6099	0.4	4.5	0.0011	0.0291	0.0002	0.0001	-0.5798	60	0.000	55.800000	37.500000	195.70	56.027981	37.230064	214.6	11011
61	2023-04-26	11:06:42	5645.0589	4	0.0193	0.0025	5645.6089	0.7	4.2	0.0021	0.0294	0.0003	0.0000	-0.5798	60	0.000	55.800000	37.500000	195.70	56.028259	37.230122	214.6	11011
61	2023-04-26	11:07:42	5645.0587	4	0.0157	0.0020	5645.6083	0.2	5.1	0.0016	0.0296	0.0004	0.0001	-0.5798	60	0.000	55.800000	37.500000	195.70	--	--	--	11011
61	2023-04-26	11:08:42	5645.0584	4	0.0112	0.0014	5645.6079	-0.3	4.3	0.0016	0.0299	0.0003	0.0001	-0.5798	60	0.000	55.800000	37.500000	195.70	--	--	--	11011
61	2023-04-26	11:09:42	5645.0584	4	0.0157	0.0020	5645.6079	-1.9	3.8	0.0042	0.0302	0.0002	-0.0001	-0.5798	60	0.000	55.800000	37.500000	195.70	56.028427	37.230820	168.8	11011
61	2023-04-26	11:10:42	5645.0600	4	0.0130	0.0017	5645.6090	-1.8	4.9	0.0013	0.0304	0.0003	-0.0000	-0.5798	60	0.000	55.800000	37.500000	195.70	--	--	--	11011
61	2023-04-26	11:11:42	5645.0594	4	0.0131	0.0017	5645.6083	-1.9	5.0	-0.0133	0.0307	0.0003	-0.0001	-0.5798	60	0.000	55.800000	37.500000	195.70	56.028374	37.231045	213.8	11011
61	2023-04-26	11:12:42	5645.0597	4	0.0131	0.0017	5645.6084	-1.9	4.9	0.0017	0.0310	0.0003	-0.0002	-0.5798	60	0.000	55.800000	37.500000	195.70	56.028431	37.230656	213.7	11011
61	2023-04-26	11:13:42	5645.0594	4	0.0155	0.0020	5645.6077	-1.9	5.2	0.0033	0.0312	0.0003	-0.0001	-0.5798	60	0.000	55.800000	37.500000	195.70	56.028458	37.230820	213.8	11011
61	2023-04-26	11:14:42	5645.0601	4	0.0141	0.0018	5645.6079	-1.8	5.7	-0.0066	0.0315	0.0005	-0.0000	-0.5798	60	0.000	55.800000	37.500000	195.70	56.028503	37.230999	213.6	11011
61	2023-04-26	11:15:42	5645.0585	4	0.0142	0.0018	5645.6065	-1.8	3.8	-0.0012	0.0317	0.0002	-0.0002	-0.5798	60	0.000	55.800000	37.500000	195.70	56.028591	37.231045	212.4	11011
61	2023-04-26	11:16:42	5645.0595	4	0.0150	0.0019	5645.6071	-1.3	5.2	-0.0039	0.0320	0.0004	-0.0001	-0.5798	60	0.000	55.800000	37.500000	195.70	56.028515	37.230721	211.2	11011
61	2023-04-26	11:17:42	5645.0608	4	0.0168	0.0022	5645.6082	-0.9	4.9	0.0020	0.0323	0.0004	-0.0002	-0.5798	60	0.000	55.800000	37.500000	195.70	56.028770	37.230415	210.0	11011
61	2023-04-26	11:18:42	5645.0582	4	0.0161	0.0021	5645.6054	-1.0	4.8	-0.0000	0.0325	0.0003	-0.0001	-0.5798	60	0.000	55.800000	37.500000	195.70	56.028465	37.230312	211.1	11011
61	2023-04-26	11:19:42	5645.0597	4	0.0177	0.0023	5645.6067	-1.2	3.8	-0.0019	0.0328	0.0002	-0.0001	-0.5798	60	0.000	55.800000	37.500000	195.70	56.028446	37.230206	211.2	11011
61	2023-04-26	11:20:42	5645.0595	4	0.0157	0.0020	5645.6063	0.2	4.3	-0.0035	0.0330	0.0003	-0.0002	-0.5798	60	0.000	55.800000	37.500000	195.70	56.028870	37.230000	211.4	11011
61	2023-04-26	11:21:42	5645.0601	4	0.0133	0.0017	5645.6067	0.3	5.0	0.0030	0.0333	0.0003	-0.0003	-0.5798	60	0.000	55.800000	37.500000	195.70	56.028763	37.230400	211.9	11011
61	2023-04-26	11:22:42	5645.0594	4	0.0161	0.0021	5645.6056	-0.0	5.1	-0.0050	0.0335	0.0003	-0.0002	-0.5799	60	0.000	55.800000	37.500000	195.70	56.029011	37.230743	212.1	11011
61	2023-04-26	11:23:42	5645.0573	4	0.0162	0.0021	5645.6034	-0.6	4.2	-0.0037	0.0338	0.0002	-0.0002	-0.5799	60	0.000	55.800000	37.500000	195.70	56.028603	37.231125	211.2	11011
61	2023-04-26	11:24:42	5645.0592	4	0.0132	0.0017	5645.6049	-0.3	4.9	0.0018	0.0340	0.0004	-0.0002	-0.5799	60	0.000	55.800000	37.500000	195.70	56.028889	37.230911	210.3	11011
61	2023-04-26	11:25:42	5645.0594	4	0.0151	0.0019	5645.6048	-0.2	5.7	0.0033	0.0343	0.0005	-0.0002	-0.5799	60	0.000	55.800000	37.500000	195.70	56.028561	37.230789	209.5	11011
61	2023-04-26	11:26:42	5645.0584	4	0.0141	0.0018	5645.6037	-0.3	6.4	-0.0031	0.0345	0.0005	-0.0004	-0.5799	60	0.000	55.800000	37.500000	195.70	56.028603	37.230579	207.8	11011
61	2023-04-26	11:27:42	5645.0603	4	0.0113	0.0015	5645.6052	-0.2	6.5	0.0044	0.0348	0.0006	-0.0004	-0.5799	60	0.000	55.800000	37.500000	195.70	56.028305	37.230503	207.4	11011
61	2023-04-26	11:28:42	5645.0605	4	0.0178	0.0023	5645.6053	-0.7	6.3	0.0001	0.0350	0.0005	-0.0004	-0.5799	60	0.000	55.800000	37.500000	195.70	56.028255	37.230629	207.3	11011
61	2023-04-26	11:29:42	5645.0603	4	0.0162	0.0021	5645.6049	-0.5	5.9	-0.0021	0.0352	0.0005	-0.0004	-0.5799	60	0.000	55.800000	37.500000	195.70	56.028259	37.230167	207.2	11011
61	2023-04-26	11:30:42	5645.0592	4	0.0123	0.0016	5645.6036	0.3	6.1	-0.0053	0.0355	0.0005	-0.0004	-0.5799	60	0.000	55.800000	37.500000	195.70	56.027897	37.230103	207.4	11011
61	2023-04-26	11:31:42	5645.0587	4	0.0135	0.0017	5645.6028	0.3	6.4	-0.0012	0.0357	0.0005	-0.0003	-0.5799	60	0.000	55.800000	37.500000	195.70	56.028152	37.229893	207.5	11011
61	2023-04-26	11:32:42	5645.0605	4	0.0167	0.0022	5645.6042	-0.1	7.0	-0.0031	0.0360	0.0005	-0.0002	-0.5799	60	0.000	55.800000	37.500000	195.70	56.028534	37.230553	207.5	11011
61	2023-04-26	11:33:42	5645.0604	4	0.0172	0.0022	5645.6035	-0.2	8.4	-0.0079	0.0362	0.0009	-0.0003	-0.5799	60	0.000	55.800000	37.500000	195.70	56.027912	37.230816	207.5	11011
61	2023-04-26	11:34:42	5645.0586	4	0.0161	0.0021	5645.6018	-1.1	8.1	0.0014	0.0364	0.0008	-0.0005	-0.5799	60	0.000	55.800000	37.500000	195.70	56.028400	37.230228	207.5	11011
61	2023-04-26	11:35:42	5645.0587	4	0.0149	0.0019	5645.6017	-1.2	7.9	0.0045	0.0367	0.0008	-0.0005	-0.5799	60	0.000	55.800000	37.500000	195.70	--	--	--	11011
61	2023-04-26	11:36:42	5645.0600	4	0.0123	0.0016	5645.6026	-2.3	8.2	-0.0038	0.0369	0.0008	-0.0004	-0.5799	60	0.000	55.800000	37.500000	195.70	--	--	--	11011
61	2023-04-26	11:37:42	5645.0602	4	0.0131	0.0017	5645.6028	-1.4	6.8	-0.0018	0.0371	0.0006	-0.0004	-0.5799	60	0.000	55.800000	37.500000	195.70	--	--	--	11011
61	2023-04-26	11:38:42	5645.0593	4	0.0138	0.0018	5645.6018	-1.5	7.0	-0.0041	0.0374	0.0006	-0.0005	-0.5799	60	0.000	55.800000	37.500000	195.70	--	--	--	11011
61	2023-04-26	11:39:42	5645.0595	4	0.0144	0.0019	5645.6018	-1.3	7.1	0.0002	0.0376	0.0006	-0.0006	-0.5800	60	0.000	55.800000	37.500000	195.70	--	--	--	11011
61	2023-04-26	11:40:42	5645.0587	4	0.0110	0.0014	5645.6009	-1.1	6.6	0.0011	0.0378	0.0006	-0.0005	-0.5800	60	0.000	55.800000	37.500000	195.70	--	--	--	11011
61	2023-04-26	11:41:42	5645.0592	4	0.0146	0.0019	5645.6011	-1.2	6.2	-0.0086	0.0380	0.0005	-0.0004	-0.5800	60	0.000	55.800000	37.500000	195.70	--	--	--	11011
61	2023-04-26	11:42:42	5645.0589	4	0.0139	0.0018	5645.6006	-1.1	6.1	-0.0055	0.0383	0.0005	-0.0006	-0.5800	60	0.000	55.800000	37.500000	195.70	--	--	--	11011
61	2023-04-26	11:43:42	5645.0596	4	0.0116	0.0015	5645.6010	-0.5	7.5	-0.0037	0.0385	0.0007	-0.0006	-0.5800	60	0.000	55.800000	37.500000	195.70	--	--	--	11011
61	2023-04-26	11:44:42	5645.0602	4	0.0156	0.0020	5645.6012	-0.8	7.8	0.0018	0.0387	0.0008	-0.0005	-0.5800	60	0.000	55.800000	37.500000	195.70	--	--	--	11011
61	2023-04-26	11:45:42	5645.0599	4	0.0125	0.0016	5645.6010	-1.2	6.5	-0.0082	0.0389	0.0005	-0.0006	-0.5800	60	0.000	55.800000	37.500000	195.70	--	--	--	11011
61	2023-04-26	11:46:42	5645.0587	4	0.0140	0.0018	5645.5997	-0.1	5.6	-0.0043	0.0391	0.0004	-0.0006	-0.5800	60	0.000	55.800000	37.500000	195.70	--	--	--	11011
61	2023-04-26	11:47:42	5645.0597	4	0.0138	0.0018	5645.6007	-1.4	4.3	-0.0050	0.0394	0.0003	-0.0007	-0.5800	60	0.000	55.800000	37.500000	195.70	--	--	--	11011
61	2023-04-26	11:48:42	5645.0595	4	0.0132	0.0017	5645.6001	-1.4	3.8	-0.0033	0.0396	0.0002	-0.0004	-0.5800	60	0.000	55.800000	37.500000	195.70	--	--	--	11011
21	2023-04-26	13:27:32	5590.8415	4	0.0128	0.0017	5591.3601	-0.2	4.2	0.0700	0.0529	0.0002	0.0089	-0.5806	60	0.000	55.800000	37.500000	195.70	55.699512	36.757656	185.9	11011
21	2023-04-26	13:28:32	5590.8419	4	0.0141	0.0018	5591.3608	-0.8	4.9	0.0629	0.0529	0.0003	0.0084	-0.5806	60	0.000	55.800000	37.500000	195.70	55.699471	36.757587	186.0	11011
21	2023-04-26	13:29:32	5590.8410	4	0.0160	0.0021	5591.3609	-0.5	3.9	0.0594	0.0530	0.0002	0.0075	-0.5806	60	0.000	55.800000	37.500000	195.70	55.699375	36.757759	186.2	11011
21	2023-04-26	13:30:32	5590.8414	4	0.0101	0.0013	5591.3619	-0.2	4.7	0.0495	0.0530	0.0003	0.0068	-0.5806	60	0.000	55.800000	37.500000	195.70	55.699528	36.757668	187.3	11011
21	2023-04-26	13:31:32	5590.8407	4	0.0100	0.0013	5591.3617	-0.8	5.1	0.0455	0.0531	0.0004	0.0061	-0.5806	60	0.000	55.800000	37.500000	195.70	55.699589	36.757801	186.5	11011
21	2023-04-26	13:32:32	5590.8413	4	0.0160	0.0021	5591.3633	-0.1	4.7	0.0371	0.0531	0.0003	0.0052	-0.5806	60	0.000	55.800000	37.500000	195.70	55.699551	36.757607	187.6	11011
21	2023-04-26	13:33:32	5590.8415	4	0.0118	0.0015	5591.3639	-0.9	4.9	0.0285	0.0531	0.0003	0.0047	-0.5806	60	0.000	55.800000	37.500000	195.70	55.699642	36.757706	191.7	11011
21	2023-04-26	13:34:32	5590.8406	4	0.0143	0.0018	5591.3640	-0.1	5.6	0.0233	0.0532	0.0003	0.0038	-0.5806	60	0.000	55.800000	37.500000	195.70	55.699615	36.757828	192.4	11011
21	2023-04-26	13:35:32	5590.8409	4	0.0146	0.0019	5591.3647	-0.6	5.5	0.0217	0.0532	0.0004	0.0032	-0.5806	60	0.000	55.800000	37.500000	195.70	--	--	--	11011
21	2023-04-26	13:36:32	5590.8416	4	0.0130	0.0017	5591.3662	-0.6	5.2	0.0142	0.0532	0.0003	0.0025	-0.5806	60	0.000	55.800000	37.500000	195.70	55.699604	36.757610	196.1	11011
21	2023-04-26	13:37:32	5590.8407	4	0.0143	0.0018	5591.3660	-0.3	4.6	0.0113	0.0533	0.0002	0.0018	-0.5806	60	0.000	55.800000	37.500000	195.70	55.699665	36.757626	195.4	11011
21	2023-04-26	13:38:32	5590.8407	4	0.0168	0.0022	5591.3665	-0.3	4.7	0.0090	0.0533	0.0003	0.0013	-0.5806	60	0.000	55.800000	37.500000	195.70	55.699608	36.757778	195.6	11011
21	2023-04-26	13:39:32	5590.8406	4	0.0122	0.0016	5591.3667	0.2	5.4	-0.0002	0.0533	0.0004	0.0008	-0.5806	60	0.000	55.800000	37.500000	195.70	55.699635	36.757835	195.2	11011
21	2023-04-26	13:40:32	5590.8413	4	0.0145	0.0019	5591.3680	2.0	6.4	0.0037	0.0533	0.0005	0.0001	-0.5806	60	0.000	55.800000	37.500000	195.70	55.699493	36.757740	195.5	11011
21	2023-04-26	13:41:32	5590.8416	4	0.0169	0.0022	5591.3689	2.2	5.9	-0.0050	0.0534	0.0004	-0.0005	-0.5806	60	0.000	55.800000	37.500000	195.70	55.699501	36.757656	194.9	11011
21	2023-04-26	13:42:32	5590.8416	4	0.0132	0.0017	5591.3693	1.7	5.7	-0.0057	0.0534	0.0005	-0.0009	-0.5806	60	0.000	55.800000	37.500000	195.70	55.699528	36.757687	194.1	11011
21	2023-04-26	13:43:32	5590.8401	4	0.0129	0.0017	5591.3680	1.8	6.7	-0.0112	0.0534	0.0005	-0.0012	-0.5807	60	0.000	55.800000	37.500000	195.70	55.699471	36.757713	193.5	11011
21	2023-04-26	13:44:32	5590.8413	4	0.0118	0.0015	5591.3696	1.5	5.7	-0.0123	0.0534	0.0005	-0.0015	-0.5807	60	0.000	55.800000	37.500000	195.70	55.699482	36.757607	192.1	11011
21	2023-04-26	13:45:32	5590.8403	4	0.0133	0.0017	5591.3692	0.2	6.3	-0.0186	0.0534	0.0005	-0.0021	-0.5807	60	0.000	55.800000	37.500000	195.70	55.699490	36.757809	189.2	11011
21	2023-04-26	13:46:32	5590.8406	4	0.0130	0.0017	5591.3694	0.8	7.6	-0.0280	0.0534	0.0007	-0.0023	-0.5807	60	0.000	55.800000	37.500000	195.70	55.699482	36.757725	185.2	11011
21	2023-04-26	13:47:32	5590.8411	4	0.0115	0.0015	5591.3705	2.5	7.1	-0.0203	0.0534	0.0006	-0.0027	-0.5807	60	0.000	55.800000	37.500000	195.70	55.699406	36.757702	182.8	11011
21	2023-04-26	13:48:32	5590.8416	4	0.0119	0.0015	5591.3712	2.3	7.9	-0.0267	0.0534	0.0008	-0.0031	-0.5807	60	0.000	55.800000	37.500000	195.70	55.699577	36.757694	182.7	11011
21	2023-04-26	13:49:32	5590.8404	4	0.0153	0.0020	5591.3705	1.9	7.3	-0.0264	0.0534	0.0006	-0.0034	-0.5807	60	0.000	55.800000	37.500000	195.70	55.699528	36.757744	183.0	11011
21	2023-04-26	13:50:32	5590.8409	4	0.0136	0.0018	5591.3713	2.2	7.4	-0.0344	0.0534	0.0008	-0.0039	-0.5807	60	0.000	55.800000	37.500000	195.70	55.699577	36.757759	181.1	11011
21	2023-04-26	13:51:32	5590.8419	4	0.0125	0.0016	5591.3726	1.6	7.9	-0.0413	0.0534	0.0007	-0.0041	-0.5807	60	0.000	55.800000	37.500000	195.70	55.699539	36.757675	183.0	11011
21	2023-04-26	13:52:32	5590.8409	4	0.0127	0.0016	5591.3720	2.1	7.4	-0.0356	0.0534	0.0007	-0.0045	-0.5807	60	0.000	55.800000	37.500000	195.70	55.699493	36.757835	178.7	11011
21	2023-04-26	13:53:32	5590.8399	4	0.0125	0.0016	5591.3713	2.4	7.4	-0.0417	0.0534	0.0007	-0.0048	-0.5807	60	0.000	55.800000	37.500000	195.70	55.699444	36.758011	175.6	11011
21	2023-04-26	13:54:32	5590.8415	4	0.0153	0.0020	5591.3733	1.1	7.2	-0.0402	0.0534	0.0006	-0.0051	-0.5807	60	0.000	55.800000	37.500000	195.70	55.699692	36.757771	176.0	11011
21	2023-04-26	13:55:32	5590.8413	4	0.0168	0.0022	5591.3729	0.7	8.3	-0.0367	0.0534	0.0009	-0.0051	-0.5807	60	0.000	55.800000	37.500000	195.70	55.699760	36.757664	163.6	11011
21	2023-04-26	13:56:32	5590.8420	4	0.0110	0.0014	5591.3743	1.6	6.7	-0.0492	0.0534	0.0005	-0.0055	-0.5807	60	0.000	55.800000	37.500000	195.70	55.699493	36.757816	164.4	11011
21	2023-04-26	13:57:32	5590.8416	4	0.0149	0.0019	5591.3740	1.1	7.1	-0.0488	0.0534	0.0006	-0.0057	-0.5807	60	0.000	55.800000	37.500000	195.70	55.699455	36.757847	164.8	11011
21	2023-04-26	13:58:32	5590.8406	4	0.0120	0.0015	5591.3735	0.8	5.7	-0.0454	0.0534	0.0004	-0.0060	-0.5807	60	0.000	55.800000	37.500000	195.70	55.699432	36.757790	164.6	11011
21	2023-04-26	13:59:32	5590.8419	4	0.0135	0.0017	5591.3748	1.3	7.0	-0.0490	0.0534	0.0007	-0.0062	-0.5807	60	0.000	55.800000	37.500000	195.70	--	--	--	11011
21	2023-04-26	14:00:32	5590.8422	4	0.0154	0.0020	5591.3755	2.0	7.2	-0.0510	0.0534	0.0007	-0.0065	-0.5808	60	0.000	55.800000	37.500000	195.70	--	--	--	11011
21	2023-04-26	14:01:32	5590.8415	4	0.0129	0.0017	5591.3752	1.9	6.5	-0.0558	0.0533	0.0006	-0.0068	-0.5808	60	0.000	55.800000	37.500000	195.70	--	--	--	11011
21	2023-04-26	14:02:32	5590.8418	4	0.0106	0.0014	5591.3754	2.3	6.9	-0.0555	0.0533	0.0007	-0.0069	-0.5808	60	0.000	55.800000	37.500000	195.70	--	--	--	11011
21	2023-04-26	14:03:32	5590.8424	4	0.0129	0.0017	5591.3763	1.2	7.4	-0.0574	0.0533	0.0007	-0.0072	-0.5808	60	0.000	55.800000	37.500000	195.70	--	--	--	11011
21	2023-04-26	14:04:32	5590.8414	4	0.0126	0.0016	5591.3752	1.1	8.0	-0.0625	0.0533	0.0009	-0.0073	-0.5808	60	0.000	55.800000	37.500000	195.70	--	--	--	11011
21	2023-04-26	14:05:32	5590.8420	4	0.0133	0.0017	5591.3763	-0.3	8.2	-0.0580	0.0533	0.0008	-0.0076	-0.5808	60	0.000	55.800000	37.500000	195.70	--	--	--	11011
21	2023-04-26	14:06:32	5590.8408	4	0.0137	0.0018	5591.3757	-0.8	8.1	-0.0556	0.0532	0.0007	-0.0080	-0.5808	60	0.000	55.800000	37.500000	195.70	--	--	--	11011
21	2023-04-26	14:07:32	5590.8396	4	0.0112	0.0014	5591.3747	1.4	7.1	-0.0621	0.0532	0.0006	-0.0081	-0.5808	60	0.000	55.800000	37.500000	195.70	--	--	--	11011
21	2023-04-26	14:08:32	5590.8419	4	0.0144	0.0019	5591.3771	-0.0	7.8	-0.0678	0.0532	0.0007	-0.0083	-0.5808	60	0.000	55.800000	37.500000	195.70	--	--	--	11011
21	2023-04-26	14:09:32	5590.8411	4	0.0110	0.0014	5591.3764	-0.4	8.0	-0.0653	0.0531	0.0007	-0.0084	-0.5808	60	0.000	55.800000	37.500000	195.70	--	--	--	11011
21	2023-04-26	14:10:32	5590.8400	4	0.0131	0.0017	5591.3758	-1.0	7.8	-0.0715	0.0531	0.0007	-0.0087	-0.5808	60	0.000	55.800000	37.500000	195.70	--	--	--	11011
21	2023-04-26	14:11:32	5590.8405	4	0.0111	0.0014	5591.3763	-0.4	7.6	-0.0691	0.0531	0.0006	-0.0087	-0.5808	60	0.000	55.800000	37.500000	195.70	--	--	--	11011
21	2023-04-26	14:12:32	5590.8411	4	0.0112	0.0015	5591.3770	-0.7	8.1	-0.0792	0.0530	0.0007	-0.0088	-0.5808	60	0.000	55.800000	37.500000	195.70	--	--	--	11011
21	2023-04-26	14:13:32	5590.8420	4	0.0117	0.0015	5591.3782	-1.1	7.9	-0.0722	0.0530	0.0007	-0.0090	-0.5808	60	0.000	55.800000	37.500000	195.70	--	--	--	11011
21	2023-04-26	14:14:32	5590.8414	4	0.0132	0.0017	5591.3778	-0.6	8.2	-0.0792	0.0529	0.0008	-0.0094	-0.5808	60	0.000	55.800000	37.500000	195.70	--	--	--	11011
21	2023-04-26	14:15:32	5590.8410	4	0.0141	0.0018	5591.3775	-0.9	8.8	-0.0758	0.0529	0.0009	-0.0095	-0.5808	60	0.000	55.800000	37.500000	195.70	--	--	--	11011
21	2023-04-26	14:16:32	5590.8426	4	0.0132	0.0017	5591.3795	-1.9	8.7	-0.0761	0.0528	0.0008	-0.0097	-0.5808	60	0.000	55.800000	37.500000	195.70	--	--	--	11011
21	2023-04-26	14:17:32	5590.8413	4	0.0123	0.0016	5591.3784	-3.0	8.2	-0.0736	0.0528	0.0009	-0.0099	-0.5808	60	0.000	55.800000	37.500000	195.70	--	--	--	11011
21	2023-04-26	14:18:32	5590.8390	4	0.0126	0.0016	5591.3760	-1.7	8.6	-0.0800	0.0527	0.0010	-0.0099	-0.5809	60	0.000	55.800000	37.500000	195.70	--	--	--	11011
21	2023-04-26	14:19:32	5590.8401	4	0.0142	0.0018	5591.3773	-1.7	9.5	-0.0879	0.0527	0.0011	-0.0101	-0.5809	60	0.000	55.800000	37.500000	195.70	--	--	--	11011
21	2023-04-26	14:20:32	5590.8419	4	0.0131	0.0017	5591.3794	-0.5	9.7	-0.0783	0.0526	0.0010	-0.0102	-0.5809	60	0.000	55.800000	37.500000	195.70	--	--	--	11011
21	2023-04-26	14:21:32	5590.8408	4	0.0139	0.0018	5591.3786	-1.8	9.5	-0.0793	0.0526	0.0010	-0.0105	-0.5809	60	0.000	55.800000	37.500000	195.70	--	--	--	11011
21	2023-04-26	14:22:32	5590.8403	4	0.0119	0.0015	5591.3780	-2.1	9.6	-0.0885	0.0525	0.0012	-0.0106	-0.5809	60	0.000	55.800000	37.500000	195.70	--	--	--	11011
21	2023-04-26	14:23:32	5590.8409	4	0.0132	0.0017	5591.3786	-1.1	9.9	-0.0893	0.0525	0.0012	-0.0105	-0.5809	60	0.000	55.800000	37.500000	195.70	--	--	--	11011
21	2023-04-26	14:24:32	5590.8404	4	0.0165	0.0021	5591.3785	-1.1	9.7	-0.0905	0.0524	0.0012	-0.0108	-0.5809	60	0.000	55.800000	37.500000	195.70	--	--	--	11011
21	2023-04-26	14:25:32	5590.8402	4	0.0123	0.0016	5591.3787	-1.6	9.2	-0.0875	0.0523	0.0010	-0.0110	-0.5809	60	0.000	55.800000	37.500000	195.70	--	--	--	11011
21	2023-04-26	14:26:32	5590.8404	4	0.0111	0.0014	5591.3792	-0.9	8.7	-0.0958	0.0523	0.0009	-0.0111	-0.5809	60	0.000	55.800000	37.500000	195.70	--	--	--	11011
1	2023-04-26	16:34:42	5613.4277	4	0.0117	0.0015	5613.9721	0.8	-0.2	0.0639	0.0296	0.0000	0.0075	-0.5816	60	0.000	55.800000	37.500000	195.70	55.780754	37.639183	167.5	11011
1	2023-04-26	16:35:42	5613.4286	4	0.0119	0.0015	5613.9733	1.1	0.6	0.0584	0.0294	0.0000	0.0075	-0.5816	60	0.000	55.800000	37.500000	195.70	55.781021	37.639275	169.6	11011
1	2023-04-26	16:36:42	5613.4286	4	0.0129	0.0017	5613.9737	0.5	0.3	0.0546	0.0291	0.0000	0.0074	-0.5816	60	0.000	55.800000	37.500000	195.70	55.780762	37.639221	169.0	11011
1	2023-04-26	16:37:42	5613.4289	4	0.0136	0.0018	5613.9745	2.0	2.3	0.0591	0.0288	0.0002	0.0071	-0.5816	60	0.000	55.800000	37.500000	195.70	55.780991	37.639248	171.6	11011
1	2023-04-26	16:38:42	5613.4292	4	0.0116	0.0015	5613.9755	1.3	1.6	0.0565	0.0286	0.0001	0.0068	-0.5816	60	0.000	55.800000	37.500000	195.70	55.781250	37.639324	175.7	11011
1	2023-04-26	16:39:42	5613.4288	4	0.0135	0.0017	5613.9754	-0.2	3.2	0.0501	0.0283	0.0002	0.0065	-0.5817	60	0.000	55.800000	37.500000	195.70	55.781105	37.638992	174.5	11011
1	2023-04-26	16:40:42	5613.4303	4	0.0113	0.0015	5613.9775	0.8	2.9	0.0494	0.0280	0.0001	0.0064	-0.5817	60	0.000	55.800000	37.500000	195.70	55.780792	37.639355	175.8	11011
1	2023-04-26	16:41:42	5613.4288	4	0.0108	0.0014	5613.9764	0.9	3.5	0.0459	0.0277	0.0002	0.0062	-0.5817	60	0.000	55.800000	37.500000	195.70	55.781174	37.639484	177.2	11011
1	2023-04-26	16:42:42	5613.4291	4	0.0110	0.0014	5613.9772	-0.1	3.8	0.0471	0.0275	0.0002	0.0060	-0.5817	60	0.000	55.800000	37.500000	195.70	55.781185	37.639324	187.2	11011
1	2023-04-26	16:43:42	5613.4292	4	0.0119	0.0015	5613.9777	1.2	2.9	0.0460	0.0272	0.0001	0.0059	-0.5817	60	0.000	55.800000	37.500000	195.70	55.781212	37.639446	182.9	11011
1	2023-04-26	16:44:42	5613.4278	4	0.0096	0.0012	5613.9770	0.2	2.1	0.0438	0.0269	0.0001	0.0055	-0.5817	60	0.000	55.800000	37.500000	195.70	55.780983	37.639248	189.2	11011
1	2023-04-26	16:45:42	5613.4297	4	0.0124	0.0016	5613.9792	1.1	2.8	0.0460	0.0266	0.0001	0.0055	-0.5817	60	0.000	55.800000	37.500000	195.70	55.780994	37.639343	189.9	11011
1	2023-04-26	16:46:42	5613.4274	4	0.0133	0.0017	5613.9771	1.7	3.0	0.0389	0.0263	0.0002	0.0054	-0.5817	60	0.000	55.800000	37.500000	195.70	55.781105	37.639324	189.4	11011
1	2023-04-26	16:47:42	5613.4299	4	0.0124	0.0016	5613.9802	0.4	3.4	0.0478	0.0261	0.0001	0.0052	-0.5817	60	0.000	55.800000	37.500000	195.70	55.781162	37.639240	189.4	11011
1	2023-04-26	16:48:42	5613.4280	4	0.0102	0.0013	5613.9786	-0.1	3.7	0.0422	0.0258	0.0001	0.0052	-0.5817	60	0.000	55.800000	37.500000	195.70	55.781200	37.639217	190.5	11011
1	2023-04-26	16:49:42	5613.4294	4	0.0119	0.0015	5613.9803	0.2	3.5	0.0421	0.0255	0.0002	0.0051	-0.5817	60	0.000	55.800000	37.500000	195.70	55.781212	37.639267	190.4	11011
1	2023-04-26	16:50:42	5613.4293	4	0.0114	0.0015	5613.9806	0.4	3.8	0.0341	0.0252	0.0002	0.0050	-0.5817	60	0.000	55.800000	37.500000	195.70	55.781105	37.639439	194.4	11011
1	2023-04-26	16:51:42	5613.4302	4	0.0116	0.0015	5613.9820	1.1	3.0	0.0381	0.0249	0.0002	0.0049	-0.5817	60	0.000	55.800000	37.500000	195.70	55.781021	37.639305	193.9	11011
1	2023-04-26	16:52:42	5613.4300	4	0.0104	0.0013	5613.9820	1.2	3.5	0.0391	0.0246	0.0002	0.0049	-0.5817	60	0.000	55.800000	37.500000	195.70	55.781071	37.639572	195.4	11011
1	2023-04-26	16:53:42	5613.4305	4	0.0118	0.0015	5613.9829	0.2	3.8	0.0377	0.0243	0.0002	0.0047	-0.5817	60	0.000	55.800000	37.500000	195.70	55.781105	37.639496	196.0	11011
1	2023-04-26	16:54:42	5613.4300	4	0.0143	0.0018	5613.9828	1.2	3.6	0.0299	0.0241	0.0002	0.0046	-0.5817	60	0.000	55.800000	37.500000	195.70	55.781105	37.639427	196.5	11011
1	2023-04-26	16:55:42	5613.4298	4	0.0119	0.0015	5613.9829	0.5	4.8	0.0363	0.0238	0.0004	0.0045	-0.5817	60	0.000	55.800000	37.500000	195.70	55.781013	37.639450	196.0	11011
1	2023-04-26	16:56:42	5613.4306	4	0.0117	0.0015	5613.9842	1.0	4.6	0.0386	0.0235	0.0003	0.0043	-0.5818	60	0.000	55.800000	37.500000	195.70	55.780994	37.639317	193.1	11011
1	2023-04-26	16:57:42	5613.4296	4	0.0129	0.0017	5613.9835	1.5	4.8	0.0315	0.0232	0.0004	0.0043	-0.5818	60	0.000	55.800000	37.500000	195.70	55.781357	37.638916	192.3	11011
1	2023-04-26	16:58:42	5613.4295	4	0.0099	0.0013	5613.9838	1.1	5.2	0.0332	0.0229	0.0004	0.0042	-0.5818	60	0.000	55.800000	37.500000	195.70	55.781288	37.638973	193.0	11011
1	2023-04-26	16:59:42	5613.4298	4	0.0102	0.0013	5613.9844	1.3	5.4	0.0341	0.0226	0.0005	0.0041	-0.5818	60	0.000	55.800000	37.500000	195.70	55.780994	37.639565	192.5	11011
1	2023-04-26	17:00:42	5613.4295	4	0.0104	0.0013	5613.9844	0.8	5.3	0.0330	0.0223	0.0003	0.0042	-0.5818	60	0.000	55.800000	37.500000	195.70	55.780823	37.639362	191.9	11011
1	2023-04-26	17:01:42	5613.4285	4	0.0084	0.0011	5613.9838	1.2	6.2	0.0368	0.0220	0.0005	0.0040	-0.5818	60	0.000	55.800000	37.500000	195.70	55.781067	37.639370	191.5	11011
1	2023-04-26	17:02:42	5613.4309	4	0.0151	0.0020	5613.9861	2.5	6.9	0.0340	0.0217	0.0007	0.0041	-0.5818	60	0.000	55.800000	37.500000	195.70	55.780819	37.639324	189.5	11011
1	2023-04-26	17:03:42	5613.4283	4	0.0135	0.0017	5613.9841	1.9	7.1	0.0291	0.0214	0.0007	0.0039	-0.5818	60	0.000	55.800000	37.500000	195.70	55.780895	37.639565	189.3	11011
1	2023-04-26	17:04:42	5613.4306	4	0.0105	0.0014	5613.9867	2.2	6.8	0.0329	0.0211	0.0007	0.0039	-0.5818	60	0.000	55.800000	37.500000	195.70	55.780842	37.639248	190.6	11011
1	2023-04-26	17:05:42	5613.4301	4	0.0137	0.0018	5613.9865	2.0	6.4	0.0281	0.0208	0.0006	0.0039	-0.5818	60	0.000	55.800000	37.500000	195.70	55.780907	37.639278	190.7	11011
1	2023-04-26	17:06:42	5613.4300	4	0.0099	0.0013	5613.9868	1.7	6.8	0.0224	0.0205	0.0006	0.0039	-0.5818	60	0.000	55.800000	37.500000	195.70	55.780907	37.639427	190.5	11011
1	2023-04-26	17:07:42	5613.4292	4	0.0100	0.0013	5613.9866	1.8	6.6	0.0298	0.0202	0.0005	0.0037	-0.5818	60	0.000	55.800000	37.500000	195.70	55.780899	37.639317	190.9	11011
1	2023-04-26	17:08:42	5613.4302	4	0.0116	0.0015	5613.9880	2.4	6.8	0.0239	0.0199	0.0007	0.0035	-0.5818	60	0.000	55.800000	37.500000	195.70	55.780285	37.639153	191.2	11011
1	2023-04-26	17:09:42	5613.4305	4	0.0109	0.0014	5613.9885	3.0	6.5	0.0296	0.0196	0.0007	0.0035	-0.5818	60	0.000	55.800000	37.500000	195.70	55.781040	37.639046	192.2	11011
1	2023-04-26	17:10:42	5613.4297	4	0.0112	0.0015	5613.9880	2.7	6.3	0.0245	0.0193	0.0005	0.0037	-0.5818	60	0.000	55.800000	37.500000	195.70	55.781143	37.639114	192.6	11011
1	2023-04-26	17:11:42	5613.4314	4	0.0122	0.0016	5613.9902	1.6	6.4	0.0295	0.0190	0.0005	0.0035	-0.5818	60	0.000	55.800000	37.500000	195.70	55.781109	37.639221	192.7	11011
1	2023-04-26	17:12:42	5613.4312	4	0.0112	0.0014	5613.9902	2.1	5.5	0.0277	0.0187	0.0005	0.0036	-0.5818	60	0.000	55.800000	37.500000	195.70	55.780983	37.639172	193.4	11011
1	2023-04-26	17:13:42	5613.4279	4	0.0122	0.0016	5613.9876	2.7	4.8	0.0310	0.0184	0.0003	0.0034	-0.5818	60	0.000	55.800000	37.500000	195.70	55.780766	37.639374	193.2	11011
1	2023-04-26	17:14:42	5613.4298	4	0.0129	0.0017	5613.9897	1.3	5.7	0.0295	0.0181	0.0005	0.0033	-0.5819	60	0.000	55.800000	37.500000	195.70	55.780880	37.639317	196.3	11011
1	2023-04-26	17:15:42	5613.4313	4	0.0124	0.0016	5613.9916	1.0	4.9	0.0254	0.0178	0.0003	0.0034	-0.5819	60	0.000	55.800000	37.500000	195.70	55.780926	37.639362	196.8	11011
1	2023-04-26	17:16:42	5613.4291	4	0.0110	0.0014	5613.9898	1.2	5.1	0.0219	0.0175	0.0003	0.0033	-0.5819	60	0.000	55.800000	37.500000	195.70	55.780804	37.639317	196.9	11011
1	2023-04-26	17:17:42	5613.4295	4	0.0111	0.0014	5613.9904	2.0	5.3	0.0281	0.0172	0.0004	0.0034	-0.5819	60	0.000	55.800000	37.500000	195.70	55.780972	37.639351	195.6	11011
1	2023-04-26	17:18:42	5613.4293	4	0.0130	0.0017	5613.9909	1.3	5.0	0.0238	0.0169	0.0003	0.0030	-0.5819	60	0.000	55.800000	37.500000	195.70	55.780689	37.639332	193.0	11011
1	2023-04-26	17:19:42	5613.4291	4	0.0114	0.0015	5613.9909	2.2	5.2	0.0228	0.0166	0.0004	0.0031	-0.5819	60	0.000	55.800000	37.500000	195.70	55.780666	37.639370	192.1	11011
1	2023-04-26	17:20:42	5613.4301	4	0.0107	0.0014	5613.9923	2.6	4.7	0.0356	0.0163	0.0003	0.0031	-0.5819	60	0.000	55.800000	37.500000	195.70	55.780926	37.639400	194.6	11011
1	2023-04-26	17:21:42	5613.4292	4	0.0115	0.0015	5613.9913	3.0	5.7	0.0237	0.0160	0.0006	0.0031	-0.5819	60	0.000	55.800000	37.500000	195.70	55.781071	37.639122	196.1	11011
1	2023-04-26	17:22:42	5613.4277	4	0.0129	0.0017	5613.9906	2.8	5.3	0.0280	0.0157	0.0004	0.0029	-0.5819	60	0.000	55.800000	37.500000	195.70	55.780933	37.639095	196.0	11011
1	2023-04-26	17:23:42	5613.4299	4	0.0126	0.0016	5613.9931	2.4	5.3	0.0209	0.0153	0.0005	0.0029	-0.5819	60	0.000	55.800000	37.500000	195.70	55.780659	37.639332	196.0	11011
1	2023-04-26	17:24:42	5613.4302	4	0.0141	0.0018	5613.9935	3.3	6.0	0.0249	0.0150	0.0007	0.0029	-0.5819	60	0.000	55.800000	37.500000	195.70	55.781078	37.639408	195.8	11011
1	2023-04-26	17:25:42	5613.4300	4	0.0141	0.0018	5613.9937	3.7	5.6	0.0283	0.0147	0.0006	0.0029	-0.5819	60	0.000	55.800000	37.500000	195.70	55.781200	37.639191	194.6	11011
1	2023-04-26	17:26:42	5613.4287	4	0.0108	0.0014	5613.9925	3.1	6.6	0.0297	0.0144	0.0006	0.0030	-0.5819	60	0.000	55.800000	37.500000	195.70	55.781143	37.639114	190.9	11011
1	2023-04-26	17:27:42	5613.4297	4	0.0117	0.0015	5613.9940	3.3	6.6	0.0168	0.0141	0.0007	0.0028	-0.5819	60	0.000	55.800000	37.500000	195.70	55.781078	37.639294	190.0	11011
1	2023-04-26	17:28:42	5613.4277	4	0.0106	0.0014	5613.9925	3.5	5.6	0.0267	0.0138	0.0005	0.0029	-0.5819	60	0.000	55.800000	37.500000	195.70	55.781334	37.639420	190.4	11011
1	2023-04-26	17:29:42	5613.4299	4	0.0103	0.0013	5613.9948	4.0	6.2	0.0211	0.0135	0.0007	0.0029	-0.5819	60	0.000	55.800000	37.500000	195.70	55.780666	37.639599	189.2	11011
1	2023-04-26	17:30:42	5613.4284	4	0.0109	0.0014	5613.9938	3.6	6.4	0.0266	0.0132	0.0007	0.0028	-0.5819	60	0.000	55.800000	37.500000	195.70	--	--	--	11011
1	2023-04-26	17:31:42	5613.4304	4	0.0090	0.0012	5613.9960	3.2	6.0	0.0258	0.0128	0.0006	0.0029	-0.5819	60	0.000	55.800000	37.500000	195.70	55.780792	37.639408	188.5	11011
1	2023-04-26	17:32:42	5613.4306	4	0.0118	0.0015	5613.9964	4.1	7.2	0.0150	0.0125	0.0009	0.0027	-0.5820	60	0.000	55.800000	37.500000	195.70	--	--	--	11011
1	2023-04-26	17:33:42	5613.4301	4	0.0112	0.0014	5613.9964	3.2	7.1	0.0253	0.0122	0.0006	0.0028	-0.5820	60	0.000	55.800000	37.500000	195.70	55.780613	37.639408	189.0	11011
1	2023-05-04	05:17:13	5613.2803	4	0.0150	0.0019	5613.9452	3.1	-0.2	-0.0216	-0.0192	0.0001	-0.0027	-0.6431	60	0.000	55.800000	37.500000	195.70	--	--	--	11011
1	2023-05-04	05:18:13	5613.2805	4	0.0188	0.0024	5613.9450	3.6	-0.1	-0.0228	-0.0187	0.0002	-0.0027	-0.6431	60	0.000	55.800000	37.500000	195.70	--	--	--	11011
1	2023-05-04	05:19:13	5613.2802	4	0.0151	0.0019	5613.9442	4.1	0.4	-0.0198	-0.0182	0.0002	-0.0029	-0.6432	60	0.000	55.800000	37.500000	195.70	--	--	--	11011
1	2023-05-04	05:20:13	5613.2796	4	0.0212	0.0027	5613.9431	5.1	0.6	-0.0269	-0.0177	0.0003	-0.0029	-0.6432	60	0.000	55.800000	37.500000	195.70	--	--	--	11011
1	2023-05-04	05:21:13	5613.2804	4	0.0163	0.0021	5613.9433	5.2	0.3	-0.0215	-0.0172	0.0004	-0.0030	-0.6432	60	0.000	55.800000	37.500000	195.70	--	--	--	11011
1	2023-05-04	05:22:13	5613.2806	4	0.0149	0.0019	5613.9432	5.5	-0.4	-0.0293	-0.0167	0.0004	-0.0031	-0.6432	60	0.000	55.800000	37.500000	195.70	--	--	--	11011
1	2023-05-04	05:23:13	5613.2790	4	0.0145	0.0019	5613.9412	6.7	0.1	-0.0281	-0.0162	0.0006	-0.0034	-0.6432	60	0.000	55.800000	37.500000	195.70	--	--	--	11011
1	2023-05-04	05:24:13	5613.2803	4	0.0147	0.0019	5613.9421	5.8	-1.2	-0.0250	-0.0157	0.0004	-0.0033	-0.6432	60	0.000	55.800000	37.500000	195.70	--	--	--	11011
1	2023-05-04	05:25:13	5613.2811	4	0.0158	0.0020	5613.9424	6.6	-0.3	-0.0236	-0.0152	0.0006	-0.0035	-0.6432	60	0.000	55.800000	37.500000	195.70	--	--	--	11011
1	2023-05-04	05:26:13	5613.2799	4	0.0175	0.0023	5613.9410	5.2	0.1	-0.0320	-0.0147	0.0003	-0.0036	-0.6432	60	0.000	55.800000	37.500000	195.70	--	--	--	11011
1	2023-05-04	05:27:13	5613.2804	4	0.0154	0.0020	5613.9405	6.1	-0.1	-0.0236	-0.0142	0.0005	-0.0032	-0.6432	60	0.000	55.800000	37.500000	195.70	--	--	--	11011
1	2023-05-04	05:28:13	5613.2801	4	0.0167	0.0021	5613.9400	5.8	-0.2	-0.0299	-0.0137	0.0004	-0.0034	-0.6432	60	0.000	55.800000	37.500000	195.70	--	--	--	11011
1	2023-05-04	05:29:13	5613.2800	4	0.0159	0.0021	5613.9391	7.0	-0.1	-0.0274	-0.0132	0.0007	-0.0034	-0.6432	60	0.000	55.800000	37.500000	195.70	--	--	--	11011
1	2023-05-04	05:30:13	5613.2802	4	0.0161	0.0021	5613.9386	7.4	1.0	-0.0297	-0.0127	0.0007	-0.0032	-0.6432	60	0.000	55.800000	37.500000	195.70	--	--	--	11011
1	2023-05-04	05:31:13	5613.2801	4	0.0188	0.0024	5613.9382	7.2	0.9	-0.0301	-0.0122	0.0007	-0.0034	-0.6432	60	0.000	55.800000	37.500000	195.70	--	--	--	11011
1	2023-05-04	05:32:13	5613.2808	4	0.0213	0.0027	5613.9382	8.1	0.4	-0.0244	-0.0117	0.0008	-0.0033	-0.6432	60	0.000	55.800000	37.500000	195.70	--	--	--	11011
1	2023-05-04	05:33:13	5613.2797	4	0.0220	0.0028	5613.9366	7.4	1.3	-0.0230	-0.0112	0.0008	-0.0032	-0.6432	60	0.000	55.800000	37.500000	195.70	--	--	--	11011
1	2023-05-04	05:34:13	5613.2809	4	0.0195	0.0025	5613.9374	8.0	1.9	-0.0326	-0.0107	0.0007	-0.0033	-0.6432	60	0.000	55.800000	37.500000	195.70	--	--	--	11011
1	2023-05-04	05:35:13	5613.2805	4	0.0190	0.0024	5613.9361	8.7	1.1	-0.0281	-0.0102	0.0011	-0.0033	-0.6432	60	0.000	55.800000	37.500000	195.70	--	--	--	11011
1	2023-05-04	05:36:13	5613.2798	4	0.0148	0.0019	5613.9354	7.7	0.2	-0.0260	-0.0097	0.0007	-0.0033	-0.6432	60	0.000	55.800000	37.500000	195.70	--	--	--	11011
1	2023-05-04	05:37:13	5613.2809	4	0.0144	0.0019	5613.9358	8.9	0.2	-0.0286	-0.0092	0.0009	-0.0033	-0.6433	60	0.000	55.800000	37.500000	195.70	--	--	--	11011
1	2023-05-04	05:38:13	5613.2789	4	0.0176	0.0023	5613.9334	8.1	1.2	-0.0207	-0.0087	0.0008	-0.0033	-0.6433	60	0.000	55.800000	37.500000	195.70	--	--	--	11011
1	2023-05-04	05:39:13	5613.2806	4	0.0183	0.0024	5613.9346	9.0	0.5	-0.0293	-0.0082	0.0010	-0.0034	-0.6433	60	0.000	55.800000	37.500000	195.70	--	--	--	11011
1	2023-05-04	05:40:13	5613.2777	4	0.0172	0.0022	5613.9313	8.2	0.4	-0.0229	-0.0077	0.0008	-0.0033	-0.6433	60	0.000	55.800000	37.500000	195.70	--	--	--	11011
1	2023-05-04	05:41:13	5613.2799	4	0.0179	0.0023	5613.9331	8.5	0.5	-0.0299	-0.0072	0.0008	-0.0035	-0.6433	60	0.000	55.800000	37.500000	195.70	--	--	--	11011
1	2023-05-04	05:42:13	5613.2795	4	0.0230	0.0030	5613.9321	8.6	0.4	-0.0285	-0.0068	0.0008	-0.0034	-0.6433	60	0.000	55.800000	37.500000	195.70	--	--	--	11011
1	2023-05-04	05:43:13	5613.2791	4	0.0190	0.0024	5613.9309	9.8	0.6	-0.0256	-0.0063	0.0010	-0.0033	-0.6433	60	0.000	55.800000	37.500000	195.70	--	--	--	11011
1	2023-05-04	05:44:13	5613.2797	4	0.0182	0.0023	5613.9311	9.2	0.1	-0.0233	-0.0058	0.0010	-0.0034	-0.6433	60	0.000	55.800000	37.500000	195.70	--	--	--	11011
1	2023-05-04	05:45:13	5613.2802	4	0.0148	0.0019	5613.9309	9.8	-0.7	-0.0287	-0.0053	0.0011	-0.0033	-0.6433	60	0.000	55.800000	37.500000	195.70	--	--	--	11011
1	2023-05-04	05:46:13	5613.2791	4	0.0172	0.0022	5613.9293	9.5	-0.2	-0.0301	-0.0048	0.0011	-0.0033	-0.6433	60	0.000	55.800000	37.500000	195.70	--	--	--	11011
1	2023-05-04	05:47:13	5613.2804	4	0.0179	0.0023	5613.9297	10.6	-0.9	-0.0254	-0.0043	0.0015	-0.0033	-0.6433	60	0.000	55.800000	37.500000	195.70	--	--	--	11011
1	2023-05-04	05:48:13	5613.2792	4	0.0149	0.0019	5613.9287	9.9	-1.1	-0.0246	-0.0038	0.0010	-0.0034	-0.6433	60	0.000	55.800000	37.500000	195.70	--	--	--	11011
1	2023-05-04	05:49:13	5613.2809	4	0.0174	0.0022	5613.9297	10.2	0.2	-0.0327	-0.0033	0.0012	-0.0034	-0.6433	60	0.000	55.800000	37.500000	195.70	--	--	--	11011
1	2023-05-04	05:50:13	5613.2788	4	0.0180	0.0023	5613.9272	9.6	0.2	-0.0219	-0.0028	0.0010	-0.0032	-0.6433	60	0.000	55.800000	37.500000	195.70	--	--	--	11011
1	2023-05-04	05:51:13	5613.2812	4	0.0178	0.0023	5613.9287	10.6	1.0	-0.0306	-0.0023	0.0015	-0.0033	-0.6433	60	0.000	55.800000	37.500000	195.70	--	--	--	11011
1	2023-05-04	05:52:13	5613.2802	4	0.0183	0.0024	5613.9275	9.4	-0.6	-0.0294	-0.0018	0.0011	-0.0032	-0.6433	60	0.000	55.800000	37.500000	195.70	--	--	--	11011
1	2023-05-04	05:53:13	5613.2798	4	0.0148	0.0019	5613.9266	10.6	0.7	-0.0288	-0.0014	0.0014	-0.0034	-0.6433	60	0.000	55.800000	37.500000	195.70	--	--	--	11011
1	2023-05-04	05:54:13	5613.2799	4	0.0191	0.0025	5613.9262	10.3	-0.3	-0.0226	-0.0009	0.0011	-0.0031	-0.6434	60	0.000	55.800000	37.500000	195.70	--	--	--	11011
1	2023-05-04	05:55:13	5613.2796	4	0.0160	0.0021	5613.9252	11.2	1.2	-0.0353	-0.0004	0.0015	-0.0033	-0.6434	60	0.000	55.800000	37.500000	195.70	--	--	--	11011
1	2023-05-04	05:56:13	5613.2791	4	0.0175	0.0023	5613.9243	10.6	0.3	-0.0249	0.0001	0.0014	-0.0034	-0.6434	60	0.000	55.800000	37.500000	195.70	--	--	--	11011
1	2023-05-04	05:57:13	5613.2784	4	0.0152	0.0020	5613.9232	10.0	-0.1	-0.0244	0.0006	0.0012	-0.0032	-0.6434	60	0.000	55.800000	37.500000	195.70	--	--	--	11011
1	2023-05-04	05:58:13	5613.2800	4	0.0198	0.0026	5613.9244	10.2	0.2	-0.0206	0.0011	0.0012	-0.0033	-0.6434	60	0.000	55.800000	37.500000	195.70	--	--	--	11011
1	2023-05-04	05:59:13	5613.2788	4	0.0174	0.0023	5613.9230	10.3	0.5	-0.0228	0.0015	0.0011	-0.0034	-0.6434	60	0.000	55.800000	37.500000	195.70	--	--	--	11011
1	2023-05-04	06:00:13	5613.2788	4	0.0184	0.0024	5613.9222	10.9	-1.2	-0.0243	0.0020	0.0013	-0.0033	-0.6434	60	0.000	55.800000	37.500000	195.70	--	--	--	11011
1	2023-05-04	06:01:13	5613.2789	4	0.0177	0.0023	5613.9216	11.1	-1.0	-0.0235	0.0025	0.0015	-0.0034	-0.6434	60	0.000	55.800000	37.500000	195.70	--	--	--	11011
1	2023-05-04	06:02:13	5613.2796	4	0.0135	0.0017	5613.9215	11.4	-0.1	-0.0246	0.0030	0.0017	-0.0032	-0.6434	60	0.000	55.800000	37.500000	195.70	--	--	--	11011
1	2023-05-04	06:03:13	5613.2793	4	0.0186	0.0024	5613.9212	9.7	-0.0	-0.0242	0.0034	0.0012	-0.0032	-0.6434	60	0.000	55.800000	37.500000	195.70	--	--	--	11011
1	2023-05-04	06:04:13	5613.2804	4	0.0192	0.0025	5613.9217	10.2	-0.5	-0.0265	0.0039	0.0014	-0.0032	-0.6434	60	0.000	55.800000	37.500000	195.70	--	--	--	11011
1	2023-05-04	06:05:13	5613.2813	4	0.0194	0.0025	5613.9219	11.2	-0.1	-0.0270	0.0044	0.0016	-0.0031	-0.6434	60	0.000	55.800000	37.500000	195.70	--	--	--	11011
1	2023-05-04	06:06:13	5613.2787	4	0.0196	0.0025	5613.9194	10.4	-1.4	-0.0226	0.0049	0.0012	-0.0033	-0.6434	60	0.000	55.800000	37.500000	195.70	--	--	--	11011
1	2023-05-04	06:07:13	5613.2803	4	0.0180	0.0023	5613.9200	11.4	-0.9	-0.0208	0.0053	0.0017	-0.0033	-0.6434	60	0.000	55.800000	37.500000	195.70	--	--	--	11011
1	2023-05-04	06:08:13	5613.2804	4	0.0169	0.0022	5613.9197	11.3	-1.1	-0.0267	0.0058	0.0015	-0.0031	-0.6434	60	0.000	55.800000	37.500000	195.70	--	--	--	11011
1	2023-05-04	06:09:13	5613.2792	4	0.0139	0.0018	5613.9178	12.0	-0.5	-0.0263	0.0063	0.0018	-0.0031	-0.6434	60	0.000	55.800000	37.500000	195.70	--	--	--	11011
1	2023-05-04	06:10:13	5613.2801	4	0.0145	0.0019	5613.9181	12.0	-1.1	-0.0264	0.0067	0.0019	-0.0031	-0.6434	60	0.000	55.800000	37.500000	195.70	--	--	--	11011
1	2023-05-04	06:11:13	5613.2798	4	0.0204	0.0026	5613.9177	11.3	-0.1	-0.0248	0.0072	0.0015	-0.0032	-0.6434	60	0.000	55.800000	37.500000	195.70	--	--	--	11011
1	2023-05-04	06:12:13	5613.2808	4	0.0155	0.0020	5613.9183	11.2	-1.0	-0.0245	0.0077	0.0016	-0.0032	-0.6435	60	0.000	55.800000	37.500000	195.70	--	--	--	11011
1	2023-05-04	06:13:13	5613.2804	4	0.0146	0.0019	5613.9172	11.2	-0.1	-0.0307	0.0081	0.0015	-0.0031	-0.6435	60	0.000	55.800000	37.500000	195.70	--	--	--	11011
1	2023-05-04	06:14:13	5613.2817	4	0.0202	0.0026	5613.9175	12.9	-2.0	-0.0293	0.0086	0.0020	-0.0029	-0.6435	60	0.000	55.800000	37.500000	195.70	--	--	--	11011
1	2023-05-04	06:15:13	5613.2804	4	0.0184	0.0024	5613.9156	13.6	-1.0	-0.0235	0.0090	0.0022	-0.0030	-0.6435	60	0.000	55.800000	37.500000	195.70	--	--	--	11011
1	2023-05-04	06:16:13	5613.2803	4	0.0155	0.0020	5613.9157	12.4	-0.9	-0.0273	0.0095	0.0017	-0.0031	-0.6435	60	0.000	55.800000	37.500000	195.70	--	--	--	11011
21	2023-05-04	08:01:14	5590.6878	4	0.0186	0.0024	5591.2833	-0.9	2.9	0.0316	0.0445	0.0001	0.0040	-0.6441	60	0.000	55.800000	37.500000	195.70	55.699539	36.757572	174.4	11011
21	2023-05-04	08:02:14	5590.6892	4	0.0215	0.0028	5591.2853	-0.0	2.9	0.0263	0.0446	0.0001	0.0032	-0.6441	60	0.000	55.800000	37.500000	195.70	55.699589	36.757725	174.8	11011
21	2023-05-04	08:03:14	5590.6890	4	0.0192	0.0025	5591.2855	-0.8	3.1	0.0228	0.0448	0.0002	0.0026	-0.6441	60	0.000	55.800000	37.500000	195.70	55.699482	36.757339	174.9	11011
21	2023-05-04	08:04:14	5590.6896	4	0.0190	0.0024	5591.2868	-1.3	3.3	0.0073	0.0450	0.0002	0.0018	-0.6441	60	0.000	55.800000	37.500000	195.70	55.699795	36.757484	176.4	11011
21	2023-05-04	08:05:14	5590.6887	4	0.0189	0.0024	5591.2863	-1.2	4.8	0.0076	0.0451	0.0003	0.0010	-0.6441	60	0.000	55.800000	37.500000	195.70	55.699463	36.756866	176.8	11011
21	2023-05-04	08:06:14	5590.6880	4	0.0219	0.0028	5591.2862	-1.2	4.4	0.0048	0.0453	0.0002	0.0004	-0.6441	60	0.000	55.800000	37.500000	195.70	55.699806	36.757076	176.9	11011
21	2023-05-04	08:07:14	5590.6896	4	0.0215	0.0028	5591.2878	-1.2	5.6	-0.0012	0.0455	0.0005	-0.0001	-0.6441	60	0.000	55.800000	37.500000	195.70	55.699635	36.757496	177.1	11011
21	2023-05-04	08:08:14	5590.6866	4	0.0202	0.0026	5591.2856	-0.2	5.7	-0.0051	0.0456	0.0004	-0.0009	-0.6441	60	0.000	55.800000	37.500000	195.70	55.699627	36.757759	177.8	11011
21	2023-05-04	08:09:14	5590.6879	4	0.0179	0.0023	5591.2870	0.1	5.4	-0.0177	0.0458	0.0005	-0.0012	-0.6441	60	0.000	55.800000	37.500000	195.70	55.699642	36.757713	183.7	11011
21	2023-05-04	08:10:14	5590.6890	4	0.0198	0.0026	5591.2885	0.2	6.2	-0.0143	0.0459	0.0005	-0.0017	-0.6441	60	0.000	55.800000	37.500000	195.70	55.699776	36.757294	178.1	11011
21	2023-05-04	08:11:14	5590.6890	4	0.0170	0.0022	5591.2889	0.8	5.7	-0.0197	0.0460	0.0004	-0.0022	-0.6441	60	0.000	55.800000	37.500000	195.70	55.699661	36.757439	177.9	11011
21	2023-05-04	08:12:14	5590.6898	4	0.0152	0.0020	5591.2899	0.3	6.3	-0.0258	0.0462	0.0005	-0.0026	-0.6441	60	0.000	55.800000	37.500000	195.70	--	--	--	11011
21	2023-05-04	08:13:14	5590.6901	4	0.0160	0.0021	5591.2906	1.2	6.6	-0.0291	0.0463	0.0006	-0.0032	-0.6441	60	0.000	55.800000	37.500000	195.70	--	--	--	11011
21	2023-05-04	08:14:14	5590.6889	4	0.0169	0.0022	5591.2896	1.5	6.0	-0.0299	0.0464	0.0005	-0.0035	-0.6441	60	0.000	55.800000	37.500000	195.70	--	--	--	11011
21	2023-05-04	08:15:14	5590.6900	4	0.0155	0.0020	5591.2908	1.1	7.3	-0.0319	0.0466	0.0007	-0.0040	-0.6442	60	0.000	55.800000	37.500000	195.70	--	--	--	11011
21	2023-05-04	08:16:14	5590.6885	4	0.0100	0.0013	5591.2896	-0.0	7.9	-0.0324	0.0467	0.0007	-0.0044	-0.6442	60	0.000	55.800000	37.500000	195.70	--	--	--	11011
21	2023-05-04	08:17:14	5590.6896	4	0.0133	0.0017	5591.2911	-0.3	6.4	-0.0377	0.0468	0.0004	-0.0047	-0.6442	60	0.000	55.800000	37.500000	195.70	--	--	--	11011
21	2023-05-04	08:18:14	5590.6900	4	0.0148	0.0019	5591.2916	-0.8	6.8	-0.0367	0.0469	0.0005	-0.0048	-0.6442	60	0.000	55.800000	37.500000	195.70	--	--	--	11011
21	2023-05-04	08:19:14	5590.6892	4	0.0191	0.0025	5591.2910	0.3	6.6	-0.0361	0.0470	0.0005	-0.0052	-0.6442	60	0.000	55.800000	37.500000	195.70	--	--	--	11011
21	2023-05-04	08:20:14	5590.6887	4	0.0198	0.0026	5591.2909	-0.1	6.8	-0.0472	0.0471	0.0005	-0.0056	-0.6442	60	0.000	55.800000	37.500000	195.70	--	--	--	11011
21	2023-05-04	08:21:14	5590.6896	4	0.0217	0.0028	5591.2919	-0.2	6.9	-0.0437	0.0472	0.0006	-0.0059	-0.6442	60	0.000	55.800000	37.500000	195.70	--	--	--	11011
21	2023-05-04	08:22:14	5590.6896	4	0.0248	0.0032	5591.2921	-0.1	7.0	-0.0486	0.0473	0.0006	-0.0062	-0.6442	60	0.000	55.800000	37.500000	195.70	--	--	--	11011
21	2023-05-04	08:23:14	5590.6889	4	0.0171	0.0022	5591.2915	1.0	7.4	-0.0481	0.0474	0.0006	-0.0065	-0.6442	60	0.000	55.800000	37.500000	195.70	--	--	--	11011
21	2023-05-04	08:24:14	5590.6909	4	0.0182	0.0023	5591.2935	0.4	8.3	-0.0606	0.0475	0.0008	-0.0067	-0.6442	60	0.000	55.800000	37.500000	195.70	--	--	--	11011
21	2023-05-04	08:25:14	5590.6897	4	0.0172	0.0022	5591.2924	-1.4	9.0	-0.0565	0.0476	0.0010	-0.0071	-0.6442	60	0.000	55.800000	37.500000	195.70	--	--	--	11011
21	2023-05-04	08:26:14	5590.6907	4	0.0158	0.0020	5591.2938	-0.7	9.0	-0.0673	0.0477	0.0008	-0.0075	-0.6442	60	0.000	55.800000	37.500000	195.70	--	--	--	11011
21	2023-05-04	08:27:14	5590.6896	4	0.0184	0.0024	5591.2929	-0.0	8.3	-0.0619	0.0478	0.0007	-0.0076	-0.6442	60	0.000	55.800000	37.500000	195.70	--	--	--	11011
21	2023-05-04	08:28:14	5590.6892	4	0.0150	0.0019	5591.2928	0.7	7.2	-0.0586	0.0479	0.0005	-0.0078	-0.6442	60	0.000	55.800000	37.500000	195.70	--	--	--	11011
21	2023-05-04	08:29:14	5590.6886	4	0.0164	0.0021	5591.2924	-1.1	7.7	-0.0622	0.0479	0.0007	-0.0082	-0.6442	60	0.000	55.800000	37.500000	195.70	--	--	--	11011
21	2023-05-04	08:30:14	5590.6882	4	0.0137	0.0018	5591.2916	-1.2	9.1	-0.0695	0.0480	0.0009	-0.0081	-0.6442	60	0.000	55.800000	37.500000	195.70	--	--	--	11011
21	2023-05-04	08:31:14	5590.6875	4	0.0208	0.0027	5591.2912	-0.9	8.9	-0.0685	0.0481	0.0011	-0.0086	-0.6442	60	0.000	55.800000	37.500000	195.70	--	--	--	11011
21	2023-05-04	08:32:14	5590.6888	4	0.0174	0.0023	5591.2929	0.7	7.8	-0.0691	0.0481	0.0007	-0.0088	-0.6442	60	0.000	55.800000	37.500000	195.70	--	--	--	11011
21	2023-05-04	08:33:14	5590.6890	4	0.0152	0.0020	5591.2930	0.0	8.1	-0.0766	0.0482	0.0008	-0.0088	-0.6443	60	0.000	55.800000	37.500000	195.70	--	--	--	11011
21	2023-05-04	08:34:14	5590.6888	4	0.0255	0.0033	5591.2930	0.1	8.6	-0.0711	0.0483	0.0009	-0.0090	-0.6443	60	0.000	55.800000	37.500000	195.70	--	--	--	11011
21	2023-05-04	08:35:14	5590.6883	4	0.0156	0.0020	5591.2925	0.1	8.7	-0.0762	0.0483	0.0011	-0.0093	-0.6443	60	0.000	55.800000	37.500000	195.70	--	--	--	11011
21	2023-05-04	08:36:14	5590.6883	4	0.0166	0.0021	5591.2927	1.0	9.9	-0.0793	0.0484	0.0012	-0.0096	-0.6443	60	0.000	55.800000	37.500000	195.70	--	--	--	11011
21	2023-05-04	08:37:14	5590.6875	4	0.0196	0.0025	5591.2924	1.5	8.6	-0.0749	0.0484	0.0008	-0.0098	-0.6443	60	0.000	55.800000	37.500000	195.70	--	--	--	11011
21	2023-05-04	08:38:14	5590.6890	4	0.0149	0.0019	5591.2939	1.4	8.6	-0.0797	0.0484	0.0009	-0.0100	-0.6443	60	0.000	55.800000	37.500000	195.70	--	--	--	11011
21	2023-05-04	08:39:14	5590.6883	4	0.0228	0.0029	5591.2936	1.4	7.8	-0.0821	0.0485	0.0007	-0.0101	-0.6443	60	0.000	55.800000	37.500000	195.70	--	--	--	11011
21	2023-05-04	08:40:14	5590.6870	4	0.0230	0.0030	5591.2922	-0.3	8.9	-0.0829	0.0485	0.0009	-0.0104	-0.6443	60	0.000	55.800000	37.500000	195.70	--	--	--	11011
21	2023-05-04	08:41:14	5590.6897	4	0.0185	0.0024	5591.2951	-0.2	8.3	-0.0835	0.0485	0.0009	-0.0106	-0.6443	60	0.000	55.800000	37.500000	195.70	--	--	--	11011
21	2023-05-04	08:42:14	5590.6907	4	0.0208	0.0027	5591.2962	0.1	8.5	-0.0849	0.0486	0.0009	-0.0107	-0.6443	60	0.000	55.800000	37.500000	195.70	--	--	--	11011
21	2023-05-04	08:43:14	5590.6893	4	0.0154	0.0020	5591.2948	1.4	8.6	-0.0871	0.0486	0.0010	-0.0108	-0.6443	60	0.000	55.800000	37.500000	195.70	--	--	--	11011
21	2023-05-04	08:44:14	5590.6891	4	0.0150	0.0019	5591.2948	1.6	9.6	-0.0923	0.0486	0.0010	-0.0110	-0.6443	60	0.000	55.800000	37.500000	195.70	--	--	--	11011
21	2023-05-04	08:45:14	5590.6894	4	0.0178	0.0023	5591.2946	0.8	11.0	-0.0872	0.0486	0.0015	-0.0111	-0.6443	60	0.000	55.800000	37.500000	195.70	--	--	--	11011
21	2023-05-04	08:46:14	5590.6892	4	0.0181	0.0023	5591.2950	0.5	9.2	-0.0861	0.0486	0.0011	-0.0112	-0.6443	60	0.000	55.800000	37.500000	195.70	--	--	--	11011
21	2023-05-04	08:47:14	5590.6878	4	0.0150	0.0019	5591.2938	-1.4	9.3	-0.0934	0.0486	0.0010	-0.0113	-0.6443	60	0.000	55.800000	37.500000	195.70	--	--	--	11011
21	2023-05-04	08:48:14	5590.6878	4	0.0192	0.0025	5591.2943	-0.6	8.2	-0.0944	0.0486	0.0008	-0.0116	-0.6443	60	0.000	55.800000	37.500000	195.70	--	--	--	11011
21	2023-05-04	08:49:14	5590.6897	4	0.0177	0.0023	5591.2961	0.1	8.9	-0.0958	0.0486	0.0009	-0.0116	-0.6443	60	0.000	55.800000	37.500000	195.70	--	--	--	11011
21	2023-05-04	08:50:14	5590.6889	4	0.0181	0.0023	5591.2955	-0.3	9.5	-0.0941	0.0486	0.0010	-0.0119	-0.6444	60	0.000	55.800000	37.500000	195.70	--	--	--	11011
21	2023-05-04	08:51:14	5590.6894	4	0.0235	0.0030	5591.2960	0.2	9.0	-0.0870	0.0486	0.0010	-0.0119	-0.6444	60	0.000	55.800000	37.500000	195.70	--	--	--	11011
21	2023-05-04	08:52:14	5590.6892	4	0.0194	0.0025	5591.2960	0.1	8.7	-0.0956	0.0486	0.0010	-0.0120	-0.6444	60	0.000	55.800000	37.500000	195.70	--	--	--	11011
21	2023-05-04	08:53:14	5590.6882	4	0.0223	0.0029	5591.2951	0.3	9.5	-0.0973	0.0486	0.0010	-0.0122	-0.6444	60	0.000	55.800000	37.500000	195.70	--	--	--	11011
21	2023-05-04	08:54:14	5590.6898	4	0.0197	0.0025	5591.2968	-0.3	9.6	-0.1008	0.0486	0.0011	-0.0123	-0.6444	60	0.000	55.800000	37.500000	195.70	--	--	--	11011
21	2023-05-04	08:55:14	5590.6885	4	0.0209	0.0027	5591.2957	1.1	9.6	-0.1005	0.0486	0.0011	-0.0124	-0.6444	60	0.000	55.800000	37.500000	195.70	--	--	--	11011
21	2023-05-04	08:56:14	5590.6912	4	0.0177	0.0023	5591.2982	1.6	9.6	-0.1045	0.0485	0.0012	-0.0124	-0.6444	60	0.000	55.800000	37.500000	195.70	--	--	--	11011
21	2023-05-04	08:57:14	5590.6884	4	0.0151	0.0020	5591.2954	1.2	10.5	-0.1045	0.0485	0.0014	-0.0125	-0.6444	60	0.000	55.800000	37.500000	195.70	--	--	--	11011
21	2023-05-04	08:58:14	5590.6886	4	0.0220	0.0028	5591.2961	1.9	10.0	-0.0978	0.0485	0.0011	-0.0127	-0.6444	60	0.000	55.800000	37.500000	195.70	--	--	--	11011
21	2023-05-04	08:59:14	5590.6884	4	0.0179	0.0023	5591.2958	2.1	10.3	-0.1031	0.0484	0.0013	-0.0127	-0.6444	60	0.000	55.800000	37.500000	195.70	--	--	--	11011
21	2023-05-04	09:00:14	5590.6905	4	0.0228	0.0029	5591.2982	2.4	10.3	-0.1032	0.0484	0.0012	-0.0129	-0.6444	60	0.000	55.800000	37.500000	195.70	--	--	--	11011
61	2023-05-04	11:01:10	5644.9005	4	0.0284	0.0037	5645.5234	1.9	0.9	0.0326	0.0182	0.0001	0.0039	-0.6451	60	0.000	55.800000	37.500000	195.70	56.028706	37.231045	216.7	11011
61	2023-05-04	11:02:10	5644.9026	4	0.0233	0.0030	5645.5263	2.2	0.9	0.0201	0.0178	0.0001	0.0036	-0.6451	60	0.000	55.800000	37.500000	195.70	56.028542	37.230301	217.4	11011
61	2023-05-04	11:03:10	5644.9023	4	0.0178	0.0023	5645.5267	1.6	-0.1	0.0266	0.0173	0.0001	0.0033	-0.6451	60	0.000	55.800000	37.500000	195.70	56.028572	37.229588	219.4	11011
61	2023-05-04	11:04:10	5644.9036	4	0.0251	0.0032	5645.5285	1.4	1.3	0.0296	0.0169	0.0001	0.0032	-0.6451	60	0.000	55.800000	37.500000	195.70	--	--	--	11011
61	2023-05-04	11:05:10	5644.9016	4	0.0214	0.0028	5645.5271	0.8	-0.4	0.0266	0.0165	0.0000	0.0031	-0.6451	60	0.000	55.800000	37.500000	195.70	56.028419	37.231094	210.3	11011
61	2023-05-04	11:06:10	5644.9013	4	0.0201	0.0026	5645.5274	-0.5	-0.0	0.0203	0.0161	0.0000	0.0030	-0.6451	60	0.000	55.800000	37.500000	195.70	56.028603	37.230751	205.9	11011
61	2023-05-04	11:07:10	5644.9028	4	0.0253	0.0033	5645.5296	0.9	1.3	0.0185	0.0156	0.0001	0.0027	-0.6451	60	0.000	55.800000	37.500000	195.70	56.028637	37.230743	204.4	11011
61	2023-05-04	11:08:10	5644.9019	4	0.0174	0.0022	5645.5290	1.6	1.1	0.0233	0.0152	0.0001	0.0026	-0.6451	60	0.000	55.800000	37.500000	195.70	56.028736	37.230282	205.6	11011
61	2023-05-04	11:09:10	5644.9028	4	0.0183	0.0024	5645.5308	0.7	1.2	0.0204	0.0148	0.0000	0.0024	-0.6451	60	0.000	55.800000	37.500000	195.70	56.028725	37.230133	206.2	11011
61	2023-05-04	11:10:10	5644.9031	4	0.0231	0.0030	5645.5315	1.2	0.5	0.0144	0.0143	0.0001	0.0024	-0.6451	60	0.000	55.800000	37.500000	195.70	56.028744	37.231197		11011
61	2023-05-04	11:11:10	5644.9015	4	0.0165	0.0021	5645.5301	-0.6	2.0	0.0151	0.0139	0.0001	0.0026	-0.6452	60	0.000	55.800000	37.500000	195.70	--	--	--	11011
61	2023-05-04	11:12:10	5644.9011	4	0.0270	0.0035	5645.5305	0.5	1.0	0.0185	0.0134	0.0000	0.0022	-0.6452	60	0.000	55.800000	37.500000	195.70	--	--	--	11011
61	2023-05-04	11:13:10	5644.9032	4	0.0169	0.0022	5645.5332	0.3	1.9	0.0196	0.0130	0.0001	0.0021	-0.6452	60	0.000	55.800000	37.500000	195.70	--	--	--	11011
61	2023-05-04	11:14:10	5644.9031	4	0.0184	0.0024	5645.5335	0.7	1.2	0.0171	0.0126	0.0000	0.0021	-0.6452	60	0.000	55.800000	37.500000	195.70	--	--	--	11011
61	2023-05-04	11:15:10	5644.9023	4	0.0171	0.0022	5645.5334	0.3	0.7	0.0202	0.0121	0.0000	0.0019	-0.6452	60	0.000	55.800000	37.500000	195.70	--	--	--	11011
61	2023-05-04	11:16:10	5644.9034	4	0.0171	0.0022	5645.5348	0.5	1.4	0.0142	0.0117	0.0000	0.0021	-0.6452	60	0.000	55.800000	37.500000	195.70	--	--	--	11011
61	2023-05-04	11:17:10	5644.9029	4	0.0259	0.0033	5645.5349	0.6	2.2	0.0189	0.0112	0.0001	0.0019	-0.6452	60	0.000	55.800000	37.500000	195.70	--	--	--	11011
61	2023-05-04	11:18:10	5644.9023	4	0.0219	0.0028	5645.5347	1.7	1.2	0.0150	0.0108	0.0001	0.0019	-0.6452	60	0.000	55.800000	37.500000	195.70	--	--	--	11011
61	2023-05-04	11:19:10	5644.9021	4	0.0200	0.0026	5645.5350	2.1	1.8	0.0076	0.0103	0.0001	0.0018	-0.6452	60	0.000	55.800000	37.500000	195.70	--	--	--	11011
61	2023-05-04	11:20:10	5644.9028	4	0.0219	0.0028	5645.5363	0.6	2.2	0.0142	0.0099	0.0001	0.0017	-0.6452	60	0.000	55.800000	37.500000	195.70	--	--	--	11011
61	2023-05-04	11:21:10	5644.9044	4	0.0162	0.0021	5645.5384	-0.4	3.6	0.0110	0.0094	0.0002	0.0016	-0.6452	60	0.000	55.800000	37.500000	195.70	--	--	--	11011
61	2023-05-04	11:22:10	5644.9028	4	0.0142	0.0018	5645.5373	0.4	3.7	0.0144	0.0090	0.0002	0.0016	-0.6452	60	0.000	55.800000	37.500000	195.70	--	--	--	11011
61	2023-05-04	11:23:10	5644.9031	4	0.0222	0.0029	5645.5382	1.1	3.4	0.0075	0.0085	0.0002	0.0014	-0.6452	60	0.000	55.800000	37.500000	195.70	--	--	--	11011
61	2023-05-04	11:24:10	5644.9025	4	0.0207	0.0027	5645.5382	0.5	3.8	0.0106	0.0081	0.0002	0.0013	-0.6452	60	0.000	55.800000	37.500000	195.70	56.028629	37.230694	201.9	11011
61	2023-05-04	11:25:10	5644.9032	4	0.0215	0.0028	5645.5393	-0.1	4.2	0.0044	0.0076	0.0002	0.0013	-0.6452	60	0.000	55.800000	37.500000	195.70	56.028851	37.231102	203.3	11011
61	2023-05-04	11:26:10	5644.9035	4	0.0230	0.0030	5645.5400	-1.3	4.0	0.0151	0.0071	0.0002	0.0014	-0.6452	60	0.000	55.800000	37.500000	195.70	56.028637	37.230667	202.3	11011
61	2023-05-04	11:27:10	5644.9028	4	0.0182	0.0024	5645.5400	-0.2	4.3	0.0010	0.0067	0.0002	0.0012	-0.6452	60	0.000	55.800000	37.500000	195.70	56.028603	37.230694	203.0	11011
61	2023-05-04	11:28:10	5644.9029	4	0.0153	0.0020	5645.5404	-0.2	4.6	0.0061	0.0062	0.0003	0.0012	-0.6452	60	0.000	55.800000	37.500000	195.70	56.029278	37.230656	202.3	11011
61	2023-05-04	11:29:10	5644.9011	4	0.0196	0.0025	5645.5392	0.3	5.0	0.0113	0.0057	0.0003	0.0011	-0.6453	60	0.000	55.800000	37.500000	195.70	--	--	--	11011
61	2023-05-04	11:30:10	5644.9022	4	0.0179	0.0023	5645.5408	-0.6	4.2	0.0142	0.0053	0.0002	0.0011	-0.6453	60	0.000	55.800000	37.500000	195.70	56.028751	37.228844	196.2	11011
61	2023-05-04	11:31:10	5644.9029	4	0.0271	0.0035	5645.5422	-0.9	3.4	0.0083	0.0048	0.0002	0.0010	-0.6453	60	0.000	55.800000	37.500000	195.70	--	--	--	11011
61	2023-05-04	11:32:10	5644.9023	4	0.0191	0.0025	5645.5421	-0.3	4.6	0.0023	0.0043	0.0003	0.0008	-0.6453	60	0.000	55.800000	37.500000	195.70	--	--	--	11011
61	2023-05-04	11:33:10	5644.9021	4	0.0233	0.0030	5645.5424	0.0	4.2	0.0050	0.0039	0.0003	0.0009	-0.6453	60	0.000	55.800000	37.500000	195.70	--	--	--	11011
61	2023-05-04	11:34:10	5644.9038	4	0.0263	0.0034	5645.5446	-0.1	4.3	0.0017	0.0034	0.0002	0.0008	-0.6453	60	0.000	55.800000	37.500000	195.70	--	--	--	11011
61	2023-05-04	11:35:10	5644.9034	4	0.0210	0.0027	5645.5448	1.2	4.0	0.0057	0.0029	0.0002	0.0007	-0.6453	60	0.000	55.800000	37.500000	195.70	--	--	--	11011
61	2023-05-04	11:36:10	5644.9025	4	0.0224	0.0029	5645.5444	1.1	4.4	0.0016	0.0025	0.0003	0.0007	-0.6453	60	0.000	55.800000	37.500000	195.70	--	--	--	11011
61	2023-05-04	11:37:10	5644.9014	4	0.0202	0.0026	5645.5437	2.0	5.8	0.0064	0.0020	0.0004	0.0006	-0.6453	60	0.000	55.800000	37.500000	195.70	--	--	--	11011
61	2023-05-04	11:38:10	5644.9032	4	0.0219	0.0028	5645.5462	1.9	4.8	-0.0002	0.0015	0.0004	0.0005	-0.6453	60	0.000	55.800000	37.500000	195.70	--	--	--	11011
61	2023-05-04	11:39:10	5644.9024	4	0.0182	0.0024	5645.5458	0.3	5.4	0.0100	0.0010	0.0004	0.0005	-0.6453	60	0.000	55.800000	37.500000	195.70	--	--	--	11011
61	2023-05-04	11:40:10	5644.9040	4	0.0203	0.0026	5645.5480	0.3	5.0	0.0003	0.0006	0.0003	0.0006	-0.6453	60	0.000	55.800000	37.500000	195.70	56.028980	37.230572	234.7	11011
61	2023-05-04	11:41:10	5644.9005	4	0.0210	0.0027	5645.5448	-0.6	5.3	0.0079	0.0001	0.0004	0.0005	-0.6453	60	0.000	55.800000	37.500000	195.70	56.028706	37.230915	210.3	11011
61	2023-05-04	11:42:10	5644.9025	4	0.0174	0.0023	5645.5473	-0.8	6.1	0.0037	-0.0004	0.0005	0.0004	-0.6453	60	0.000	55.800000	37.500000	195.70	--	--	--	11011
61	2023-05-04	11:43:10	5644.9018	4	0.0171	0.0022	5645.5470	-0.4	5.7	0.0041	-0.0009	0.0005	0.0005	-0.6453	60	0.000	55.800000	37.500000	195.70	--	--	--	11011
61	2023-05-04	11:44:10	5644.9034	4	0.0224	0.0029	5645.5490	1.0	6.9	0.0029	-0.0014	0.0006	0.0005	-0.6453	60	0.000	55.800000	37.500000	195.70	--	--	--	11011
61	2023-05-04	11:45:10	5644.9038	4	0.0216	0.0028	5645.5502	1.1	5.5	0.0055	-0.0019	0.0003	0.0005	-0.6453	60	0.000	55.800000	37.500000	195.70	56.028534	37.230305	200.4	11011
61	2023-05-04	11:46:10	5644.9037	4	0.0191	0.0025	5645.5504	0.1	5.4	0.0037	-0.0023	0.0004	0.0006	-0.6453	60	0.000	55.800000	37.500000	195.70	56.028782	37.231857	200.8	11011
61	2023-05-04	11:47:10	5644.9030	4	0.0194	0.0025	5645.5505	-0.5	5.1	0.0022	-0.0028	0.0003	0.0004	-0.6454	60	0.000	55.800000	37.500000	195.70	--	--	--	11011
61	2023-05-04	11:48:10	5644.9037	4	0.0204	0.0026	5645.5515	-0.7	5.7	0.0073	-0.0033	0.0004	0.0005	-0.6454	60	0.000	55.800000	37.500000	195.70	--	--	--	11011
61	2023-05-04	11:49:10	5644.9017	4	0.0227	0.0029	5645.5501	-0.4	5.3	-0.0003	-0.0038	0.0003	0.0004	-0.6454	60	0.000	55.800000	37.500000	195.70	--	--	--	11011
61	2023-05-04	11:50:10	5644.9019	4	0.0184	0.0024	5645.5506	0.4	5.9	0.0025	-0.0043	0.0005	0.0005	-0.6454	60	0.000	55.800000	37.500000	195.70	--	--	--	11011
61	2023-05-04	11:51:10	5644.9037	4	0.0242	0.0031	5645.5531	0.3	5.0	0.0081	-0.0048	0.0004	0.0003	-0.6454	60	0.000	55.800000	37.500000	195.70	--	--	--	11011
61	2023-05-04	11:52:10	5644.9032	4	0.0270	0.0035	5645.5533	1.4	4.2	0.0016	-0.0053	0.0002	0.0004	-0.6454	60	0.000	55.800000	37.500000	195.70	--	--	--	11011
61	2023-05-04	11:53:10	5644.9031	4	0.0197	0.0025	5645.5538	0.5	3.5	0.0004	-0.0057	0.0002	0.0003	-0.6454	60	0.000	55.800000	37.500000	195.70	--	--	--	11011
61	2023-05-04	11:54:10	5644.9034	4	0.0192	0.0025	5645.5546	0.0	3.0	-0.0013	-0.0062	0.0001	0.0003	-0.6454	60	0.000	55.800000	37.500000	195.70	--	--	--	11011
61	2023-05-04	11:55:10	5644.9025	4	0.0252	0.0033	5645.5542	0.5	4.4	-0.0006	-0.0067	0.0003	0.0001	-0.6454	60	0.000	55.800000	37.500000	195.70	--	--	--	11011
61	2023-05-04	11:56:10	5644.9027	4	0.0234	0.0030	5645.5548	0.8	5.1	-0.0001	-0.0072	0.0004	0.0001	-0.6454	60	0.000	55.800000	37.500000	195.70	--	--	--	11011
61	2023-05-04	11:57:10	5644.9024	4	0.0209	0.0027	5645.5552	1.5	3.8	-0.0003	-0.0077	0.0002	0.0001	-0.6454	60	0.000	55.800000	37.500000	195.70	--	--	--	11011
61	2023-05-04	11:58:10	5644.9024	4	0.0269	0.0035	5645.5555	1.6	5.9	-0.0043	-0.0082	0.0005	-0.0000	-0.6454	60	0.000	55.800000	37.500000	195.70	--	--	--	11011
61	2023-05-04	11:59:10	5644.9031	4	0.0182	0.0024	5645.5566	1.1	5.9	-0.0069	-0.0087	0.0005	0.0001	-0.6454	60	0.000	55.800000	37.500000	195.70	--	--	--	11011
61	2023-05-04	12:00:10	5644.9026	4	0.0164	0.0021	5645.5567	-0.1	5.5	0.0014	-0.0092	0.0004	0.0001	-0.6454	60	0.000	55.800000	37.500000	195.70	--	--	--	11011
21	2023-05-04	13:42:09	5590.6846	4	0.0222	0.0029	5591.3781	-1.9	-0.9	0.0841	-0.0573	0.0001	0.0098	-0.6460	60	0.000	55.800000	37.500000	195.70	55.700577	36.757114	178.5	11011
21	2023-05-04	13:43:09	5590.6847	4	0.0201	0.0026	5591.3792	-2.6	-0.6	0.0679	-0.0577	0.0001	0.0092	-0.6460	60	0.000	55.800000	37.500000	195.70	55.699558	36.757656	178.7	11011
21	2023-05-04	13:44:09	5590.6852	4	0.0184	0.0024	5591.3809	-3.1	0.7	0.0575	-0.0581	0.0001	0.0083	-0.6460	60	0.000	55.800000	37.500000	195.70	55.699379	36.755989	179.1	11011
21	2023-05-04	13:45:09	5590.6851	4	0.0214	0.0028	5591.3822	-1.8	0.0	0.0573	-0.0585	0.0001	0.0074	-0.6460	60	0.000	55.800000	37.500000	195.70	55.699528	36.755814	180.1	11011
21	2023-05-04	13:46:09	5590.6863	4	0.0178	0.0023	5591.3845	-1.6	0.6	0.0594	-0.0589	0.0001	0.0067	-0.6460	60	0.000	55.800000	37.500000	195.70	55.699577	36.757771	179.9	11011
21	2023-05-04	13:47:09	5590.6856	4	0.0207	0.0027	5591.3852	-0.9	1.9	0.0392	-0.0593	0.0000	0.0057	-0.6460	60	0.000	55.800000	37.500000	195.70	55.699558	36.757790	179.9	11011
21	2023-05-04	13:48:09	5590.6846	4	0.0147	0.0019	5591.3852	-0.5	2.8	0.0353	-0.0597	0.0001	0.0051	-0.6460	60	0.000	55.800000	37.500000	195.70	55.699425	36.757763	179.8	11011
21	2023-05-04	13:49:09	5590.6851	4	0.0163	0.0021	5591.3870	-0.5	2.6	0.0330	-0.0601	0.0001	0.0041	-0.6460	60	0.000	55.800000	37.500000	195.70	55.699577	36.757706	184.7	11011
21	2023-05-04	13:50:09	5590.6859	4	0.0177	0.0023	5591.3888	-0.7	3.0	0.0287	-0.0605	0.0001	0.0036	-0.6461	60	0.000	55.800000	37.500000	195.70	55.699551	36.757542	181.0	11011
21	2023-05-04	13:51:09	5590.6851	4	0.0250	0.0032	5591.3891	-1.3	3.6	0.0134	-0.0609	0.0002	0.0029	-0.6461	60	0.000	55.800000	37.500000	195.70	55.699570	36.757599	183.1	11011
21	2023-05-04	13:52:09	5590.6841	4	0.0220	0.0028	5591.3892	-0.9	4.0	0.0061	-0.0613	0.0002	0.0020	-0.6461	60	0.000	55.800000	37.500000	195.70	55.699665	36.757835	187.9	11011
21	2023-05-04	13:53:09	5590.6849	4	0.0175	0.0023	5591.3909	-0.9	4.7	0.0052	-0.0617	0.0003	0.0015	-0.6461	60	0.000	55.800000	37.500000	195.70	55.699635	36.757702	192.8	11011
21	2023-05-04	13:54:09	5590.6844	4	0.0153	0.0020	5591.3911	-1.2	6.5	0.0016	-0.0621	0.0006	0.0009	-0.6461	60	0.000	55.800000	37.500000	195.70	55.699356	36.757572	192.8	11011
21	2023-05-04	13:55:09	5590.6873	4	0.0163	0.0021	5591.3950	-0.3	6.0	-0.0001	-0.0625	0.0004	0.0004	-0.6461	60	0.000	55.800000	37.500000	195.70	55.699490	36.757454	193.1	11011
21	2023-05-04	13:56:09	5590.6853	4	0.0201	0.0026	5591.3938	-0.1	6.4	-0.0104	-0.0628	0.0005	-0.0001	-0.6461	60	0.000	55.800000	37.500000	195.70	--	--	--	11011
21	2023-05-04	13:57:09	5590.6855	4	0.0211	0.0027	5591.3947	-1.6	7.0	-0.0081	-0.0632	0.0007	-0.0006	-0.6461	60	0.000	55.800000	37.500000	195.70	55.699539	36.757713	194.4	11011
21	2023-05-04	13:58:09	5590.6861	4	0.0245	0.0032	5591.3964	-1.9	6.3	-0.0198	-0.0636	0.0005	-0.0012	-0.6461	60	0.000	55.800000	37.500000	195.70	55.699558	36.757771	190.1	11011
21	2023-05-04	13:59:09	5590.6859	4	0.0198	0.0026	5591.3972	-3.0	5.3	-0.0150	-0.0640	0.0005	-0.0017	-0.6461	60	0.000	55.800000	37.500000	195.70	55.699471	36.757706	187.6	11011
21	2023-05-04	14:00:09	5590.6861	4	0.0176	0.0023	5591.3982	-1.8	5.5	-0.0144	-0.0643	0.0005	-0.0021	-0.6461	60	0.000	55.800000	37.500000	195.70	55.699356	36.757587	188.1	11011
21	2023-05-04	14:01:09	5590.6861	4	0.0148	0.0019	5591.3990	-0.7	5.3	-0.0145	-0.0647	0.0003	-0.0024	-0.6461	60	0.000	55.800000	37.500000	195.70	55.699348	36.757744	185.6	11011
21	2023-05-04	14:02:09	5590.6849	4	0.0204	0.0026	5591.3987	0.2	4.6	-0.0222	-0.0651	0.0003	-0.0028	-0.6461	60	0.000	55.800000	37.500000	195.70	55.699387	36.757675	185.2	11011
21	2023-05-04	14:03:09	5590.6857	4	0.0183	0.0024	5591.4000	0.5	6.2	-0.0257	-0.0654	0.0005	-0.0032	-0.6461	60	0.000	55.800000	37.500000	195.70	55.699253	36.757668	184.3	11011
21	2023-05-04	14:04:09	5590.6854	4	0.0172	0.0022	5591.4005	0.2	6.3	-0.0316	-0.0658	0.0004	-0.0036	-0.6461	60	0.000	55.800000	37.500000	195.70	55.699398	36.757618	183.1	11011
21	2023-05-04	14:05:09	5590.6852	4	0.0167	0.0022	5591.4009	-0.2	6.4	-0.0366	-0.0662	0.0006	-0.0040	-0.6461	60	0.000	55.800000	37.500000	195.70	55.699455	36.757725	183.3	11011
21	2023-05-04	14:06:09	5590.6864	4	0.0202	0.0026	5591.4028	-0.0	6.5	-0.0396	-0.0665	0.0005	-0.0042	-0.6461	60	0.000	55.800000	37.500000	195.70	55.699455	36.757744	182.8	11011
21	2023-05-04	14:07:09	5590.6864	4	0.0127	0.0016	5591.4032	0.7	7.0	-0.0378	-0.0669	0.0006	-0.0044	-0.6461	60	0.000	55.800000	37.500000	195.70	55.699291	36.757675	183.8	11011
21	2023-05-04	14:08:09	5590.6864	4	0.0212	0.0027	5591.4039	1.0	6.9	-0.0414	-0.0672	0.0007	-0.0049	-0.6462	60	0.000	55.800000	37.500000	195.70	55.699223	36.758038	183.7	11011
21	2023-05-04	14:09:09	5590.6848	4	0.0180	0.0023	5591.4031	-0.2	7.0	-0.0416	-0.0676	0.0006	-0.0052	-0.6462	60	0.000	55.800000	37.500000	195.70	55.699387	36.757732	183.6	11011
21	2023-05-04	14:10:09	5590.6842	4	0.0202	0.0026	5591.4028	0.0	7.7	-0.0470	-0.0679	0.0008	-0.0054	-0.6462	60	0.000	55.800000	37.500000	195.70	--	--	--	11011
21	2023-05-04	14:11:09	5590.6856	4	0.0226	0.0029	5591.4051	-0.7	7.3	-0.0431	-0.0683	0.0006	-0.0057	-0.6462	60	0.000	55.800000	37.500000	195.70	55.699615	36.757587	183.5	11011
21	2023-05-04	14:12:09	5590.6849	4	0.0153	0.0020	5591.4052	-0.1	6.3	-0.0473	-0.0686	0.0005	-0.0060	-0.6462	60	0.000	55.800000	37.500000	195.70	55.699184	36.757339	184.0	11011
21	2023-05-04	14:13:09	5590.6840	4	0.0168	0.0022	5591.4049	-0.5	7.1	-0.0520	-0.0690	0.0007	-0.0064	-0.6462	60	0.000	55.800000	37.500000	195.70	--	--	--	11011
21	2023-05-04	14:14:09	5590.6854	4	0.0174	0.0022	5591.4067	-1.9	6.7	-0.0539	-0.0693	0.0006	-0.0063	-0.6462	60	0.000	55.800000	37.500000	195.70	--	--	--	11011
21	2023-05-04	14:15:09	5590.6870	4	0.0195	0.0025	5591.4089	-2.2	7.5	-0.0507	-0.0696	0.0008	-0.0068	-0.6462	60	0.000	55.800000	37.500000	195.70	--	--	--	11011
21	2023-05-04	14:16:09	5590.6848	4	0.0215	0.0028	5591.4072	-0.7	7.3	-0.0561	-0.0700	0.0007	-0.0070	-0.6462	60	0.000	55.800000	37.500000	195.70	55.699184	36.757645	184.1	11011
21	2023-05-04	14:17:09	5590.6864	4	0.0177	0.0023	5591.4094	-1.3	7.1	-0.0513	-0.0703	0.0007	-0.0072	-0.6462	60	0.000	55.800000	37.500000	195.70	55.699299	36.758133	184.1	11011
21	2023-05-04	14:18:09	5590.6855	4	0.0180	0.0023	5591.4091	-1.1	7.8	-0.0520	-0.0706	0.0007	-0.0074	-0.6462	60	0.000	55.800000	37.500000	195.70	55.699318	36.757771	184.1	11011
21	2023-05-04	14:19:09	5590.6869	4	0.0162	0.0021	5591.4108	-2.0	8.4	-0.0676	-0.0710	0.0010	-0.0077	-0.6462	60	0.000	55.800000	37.500000	195.70	55.699234	36.758183	184.1	11011
21	2023-05-04	14:20:09	5590.6863	4	0.0156	0.0020	5591.4110	-1.9	7.4	-0.0649	-0.0713	0.0007	-0.0078	-0.6462	60	0.000	55.800000	37.500000	195.70	55.699493	36.757591	184.1	11011
21	2023-05-04	14:21:09	5590.6865	4	0.0204	0.0026	5591.4120	-1.5	7.4	-0.0728	-0.0716	0.0007	-0.0083	-0.6462	60	0.000	55.800000	37.500000	195.70	55.699501	36.757771	184.1	11011
21	2023-05-04	14:22:09	5590.6862	4	0.0190	0.0025	5591.4117	-1.9	8.5	-0.0724	-0.0719	0.0010	-0.0084	-0.6462	60	0.000	55.800000	37.500000	195.70	--	--	--	11011
21	2023-05-04	14:23:09	5590.6855	4	0.0228	0.0029	5591.4117	0.5	8.3	-0.0770	-0.0722	0.0008	-0.0085	-0.6462	60	0.000	55.800000	37.500000	195.70	--	--	--	11011
21	2023-05-04	14:24:09	5590.6864	4	0.0190	0.0025	5591.4129	0.7	9.4	-0.0707	-0.0726	0.0011	-0.0088	-0.6462	60	0.000	55.800000	37.500000	195.70	55.699299	36.757904	175.1	11011
21	2023-05-04	14:25:09	5590.6842	4	0.0230	0.0030	5591.4116	0.2	7.5	-0.0674	-0.0729	0.0007	-0.0090	-0.6463	60	0.000	55.800000	37.500000	195.70	55.699471	36.757664	174.9	11011
21	2023-05-04	14:26:09	5590.6847	4	0.0176	0.0023	5591.4127	-0.1	6.6	-0.0775	-0.0732	0.0005	-0.0090	-0.6463	60	0.000	55.800000	37.500000	195.70	55.699444	36.757454	175.2	11011
21	2023-05-04	14:27:09	5590.6867	4	0.0167	0.0022	5591.4149	0.0	7.8	-0.0739	-0.0735	0.0008	-0.0091	-0.6463	60	0.000	55.800000	37.500000	195.70	55.699463	36.757267	174.6	11011
21	2023-05-04	14:28:09	5590.6867	4	0.0159	0.0020	5591.4156	-0.1	7.2	-0.0712	-0.0738	0.0006	-0.0094	-0.6463	60	0.000	55.800000	37.500000	195.70	55.699299	36.757961	175.1	11011
21	2023-05-04	14:29:09	5590.6862	4	0.0185	0.0024	5591.4154	-0.5	8.1	-0.0766	-0.0741	0.0009	-0.0097	-0.6463	60	0.000	55.800000	37.500000	195.70	55.699471	36.757904	174.9	11011
21	2023-05-04	14:30:09	5590.6862	4	0.0189	0.0024	5591.4161	0.6	7.6	-0.0855	-0.0744	0.0007	-0.0099	-0.6463	60	0.000	55.800000	37.500000	195.70	55.699242	36.758331	174.4	11011
21	2023-05-04	14:31:09	5590.6856	4	0.0191	0.0025	5591.4158	-0.8	7.6	-0.0845	-0.0747	0.0007	-0.0100	-0.6463	60	0.000	55.800000	37.500000	195.70	55.699432	36.757420	174.6	11011
21	2023-05-04	14:32:09	5590.6882	4	0.0236	0.0030	5591.4185	-1.4	8.9	-0.0861	-0.0750	0.0010	-0.0101	-0.6463	60	0.000	55.800000	37.500000	195.70	55.699471	36.757511	175.5	11011
21	2023-05-04	14:33:09	5590.6856	4	0.0167	0.0022	5591.4165	-2.2	8.7	-0.0788	-0.0753	0.0010	-0.0103	-0.6463	60	0.000	55.800000	37.500000	195.70	55.699570	36.757645	175.6	11011
21	2023-05-04	14:34:09	5590.6881	4	0.0191	0.0025	5591.4192	-0.6	9.0	-0.0872	-0.0755	0.0011	-0.0103	-0.6463	60	0.000	55.800000	37.500000	195.70	55.699635	36.757820	175.2	11011
21	2023-05-04	14:35:09	5590.6867	4	0.0189	0.0024	5591.4184	0.3	9.1	-0.0817	-0.0758	0.0009	-0.0105	-0.6463	60	0.000	55.800000	37.500000	195.70	--	--	--	11011
21	2023-05-04	14:36:09	5590.6880	4	0.0183	0.0024	5591.4198	-1.4	9.8	-0.0910	-0.0761	0.0012	-0.0107	-0.6463	60	0.000	55.800000	37.500000	195.70	--	--	--	11011
21	2023-05-04	14:37:09	5590.6868	4	0.0163	0.0021	5591.4191	-1.8	9.2	-0.0826	-0.0764	0.0011	-0.0108	-0.6463	60	0.000	55.800000	37.500000	195.70	--	--	--	11011
21	2023-05-04	14:38:09	5590.6862	4	0.0203	0.0026	5591.4190	-2.3	9.0	-0.0899	-0.0767	0.0010	-0.0108	-0.6463	60	0.000	55.800000	37.500000	195.70	--	--	--	11011
21	2023-05-04	14:39:09	5590.6853	4	0.0210	0.0027	5591.4185	-1.3	8.7	-0.0922	-0.0769	0.0010	-0.0110	-0.6463	60	0.000	55.800000	37.500000	195.70	--	--	--	11011
21	2023-05-04	14:40:09	5590.6860	4	0.0153	0.0020	5591.4197	-0.2	8.9	-0.0853	-0.0772	0.0010	-0.0112	-0.6463	60	0.000	55.800000	37.500000	195.70	--	--	--	11011
21	2023-05-04	14:41:09	5590.6869	4	0.0188	0.0024	5591.4213	-0.3	8.0	-0.0922	-0.0775	0.0007	-0.0113	-0.6463	60	0.000	55.800000	37.500000	195.70	--	--	--	11011
1	2023-05-04	16:47:26	5613.2719	4	0.0241	0.0031	5614.0018	3.4	2.6	0.0440	-0.0892	0.0002	0.0061	-0.6471	60	0.000	55.800000	37.500000	195.70	--	--	--	11011
1	2023-05-04	16:48:26	5613.2724	4	0.0126	0.0016	5614.0025	2.4	2.7	0.0412	-0.0891	0.0002	0.0058	-0.6471	60	0.000	55.800000	37.500000	195.70	--	--	--	11011
1	2023-05-04	16:49:26	5613.2715	4	0.0278	0.0036	5614.0023	2.2	1.7	0.0391	-0.0890	0.0001	0.0052	-0.6471	60	0.000	55.800000	37.500000	195.70	--	--	--	11011
1	2023-05-04	16:50:26	5613.2738	4	0.0163	0.0021	5614.0046	2.1	0.8	0.0383	-0.0890	0.0001	0.0051	-0.6471	60	0.000	55.800000	37.500000	195.70	--	--	--	11011
1	2023-05-04	16:51:26	5613.2732	4	0.0210	0.0027	5614.0044	2.3	1.3	0.0389	-0.0889	0.0001	0.0048	-0.6471	60	0.000	55.800000	37.500000	195.70	--	--	--	11011
1	2023-05-04	16:52:26	5613.2718	4	0.0186	0.0024	5614.0034	0.7	1.7	0.0308	-0.0888	0.0001	0.0042	-0.6471	60	0.000	55.800000	37.500000	195.70	--	--	--	11011
1	2023-05-04	16:53:26	5613.2738	4	0.0183	0.0024	5614.0054	2.0	1.7	0.0244	-0.0887	0.0001	0.0041	-0.6471	60	0.000	55.800000	37.500000	195.70	--	--	--	11011
1	2023-05-04	16:54:26	5613.2719	4	0.0195	0.0025	5614.0038	2.9	2.3	0.0365	-0.0887	0.0002	0.0037	-0.6471	60	0.000	55.800000	37.500000	195.70	--	--	--	11011
1	2023-05-04	16:55:26	5613.2720	4	0.0169	0.0022	5614.0042	2.6	1.3	0.0267	-0.0886	0.0001	0.0033	-0.6471	60	0.000	55.800000	37.500000	195.70	--	--	--	11011
1	2023-05-04	16:56:26	5613.2740	4	0.0233	0.0030	5614.0064	2.6	0.6	0.0180	-0.0885	0.0001	0.0031	-0.6471	60	0.000	55.800000	37.500000	195.70	--	--	--	11011
1	2023-05-04	16:57:26	5613.2741	4	0.0180	0.0023	5614.0066	3.6	1.9	0.0239	-0.0884	0.0002	0.0029	-0.6471	60	0.000	55.800000	37.500000	195.70	--	--	--	11011
1	2023-05-04	16:58:26	5613.2750	4	0.0226	0.0029	5614.0076	2.7	2.4	0.0299	-0.0883	0.0002	0.0026	-0.6471	60	0.000	55.800000	37.500000	195.70	--	--	--	11011
1	2023-05-04	16:59:26	5613.2728	4	0.0223	0.0029	5614.0057	2.5	2.7	0.0145	-0.0882	0.0002	0.0023	-0.6471	60	0.000	55.800000	37.500000	195.70	--	--	--	11011
1	2023-05-04	17:00:26	5613.2731	4	0.0178	0.0023	5614.0058	2.4	3.5	0.0107	-0.0881	0.0003	0.0023	-0.6471	60	0.000	55.800000	37.500000	195.70	--	--	--	11011
1	2023-05-04	17:01:26	5613.2743	4	0.0176	0.0023	5614.0070	2.9	4.5	0.0113	-0.0880	0.0004	0.0021	-0.6471	60	0.000	55.800000	37.500000	195.70	--	--	--	11011
1	2023-05-04	17:02:26	5613.2727	4	0.0172	0.0022	5614.0057	3.2	3.8	0.0167	-0.0880	0.0003	0.0018	-0.6471	60	0.000	55.800000	37.500000	195.70	--	--	--	11011
1	2023-05-04	17:03:26	5613.2731	4	0.0180	0.0023	5614.0061	3.9	4.0	0.0147	-0.0879	0.0004	0.0016	-0.6471	60	0.000	55.800000	37.500000	195.70	--	--	--	11011
1	2023-05-04	17:04:26	5613.2748	4	0.0220	0.0028	5614.0078	2.9	4.7	0.0084	-0.0878	0.0004	0.0016	-0.6472	60	0.000	55.800000	37.500000	195.70	--	--	--	11011
1	2023-05-04	17:05:26	5613.2729	4	0.0213	0.0027	5614.0062	3.1	4.3	0.0119	-0.0877	0.0003	0.0012	-0.6472	60	0.000	55.800000	37.500000	195.70	--	--	--	11011
1	2023-05-04	17:06:26	5613.2739	4	0.0166	0.0021	5614.0071	3.2	5.4	0.0044	-0.0876	0.0006	0.0010	-0.6472	60	0.000	55.800000	37.500000	195.70	--	--	--	11011
1	2023-05-04	17:07:26	5613.2732	4	0.0215	0.0028	5614.0064	3.4	5.7	0.0101	-0.0875	0.0005	0.0009	-0.6472	60	0.000	55.800000	37.500000	195.70	--	--	--	11011
1	2023-05-04	17:08:26	5613.2743	4	0.0180	0.0023	5614.0078	3.4	4.1	0.0031	-0.0874	0.0003	0.0007	-0.6472	60	0.000	55.800000	37.500000	195.70	--	--	--	11011
1	2023-05-04	17:09:26	5613.2737	4	0.0156	0.0020	5614.0071	4.8	4.4	0.0051	-0.0872	0.0006	0.0005	-0.6472	60	0.000	55.800000	37.500000	195.70	--	--	--	11011
1	2023-05-04	17:10:26	5613.2745	4	0.0234	0.0030	5614.0080	4.1	3.8	-0.0030	-0.0871	0.0004	0.0005	-0.6472	60	0.000	55.800000	37.500000	195.70	--	--	--	11011
1	2023-05-04	17:11:26	5613.2733	4	0.0205	0.0026	5614.0068	3.4	3.9	0.0040	-0.0870	0.0003	0.0004	-0.6472	60	0.000	55.800000	37.500000	195.70	--	--	--	11011
1	2023-05-04	17:12:26	5613.2728	4	0.0209	0.0027	5614.0062	4.0	3.5	0.0016	-0.0869	0.0004	0.0003	-0.6472	60	0.000	55.800000	37.500000	195.70	--	--	--	11011
1	2023-05-04	17:13:26	5613.2737	4	0.0145	0.0019	5614.0073	3.1	3.7	-0.0011	-0.0868	0.0002	0.0001	-0.6472	60	0.000	55.800000	37.500000	195.70	--	--	--	11011
1	2023-05-04	17:14:26	5613.2727	4	0.0171	0.0022	5614.0062	3.3	4.1	-0.0044	-0.0867	0.0003	0.0001	-0.6472	60	0.000	55.800000	37.500000	195.70	--	--	--	11011
1	2023-05-04	17:15:26	5613.2734	4	0.0217	0.0028	5614.0068	3.9	4.6	0.0064	-0.0866	0.0005	-0.0001	-0.6472	60	0.000	55.800000	37.500000	195.70	--	--	--	11011
1	2023-05-04	17:16:26	5613.2735	4	0.0205	0.0027	5614.0070	2.3	4.8	0.0023	-0.0865	0.0003	-0.0002	-0.6472	60	0.000	55.800000	37.500000	195.70	--	--	--	11011
1	2023-05-04	17:17:26	5613.2712	4	0.0197	0.0025	5614.0048	2.7	4.1	-0.0065	-0.0863	0.0003	-0.0003	-0.6472	60	0.000	55.800000	37.500000	195.70	--	--	--	11011
1	2023-05-04	17:18:26	5613.2743	4	0.0178	0.0023	5614.0077	3.4	5.2	-0.0008	-0.0862	0.0005	-0.0004	-0.6472	60	0.000	55.800000	37.500000	195.70	--	--	--	11011
1	2023-05-04	17:19:26	5613.2728	4	0.0215	0.0028	5614.0055	5.2	6.7	-0.0090	-0.0861	0.0010	-0.0003	-0.6472	60	0.000	55.800000	37.500000	195.70	--	--	--	11011
1	2023-05-04	17:20:26	5613.2733	4	0.0158	0.0020	5614.0066	4.3	7.1	-0.0068	-0.0860	0.0007	-0.0007	-0.6472	60	0.000	55.800000	37.500000	195.70	--	--	--	11011
1	2023-05-04	17:21:26	5613.2741	4	0.0169	0.0022	5614.0073	4.0	5.5	-0.0040	-0.0859	0.0006	-0.0006	-0.6473	60	0.000	55.800000	37.500000	195.70	--	--	--	11011
1	2023-05-04	17:22:26	5613.2737	4	0.0184	0.0024	5614.0070	3.8	4.8	-0.0086	-0.0857	0.0004	-0.0007	-0.6473	60	0.000	55.800000	37.500000	195.70	--	--	--	11011
1	2023-05-04	17:23:26	5613.2737	4	0.0164	0.0021	5614.0069	4.9	3.8	-0.0082	-0.0856	0.0005	-0.0008	-0.6473	60	0.000	55.800000	37.500000	195.70	--	--	--	11011
1	2023-05-04	17:24:26	5613.2733	4	0.0210	0.0027	5614.0067	4.6	4.3	-0.0119	-0.0855	0.0005	-0.0010	-0.6473	60	0.000	55.800000	37.500000	195.70	--	--	--	11011
1	2023-05-04	17:25:26	5613.2738	4	0.0157	0.0020	5614.0070	4.2	5.0	-0.0121	-0.0853	0.0004	-0.0009	-0.6473	60	0.000	55.800000	37.500000	195.70	--	--	--	11011
1	2023-05-04	17:26:26	5613.2721	4	0.0227	0.0029	5614.0054	3.6	3.9	-0.0043	-0.0852	0.0003	-0.0010	-0.6473	60	0.000	55.800000	37.500000	195.70	--	--	--	11011
1	2023-05-04	17:27:26	5613.2731	4	0.0214	0.0028	5614.0060	5.3	5.5	-0.0099	-0.0851	0.0007	-0.0012	-0.6473	60	0.000	55.800000	37.500000	195.70	--	--	--	11011
1	2023-05-04	17:28:26	5613.2737	4	0.0230	0.0030	5614.0063	6.5	4.8	-0.0135	-0.0849	0.0008	-0.0011	-0.6473	60	0.000	55.800000	37.500000	195.70	--	--	--	11011
1	2023-05-04	17:29:26	5613.2733	4	0.0189	0.0024	5614.0062	6.5	4.3	-0.0116	-0.0848	0.0007	-0.0015	-0.6473	60	0.000	55.800000	37.500000	195.70	--	--	--	11011
1	2023-05-04	17:30:26	5613.2740	4	0.0179	0.0023	5614.0066	6.5	4.6	-0.0076	-0.0847	0.0008	-0.0014	-0.6473	60	0.000	55.800000	37.500000	195.70	--	--	--	11011
1	2023-05-04	17:31:26	5613.2734	4	0.0169	0.0022	5614.0059	6.6	4.7	-0.0092	-0.0845	0.0008	-0.0015	-0.6473	60	0.000	55.800000	37.500000	195.70	--	--	--	11011
1	2023-05-04	17:32:26	5613.2735	4	0.0237	0.0031	5614.0063	5.1	4.4	-0.0135	-0.0844	0.0007	-0.0017	-0.6473	60	0.000	55.800000	37.500000	195.70	--	--	--	11011
1	2023-05-04	17:33:26	5613.2711	4	0.0142	0.0018	5614.0037	5.0	5.5	-0.0157	-0.0843	0.0007	-0.0017	-0.6473	60	0.000	55.800000	37.500000	195.70	--	--	--	11011
1	2023-05-04	17:34:26	5613.2723	4	0.0169	0.0022	5614.0049	5.4	5.5	-0.0155	-0.0841	0.0008	-0.0019	-0.6473	60	0.000	55.800000	37.500000	195.70	--	--	--	11011
1	2023-05-04	17:35:26	5613.2724	4	0.0210	0.0027	5614.0049	4.2	5.8	-0.0094	-0.0840	0.0007	-0.0019	-0.6473	60	0.000	55.800000	37.500000	195.70	--	--	--	11011
1	2023-05-04	17:36:26	5613.2721	4	0.0214	0.0028	5614.0043	4.4	8.2	-0.0136	-0.0838	0.0009	-0.0020	-0.6473	60	0.000	55.800000	37.500000	195.70	--	--	--	11011
1	2023-05-04	17:37:26	5613.2732	4	0.0208	0.0027	5614.0052	4.2	8.6	-0.0154	-0.0837	0.0010	-0.0020	-0.6473	60	0.000	55.800000	37.500000	195.70	--	--	--	11011
1	2023-05-04	17:38:26	5613.2731	4	0.0213	0.0027	5614.0050	4.8	7.6	-0.0162	-0.0835	0.0009	-0.0019	-0.6473	60	0.000	55.800000	37.500000	195.70	--	--	--	11011
1	2023-05-04	17:39:26	5613.2726	4	0.0140	0.0018	5614.0045	5.9	6.9	-0.0195	-0.0834	0.0011	-0.0022	-0.6474	60	0.000	55.800000	37.500000	195.70	--	--	--	11011
1	2023-05-04	17:40:26	5613.2726	4	0.0160	0.0021	5614.0046	5.8	6.1	-0.0125	-0.0832	0.0008	-0.0022	-0.6474	60	0.000	55.800000	37.500000	195.70	--	--	--	11011
1	2023-05-04	17:41:26	5613.2737	4	0.0235	0.0030	5614.0056	5.1	7.5	-0.0202	-0.0831	0.0009	-0.0024	-0.6474	60	0.000	55.800000	37.500000	195.70	--	--	--	11011
1	2023-05-04	17:42:26	5613.2742	4	0.0253	0.0033	5614.0059	4.2	6.6	-0.0188	-0.0829	0.0007	-0.0021	-0.6474	60	0.000	55.800000	37.500000	195.70	--	--	--	11011
1	2023-05-04	17:43:26	5613.2723	4	0.0200	0.0026	5614.0041	5.0	6.3	-0.0193	-0.0828	0.0007	-0.0023	-0.6474	60	0.000	55.800000	37.500000	195.70	--	--	--	11011
1	2023-05-04	17:44:26	5613.2718	4	0.0180	0.0023	5614.0032	5.8	6.6	-0.0244	-0.0826	0.0009	-0.0024	-0.6474	60	0.000	55.800000	37.500000	195.70	--	--	--	11011
1	2023-05-04	17:45:26	5613.2726	4	0.0260	0.0034	5614.0042	5.1	5.5	-0.0237	-0.0825	0.0007	-0.0024	-0.6474	60	0.000	55.800000	37.500000	195.70	--	--	--	11011
1	2023-05-04	17:46:26	5613.2729	4	0.0172	0.0022	5614.0042	5.2	6.3	-0.0256	-0.0823	0.0007	-0.0023	-0.6474	60	0.000	55.800000	37.500000	195.70	--	--	--	11011
