/		CG-6 Survey
/		Survey Name:	MAIN-MEN3
/		Instrument Serial Number:	000000022090468
/		Created:	2023-04-19 05:05:12
/
/		CG-6 Calibration
/		Operator:	VSB
/		Gcal1 [mGal]:	8009.604000
/		Goff [ADU]:	-8388608.000000
/		Gref [mGal]:	0.0000
/		X Scale [arc-sec/ADU]:	0.030806
/		Y Scale [arc-sec/ADU]:	0.030639
/		X Offset [ADU]:	-161936.653023
/		Y Offset [ADU]:	-219406.324612
/		Temperature Coefficient [mGal/mK]:	-0.125000
/		Temperature Scale [mK/ADU]:	-0.000111
/		Drift Rate [mGal/day]:	0.006250
/		Drift Zero Time:	2023-02-13 12:00:00
/		Firmware Version:	CG6_2_20220815
/
/Station	Date	Time	CorrGrav	Line	StdDev	StdErr	RawGrav	X	Y	SensorTemp	TideCorr	TiltCorr	TempCorr	DriftCorr	MeasurDur	InstrHeight	LatUser	LonUser	ElevUser	LatGPS	LonGPS	ElevGPS	Corrections[drift-temp-na-tide-tilt]
1	2023-04-19	05:05:12	5742.9311	3	0.0136	0.0018	5743.0295	2.1	-1.8	2.8924	-0.0550	0.0001	0.3610	-0.4044	60	0.000	55.780838	37.639160	185.10	55.780632	37.639019	228.3	11011
1	2023-04-19	05:06:12	5742.9286	3	0.0142	0.0018	5743.0265	2.4	-3.6	2.8890	-0.0546	0.0002	0.3609	-0.4045	60	0.000	55.780838	37.639160	185.10	55.780735	37.638950	231.8	11011
1	2023-04-19	05:07:12	5742.9293	3	0.0153	0.0020	5743.0269	2.4	-4.5	2.8804	-0.0541	0.0003	0.3606	-0.4045	60	0.000	55.780838	37.639160	185.10	55.780735	37.639103	230.7	11011
1	2023-04-19	05:08:12	5742.9281	3	0.0107	0.0014	5743.0250	3.1	-5.5	2.8814	-0.0536	0.0006	0.3606	-0.4045	60	0.000	55.780838	37.639160	185.10	55.780781	37.639141	229.2	11011
1	2023-04-19	05:09:12	5742.9293	3	0.0145	0.0019	5743.0260	2.9	-4.5	2.8826	-0.0531	0.0004	0.3605	-0.4045	60	0.000	55.780838	37.639160	185.10	55.780899	37.639122	228.2	11011
1	2023-04-19	05:10:12	5742.9297	3	0.0165	0.0021	5743.0261	3.5	-3.5	2.8869	-0.0526	0.0004	0.3604	-0.4045	60	0.000	55.780838	37.639160	185.10	55.780704	37.639584	227.1	11011
1	2023-04-19	05:11:12	5742.9285	3	0.0121	0.0016	5743.0244	3.7	-4.4	2.8777	-0.0522	0.0005	0.3603	-0.4045	60	0.000	55.780838	37.639160	185.10	55.780781	37.639114	226.2	11011
1	2023-04-19	05:12:12	5742.9293	3	0.0137	0.0018	5743.0248	3.4	-3.6	2.8817	-0.0517	0.0003	0.3603	-0.4045	60	0.000	55.780838	37.639160	185.10	55.780823	37.639591	223.9	11011
1	2023-04-19	05:13:12	5742.9302	3	0.0141	0.0018	5743.0250	4.8	-4.8	2.8780	-0.0512	0.0006	0.3603	-0.4045	60	0.000	55.780838	37.639160	185.10	55.780876	37.639256	224.1	11011
1	2023-04-19	05:14:12	5742.9281	3	0.0146	0.0019	5743.0229	2.6	-3.8	2.8836	-0.0507	0.0003	0.3601	-0.4045	60	0.000	55.780838	37.639160	185.10	55.780994	37.639164	221.5	11011
1	2023-04-19	05:15:12	5742.9283	3	0.0160	0.0021	5743.0224	3.4	-5.2	2.8893	-0.0502	0.0005	0.3601	-0.4045	60	0.000	55.780838	37.639160	185.10	55.780689	37.639336	216.8	11011
1	2023-04-19	05:16:12	5742.9286	3	0.0140	0.0018	5743.0225	3.5	-4.2	2.8775	-0.0497	0.0003	0.3600	-0.4045	60	0.000	55.780838	37.639160	185.10	55.780762	37.639275	212.1	11011
1	2023-04-19	05:17:12	5742.9285	3	0.0108	0.0014	5743.0219	2.1	-5.3	2.8809	-0.0492	0.0003	0.3600	-0.4045	60	0.000	55.780838	37.639160	185.10	55.780766	37.639297	207.7	11011
1	2023-04-19	05:18:12	5742.9272	3	0.0145	0.0019	5743.0201	1.9	-5.2	2.8770	-0.0487	0.0003	0.3600	-0.4045	60	0.000	55.780838	37.639160	185.10	55.780849	37.639370	205.3	11011
1	2023-04-19	05:19:12	5742.9277	3	0.0118	0.0015	5743.0200	2.6	-5.4	2.8836	-0.0483	0.0004	0.3600	-0.4045	60	0.000	55.780838	37.639160	185.10	55.781078	37.639408	210.1	11011
1	2023-04-19	05:20:12	5742.9272	3	0.0122	0.0016	5743.0191	3.2	-4.7	2.8751	-0.0478	0.0005	0.3599	-0.4045	60	0.000	55.780838	37.639160	185.10	55.780907	37.639336	206.7	11011
1	2023-04-19	05:21:12	5742.9288	3	0.0127	0.0016	5743.0203	3.9	-4.9	2.8747	-0.0473	0.0005	0.3598	-0.4045	60	0.000	55.780838	37.639160	185.10	55.780907	37.639297	206.1	11011
1	2023-04-19	05:22:12	5742.9300	3	0.0120	0.0015	5743.0211	3.7	-4.3	2.8824	-0.0468	0.0004	0.3598	-0.4045	60	0.000	55.780838	37.639160	185.10	55.780994	37.639153	201.2	11011
1	2023-04-19	05:23:12	5742.9300	3	0.0130	0.0017	5743.0206	4.7	-4.5	2.8742	-0.0463	0.0005	0.3598	-0.4045	60	0.000	55.780838	37.639160	185.10	55.780861	37.639133	195.9	11011
1	2023-04-19	05:24:12	5742.9300	3	0.0135	0.0017	5743.0199	4.7	-4.8	2.8751	-0.0458	0.0006	0.3597	-0.4045	60	0.000	55.780838	37.639160	185.10	55.780766	37.639412	190.4	11011
1	2023-04-19	05:25:12	5742.9290	3	0.0151	0.0020	5743.0185	2.7	-4.9	2.8721	-0.0453	0.0005	0.3598	-0.4045	60	0.000	55.780838	37.639160	185.10	55.780670	37.639351	186.3	11011
1	2023-04-19	05:26:12	5742.9300	3	0.0147	0.0019	5743.0190	3.1	-5.5	2.8734	-0.0448	0.0005	0.3598	-0.4045	60	0.000	55.780838	37.639160	185.10	55.780861	37.639381	185.6	11011
1	2023-04-19	05:27:12	5742.9267	3	0.0147	0.0019	5743.0153	3.4	-6.2	2.8775	-0.0443	0.0007	0.3596	-0.4045	60	0.000	55.780838	37.639160	185.10	55.780933	37.639229	183.0	11011
1	2023-04-19	05:28:12	5742.9313	3	0.0163	0.0021	5743.0192	3.8	-7.0	2.8727	-0.0438	0.0009	0.3595	-0.4045	60	0.000	55.780838	37.639160	185.10	55.780781	37.639370	177.9	11011
1	2023-04-19	05:29:12	5742.9279	3	0.0125	0.0016	5743.0154	4.5	-7.2	2.8809	-0.0433	0.0009	0.3594	-0.4046	60	0.000	55.780838	37.639160	185.10	55.780785	37.639153	173.1	11011
1	2023-04-19	05:30:12	5742.9281	3	0.0152	0.0020	5743.0152	4.0	-6.5	2.8772	-0.0428	0.0008	0.3594	-0.4046	60	0.000	55.780838	37.639160	185.10	55.780792	37.639164	167.4	11011
1	2023-04-19	05:31:12	5742.9270	3	0.0140	0.0018	5743.0137	4.0	-6.2	2.8867	-0.0423	0.0008	0.3594	-0.4046	60	0.000	55.780838	37.639160	185.10	55.780704	37.639381	164.7	11011
1	2023-04-19	05:32:12	5742.9276	3	0.0135	0.0017	5743.0140	3.7	-5.0	2.8796	-0.0418	0.0005	0.3595	-0.4046	60	0.000	55.780838	37.639160	185.10	55.780704	37.639427	161.9	11011
1	2023-04-19	05:33:12	5742.9261	3	0.0136	0.0018	5743.0121	3.6	-4.6	2.8798	-0.0413	0.0005	0.3594	-0.4046	60	0.000	55.780838	37.639160	185.10	55.780792	37.639393	155.5	11011
1	2023-04-19	05:34:12	5742.9263	3	0.0153	0.0020	5743.0119	3.5	-6.0	2.8727	-0.0408	0.0006	0.3591	-0.4046	60	0.000	55.780838	37.639160	185.10	55.780499	37.639572	150.8	11011
1	2023-04-19	05:35:12	5742.9289	3	0.0146	0.0019	5743.0137	4.0	-7.0	2.8739	-0.0403	0.0008	0.3593	-0.4046	60	0.000	55.780838	37.639160	185.10	55.780754	37.639469	151.5	11011
1	2023-04-19	05:36:12	5742.9297	3	0.0145	0.0019	5743.0139	3.5	-7.5	2.8756	-0.0398	0.0008	0.3593	-0.4046	60	0.000	55.780838	37.639160	185.10	55.780842	37.639469	153.5	11011
1	2023-04-19	05:37:12	5742.9281	3	0.0131	0.0017	5743.0117	5.2	-7.3	2.8789	-0.0392	0.0009	0.3593	-0.4046	60	0.000	55.780838	37.639160	185.10	55.780972	37.639153	158.7	11011
1	2023-04-19	05:38:12	5742.9302	3	0.0131	0.0017	5743.0133	4.6	-8.2	2.8730	-0.0387	0.0011	0.3592	-0.4046	60	0.000	55.780838	37.639160	185.10	55.780876	37.639294	161.0	11011
1	2023-04-19	05:39:12	5742.9271	3	0.0158	0.0020	5743.0102	3.9	-6.9	2.8748	-0.0382	0.0007	0.3591	-0.4046	60	0.000	55.780838	37.639160	185.10	55.780716	37.639503	165.9	11011
1	2023-04-19	05:40:12	5742.9309	3	0.0152	0.0020	5743.0137	3.3	-5.6	2.8707	-0.0377	0.0004	0.3591	-0.4046	60	0.000	55.780838	37.639160	185.10	55.780933	37.639256	172.0	11011
1	2023-04-19	05:41:12	5742.9253	3	0.0117	0.0015	5743.0072	4.8	-6.0	2.8660	-0.0372	0.0007	0.3592	-0.4046	60	0.000	55.780838	37.639160	185.10	55.780899	37.639336	175.5	11011
1	2023-04-19	05:42:12	5742.9253	3	0.0174	0.0022	5743.0069	3.9	-5.7	2.8762	-0.0367	0.0005	0.3592	-0.4046	60	0.000	55.780838	37.639160	185.10	55.780697	37.639572	176.4	11011
1	2023-04-19	05:43:12	5742.9260	3	0.0130	0.0017	5743.0071	3.5	-6.6	2.8680	-0.0362	0.0007	0.3590	-0.4046	60	0.000	55.780838	37.639160	185.10	55.780952	37.639305	174.1	11011
1	2023-04-19	05:44:12	5742.9291	3	0.0132	0.0017	5743.0096	3.5	-6.1	2.8717	-0.0357	0.0006	0.3592	-0.4046	60	0.000	55.780838	37.639160	185.10	55.780804	37.639351	176.4	11011
1	2023-04-19	05:45:12	5742.9266	3	0.0127	0.0016	5743.0070	2.2	-6.4	2.8709	-0.0352	0.0005	0.3588	-0.4046	60	0.000	55.780838	37.639160	185.10	55.780823	37.639297	173.5	11011
1	2023-04-19	05:46:12	5742.9268	3	0.0149	0.0019	5743.0063	2.4	-7.0	2.8704	-0.0347	0.0008	0.3590	-0.4046	60	0.000	55.780838	37.639160	185.10	55.780727	37.639484	174.6	11011
1	2023-04-19	05:47:12	5742.9261	3	0.0120	0.0016	5743.0053	2.7	-6.7	2.8720	-0.0342	0.0007	0.3589	-0.4046	60	0.000	55.780838	37.639160	185.10	55.780609	37.639469	171.8	11011
1	2023-04-19	05:48:12	5742.9279	3	0.0138	0.0018	5743.0064	3.3	-7.1	2.8747	-0.0337	0.0008	0.3590	-0.4046	60	0.000	55.780838	37.639160	185.10	55.780880	37.639446	171.0	11011
1	2023-04-19	05:49:12	5742.9285	3	0.0156	0.0020	5743.0063	4.2	-8.0	2.8686	-0.0332	0.0010	0.3589	-0.4046	60	0.000	55.780838	37.639160	185.10	55.780804	37.639420	170.9	11011
1	2023-04-19	05:50:12	5742.9285	3	0.0144	0.0019	5743.0059	3.2	-8.1	2.8709	-0.0326	0.0010	0.3589	-0.4046	60	0.000	55.780838	37.639160	185.10	55.780804	37.639496	175.2	11011
1	2023-04-19	05:51:12	5742.9260	3	0.0168	0.0022	5743.0031	3.4	-7.5	2.8737	-0.0321	0.0009	0.3588	-0.4046	60	0.000	55.780838	37.639160	185.10	55.780785	37.639351	174.4	11011
1	2023-04-19	05:52:12	5742.9291	3	0.0142	0.0018	5743.0054	4.0	-8.4	2.8645	-0.0316	0.0011	0.3588	-0.4047	60	0.000	55.780838	37.639160	185.10	55.780678	37.639355	174.9	11011
1	2023-04-19	05:53:12	5742.9272	3	0.0145	0.0019	5743.0032	3.8	-8.1	2.8729	-0.0311	0.0010	0.3589	-0.4047	60	0.000	55.780838	37.639160	185.10	55.780792	37.639381	177.1	11011
1	2023-04-19	05:54:12	5742.9263	3	0.0141	0.0018	5743.0020	3.9	-8.2	2.8775	-0.0306	0.0010	0.3587	-0.4047	60	0.000	55.780838	37.639160	185.10	55.780766	37.639332	178.3	11011
1	2023-04-19	05:55:12	5742.9258	3	0.0133	0.0017	5743.0010	3.0	-7.6	2.8729	-0.0301	0.0009	0.3587	-0.4047	60	0.000	55.780838	37.639160	185.10	55.781021	37.639400	178.7	11011
1	2023-04-19	05:56:12	5742.9283	3	0.0135	0.0017	5743.0031	2.3	-7.6	2.8675	-0.0296	0.0007	0.3588	-0.4047	60	0.000	55.780838	37.639160	185.10	55.780926	37.639202	179.7	11011
1	2023-04-19	05:57:12	5742.9252	3	0.0146	0.0019	5742.9996	2.8	-7.1	2.8781	-0.0291	0.0007	0.3587	-0.4047	60	0.000	55.780838	37.639160	185.10	55.780785	37.639324	179.4	11011
1	2023-04-19	05:58:12	5742.9270	3	0.0168	0.0022	5743.0007	2.7	-7.2	2.8715	-0.0286	0.0008	0.3587	-0.4047	60	0.000	55.780838	37.639160	185.10	55.780849	37.639317	178.9	11011
1	2023-04-19	05:59:12	5742.9273	3	0.0146	0.0019	5743.0005	2.7	-8.2	2.8677	-0.0281	0.0009	0.3586	-0.4047	60	0.000	55.780838	37.639160	185.10	55.780754	37.639248	181.4	11011
1	2023-04-19	06:00:12	5742.9264	3	0.0155	0.0020	5742.9994	2.5	-7.5	2.8716	-0.0276	0.0006	0.3586	-0.4047	60	0.000	55.780838	37.639160	185.10	55.780819	37.639332	181.5	11011
1	2023-04-19	06:01:12	5742.9281	3	0.0143	0.0018	5743.0003	2.7	-8.5	2.8746	-0.0270	0.0009	0.3586	-0.4047	60	0.000	55.780838	37.639160	185.10	55.781105	37.639259	179.3	11011
1	2023-04-19	06:02:12	5742.9254	3	0.0143	0.0018	5742.9974	1.7	-7.5	2.8701	-0.0265	0.0006	0.3586	-0.4047	60	0.000	55.780838	37.639160	185.10	55.781029	37.639160	180.2	11011
1	2023-04-19	06:03:12	5742.9265	3	0.0119	0.0015	5742.9979	0.6	-7.8	2.8650	-0.0260	0.0008	0.3586	-0.4047	60	0.000	55.780838	37.639160	185.10	55.780823	37.639133	184.6	11011
1	2023-04-19	06:04:12	5742.9255	3	0.0139	0.0018	5742.9961	2.0	-7.5	2.8643	-0.0255	0.0008	0.3587	-0.4047	60	0.000	55.780838	37.639160	185.10	55.780785	37.639088	188.7	11011
61	2023-04-19	08:00:31	5774.5374	3	0.0240	0.0031	5774.5571	-2.7	1.1	2.9053	0.0229	0.0001	0.3626	-0.4052	60	0.000	55.780838	37.639160	185.10	--	--	--	11011
61	2023-04-19	08:01:31	5774.5404	3	0.0135	0.0017	5774.5600	-0.4	1.6	2.9018	0.0232	0.0000	0.3624	-0.4052	60	0.000	55.780838	37.639160	185.10	--	--	--	11011
61	2023-04-19	08:02:31	5774.5394	3	0.0180	0.0023	5774.5588	-1.8	2.1	2.8947	0.0234	0.0001	0.3623	-0.4052	60	0.000	55.780838	37.639160	185.10	--	--	--	11011
61	2023-04-19	08:03:31	5774.5385	3	0.0167	0.0022	5774.5574	-4.6	3.8	2.9002	0.0237	0.0005	0.3622	-0.4052	60	0.000	55.780838	37.639160	185.10	--	--	--	11011
61	2023-04-19	08:04:31	5774.5422	3	0.0143	0.0018	5774.5612	-3.6	3.0	2.8995	0.0239	0.0003	0.3620	-0.4052	60	0.000	55.780838	37.639160	185.10	--	--	--	11011
61	2023-04-19	08:05:31	5774.5398	3	0.0166	0.0021	5774.5586	-5.1	2.3	2.8934	0.0242	0.0004	0.3618	-0.4052	60	0.000	55.780838	37.639160	185.10	--	--	--	11011
61	2023-04-19	08:06:31	5774.5418	3	0.0171	0.0022	5774.5603	-6.1	1.4	2.8975	0.0244	0.0005	0.3618	-0.4052	60	0.000	55.780838	37.639160	185.10	--	--	--	11011
61	2023-04-19	08:07:31	5774.5397	3	0.0202	0.0026	5774.5580	-5.8	2.7	2.8921	0.0247	0.0006	0.3617	-0.4052	60	0.000	55.780838	37.639160	185.10	--	--	--	11011
61	2023-04-19	08:08:31	5774.5386	3	0.0149	0.0019	5774.5570	-4.8	4.1	2.8898	0.0249	0.0005	0.3615	-0.4052	60	0.000	55.780838	37.639160	185.10	--	--	--	11011
61	2023-04-19	08:09:31	5774.5375	3	0.0207	0.0027	5774.5556	-5.4	3.1	2.8964	0.0251	0.0005	0.3616	-0.4052	60	0.000	55.780838	37.639160	185.10	--	--	--	11011
61	2023-04-19	08:10:31	5774.5389	3	0.0153	0.0020	5774.5569	-5.4	4.4	2.8902	0.0254	0.0005	0.3614	-0.4053	60	0.000	55.780838	37.639160	185.10	--	--	--	11011
61	2023-04-19	08:11:31	5774.5394	3	0.0164	0.0021	5774.5573	-4.4	5.5	2.8901	0.0256	0.0006	0.3612	-0.4053	60	0.000	55.780838	37.639160	185.10	--	--	--	11011
61	2023-04-19	08:12:31	5774.5368	3	0.0173	0.0022	5774.5547	-3.5	3.8	2.8850	0.0258	0.0003	0.3612	-0.4053	60	0.000	55.780838	37.639160	185.10	--	--	--	11011
61	2023-04-19	08:13:31	5774.5370	3	0.0184	0.0024	5774.5548	-5.5	4.2	2.8904	0.0260	0.0006	0.3608	-0.4053	60	0.000	55.780838	37.639160	185.10	--	--	--	11011
61	2023-04-19	08:14:31	5774.5371	3	0.0175	0.0023	5774.5545	-5.4	4.0	2.8882	0.0263	0.0006	0.3610	-0.4053	60	0.000	55.780838	37.639160	185.10	--	--	--	11011
61	2023-04-19	08:15:31	5774.5384	3	0.0145	0.0019	5774.5562	-4.4	2.6	2.8860	0.0265	0.0002	0.3608	-0.4053	60	0.000	55.780838	37.639160	185.10	--	--	--	11011
61	2023-04-19	08:16:31	5774.5386	3	0.0139	0.0018	5774.5558	-4.6	4.6	2.8922	0.0267	0.0006	0.3608	-0.4053	60	0.000	55.780838	37.639160	185.10	--	--	--	11011
61	2023-04-19	08:17:31	5774.5390	3	0.0179	0.0023	5774.5560	-5.8	3.8	2.8854	0.0269	0.0006	0.3608	-0.4053	60	0.000	55.780838	37.639160	185.10	--	--	--	11011
61	2023-04-19	08:18:31	5774.5376	3	0.0198	0.0026	5774.5544	-5.6	5.1	2.8880	0.0271	0.0007	0.3607	-0.4053	60	0.000	55.780838	37.639160	185.10	--	--	--	11011
61	2023-04-19	08:19:31	5774.5374	3	0.0188	0.0024	5774.5542	-5.8	4.1	2.8847	0.0273	0.0006	0.3606	-0.4053	60	0.000	55.780838	37.639160	185.10	--	--	--	11011
61	2023-04-19	08:20:31	5774.5365	3	0.0179	0.0023	5774.5533	-4.9	3.8	2.8801	0.0275	0.0005	0.3606	-0.4053	60	0.000	55.780838	37.639160	185.10	--	--	--	11011
61	2023-04-19	08:21:31	5774.5372	3	0.0155	0.0020	5774.5540	-5.1	2.3	2.8837	0.0277	0.0005	0.3604	-0.4053	60	0.000	55.780838	37.639160	185.10	--	--	--	11011
61	2023-04-19	08:22:31	5774.5380	3	0.0200	0.0026	5774.5546	-5.5	3.6	2.8857	0.0279	0.0005	0.3604	-0.4053	60	0.000	55.780838	37.639160	185.10	--	--	--	11011
61	2023-04-19	08:23:31	5774.5357	3	0.0183	0.0024	5774.5522	-4.8	3.9	2.8864	0.0281	0.0004	0.3603	-0.4053	60	0.000	55.780838	37.639160	185.10	--	--	--	11011
61	2023-04-19	08:24:31	5774.5371	3	0.0184	0.0024	5774.5532	-5.7	3.0	2.8819	0.0282	0.0005	0.3605	-0.4053	60	0.000	55.780838	37.639160	185.10	--	--	--	11011
61	2023-04-19	08:25:31	5774.5380	3	0.0141	0.0018	5774.5540	-4.8	3.8	2.8823	0.0284	0.0004	0.3605	-0.4053	60	0.000	55.780838	37.639160	185.10	--	--	--	11011
61	2023-04-19	08:26:31	5774.5361	3	0.0204	0.0026	5774.5520	-5.6	4.5	2.8771	0.0286	0.0006	0.3602	-0.4053	60	0.000	55.780838	37.639160	185.10	--	--	--	11011
61	2023-04-19	08:27:31	5774.5397	3	0.0179	0.0023	5774.5552	-6.5	4.6	2.8850	0.0288	0.0008	0.3604	-0.4053	60	0.000	55.780838	37.639160	185.10	--	--	--	11011
61	2023-04-19	08:28:31	5774.5403	3	0.0147	0.0019	5774.5560	-5.2	4.7	2.8809	0.0289	0.0005	0.3603	-0.4053	60	0.000	55.780838	37.639160	185.10	--	--	--	11011
61	2023-04-19	08:29:31	5774.5392	3	0.0217	0.0028	5774.5546	-6.3	3.7	2.8736	0.0291	0.0007	0.3602	-0.4053	60	0.000	55.780838	37.639160	185.10	--	--	--	11011
61	2023-04-19	08:30:31	5774.5392	3	0.0144	0.0019	5774.5546	-6.1	3.9	2.8828	0.0292	0.0006	0.3602	-0.4053	60	0.000	55.780838	37.639160	185.10	--	--	--	11011
61	2023-04-19	08:31:31	5774.5372	3	0.0173	0.0022	5774.5521	-6.4	4.5	2.8859	0.0294	0.0007	0.3603	-0.4053	60	0.000	55.780838	37.639160	185.10	--	--	--	11011
61	2023-04-19	08:32:31	5774.5390	3	0.0171	0.0022	5774.5539	-7.1	3.9	2.8834	0.0295	0.0008	0.3600	-0.4053	60	0.000	55.780838	37.639160	185.10	--	--	--	11011
61	2023-04-19	08:33:31	5774.5375	3	0.0190	0.0025	5774.5522	-6.2	3.9	2.8831	0.0297	0.0007	0.3603	-0.4054	60	0.000	55.780838	37.639160	185.10	--	--	--	11011
61	2023-04-19	08:34:31	5774.5383	3	0.0142	0.0018	5774.5529	-6.8	3.9	2.8828	0.0298	0.0007	0.3602	-0.4054	60	0.000	55.780838	37.639160	185.10	--	--	--	11011
61	2023-04-19	08:35:31	5774.5392	3	0.0169	0.0022	5774.5539	-6.4	4.0	2.8798	0.0300	0.0007	0.3600	-0.4054	60	0.000	55.780838	37.639160	185.10	--	--	--	11011
61	2023-04-19	08:36:31	5774.5367	3	0.0195	0.0025	5774.5514	-4.7	4.2	2.8820	0.0301	0.0005	0.3600	-0.4054	60	0.000	55.780838	37.639160	185.10	--	--	--	11011
61	2023-04-19	08:37:31	5774.5345	3	0.0179	0.0023	5774.5491	-4.9	4.4	2.8782	0.0302	0.0006	0.3600	-0.4054	60	0.000	55.780838	37.639160	185.10	--	--	--	11011
61	2023-04-19	08:38:31	5774.5399	3	0.0174	0.0023	5774.5544	-5.3	4.5	2.8795	0.0304	0.0006	0.3599	-0.4054	60	0.000	55.780838	37.639160	185.10	--	--	--	11011
61	2023-04-19	08:39:31	5774.5378	3	0.0204	0.0026	5774.5521	-4.9	5.3	2.8759	0.0305	0.0006	0.3600	-0.4054	60	0.000	55.780838	37.639160	185.10	--	--	--	11011
61	2023-04-19	08:40:31	5774.5380	3	0.0193	0.0025	5774.5522	-5.7	5.2	2.8807	0.0306	0.0006	0.3600	-0.4054	60	0.000	55.780838	37.639160	185.10	--	--	--	11011
61	2023-04-19	08:41:31	5774.5378	3	0.0134	0.0017	5774.5518	-6.2	5.2	2.8788	0.0307	0.0007	0.3601	-0.4054	60	0.000	55.780838	37.639160	185.10	--	--	--	11011
61	2023-04-19	08:42:31	5774.5376	3	0.0223	0.0029	5774.5514	-6.9	5.1	2.8778	0.0308	0.0008	0.3600	-0.4054	60	0.000	55.780838	37.639160	185.10	--	--	--	11011
61	2023-04-19	08:43:31	5774.5363	3	0.0224	0.0029	5774.5500	-6.3	6.1	2.8814	0.0309	0.0009	0.3599	-0.4054	60	0.000	55.780838	37.639160	185.10	--	--	--	11011
61	2023-04-19	08:44:31	5774.5367	3	0.0202	0.0026	5774.5505	-5.9	5.6	2.8812	0.0310	0.0008	0.3598	-0.4054	60	0.000	55.780838	37.639160	185.10	--	--	--	11011
61	2023-04-19	08:45:31	5774.5359	3	0.0169	0.0022	5774.5493	-7.3	6.1	2.8790	0.0311	0.0011	0.3598	-0.4054	60	0.000	55.780838	37.639160	185.10	--	--	--	11011
61	2023-04-19	08:46:31	5774.5353	3	0.0155	0.0020	5774.5486	-7.4	5.9	2.8786	0.0312	0.0012	0.3597	-0.4054	60	0.000	55.780838	37.639160	185.10	--	--	--	11011
61	2023-04-19	08:47:31	5774.5382	3	0.0210	0.0027	5774.5516	-5.5	6.5	2.8860	0.0313	0.0008	0.3598	-0.4054	60	0.000	55.780838	37.639160	185.10	--	--	--	11011
61	2023-04-19	08:48:31	5774.5355	3	0.0195	0.0025	5774.5483	-7.4	6.5	2.8782	0.0314	0.0014	0.3599	-0.4054	60	0.000	55.780838	37.639160	185.10	--	--	--	11011
61	2023-04-19	08:49:31	5774.5351	3	0.0180	0.0023	5774.5483	-6.9	5.6	2.8772	0.0315	0.0010	0.3597	-0.4054	60	0.000	55.780838	37.639160	185.10	--	--	--	11011
61	2023-04-19	08:50:31	5774.5360	3	0.0226	0.0029	5774.5494	-6.8	4.5	2.8812	0.0316	0.0008	0.3597	-0.4054	60	0.000	55.780838	37.639160	185.10	--	--	--	11011
61	2023-04-19	08:51:31	5774.5388	3	0.0145	0.0019	5774.5522	-6.9	4.3	2.8727	0.0316	0.0008	0.3596	-0.4054	60	0.000	55.780838	37.639160	185.10	--	--	--	11011
61	2023-04-19	08:52:31	5774.5372	3	0.0164	0.0021	5774.5503	-6.7	4.3	2.8786	0.0317	0.0008	0.3598	-0.4054	60	0.000	55.780838	37.639160	185.10	--	--	--	11011
61	2023-04-19	08:53:31	5774.5395	3	0.0150	0.0019	5774.5529	-5.9	5.3	2.8791	0.0318	0.0008	0.3595	-0.4054	60	0.000	55.780838	37.639160	185.10	--	--	--	11011
61	2023-04-19	08:54:31	5774.5355	3	0.0180	0.0023	5774.5486	-6.6	5.4	2.8731	0.0318	0.0009	0.3596	-0.4054	60	0.000	55.780838	37.639160	185.10	--	--	--	11011
61	2023-04-19	08:55:31	5774.5396	3	0.0233	0.0030	5774.5530	-6.1	3.9	2.8803	0.0319	0.0007	0.3595	-0.4054	60	0.000	55.780838	37.639160	185.10	--	--	--	11011
61	2023-04-19	08:56:31	5774.5375	3	0.0174	0.0022	5774.5504	-7.9	4.7	2.8747	0.0320	0.0010	0.3596	-0.4055	60	0.000	55.780838	37.639160	185.10	--	--	--	11011
61	2023-04-19	08:57:31	5774.5352	3	0.0147	0.0019	5774.5478	-8.2	4.7	2.8749	0.0320	0.0011	0.3597	-0.4055	60	0.000	55.780838	37.639160	185.10	--	--	--	11011
61	2023-04-19	08:58:31	5774.5364	3	0.0196	0.0025	5774.5495	-7.6	3.0	2.8736	0.0321	0.0008	0.3595	-0.4055	60	0.000	55.780838	37.639160	185.10	--	--	--	11011
61	2023-04-19	08:59:31	5774.5352	3	0.0193	0.0025	5774.5484	-6.6	3.0	2.8731	0.0321	0.0006	0.3596	-0.4055	60	0.000	55.780838	37.639160	185.10	--	--	--	11011
1	2023-04-19	10:31:32	5742.9185	3	0.0139	0.0018	5742.9397	0.2	4.1	2.9165	0.0193	0.0002	0.3651	-0.4059	60	0.000	55.780838	37.639160	185.10	55.781071	37.639221	175.3	11011
1	2023-04-19	10:32:32	5742.9155	3	0.0179	0.0023	5742.9371	0.9	3.5	2.9231	0.0190	0.0002	0.3651	-0.4059	60	0.000	55.780838	37.639160	185.10	55.781086	37.639259	176.4	11011
1	2023-04-19	10:33:32	5742.9184	3	0.0169	0.0022	5742.9402	1.1	4.9	2.9231	0.0187	0.0004	0.3649	-0.4059	60	0.000	55.780838	37.639160	185.10	55.781067	37.639317	177.9	11011
1	2023-04-19	10:34:32	5742.9171	3	0.0169	0.0022	5742.9396	0.9	4.9	2.9208	0.0184	0.0004	0.3645	-0.4059	60	0.000	55.780838	37.639160	185.10	55.781185	37.639317	179.1	11011
1	2023-04-19	10:35:32	5742.9171	3	0.0157	0.0020	5742.9402	1.1	4.8	2.9148	0.0181	0.0003	0.3644	-0.4059	60	0.000	55.780838	37.639160	185.10	55.781185	37.639343	179.3	11011
1	2023-04-19	10:36:32	5742.9170	3	0.0137	0.0018	5742.9405	0.6	5.2	2.9148	0.0178	0.0003	0.3642	-0.4059	60	0.000	55.780838	37.639160	185.10	55.781109	37.639355	179.4	11011
1	2023-04-19	10:37:32	5742.9162	3	0.0138	0.0018	5742.9403	1.5	4.4	2.9147	0.0175	0.0003	0.3640	-0.4059	60	0.000	55.780838	37.639160	185.10	55.781185	37.639336	184.1	11011
1	2023-04-19	10:38:32	5742.9165	3	0.0152	0.0020	5742.9410	1.2	4.8	2.9109	0.0171	0.0003	0.3639	-0.4059	60	0.000	55.780838	37.639160	185.10	55.781185	37.639343	183.7	11011
1	2023-04-19	10:39:32	5742.9181	3	0.0168	0.0022	5742.9429	0.9	4.4	2.9090	0.0168	0.0004	0.3639	-0.4059	60	0.000	55.780838	37.639160	185.10	55.781166	37.639294	185.4	11011
1	2023-04-19	10:40:32	5742.9162	3	0.0151	0.0020	5742.9416	-0.2	4.6	2.9124	0.0165	0.0003	0.3637	-0.4059	60	0.000	55.780838	37.639160	185.10	55.781040	37.639286	187.2	11011
1	2023-04-19	10:41:32	5742.9172	3	0.0152	0.0020	5742.9432	1.2	4.5	2.9080	0.0161	0.0002	0.3635	-0.4059	60	0.000	55.780838	37.639160	185.10	55.781048	37.639259	191.2	11011
1	2023-04-19	10:42:32	5742.9167	3	0.0167	0.0022	5742.9432	1.4	5.0	2.9072	0.0158	0.0004	0.3632	-0.4059	60	0.000	55.780838	37.639160	185.10	55.781013	37.639297	191.8	11011
1	2023-04-19	10:43:32	5742.9180	3	0.0133	0.0017	5742.9450	0.8	3.8	2.9026	0.0155	0.0002	0.3633	-0.4059	60	0.000	55.780838	37.639160	185.10	55.780823	37.639267	192.6	11011
1	2023-04-19	10:44:32	5742.9175	3	0.0148	0.0019	5742.9450	-0.5	3.1	2.9026	0.0151	0.0002	0.3631	-0.4059	60	0.000	55.780838	37.639160	185.10	55.780983	37.639439	190.6	11011
1	2023-04-19	10:45:32	5742.9164	3	0.0172	0.0022	5742.9444	-0.8	3.0	2.9060	0.0148	0.0001	0.3631	-0.4059	60	0.000	55.780838	37.639160	185.10	55.781021	37.639355	191.5	11011
1	2023-04-19	10:46:32	5742.9160	3	0.0136	0.0018	5742.9444	-0.6	2.7	2.9019	0.0144	0.0001	0.3630	-0.4059	60	0.000	55.780838	37.639160	185.10	55.781105	37.639420	192.5	11011
1	2023-04-19	10:47:32	5742.9160	3	0.0174	0.0022	5742.9448	-1.7	3.5	2.9037	0.0141	0.0002	0.3629	-0.4059	60	0.000	55.780838	37.639160	185.10	55.780918	37.639317	196.1	11011
1	2023-04-19	10:48:32	5742.9175	3	0.0150	0.0019	5742.9469	-1.1	2.9	2.9007	0.0137	0.0002	0.3625	-0.4059	60	0.000	55.780838	37.639160	185.10	55.780838	37.639381	195.4	11011
1	2023-04-19	10:49:32	5742.9160	3	0.0158	0.0020	5742.9456	-0.9	4.1	2.9031	0.0134	0.0003	0.3627	-0.4059	60	0.000	55.780838	37.639160	185.10	55.780972	37.639324	194.6	11011
1	2023-04-19	10:50:32	5742.9163	3	0.0151	0.0019	5742.9464	-0.5	5.5	2.8963	0.0130	0.0004	0.3625	-0.4059	60	0.000	55.780838	37.639160	185.10	55.780956	37.639278	194.7	11011
1	2023-04-19	10:51:32	5742.9137	3	0.0124	0.0016	5742.9440	-0.6	6.0	2.9000	0.0126	0.0005	0.3625	-0.4060	60	0.000	55.780838	37.639160	185.10	55.780926	37.639370	194.0	11011
1	2023-04-19	10:52:32	5742.9135	3	0.0138	0.0018	5742.9443	0.8	5.3	2.9016	0.0123	0.0005	0.3624	-0.4060	60	0.000	55.780838	37.639160	185.10	55.780907	37.639294	195.2	11011
1	2023-04-19	10:53:32	5742.9125	3	0.0156	0.0020	5742.9438	1.5	5.2	2.8954	0.0119	0.0004	0.3624	-0.4060	60	0.000	55.780838	37.639160	185.10	55.780899	37.639267	195.0	11011
1	2023-04-19	10:54:32	5742.9119	3	0.0131	0.0017	5742.9435	0.8	5.1	2.9011	0.0115	0.0004	0.3624	-0.4060	60	0.000	55.780838	37.639160	185.10	55.780895	37.639259	194.9	11011
1	2023-04-19	10:55:32	5742.9147	3	0.0158	0.0020	5742.9471	0.9	5.5	2.8957	0.0112	0.0003	0.3621	-0.4060	60	0.000	55.780838	37.639160	185.10	55.780933	37.639278	196.0	11011
1	2023-04-19	10:56:32	5742.9149	3	0.0173	0.0022	5742.9474	0.9	6.3	2.8998	0.0108	0.0005	0.3622	-0.4060	60	0.000	55.780838	37.639160	185.10	55.780926	37.639236	195.6	11011
1	2023-04-19	10:57:32	5742.9170	3	0.0149	0.0019	5742.9502	0.2	4.3	2.8949	0.0104	0.0002	0.3621	-0.4060	60	0.000	55.780838	37.639160	185.10	55.780926	37.639217	196.9	11011
1	2023-04-19	10:58:32	5742.9175	3	0.0147	0.0019	5742.9513	0.2	3.8	2.8904	0.0100	0.0002	0.3620	-0.4060	60	0.000	55.780838	37.639160	185.10	55.780876	37.639297	197.2	11011
1	2023-04-19	10:59:32	5742.9176	3	0.0167	0.0022	5742.9517	-0.7	3.8	2.8945	0.0097	0.0002	0.3620	-0.4060	60	0.000	55.780838	37.639160	185.10	55.780907	37.639236	197.1	11011
1	2023-04-19	11:00:32	5742.9156	3	0.0136	0.0018	5742.9502	-0.4	3.8	2.8953	0.0093	0.0002	0.3620	-0.4060	60	0.000	55.780838	37.639160	185.10	55.780956	37.639183	197.2	11011
1	2023-04-19	11:01:32	5742.9137	3	0.0152	0.0020	5742.9490	0.7	4.0	2.8933	0.0089	0.0002	0.3617	-0.4060	60	0.000	55.780838	37.639160	185.10	55.780899	37.639275	197.0	11011
1	2023-04-19	11:02:32	5742.9167	3	0.0140	0.0018	5742.9522	0.0	4.2	2.8913	0.0085	0.0002	0.3617	-0.4060	60	0.000	55.780838	37.639160	185.10	55.780811	37.639259	195.6	11011
1	2023-04-19	11:03:32	5742.9159	3	0.0174	0.0022	5742.9516	0.2	5.8	2.8992	0.0081	0.0004	0.3618	-0.4060	60	0.000	55.780838	37.639160	185.10	55.780899	37.639267	195.5	11011
1	2023-04-19	11:04:32	5742.9136	3	0.0144	0.0019	5742.9499	-0.5	5.0	2.8902	0.0077	0.0003	0.3617	-0.4060	60	0.000	55.780838	37.639160	185.10	55.780804	37.639317	195.0	11011
1	2023-04-19	11:05:32	5742.9155	3	0.0178	0.0023	5742.9524	-1.6	4.2	2.8950	0.0073	0.0002	0.3615	-0.4060	60	0.000	55.780838	37.639160	185.10	55.780918	37.639278	193.5	11011
1	2023-04-19	11:06:32	5742.9152	3	0.0127	0.0016	5742.9524	-2.7	4.4	2.8914	0.0069	0.0003	0.3616	-0.4060	60	0.000	55.780838	37.639160	185.10	55.780849	37.639351	191.2	11011
1	2023-04-19	11:07:32	5742.9144	3	0.0167	0.0022	5742.9522	-1.4	4.9	2.8932	0.0065	0.0003	0.3614	-0.4060	60	0.000	55.780838	37.639160	185.10	55.780899	37.639305	190.2	11011
1	2023-04-19	11:08:32	5742.9170	3	0.0197	0.0025	5742.9551	-0.3	5.4	2.8908	0.0061	0.0003	0.3615	-0.4060	60	0.000	55.780838	37.639160	185.10	55.780918	37.639362	191.2	11011
1	2023-04-19	11:09:32	5742.9161	3	0.0159	0.0021	5742.9549	0.2	4.5	2.8954	0.0057	0.0002	0.3614	-0.4060	60	0.000	55.780838	37.639160	185.10	55.780926	37.639278	188.9	11011
1	2023-04-19	11:10:32	5742.9142	3	0.0187	0.0024	5742.9532	1.5	4.4	2.8935	0.0053	0.0004	0.3614	-0.4060	60	0.000	55.780838	37.639160	185.10	55.780926	37.639267	188.5	11011
1	2023-04-19	11:11:32	5742.9173	3	0.0154	0.0020	5742.9568	-0.3	4.9	2.8885	0.0049	0.0004	0.3613	-0.4060	60	0.000	55.780838	37.639160	185.10	55.780899	37.639248	188.5	11011
1	2023-04-19	11:12:32	5742.9166	3	0.0127	0.0016	5742.9566	-0.1	3.5	2.8869	0.0045	0.0001	0.3614	-0.4060	60	0.000	55.780838	37.639160	185.10	55.780918	37.639236	189.2	11011
1	2023-04-19	11:13:32	5742.9151	3	0.0136	0.0018	5742.9555	0.6	3.9	2.8840	0.0040	0.0002	0.3613	-0.4060	60	0.000	55.780838	37.639160	185.10	55.780964	37.639278	188.8	11011
1	2023-04-19	11:14:32	5742.9144	3	0.0165	0.0021	5742.9555	-0.1	3.6	2.8901	0.0036	0.0001	0.3612	-0.4061	60	0.000	55.780838	37.639160	185.10	55.780918	37.639267	189.4	11011
1	2023-04-19	11:15:32	5742.9175	3	0.0129	0.0017	5742.9588	0.7	4.1	2.8898	0.0032	0.0003	0.3613	-0.4061	60	0.000	55.780838	37.639160	185.10	55.780907	37.639256	188.9	11011
1	2023-04-19	11:16:32	5742.9150	3	0.0150	0.0019	5742.9568	-0.2	4.1	2.8964	0.0028	0.0003	0.3612	-0.4061	60	0.000	55.780838	37.639160	185.10	55.780823	37.639248	188.0	11011
1	2023-04-19	11:17:32	5742.9161	3	0.0159	0.0021	5742.9584	-0.2	4.9	2.8923	0.0024	0.0003	0.3611	-0.4061	60	0.000	55.780838	37.639160	185.10	55.780899	37.639210	187.8	11011
1	2023-04-19	11:18:32	5742.9145	3	0.0151	0.0020	5742.9571	0.1	4.7	2.8841	0.0019	0.0003	0.3612	-0.4061	60	0.000	55.780838	37.639160	185.10	55.780899	37.639172	187.5	11011
1	2023-04-19	11:19:32	5742.9155	3	0.0161	0.0021	5742.9588	0.7	4.2	2.8863	0.0015	0.0002	0.3611	-0.4061	60	0.000	55.780838	37.639160	185.10	55.780933	37.639259	187.6	11011
1	2023-04-19	11:20:32	5742.9165	3	0.0156	0.0020	5742.9602	0.5	3.5	2.8857	0.0011	0.0002	0.3611	-0.4061	60	0.000	55.780838	37.639160	185.10	55.780899	37.639179	186.9	11011
1	2023-04-19	11:21:32	5742.9163	3	0.0139	0.0018	5742.9604	-0.1	3.4	2.8834	0.0006	0.0002	0.3611	-0.4061	60	0.000	55.780838	37.639160	185.10	55.780861	37.639267	187.4	11011
1	2023-04-19	11:22:32	5742.9156	3	0.0140	0.0018	5742.9603	-0.1	4.1	2.8900	0.0002	0.0002	0.3610	-0.4061	60	0.000	55.780838	37.639160	185.10	55.781136	37.639317	186.0	11011
1	2023-04-19	11:23:32	5742.9141	3	0.0206	0.0027	5742.9592	-0.3	4.4	2.8901	-0.0002	0.0002	0.3609	-0.4061	60	0.000	55.780838	37.639160	185.10	55.781048	37.639286	184.1	11011
1	2023-04-19	11:24:32	5742.9142	3	0.0161	0.0021	5742.9598	-0.1	3.4	2.8895	-0.0007	0.0001	0.3611	-0.4061	60	0.000	55.780838	37.639160	185.10	55.781029	37.639259	183.1	11011
1	2023-04-19	11:25:32	5742.9155	3	0.0159	0.0021	5742.9615	0.1	5.3	2.8889	-0.0011	0.0003	0.3609	-0.4061	60	0.000	55.780838	37.639160	185.10	55.780972	37.639267	182.9	11011
1	2023-04-19	11:26:32	5742.9159	3	0.0157	0.0020	5742.9623	-0.9	4.7	2.8911	-0.0015	0.0002	0.3609	-0.4061	60	0.000	55.780838	37.639160	185.10	55.780983	37.639221	182.7	11011
1	2023-04-19	11:27:32	5742.9181	3	0.0146	0.0019	5742.9648	0.4	4.7	2.8833	-0.0020	0.0003	0.3611	-0.4061	60	0.000	55.780838	37.639160	185.10	55.781097	37.639221	182.5	11011
1	2023-04-19	11:28:32	5742.9154	3	0.0152	0.0020	5742.9626	-0.2	4.0	2.8916	-0.0024	0.0002	0.3611	-0.4061	60	0.000	55.780838	37.639160	185.10	55.780838	37.639248	182.6	11011
1	2023-04-19	11:29:32	5742.9178	3	0.0155	0.0020	5742.9654	-0.7	5.8	2.8910	-0.0029	0.0005	0.3610	-0.4061	60	0.000	55.780838	37.639160	185.10	55.780746	37.639179	181.7	11011
1	2023-04-19	11:30:32	5742.9147	3	0.0148	0.0019	5742.9629	-0.1	5.9	2.8900	-0.0033	0.0005	0.3608	-0.4061	60	0.000	55.780838	37.639160	185.10	55.781052	37.639267	182.0	11011
61	2023-04-19	13:27:04	5774.5251	3	0.0271	0.0035	5774.6257	-0.1	1.1	2.9241	-0.0592	0.0000	0.3652	-0.4066	60	0.000	55.780838	37.639160	185.10	--	--	--	11011
61	2023-04-19	13:28:04	5774.5232	3	0.0199	0.0026	5774.6241	-0.6	1.6	2.9200	-0.0596	0.0001	0.3653	-0.4066	60	0.000	55.780838	37.639160	185.10	--	--	--	11011
61	2023-04-19	13:29:04	5774.5261	3	0.0266	0.0034	5774.6276	0.2	2.1	2.9179	-0.0601	0.0001	0.3651	-0.4066	60	0.000	55.780838	37.639160	185.10	--	--	--	11011
61	2023-04-19	13:30:04	5774.5240	3	0.0163	0.0021	5774.6265	-0.1	2.1	2.9155	-0.0605	0.0001	0.3646	-0.4066	60	0.000	55.780838	37.639160	185.10	--	--	--	11011
61	2023-04-19	13:31:04	5774.5257	3	0.0222	0.0029	5774.6285	-1.9	3.5	2.9144	-0.0609	0.0003	0.3645	-0.4066	60	0.000	55.780838	37.639160	185.10	--	--	--	11011
61	2023-04-19	13:32:04	5774.5265	3	0.0153	0.0020	5774.6299	-2.1	3.8	2.9119	-0.0614	0.0003	0.3643	-0.4066	60	0.000	55.780838	37.639160	185.10	--	--	--	11011
61	2023-04-19	13:33:04	5774.5260	3	0.0272	0.0035	5774.6300	-1.9	3.7	2.9116	-0.0618	0.0003	0.3642	-0.4067	60	0.000	55.780838	37.639160	185.10	--	--	--	11011
61	2023-04-19	13:34:04	5774.5267	3	0.0233	0.0030	5774.6312	-0.5	5.0	2.9142	-0.0622	0.0003	0.3640	-0.4067	60	0.000	55.780838	37.639160	185.10	--	--	--	11011
61	2023-04-19	13:35:04	5774.5263	3	0.0184	0.0024	5774.6314	-0.7	5.0	2.9107	-0.0627	0.0003	0.3639	-0.4067	60	0.000	55.780838	37.639160	185.10	--	--	--	11011
61	2023-04-19	13:36:04	5774.5260	3	0.0182	0.0024	5774.6318	-0.8	4.9	2.9084	-0.0631	0.0004	0.3636	-0.4067	60	0.000	55.780838	37.639160	185.10	56.028725	37.231331	224.0	11011
61	2023-04-19	13:37:04	5774.5259	3	0.0188	0.0024	5774.6324	-0.7	3.6	2.9085	-0.0635	0.0002	0.3635	-0.4067	60	0.000	55.780838	37.639160	185.10	56.028561	37.231163	224.1	11011
61	2023-04-19	13:38:04	5774.5233	3	0.0166	0.0021	5774.6303	-0.8	4.4	2.9056	-0.0639	0.0003	0.3634	-0.4067	60	0.000	55.780838	37.639160	185.10	56.028374	37.230446	224.4	11011
61	2023-04-19	13:39:04	5774.5255	3	0.0166	0.0021	5774.6327	-0.4	5.9	2.9103	-0.0644	0.0005	0.3633	-0.4067	60	0.000	55.780838	37.639160	185.10	56.028126	37.229652	224.5	11011
61	2023-04-19	13:40:04	5774.5261	3	0.0195	0.0025	5774.6341	-0.6	5.0	2.9130	-0.0648	0.0003	0.3631	-0.4067	60	0.000	55.780838	37.639160	185.10	56.028313	37.230553	226.8	11011
61	2023-04-19	13:41:04	5774.5264	3	0.0258	0.0033	5774.6347	-0.6	6.2	2.9065	-0.0652	0.0005	0.3631	-0.4067	60	0.000	55.780838	37.639160	185.10	56.027988	37.230152	227.4	11011
61	2023-04-19	13:42:04	5774.5241	3	0.0214	0.0028	5774.6332	-0.4	4.8	2.9046	-0.0656	0.0003	0.3629	-0.4067	60	0.000	55.780838	37.639160	185.10	56.028687	37.231266	226.4	11011
61	2023-04-19	13:43:04	5774.5251	3	0.0139	0.0018	5774.6347	0.1	6.1	2.9019	-0.0660	0.0005	0.3627	-0.4067	60	0.000	55.780838	37.639160	185.10	56.028374	37.230896	225.9	11011
61	2023-04-19	13:44:04	5774.5239	3	0.0162	0.0021	5774.6339	-1.4	5.9	2.9035	-0.0664	0.0005	0.3626	-0.4067	60	0.000	55.780838	37.639160	185.10	56.028679	37.230942	227.0	11011
61	2023-04-19	13:45:04	5774.5248	3	0.0186	0.0024	5774.6355	-0.9	5.6	2.8987	-0.0669	0.0005	0.3625	-0.4067	60	0.000	55.780838	37.639160	185.10	56.028706	37.231201	226.8	11011
61	2023-04-19	13:46:04	5774.5245	3	0.0204	0.0026	5774.6354	-2.1	6.1	2.9053	-0.0673	0.0005	0.3626	-0.4067	60	0.000	55.780838	37.639160	185.10	56.028198	37.230751	226.4	11011
61	2023-04-19	13:47:04	5774.5254	3	0.0212	0.0027	5774.6369	-2.3	6.4	2.9054	-0.0677	0.0005	0.3624	-0.4067	60	0.000	55.780838	37.639160	185.10	56.027874	37.230934	227.0	11011
61	2023-04-19	13:48:04	5774.5263	3	0.0181	0.0023	5774.6384	-1.6	5.4	2.9001	-0.0681	0.0004	0.3623	-0.4067	60	0.000	55.780838	37.639160	185.10	56.028278	37.230778	227.0	11011
61	2023-04-19	13:49:04	5774.5250	3	0.0205	0.0027	5774.6374	-2.6	5.1	2.8980	-0.0685	0.0004	0.3624	-0.4067	60	0.000	55.780838	37.639160	185.10	56.028362	37.230865	227.0	11011
61	2023-04-19	13:50:04	5774.5247	3	0.0155	0.0020	5774.6377	-3.0	4.4	2.9017	-0.0689	0.0004	0.3621	-0.4067	60	0.000	55.780838	37.639160	185.10	56.028515	37.230999	226.9	11011
61	2023-04-19	13:51:04	5774.5243	3	0.0220	0.0028	5774.6376	-1.9	5.7	2.8957	-0.0693	0.0005	0.3622	-0.4067	60	0.000	55.780838	37.639160	185.10	56.028332	37.230629	226.7	11011
61	2023-04-19	13:52:04	5774.5243	3	0.0164	0.0021	5774.6379	-2.3	6.0	2.8986	-0.0697	0.0005	0.3622	-0.4067	60	0.000	55.780838	37.639160	185.10	56.028164	37.231201	226.9	11011
61	2023-04-19	13:53:04	5774.5265	3	0.0191	0.0025	5774.6406	-1.2	6.6	2.9037	-0.0701	0.0006	0.3621	-0.4067	60	0.000	55.780838	37.639160	185.10	56.028446	37.231201	227.1	11011
61	2023-04-19	13:54:04	5774.5253	3	0.0197	0.0025	5774.6401	-1.9	6.2	2.8870	-0.0704	0.0005	0.3619	-0.4067	60	0.000	55.780838	37.639160	185.10	56.028408	37.230820	227.2	11011
61	2023-04-19	13:55:04	5774.5251	3	0.0173	0.0022	5774.6402	-2.6	7.0	2.8964	-0.0708	0.0008	0.3617	-0.4067	60	0.000	55.780838	37.639160	185.10	56.028343	37.230362	227.2	11011
61	2023-04-19	13:56:04	5774.5280	3	0.0219	0.0028	5774.6436	-2.2	7.6	2.8957	-0.0712	0.0007	0.3617	-0.4068	60	0.000	55.780838	37.639160	185.10	56.028522	37.230827	227.0	11011
61	2023-04-19	13:57:04	5774.5261	3	0.0148	0.0019	5774.6421	-1.4	7.4	2.8961	-0.0716	0.0007	0.3618	-0.4068	60	0.000	55.780838	37.639160	185.10	56.028316	37.231045	226.9	11011
61	2023-04-19	13:58:04	5774.5228	3	0.0196	0.0025	5774.6389	-2.1	7.4	2.8885	-0.0720	0.0008	0.3618	-0.4068	60	0.000	55.780838	37.639160	185.10	56.028450	37.230740	227.3	11011
61	2023-04-19	13:59:04	5774.5260	3	0.0238	0.0031	5774.6427	-2.5	7.3	2.8973	-0.0724	0.0007	0.3616	-0.4068	60	0.000	55.780838	37.639160	185.10	56.028362	37.230549	228.2	11011
61	2023-04-19	14:00:04	5774.5255	3	0.0136	0.0018	5774.6429	-2.4	6.5	2.8911	-0.0727	0.0007	0.3615	-0.4068	60	0.000	55.780838	37.639160	185.10	56.028336	37.230198	228.3	11011
61	2023-04-19	14:01:04	5774.5265	3	0.0188	0.0024	5774.6443	-3.3	6.6	2.8871	-0.0731	0.0007	0.3615	-0.4068	60	0.000	55.780838	37.639160	185.10	56.028458	37.231018	228.4	11011
61	2023-04-19	14:02:04	5774.5264	3	0.0179	0.0023	5774.6442	-3.7	7.7	2.8909	-0.0735	0.0009	0.3616	-0.4068	60	0.000	55.780838	37.639160	185.10	56.028545	37.231239	228.1	11011
61	2023-04-19	14:03:04	5774.5236	3	0.0168	0.0022	5774.6421	-2.2	6.6	2.8899	-0.0739	0.0007	0.3615	-0.4068	60	0.000	55.780838	37.639160	185.10	56.028389	37.230942	227.7	11011
61	2023-04-19	14:04:04	5774.5230	3	0.0190	0.0025	5774.6418	-3.6	5.9	2.8954	-0.0742	0.0006	0.3616	-0.4068	60	0.000	55.780838	37.639160	185.10	56.028610	37.230762	228.6	11011
61	2023-04-19	14:05:04	5774.5237	3	0.0206	0.0027	5774.6431	-1.9	6.8	2.8924	-0.0746	0.0005	0.3614	-0.4068	60	0.000	55.780838	37.639160	185.10	56.028431	37.230835	229.2	11011
61	2023-04-19	14:06:04	5774.5253	3	0.0193	0.0025	5774.6448	-3.3	6.9	2.8904	-0.0750	0.0007	0.3615	-0.4068	60	0.000	55.780838	37.639160	185.10	56.028706	37.231407	229.3	11011
61	2023-04-19	14:07:04	5774.5237	3	0.0236	0.0030	5774.6440	-2.6	7.3	2.8872	-0.0753	0.0005	0.3613	-0.4068	60	0.000	55.780838	37.639160	185.10	56.028275	37.231068	228.7	11011
61	2023-04-19	14:08:04	5774.5233	3	0.0199	0.0026	5774.6439	-3.0	7.6	2.8857	-0.0757	0.0008	0.3611	-0.4068	60	0.000	55.780838	37.639160	185.10	--	--	--	11011
61	2023-04-19	14:09:04	5774.5267	3	0.0165	0.0021	5774.6473	-2.2	8.1	2.8908	-0.0760	0.0010	0.3613	-0.4068	60	0.000	55.780838	37.639160	185.10	--	--	--	11011
61	2023-04-19	14:10:04	5774.5256	3	0.0216	0.0028	5774.6465	-1.2	9.2	2.8860	-0.0764	0.0010	0.3614	-0.4068	60	0.000	55.780838	37.639160	185.10	56.028446	37.231190	229.0	11011
61	2023-04-19	14:11:04	5774.5250	3	0.0215	0.0028	5774.6467	-2.1	8.0	2.8921	-0.0767	0.0007	0.3611	-0.4068	60	0.000	55.780838	37.639160	185.10	56.028561	37.230934	228.7	11011
61	2023-04-19	14:12:04	5774.5247	3	0.0175	0.0023	5774.6466	-3.8	7.8	2.8992	-0.0771	0.0009	0.3611	-0.4068	60	0.000	55.780838	37.639160	185.10	56.028545	37.231216	228.1	11011
61	2023-04-19	14:13:04	5774.5242	3	0.0214	0.0028	5774.6466	-4.6	7.6	2.8885	-0.0774	0.0008	0.3611	-0.4068	60	0.000	55.780838	37.639160	185.10	56.028477	37.230778	227.6	11011
61	2023-04-19	14:14:04	5774.5226	3	0.0176	0.0023	5774.6453	-4.0	8.0	2.8904	-0.0778	0.0010	0.3609	-0.4068	60	0.000	55.780838	37.639160	185.10	56.028465	37.231171	227.6	11011
61	2023-04-19	14:15:04	5774.5223	3	0.0151	0.0019	5774.6454	-2.6	7.7	2.8890	-0.0781	0.0008	0.3610	-0.4068	60	0.000	55.780838	37.639160	185.10	56.028400	37.230934	228.3	11011
61	2023-04-19	14:16:04	5774.5251	3	0.0156	0.0020	5774.6486	-3.7	6.7	2.8854	-0.0784	0.0006	0.3611	-0.4068	60	0.000	55.780838	37.639160	185.10	56.028599	37.230656	228.4	11011
61	2023-04-19	14:17:04	5774.5246	3	0.0175	0.0023	5774.6486	-3.8	7.0	2.8853	-0.0788	0.0008	0.3608	-0.4068	60	0.000	55.780838	37.639160	185.10	56.028370	37.230854	228.8	11011
61	2023-04-19	14:18:04	5774.5236	3	0.0192	0.0025	5774.6481	-4.5	6.3	2.8947	-0.0791	0.0007	0.3608	-0.4068	60	0.000	55.780838	37.639160	185.10	56.028408	37.231037	228.9	11011
61	2023-04-19	14:19:04	5774.5235	3	0.0176	0.0023	5774.6480	-3.6	7.5	2.8833	-0.0794	0.0009	0.3609	-0.4069	60	0.000	55.780838	37.639160	185.10	56.028355	37.230515	228.9	11011
61	2023-04-19	14:20:04	5774.5245	3	0.0185	0.0024	5774.6493	-4.0	6.6	2.8891	-0.0797	0.0009	0.3609	-0.4069	60	0.000	55.780838	37.639160	185.10	56.028343	37.230740	229.0	11011
61	2023-04-19	14:21:04	5774.5237	3	0.0189	0.0024	5774.6493	-2.0	6.8	2.8875	-0.0801	0.0006	0.3607	-0.4069	60	0.000	55.780838	37.639160	185.10	56.028622	37.231247	228.6	11011
61	2023-04-19	14:22:04	5774.5191	3	0.0168	0.0022	5774.6449	-3.5	6.2	2.8900	-0.0804	0.0007	0.3607	-0.4069	60	0.000	55.780838	37.639160	185.10	56.028488	37.230827	228.8	11011
61	2023-04-19	14:23:04	5774.5213	3	0.0185	0.0024	5774.6476	-4.0	6.1	2.8831	-0.0807	0.0006	0.3606	-0.4069	60	0.000	55.780838	37.639160	185.10	56.028458	37.231182	229.1	11011
61	2023-04-19	14:24:04	5774.5215	3	0.0236	0.0030	5774.6479	-5.2	6.8	2.8847	-0.0810	0.0008	0.3607	-0.4069	60	0.000	55.780838	37.639160	185.10	56.028477	37.230740	229.1	11011
61	2023-04-19	14:25:04	5774.5250	3	0.0207	0.0027	5774.6515	-5.1	7.1	2.8906	-0.0813	0.0010	0.3607	-0.4069	60	0.000	55.780838	37.639160	185.10	56.028507	37.230778	229.5	11011
61	2023-04-19	14:26:04	5774.5224	3	0.0223	0.0029	5774.6497	-4.7	7.0	2.8873	-0.0816	0.0007	0.3605	-0.4069	60	0.000	55.780838	37.639160	185.10	56.028332	37.230484	229.7	11011
0	2023-04-19	15:47:51	5742.9076	3	0.0163	0.0021	5743.0470	-2.5	-1.7	2.9196	-0.0966	0.0001	0.3644	-0.4072	60	0.000	55.780838	37.639160	185.10	55.780964	37.639236	183.9	11011
0	2023-04-19	15:48:51	5742.9063	3	0.0154	0.0020	5743.0459	-2.1	-3.3	2.9128	-0.0966	0.0002	0.3641	-0.4072	60	0.000	55.780838	37.639160	185.10	55.780952	37.639362	183.8	11011
0	2023-04-19	15:49:51	5742.9055	3	0.0170	0.0022	5743.0450	-1.6	-3.6	2.9171	-0.0967	0.0002	0.3642	-0.4072	60	0.000	55.780838	37.639160	185.10	55.780876	37.639351	182.8	11011
0	2023-04-19	15:50:51	5742.9022	3	0.0190	0.0025	5743.0420	-1.3	-3.0	2.9082	-0.0967	0.0002	0.3640	-0.4072	60	0.000	55.780838	37.639160	185.10	55.780819	37.639294	183.7	11011
0	2023-04-19	15:51:51	5742.9000	3	0.0152	0.0020	5743.0400	0.2	-3.7	2.9119	-0.0968	0.0002	0.3638	-0.4073	60	0.000	55.780838	37.639160	185.10	55.780880	37.639267	184.9	11011
0	2023-04-19	15:52:51	5742.9033	3	0.0167	0.0022	5743.0437	-0.2	-4.2	2.9055	-0.0968	0.0002	0.3635	-0.4073	60	0.000	55.780838	37.639160	185.10	55.780964	37.639160	186.9	11011
0	2023-04-19	15:53:51	5742.9019	3	0.0187	0.0024	5743.0427	-1.0	-3.5	2.9054	-0.0969	0.0002	0.3632	-0.4073	60	0.000	55.780838	37.639160	185.10	55.781040	37.639267	187.0	11011
0	2023-04-19	15:54:51	5742.9050	3	0.0177	0.0023	5743.0456	-1.6	-4.4	2.9045	-0.0969	0.0004	0.3633	-0.4073	60	0.000	55.780838	37.639160	185.10	55.781086	37.639202	186.5	11011
0	2023-04-19	15:55:51	5742.9044	3	0.0156	0.0020	5743.0451	0.1	-5.3	2.9033	-0.0969	0.0003	0.3631	-0.4073	60	0.000	55.780838	37.639160	185.10	55.780762	37.639164	188.0	11011
0	2023-04-19	15:56:51	5742.9029	3	0.0147	0.0019	5743.0437	-0.5	-5.4	2.9054	-0.0969	0.0004	0.3630	-0.4073	60	0.000	55.780838	37.639160	185.10	55.780983	37.639248	190.3	11011
0	2023-04-19	15:57:51	5742.9030	3	0.0181	0.0023	5743.0439	-0.7	-5.7	2.8971	-0.0970	0.0005	0.3629	-0.4073	60	0.000	55.780838	37.639160	185.10	55.780994	37.639179	191.5	11011
0	2023-04-19	15:58:51	5742.9032	3	0.0164	0.0021	5743.0445	-1.0	-5.0	2.9007	-0.0970	0.0003	0.3627	-0.4073	60	0.000	55.780838	37.639160	185.10	55.781269	37.639362	192.8	11011
0	2023-04-19	15:59:51	5742.8999	3	0.0183	0.0024	5743.0414	-1.2	-4.4	2.9054	-0.0970	0.0003	0.3626	-0.4073	60	0.000	55.780838	37.639160	185.10	55.780933	37.639259	193.2	11011
0	2023-04-19	16:00:51	5742.9010	3	0.0168	0.0022	5743.0427	-1.1	-4.6	2.9025	-0.0970	0.0002	0.3624	-0.4073	60	0.000	55.780838	37.639160	185.10	55.781052	37.639336	194.3	11011
0	2023-04-19	16:01:51	5742.9020	3	0.0171	0.0022	5743.0437	-1.4	-4.7	2.9013	-0.0970	0.0003	0.3623	-0.4073	60	0.000	55.780838	37.639160	185.10	55.781219	37.639389	194.5	11011
0	2023-04-19	16:02:51	5742.8992	3	0.0181	0.0023	5743.0410	-0.8	-4.6	2.9024	-0.0970	0.0003	0.3623	-0.4073	60	0.000	55.780838	37.639160	185.10	55.781071	37.639198	195.9	11011
0	2023-04-19	16:03:51	5742.9034	3	0.0143	0.0018	5743.0450	-1.6	-5.6	2.9039	-0.0971	0.0005	0.3622	-0.4073	60	0.000	55.780838	37.639160	185.10	55.780964	37.639313	195.1	11011
0	2023-04-19	16:04:51	5742.9006	3	0.0171	0.0022	5743.0422	-0.8	-6.3	2.9002	-0.0971	0.0004	0.3623	-0.4073	60	0.000	55.780838	37.639160	185.10	55.780926	37.639248	194.5	11011
0	2023-04-19	16:05:51	5742.9004	3	0.0156	0.0020	5743.0420	-0.8	-6.0	2.8934	-0.0971	0.0005	0.3623	-0.4073	60	0.000	55.780838	37.639160	185.10	55.780937	37.639313	194.2	11011
0	2023-04-19	16:06:51	5742.9015	3	0.0170	0.0022	5743.0434	-1.1	-4.4	2.8950	-0.0971	0.0003	0.3621	-0.4073	60	0.000	55.780838	37.639160	185.10	55.780918	37.639370	194.6	11011
0	2023-04-19	16:07:51	5742.9019	3	0.0173	0.0022	5743.0441	-0.8	-4.2	2.8921	-0.0970	0.0003	0.3619	-0.4073	60	0.000	55.780838	37.639160	185.10	55.780869	37.639381	194.7	11011
0	2023-04-19	16:08:51	5742.9009	3	0.0163	0.0021	5743.0431	-1.0	-5.6	2.8992	-0.0970	0.0004	0.3618	-0.4073	60	0.000	55.780838	37.639160	185.10	55.780869	37.639313	194.9	11011
0	2023-04-19	16:09:51	5742.9010	3	0.0151	0.0019	5743.0432	-0.9	-5.4	2.8943	-0.0970	0.0003	0.3618	-0.4073	60	0.000	55.780838	37.639160	185.10	55.780972	37.639336	193.8	11011
0	2023-04-19	16:10:51	5742.9005	3	0.0150	0.0019	5743.0428	-0.7	-5.0	2.8992	-0.0970	0.0004	0.3617	-0.4073	60	0.000	55.780838	37.639160	185.10	55.780895	37.639317	191.0	11011
0	2023-04-19	16:11:51	5742.9038	3	0.0157	0.0020	5743.0462	-1.0	-4.5	2.8894	-0.0970	0.0003	0.3617	-0.4073	60	0.000	55.780838	37.639160	185.10	55.780899	37.639221	190.6	11011
0	2023-04-19	16:12:51	5742.9053	3	0.0189	0.0024	5743.0478	-1.9	-4.7	2.8918	-0.0970	0.0003	0.3615	-0.4073	60	0.000	55.780838	37.639160	185.10	55.780907	37.639351	190.6	11011
0	2023-04-19	16:13:51	5742.9021	3	0.0170	0.0022	5743.0445	-0.3	-5.0	2.8919	-0.0970	0.0003	0.3616	-0.4073	60	0.000	55.780838	37.639160	185.10	55.780926	37.639267	190.4	11011
0	2023-04-19	16:14:51	5742.9014	3	0.0187	0.0024	5743.0439	-0.7	-4.5	2.8972	-0.0969	0.0002	0.3615	-0.4074	60	0.000	55.780838	37.639160	185.10	55.780895	37.639278	191.1	11011
0	2023-04-19	16:15:51	5742.9051	3	0.0165	0.0021	5743.0477	-2.1	-3.2	2.8854	-0.0969	0.0002	0.3615	-0.4074	60	0.000	55.780838	37.639160	185.10	55.780895	37.639297	191.0	11011
0	2023-04-19	16:16:51	5742.9025	3	0.0153	0.0020	5743.0452	-1.0	-3.6	2.8901	-0.0969	0.0002	0.3614	-0.4074	60	0.000	55.780838	37.639160	185.10	55.780907	37.639267	190.8	11011
0	2023-04-19	16:17:51	5742.9046	3	0.0155	0.0020	5743.0472	-2.1	-4.1	2.8960	-0.0968	0.0003	0.3614	-0.4074	60	0.000	55.780838	37.639160	185.10	55.780880	37.639420	190.8	11011
0	2023-04-19	16:18:51	5742.9038	3	0.0185	0.0024	5743.0464	-1.4	-5.0	2.8860	-0.0968	0.0003	0.3613	-0.4074	60	0.000	55.780838	37.639160	185.10	55.780933	37.639343	190.3	11011
0	2023-04-19	16:19:51	5742.9042	3	0.0191	0.0025	5743.0468	-0.0	-5.5	2.8953	-0.0968	0.0004	0.3612	-0.4074	60	0.000	55.780838	37.639160	185.10	55.780880	37.639278	190.1	11011
0	2023-04-19	16:20:51	5742.9068	3	0.0145	0.0019	5743.0492	0.7	-6.3	2.8944	-0.0967	0.0005	0.3612	-0.4074	60	0.000	55.780838	37.639160	185.10	55.780899	37.639278	190.9	11011
0	2023-04-19	16:21:51	5742.9037	3	0.0162	0.0021	5743.0461	0.2	-5.9	2.8873	-0.0967	0.0004	0.3612	-0.4074	60	0.000	55.780838	37.639160	185.10	55.780983	37.639160	190.5	11011
0	2023-04-19	16:22:51	5742.9015	3	0.0128	0.0016	5743.0440	-1.6	-5.7	2.8859	-0.0966	0.0004	0.3611	-0.4074	60	0.000	55.780838	37.639160	185.10	55.780899	37.639439	189.6	11011
0	2023-04-19	16:23:51	5742.9011	3	0.0162	0.0021	5743.0439	-1.0	-3.4	2.8790	-0.0966	0.0001	0.3610	-0.4074	60	0.000	55.780838	37.639160	185.10	55.780838	37.639351	187.5	11011
0	2023-04-19	16:24:51	5742.9044	3	0.0146	0.0019	5743.0471	0.0	-5.5	2.8879	-0.0965	0.0003	0.3609	-0.4074	60	0.000	55.780838	37.639160	185.10	55.780972	37.639267	187.9	11011
0	2023-04-19	16:25:51	5742.9008	3	0.0158	0.0020	5743.0434	-0.4	-5.6	2.8854	-0.0965	0.0004	0.3609	-0.4074	60	0.000	55.780838	37.639160	185.10	55.780762	37.639370	189.7	11011
0	2023-04-19	16:26:51	5742.9013	3	0.0147	0.0019	5743.0439	-0.6	-6.1	2.8870	-0.0964	0.0005	0.3607	-0.4074	60	0.000	55.780838	37.639160	185.10	55.780899	37.639420	189.7	11011
0	2023-04-19	16:27:51	5742.9027	3	0.0145	0.0019	5743.0453	-0.1	-6.3	2.8863	-0.0963	0.0004	0.3608	-0.4074	60	0.000	55.780838	37.639160	185.10	55.780907	37.639465	189.1	11011
0	2023-04-19	16:28:51	5742.9028	3	0.0148	0.0019	5743.0452	-1.3	-6.7	2.8901	-0.0963	0.0006	0.3607	-0.4074	60	0.000	55.780838	37.639160	185.10	55.780952	37.639164	186.5	11011
0	2023-04-19	16:29:51	5742.9006	3	0.0173	0.0022	5743.0430	-1.1	-6.2	2.8905	-0.0962	0.0004	0.3607	-0.4074	60	0.000	55.780838	37.639160	185.10	55.780895	37.639351	186.1	11011
0	2023-04-19	16:30:51	5742.9042	3	0.0168	0.0022	5743.0468	0.6	-5.6	2.8841	-0.0961	0.0004	0.3605	-0.4074	60	0.000	55.780838	37.639160	185.10	55.780918	37.639141	185.8	11011
0	2023-04-19	16:31:51	5742.9052	3	0.0174	0.0022	5743.0477	-0.2	-5.4	2.8926	-0.0961	0.0004	0.3606	-0.4074	60	0.000	55.780838	37.639160	185.10	55.780991	37.639217	185.0	11011
0	2023-04-19	16:32:51	5742.9038	3	0.0171	0.0022	5743.0462	0.1	-5.5	2.8828	-0.0960	0.0004	0.3607	-0.4074	60	0.000	55.780838	37.639160	185.10	55.780869	37.639362	184.7	11011
0	2023-04-19	16:33:51	5742.9065	3	0.0177	0.0023	5743.0489	0.2	-5.0	2.8903	-0.0959	0.0003	0.3605	-0.4074	60	0.000	55.780838	37.639160	185.10	55.780918	37.639294	183.8	11011
0	2023-04-19	16:34:51	5742.9024	3	0.0198	0.0026	5743.0448	0.1	-5.0	2.8801	-0.0958	0.0003	0.3605	-0.4074	60	0.000	55.780838	37.639160	185.10	55.780964	37.639393	182.8	11011
0	2023-04-19	16:35:51	5742.9036	3	0.0157	0.0020	5743.0458	0.3	-5.8	2.8905	-0.0957	0.0005	0.3605	-0.4074	60	0.000	55.780838	37.639160	185.10	55.780907	37.639496	182.8	11011
0	2023-04-19	16:36:51	5742.9017	3	0.0170	0.0022	5743.0442	-0.2	-4.8	2.8831	-0.0956	0.0003	0.3604	-0.4074	60	0.000	55.780838	37.639160	185.10	55.780952	37.639400	182.3	11011
0	2023-04-19	16:37:51	5742.9025	3	0.0189	0.0024	5743.0450	-0.0	-4.8	2.8796	-0.0956	0.0003	0.3602	-0.4075	60	0.000	55.780838	37.639160	185.10	55.781021	37.639362	180.5	11011
0	2023-04-19	16:38:51	5742.9025	3	0.0184	0.0024	5743.0449	-0.1	-4.6	2.8820	-0.0955	0.0003	0.3603	-0.4075	60	0.000	55.780838	37.639160	185.10	55.781040	37.639351	177.5	11011
0	2023-04-19	16:39:51	5742.9014	3	0.0122	0.0016	5743.0433	-0.4	-4.9	2.8730	-0.0954	0.0004	0.3605	-0.4075	60	0.000	55.780838	37.639160	185.10	55.780956	37.639336	177.8	11011
0	2023-04-19	16:40:51	5742.9027	3	0.0168	0.0022	5743.0447	-0.4	-5.6	2.8741	-0.0953	0.0004	0.3603	-0.4075	60	0.000	55.780838	37.639160	185.10	55.780880	37.639278	177.4	11011
0	2023-04-19	16:41:51	5742.9007	3	0.0160	0.0021	5743.0424	-0.2	-5.7	2.8832	-0.0952	0.0005	0.3605	-0.4075	60	0.000	55.780838	37.639160	185.10	55.780899	37.639267	176.8	11011
0	2023-04-19	16:42:51	5742.9044	3	0.0163	0.0021	5743.0464	0.1	-4.9	2.8845	-0.0951	0.0003	0.3602	-0.4075	60	0.000	55.780838	37.639160	185.10	55.780792	37.639294	176.7	11011
0	2023-04-19	16:43:51	5742.9040	3	0.0196	0.0025	5743.0459	-1.2	-5.0	2.8795	-0.0950	0.0004	0.3602	-0.4075	60	0.000	55.780838	37.639160	185.10	55.780937	37.639248	175.7	11011
0	2023-04-19	16:44:51	5742.9030	3	0.0174	0.0022	5743.0449	-0.1	-4.6	2.8875	-0.0949	0.0003	0.3602	-0.4075	60	0.000	55.780838	37.639160	185.10	55.780819	37.639332	175.8	11011
0	2023-04-19	16:45:51	5742.9025	3	0.0158	0.0020	5743.0444	-0.4	-3.4	2.8785	-0.0948	0.0002	0.3601	-0.4075	60	0.000	55.780838	37.639160	185.10	55.780861	37.639275	175.3	11011
0	2023-04-19	16:46:51	5742.9018	3	0.0186	0.0024	5743.0435	-0.9	-3.1	2.8855	-0.0946	0.0001	0.3603	-0.4075	60	0.000	55.780838	37.639160	185.10	55.780792	37.639336	175.7	11011
