/		CG-6 Survey
/		Survey Name:	MAIN-ZVEB
/		Instrument Serial Number:	000000022090465
/		Created:	2023-04-18 06:05:10
/
/		CG-6 Calibration
/		Operator:	OAZ
/		Gcal1 [mGal]:	8286.592000
/		Goff [ADU]:	-8388608.000000
/		Gref [mGal]:	0.0000
/		X Scale [arc-sec/ADU]:	0.031989
/		Y Scale [arc-sec/ADU]:	0.031061
/		X Offset [ADU]:	-9210.497388
/		Y Offset [ADU]:	-163918.006243
/		Temperature Coefficient [mGal/mK]:	-0.129000
/		Temperature Scale [mK/ADU]:	-0.000111
/		Drift Rate [mGal/day]:	0.007000
/		Drift Zero Time:	2023-02-14 12:00:00
/		Firmware Version:	CG6_2_20220815
/
/Station	Date	Time	CorrGrav	Line	StdDev	StdErr	RawGrav	X	Y	SensorTemp	TideCorr	TiltCorr	TempCorr	DriftCorr	MeasurDur	InstrHeight	LatUser	LonUser	ElevUser	LatGPS	LonGPS	ElevGPS	Corrections[drift-temp-na-tide-tilt]
0	2023-04-18	06:05:10	5899.0829	2	0.0093	0.0012	5899.5144	1.0	2.7	0.3070	-0.0320	0.0001	0.0397	-0.4393	60	0.000	55.800000	37.500000	187.90	--	--	--	11011
0	2023-04-18	06:06:10	5899.0829	2	0.0095	0.0012	5899.5142	2.6	2.4	0.3083	-0.0316	0.0002	0.0394	-0.4393	60	0.000	55.800000	37.500000	187.90	--	--	--	11011
0	2023-04-18	06:07:10	5899.0834	2	0.0090	0.0012	5899.5142	3.5	2.2	0.3070	-0.0312	0.0003	0.0394	-0.4393	60	0.000	55.800000	37.500000	187.90	--	--	--	11011
0	2023-04-18	06:08:10	5899.0827	2	0.0096	0.0012	5899.5134	2.7	2.0	0.3044	-0.0308	0.0002	0.0391	-0.4393	60	0.000	55.800000	37.500000	187.90	--	--	--	11011
0	2023-04-18	06:09:10	5899.0838	2	0.0098	0.0013	5899.5141	2.8	1.9	0.2977	-0.0303	0.0002	0.0392	-0.4393	60	0.000	55.800000	37.500000	187.90	--	--	--	11011
0	2023-04-18	06:10:10	5899.0841	2	0.0117	0.0015	5899.5143	1.7	2.7	0.3076	-0.0299	0.0002	0.0389	-0.4393	60	0.000	55.800000	37.500000	187.90	--	--	--	11011
0	2023-04-18	06:11:10	5899.0842	2	0.0121	0.0016	5899.5140	1.4	1.7	0.2986	-0.0295	0.0001	0.0390	-0.4393	60	0.000	55.800000	37.500000	187.90	--	--	--	11011
0	2023-04-18	06:12:10	5899.0844	2	0.0088	0.0011	5899.5140	2.1	2.3	0.3004	-0.0291	0.0002	0.0386	-0.4393	60	0.000	55.800000	37.500000	187.90	--	--	--	11011
0	2023-04-18	06:13:10	5899.0834	2	0.0106	0.0014	5899.5127	2.4	1.9	0.3021	-0.0287	0.0001	0.0386	-0.4393	60	0.000	55.800000	37.500000	187.90	--	--	--	11011
0	2023-04-18	06:14:10	5899.0822	2	0.0115	0.0015	5899.5109	2.0	1.8	0.2992	-0.0283	0.0001	0.0387	-0.4393	60	0.000	55.800000	37.500000	187.90	--	--	--	11011
0	2023-04-18	06:15:10	5899.0834	2	0.0083	0.0011	5899.5118	2.7	2.6	0.3008	-0.0279	0.0002	0.0386	-0.4393	60	0.000	55.800000	37.500000	187.90	--	--	--	11011
0	2023-04-18	06:16:10	5899.0823	2	0.0102	0.0013	5899.5104	2.9	2.8	0.2957	-0.0275	0.0002	0.0384	-0.4393	60	0.000	55.800000	37.500000	187.90	--	--	--	11011
0	2023-04-18	06:17:10	5899.0844	2	0.0108	0.0014	5899.5121	2.4	3.8	0.2967	-0.0271	0.0003	0.0384	-0.4393	60	0.000	55.800000	37.500000	187.90	--	--	--	11011
0	2023-04-18	06:18:10	5899.0832	2	0.0069	0.0009	5899.5104	3.8	3.0	0.2960	-0.0267	0.0003	0.0385	-0.4393	60	0.000	55.800000	37.500000	187.90	--	--	--	11011
0	2023-04-18	06:19:10	5899.0836	2	0.0088	0.0011	5899.5108	3.3	1.3	0.3003	-0.0263	0.0001	0.0383	-0.4393	60	0.000	55.800000	37.500000	187.90	--	--	--	11011
0	2023-04-18	06:20:10	5899.0831	2	0.0090	0.0012	5899.5098	3.7	1.4	0.2966	-0.0259	0.0002	0.0383	-0.4393	60	0.000	55.800000	37.500000	187.90	--	--	--	11011
0	2023-04-18	06:21:10	5899.0826	2	0.0095	0.0012	5899.5090	3.4	1.9	0.3001	-0.0255	0.0002	0.0382	-0.4394	60	0.000	55.800000	37.500000	187.90	--	--	--	11011
0	2023-04-18	06:22:10	5899.0815	2	0.0084	0.0011	5899.5076	4.2	2.4	0.2963	-0.0251	0.0002	0.0382	-0.4394	60	0.000	55.800000	37.500000	187.90	55.780811	37.639389	185.8	11011
0	2023-04-18	06:23:10	5899.0826	2	0.0091	0.0012	5899.5081	4.2	2.3	0.2925	-0.0247	0.0004	0.0381	-0.4394	60	0.000	55.800000	37.500000	187.90	55.780746	37.639446	186.1	11011
0	2023-04-18	06:24:10	5899.0825	2	0.0094	0.0012	5899.5078	3.4	1.9	0.2873	-0.0243	0.0003	0.0381	-0.4394	60	0.000	55.800000	37.500000	187.90	55.780918	37.639248	187.7	11011
0	2023-04-18	06:25:10	5899.0831	2	0.0080	0.0010	5899.5080	4.0	1.4	0.2970	-0.0239	0.0003	0.0382	-0.4394	60	0.000	55.800000	37.500000	187.90	55.781124	37.639133	187.6	11011
0	2023-04-18	06:26:10	5899.0830	2	0.0102	0.0013	5899.5077	3.1	1.7	0.2982	-0.0235	0.0001	0.0380	-0.4394	60	0.000	55.800000	37.500000	187.90	55.781166	37.639294	186.7	11011
0	2023-04-18	06:27:10	5899.0814	2	0.0086	0.0011	5899.5055	4.8	2.9	0.2918	-0.0231	0.0003	0.0381	-0.4394	60	0.000	55.800000	37.500000	187.90	55.781013	37.639523	186.5	11011
0	2023-04-18	06:28:10	5899.0830	2	0.0096	0.0012	5899.5068	5.0	3.3	0.2959	-0.0227	0.0003	0.0380	-0.4394	60	0.000	55.800000	37.500000	187.90	55.780964	37.639439	186.5	11011
0	2023-04-18	06:29:10	5899.0825	2	0.0080	0.0010	5899.5061	4.5	3.8	0.2913	-0.0224	0.0004	0.0377	-0.4394	60	0.000	55.800000	37.500000	187.90	55.781010	37.639294	186.4	11011
0	2023-04-18	06:30:10	5899.0838	2	0.0080	0.0010	5899.5067	4.3	4.9	0.2926	-0.0220	0.0005	0.0380	-0.4394	60	0.000	55.800000	37.500000	187.90	55.781200	37.639126	186.3	11011
0	2023-04-18	06:31:10	5899.0830	2	0.0097	0.0012	5899.5055	3.3	4.8	0.2882	-0.0216	0.0005	0.0379	-0.4394	60	0.000	55.800000	37.500000	187.90	55.781124	37.639370	186.9	11011
0	2023-04-18	06:32:10	5899.0825	2	0.0089	0.0012	5899.5048	4.1	4.6	0.2914	-0.0212	0.0005	0.0378	-0.4394	60	0.000	55.800000	37.500000	187.90	55.781052	37.639046	186.9	11011
0	2023-04-18	06:33:10	5899.0826	2	0.0109	0.0014	5899.5047	4.4	3.3	0.2945	-0.0208	0.0004	0.0377	-0.4394	60	0.000	55.800000	37.500000	187.90	55.781071	37.639217	187.3	11011
0	2023-04-18	06:34:10	5899.0822	2	0.0086	0.0011	5899.5039	4.3	3.9	0.2919	-0.0205	0.0004	0.0377	-0.4394	60	0.000	55.800000	37.500000	187.90	55.780823	37.639469	187.8	11011
0	2023-04-18	06:35:10	5899.0811	2	0.0105	0.0014	5899.5025	4.1	4.2	0.2890	-0.0201	0.0005	0.0376	-0.4394	60	0.000	55.800000	37.500000	187.90	--	--	--	11011
0	2023-04-18	06:36:10	5899.0813	2	0.0116	0.0015	5899.5025	5.1	3.3	0.2889	-0.0197	0.0004	0.0375	-0.4394	60	0.000	55.800000	37.500000	187.90	55.780895	37.639408	188.6	11011
0	2023-04-18	06:37:10	5899.0829	2	0.0084	0.0011	5899.5037	5.9	2.8	0.2929	-0.0193	0.0006	0.0374	-0.4394	60	0.000	55.800000	37.500000	187.90	55.781078	37.639324	190.8	11011
0	2023-04-18	06:38:10	5899.0818	2	0.0087	0.0011	5899.5020	6.4	3.2	0.2874	-0.0190	0.0007	0.0375	-0.4394	60	0.000	55.800000	37.500000	187.90	55.781250	37.639465	192.4	11011
0	2023-04-18	06:39:10	5899.0816	2	0.0093	0.0012	5899.5017	5.7	3.2	0.2966	-0.0186	0.0005	0.0374	-0.4394	60	0.000	55.800000	37.500000	187.90	55.780956	37.639420	192.5	11011
0	2023-04-18	06:40:10	5899.0812	2	0.0079	0.0010	5899.5009	5.5	3.1	0.2888	-0.0182	0.0005	0.0374	-0.4394	60	0.000	55.800000	37.500000	187.90	55.780933	37.639565	192.4	11011
0	2023-04-18	06:41:10	5899.0817	2	0.0114	0.0015	5899.5013	3.4	2.8	0.2904	-0.0179	0.0003	0.0374	-0.4394	60	0.000	55.800000	37.500000	187.90	55.781040	37.639523	192.3	11011
0	2023-04-18	06:42:10	5899.0827	2	0.0081	0.0010	5899.5019	3.8	3.3	0.2925	-0.0175	0.0004	0.0374	-0.4395	60	0.000	55.800000	37.500000	187.90	55.781219	37.639248	192.9	11011
0	2023-04-18	06:43:10	5899.0829	2	0.0066	0.0008	5899.5018	3.8	4.2	0.2916	-0.0172	0.0004	0.0373	-0.4395	60	0.000	55.800000	37.500000	187.90	55.781300	37.638866	193.2	11011
0	2023-04-18	06:44:10	5899.0823	2	0.0087	0.0011	5899.5007	5.0	4.0	0.2915	-0.0168	0.0005	0.0374	-0.4395	60	0.000	55.800000	37.500000	187.90	55.780411	37.639297	192.5	11011
0	2023-04-18	06:45:10	5899.0817	2	0.0079	0.0010	5899.4997	5.2	4.4	0.2850	-0.0164	0.0006	0.0374	-0.4395	60	0.000	55.800000	37.500000	187.90	55.781414	37.638817	195.2	11011
0	2023-04-18	06:46:10	5899.0812	2	0.0091	0.0012	5899.4991	4.8	3.5	0.2905	-0.0161	0.0004	0.0372	-0.4395	60	0.000	55.800000	37.500000	187.90	55.781357	37.638885	195.8	11011
0	2023-04-18	06:47:10	5899.0827	2	0.0101	0.0013	5899.5004	4.0	3.0	0.2865	-0.0157	0.0004	0.0371	-0.4395	60	0.000	55.800000	37.500000	187.90	55.780670	37.639210	193.1	11011
0	2023-04-18	06:48:10	5899.0814	2	0.0108	0.0014	5899.4989	3.5	2.7	0.2914	-0.0154	0.0003	0.0371	-0.4395	60	0.000	55.800000	37.500000	187.90	55.781364	37.639217	194.3	11011
0	2023-04-18	06:49:10	5899.0832	2	0.0070	0.0009	5899.5004	3.1	3.0	0.2883	-0.0150	0.0002	0.0371	-0.4395	60	0.000	55.800000	37.500000	187.90	55.780964	37.638973	196.2	11011
0	2023-04-18	06:50:10	5899.0835	2	0.0083	0.0011	5899.5003	3.1	3.9	0.2813	-0.0147	0.0004	0.0370	-0.4395	60	0.000	55.800000	37.500000	187.90	55.780899	37.639095	196.7	11011
0	2023-04-18	06:51:10	5899.0824	2	0.0083	0.0011	5899.4990	2.8	4.1	0.2851	-0.0144	0.0003	0.0370	-0.4395	60	0.000	55.800000	37.500000	187.90	55.781315	37.639160	198.7	11011
0	2023-04-18	06:52:10	5899.0821	2	0.0093	0.0012	5899.4983	3.5	2.8	0.2856	-0.0140	0.0003	0.0370	-0.4395	60	0.000	55.800000	37.500000	187.90	55.781242	37.639324	200.2	11011
0	2023-04-18	06:53:10	5899.0821	2	0.0084	0.0011	5899.4980	3.2	2.1	0.2911	-0.0137	0.0002	0.0371	-0.4395	60	0.000	55.800000	37.500000	187.90	55.781174	37.639248	202.0	11011
0	2023-04-18	06:54:10	5899.0826	2	0.0110	0.0014	5899.4981	2.2	3.0	0.2824	-0.0133	0.0002	0.0371	-0.4395	60	0.000	55.800000	37.500000	187.90	55.780918	37.639370	200.1	11011
0	2023-04-18	06:55:10	5899.0834	2	0.0069	0.0009	5899.4988	2.0	3.8	0.2923	-0.0130	0.0003	0.0369	-0.4395	60	0.000	55.800000	37.500000	187.90	55.781288	37.639057	198.1	11011
0	2023-04-18	06:56:10	5899.0811	2	0.0097	0.0013	5899.4964	2.2	2.6	0.2939	-0.0127	0.0001	0.0368	-0.4395	60	0.000	55.800000	37.500000	187.90	55.781021	37.639191	194.5	11011
0	2023-04-18	06:57:10	5899.0833	2	0.0112	0.0014	5899.4980	1.5	3.5	0.2839	-0.0124	0.0002	0.0369	-0.4395	60	0.000	55.800000	37.500000	187.90	55.780811	37.639332	194.9	11011
0	2023-04-18	06:58:10	5899.0827	2	0.0106	0.0014	5899.4971	0.7	3.9	0.2844	-0.0120	0.0002	0.0369	-0.4395	60	0.000	55.800000	37.500000	187.90	55.781010	37.639103	196.2	11011
0	2023-04-18	06:59:10	5899.0823	2	0.0109	0.0014	5899.4966	1.4	3.3	0.2802	-0.0117	0.0002	0.0368	-0.4395	60	0.000	55.800000	37.500000	187.90	55.780933	37.639145	196.0	11011
0	2023-04-18	07:00:10	5899.0830	2	0.0090	0.0012	5899.4969	1.3	2.6	0.2848	-0.0114	0.0001	0.0369	-0.4395	60	0.000	55.800000	37.500000	187.90	55.781231	37.639542	195.0	11011
0	2023-04-18	07:01:10	5899.0816	2	0.0084	0.0011	5899.4952	2.2	2.4	0.2909	-0.0111	0.0002	0.0368	-0.4395	60	0.000	55.800000	37.500000	187.90	--	--	--	11011
0	2023-04-18	07:02:10	5899.0836	2	0.0091	0.0012	5899.4969	1.3	3.4	0.2859	-0.0107	0.0002	0.0368	-0.4395	60	0.000	55.800000	37.500000	187.90	55.781128	37.639275	194.7	11011
0	2023-04-18	07:03:10	5899.0833	2	0.0098	0.0013	5899.4963	1.7	2.5	0.2833	-0.0104	0.0001	0.0368	-0.4396	60	0.000	55.800000	37.500000	187.90	55.781479	37.639297	192.2	11011
0	2023-04-18	07:04:10	5899.0827	2	0.0100	0.0013	5899.4955	2.4	2.3	0.2859	-0.0101	0.0001	0.0368	-0.4396	60	0.000	55.800000	37.500000	187.90	55.781223	37.639317	194.6	11011
20	2023-04-18	09:08:06	5876.4864	2	0.0105	0.0014	5876.8831	0.3	2.3	0.2947	0.0043	0.0001	0.0391	-0.4402	60	0.000	55.800000	37.500000	187.90	55.699322	36.757771	180.4	11011
20	2023-04-18	09:09:06	5876.4865	2	0.0108	0.0014	5876.8840	-0.5	0.4	0.2950	0.0042	0.0000	0.0384	-0.4402	60	0.000	55.800000	37.500000	187.90	55.699322	36.757713	182.5	11011
20	2023-04-18	09:10:06	5876.4866	2	0.0105	0.0014	5876.8848	0.7	1.1	0.2934	0.0041	0.0001	0.0378	-0.4402	60	0.000	55.800000	37.500000	187.90	55.699318	36.757904	179.0	11011
20	2023-04-18	09:11:06	5876.4870	2	0.0099	0.0013	5876.8856	-0.6	1.7	0.2792	0.0040	0.0001	0.0375	-0.4402	60	0.000	55.800000	37.500000	187.90	55.700405	36.756943	179.1	11011
20	2023-04-18	09:12:06	5876.4870	2	0.0098	0.0013	5876.8862	-1.0	2.4	0.2795	0.0039	0.0001	0.0370	-0.4402	60	0.000	55.800000	37.500000	187.90	55.700043	36.757130	180.5	11011
20	2023-04-18	09:13:06	5876.4884	2	0.0108	0.0014	5876.8881	-2.1	2.9	0.2824	0.0038	0.0002	0.0365	-0.4402	60	0.000	55.800000	37.500000	187.90	55.699406	36.757725	178.6	11011
20	2023-04-18	09:14:06	5876.4876	2	0.0105	0.0013	5876.8879	-1.9	4.0	0.2799	0.0036	0.0003	0.0361	-0.4402	60	0.000	55.800000	37.500000	187.90	55.699398	36.758121	178.5	11011
20	2023-04-18	09:15:06	5876.4875	2	0.0113	0.0015	5876.8880	-0.4	3.7	0.2723	0.0035	0.0002	0.0359	-0.4402	60	0.000	55.800000	37.500000	187.90	55.699322	36.758465	180.2	11011
20	2023-04-18	09:16:06	5876.4876	2	0.0098	0.0013	5876.8889	-1.3	4.2	0.2678	0.0034	0.0003	0.0352	-0.4402	60	0.000	55.800000	37.500000	187.90	55.699482	36.757732	180.9	11011
20	2023-04-18	09:17:06	5876.4883	2	0.0087	0.0011	5876.8902	0.0	3.1	0.2761	0.0033	0.0001	0.0350	-0.4402	60	0.000	55.800000	37.500000	187.90	55.699406	36.757973	181.1	11011
20	2023-04-18	09:18:06	5876.4870	2	0.0087	0.0011	5876.8894	-0.5	3.2	0.2692	0.0031	0.0001	0.0346	-0.4402	60	0.000	55.800000	37.500000	187.90	55.699463	36.757923	182.0	11011
20	2023-04-18	09:19:06	5876.4859	2	0.0066	0.0009	5876.8885	-0.5	4.1	0.2625	0.0030	0.0003	0.0343	-0.4402	60	0.000	55.800000	37.500000	187.90	55.699425	36.758228	182.5	11011
20	2023-04-18	09:20:06	5876.4883	2	0.0100	0.0013	5876.8915	-0.7	3.9	0.2621	0.0029	0.0002	0.0339	-0.4402	60	0.000	55.800000	37.500000	187.90	55.699375	36.758049	182.9	11011
20	2023-04-18	09:21:06	5876.4864	2	0.0108	0.0014	5876.8901	-0.4	3.6	0.2611	0.0027	0.0002	0.0336	-0.4402	60	0.000	55.800000	37.500000	187.90	55.699455	36.757725	185.0	11011
20	2023-04-18	09:22:06	5876.4860	2	0.0085	0.0011	5876.8900	-1.9	3.9	0.2542	0.0026	0.0003	0.0334	-0.4402	60	0.000	55.800000	37.500000	187.90	55.699413	36.757771	185.3	11011
20	2023-04-18	09:23:06	5876.4858	2	0.0098	0.0013	5876.8903	-1.9	3.8	0.2543	0.0025	0.0002	0.0330	-0.4402	60	0.000	55.800000	37.500000	187.90	55.699310	36.757610	184.5	11011
20	2023-04-18	09:24:06	5876.4873	2	0.0087	0.0011	5876.8919	-2.8	4.1	0.2500	0.0023	0.0004	0.0329	-0.4402	60	0.000	55.800000	37.500000	187.90	55.699337	36.757992	184.0	11011
20	2023-04-18	09:25:06	5876.4861	2	0.0114	0.0015	5876.8912	-2.8	4.6	0.2594	0.0022	0.0005	0.0325	-0.4402	60	0.000	55.800000	37.500000	187.90	55.699379	36.757931	184.1	11011
20	2023-04-18	09:26:06	5876.4864	2	0.0098	0.0013	5876.8920	-2.6	5.0	0.2490	0.0020	0.0003	0.0324	-0.4402	60	0.000	55.800000	37.500000	187.90	55.699375	36.757973	184.9	11011
20	2023-04-18	09:27:06	5876.4854	2	0.0087	0.0011	5876.8914	-2.0	5.0	0.2557	0.0018	0.0003	0.0322	-0.4403	60	0.000	55.800000	37.500000	187.90	55.699444	36.758171	187.5	11011
20	2023-04-18	09:28:06	5876.4870	2	0.0101	0.0013	5876.8931	-2.4	5.3	0.2503	0.0017	0.0004	0.0321	-0.4403	60	0.000	55.800000	37.500000	187.90	55.699398	36.758030	188.4	11011
20	2023-04-18	09:29:06	5876.4863	2	0.0117	0.0015	5876.8930	-2.3	4.9	0.2493	0.0015	0.0003	0.0317	-0.4403	60	0.000	55.800000	37.500000	187.90	55.699482	36.757904	187.9	11011
20	2023-04-18	09:30:06	5876.4872	2	0.0099	0.0013	5876.8941	-2.9	5.6	0.2470	0.0014	0.0005	0.0315	-0.4403	60	0.000	55.800000	37.500000	187.90	55.699463	36.757725	182.0	11011
20	2023-04-18	09:31:06	5876.4865	2	0.0091	0.0012	5876.8937	-3.1	6.4	0.2399	0.0012	0.0006	0.0313	-0.4403	60	0.000	55.800000	37.500000	187.90	55.699348	36.756836	173.1	11011
20	2023-04-18	09:32:06	5876.4863	2	0.0117	0.0015	5876.8936	-3.5	7.6	0.2390	0.0010	0.0010	0.0310	-0.4403	60	0.000	55.800000	37.500000	187.90	55.699398	36.757343	170.6	11011
20	2023-04-18	09:33:06	5876.4873	2	0.0103	0.0013	5876.8949	-4.2	7.7	0.2357	0.0008	0.0009	0.0309	-0.4403	60	0.000	55.800000	37.500000	187.90	55.699341	36.757713	168.8	11011
20	2023-04-18	09:34:06	5876.4869	2	0.0090	0.0012	5876.8947	-6.0	6.7	0.2338	0.0007	0.0010	0.0308	-0.4403	60	0.000	55.800000	37.500000	187.90	55.699406	36.757778	169.2	11011
20	2023-04-18	09:35:06	5876.4861	2	0.0115	0.0015	5876.8946	-6.1	6.1	0.2335	0.0005	0.0008	0.0306	-0.4403	60	0.000	55.800000	37.500000	187.90	55.699253	36.757771	169.3	11011
20	2023-04-18	09:36:06	5876.4873	2	0.0094	0.0012	5876.8957	-6.9	5.8	0.2311	0.0003	0.0011	0.0305	-0.4403	60	0.000	55.800000	37.500000	187.90	55.699322	36.757664	169.1	11011
20	2023-04-18	09:37:06	5876.4861	2	0.0109	0.0014	5876.8952	-6.5	5.4	0.2300	0.0001	0.0009	0.0301	-0.4403	60	0.000	55.800000	37.500000	187.90	55.699223	36.757362	167.9	11011
20	2023-04-18	09:38:06	5876.4863	2	0.0091	0.0012	5876.8956	-5.3	7.6	0.2334	-0.0001	0.0010	0.0300	-0.4403	60	0.000	55.800000	37.500000	187.90	55.699757	36.757847	169.1	11011
20	2023-04-18	09:39:06	5876.4864	2	0.0103	0.0013	5876.8961	-5.7	7.6	0.2315	-0.0003	0.0011	0.0298	-0.4403	60	0.000	55.800000	37.500000	187.90	55.699223	36.757668	169.6	11011
20	2023-04-18	09:40:06	5876.4869	2	0.0088	0.0011	5876.8975	-4.5	6.3	0.2239	-0.0005	0.0007	0.0296	-0.4403	60	0.000	55.800000	37.500000	187.90	55.699291	36.757668	170.2	11011
20	2023-04-18	09:41:06	5876.4851	2	0.0087	0.0011	5876.8952	-5.8	7.3	0.2317	-0.0007	0.0012	0.0297	-0.4403	60	0.000	55.800000	37.500000	187.90	55.699501	36.757778	171.3	11011
20	2023-04-18	09:42:06	5876.5359	2	0.1396	0.0180	5876.9466	-4.9	7.2	0.2267	-0.0009	0.0011	0.0295	-0.4403	60	0.000	55.800000	37.500000	187.90	55.699528	36.757744	171.3	11011
20	2023-04-18	09:43:06	5876.4870	2	0.0089	0.0011	5876.8981	-5.1	7.6	0.2252	-0.0011	0.0011	0.0292	-0.4403	60	0.000	55.800000	37.500000	187.90	55.699551	36.757912	171.2	11011
20	2023-04-18	09:44:06	5876.4868	2	0.0078	0.0010	5876.8982	-5.9	8.0	0.2196	-0.0013	0.0011	0.0291	-0.4403	60	0.000	55.800000	37.500000	187.90	55.699615	36.757847	170.3	11011
20	2023-04-18	09:45:06	5876.4856	2	0.0098	0.0013	5876.8973	-6.1	6.8	0.2251	-0.0015	0.0011	0.0291	-0.4403	60	0.000	55.800000	37.500000	187.90	55.699375	36.757782	169.9	11011
20	2023-04-18	09:46:06	5876.4862	2	0.0099	0.0013	5876.8982	-6.3	8.4	0.2167	-0.0017	0.0013	0.0288	-0.4403	60	0.000	55.800000	37.500000	187.90	55.699337	36.757790	170.3	11011
20	2023-04-18	09:47:06	5876.4860	2	0.0100	0.0013	5876.8985	-5.1	7.8	0.2229	-0.0020	0.0010	0.0289	-0.4404	60	0.000	55.800000	37.500000	187.90	55.699398	36.757675	171.8	11011
20	2023-04-18	09:48:06	5876.4871	2	0.0084	0.0011	5876.8996	-4.7	9.1	0.2149	-0.0022	0.0012	0.0288	-0.4404	60	0.000	55.800000	37.500000	187.90	55.699528	36.757847	171.1	11011
20	2023-04-18	09:49:06	5876.4854	2	0.0090	0.0012	5876.8984	-5.4	9.0	0.2215	-0.0024	0.0012	0.0285	-0.4404	60	0.000	55.800000	37.500000	187.90	55.699368	36.758011	171.8	11011
20	2023-04-18	09:50:06	5876.4866	2	0.0104	0.0013	5876.8996	-6.2	9.9	0.2163	-0.0026	0.0017	0.0283	-0.4404	60	0.000	55.800000	37.500000	187.90	55.699432	36.757664	171.7	11011
20	2023-04-18	09:51:06	5876.4866	2	0.0097	0.0013	5876.8999	-5.5	9.8	0.2213	-0.0029	0.0015	0.0285	-0.4404	60	0.000	55.800000	37.500000	187.90	55.699375	36.757626	171.9	11011
20	2023-04-18	09:52:06	5876.4859	2	0.0070	0.0009	5876.8996	-4.9	9.6	0.2101	-0.0031	0.0014	0.0284	-0.4404	60	0.000	55.800000	37.500000	187.90	55.699368	36.757549	171.9	11011
20	2023-04-18	09:53:06	5876.4879	2	0.0099	0.0013	5876.9018	-5.7	10.1	0.2185	-0.0033	0.0016	0.0282	-0.4404	60	0.000	55.800000	37.500000	187.90	55.699341	36.757458	172.0	11011
20	2023-04-18	09:54:06	5876.4862	2	0.0103	0.0013	5876.9005	-5.8	10.2	0.2152	-0.0036	0.0016	0.0280	-0.4404	60	0.000	55.800000	37.500000	187.90	55.699348	36.757465	172.4	11011
20	2023-04-18	09:55:06	5876.4854	2	0.0113	0.0015	5876.9004	-6.3	10.0	0.2099	-0.0038	0.0016	0.0276	-0.4404	60	0.000	55.800000	37.500000	187.90	55.699425	36.757740	173.6	11011
20	2023-04-18	09:56:06	5876.4865	2	0.0104	0.0013	5876.9017	-5.3	10.7	0.2183	-0.0041	0.0014	0.0278	-0.4404	60	0.000	55.800000	37.500000	187.90	55.699310	36.757706	172.9	11011
20	2023-04-18	09:57:06	5876.4867	2	0.0090	0.0012	5876.9020	-6.8	10.7	0.2118	-0.0043	0.0018	0.0276	-0.4404	60	0.000	55.800000	37.500000	187.90	55.699570	36.757744	174.5	11011
20	2023-04-18	09:58:06	5876.4863	2	0.0077	0.0010	5876.9021	-6.7	9.9	0.2123	-0.0046	0.0018	0.0274	-0.4404	60	0.000	55.800000	37.500000	187.90	55.699425	36.757702	174.7	11011
20	2023-04-18	09:59:06	5876.4862	2	0.0104	0.0013	5876.9017	-8.1	11.2	0.2089	-0.0048	0.0023	0.0274	-0.4404	60	0.000	55.800000	37.500000	187.90	55.699368	36.757648	173.9	11011
20	2023-04-18	10:00:06	5876.4866	2	0.0095	0.0012	5876.9028	-6.8	10.9	0.2175	-0.0051	0.0017	0.0275	-0.4404	60	0.000	55.800000	37.500000	187.90	55.699322	36.757618	173.4	11011
20	2023-04-18	10:01:06	5876.4861	2	0.0096	0.0012	5876.9028	-8.3	10.4	0.2142	-0.0053	0.0020	0.0270	-0.4404	60	0.000	55.800000	37.500000	187.90	55.699463	36.757607	173.6	11011
20	2023-04-18	10:02:06	5876.4869	2	0.0119	0.0015	5876.9030	-8.3	12.0	0.2125	-0.0056	0.0026	0.0272	-0.4404	60	0.000	55.800000	37.500000	187.90	55.699425	36.757683	173.2	11011
20	2023-04-18	10:03:06	5876.4875	2	0.0132	0.0017	5876.9041	-8.5	11.5	0.2106	-0.0059	0.0024	0.0272	-0.4404	60	0.000	55.800000	37.500000	187.90	55.699341	36.757648	172.8	11011
20	2023-04-18	10:04:06	5876.4858	2	0.0094	0.0012	5876.9028	-8.4	11.3	0.2187	-0.0061	0.0024	0.0272	-0.4404	60	0.000	55.800000	37.500000	187.90	55.699436	36.757732	173.4	11011
20	2023-04-18	10:05:06	5876.4863	2	0.0097	0.0013	5876.9044	-6.9	10.9	0.2161	-0.0064	0.0018	0.0270	-0.4404	60	0.000	55.800000	37.500000	187.90	55.699375	36.757702	173.9	11011
20	2023-04-18	10:06:06	5876.4863	2	0.0127	0.0016	5876.9044	-7.8	10.5	0.2084	-0.0067	0.0022	0.0268	-0.4404	60	0.000	55.800000	37.500000	187.90	55.699341	36.757694	172.2	11011
20	2023-04-18	10:07:06	5876.4872	2	0.0116	0.0015	5876.9060	-8.0	9.9	0.2085	-0.0069	0.0018	0.0268	-0.4404	60	0.000	55.800000	37.500000	187.90	55.699322	36.757607	170.7	11011
20	2023-04-18	10:19:04	5876.4835	2	0.0085	0.0011	5876.9075	4.2	0.8	0.2078	-0.0104	0.0002	0.0267	-0.4405	60	0.000	55.800000	37.500000	187.90	55.699406	36.757610	173.5	11011
20	2023-04-18	10:20:04	5876.4835	2	0.0096	0.0012	5876.9080	3.1	-0.4	0.2105	-0.0107	0.0001	0.0266	-0.4405	60	0.000	55.800000	37.500000	187.90	55.699348	36.757675	171.8	11011
20	2023-04-18	10:21:04	5876.4832	2	0.0095	0.0012	5876.9079	3.3	-1.4	0.2054	-0.0110	0.0002	0.0266	-0.4405	60	0.000	55.800000	37.500000	187.90	55.699356	36.757721	171.9	11011
20	2023-04-18	10:22:04	5876.4824	2	0.0086	0.0011	5876.9076	3.7	-1.8	0.2038	-0.0113	0.0002	0.0264	-0.4405	60	0.000	55.800000	37.500000	187.90	55.699284	36.757713	172.2	11011
20	2023-04-18	10:23:04	5876.4837	2	0.0111	0.0014	5876.9093	3.0	-1.3	0.2030	-0.0116	0.0001	0.0264	-0.4405	60	0.000	55.800000	37.500000	187.90	55.699368	36.757725	172.1	11011
20	2023-04-18	10:24:04	5876.4824	2	0.0083	0.0011	5876.9086	2.6	-1.1	0.1979	-0.0120	0.0001	0.0262	-0.4405	60	0.000	55.800000	37.500000	187.90	55.699387	36.757645	172.6	11011
20	2023-04-18	10:25:04	5876.4842	2	0.0106	0.0014	5876.9107	3.1	-0.9	0.1966	-0.0123	0.0001	0.0262	-0.4405	60	0.000	55.800000	37.500000	187.90	55.699444	36.757458	173.6	11011
20	2023-04-18	10:26:04	5876.4833	2	0.0080	0.0010	5876.9104	4.0	-0.5	0.2009	-0.0126	0.0002	0.0258	-0.4405	60	0.000	55.800000	37.500000	187.90	55.699436	36.757305	173.8	11011
20	2023-04-18	10:27:04	5876.4827	2	0.0117	0.0015	5876.9101	2.8	-0.6	0.2009	-0.0129	0.0001	0.0259	-0.4405	60	0.000	55.800000	37.500000	187.90	55.699432	36.757236	173.9	11011
20	2023-04-18	10:28:04	5876.4830	2	0.0098	0.0013	5876.9109	1.9	1.0	0.1981	-0.0132	0.0001	0.0258	-0.4406	60	0.000	55.800000	37.500000	187.90	55.699471	36.757523	173.8	11011
20	2023-04-18	10:29:04	5876.4846	2	0.0094	0.0012	5876.9130	3.0	1.1	0.1988	-0.0136	0.0001	0.0256	-0.4406	60	0.000	55.800000	37.500000	187.90	55.699406	36.757587	173.6	11011
20	2023-04-18	10:30:04	5876.4839	2	0.0090	0.0012	5876.9127	3.1	-0.1	0.2024	-0.0139	0.0001	0.0256	-0.4406	60	0.000	55.800000	37.500000	187.90	55.699375	36.757809	173.6	11011
20	2023-04-18	10:31:04	5876.4840	2	0.0120	0.0016	5876.9129	2.8	0.2	0.1993	-0.0142	0.0002	0.0256	-0.4406	60	0.000	55.800000	37.500000	187.90	55.699432	36.757587	173.6	11011
20	2023-04-18	10:32:04	5876.4854	2	0.0094	0.0012	5876.9148	2.9	0.2	0.1992	-0.0146	0.0002	0.0256	-0.4406	60	0.000	55.800000	37.500000	187.90	55.699356	36.757713	173.6	11011
20	2023-04-18	10:33:04	5876.4835	2	0.0115	0.0015	5876.9133	1.6	-0.9	0.1952	-0.0149	0.0001	0.0256	-0.4406	60	0.000	55.800000	37.500000	187.90	55.699413	36.757778	173.3	11011
20	2023-04-18	10:34:04	5876.4843	2	0.0145	0.0019	5876.9147	1.2	-1.7	0.1972	-0.0152	0.0001	0.0254	-0.4406	60	0.000	55.800000	37.500000	187.90	55.699322	36.757702	173.0	11011
20	2023-04-18	10:35:04	5876.4832	2	0.0083	0.0011	5876.9140	1.2	-0.4	0.1940	-0.0156	0.0001	0.0253	-0.4406	60	0.000	55.800000	37.500000	187.90	55.699337	36.757778	173.2	11011
20	2023-04-18	10:36:04	5876.4829	2	0.0113	0.0015	5876.9141	0.7	1.1	0.1918	-0.0159	0.0001	0.0252	-0.4406	60	0.000	55.800000	37.500000	187.90	55.699356	36.757668	172.0	11011
20	2023-04-18	10:37:04	5876.4840	2	0.0093	0.0012	5876.9155	2.1	0.5	0.1911	-0.0162	0.0001	0.0252	-0.4406	60	0.000	55.800000	37.500000	187.90	55.699375	36.757702	170.8	11011
20	2023-04-18	10:38:04	5876.4844	2	0.0090	0.0012	5876.9161	3.5	0.8	0.1956	-0.0166	0.0002	0.0254	-0.4406	60	0.000	55.800000	37.500000	187.90	55.699398	36.757626	170.3	11011
20	2023-04-18	10:39:04	5876.4827	2	0.0110	0.0014	5876.9148	3.8	0.7	0.2010	-0.0169	0.0002	0.0252	-0.4406	60	0.000	55.800000	37.500000	187.90	55.699406	36.757790	170.6	11011
20	2023-04-18	10:40:04	5876.4824	2	0.0082	0.0011	5876.9150	3.9	1.7	0.1991	-0.0173	0.0002	0.0251	-0.4406	60	0.000	55.800000	37.500000	187.90	55.699436	36.757591	169.7	11011
20	2023-04-18	10:41:04	5876.4835	2	0.0091	0.0012	5876.9164	3.6	0.2	0.2005	-0.0176	0.0002	0.0251	-0.4406	60	0.000	55.800000	37.500000	187.90	55.699455	36.757523	168.4	11011
20	2023-04-18	10:42:04	5876.4834	2	0.0100	0.0013	5876.9167	2.9	-0.4	0.1938	-0.0180	0.0002	0.0252	-0.4406	60	0.000	55.800000	37.500000	187.90	55.699490	36.757114	168.5	11011
20	2023-04-18	10:43:04	5876.4840	2	0.0097	0.0013	5876.9176	3.3	-0.1	0.1981	-0.0183	0.0002	0.0252	-0.4406	60	0.000	55.800000	37.500000	187.90	55.699436	36.757492	168.3	11011
20	2023-04-18	10:44:04	5876.4821	2	0.0092	0.0012	5876.9162	3.1	-1.7	0.1977	-0.0187	0.0001	0.0251	-0.4406	60	0.000	55.800000	37.500000	187.90	55.699387	36.757790	169.6	11011
20	2023-04-18	10:45:04	5876.4843	2	0.0096	0.0012	5876.9186	4.1	-1.4	0.1973	-0.0190	0.0003	0.0251	-0.4406	60	0.000	55.800000	37.500000	187.90	55.699398	36.757713	169.9	11011
20	2023-04-18	10:46:04	5876.4831	2	0.0119	0.0015	5876.9177	4.6	-1.6	0.1884	-0.0194	0.0004	0.0251	-0.4406	60	0.000	55.800000	37.500000	187.90	55.699387	36.757801	169.4	11011
20	2023-04-18	10:47:04	5876.4824	2	0.0081	0.0010	5876.9175	1.5	-1.4	0.1890	-0.0198	0.0001	0.0252	-0.4406	60	0.000	55.800000	37.500000	187.90	55.699387	36.757904	169.4	11011
20	2023-04-18	10:48:04	5876.4826	2	0.0086	0.0011	5876.9182	3.4	-1.5	0.1903	-0.0201	0.0002	0.0250	-0.4406	60	0.000	55.800000	37.500000	187.90	55.699368	36.757664	169.7	11011
20	2023-04-18	10:49:04	5876.4824	2	0.0102	0.0013	5876.9184	3.6	-1.7	0.1947	-0.0205	0.0002	0.0250	-0.4407	60	0.000	55.800000	37.500000	187.90	55.699356	36.757675	172.2	11011
20	2023-04-18	10:50:04	5876.4836	2	0.0102	0.0013	5876.9199	4.5	-0.5	0.1940	-0.0209	0.0003	0.0250	-0.4407	60	0.000	55.800000	37.500000	187.90	55.699356	36.757626	176.2	11011
20	2023-04-18	10:51:04	5876.4829	2	0.0099	0.0013	5876.9197	4.1	-0.2	0.1965	-0.0212	0.0002	0.0248	-0.4407	60	0.000	55.800000	37.500000	187.90	55.699356	36.757542	177.0	11011
20	2023-04-18	10:52:04	5876.4841	2	0.0076	0.0010	5876.9212	4.6	1.3	0.1951	-0.0216	0.0004	0.0248	-0.4407	60	0.000	55.800000	37.500000	187.90	55.699375	36.757515	177.9	11011
20	2023-04-18	10:53:04	5876.4840	2	0.0100	0.0013	5876.9216	3.6	0.1	0.1880	-0.0220	0.0002	0.0249	-0.4407	60	0.000	55.800000	37.500000	187.90	55.699379	36.757725	178.6	11011
20	2023-04-18	10:54:04	5876.4821	2	0.0121	0.0016	5876.9199	4.2	0.6	0.1895	-0.0223	0.0002	0.0249	-0.4407	60	0.000	55.800000	37.500000	187.90	55.699436	36.757648	178.5	11011
20	2023-04-18	10:55:04	5876.4841	2	0.0095	0.0012	5876.9223	4.8	1.1	0.1869	-0.0227	0.0003	0.0248	-0.4407	60	0.000	55.800000	37.500000	187.90	55.699436	36.757725	175.2	11011
20	2023-04-18	10:56:04	5876.4836	2	0.0110	0.0014	5876.9226	3.0	0.1	0.1965	-0.0231	0.0001	0.0247	-0.4407	60	0.000	55.800000	37.500000	187.90	55.699501	36.757668	172.7	11011
20	2023-04-18	10:57:04	5876.4830	2	0.0098	0.0013	5876.9222	2.4	0.2	0.1921	-0.0234	0.0001	0.0248	-0.4407	60	0.000	55.800000	37.500000	187.90	55.699490	36.757305	170.8	11011
20	2023-04-18	10:58:04	5876.4827	2	0.0105	0.0014	5876.9223	3.1	0.2	0.1923	-0.0238	0.0002	0.0247	-0.4407	60	0.000	55.800000	37.500000	187.90	55.699501	36.757694	169.6	11011
20	2023-04-18	10:59:04	5876.4843	2	0.0090	0.0012	5876.9243	1.8	-0.1	0.1930	-0.0242	0.0001	0.0248	-0.4407	60	0.000	55.800000	37.500000	187.90	55.699455	36.757629	169.2	11011
20	2023-04-18	11:00:04	5876.4833	2	0.0098	0.0013	5876.9236	3.9	0.2	0.1938	-0.0246	0.0002	0.0248	-0.4407	60	0.000	55.800000	37.500000	187.90	55.699455	36.757706	169.1	11011
20	2023-04-18	11:01:04	5876.4831	2	0.0110	0.0014	5876.9239	5.1	-0.5	0.1942	-0.0250	0.0003	0.0245	-0.4407	60	0.000	55.800000	37.500000	187.90	55.699444	36.757668	168.4	11011
20	2023-04-18	11:02:04	5876.4821	2	0.0116	0.0015	5876.9233	3.1	-0.2	0.1880	-0.0253	0.0001	0.0248	-0.4407	60	0.000	55.800000	37.500000	187.90	55.699379	36.757809	167.4	11011
20	2023-04-18	11:03:04	5876.4840	2	0.0092	0.0012	5876.9255	2.9	0.7	0.1862	-0.0257	0.0001	0.0248	-0.4407	60	0.000	55.800000	37.500000	187.90	55.699368	36.757702	165.8	11011
20	2023-04-18	11:04:04	5876.4835	2	0.0076	0.0010	5876.9255	2.3	0.4	0.1924	-0.0261	0.0001	0.0247	-0.4407	60	0.000	55.800000	37.500000	187.90	55.699387	36.757675	166.9	11011
20	2023-04-18	11:05:04	5876.4820	2	0.0091	0.0012	5876.9245	1.7	0.3	0.1941	-0.0265	0.0001	0.0247	-0.4407	60	0.000	55.800000	37.500000	187.90	55.699425	36.757675	166.8	11011
20	2023-04-18	11:06:04	5876.4825	2	0.0080	0.0010	5876.9255	0.5	0.6	0.1926	-0.0269	0.0000	0.0245	-0.4407	60	0.000	55.800000	37.500000	187.90	55.699348	36.757637	167.3	11011
20	2023-04-18	11:07:04	5876.4819	2	0.0101	0.0013	5876.9253	0.9	-0.3	0.1832	-0.0273	0.0000	0.0246	-0.4407	60	0.000	55.800000	37.500000	187.90	55.699284	36.757725	167.6	11011
20	2023-04-18	11:08:04	5876.4827	2	0.0091	0.0012	5876.9265	0.5	0.1	0.1862	-0.0277	0.0001	0.0246	-0.4407	60	0.000	55.800000	37.500000	187.90	55.699348	36.757828	168.6	11011
20	2023-04-18	11:09:04	5876.4813	2	0.0115	0.0015	5876.9253	2.4	-0.2	0.1918	-0.0280	0.0002	0.0246	-0.4407	60	0.000	55.800000	37.500000	187.90	55.699341	36.757801	169.2	11011
20	2023-04-18	11:10:04	5876.4821	2	0.0104	0.0013	5876.9267	1.5	-0.4	0.1911	-0.0284	0.0001	0.0245	-0.4408	60	0.000	55.800000	37.500000	187.90	55.699337	36.757782	168.4	11011
20	2023-04-18	11:11:04	5876.4831	2	0.0089	0.0011	5876.9281	0.9	-0.8	0.1897	-0.0288	0.0000	0.0245	-0.4408	60	0.000	55.800000	37.500000	187.90	55.699280	36.758278	166.7	11011
20	2023-04-18	11:12:04	5876.4832	2	0.0094	0.0012	5876.9285	2.8	-0.2	0.1920	-0.0292	0.0002	0.0246	-0.4408	60	0.000	55.800000	37.500000	187.90	55.699627	36.757835	163.1	11011
20	2023-04-18	11:13:04	5876.4836	2	0.0100	0.0013	5876.9292	3.9	0.2	0.1942	-0.0296	0.0003	0.0245	-0.4408	60	0.000	55.800000	37.500000	187.90	55.699387	36.757954	161.2	11011
20	2023-04-18	11:14:04	5876.4830	2	0.0124	0.0016	5876.9290	3.6	0.2	0.1949	-0.0300	0.0001	0.0246	-0.4408	60	0.000	55.800000	37.500000	187.90	55.699291	36.757828	158.7	11011
20	2023-04-18	11:15:04	5876.4837	2	0.0090	0.0012	5876.9302	3.7	-0.1	0.1837	-0.0304	0.0002	0.0244	-0.4408	60	0.000	55.800000	37.500000	187.90	55.699242	36.757835	159.6	11011
20	2023-04-18	11:16:04	5876.4823	2	0.0091	0.0012	5876.9293	2.8	0.4	0.1910	-0.0308	0.0002	0.0243	-0.4408	60	0.000	55.800000	37.500000	187.90	55.699223	36.757816	160.0	11011
20	2023-04-18	11:17:04	5876.4832	2	0.0091	0.0012	5876.9307	2.2	0.1	0.1917	-0.0312	0.0001	0.0244	-0.4408	60	0.000	55.800000	37.500000	187.90	55.699242	36.757816	159.4	11011
20	2023-04-18	11:18:04	5876.4822	2	0.0094	0.0012	5876.9302	1.7	0.8	0.1893	-0.0316	0.0001	0.0243	-0.4408	60	0.000	55.800000	37.500000	187.90	55.699177	36.757828	159.5	11011
0	2023-04-18	13:10:26	5899.0761	2	0.0153	0.0020	5899.5541	-0.9	-0.1	0.2965	-0.0748	0.0000	0.0381	-0.4413	60	0.000	55.800000	37.500000	187.90	--	--	--	11011
0	2023-04-18	13:11:26	5899.0773	2	0.0090	0.0012	5899.5556	-0.6	-0.7	0.3003	-0.0751	0.0000	0.0381	-0.4413	60	0.000	55.800000	37.500000	187.90	--	--	--	11011
0	2023-04-18	13:12:26	5899.0781	2	0.0092	0.0012	5899.5568	-0.2	-1.4	0.2887	-0.0754	0.0001	0.0381	-0.4413	60	0.000	55.800000	37.500000	187.90	55.780952	37.639294	193.3	11011
0	2023-04-18	13:13:26	5899.0772	2	0.0095	0.0012	5899.5563	0.9	-2.8	0.2935	-0.0757	0.0002	0.0378	-0.4414	60	0.000	55.800000	37.500000	187.90	55.780899	37.639362	191.3	11011
0	2023-04-18	13:14:26	5899.0772	2	0.0087	0.0011	5899.5568	0.7	-1.9	0.2974	-0.0761	0.0001	0.0377	-0.4414	60	0.000	55.800000	37.500000	187.90	55.781372	37.639744	191.8	11011
0	2023-04-18	13:15:26	5899.0768	2	0.0070	0.0009	5899.5565	2.3	-1.8	0.2933	-0.0764	0.0001	0.0379	-0.4414	60	0.000	55.800000	37.500000	187.90	55.781071	37.639523	192.8	11011
0	2023-04-18	13:16:26	5899.0765	2	0.0097	0.0013	5899.5567	3.1	-1.9	0.2940	-0.0767	0.0003	0.0376	-0.4414	60	0.000	55.800000	37.500000	187.90	55.780907	37.639259	192.4	11011
0	2023-04-18	13:17:26	5899.0774	2	0.0082	0.0011	5899.5580	1.5	-3.3	0.2870	-0.0770	0.0002	0.0375	-0.4414	60	0.000	55.800000	37.500000	187.90	55.780983	37.639431	191.5	11011
0	2023-04-18	13:18:26	5899.0764	2	0.0092	0.0012	5899.5574	1.8	-3.8	0.2905	-0.0773	0.0002	0.0375	-0.4414	60	0.000	55.800000	37.500000	187.90	55.780861	37.639412	190.8	11011
0	2023-04-18	13:19:26	5899.0762	2	0.0100	0.0013	5899.5574	1.6	-3.8	0.2967	-0.0776	0.0002	0.0377	-0.4414	60	0.000	55.800000	37.500000	187.90	55.780849	37.639427	190.4	11011
0	2023-04-18	13:20:26	5899.0765	2	0.0100	0.0013	5899.5576	1.3	-5.2	0.2861	-0.0779	0.0004	0.0377	-0.4414	60	0.000	55.800000	37.500000	187.90	55.781166	37.639507	191.2	11011
0	2023-04-18	13:21:26	5899.0767	2	0.0102	0.0013	5899.5584	0.6	-4.9	0.2940	-0.0782	0.0003	0.0376	-0.4414	60	0.000	55.800000	37.500000	187.90	55.780933	37.639317	191.5	11011
0	2023-04-18	13:22:26	5899.0780	2	0.0091	0.0012	5899.5598	1.0	-5.5	0.3013	-0.0784	0.0004	0.0376	-0.4414	60	0.000	55.800000	37.500000	187.90	55.780895	37.639297	190.7	11011
0	2023-04-18	13:23:26	5899.0774	2	0.0080	0.0010	5899.5596	1.9	-5.1	0.2941	-0.0787	0.0004	0.0376	-0.4414	60	0.000	55.800000	37.500000	187.90	55.780762	37.639259	191.3	11011
0	2023-04-18	13:24:26	5899.0767	2	0.0076	0.0010	5899.5591	1.3	-5.4	0.2966	-0.0790	0.0004	0.0377	-0.4414	60	0.000	55.800000	37.500000	187.90	55.780849	37.639305	193.1	11011
0	2023-04-18	13:25:26	5899.0771	2	0.0115	0.0015	5899.5593	1.6	-6.5	0.2902	-0.0793	0.0007	0.0378	-0.4414	60	0.000	55.800000	37.500000	187.90	55.780785	37.639198	194.1	11011
0	2023-04-18	13:26:26	5899.0776	2	0.0092	0.0012	5899.5603	1.1	-6.6	0.2900	-0.0796	0.0007	0.0376	-0.4414	60	0.000	55.800000	37.500000	187.90	55.780781	37.639248	193.7	11011
0	2023-04-18	13:27:26	5899.0762	2	0.0080	0.0010	5899.5593	1.6	-6.5	0.2950	-0.0799	0.0005	0.0377	-0.4414	60	0.000	55.800000	37.500000	187.90	55.780804	37.639122	193.5	11011
0	2023-04-18	13:28:26	5899.0766	2	0.0087	0.0011	5899.5596	2.7	-6.8	0.2923	-0.0801	0.0007	0.0379	-0.4414	60	0.000	55.800000	37.500000	187.90	55.780678	37.638725	193.0	11011
0	2023-04-18	13:29:26	5899.0759	2	0.0093	0.0012	5899.5593	1.1	-6.7	0.2957	-0.0804	0.0006	0.0379	-0.4414	60	0.000	55.800000	37.500000	187.90	55.780697	37.638760	192.9	11011
0	2023-04-18	13:30:26	5899.0767	2	0.0090	0.0012	5899.5601	2.8	-7.2	0.2938	-0.0807	0.0008	0.0379	-0.4414	60	0.000	55.800000	37.500000	187.90	55.780754	37.639076	192.4	11011
0	2023-04-18	13:31:26	5899.0757	2	0.0087	0.0011	5899.5592	3.4	-8.1	0.2898	-0.0809	0.0009	0.0380	-0.4414	60	0.000	55.800000	37.500000	187.90	55.780811	37.639160	192.2	11011
0	2023-04-18	13:32:26	5899.0769	2	0.0097	0.0013	5899.5608	3.7	-7.7	0.2888	-0.0812	0.0009	0.0379	-0.4414	60	0.000	55.800000	37.500000	187.90	55.780766	37.639210	192.2	11011
0	2023-04-18	13:33:26	5899.0767	2	0.0096	0.0012	5899.5610	3.7	-7.0	0.2910	-0.0815	0.0008	0.0379	-0.4415	60	0.000	55.800000	37.500000	187.90	55.780849	37.639332	193.3	11011
0	2023-04-18	13:34:26	5899.0763	2	0.0097	0.0012	5899.5604	3.7	-8.6	0.2982	-0.0817	0.0011	0.0379	-0.4415	60	0.000	55.800000	37.500000	187.90	55.780785	37.639011	194.6	11011
0	2023-04-18	13:35:26	5899.0756	2	0.0099	0.0013	5899.5600	3.8	-8.4	0.2965	-0.0820	0.0010	0.0380	-0.4415	60	0.000	55.800000	37.500000	187.90	55.780792	37.639202	197.4	11011
0	2023-04-18	13:36:26	5899.0773	2	0.0087	0.0011	5899.5619	4.2	-8.4	0.2931	-0.0823	0.0011	0.0380	-0.4415	60	0.000	55.800000	37.500000	187.90	55.781029	37.639656	197.9	11011
0	2023-04-18	13:37:26	5899.0749	2	0.0109	0.0014	5899.5599	3.7	-8.4	0.2957	-0.0825	0.0010	0.0380	-0.4415	60	0.000	55.800000	37.500000	187.90	55.780876	37.639076	198.0	11011
0	2023-04-18	13:38:26	5899.0754	2	0.0094	0.0012	5899.5606	3.1	-8.6	0.3020	-0.0828	0.0009	0.0381	-0.4415	60	0.000	55.800000	37.500000	187.90	55.780697	37.638988	199.1	11011
0	2023-04-18	13:39:26	5899.0766	2	0.0077	0.0010	5899.5621	4.6	-7.7	0.2932	-0.0830	0.0010	0.0380	-0.4415	60	0.000	55.800000	37.500000	187.90	55.780899	37.639351	195.2	11011
0	2023-04-18	13:40:26	5899.0752	2	0.0103	0.0013	5899.5608	3.4	-7.7	0.2931	-0.0833	0.0010	0.0381	-0.4415	60	0.000	55.800000	37.500000	187.90	55.780933	37.639076	195.4	11011
0	2023-04-18	13:41:26	5899.0759	2	0.0096	0.0012	5899.5617	3.2	-8.6	0.2960	-0.0835	0.0011	0.0381	-0.4415	60	0.000	55.800000	37.500000	187.90	55.780926	37.639198	195.6	11011
0	2023-04-18	13:42:26	5899.0741	2	0.0104	0.0013	5899.5601	2.7	-9.1	0.2991	-0.0837	0.0010	0.0382	-0.4415	60	0.000	55.800000	37.500000	187.90	55.781052	37.639362	194.9	11011
0	2023-04-18	13:43:26	5899.0758	2	0.0103	0.0013	5899.5623	2.1	-8.4	0.2970	-0.0840	0.0008	0.0382	-0.4415	60	0.000	55.800000	37.500000	187.90	55.780972	37.639408	193.7	11011
0	2023-04-18	13:44:26	5899.0750	2	0.0109	0.0014	5899.5614	2.6	-8.3	0.2984	-0.0842	0.0010	0.0382	-0.4415	60	0.000	55.800000	37.500000	187.90	55.781021	37.639446	194.3	11011
0	2023-04-18	13:45:26	5899.0754	2	0.0101	0.0013	5899.5620	1.6	-9.2	0.2963	-0.0844	0.0010	0.0383	-0.4415	60	0.000	55.800000	37.500000	187.90	55.780838	37.639275	202.3	11011
0	2023-04-18	13:46:26	5899.0766	2	0.0101	0.0013	5899.5631	3.1	-10.4	0.2946	-0.0847	0.0014	0.0382	-0.4415	60	0.000	55.800000	37.500000	187.90	55.780880	37.639351	202.4	11011
0	2023-04-18	13:47:26	5899.0772	2	0.0096	0.0012	5899.5635	4.1	-10.9	0.2966	-0.0849	0.0017	0.0383	-0.4415	60	0.000	55.800000	37.500000	187.90	55.780972	37.639114	202.4	11011
0	2023-04-18	13:48:26	5899.0762	2	0.0078	0.0010	5899.5630	3.6	-10.3	0.2990	-0.0851	0.0014	0.0385	-0.4415	60	0.000	55.800000	37.500000	187.90	55.780704	37.639179	202.5	11011
0	2023-04-18	13:49:26	5899.0761	2	0.0077	0.0010	5899.5633	3.7	-10.6	0.3020	-0.0853	0.0014	0.0383	-0.4415	60	0.000	55.800000	37.500000	187.90	55.780727	37.639278	201.6	11011
0	2023-04-18	13:50:26	5899.0753	2	0.0080	0.0010	5899.5622	3.2	-11.4	0.2936	-0.0856	0.0016	0.0386	-0.4415	60	0.000	55.800000	37.500000	187.90	55.780754	37.639217	202.7	11011
0	2023-04-18	13:51:26	5899.0760	2	0.0076	0.0010	5899.5629	4.6	-11.4	0.2941	-0.0858	0.0018	0.0386	-0.4415	60	0.000	55.800000	37.500000	187.90	55.780754	37.639210	201.6	11011
0	2023-04-18	13:52:26	5899.0755	2	0.0094	0.0012	5899.5632	4.7	-9.9	0.3025	-0.0860	0.0013	0.0386	-0.4415	60	0.000	55.800000	37.500000	187.90	55.780193	37.638973	203.6	11011
0	2023-04-18	13:53:26	5899.0763	2	0.0077	0.0010	5899.5642	4.9	-9.1	0.2980	-0.0862	0.0012	0.0386	-0.4415	60	0.000	55.800000	37.500000	187.90	55.780972	37.639362	204.6	11011
0	2023-04-18	13:54:26	5899.0754	2	0.0090	0.0012	5899.5636	4.9	-9.0	0.2936	-0.0864	0.0012	0.0385	-0.4416	60	0.000	55.800000	37.500000	187.90	55.780861	37.639305	204.7	11011
0	2023-04-18	13:55:26	5899.0751	2	0.0098	0.0013	5899.5632	3.9	-10.6	0.2915	-0.0866	0.0014	0.0387	-0.4416	60	0.000	55.800000	37.500000	187.90	55.780876	37.639027	204.3	11011
0	2023-04-18	13:56:26	5899.0760	2	0.0101	0.0013	5899.5645	4.2	-9.7	0.3047	-0.0868	0.0013	0.0385	-0.4416	60	0.000	55.800000	37.500000	187.90	55.780983	37.639030	204.4	11011
0	2023-04-18	13:57:26	5899.0748	2	0.0073	0.0009	5899.5635	4.0	-10.1	0.2943	-0.0870	0.0014	0.0386	-0.4416	60	0.000	55.800000	37.500000	187.90	55.781258	37.638000	205.9	11011
0	2023-04-18	13:58:26	5899.0753	2	0.0100	0.0013	5899.5638	3.9	-10.7	0.3049	-0.0872	0.0015	0.0387	-0.4416	60	0.000	55.800000	37.500000	187.90	55.780907	37.639164	206.9	11011
0	2023-04-18	13:59:26	5899.0740	2	0.0089	0.0011	5899.5628	3.7	-10.7	0.3043	-0.0874	0.0016	0.0386	-0.4416	60	0.000	55.800000	37.500000	187.90	55.780697	37.639465	207.3	11011
0	2023-04-18	14:00:26	5899.0750	2	0.0078	0.0010	5899.5639	3.8	-10.5	0.2980	-0.0876	0.0017	0.0386	-0.4416	60	0.000	55.800000	37.500000	187.90	55.780842	37.639202	207.5	11011
0	2023-04-18	14:01:26	5899.0746	2	0.0089	0.0011	5899.5635	4.7	-11.3	0.3007	-0.0878	0.0018	0.0387	-0.4416	60	0.000	55.800000	37.500000	187.90	55.780727	37.639160	207.8	11011
0	2023-04-18	14:02:26	5899.0757	2	0.0095	0.0012	5899.5644	5.3	-12.1	0.2954	-0.0880	0.0020	0.0389	-0.4416	60	0.000	55.800000	37.500000	187.90	55.780876	37.639259	207.8	11011
0	2023-04-18	14:03:26	5899.0745	2	0.0108	0.0014	5899.5634	5.9	-11.9	0.3045	-0.0882	0.0021	0.0388	-0.4416	60	0.000	55.800000	37.500000	187.90	55.780869	37.639336	207.7	11011
0	2023-04-18	14:04:26	5899.0756	2	0.0091	0.0012	5899.5648	3.8	-12.2	0.3029	-0.0883	0.0020	0.0388	-0.4416	60	0.000	55.800000	37.500000	187.90	55.780937	37.639259	207.6	11011
0	2023-04-18	14:05:26	5899.0749	2	0.0082	0.0011	5899.5643	3.7	-12.0	0.3000	-0.0885	0.0018	0.0390	-0.4416	60	0.000	55.800000	37.500000	187.90	55.781105	37.638878	207.6	11011
0	2023-04-18	14:06:26	5899.0759	2	0.0123	0.0016	5899.5658	4.3	-11.0	0.3035	-0.0887	0.0015	0.0388	-0.4416	60	0.000	55.800000	37.500000	187.90	55.781010	37.639122	208.0	11011
0	2023-04-18	14:07:26	5899.0736	2	0.0129	0.0017	5899.5636	3.1	-11.4	0.3055	-0.0889	0.0016	0.0389	-0.4416	60	0.000	55.800000	37.500000	187.90	55.781010	37.638817	208.2	11011
0	2023-04-18	14:08:26	5899.0761	2	0.0098	0.0013	5899.5657	3.3	-11.7	0.3013	-0.0890	0.0019	0.0392	-0.4416	60	0.000	55.800000	37.500000	187.90	55.780907	37.639210	207.9	11011
0	2023-04-18	14:09:26	5899.0756	2	0.0110	0.0014	5899.5662	3.4	-10.4	0.2957	-0.0892	0.0013	0.0389	-0.4416	60	0.000	55.800000	37.500000	187.90	55.780899	37.639236	208.0	11011
0	2023-05-02	06:03:00	5898.7273	2	0.0295	0.0038	5899.2466	-2.8	0.9	0.2379	-0.0136	0.0002	0.0314	-0.5373	60	0.000	55.800000	37.500000	187.90	--	--	--	11011
0	2023-05-02	06:04:00	5898.7286	2	0.0225	0.0029	5899.2477	-2.2	-0.1	0.2472	-0.0133	0.0001	0.0314	-0.5373	60	0.000	55.800000	37.500000	187.90	55.781013	37.639248	208.9	11011
0	2023-05-02	06:05:00	5898.7294	2	0.0268	0.0035	5899.2483	-2.4	-0.1	0.2433	-0.0131	0.0001	0.0312	-0.5373	60	0.000	55.800000	37.500000	187.90	55.781048	37.639183	208.2	11011
0	2023-05-02	06:06:00	5898.7298	2	0.0329	0.0043	5899.2486	-2.2	-0.6	0.2432	-0.0128	0.0001	0.0311	-0.5373	60	0.000	55.800000	37.500000	187.90	55.781071	37.639294	205.5	11011
0	2023-05-02	06:07:00	5898.7282	2	0.0287	0.0037	5899.2469	-2.5	-0.3	0.2403	-0.0125	0.0001	0.0310	-0.5373	60	0.000	55.800000	37.500000	187.90	55.780952	37.639381	205.6	11011
0	2023-05-02	06:08:00	5898.7290	2	0.0264	0.0034	5899.2472	-4.2	-0.4	0.2419	-0.0122	0.0003	0.0310	-0.5373	60	0.000	55.800000	37.500000	187.90	--	--	--	11011
0	2023-05-02	06:09:00	5898.7284	2	0.0216	0.0028	5899.2469	-3.2	-0.2	0.2419	-0.0119	0.0001	0.0307	-0.5373	60	0.000	55.800000	37.500000	187.90	55.781136	37.639202	206.4	11011
0	2023-05-02	06:10:00	5898.7288	2	0.0246	0.0032	5899.2468	-3.6	-1.4	0.2370	-0.0117	0.0002	0.0308	-0.5373	60	0.000	55.800000	37.500000	187.90	55.780697	37.639145	218.3	11011
0	2023-05-02	06:11:00	5898.7288	2	0.0252	0.0033	5899.2465	-4.1	-2.6	0.2387	-0.0114	0.0004	0.0307	-0.5373	60	0.000	55.800000	37.500000	187.90	55.780785	37.639374	216.8	11011
0	2023-05-02	06:12:00	5898.7285	2	0.0267	0.0035	5899.2460	-1.9	-3.3	0.2395	-0.0111	0.0002	0.0307	-0.5373	60	0.000	55.800000	37.500000	187.90	55.781013	37.638668	218.5	11011
0	2023-05-02	06:13:00	5898.7285	2	0.0182	0.0024	5899.2456	-1.7	-3.6	0.2381	-0.0109	0.0003	0.0308	-0.5373	60	0.000	55.800000	37.500000	187.90	55.780792	37.638828	219.1	11011
0	2023-05-02	06:14:00	5898.7289	2	0.0239	0.0031	5899.2461	-2.8	-3.4	0.2376	-0.0106	0.0002	0.0306	-0.5373	60	0.000	55.800000	37.500000	187.90	55.780556	37.639011	222.1	11011
0	2023-05-02	06:15:00	5898.7287	2	0.0294	0.0038	5899.2452	-2.9	-4.9	0.2380	-0.0103	0.0004	0.0308	-0.5373	60	0.000	55.800000	37.500000	187.90	55.780346	37.639019	221.7	11011
0	2023-05-02	06:16:00	5898.7283	2	0.0219	0.0028	5899.2447	-2.4	-5.3	0.2377	-0.0101	0.0004	0.0306	-0.5373	60	0.000	55.800000	37.500000	187.90	55.780632	37.639000	223.3	11011
0	2023-05-02	06:17:00	5898.7286	2	0.0260	0.0034	5899.2447	-1.9	-5.4	0.2362	-0.0098	0.0004	0.0307	-0.5373	60	0.000	55.800000	37.500000	187.90	55.780621	37.639114	231.2	11011
0	2023-05-02	06:18:00	5898.7276	2	0.0244	0.0031	5899.2433	-3.0	-5.4	0.2389	-0.0096	0.0004	0.0307	-0.5373	60	0.000	55.800000	37.500000	187.90	55.780766	37.639019	235.3	11011
0	2023-05-02	06:19:00	5898.7275	2	0.0276	0.0036	5899.2426	-3.7	-5.7	0.2417	-0.0093	0.0007	0.0309	-0.5373	60	0.000	55.800000	37.500000	187.90	55.780468	37.639103	238.5	11011
0	2023-05-02	06:20:00	5898.7273	2	0.0264	0.0034	5899.2424	-2.4	-6.1	0.2389	-0.0090	0.0006	0.0307	-0.5373	60	0.000	55.800000	37.500000	187.90	55.780838	37.639160	237.0	11011
0	2023-05-02	06:21:00	5898.7274	2	0.0211	0.0027	5899.2423	-2.3	-5.7	0.2371	-0.0088	0.0005	0.0307	-0.5373	60	0.000	55.800000	37.500000	187.90	55.780952	37.639065	236.3	11011
0	2023-05-02	06:22:00	5898.7278	2	0.0212	0.0027	5899.2422	-3.0	-7.1	0.2388	-0.0085	0.0008	0.0308	-0.5374	60	0.000	55.800000	37.500000	187.90	55.780544	37.639069	235.0	11011
0	2023-05-02	06:23:00	5898.7273	2	0.0183	0.0024	5899.2416	-1.8	-7.8	0.2357	-0.0083	0.0006	0.0308	-0.5374	60	0.000	55.800000	37.500000	187.90	55.780762	37.639145	235.3	11011
0	2023-05-02	06:24:00	5898.7292	2	0.0229	0.0030	5899.2427	-1.9	-8.8	0.2420	-0.0080	0.0010	0.0310	-0.5374	60	0.000	55.800000	37.500000	187.90	55.781029	37.639145	237.9	11011
0	2023-05-02	06:25:00	5898.7263	2	0.0266	0.0034	5899.2398	-1.5	-7.2	0.2408	-0.0078	0.0006	0.0310	-0.5374	60	0.000	55.800000	37.500000	187.90	55.781010	37.639210	234.6	11011
0	2023-05-02	06:26:00	5898.7281	2	0.0268	0.0035	5899.2412	-1.9	-8.3	0.2386	-0.0076	0.0008	0.0310	-0.5374	60	0.000	55.800000	37.500000	187.90	55.780972	37.639103	235.3	11011
0	2023-05-02	06:27:00	5898.7270	2	0.0204	0.0026	5899.2398	-2.2	-8.3	0.2465	-0.0073	0.0008	0.0310	-0.5374	60	0.000	55.800000	37.500000	187.90	55.780804	37.639141	233.9	11011
0	2023-05-02	06:28:00	5898.7282	2	0.0266	0.0034	5899.2408	-0.5	-8.6	0.2437	-0.0071	0.0009	0.0310	-0.5374	60	0.000	55.800000	37.500000	187.90	55.780792	37.639267	233.7	11011
0	2023-05-02	06:29:00	5898.7269	2	0.0238	0.0031	5899.2391	-2.0	-8.4	0.2447	-0.0068	0.0009	0.0311	-0.5374	60	0.000	55.800000	37.500000	187.90	55.781269	37.639145	233.6	11011
0	2023-05-02	06:30:00	5898.7280	2	0.0299	0.0039	5899.2400	-1.2	-8.7	0.2371	-0.0066	0.0010	0.0310	-0.5374	60	0.000	55.800000	37.500000	187.90	55.781143	37.639095	234.0	11011
0	2023-05-02	06:31:00	5898.7266	2	0.0256	0.0033	5899.2383	0.2	-9.2	0.2460	-0.0064	0.0008	0.0312	-0.5374	60	0.000	55.800000	37.500000	187.90	55.780964	37.639248	233.0	11011
0	2023-05-02	06:32:00	5898.7283	2	0.0273	0.0035	5899.2392	-0.9	-10.9	0.2463	-0.0062	0.0013	0.0313	-0.5374	60	0.000	55.800000	37.500000	187.90	55.781029	37.639202	232.3	11011
0	2023-05-02	06:33:00	5898.7266	2	0.0318	0.0041	5899.2377	-0.2	-9.9	0.2405	-0.0059	0.0009	0.0313	-0.5374	60	0.000	55.800000	37.500000	187.90	55.781071	37.639126	234.1	11011
0	2023-05-02	06:34:00	5898.7275	2	0.0219	0.0028	5899.2382	-1.0	-9.6	0.2403	-0.0057	0.0011	0.0314	-0.5374	60	0.000	55.800000	37.500000	187.90	55.781155	37.639160	236.5	11011
0	2023-05-02	06:35:00	5898.7271	2	0.0197	0.0025	5899.2371	1.1	-11.6	0.2433	-0.0055	0.0017	0.0313	-0.5374	60	0.000	55.800000	37.500000	187.90	55.780849	37.639153	234.4	11011
0	2023-05-02	06:36:00	5898.7262	2	0.0244	0.0031	5899.2362	1.6	-10.7	0.2474	-0.0053	0.0014	0.0313	-0.5374	60	0.000	55.800000	37.500000	187.90	55.781193	37.639240	241.6	11011
0	2023-05-02	06:37:00	5898.7277	2	0.0245	0.0032	5899.2377	0.8	-10.2	0.2459	-0.0050	0.0013	0.0312	-0.5374	60	0.000	55.800000	37.500000	187.90	55.781071	37.639240	238.5	11011
0	2023-05-02	06:38:00	5898.7271	2	0.0248	0.0032	5899.2368	0.0	-10.8	0.2454	-0.0048	0.0013	0.0313	-0.5374	60	0.000	55.800000	37.500000	187.90	55.781040	37.639370	232.8	11011
0	2023-05-02	06:39:00	5898.7278	2	0.0232	0.0030	5899.2369	1.0	-10.1	0.2431	-0.0046	0.0013	0.0316	-0.5374	60	0.000	55.800000	37.500000	187.90	55.781128	37.639305	231.6	11011
0	2023-05-02	06:40:00	5898.7265	2	0.0214	0.0028	5899.2358	2.4	-9.5	0.2431	-0.0044	0.0010	0.0314	-0.5374	60	0.000	55.800000	37.500000	187.90	55.781105	37.639183	231.5	11011
0	2023-05-02	06:41:00	5898.7271	2	0.0227	0.0029	5899.2359	1.5	-10.8	0.2432	-0.0042	0.0014	0.0314	-0.5374	60	0.000	55.800000	37.500000	187.90	55.781166	37.639153	231.6	11011
0	2023-05-02	06:42:00	5898.7277	2	0.0266	0.0034	5899.2362	0.1	-10.8	0.2478	-0.0040	0.0014	0.0316	-0.5375	60	0.000	55.800000	37.500000	187.90	55.781307	37.639267	231.5	11011
0	2023-05-02	06:43:00	5898.7267	2	0.0228	0.0029	5899.2349	2.0	-11.2	0.2378	-0.0038	0.0014	0.0317	-0.5375	60	0.000	55.800000	37.500000	187.90	55.781109	37.639259	231.3	11011
0	2023-05-02	06:44:00	5898.7271	2	0.0292	0.0038	5899.2352	1.3	-10.2	0.2428	-0.0036	0.0012	0.0316	-0.5375	60	0.000	55.800000	37.500000	187.90	55.781048	37.639370	230.6	11011
0	2023-05-02	06:45:00	5898.7278	2	0.0265	0.0034	5899.2357	2.3	-10.1	0.2462	-0.0034	0.0012	0.0317	-0.5375	60	0.000	55.800000	37.500000	187.90	55.781288	37.639553	230.2	11011
0	2023-05-02	06:46:00	5898.7278	2	0.0282	0.0036	5899.2353	3.0	-10.8	0.2464	-0.0032	0.0015	0.0317	-0.5375	60	0.000	55.800000	37.500000	187.90	55.780895	37.639389	228.3	11011
0	2023-05-02	06:47:00	5898.7262	2	0.0253	0.0033	5899.2332	2.2	-11.5	0.2358	-0.0030	0.0016	0.0318	-0.5375	60	0.000	55.800000	37.500000	187.90	55.781403	37.639374	227.5	11011
0	2023-05-02	06:48:00	5898.7255	2	0.0232	0.0030	5899.2326	2.6	-10.4	0.2443	-0.0028	0.0013	0.0318	-0.5375	60	0.000	55.800000	37.500000	187.90	55.781212	37.639324	228.6	11011
0	2023-05-02	06:49:00	5898.7272	2	0.0259	0.0033	5899.2339	2.2	-10.8	0.2458	-0.0026	0.0014	0.0320	-0.5375	60	0.000	55.800000	37.500000	187.90	55.781155	37.639305	227.8	11011
0	2023-05-02	06:50:00	5898.7262	2	0.0246	0.0032	5899.2329	1.8	-10.8	0.2457	-0.0024	0.0014	0.0318	-0.5375	60	0.000	55.800000	37.500000	187.90	55.781258	37.639278	226.8	11011
0	2023-05-02	06:51:00	5898.7264	2	0.0267	0.0035	5899.2325	-0.2	-12.3	0.2509	-0.0022	0.0018	0.0318	-0.5375	60	0.000	55.800000	37.500000	187.90	55.780991	37.639267	226.5	11011
0	2023-05-02	06:52:00	5898.7255	2	0.0275	0.0036	5899.2311	0.6	-12.8	0.2468	-0.0020	0.0020	0.0319	-0.5375	60	0.000	55.800000	37.500000	187.90	55.781109	37.639317	226.2	11011
0	2023-05-02	06:53:00	5898.7257	2	0.0246	0.0032	5899.2315	0.3	-12.1	0.2490	-0.0018	0.0017	0.0318	-0.5375	60	0.000	55.800000	37.500000	187.90	55.781364	37.639370	226.4	11011
0	2023-05-02	06:54:00	5898.7260	2	0.0270	0.0035	5899.2314	0.8	-12.0	0.2408	-0.0016	0.0018	0.0320	-0.5375	60	0.000	55.800000	37.500000	187.90	55.780876	37.639389	226.5	11011
0	2023-05-02	06:55:00	5898.7248	2	0.0289	0.0037	5899.2305	-0.1	-11.1	0.2449	-0.0015	0.0015	0.0318	-0.5375	60	0.000	55.800000	37.500000	187.90	55.781029	37.639236	224.8	11011
0	2023-05-02	06:56:00	5898.7270	2	0.0293	0.0038	5899.2319	0.4	-12.7	0.2411	-0.0013	0.0020	0.0320	-0.5375	60	0.000	55.800000	37.500000	187.90	55.781105	37.639267	225.0	11011
0	2023-05-02	06:57:00	5898.7254	2	0.0241	0.0031	5899.2301	1.0	-12.8	0.2454	-0.0011	0.0018	0.0321	-0.5375	60	0.000	55.800000	37.500000	187.90	55.781536	37.639351	224.9	11011
0	2023-05-02	06:58:00	5898.7256	2	0.0230	0.0030	5899.2300	-0.2	-14.0	0.2464	-0.0010	0.0023	0.0318	-0.5375	60	0.000	55.800000	37.500000	187.90	55.781620	37.639465	227.6	11011
0	2023-05-02	06:59:00	5898.7260	2	0.0309	0.0040	5899.2302	-0.2	-13.2	0.2503	-0.0008	0.0021	0.0320	-0.5375	60	0.000	55.800000	37.500000	187.90	55.781776	37.639526	227.0	11011
0	2023-05-02	07:00:00	5898.7256	2	0.0260	0.0034	5899.2301	-0.0	-12.6	0.2492	-0.0006	0.0018	0.0318	-0.5375	60	0.000	55.800000	37.500000	187.90	55.781605	37.639465	226.6	11011
0	2023-05-02	07:01:00	5898.7273	2	0.0322	0.0042	5899.2309	2.8	-14.1	0.2482	-0.0005	0.0023	0.0321	-0.5375	60	0.000	55.800000	37.500000	187.90	55.781040	37.639240	224.3	11011
0	2023-05-02	07:02:00	5898.7254	2	0.0177	0.0023	5899.2287	1.7	-14.1	0.2447	-0.0003	0.0024	0.0321	-0.5375	60	0.000	55.800000	37.500000	187.90	55.780811	37.639114	223.9	11011
20	2023-05-02	08:36:57	5876.1313	2	0.0281	0.0036	5876.6296	-0.8	-1.3	0.2846	0.0032	0.0001	0.0364	-0.5380	60	0.000	55.800000	37.500000	187.90	55.699471	36.758255	201.8	11011
20	2023-05-02	08:37:57	5876.1319	2	0.0394	0.0051	5876.6306	-1.5	-0.8	0.2838	0.0031	0.0001	0.0362	-0.5380	60	0.000	55.800000	37.500000	187.90	55.699539	36.758915	204.1	11011
20	2023-05-02	08:38:57	5876.1310	2	0.0313	0.0040	5876.6303	-1.9	0.0	0.2791	0.0030	0.0001	0.0357	-0.5380	60	0.000	55.800000	37.500000	187.90	55.699348	36.758312	206.3	11011
20	2023-05-02	08:39:57	5876.1324	2	0.0275	0.0035	5876.6321	-1.2	-0.3	0.2714	0.0029	0.0000	0.0354	-0.5380	60	0.000	55.800000	37.500000	187.90	55.699184	36.757542	210.2	11011
20	2023-05-02	08:40:57	5876.1344	2	0.0293	0.0038	5876.6344	-2.7	0.1	0.2757	0.0028	0.0001	0.0351	-0.5380	60	0.000	55.800000	37.500000	187.90	55.699337	36.757874	213.6	11011
20	2023-05-02	08:41:57	5876.1321	2	0.0314	0.0040	5876.6327	-2.1	0.1	0.2628	0.0027	0.0001	0.0347	-0.5380	60	0.000	55.800000	37.500000	187.90	55.699512	36.757935	214.5	11011
20	2023-05-02	08:42:57	5876.1324	2	0.0312	0.0040	5876.6334	-1.8	-0.0	0.2592	0.0026	0.0000	0.0343	-0.5380	60	0.000	55.800000	37.500000	187.90	55.699444	36.758007	214.1	11011
20	2023-05-02	08:43:57	5876.1320	2	0.0305	0.0039	5876.6337	-2.7	0.3	0.2607	0.0025	0.0001	0.0338	-0.5380	60	0.000	55.800000	37.500000	187.90	55.699444	36.757847	212.8	11011
20	2023-05-02	08:44:57	5876.1319	2	0.0295	0.0038	5876.6342	-1.2	0.4	0.2550	0.0024	0.0001	0.0333	-0.5380	60	0.000	55.800000	37.500000	187.90	55.699512	36.757877	212.5	11011
20	2023-05-02	08:45:57	5876.1327	2	0.0331	0.0043	5876.6353	-1.3	-0.4	0.2585	0.0023	0.0001	0.0331	-0.5381	60	0.000	55.800000	37.500000	187.90	55.699512	36.757835	212.4	11011
20	2023-05-02	08:46:57	5876.1320	2	0.0288	0.0037	5876.6350	-2.5	0.7	0.2531	0.0021	0.0001	0.0328	-0.5381	60	0.000	55.800000	37.500000	187.90	55.699604	36.758011	212.4	11011
20	2023-05-02	08:47:57	5876.1307	2	0.0305	0.0039	5876.6341	-2.7	1.4	0.2545	0.0020	0.0002	0.0324	-0.5381	60	0.000	55.800000	37.500000	187.90	55.699379	36.757702	209.0	11011
20	2023-05-02	08:48:57	5876.1327	2	0.0356	0.0046	5876.6365	-3.3	1.8	0.2417	0.0019	0.0002	0.0322	-0.5381	60	0.000	55.800000	37.500000	187.90	55.699539	36.757931	206.5	11011
20	2023-05-02	08:49:57	5876.1312	2	0.0340	0.0044	5876.6357	-2.6	1.5	0.2443	0.0018	0.0001	0.0317	-0.5381	60	0.000	55.800000	37.500000	187.90	55.699379	36.757790	202.4	11011
20	2023-05-02	08:50:57	5876.1332	2	0.0350	0.0045	5876.6380	-2.3	2.2	0.2513	0.0017	0.0001	0.0315	-0.5381	60	0.000	55.800000	37.500000	187.90	55.699482	36.757828	199.8	11011
20	2023-05-02	08:51:57	5876.1316	2	0.0221	0.0029	5876.6367	-3.0	1.3	0.2428	0.0015	0.0002	0.0312	-0.5381	60	0.000	55.800000	37.500000	187.90	55.699379	36.757771	198.1	11011
20	2023-05-02	08:52:57	5876.1304	2	0.0304	0.0039	5876.6359	-2.3	3.2	0.2341	0.0014	0.0002	0.0309	-0.5381	60	0.000	55.800000	37.500000	187.90	55.699379	36.757732	194.5	11011
20	2023-05-02	08:53:57	5876.1321	2	0.0344	0.0044	5876.6379	-2.7	2.8	0.2383	0.0013	0.0002	0.0309	-0.5381	60	0.000	55.800000	37.500000	187.90	55.699337	36.757854	192.2	11011
20	2023-05-02	08:54:57	5876.1314	2	0.0315	0.0041	5876.6377	-3.0	2.9	0.2356	0.0012	0.0003	0.0304	-0.5381	60	0.000	55.800000	37.500000	187.90	55.699310	36.757713	190.3	11011
20	2023-05-02	08:55:57	5876.1313	2	0.0442	0.0057	5876.6376	-3.5	3.3	0.2327	0.0010	0.0004	0.0304	-0.5381	60	0.000	55.800000	37.500000	187.90	55.699398	36.757629	188.4	11011
20	2023-05-02	08:56:57	5876.1311	2	0.0365	0.0047	5876.6380	-3.1	2.0	0.2390	0.0009	0.0002	0.0302	-0.5381	60	0.000	55.800000	37.500000	187.90	55.699387	36.757751	187.1	11011
20	2023-05-02	08:57:57	5876.1316	2	0.0396	0.0051	5876.6387	-4.0	2.6	0.2251	0.0007	0.0003	0.0300	-0.5381	60	0.000	55.800000	37.500000	187.90	55.699436	36.757744	188.2	11011
20	2023-05-02	08:58:57	5876.1336	2	0.0432	0.0056	5876.6407	-4.3	4.6	0.2286	0.0006	0.0006	0.0298	-0.5381	60	0.000	55.800000	37.500000	187.90	55.699436	36.757828	186.9	11011
20	2023-05-02	08:59:57	5876.1317	2	0.0271	0.0035	5876.6395	-3.4	2.9	0.2301	0.0005	0.0002	0.0296	-0.5381	60	0.000	55.800000	37.500000	187.90	55.699482	36.757778	187.2	11011
20	2023-05-02	09:00:57	5876.1294	2	0.0254	0.0033	5876.6377	-3.7	4.5	0.2262	0.0003	0.0003	0.0292	-0.5381	60	0.000	55.800000	37.500000	187.90	55.699436	36.757725	186.7	11011
20	2023-05-02	09:01:57	5876.1323	2	0.0276	0.0036	5876.6407	-3.9	4.1	0.2272	0.0002	0.0004	0.0292	-0.5381	60	0.000	55.800000	37.500000	187.90	55.699444	36.757744	186.9	11011
20	2023-05-02	09:02:57	5876.1320	2	0.0231	0.0030	5876.6406	-3.2	5.2	0.2207	0.0000	0.0004	0.0290	-0.5381	60	0.000	55.800000	37.500000	187.90	55.699284	36.757668	186.6	11011
20	2023-05-02	09:03:57	5876.1333	2	0.0330	0.0043	5876.6420	-4.2	5.6	0.2266	-0.0001	0.0006	0.0290	-0.5381	60	0.000	55.800000	37.500000	187.90	55.699501	36.757835	186.4	11011
20	2023-05-02	09:04:57	5876.1306	2	0.0293	0.0038	5876.6400	-4.0	5.0	0.2202	-0.0003	0.0005	0.0286	-0.5381	60	0.000	55.800000	37.500000	187.90	55.699471	36.757797	186.2	11011
20	2023-05-02	09:05:57	5876.1326	2	0.0319	0.0041	5876.6418	-4.8	5.4	0.2205	-0.0004	0.0007	0.0287	-0.5382	60	0.000	55.800000	37.500000	187.90	55.699558	36.757778	186.2	11011
20	2023-05-02	09:06:57	5876.1318	2	0.0316	0.0041	5876.6416	-4.5	5.6	0.2255	-0.0006	0.0006	0.0283	-0.5382	60	0.000	55.800000	37.500000	187.90	55.699413	36.757778	186.2	11011
20	2023-05-02	09:07:57	5876.1313	2	0.0319	0.0041	5876.6414	-3.5	6.4	0.2129	-0.0008	0.0007	0.0281	-0.5382	60	0.000	55.800000	37.500000	187.90	55.699490	36.757759	186.2	11011
20	2023-05-02	09:08:57	5876.1317	2	0.0330	0.0043	5876.6423	-2.9	5.1	0.2200	-0.0009	0.0004	0.0281	-0.5382	60	0.000	55.800000	37.500000	187.90	55.699425	36.757732	186.2	11011
20	2023-05-02	09:09:57	5876.1329	2	0.0331	0.0043	5876.6437	-4.0	5.4	0.2155	-0.0011	0.0006	0.0280	-0.5382	60	0.000	55.800000	37.500000	187.90	55.699322	36.757732	185.0	11011
20	2023-05-02	09:10:57	5876.1321	2	0.0387	0.0050	5876.6431	-4.1	5.2	0.2192	-0.0013	0.0006	0.0279	-0.5382	60	0.000	55.800000	37.500000	187.90	55.699375	36.758152	185.0	11011
20	2023-05-02	09:11:57	5876.1312	2	0.0324	0.0042	5876.6426	-3.7	5.6	0.2119	-0.0014	0.0006	0.0276	-0.5382	60	0.000	55.800000	37.500000	187.90	55.699165	36.757484	184.6	11011
20	2023-05-02	09:12:57	5876.1331	2	0.0319	0.0041	5876.6447	-3.2	5.8	0.2151	-0.0016	0.0004	0.0277	-0.5382	60	0.000	55.800000	37.500000	187.90	55.699398	36.757725	184.5	11011
20	2023-05-02	09:13:57	5876.1333	2	0.0307	0.0040	5876.6450	-3.3	6.8	0.2115	-0.0018	0.0007	0.0276	-0.5382	60	0.000	55.800000	37.500000	187.90	55.699234	36.757771	184.5	11011
20	2023-05-02	09:14:57	5876.1320	2	0.0315	0.0041	5876.6442	-3.6	6.3	0.2087	-0.0020	0.0005	0.0274	-0.5382	60	0.000	55.800000	37.500000	187.90	55.699234	36.757874	184.5	11011
20	2023-05-02	09:15:57	5876.1323	2	0.0463	0.0060	5876.6443	-5.5	7.8	0.2123	-0.0021	0.0012	0.0272	-0.5382	60	0.000	55.800000	37.500000	187.90	55.699398	36.757790	183.7	11011
20	2023-05-02	09:16:57	5876.1316	2	0.0277	0.0036	5876.6439	-5.4	7.2	0.2067	-0.0023	0.0009	0.0273	-0.5382	60	0.000	55.800000	37.500000	187.90	55.699265	36.757610	183.8	11011
20	2023-05-02	09:17:57	5876.1327	2	0.0304	0.0039	5876.6453	-5.9	7.3	0.2069	-0.0025	0.0011	0.0270	-0.5382	60	0.000	55.800000	37.500000	187.90	55.699436	36.757771	184.3	11011
20	2023-05-02	09:18:57	5876.1335	2	0.0387	0.0050	5876.6463	-6.0	7.4	0.2132	-0.0027	0.0011	0.0270	-0.5382	60	0.000	55.800000	37.500000	187.90	55.699406	36.757763	184.5	11011
20	2023-05-02	09:19:57	5876.1322	2	0.0334	0.0043	5876.6451	-7.0	8.2	0.2136	-0.0029	0.0014	0.0268	-0.5382	60	0.000	55.800000	37.500000	187.90	55.699490	36.757751	184.9	11011
20	2023-05-02	09:20:57	5876.1315	2	0.0249	0.0032	5876.6452	-5.0	7.8	0.2113	-0.0031	0.0009	0.0267	-0.5382	60	0.000	55.800000	37.500000	187.90	55.699471	36.757771	184.0	11011
20	2023-05-02	09:21:57	5876.1331	2	0.0455	0.0059	5876.6468	-5.2	7.7	0.1993	-0.0033	0.0011	0.0267	-0.5382	60	0.000	55.800000	37.500000	187.90	55.699406	36.757675	180.8	11011
20	2023-05-02	09:22:57	5876.1313	2	0.0329	0.0042	5876.6456	-4.3	7.1	0.2013	-0.0035	0.0008	0.0267	-0.5382	60	0.000	55.800000	37.500000	187.90	55.699322	36.757732	179.9	11011
20	2023-05-02	09:23:57	5876.1305	2	0.0330	0.0043	5876.6446	-5.7	7.8	0.2065	-0.0037	0.0012	0.0266	-0.5382	60	0.000	55.800000	37.500000	187.90	55.699291	36.757713	180.2	11011
20	2023-05-02	09:24:57	5876.1317	2	0.0362	0.0047	5876.6463	-6.0	8.3	0.2057	-0.0039	0.0012	0.0264	-0.5382	60	0.000	55.800000	37.500000	187.90	55.699318	36.757751	180.3	11011
20	2023-05-02	09:25:57	5876.1324	2	0.0316	0.0041	5876.6471	-6.7	8.4	0.1968	-0.0041	0.0012	0.0264	-0.5382	60	0.000	55.800000	37.500000	187.90	55.699322	36.757759	180.3	11011
20	2023-05-02	09:26:57	5876.1316	2	0.0290	0.0037	5876.6466	-7.2	7.6	0.2058	-0.0043	0.0013	0.0262	-0.5383	60	0.000	55.800000	37.500000	187.90	55.699375	36.757809	180.7	11011
20	2023-05-02	09:27:57	5876.1307	2	0.0333	0.0043	5876.6464	-6.1	7.6	0.2050	-0.0045	0.0011	0.0260	-0.5383	60	0.000	55.800000	37.500000	187.90	55.699348	36.757744	180.7	11011
20	2023-05-02	09:28:57	5876.1320	2	0.0242	0.0031	5876.6480	-5.3	8.0	0.2058	-0.0047	0.0011	0.0259	-0.5383	60	0.000	55.800000	37.500000	187.90	55.699436	36.757656	180.9	11011
20	2023-05-02	09:29:57	5876.1309	2	0.0348	0.0045	5876.6470	-5.6	7.8	0.2024	-0.0049	0.0012	0.0259	-0.5383	60	0.000	55.800000	37.500000	187.90	55.699413	36.757496	180.8	11011
20	2023-05-02	09:30:57	5876.1321	2	0.0338	0.0044	5876.6483	-6.2	8.0	0.1956	-0.0051	0.0012	0.0259	-0.5383	60	0.000	55.800000	37.500000	187.90	55.699463	36.757610	180.5	11011
20	2023-05-02	09:31:57	5876.1312	2	0.0398	0.0051	5876.6474	-6.8	9.0	0.1981	-0.0053	0.0014	0.0259	-0.5383	60	0.000	55.800000	37.500000	187.90	55.699425	36.757568	180.4	11011
20	2023-05-02	09:32:57	5876.1320	2	0.0395	0.0051	5876.6485	-7.6	8.4	0.2002	-0.0055	0.0016	0.0258	-0.5383	60	0.000	55.800000	37.500000	187.90	55.699406	36.757847	180.3	11011
20	2023-05-02	09:33:57	5876.1313	2	0.0323	0.0042	5876.6478	-8.4	9.1	0.2026	-0.0057	0.0019	0.0256	-0.5383	60	0.000	55.800000	37.500000	187.90	55.699341	36.757656	180.3	11011
20	2023-05-02	09:34:57	5876.1325	2	0.0388	0.0050	5876.6496	-7.8	8.1	0.2032	-0.0059	0.0016	0.0256	-0.5383	60	0.000	55.800000	37.500000	187.90	55.699356	36.757866	180.3	11011
20	2023-05-02	09:35:57	5876.1318	2	0.0291	0.0038	5876.6493	-7.1	8.6	0.1998	-0.0062	0.0016	0.0254	-0.5383	60	0.000	55.800000	37.500000	187.90	55.699368	36.757732	180.3	11011
0	2023-05-02	11:13:29	5898.7262	2	0.0259	0.0033	5899.2623	-0.9	2.2	0.2791	-0.0335	0.0001	0.0361	-0.5388	60	0.000	55.800000	37.500000	187.90	55.781071	37.639198	184.8	11011
0	2023-05-02	11:14:29	5898.7256	2	0.0288	0.0037	5899.2624	0.4	0.1	0.2810	-0.0338	0.0000	0.0359	-0.5388	60	0.000	55.800000	37.500000	187.90	55.780933	37.639450	184.5	11011
0	2023-05-02	11:15:29	5898.7260	2	0.0274	0.0035	5899.2630	0.4	2.7	0.2704	-0.0341	0.0001	0.0358	-0.5388	60	0.000	55.800000	37.500000	187.90	55.781013	37.639336	184.8	11011
0	2023-05-02	11:16:29	5898.7259	2	0.0366	0.0047	5899.2633	-1.3	1.3	0.2789	-0.0345	0.0001	0.0357	-0.5388	60	0.000	55.800000	37.500000	187.90	55.780964	37.639259	184.6	11011
0	2023-05-02	11:17:29	5898.7251	2	0.0264	0.0034	5899.2631	-2.0	2.5	0.2770	-0.0348	0.0002	0.0354	-0.5388	60	0.000	55.800000	37.500000	187.90	55.781086	37.639297	184.5	11011
0	2023-05-02	11:18:29	5898.7268	2	0.0248	0.0032	5899.2654	-0.7	2.2	0.2721	-0.0351	0.0001	0.0351	-0.5388	60	0.000	55.800000	37.500000	187.90	55.781193	37.639141	185.4	11011
0	2023-05-02	11:19:29	5898.7274	2	0.0230	0.0030	5899.2663	-2.0	2.7	0.2765	-0.0354	0.0001	0.0352	-0.5388	60	0.000	55.800000	37.500000	187.90	55.780895	37.639400	183.6	11011
0	2023-05-02	11:20:29	5898.7259	2	0.0278	0.0036	5899.2651	-3.8	3.0	0.2701	-0.0357	0.0003	0.0349	-0.5388	60	0.000	55.800000	37.500000	187.90	55.781185	37.639122	183.7	11011
0	2023-05-02	11:21:29	5898.7259	2	0.0282	0.0036	5899.2655	-4.2	2.4	0.2703	-0.0360	0.0003	0.0349	-0.5388	60	0.000	55.800000	37.500000	187.90	55.781097	37.639317	183.6	11011
0	2023-05-02	11:22:29	5898.7260	2	0.0233	0.0030	5899.2661	-2.6	1.4	0.2678	-0.0363	0.0001	0.0349	-0.5388	60	0.000	55.800000	37.500000	187.90	55.780991	37.639469	183.2	11011
0	2023-05-02	11:23:29	5898.7255	2	0.0234	0.0030	5899.2661	-1.8	4.0	0.2682	-0.0366	0.0002	0.0346	-0.5388	60	0.000	55.800000	37.500000	187.90	55.781166	37.639267	183.0	11011
0	2023-05-02	11:24:29	5898.7264	2	0.0232	0.0030	5899.2674	-1.4	4.0	0.2685	-0.0369	0.0003	0.0345	-0.5388	60	0.000	55.800000	37.500000	187.90	55.781315	37.639027	183.8	11011
0	2023-05-02	11:25:29	5898.7263	2	0.0230	0.0030	5899.2677	-1.8	2.6	0.2717	-0.0372	0.0002	0.0345	-0.5388	60	0.000	55.800000	37.500000	187.90	55.781307	37.639221	183.1	11011
0	2023-05-02	11:26:29	5898.7261	2	0.0256	0.0033	5899.2678	-0.7	4.4	0.2675	-0.0375	0.0003	0.0344	-0.5388	60	0.000	55.800000	37.500000	187.90	55.781124	37.639183	181.6	11011
0	2023-05-02	11:27:29	5898.7269	2	0.0300	0.0039	5899.2690	-1.9	4.5	0.2708	-0.0378	0.0003	0.0343	-0.5388	60	0.000	55.800000	37.500000	187.90	55.781315	37.639641	181.2	11011
0	2023-05-02	11:28:29	5898.7274	2	0.0206	0.0027	5899.2697	-1.0	4.5	0.2690	-0.0381	0.0003	0.0344	-0.5388	60	0.000	55.800000	37.500000	187.90	55.780972	37.639248	181.7	11011
0	2023-05-02	11:29:29	5898.7263	2	0.0253	0.0033	5899.2691	-2.1	4.1	0.2656	-0.0384	0.0003	0.0342	-0.5388	60	0.000	55.800000	37.500000	187.90	55.781029	37.639248	181.1	11011
0	2023-05-02	11:30:29	5898.7258	2	0.0241	0.0031	5899.2690	-2.0	4.0	0.2664	-0.0388	0.0003	0.0341	-0.5389	60	0.000	55.800000	37.500000	187.90	55.781124	37.639122	180.8	11011
0	2023-05-02	11:31:29	5898.7260	2	0.0217	0.0028	5899.2696	-0.3	3.5	0.2657	-0.0391	0.0001	0.0341	-0.5389	60	0.000	55.800000	37.500000	187.90	55.781200	37.639030	180.4	11011
0	2023-05-02	11:32:29	5898.7258	2	0.0274	0.0035	5899.2697	-0.5	4.5	0.2690	-0.0394	0.0003	0.0340	-0.5389	60	0.000	55.800000	37.500000	187.90	55.781315	37.639317	180.9	11011
0	2023-05-02	11:33:29	5898.7271	2	0.0222	0.0029	5899.2713	-0.5	4.9	0.2692	-0.0397	0.0003	0.0340	-0.5389	60	0.000	55.800000	37.500000	187.90	55.781128	37.639240	181.6	11011
0	2023-05-02	11:34:29	5898.7268	2	0.0223	0.0029	5899.2711	-0.5	5.7	0.2685	-0.0400	0.0005	0.0340	-0.5389	60	0.000	55.800000	37.500000	187.90	55.781071	37.639343	181.9	11011
0	2023-05-02	11:35:29	5898.7263	2	0.0300	0.0039	5899.2710	-1.0	6.4	0.2622	-0.0403	0.0005	0.0340	-0.5389	60	0.000	55.800000	37.500000	187.90	55.781662	37.639019	183.6	11011
0	2023-05-02	11:36:29	5898.7258	2	0.0364	0.0047	5899.2709	-2.5	5.4	0.2563	-0.0406	0.0004	0.0340	-0.5389	60	0.000	55.800000	37.500000	187.90	55.782082	37.639278	183.7	11011
0	2023-05-02	11:37:29	5898.7266	2	0.0201	0.0026	5899.2719	-2.1	5.9	0.2622	-0.0409	0.0005	0.0340	-0.5389	60	0.000	55.800000	37.500000	187.90	55.781250	37.639351	187.7	11011
0	2023-05-02	11:38:29	5898.7272	2	0.0254	0.0033	5899.2729	-1.6	5.2	0.2590	-0.0412	0.0004	0.0339	-0.5389	60	0.000	55.800000	37.500000	187.90	55.781277	37.639488	188.7	11011
0	2023-05-02	11:39:29	5898.7262	2	0.0348	0.0045	5899.2726	-1.1	4.0	0.2634	-0.0415	0.0003	0.0337	-0.5389	60	0.000	55.800000	37.500000	187.90	55.780983	37.639305	189.4	11011
0	2023-05-02	11:40:29	5898.7268	2	0.0264	0.0034	5899.2738	-1.4	3.3	0.2532	-0.0418	0.0002	0.0336	-0.5389	60	0.000	55.800000	37.500000	187.90	55.781010	37.639183	189.1	11011
0	2023-05-02	11:41:29	5898.7269	2	0.0280	0.0036	5899.2739	-2.5	3.6	0.2629	-0.0421	0.0003	0.0338	-0.5389	60	0.000	55.800000	37.500000	187.90	55.781174	37.639179	189.5	11011
0	2023-05-02	11:42:29	5898.7255	2	0.0246	0.0032	5899.2727	-3.1	4.4	0.2582	-0.0424	0.0004	0.0337	-0.5389	60	0.000	55.800000	37.500000	187.90	55.781689	37.639561	192.7	11011
0	2023-05-02	11:43:29	5898.7261	2	0.0262	0.0034	5899.2736	-2.0	4.9	0.2561	-0.0427	0.0005	0.0337	-0.5389	60	0.000	55.800000	37.500000	187.90	55.780895	37.639465	193.1	11011
0	2023-05-02	11:44:29	5898.7276	2	0.0295	0.0038	5899.2756	-2.1	4.7	0.2614	-0.0430	0.0003	0.0336	-0.5389	60	0.000	55.800000	37.500000	187.90	55.781029	37.639095	193.3	11011
0	2023-05-02	11:45:29	5898.7274	2	0.0277	0.0036	5899.2757	-3.4	3.8	0.2649	-0.0433	0.0003	0.0335	-0.5389	60	0.000	55.800000	37.500000	187.90	55.781048	37.639210	194.1	11011
0	2023-05-02	11:46:29	5898.7263	2	0.0229	0.0030	5899.2749	-3.9	5.0	0.2645	-0.0436	0.0005	0.0335	-0.5389	60	0.000	55.800000	37.500000	187.90	55.780983	37.639336	192.5	11011
0	2023-05-02	11:47:29	5898.7268	2	0.0265	0.0034	5899.2756	-2.7	5.2	0.2565	-0.0439	0.0004	0.0336	-0.5389	60	0.000	55.800000	37.500000	187.90	55.781013	37.639088	193.3	11011
0	2023-05-02	11:48:29	5898.7253	2	0.0304	0.0039	5899.2748	-2.2	3.5	0.2498	-0.0441	0.0002	0.0334	-0.5389	60	0.000	55.800000	37.500000	187.90	55.781029	37.639507	193.7	11011
0	2023-05-02	11:49:29	5898.7263	2	0.0194	0.0025	5899.2755	-2.9	6.1	0.2636	-0.0444	0.0006	0.0336	-0.5389	60	0.000	55.800000	37.500000	187.90	55.780952	37.639088	194.2	11011
0	2023-05-02	11:50:29	5898.7267	2	0.0237	0.0031	5899.2765	-2.2	5.9	0.2536	-0.0447	0.0005	0.0334	-0.5390	60	0.000	55.800000	37.500000	187.90	55.781155	37.639248	194.6	11011
0	2023-05-02	11:51:29	5898.7266	2	0.0223	0.0029	5899.2765	-3.7	5.9	0.2576	-0.0450	0.0006	0.0334	-0.5390	60	0.000	55.800000	37.500000	187.90	55.781250	37.639362	195.0	11011
0	2023-05-02	11:52:29	5898.7262	2	0.0253	0.0033	5899.2767	-2.3	4.6	0.2534	-0.0453	0.0004	0.0334	-0.5390	60	0.000	55.800000	37.500000	187.90	55.780678	37.639046	195.2	11011
0	2023-05-02	11:53:29	5898.7245	2	0.0288	0.0037	5899.2753	-2.3	3.7	0.2597	-0.0456	0.0003	0.0335	-0.5390	60	0.000	55.800000	37.500000	187.90	55.780735	37.639240	195.4	11011
0	2023-05-02	11:54:29	5898.7252	2	0.0283	0.0037	5899.2764	-2.4	3.6	0.2674	-0.0459	0.0002	0.0334	-0.5390	60	0.000	55.800000	37.500000	187.90	55.780994	37.639160	196.3	11011
0	2023-05-02	11:55:29	5898.7265	2	0.0252	0.0032	5899.2779	-2.9	4.4	0.2588	-0.0462	0.0003	0.0334	-0.5390	60	0.000	55.800000	37.500000	187.90	55.780689	37.639202	195.3	11011
0	2023-05-02	11:56:29	5898.7258	2	0.0241	0.0031	5899.2775	-3.0	4.8	0.2604	-0.0465	0.0004	0.0333	-0.5390	60	0.000	55.800000	37.500000	187.90	55.780895	37.639202	194.4	11011
0	2023-05-02	11:57:29	5898.7251	2	0.0297	0.0038	5899.2771	-2.2	4.2	0.2644	-0.0468	0.0004	0.0334	-0.5390	60	0.000	55.800000	37.500000	187.90	55.780956	37.638988	192.8	11011
0	2023-05-02	11:58:29	5898.7262	2	0.0282	0.0036	5899.2786	-2.3	4.4	0.2561	-0.0470	0.0004	0.0332	-0.5390	60	0.000	55.800000	37.500000	187.90	55.780937	37.639362	193.8	11011
0	2023-05-02	11:59:29	5898.7268	2	0.0185	0.0024	5899.2795	-2.8	3.7	0.2621	-0.0473	0.0003	0.0334	-0.5390	60	0.000	55.800000	37.500000	187.90	55.781029	37.639603	193.4	11011
0	2023-05-02	12:00:29	5898.7260	2	0.0259	0.0033	5899.2792	-2.1	2.6	0.2549	-0.0476	0.0002	0.0333	-0.5390	60	0.000	55.800000	37.500000	187.90	55.780937	37.638954	192.4	11011
0	2023-05-02	12:01:29	5898.7266	2	0.0284	0.0037	5899.2798	-3.3	2.3	0.2600	-0.0479	0.0002	0.0334	-0.5390	60	0.000	55.800000	37.500000	187.90	55.780811	37.638504	193.8	11011
0	2023-05-02	12:02:29	5898.7257	2	0.0229	0.0030	5899.2794	-3.1	2.1	0.2560	-0.0482	0.0002	0.0333	-0.5390	60	0.000	55.800000	37.500000	187.90	55.780621	37.638382	194.2	11011
0	2023-05-02	12:03:29	5898.7266	2	0.0289	0.0037	5899.2807	-2.4	3.5	0.2585	-0.0484	0.0002	0.0331	-0.5390	60	0.000	55.800000	37.500000	187.90	55.780792	37.638771	194.4	11011
0	2023-05-02	12:04:29	5898.7245	2	0.0267	0.0034	5899.2787	-3.2	4.7	0.2556	-0.0487	0.0004	0.0331	-0.5390	60	0.000	55.800000	37.500000	187.90	--	--	--	11011
0	2023-05-02	12:05:29	5898.7259	2	0.0293	0.0038	5899.2804	-3.6	3.3	0.2604	-0.0490	0.0003	0.0332	-0.5390	60	0.000	55.800000	37.500000	187.90	--	--	--	11011
0	2023-05-02	12:06:29	5898.7263	2	0.0234	0.0030	5899.2809	-3.2	5.1	0.2572	-0.0493	0.0005	0.0331	-0.5390	60	0.000	55.800000	37.500000	187.90	55.781109	37.639133	194.3	11011
0	2023-05-02	12:07:29	5898.7263	2	0.0263	0.0034	5899.2811	-3.5	5.9	0.2593	-0.0496	0.0007	0.0331	-0.5390	60	0.000	55.800000	37.500000	187.90	--	--	--	11011
0	2023-05-02	12:08:29	5898.7251	2	0.0278	0.0036	5899.2803	-3.1	4.8	0.2588	-0.0498	0.0004	0.0332	-0.5390	60	0.000	55.800000	37.500000	187.90	--	--	--	11011
0	2023-05-02	12:09:29	5898.7256	2	0.0273	0.0035	5899.2810	-2.4	5.4	0.2543	-0.0501	0.0005	0.0333	-0.5390	60	0.000	55.800000	37.500000	187.90	55.780518	37.639641	195.0	11011
0	2023-05-02	12:10:29	5898.7249	2	0.0314	0.0041	5899.2809	-0.8	5.0	0.2590	-0.0504	0.0003	0.0332	-0.5390	60	0.000	55.800000	37.500000	187.90	55.780697	37.639317	195.8	11011
0	2023-05-02	12:11:29	5898.7242	2	0.0269	0.0035	5899.2804	-2.3	4.5	0.2540	-0.0506	0.0004	0.0331	-0.5391	60	0.000	55.800000	37.500000	187.90	55.781200	37.638798	198.6	11011
0	2023-05-02	12:12:29	5898.7258	2	0.0274	0.0035	5899.2822	-3.4	4.6	0.2614	-0.0509	0.0004	0.0332	-0.5391	60	0.000	55.800000	37.500000	187.90	55.779964	37.638439	201.6	11011
