/		CG-6 Survey
/		Survey Name:	MAIN-ZVEB-MEN3
/		Instrument Serial Number:	000000022090465
/		Created:	2023-04-20 05:18:30
/
/		CG-6 Calibration
/		Operator:	OAZ
/		Gcal1 [mGal]:	8286.592000
/		Goff [ADU]:	-8388608.000000
/		Gref [mGal]:	0.0000
/		X Scale [arc-sec/ADU]:	0.031989
/		Y Scale [arc-sec/ADU]:	0.031061
/		X Offset [ADU]:	-9210.497388
/		Y Offset [ADU]:	-163918.006243
/		Temperature Coefficient [mGal/mK]:	-0.129000
/		Temperature Scale [mK/ADU]:	-0.000111
/		Drift Rate [mGal/day]:	0.007000
/		Drift Zero Time:	2023-02-14 12:00:00
/		Firmware Version:	CG6_2_20220815
/
/Station	Date	Time	CorrGrav	Line	StdDev	StdErr	RawGrav	X	Y	SensorTemp	TideCorr	TiltCorr	TempCorr	DriftCorr	MeasurDur	InstrHeight	LatUser	LonUser	ElevUser	LatGPS	LonGPS	ElevGPS	Corrections[drift-temp-na-tide-tilt]
0	2023-05-03	05:01:41	5898.7069	4	0.0231	0.0030	5899.2471	3.6	-3.6	0.2429	-0.0286	0.0003	0.0320	-0.5440	60	0.000	55.800000	37.500000	187.90	55.780647	37.639584	200.1	11011
0	2023-05-03	05:02:41	5898.7068	4	0.0276	0.0036	5899.2469	3.1	-1.6	0.2477	-0.0282	0.0003	0.0318	-0.5440	60	0.000	55.800000	37.500000	187.90	55.780727	37.639542	199.3	11011
0	2023-05-03	05:03:41	5898.7076	4	0.0286	0.0037	5899.2475	2.0	-1.6	0.2499	-0.0277	0.0002	0.0317	-0.5440	60	0.000	55.800000	37.500000	187.90	55.780785	37.639294	194.6	11011
0	2023-05-03	05:04:41	5898.7077	4	0.0182	0.0023	5899.2474	2.4	-1.2	0.2441	-0.0273	0.0002	0.0315	-0.5440	60	0.000	55.800000	37.500000	187.90	55.780918	37.639267	197.5	11011
0	2023-05-03	05:05:41	5898.7053	4	0.0321	0.0041	5899.2445	2.7	-2.7	0.2402	-0.0269	0.0002	0.0315	-0.5440	60	0.000	55.800000	37.500000	187.90	55.780849	37.639351	196.4	11011
0	2023-05-03	05:06:41	5898.7092	4	0.0271	0.0035	5899.2480	1.0	-3.1	0.2472	-0.0264	0.0002	0.0314	-0.5440	60	0.000	55.800000	37.500000	187.90	--	--	--	11011
0	2023-05-03	05:07:41	5898.7060	4	0.0209	0.0027	5899.2447	0.8	-3.0	0.2370	-0.0260	0.0002	0.0312	-0.5440	60	0.000	55.800000	37.500000	187.90	--	--	--	11011
0	2023-05-03	05:08:41	5898.7070	4	0.0232	0.0030	5899.2453	1.1	-3.3	0.2412	-0.0256	0.0002	0.0311	-0.5440	60	0.000	55.800000	37.500000	187.90	--	--	--	11011
0	2023-05-03	05:09:41	5898.7071	4	0.0297	0.0038	5899.2449	2.4	-2.3	0.2356	-0.0252	0.0002	0.0312	-0.5440	60	0.000	55.800000	37.500000	187.90	55.781048	37.639179	199.9	11011
0	2023-05-03	05:10:41	5898.7069	4	0.0204	0.0026	5899.2446	1.4	-2.6	0.2419	-0.0247	0.0001	0.0310	-0.5440	60	0.000	55.800000	37.500000	187.90	55.781071	37.639046	204.3	11011
0	2023-05-03	05:11:41	5898.7074	4	0.0298	0.0038	5899.2446	1.3	-3.1	0.2315	-0.0243	0.0001	0.0310	-0.5440	60	0.000	55.800000	37.500000	187.90	55.780918	37.639278	213.3	11011
0	2023-05-03	05:12:41	5898.7057	4	0.0282	0.0036	5899.2424	1.3	-3.6	0.2380	-0.0239	0.0003	0.0309	-0.5440	60	0.000	55.800000	37.500000	187.90	55.781040	37.639095	216.9	11011
0	2023-05-03	05:13:41	5898.7063	4	0.0218	0.0028	5899.2427	1.1	-2.8	0.2396	-0.0234	0.0001	0.0309	-0.5440	60	0.000	55.800000	37.500000	187.90	55.780785	37.639183	220.3	11011
0	2023-05-03	05:14:41	5898.7066	4	0.0308	0.0040	5899.2427	2.4	-2.3	0.2368	-0.0230	0.0001	0.0308	-0.5440	60	0.000	55.800000	37.500000	187.90	55.781086	37.639038	221.4	11011
0	2023-05-03	05:15:41	5898.7052	4	0.0246	0.0032	5899.2408	2.4	-2.9	0.2413	-0.0226	0.0002	0.0308	-0.5440	60	0.000	55.800000	37.500000	187.90	55.780983	37.639114	223.7	11011
0	2023-05-03	05:16:41	5898.7081	4	0.0265	0.0034	5899.2434	2.9	-2.8	0.2377	-0.0222	0.0002	0.0307	-0.5440	60	0.000	55.800000	37.500000	187.90	55.781048	37.639179	225.5	11011
0	2023-05-03	05:17:41	5898.7063	4	0.0200	0.0026	5899.2411	3.0	-2.6	0.2402	-0.0217	0.0002	0.0308	-0.5440	60	0.000	55.800000	37.500000	187.90	--	--	--	11011
0	2023-05-03	05:18:41	5898.7063	4	0.0253	0.0033	5899.2408	3.6	-1.4	0.2396	-0.0213	0.0002	0.0307	-0.5440	60	0.000	55.800000	37.500000	187.90	55.781223	37.639050	226.1	11011
0	2023-05-03	05:19:41	5898.7074	4	0.0210	0.0027	5899.2414	3.7	-1.8	0.2335	-0.0209	0.0002	0.0308	-0.5441	60	0.000	55.800000	37.500000	187.90	55.781223	37.638523	227.6	11011
0	2023-05-03	05:20:41	5898.7059	4	0.0328	0.0042	5899.2396	3.8	-2.0	0.2426	-0.0205	0.0003	0.0306	-0.5441	60	0.000	55.800000	37.500000	187.90	55.780983	37.639324	227.5	11011
0	2023-05-03	05:21:41	5898.7056	4	0.0192	0.0025	5899.2388	2.4	-2.2	0.2420	-0.0200	0.0002	0.0307	-0.5441	60	0.000	55.800000	37.500000	187.90	55.781143	37.639172	229.0	11011
0	2023-05-03	05:22:41	5898.7056	4	0.0298	0.0038	5899.2386	2.0	-2.9	0.2350	-0.0196	0.0001	0.0305	-0.5441	60	0.000	55.800000	37.500000	187.90	55.781124	37.639011	230.9	11011
0	2023-05-03	05:23:41	5898.7066	4	0.0237	0.0031	5899.2391	2.7	-2.9	0.2376	-0.0192	0.0002	0.0306	-0.5441	60	0.000	55.800000	37.500000	187.90	55.780991	37.639153	231.2	11011
0	2023-05-03	05:24:41	5898.7064	4	0.0216	0.0028	5899.2384	3.7	-2.0	0.2364	-0.0188	0.0003	0.0306	-0.5441	60	0.000	55.800000	37.500000	187.90	55.781078	37.639217	232.1	11011
0	2023-05-03	05:25:41	5898.7062	4	0.0236	0.0030	5899.2380	2.4	-2.0	0.2357	-0.0184	0.0001	0.0305	-0.5441	60	0.000	55.800000	37.500000	187.90	--	--	--	11011
0	2023-05-03	05:26:41	5898.7061	4	0.0288	0.0037	5899.2372	2.6	-3.7	0.2347	-0.0179	0.0003	0.0306	-0.5441	60	0.000	55.800000	37.500000	187.90	55.781338	37.639076	231.6	11011
0	2023-05-03	05:27:41	5898.7062	4	0.0223	0.0029	5899.2373	0.3	-2.8	0.2386	-0.0175	0.0001	0.0305	-0.5441	60	0.000	55.800000	37.500000	187.90	55.781345	37.638912	238.1	11011
0	2023-05-03	05:28:41	5898.7058	4	0.0261	0.0034	5899.2365	0.2	-3.0	0.2398	-0.0171	0.0001	0.0304	-0.5441	60	0.000	55.800000	37.500000	187.90	55.781601	37.638859	239.7	11011
0	2023-05-03	05:29:41	5898.7063	4	0.0266	0.0034	5899.2364	-0.5	-2.0	0.2336	-0.0167	0.0001	0.0305	-0.5441	60	0.000	55.800000	37.500000	187.90	55.781372	37.639240	251.8	11011
0	2023-05-03	05:30:41	5898.7063	4	0.0307	0.0040	5899.2361	-0.3	-1.5	0.2436	-0.0163	0.0001	0.0305	-0.5441	60	0.000	55.800000	37.500000	187.90	55.781242	37.638885	247.0	11011
0	2023-05-03	05:31:41	5898.7076	4	0.0251	0.0032	5899.2370	1.4	-3.2	0.2337	-0.0159	0.0002	0.0304	-0.5441	60	0.000	55.800000	37.500000	187.90	55.781200	37.639553	231.8	11011
0	2023-05-03	05:32:41	5898.7069	4	0.0212	0.0027	5899.2361	1.6	-2.2	0.2374	-0.0154	0.0001	0.0303	-0.5441	60	0.000	55.800000	37.500000	187.90	55.781689	37.639088	235.8	11011
0	2023-05-03	05:33:41	5898.7073	4	0.0210	0.0027	5899.2357	1.3	-2.9	0.2367	-0.0150	0.0002	0.0305	-0.5441	60	0.000	55.800000	37.500000	187.90	55.780499	37.639675	236.2	11011
0	2023-05-03	05:34:41	5898.7074	4	0.0323	0.0042	5899.2355	1.1	-2.4	0.2428	-0.0146	0.0001	0.0305	-0.5441	60	0.000	55.800000	37.500000	187.90	55.781174	37.639198	219.0	11011
0	2023-05-03	05:35:41	5898.7058	4	0.0248	0.0032	5899.2336	1.7	-2.4	0.2328	-0.0142	0.0001	0.0305	-0.5441	60	0.000	55.800000	37.500000	187.90	55.780670	37.639439	213.1	11011
0	2023-05-03	05:36:41	5898.7053	4	0.0231	0.0030	5899.2327	0.7	-3.1	0.2309	-0.0138	0.0002	0.0304	-0.5441	60	0.000	55.800000	37.500000	187.90	55.781021	37.639694	231.2	11011
0	2023-05-03	05:37:41	5898.7052	4	0.0193	0.0025	5899.2320	1.0	-3.7	0.2295	-0.0134	0.0002	0.0305	-0.5441	60	0.000	55.800000	37.500000	187.90	55.781281	37.639305	235.9	11011
0	2023-05-03	05:38:41	5898.7067	4	0.0219	0.0028	5899.2330	2.1	-3.7	0.2377	-0.0130	0.0003	0.0305	-0.5441	60	0.000	55.800000	37.500000	187.90	55.781162	37.639324	235.2	11011
0	2023-05-03	05:39:41	5898.7062	4	0.0270	0.0035	5899.2323	1.8	-3.0	0.2347	-0.0126	0.0002	0.0304	-0.5441	60	0.000	55.800000	37.500000	187.90	55.780933	37.639889	234.6	11011
0	2023-05-03	05:40:41	5898.7059	4	0.0258	0.0033	5899.2317	1.8	-2.5	0.2387	-0.0121	0.0001	0.0303	-0.5442	60	0.000	55.800000	37.500000	187.90	55.781651	37.638657	236.4	11011
0	2023-05-03	05:41:41	5898.7068	4	0.0319	0.0041	5899.2322	0.1	-3.0	0.2319	-0.0117	0.0001	0.0304	-0.5442	60	0.000	55.800000	37.500000	187.90	55.781277	37.639095	236.3	11011
0	2023-05-03	05:42:41	5898.7073	4	0.0300	0.0039	5899.2323	0.9	-3.6	0.2410	-0.0113	0.0002	0.0303	-0.5442	60	0.000	55.800000	37.500000	187.90	55.781300	37.639088	238.5	11011
0	2023-05-03	05:43:41	5898.7066	4	0.0173	0.0022	5899.2309	2.1	-4.7	0.2297	-0.0109	0.0004	0.0305	-0.5442	60	0.000	55.800000	37.500000	187.90	55.781193	37.638950	239.6	11011
0	2023-05-03	05:44:41	5898.7067	4	0.0247	0.0032	5899.2309	2.2	-3.5	0.2329	-0.0105	0.0002	0.0302	-0.5442	60	0.000	55.800000	37.500000	187.90	55.781288	37.638420	235.8	11011
0	2023-05-03	05:45:41	5898.7061	4	0.0268	0.0035	5899.2300	0.3	-3.2	0.2392	-0.0101	0.0001	0.0303	-0.5442	60	0.000	55.800000	37.500000	187.90	55.781269	37.639370	233.2	11011
0	2023-05-03	05:46:41	5898.7060	4	0.0255	0.0033	5899.2296	-0.2	-2.5	0.2374	-0.0097	0.0001	0.0302	-0.5442	60	0.000	55.800000	37.500000	187.90	55.781452	37.638702	232.7	11011
0	2023-05-03	05:47:41	5898.7056	4	0.0327	0.0042	5899.2289	1.3	-1.6	0.2321	-0.0093	0.0001	0.0301	-0.5442	60	0.000	55.800000	37.500000	187.90	55.781452	37.638916	234.6	11011
0	2023-05-03	05:48:41	5898.7074	4	0.0271	0.0035	5899.2303	0.9	-1.7	0.2272	-0.0089	0.0001	0.0301	-0.5442	60	0.000	55.800000	37.500000	187.90	55.781433	37.639256	236.1	11011
0	2023-05-03	05:49:41	5898.7054	4	0.0296	0.0038	5899.2277	1.9	-1.8	0.2309	-0.0085	0.0001	0.0302	-0.5442	60	0.000	55.800000	37.500000	187.90	55.781143	37.638924	239.7	11011
0	2023-05-03	05:50:41	5898.7060	4	0.0250	0.0032	5899.2279	1.7	-2.6	0.2338	-0.0081	0.0002	0.0302	-0.5442	60	0.000	55.800000	37.500000	187.90	55.781219	37.638828	242.0	11011
0	2023-05-03	05:51:41	5898.7048	4	0.0337	0.0044	5899.2262	2.2	-4.2	0.2385	-0.0077	0.0003	0.0302	-0.5442	60	0.000	55.800000	37.500000	187.90	55.781528	37.639069	245.5	11011
0	2023-05-03	05:52:41	5898.7068	4	0.0244	0.0031	5899.2280	2.4	-3.7	0.2358	-0.0073	0.0002	0.0301	-0.5442	60	0.000	55.800000	37.500000	187.90	--	--	--	11011
0	2023-05-03	05:53:41	5898.7046	4	0.0184	0.0024	5899.2253	3.3	-3.0	0.2337	-0.0070	0.0002	0.0302	-0.5442	60	0.000	55.800000	37.500000	187.90	--	--	--	11011
0	2023-05-03	05:54:41	5898.7068	4	0.0127	0.0016	5899.2274	3.5	-2.6	0.2307	-0.0066	0.0002	0.0300	-0.5442	60	0.000	55.800000	37.500000	187.90	55.780972	37.639076	237.3	11011
0	2023-05-03	05:55:41	5898.7071	4	0.0201	0.0026	5899.2271	3.9	-2.2	0.2330	-0.0062	0.0002	0.0301	-0.5442	60	0.000	55.800000	37.500000	187.90	55.781097	37.639088	236.0	11011
0	2023-05-03	05:56:41	5898.7052	4	0.0317	0.0041	5899.2248	1.6	-2.1	0.2333	-0.0058	0.0001	0.0303	-0.5442	60	0.000	55.800000	37.500000	187.90	55.780964	37.639191	232.5	11011
0	2023-05-03	05:57:41	5898.7055	4	0.0254	0.0033	5899.2249	1.2	-1.6	0.2328	-0.0054	0.0001	0.0302	-0.5442	60	0.000	55.800000	37.500000	187.90	55.781174	37.638992	228.0	11011
0	2023-05-03	05:58:41	5898.7052	4	0.0300	0.0039	5899.2241	1.8	-1.9	0.2356	-0.0050	0.0002	0.0302	-0.5442	60	0.000	55.800000	37.500000	187.90	55.781250	37.639011	222.5	11011
0	2023-05-03	05:59:41	5898.7044	4	0.0226	0.0029	5899.2228	2.7	-3.2	0.2341	-0.0046	0.0002	0.0302	-0.5442	60	0.000	55.800000	37.500000	187.90	55.780952	37.639122	221.6	11011
0	2023-05-03	06:00:41	5898.7066	4	0.0212	0.0027	5899.2248	2.1	-3.1	0.2278	-0.0042	0.0002	0.0301	-0.5443	60	0.000	55.800000	37.500000	187.90	55.780991	37.639114	213.8	11011
20	2023-05-03	07:47:00	5876.1101	4	0.0304	0.0039	5876.5947	2.3	-4.9	0.2765	0.0239	0.0004	0.0359	-0.5448	60	0.000	55.800000	37.500000	187.90	55.699463	36.757591	191.5	11011
20	2023-05-03	07:48:00	5876.1118	4	0.0229	0.0030	5876.5967	2.0	-4.9	0.2730	0.0240	0.0003	0.0356	-0.5448	60	0.000	55.800000	37.500000	187.90	55.699482	36.757656	189.6	11011
20	2023-05-03	07:49:00	5876.1111	4	0.0344	0.0044	5876.5961	1.5	-5.6	0.2697	0.0241	0.0004	0.0352	-0.5448	60	0.000	55.800000	37.500000	187.90	55.699375	36.757713	189.9	11011
20	2023-05-03	07:50:00	5876.1107	4	0.0272	0.0035	5876.5962	2.5	-4.2	0.2643	0.0242	0.0003	0.0348	-0.5448	60	0.000	55.800000	37.500000	187.90	55.699375	36.757816	190.8	11011
20	2023-05-03	07:51:00	5876.1091	4	0.0283	0.0037	5876.5951	1.5	-2.5	0.2731	0.0243	0.0002	0.0343	-0.5448	60	0.000	55.800000	37.500000	187.90	55.699490	36.757797	188.8	11011
20	2023-05-03	07:52:00	5876.1095	4	0.0380	0.0049	5876.5956	0.7	-3.8	0.2559	0.0244	0.0002	0.0340	-0.5448	60	0.000	55.800000	37.500000	187.90	55.699432	36.757759	191.7	11011
20	2023-05-03	07:53:00	5876.1106	4	0.0332	0.0043	5876.5969	0.3	-3.7	0.2602	0.0245	0.0001	0.0337	-0.5448	60	0.000	55.800000	37.500000	187.90	55.699520	36.757725	194.7	11011
20	2023-05-03	07:54:00	5876.1104	4	0.0305	0.0039	5876.5972	1.4	-3.5	0.2557	0.0246	0.0002	0.0332	-0.5448	60	0.000	55.800000	37.500000	187.90	55.699413	36.757744	196.4	11011
20	2023-05-03	07:55:00	5876.1100	4	0.0243	0.0031	5876.5968	0.3	-3.4	0.2603	0.0247	0.0002	0.0330	-0.5448	60	0.000	55.800000	37.500000	187.90	55.699432	36.757835	196.4	11011
20	2023-05-03	07:56:00	5876.1104	4	0.0213	0.0028	5876.5976	0.9	-3.0	0.2539	0.0248	0.0001	0.0327	-0.5448	60	0.000	55.800000	37.500000	187.90	55.699348	36.757893	191.8	11011
20	2023-05-03	07:57:00	5876.1102	4	0.0369	0.0048	5876.5977	0.6	-1.6	0.2559	0.0249	0.0000	0.0324	-0.5448	60	0.000	55.800000	37.500000	187.90	55.699375	36.757820	190.2	11011
20	2023-05-03	07:58:00	5876.1101	4	0.0302	0.0039	5876.5978	2.0	-1.6	0.2498	0.0250	0.0001	0.0320	-0.5448	60	0.000	55.800000	37.500000	187.90	55.699341	36.757912	185.9	11011
20	2023-05-03	07:59:00	5876.1089	4	0.0232	0.0030	5876.5968	0.7	-1.5	0.2369	0.0251	0.0001	0.0318	-0.5448	60	0.000	55.800000	37.500000	187.90	55.699341	36.757751	184.2	11011
20	2023-05-03	08:00:00	5876.1095	4	0.0342	0.0044	5876.5976	1.4	-1.1	0.2434	0.0251	0.0001	0.0316	-0.5448	60	0.000	55.800000	37.500000	187.90	55.699387	36.757702	184.5	11011
20	2023-05-03	08:01:00	5876.1089	4	0.0370	0.0048	5876.5973	1.1	-0.2	0.2359	0.0252	0.0000	0.0313	-0.5448	60	0.000	55.800000	37.500000	187.90	55.699368	36.757816	184.0	11011
20	2023-05-03	08:02:00	5876.1107	4	0.0252	0.0033	5876.5992	2.0	-1.2	0.2402	0.0253	0.0001	0.0310	-0.5448	60	0.000	55.800000	37.500000	187.90	55.699547	36.757668	184.1	11011
20	2023-05-03	08:03:00	5876.1106	4	0.0216	0.0028	5876.5995	1.6	-2.0	0.2416	0.0253	0.0001	0.0305	-0.5448	60	0.000	55.800000	37.500000	187.90	55.699356	36.757801	184.7	11011
20	2023-05-03	08:04:00	5876.1105	4	0.0237	0.0031	5876.5994	1.1	-1.5	0.2351	0.0254	0.0000	0.0305	-0.5449	60	0.000	55.800000	37.500000	187.90	55.699493	36.757687	187.3	11011
20	2023-05-03	08:05:00	5876.1110	4	0.0231	0.0030	5876.6000	1.4	-1.7	0.2296	0.0255	0.0001	0.0303	-0.5449	60	0.000	55.800000	37.500000	187.90	55.699490	36.757847	188.4	11011
20	2023-05-03	08:06:00	5876.1103	4	0.0395	0.0051	5876.5995	1.1	-0.8	0.2355	0.0255	0.0001	0.0301	-0.5449	60	0.000	55.800000	37.500000	187.90	55.699425	36.757858	189.4	11011
20	2023-05-03	08:07:00	5876.1100	4	0.0238	0.0031	5876.5994	0.2	-1.6	0.2321	0.0256	0.0001	0.0299	-0.5449	60	0.000	55.800000	37.500000	187.90	55.699253	36.757854	189.5	11011
20	2023-05-03	08:08:00	5876.1103	4	0.0277	0.0036	5876.5998	-0.6	-1.2	0.2342	0.0256	0.0001	0.0297	-0.5449	60	0.000	55.800000	37.500000	187.90	55.699760	36.757454	190.4	11011
20	2023-05-03	08:09:00	5876.1102	4	0.0344	0.0044	5876.5999	-0.2	-0.9	0.2251	0.0257	0.0000	0.0294	-0.5449	60	0.000	55.800000	37.500000	187.90	55.699646	36.757523	191.4	11011
20	2023-05-03	08:10:00	5876.1087	4	0.0341	0.0044	5876.5982	-1.7	-0.8	0.2265	0.0257	0.0001	0.0295	-0.5449	60	0.000	55.800000	37.500000	187.90	55.699425	36.757687	191.4	11011
20	2023-05-03	08:11:00	5876.1102	4	0.0295	0.0038	5876.6001	-2.2	-0.4	0.2231	0.0258	0.0001	0.0291	-0.5449	60	0.000	55.800000	37.500000	187.90	55.699337	36.758057	190.8	11011
20	2023-05-03	08:12:00	5876.1100	4	0.0329	0.0042	5876.6001	-1.1	-0.1	0.2257	0.0258	0.0001	0.0290	-0.5449	60	0.000	55.800000	37.500000	187.90	55.699436	36.757809	190.6	11011
20	2023-05-03	08:13:00	5876.1087	4	0.0306	0.0039	5876.5988	-0.9	0.4	0.2242	0.0258	0.0000	0.0289	-0.5449	60	0.000	55.800000	37.500000	187.90	55.699444	36.757935	190.4	11011
20	2023-05-03	08:14:00	5876.1090	4	0.0282	0.0036	5876.5993	-1.6	1.3	0.2211	0.0259	0.0001	0.0287	-0.5449	60	0.000	55.800000	37.500000	187.90	55.699471	36.757854	191.2	11011
20	2023-05-03	08:15:00	5876.1097	4	0.0234	0.0030	5876.5999	-1.5	2.1	0.2231	0.0259	0.0001	0.0286	-0.5449	60	0.000	55.800000	37.500000	187.90	55.699482	36.757858	191.5	11011
20	2023-05-03	08:16:00	5876.1090	4	0.0330	0.0043	5876.5995	-2.6	0.8	0.2197	0.0259	0.0001	0.0284	-0.5449	60	0.000	55.800000	37.500000	187.90	55.699558	36.757515	191.4	11011
20	2023-05-03	08:17:00	5876.1087	4	0.0295	0.0038	5876.5993	-2.2	0.4	0.2176	0.0260	0.0001	0.0283	-0.5449	60	0.000	55.800000	37.500000	187.90	55.699413	36.757618	191.9	11011
20	2023-05-03	08:18:00	5876.1097	4	0.0301	0.0039	5876.6002	-3.1	0.2	0.2186	0.0260	0.0001	0.0283	-0.5449	60	0.000	55.800000	37.500000	187.90	55.699436	36.757778	191.7	11011
20	2023-05-03	08:19:00	5876.1082	4	0.0316	0.0041	5876.5991	-2.7	1.5	0.2217	0.0260	0.0001	0.0279	-0.5449	60	0.000	55.800000	37.500000	187.90	55.699337	36.757973	191.6	11011
20	2023-05-03	08:20:00	5876.1102	4	0.0274	0.0035	5876.6011	-2.4	1.1	0.2187	0.0260	0.0001	0.0279	-0.5449	60	0.000	55.800000	37.500000	187.90	55.699482	36.757664	191.0	11011
20	2023-05-03	08:21:00	5876.1093	4	0.0238	0.0031	5876.6004	-1.4	1.7	0.2153	0.0260	0.0001	0.0277	-0.5449	60	0.000	55.800000	37.500000	187.90	55.699280	36.757771	191.2	11011
20	2023-05-03	08:22:00	5876.1081	4	0.0265	0.0034	5876.5994	-0.9	-0.5	0.2104	0.0260	0.0000	0.0276	-0.5449	60	0.000	55.800000	37.500000	187.90	--	--	--	11011
20	2023-05-03	08:23:00	5876.1098	4	0.0250	0.0032	5876.6012	-1.6	-1.1	0.2100	0.0260	0.0001	0.0275	-0.5449	60	0.000	55.800000	37.500000	187.90	55.699512	36.757801	192.7	11011
20	2023-05-03	08:24:00	5876.1095	4	0.0287	0.0037	5876.6010	-2.2	0.6	0.2144	0.0260	0.0001	0.0273	-0.5449	60	0.000	55.800000	37.500000	187.90	55.699310	36.758076	194.2	11011
20	2023-05-03	08:25:00	5876.1095	4	0.0306	0.0040	5876.6012	-2.1	0.1	0.2124	0.0260	0.0001	0.0272	-0.5450	60	0.000	55.800000	37.500000	187.90	55.699436	36.757874	194.3	11011
20	2023-05-03	08:26:00	5876.1095	4	0.0261	0.0034	5876.6011	-1.8	-0.5	0.2094	0.0260	0.0001	0.0273	-0.5450	60	0.000	55.800000	37.500000	187.90	55.699379	36.757915	196.1	11011
20	2023-05-03	08:27:00	5876.1092	4	0.0317	0.0041	5876.6008	-3.3	-0.3	0.2141	0.0260	0.0001	0.0272	-0.5450	60	0.000	55.800000	37.500000	187.90	55.699471	36.758255	199.1	11011
20	2023-05-03	08:28:00	5876.1093	4	0.0250	0.0032	5876.6011	-3.0	1.2	0.2081	0.0260	0.0002	0.0270	-0.5450	60	0.000	55.800000	37.500000	187.90	55.699490	36.758247	202.3	11011
20	2023-05-03	08:29:00	5876.1092	4	0.0256	0.0033	5876.6013	-2.3	0.4	0.2072	0.0260	0.0001	0.0267	-0.5450	60	0.000	55.800000	37.500000	187.90	55.699387	36.757732	201.5	11011
20	2023-05-03	08:30:00	5876.1097	4	0.0254	0.0033	5876.6019	-1.7	0.9	0.2087	0.0259	0.0001	0.0268	-0.5450	60	0.000	55.800000	37.500000	187.90	55.699432	36.757828	199.7	11011
20	2023-05-03	08:31:00	5876.1078	4	0.0278	0.0036	5876.6002	-1.8	0.7	0.2070	0.0259	0.0001	0.0267	-0.5450	60	0.000	55.800000	37.500000	187.90	55.699356	36.758030	198.9	11011
20	2023-05-03	08:32:00	5876.1081	4	0.0318	0.0041	5876.6003	-2.4	0.6	0.2050	0.0259	0.0002	0.0267	-0.5450	60	0.000	55.800000	37.500000	187.90	55.699425	36.757973	198.6	11011
20	2023-05-03	08:33:00	5876.1075	4	0.0249	0.0032	5876.6000	-2.6	0.6	0.2027	0.0259	0.0001	0.0265	-0.5450	60	0.000	55.800000	37.500000	187.90	55.699387	36.758114	198.2	11011
20	2023-05-03	08:34:00	5876.1081	4	0.0228	0.0029	5876.6007	-1.3	0.5	0.2057	0.0258	0.0001	0.0265	-0.5450	60	0.000	55.800000	37.500000	187.90	55.699387	36.758324	198.9	11011
20	2023-05-03	08:35:00	5876.1084	4	0.0290	0.0037	5876.6013	-0.3	-0.0	0.2075	0.0258	0.0000	0.0263	-0.5450	60	0.000	55.800000	37.500000	187.90	55.699387	36.757835	199.3	11011
20	2023-05-03	08:36:00	5876.1081	4	0.0247	0.0032	5876.6012	-1.5	-1.2	0.2036	0.0258	0.0001	0.0261	-0.5450	60	0.000	55.800000	37.500000	187.90	55.699265	36.757435	199.3	11011
20	2023-05-03	08:37:00	5876.1096	4	0.0277	0.0036	5876.6026	-1.1	-0.3	0.2003	0.0257	0.0001	0.0262	-0.5450	60	0.000	55.800000	37.500000	187.90	55.699730	36.758007	198.2	11011
20	2023-05-03	08:38:00	5876.1087	4	0.0315	0.0041	5876.6019	-1.9	-1.1	0.2055	0.0257	0.0001	0.0261	-0.5450	60	0.000	55.800000	37.500000	187.90	55.699093	36.757561	197.3	11011
20	2023-05-03	08:39:00	5876.1093	4	0.0301	0.0039	5876.6025	-0.7	-0.5	0.2013	0.0256	0.0001	0.0261	-0.5450	60	0.000	55.800000	37.500000	187.90	55.699692	36.757912	196.8	11011
20	2023-05-03	08:40:00	5876.1075	4	0.0285	0.0037	5876.6010	-0.0	-0.4	0.1982	0.0256	0.0000	0.0259	-0.5450	60	0.000	55.800000	37.500000	187.90	55.699436	36.757637	196.5	11011
20	2023-05-03	08:41:00	5876.1090	4	0.0260	0.0034	5876.6025	0.2	-0.3	0.1992	0.0255	0.0000	0.0259	-0.5450	60	0.000	55.800000	37.500000	187.90	55.699501	36.757580	196.4	11011
20	2023-05-03	08:42:00	5876.1081	4	0.0261	0.0034	5876.6019	-1.3	-0.6	0.1978	0.0254	0.0000	0.0258	-0.5450	60	0.000	55.800000	37.500000	187.90	55.699608	36.757687	196.4	11011
20	2023-05-03	08:43:00	5876.1081	4	0.0264	0.0034	5876.6019	-0.5	-0.5	0.2006	0.0254	0.0001	0.0258	-0.5450	60	0.000	55.800000	37.500000	187.90	55.698959	36.757000	197.3	11011
20	2023-05-03	08:44:00	5876.1089	4	0.0271	0.0035	5876.6030	-0.7	-1.1	0.1985	0.0253	0.0000	0.0256	-0.5450	60	0.000	55.800000	37.500000	187.90	55.699539	36.757893	198.5	11011
20	2023-05-03	08:45:00	5876.1081	4	0.0262	0.0034	5876.6022	-1.0	0.2	0.2049	0.0252	0.0000	0.0257	-0.5450	60	0.000	55.800000	37.500000	187.90	55.699413	36.757683	198.3	11011
20	2023-05-03	08:46:00	5876.1076	4	0.0304	0.0039	5876.6017	-2.1	1.2	0.1996	0.0252	0.0001	0.0256	-0.5451	60	0.000	55.800000	37.500000	187.90	55.699398	36.757629	197.2	11011
60	2023-05-03	10:59:21	5930.3345	4	0.0295	0.0038	5930.8539	-0.6	-1.1	0.2811	-0.0089	0.0001	0.0351	-0.5457	60	0.000	55.800000	37.500000	187.90	--	--	--	11011
60	2023-05-03	11:00:21	5930.3366	4	0.0331	0.0043	5930.8565	0.8	-2.3	0.2716	-0.0093	0.0001	0.0349	-0.5457	60	0.000	55.800000	37.500000	187.90	--	--	--	11011
60	2023-05-03	11:01:21	5930.3357	4	0.0258	0.0033	5930.8563	1.3	-0.9	0.2711	-0.0097	0.0001	0.0348	-0.5457	60	0.000	55.800000	37.500000	187.90	--	--	--	11011
60	2023-05-03	11:02:21	5930.3365	4	0.0233	0.0030	5930.8575	0.7	-1.0	0.2738	-0.0101	0.0000	0.0348	-0.5457	60	0.000	55.800000	37.500000	187.90	--	--	--	11011
60	2023-05-03	11:03:21	5930.3353	4	0.0306	0.0039	5930.8565	0.3	-1.5	0.2713	-0.0105	0.0001	0.0349	-0.5457	60	0.000	55.800000	37.500000	187.90	--	--	--	11011
60	2023-05-03	11:04:21	5930.3349	4	0.0271	0.0035	5930.8569	0.2	-0.8	0.2708	-0.0109	0.0000	0.0346	-0.5457	60	0.000	55.800000	37.500000	187.90	--	--	--	11011
60	2023-05-03	11:05:21	5930.3352	4	0.0229	0.0030	5930.8574	-0.3	-1.7	0.2649	-0.0113	0.0001	0.0347	-0.5457	60	0.000	55.800000	37.500000	187.90	--	--	--	11011
60	2023-05-03	11:06:21	5930.3347	4	0.0210	0.0027	5930.8574	-0.4	0.3	0.2663	-0.0116	0.0000	0.0346	-0.5457	60	0.000	55.800000	37.500000	187.90	--	--	--	11011
60	2023-05-03	11:07:21	5930.3361	4	0.0282	0.0036	5930.8593	0.4	-0.1	0.2662	-0.0120	0.0000	0.0345	-0.5457	60	0.000	55.800000	37.500000	187.90	--	--	--	11011
60	2023-05-03	11:08:21	5930.3346	4	0.0242	0.0031	5930.8581	0.2	0.2	0.2711	-0.0124	0.0000	0.0346	-0.5457	60	0.000	55.800000	37.500000	187.90	--	--	--	11011
60	2023-05-03	11:09:21	5930.3350	4	0.0260	0.0034	5930.8589	0.3	-1.3	0.2741	-0.0128	0.0001	0.0346	-0.5458	60	0.000	55.800000	37.500000	187.90	--	--	--	11011
60	2023-05-03	11:10:21	5930.3367	4	0.0279	0.0036	5930.8609	0.8	-1.9	0.2673	-0.0132	0.0001	0.0347	-0.5458	60	0.000	55.800000	37.500000	187.90	--	--	--	11011
60	2023-05-03	11:11:21	5930.3363	4	0.0278	0.0036	5930.8611	1.3	-1.9	0.2675	-0.0136	0.0001	0.0345	-0.5458	60	0.000	55.800000	37.500000	187.90	--	--	--	11011
60	2023-05-03	11:12:21	5930.3356	4	0.0258	0.0033	5930.8609	0.4	-0.8	0.2677	-0.0140	0.0000	0.0345	-0.5458	60	0.000	55.800000	37.500000	187.90	--	--	--	11011
60	2023-05-03	11:13:21	5930.3372	4	0.0251	0.0032	5930.8629	0.5	-1.2	0.2678	-0.0144	0.0000	0.0345	-0.5458	60	0.000	55.800000	37.500000	187.90	--	--	--	11011
60	2023-05-03	11:14:21	5930.3350	4	0.0174	0.0022	5930.8609	2.5	-2.0	0.2636	-0.0148	0.0001	0.0345	-0.5458	60	0.000	55.800000	37.500000	187.90	--	--	--	11011
60	2023-05-03	11:15:21	5930.3354	4	0.0235	0.0030	5930.8617	0.8	-2.0	0.2727	-0.0152	0.0001	0.0346	-0.5458	60	0.000	55.800000	37.500000	187.90	--	--	--	11011
60	2023-05-03	11:16:21	5930.3350	4	0.0266	0.0034	5930.8618	2.0	-1.5	0.2698	-0.0156	0.0001	0.0345	-0.5458	60	0.000	55.800000	37.500000	187.90	--	--	--	11011
60	2023-05-03	11:17:21	5930.3355	4	0.0205	0.0026	5930.8627	2.1	-0.4	0.2692	-0.0160	0.0001	0.0345	-0.5458	60	0.000	55.800000	37.500000	187.90	--	--	--	11011
60	2023-05-03	11:18:21	5930.3367	4	0.0344	0.0044	5930.8644	1.0	-1.2	0.2659	-0.0164	0.0001	0.0345	-0.5458	60	0.000	55.800000	37.500000	187.90	--	--	--	11011
60	2023-05-03	11:19:21	5930.3349	4	0.0241	0.0031	5930.8631	0.7	-2.1	0.2701	-0.0168	0.0001	0.0343	-0.5458	60	0.000	55.800000	37.500000	187.90	--	--	--	11011
60	2023-05-03	11:20:21	5930.3351	4	0.0234	0.0030	5930.8636	0.0	-1.7	0.2674	-0.0173	0.0001	0.0344	-0.5458	60	0.000	55.800000	37.500000	187.90	--	--	--	11011
60	2023-05-03	11:21:21	5930.3352	4	0.0171	0.0022	5930.8643	1.6	-0.3	0.2623	-0.0177	0.0001	0.0344	-0.5458	60	0.000	55.800000	37.500000	187.90	--	--	--	11011
60	2023-05-03	11:22:21	5930.3349	4	0.0249	0.0032	5930.8643	2.0	-1.1	0.2730	-0.0181	0.0001	0.0344	-0.5458	60	0.000	55.800000	37.500000	187.90	--	--	--	11011
60	2023-05-03	11:23:21	5930.3364	4	0.0224	0.0029	5930.8663	2.3	-1.9	0.2675	-0.0185	0.0001	0.0342	-0.5458	60	0.000	55.800000	37.500000	187.90	--	--	--	11011
60	2023-05-03	11:24:21	5930.3357	4	0.0179	0.0023	5930.8661	1.8	-1.5	0.2704	-0.0189	0.0001	0.0342	-0.5458	60	0.000	55.800000	37.500000	187.90	--	--	--	11011
60	2023-05-03	11:25:21	5930.3355	4	0.0232	0.0030	5930.8662	1.0	-1.8	0.2670	-0.0193	0.0001	0.0343	-0.5458	60	0.000	55.800000	37.500000	187.90	--	--	--	11011
60	2023-05-03	11:26:21	5930.3354	4	0.0272	0.0035	5930.8666	0.3	-3.2	0.2600	-0.0197	0.0002	0.0342	-0.5458	60	0.000	55.800000	37.500000	187.90	--	--	--	11011
60	2023-05-03	11:27:21	5930.3355	4	0.0288	0.0037	5930.8670	-0.3	-2.4	0.2637	-0.0201	0.0001	0.0343	-0.5458	60	0.000	55.800000	37.500000	187.90	--	--	--	11011
60	2023-05-03	11:28:21	5930.3344	4	0.0305	0.0039	5930.8666	0.4	-2.1	0.2684	-0.0205	0.0001	0.0341	-0.5458	60	0.000	55.800000	37.500000	187.90	--	--	--	11011
60	2023-05-03	11:29:21	5930.3346	4	0.0245	0.0032	5930.8669	0.7	-2.2	0.2622	-0.0209	0.0001	0.0343	-0.5458	60	0.000	55.800000	37.500000	187.90	--	--	--	11011
60	2023-05-03	11:30:21	5930.3352	4	0.0271	0.0035	5930.8679	0.5	-3.4	0.2653	-0.0213	0.0002	0.0343	-0.5459	60	0.000	55.800000	37.500000	187.90	--	--	--	11011
60	2023-05-03	11:31:21	5930.3350	4	0.0266	0.0034	5930.8682	1.3	-2.0	0.2642	-0.0217	0.0001	0.0343	-0.5459	60	0.000	55.800000	37.500000	187.90	--	--	--	11011
60	2023-05-03	11:32:21	5930.3355	4	0.0275	0.0036	5930.8693	0.9	-1.2	0.2616	-0.0221	0.0000	0.0341	-0.5459	60	0.000	55.800000	37.500000	187.90	--	--	--	11011
60	2023-05-03	11:33:21	5930.3350	4	0.0215	0.0028	5930.8691	-0.5	-1.1	0.2634	-0.0226	0.0001	0.0343	-0.5459	60	0.000	55.800000	37.500000	187.90	--	--	--	11011
60	2023-05-03	11:34:21	5930.3354	4	0.0226	0.0029	5930.8700	-0.0	-1.6	0.2659	-0.0230	0.0001	0.0342	-0.5459	60	0.000	55.800000	37.500000	187.90	--	--	--	11011
60	2023-05-03	11:35:21	5930.3346	4	0.0299	0.0039	5930.8697	-0.9	-1.5	0.2683	-0.0234	0.0001	0.0341	-0.5459	60	0.000	55.800000	37.500000	187.90	--	--	--	11011
60	2023-05-03	11:36:21	5930.3361	4	0.0247	0.0032	5930.8716	-0.8	-1.2	0.2655	-0.0238	0.0001	0.0340	-0.5459	60	0.000	55.800000	37.500000	187.90	--	--	--	11011
60	2023-05-03	11:37:21	5930.3359	4	0.0231	0.0030	5930.8716	-1.3	-0.4	0.2636	-0.0242	0.0001	0.0343	-0.5459	60	0.000	55.800000	37.500000	187.90	--	--	--	11011
60	2023-05-03	11:38:21	5930.3354	4	0.0263	0.0034	5930.8716	-1.7	-0.4	0.2624	-0.0246	0.0001	0.0342	-0.5459	60	0.000	55.800000	37.500000	187.90	--	--	--	11011
60	2023-05-03	11:39:21	5930.3352	4	0.0300	0.0039	5930.8719	-1.4	0.1	0.2674	-0.0250	0.0000	0.0341	-0.5459	60	0.000	55.800000	37.500000	187.90	--	--	--	11011
60	2023-05-03	11:40:21	5930.3365	4	0.0201	0.0026	5930.8735	-1.3	-1.7	0.2660	-0.0254	0.0001	0.0343	-0.5459	60	0.000	55.800000	37.500000	187.90	--	--	--	11011
60	2023-05-03	11:41:21	5930.3364	4	0.0253	0.0033	5930.8740	-0.5	-1.9	0.2677	-0.0258	0.0001	0.0341	-0.5459	60	0.000	55.800000	37.500000	187.90	--	--	--	11011
60	2023-05-03	11:42:21	5930.3352	4	0.0269	0.0035	5930.8730	-0.3	-1.9	0.2649	-0.0263	0.0001	0.0343	-0.5459	60	0.000	55.800000	37.500000	187.90	--	--	--	11011
60	2023-05-03	11:43:21	5930.3356	4	0.0245	0.0032	5930.8740	0.2	-1.1	0.2666	-0.0267	0.0000	0.0342	-0.5459	60	0.000	55.800000	37.500000	187.90	--	--	--	11011
60	2023-05-03	11:44:21	5930.3356	4	0.0307	0.0040	5930.8746	0.8	-1.8	0.2689	-0.0271	0.0001	0.0340	-0.5459	60	0.000	55.800000	37.500000	187.90	--	--	--	11011
60	2023-05-03	11:45:21	5930.3361	4	0.0269	0.0035	5930.8753	-0.9	-2.5	0.2669	-0.0275	0.0001	0.0341	-0.5459	60	0.000	55.800000	37.500000	187.90	--	--	--	11011
60	2023-05-03	11:46:21	5930.3347	4	0.0207	0.0027	5930.8744	-0.8	-1.2	0.2698	-0.0279	0.0001	0.0340	-0.5459	60	0.000	55.800000	37.500000	187.90	--	--	--	11011
60	2023-05-03	11:47:21	5930.3350	4	0.0241	0.0031	5930.8751	0.1	-1.2	0.2559	-0.0283	0.0001	0.0341	-0.5459	60	0.000	55.800000	37.500000	187.90	--	--	--	11011
60	2023-05-03	11:48:21	5930.3346	4	0.0241	0.0031	5930.8752	-1.2	-0.3	0.2596	-0.0287	0.0000	0.0340	-0.5459	60	0.000	55.800000	37.500000	187.90	--	--	--	11011
60	2023-05-03	11:49:21	5930.3343	4	0.0188	0.0024	5930.8752	-0.8	-0.2	0.2663	-0.0291	0.0001	0.0341	-0.5459	60	0.000	55.800000	37.500000	187.90	--	--	--	11011
60	2023-05-03	11:50:21	5930.3336	4	0.0263	0.0034	5930.8750	-0.6	-0.9	0.2606	-0.0295	0.0000	0.0340	-0.5460	60	0.000	55.800000	37.500000	187.90	--	--	--	11011
60	2023-05-03	11:51:21	5930.3340	4	0.0315	0.0041	5930.8757	-0.4	-1.8	0.2633	-0.0299	0.0001	0.0341	-0.5460	60	0.000	55.800000	37.500000	187.90	--	--	--	11011
60	2023-05-03	11:52:21	5930.3363	4	0.0241	0.0031	5930.8787	-0.9	-2.2	0.2598	-0.0304	0.0001	0.0339	-0.5460	60	0.000	55.800000	37.500000	187.90	--	--	--	11011
60	2023-05-03	11:53:21	5930.3347	4	0.0294	0.0038	5930.8773	-0.4	-2.5	0.2621	-0.0308	0.0002	0.0339	-0.5460	60	0.000	55.800000	37.500000	187.90	--	--	--	11011
60	2023-05-03	11:54:21	5930.3349	4	0.0205	0.0026	5930.8780	-1.2	-1.8	0.2604	-0.0312	0.0001	0.0340	-0.5460	60	0.000	55.800000	37.500000	187.90	--	--	--	11011
60	2023-05-03	11:55:21	5930.3360	4	0.0189	0.0024	5930.8793	-0.6	-2.3	0.2615	-0.0316	0.0001	0.0342	-0.5460	60	0.000	55.800000	37.500000	187.90	--	--	--	11011
60	2023-05-03	11:56:21	5930.3352	4	0.0262	0.0034	5930.8792	-0.8	-2.3	0.2624	-0.0320	0.0001	0.0339	-0.5460	60	0.000	55.800000	37.500000	187.90	--	--	--	11011
60	2023-05-03	11:57:21	5930.3376	4	0.0241	0.0031	5930.8818	0.0	-2.5	0.2623	-0.0324	0.0001	0.0340	-0.5460	60	0.000	55.800000	37.500000	187.90	--	--	--	11011
60	2023-05-03	11:58:21	5930.3343	4	0.0252	0.0032	5930.8789	0.2	-2.4	0.2686	-0.0328	0.0001	0.0341	-0.5460	60	0.000	55.800000	37.500000	187.90	--	--	--	11011
20	2023-05-03	13:44:25	5876.1052	4	0.0228	0.0029	5876.6815	-2.9	-1.3	0.3065	-0.0697	0.0001	0.0398	-0.5465	60	0.000	55.800000	37.500000	187.90	55.699398	36.757973	181.8	11011
20	2023-05-03	13:45:25	5876.1042	4	0.0333	0.0043	5876.6813	-2.5	0.2	0.3043	-0.0699	0.0001	0.0392	-0.5465	60	0.000	55.800000	37.500000	187.90	55.699379	36.757931	182.8	11011
20	2023-05-03	13:46:25	5876.1031	4	0.0313	0.0040	5876.6807	-2.8	-0.5	0.2928	-0.0702	0.0002	0.0388	-0.5465	60	0.000	55.800000	37.500000	187.90	55.699436	36.757858	183.5	11011
20	2023-05-03	13:47:25	5876.1058	4	0.0217	0.0028	5876.6840	-3.4	-0.2	0.2992	-0.0704	0.0001	0.0385	-0.5465	60	0.000	55.800000	37.500000	187.90	55.699146	36.758179	183.4	11011
20	2023-05-03	13:48:25	5876.1052	4	0.0252	0.0032	5876.6843	-4.9	0.6	0.2967	-0.0707	0.0002	0.0379	-0.5465	60	0.000	55.800000	37.500000	187.90	55.699318	36.757950	184.3	11011
20	2023-05-03	13:49:25	5876.1036	4	0.0222	0.0029	5876.6832	-5.7	-0.5	0.2924	-0.0709	0.0004	0.0374	-0.5465	60	0.000	55.800000	37.500000	187.90	55.699528	36.757759	184.4	11011
20	2023-05-03	13:50:25	5876.1040	4	0.0217	0.0028	5876.6844	-5.3	-0.8	0.2807	-0.0711	0.0003	0.0370	-0.5465	60	0.000	55.800000	37.500000	187.90	55.699387	36.758179	185.3	11011
20	2023-05-03	13:51:25	5876.1046	4	0.0198	0.0026	5876.6855	-5.0	-0.9	0.2813	-0.0714	0.0004	0.0366	-0.5465	60	0.000	55.800000	37.500000	187.90	--	--	--	11011
20	2023-05-03	13:52:25	5876.1040	4	0.0217	0.0028	5876.6857	-6.3	-0.3	0.2808	-0.0716	0.0005	0.0360	-0.5465	60	0.000	55.800000	37.500000	187.90	55.699242	36.758030	166.3	11011
20	2023-05-03	13:53:25	5876.1054	4	0.0238	0.0031	5876.6875	-6.6	-0.8	0.2714	-0.0718	0.0006	0.0357	-0.5465	60	0.000	55.800000	37.500000	187.90	55.699615	36.757702	187.4	11011
20	2023-05-03	13:54:25	5876.1044	4	0.0249	0.0032	5876.6871	-7.9	0.5	0.2714	-0.0721	0.0008	0.0352	-0.5466	60	0.000	55.800000	37.500000	187.90	55.699703	36.757591	189.1	11011
20	2023-05-03	13:55:25	5876.1058	4	0.0179	0.0023	5876.6887	-8.2	2.1	0.2695	-0.0723	0.0009	0.0350	-0.5466	60	0.000	55.800000	37.500000	187.90	55.699818	36.757782	192.3	11011
20	2023-05-03	13:56:25	5876.1040	4	0.0228	0.0029	5876.6880	-7.5	2.3	0.2694	-0.0725	0.0006	0.0344	-0.5466	60	0.000	55.800000	37.500000	187.90	55.699398	36.757961	191.4	11011
20	2023-05-03	13:57:25	5876.1051	4	0.0259	0.0033	5876.6894	-8.0	2.2	0.2654	-0.0727	0.0008	0.0342	-0.5466	60	0.000	55.800000	37.500000	187.90	55.699471	36.757820	189.9	11011
20	2023-05-03	13:58:25	5876.1041	4	0.0218	0.0028	5876.6889	-7.9	2.9	0.2621	-0.0730	0.0008	0.0339	-0.5466	60	0.000	55.800000	37.500000	187.90	55.699635	36.757572	188.7	11011
20	2023-05-03	13:59:25	5876.1055	4	0.0227	0.0029	5876.6909	-7.4	2.4	0.2651	-0.0732	0.0008	0.0336	-0.5466	60	0.000	55.800000	37.500000	187.90	55.699749	36.757523	186.9	11011
20	2023-05-03	14:00:25	5876.1050	4	0.0231	0.0030	5876.6909	-8.5	2.1	0.2551	-0.0734	0.0009	0.0332	-0.5466	60	0.000	55.800000	37.500000	187.90	55.699558	36.757668	187.4	11011
20	2023-05-03	14:01:25	5876.1043	4	0.0243	0.0031	5876.6905	-9.1	2.2	0.2549	-0.0736	0.0010	0.0329	-0.5466	60	0.000	55.800000	37.500000	187.90	55.699436	36.758049	189.3	11011
20	2023-05-03	14:02:25	5876.1043	4	0.0216	0.0028	5876.6912	-6.9	2.6	0.2534	-0.0738	0.0007	0.0328	-0.5466	60	0.000	55.800000	37.500000	187.90	55.699463	36.757782	190.7	11011
20	2023-05-03	14:03:25	5876.1034	4	0.0159	0.0021	5876.6913	-5.5	2.4	0.2506	-0.0740	0.0004	0.0324	-0.5466	60	0.000	55.800000	37.500000	187.90	55.699501	36.757797	190.2	11011
20	2023-05-03	14:04:25	5876.1045	4	0.0224	0.0029	5876.6925	-6.2	3.7	0.2475	-0.0742	0.0007	0.0321	-0.5466	60	0.000	55.800000	37.500000	187.90	55.699547	36.757675	188.3	11011
20	2023-05-03	14:05:25	5876.1034	4	0.0200	0.0026	5876.6920	-6.1	3.8	0.2458	-0.0744	0.0005	0.0320	-0.5466	60	0.000	55.800000	37.500000	187.90	55.699444	36.757828	188.5	11011
20	2023-05-03	14:06:25	5876.1037	4	0.0272	0.0035	5876.6922	-8.3	4.2	0.2447	-0.0746	0.0010	0.0317	-0.5466	60	0.000	55.800000	37.500000	187.90	55.699570	36.757740	188.7	11011
20	2023-05-03	14:07:25	5876.1035	4	0.0242	0.0031	5876.6924	-7.4	3.6	0.2347	-0.0748	0.0009	0.0316	-0.5466	60	0.000	55.800000	37.500000	187.90	55.699558	36.758064	189.8	11011
20	2023-05-03	14:08:25	5876.1038	4	0.0257	0.0033	5876.6934	-7.5	3.7	0.2407	-0.0750	0.0009	0.0311	-0.5466	60	0.000	55.800000	37.500000	187.90	55.699348	36.757801	189.8	11011
20	2023-05-03	14:09:25	5876.1053	4	0.0236	0.0030	5876.6949	-8.4	4.7	0.2401	-0.0752	0.0011	0.0310	-0.5466	60	0.000	55.800000	37.500000	187.90	55.699425	36.758114	189.5	11011
20	2023-05-03	14:10:25	5876.1048	4	0.0216	0.0028	5876.6948	-9.0	4.2	0.2361	-0.0754	0.0013	0.0308	-0.5466	60	0.000	55.800000	37.500000	187.90	55.699558	36.757877	189.9	11011
20	2023-05-03	14:11:25	5876.1048	4	0.0191	0.0025	5876.6954	-9.0	5.1	0.2378	-0.0756	0.0012	0.0304	-0.5466	60	0.000	55.800000	37.500000	187.90	55.699741	36.758011	189.6	11011
20	2023-05-03	14:12:25	5876.1056	4	0.0265	0.0034	5876.6961	-10.1	5.0	0.2335	-0.0758	0.0015	0.0303	-0.5466	60	0.000	55.800000	37.500000	187.90	55.699673	36.757923	191.1	11011
20	2023-05-03	14:13:25	5876.1045	4	0.0231	0.0030	5876.6959	-8.6	4.9	0.2290	-0.0759	0.0012	0.0301	-0.5466	60	0.000	55.800000	37.500000	187.90	55.699818	36.757874	191.1	11011
20	2023-05-03	14:14:25	5876.1049	4	0.0193	0.0025	5876.6967	-7.4	5.3	0.2386	-0.0761	0.0010	0.0300	-0.5467	60	0.000	55.800000	37.500000	187.90	55.699501	36.757648	190.6	11011
20	2023-05-03	14:15:25	5876.1055	4	0.0204	0.0026	5876.6972	-9.7	5.5	0.2359	-0.0763	0.0014	0.0298	-0.5467	60	0.000	55.800000	37.500000	187.90	55.699577	36.757877	190.6	11011
20	2023-05-03	14:16:25	5876.1066	4	0.0231	0.0030	5876.6989	-9.1	5.0	0.2331	-0.0765	0.0012	0.0297	-0.5467	60	0.000	55.800000	37.500000	187.90	55.699547	36.757751	189.2	11011
20	2023-05-03	14:17:25	5876.1043	4	0.0234	0.0030	5876.6966	-9.3	5.0	0.2194	-0.0766	0.0014	0.0296	-0.5467	60	0.000	55.800000	37.500000	187.90	55.699615	36.757572	188.9	11011
20	2023-05-03	14:18:25	5876.1054	4	0.0191	0.0025	5876.6984	-10.0	3.7	0.2247	-0.0768	0.0013	0.0292	-0.5467	60	0.000	55.800000	37.500000	187.90	55.699291	36.757931	189.5	11011
20	2023-05-03	14:19:25	5876.1040	4	0.0174	0.0022	5876.6969	-10.1	3.4	0.2186	-0.0770	0.0014	0.0293	-0.5467	60	0.000	55.800000	37.500000	187.90	55.699406	36.757751	190.9	11011
20	2023-05-03	14:20:25	5876.1049	4	0.0249	0.0032	5876.6987	-8.8	4.1	0.2299	-0.0771	0.0011	0.0289	-0.5467	60	0.000	55.800000	37.500000	187.90	55.699280	36.757801	191.3	11011
20	2023-05-03	14:21:25	5876.1044	4	0.0193	0.0025	5876.6984	-9.1	4.6	0.2246	-0.0773	0.0012	0.0288	-0.5467	60	0.000	55.800000	37.500000	187.90	55.699501	36.757664	190.9	11011
20	2023-05-03	14:22:25	5876.1057	4	0.0192	0.0025	5876.6992	-10.3	4.5	0.2287	-0.0775	0.0018	0.0288	-0.5467	60	0.000	55.800000	37.500000	187.90	55.699490	36.757847	189.2	11011
20	2023-05-03	14:23:25	5876.1054	4	0.0269	0.0035	5876.6994	-10.9	5.2	0.2245	-0.0776	0.0016	0.0287	-0.5467	60	0.000	55.800000	37.500000	187.90	55.699398	36.757763	186.9	11011
20	2023-05-03	14:24:25	5876.1048	4	0.0251	0.0032	5876.6990	-10.6	5.6	0.2116	-0.0778	0.0018	0.0285	-0.5467	60	0.000	55.800000	37.500000	187.90	55.699455	36.757668	186.1	11011
20	2023-05-03	14:25:25	5876.1052	4	0.0173	0.0022	5876.7003	-9.4	5.3	0.2255	-0.0779	0.0012	0.0283	-0.5467	60	0.000	55.800000	37.500000	187.90	55.699501	36.757778	184.8	11011
20	2023-05-03	14:26:25	5876.1047	4	0.0273	0.0035	5876.6998	-9.6	6.1	0.2140	-0.0781	0.0014	0.0282	-0.5467	60	0.000	55.800000	37.500000	187.90	55.699387	36.757820	184.8	11011
20	2023-05-03	14:27:25	5876.1059	4	0.0231	0.0030	5876.7011	-9.2	6.9	0.2160	-0.0782	0.0015	0.0282	-0.5467	60	0.000	55.800000	37.500000	187.90	55.699413	36.758190	185.1	11011
20	2023-05-03	14:28:25	5876.1046	4	0.0265	0.0034	5876.7000	-9.4	7.1	0.2225	-0.0784	0.0017	0.0279	-0.5467	60	0.000	55.800000	37.500000	187.90	55.699436	36.757961	185.7	11011
20	2023-05-03	14:29:25	5876.1058	4	0.0208	0.0027	5876.7009	-9.9	7.7	0.2144	-0.0785	0.0022	0.0280	-0.5467	60	0.000	55.800000	37.500000	187.90	55.699398	36.757751	185.6	11011
20	2023-05-03	14:30:25	5876.1042	4	0.0243	0.0031	5876.7000	-9.6	6.6	0.2122	-0.0786	0.0017	0.0278	-0.5467	60	0.000	55.800000	37.500000	187.90	55.699501	36.757874	187.7	11011
20	2023-05-03	14:31:25	5876.1060	4	0.0186	0.0024	5876.7019	-10.9	5.8	0.2136	-0.0788	0.0019	0.0277	-0.5467	60	0.000	55.800000	37.500000	187.90	55.699341	36.757740	187.7	11011
20	2023-05-03	14:32:25	5876.1054	4	0.0223	0.0029	5876.7021	-9.5	6.4	0.2120	-0.0789	0.0015	0.0275	-0.5467	60	0.000	55.800000	37.500000	187.90	55.699432	36.757816	186.9	11011
20	2023-05-03	14:33:25	5876.1069	4	0.0215	0.0028	5876.7031	-11.1	7.5	0.2083	-0.0790	0.0022	0.0274	-0.5467	60	0.000	55.800000	37.500000	187.90	55.699322	36.757809	183.8	11011
20	2023-05-03	14:34:25	5876.1049	4	0.0234	0.0030	5876.7019	-9.4	7.1	0.2067	-0.0791	0.0015	0.0274	-0.5467	60	0.000	55.800000	37.500000	187.90	55.699356	36.757778	183.2	11011
20	2023-05-03	14:35:25	5876.1062	4	0.0306	0.0040	5876.7034	-9.5	7.0	0.2142	-0.0793	0.0016	0.0273	-0.5468	60	0.000	55.800000	37.500000	187.90	55.699398	36.757732	182.8	11011
20	2023-05-03	14:36:25	5876.1042	4	0.0243	0.0031	5876.7013	-10.7	7.1	0.2175	-0.0794	0.0020	0.0270	-0.5468	60	0.000	55.800000	37.500000	187.90	55.699528	36.757763	182.4	11011
20	2023-05-03	14:37:25	5876.1052	4	0.0246	0.0032	5876.7025	-10.9	7.2	0.2123	-0.0795	0.0019	0.0271	-0.5468	60	0.000	55.800000	37.500000	187.90	55.699528	36.757721	181.1	11011
20	2023-05-03	14:38:25	5876.1043	4	0.0234	0.0030	5876.7019	-10.8	6.4	0.2071	-0.0796	0.0018	0.0270	-0.5468	60	0.000	55.800000	37.500000	187.90	55.699501	36.757759	181.2	11011
20	2023-05-03	14:39:25	5876.1055	4	0.0206	0.0027	5876.7030	-11.9	7.0	0.2098	-0.0797	0.0021	0.0269	-0.5468	60	0.000	55.800000	37.500000	187.90	55.699520	36.757683	178.3	11011
20	2023-05-03	14:40:25	5876.1063	4	0.0215	0.0028	5876.7043	-10.6	7.0	0.2052	-0.0798	0.0019	0.0267	-0.5468	60	0.000	55.800000	37.500000	187.90	55.699471	36.757664	176.0	11011
20	2023-05-03	14:41:25	5876.1053	4	0.0184	0.0024	5876.7030	-11.4	7.5	0.2048	-0.0800	0.0023	0.0267	-0.5468	60	0.000	55.800000	37.500000	187.90	55.699337	36.757648	174.8	11011
20	2023-05-03	14:42:25	5876.1047	4	0.0205	0.0026	5876.7030	-11.5	7.1	0.2059	-0.0801	0.0021	0.0265	-0.5468	60	0.000	55.800000	37.500000	187.90	55.699665	36.757915	173.0	11011
20	2023-05-03	14:43:25	5876.1058	4	0.0226	0.0029	5876.7037	-12.6	7.8	0.2058	-0.0802	0.0025	0.0266	-0.5468	60	0.000	55.800000	37.500000	187.90	55.699471	36.757980	172.7	11011
0	2023-05-03	16:38:32	5898.6949	4	0.0268	0.0035	5899.2826	1.9	1.3	0.2669	-0.0759	0.0001	0.0354	-0.5474	60	0.000	55.800000	37.500000	187.90	--	--	--	11011
0	2023-05-03	16:39:32	5898.6929	4	0.0201	0.0026	5899.2807	2.4	1.7	0.2782	-0.0757	0.0001	0.0352	-0.5474	60	0.000	55.800000	37.500000	187.90	--	--	--	11011
0	2023-05-03	16:40:32	5898.6935	4	0.0191	0.0025	5899.2812	3.1	2.4	0.2709	-0.0756	0.0001	0.0351	-0.5474	60	0.000	55.800000	37.500000	187.90	--	--	--	11011
0	2023-05-03	16:41:32	5898.6940	4	0.0143	0.0018	5899.2817	2.9	0.7	0.2687	-0.0754	0.0001	0.0350	-0.5474	60	0.000	55.800000	37.500000	187.90	--	--	--	11011
0	2023-05-03	16:42:32	5898.6956	4	0.0142	0.0018	5899.2831	4.4	1.1	0.2704	-0.0753	0.0003	0.0348	-0.5474	60	0.000	55.800000	37.500000	187.90	--	--	--	11011
0	2023-05-03	16:43:32	5898.6948	4	0.0216	0.0028	5899.2826	3.8	1.6	0.2658	-0.0751	0.0002	0.0345	-0.5474	60	0.000	55.800000	37.500000	187.90	--	--	--	11011
0	2023-05-03	16:44:32	5898.6946	4	0.0174	0.0023	5899.2821	2.2	1.8	0.2697	-0.0750	0.0001	0.0347	-0.5474	60	0.000	55.800000	37.500000	187.90	--	--	--	11011
0	2023-05-03	16:45:32	5898.6945	4	0.0235	0.0030	5899.2822	2.1	1.7	0.2664	-0.0748	0.0001	0.0344	-0.5474	60	0.000	55.800000	37.500000	187.90	--	--	--	11011
0	2023-05-03	16:46:32	5898.6941	4	0.0231	0.0030	5899.2816	2.2	1.3	0.2669	-0.0746	0.0001	0.0344	-0.5474	60	0.000	55.800000	37.500000	187.90	--	--	--	11011
0	2023-05-03	16:47:32	5898.6945	4	0.0186	0.0024	5899.2817	2.8	1.3	0.2606	-0.0745	0.0002	0.0344	-0.5474	60	0.000	55.800000	37.500000	187.90	--	--	--	11011
0	2023-05-03	16:48:32	5898.6941	4	0.0162	0.0021	5899.2817	1.9	1.1	0.2643	-0.0743	0.0001	0.0341	-0.5474	60	0.000	55.800000	37.500000	187.90	--	--	--	11011
0	2023-05-03	16:49:32	5898.6951	4	0.0205	0.0026	5899.2823	2.0	0.8	0.2647	-0.0742	0.0001	0.0343	-0.5474	60	0.000	55.800000	37.500000	187.90	--	--	--	11011
0	2023-05-03	16:50:32	5898.6944	4	0.0219	0.0028	5899.2817	1.8	2.2	0.2660	-0.0740	0.0001	0.0340	-0.5474	60	0.000	55.800000	37.500000	187.90	--	--	--	11011
0	2023-05-03	16:51:32	5898.6932	4	0.0154	0.0020	5899.2803	1.3	1.0	0.2621	-0.0738	0.0000	0.0341	-0.5474	60	0.000	55.800000	37.500000	187.90	--	--	--	11011
0	2023-05-03	16:52:32	5898.6933	4	0.0211	0.0027	5899.2804	2.6	-0.0	0.2612	-0.0737	0.0001	0.0339	-0.5474	60	0.000	55.800000	37.500000	187.90	--	--	--	11011
0	2023-05-03	16:53:32	5898.6933	4	0.0150	0.0019	5899.2804	2.7	0.8	0.2597	-0.0735	0.0001	0.0337	-0.5474	60	0.000	55.800000	37.500000	187.90	--	--	--	11011
0	2023-05-03	16:54:32	5898.6937	4	0.0159	0.0020	5899.2806	1.6	0.3	0.2622	-0.0733	0.0001	0.0337	-0.5474	60	0.000	55.800000	37.500000	187.90	--	--	--	11011
0	2023-05-03	16:55:32	5898.6949	4	0.0253	0.0033	5899.2816	1.4	-0.4	0.2584	-0.0731	0.0001	0.0339	-0.5474	60	0.000	55.800000	37.500000	187.90	--	--	--	11011
0	2023-05-03	16:56:32	5898.6933	4	0.0188	0.0024	5899.2801	0.4	0.4	0.2555	-0.0730	0.0000	0.0336	-0.5474	60	0.000	55.800000	37.500000	187.90	--	--	--	11011
0	2023-05-03	16:57:32	5898.6940	4	0.0172	0.0022	5899.2806	0.7	0.9	0.2648	-0.0728	0.0000	0.0336	-0.5474	60	0.000	55.800000	37.500000	187.90	--	--	--	11011
0	2023-05-03	16:58:32	5898.6946	4	0.0151	0.0020	5899.2812	0.1	1.1	0.2587	-0.0726	0.0000	0.0334	-0.5474	60	0.000	55.800000	37.500000	187.90	--	--	--	11011
0	2023-05-03	16:59:32	5898.6944	4	0.0158	0.0020	5899.2809	0.5	1.4	0.2524	-0.0725	0.0001	0.0334	-0.5475	60	0.000	55.800000	37.500000	187.90	--	--	--	11011
0	2023-05-03	17:00:32	5898.6931	4	0.0186	0.0024	5899.2793	0.9	1.5	0.2564	-0.0723	0.0001	0.0334	-0.5475	60	0.000	55.800000	37.500000	187.90	--	--	--	11011
0	2023-05-03	17:01:32	5898.6942	4	0.0188	0.0024	5899.2803	0.2	1.5	0.2580	-0.0721	0.0001	0.0334	-0.5475	60	0.000	55.800000	37.500000	187.90	--	--	--	11011
0	2023-05-03	17:02:32	5898.6938	4	0.0176	0.0023	5899.2798	1.7	-0.4	0.2631	-0.0719	0.0001	0.0334	-0.5475	60	0.000	55.800000	37.500000	187.90	--	--	--	11011
0	2023-05-03	17:03:32	5898.6939	4	0.0179	0.0023	5899.2798	1.3	0.1	0.2623	-0.0718	0.0000	0.0333	-0.5475	60	0.000	55.800000	37.500000	187.90	--	--	--	11011
0	2023-05-03	17:04:32	5898.6955	4	0.0175	0.0023	5899.2812	2.1	-0.5	0.2594	-0.0716	0.0001	0.0333	-0.5475	60	0.000	55.800000	37.500000	187.90	--	--	--	11011
0	2023-05-03	17:05:32	5898.6928	4	0.0148	0.0019	5899.2784	1.6	-0.7	0.2594	-0.0714	0.0001	0.0332	-0.5475	60	0.000	55.800000	37.500000	187.90	--	--	--	11011
0	2023-05-03	17:06:32	5898.6922	4	0.0225	0.0029	5899.2776	2.5	0.1	0.2600	-0.0712	0.0001	0.0331	-0.5475	60	0.000	55.800000	37.500000	187.90	--	--	--	11011
0	2023-05-03	17:07:32	5898.6956	4	0.0184	0.0024	5899.2806	2.9	-0.2	0.2539	-0.0710	0.0002	0.0333	-0.5475	60	0.000	55.800000	37.500000	187.90	--	--	--	11011
0	2023-05-03	17:08:32	5898.6938	4	0.0152	0.0020	5899.2787	2.2	0.1	0.2581	-0.0708	0.0001	0.0334	-0.5475	60	0.000	55.800000	37.500000	187.90	--	--	--	11011
0	2023-05-03	17:09:32	5898.6947	4	0.0217	0.0028	5899.2797	2.0	0.4	0.2535	-0.0707	0.0001	0.0331	-0.5475	60	0.000	55.800000	37.500000	187.90	--	--	--	11011
0	2023-05-03	17:10:32	5898.6918	4	0.0192	0.0025	5899.2767	2.4	-0.5	0.2638	-0.0705	0.0001	0.0331	-0.5475	60	0.000	55.800000	37.500000	187.90	--	--	--	11011
0	2023-05-03	17:11:32	5898.6929	4	0.0171	0.0022	5899.2774	3.2	-1.2	0.2566	-0.0703	0.0002	0.0331	-0.5475	60	0.000	55.800000	37.500000	187.90	--	--	--	11011
0	2023-05-03	17:12:32	5898.6942	4	0.0163	0.0021	5899.2784	4.6	-1.1	0.2521	-0.0701	0.0003	0.0331	-0.5475	60	0.000	55.800000	37.500000	187.90	--	--	--	11011
0	2023-05-03	17:13:32	5898.6927	4	0.0136	0.0017	5899.2770	3.8	-1.0	0.2543	-0.0699	0.0002	0.0330	-0.5475	60	0.000	55.800000	37.500000	187.90	--	--	--	11011
0	2023-05-03	17:14:32	5898.6936	4	0.0172	0.0022	5899.2775	2.9	-1.4	0.2582	-0.0697	0.0002	0.0331	-0.5475	60	0.000	55.800000	37.500000	187.90	--	--	--	11011
0	2023-05-03	17:15:32	5898.6937	4	0.0155	0.0020	5899.2778	2.1	-1.7	0.2549	-0.0696	0.0002	0.0329	-0.5475	60	0.000	55.800000	37.500000	187.90	--	--	--	11011
0	2023-05-03	17:16:32	5898.6938	4	0.0205	0.0026	5899.2774	1.5	-1.8	0.2503	-0.0694	0.0001	0.0332	-0.5475	60	0.000	55.800000	37.500000	187.90	--	--	--	11011
0	2023-05-03	17:17:32	5898.6923	4	0.0168	0.0022	5899.2762	2.1	-0.3	0.2556	-0.0692	0.0001	0.0328	-0.5475	60	0.000	55.800000	37.500000	187.90	--	--	--	11011
0	2023-05-03	17:18:32	5898.6938	4	0.0177	0.0023	5899.2773	3.0	-0.1	0.2510	-0.0690	0.0001	0.0329	-0.5475	60	0.000	55.800000	37.500000	187.90	--	--	--	11011
0	2023-05-03	17:19:32	5898.6936	4	0.0143	0.0018	5899.2770	2.3	-0.2	0.2521	-0.0688	0.0001	0.0328	-0.5476	60	0.000	55.800000	37.500000	187.90	--	--	--	11011
0	2023-05-03	17:20:32	5898.6930	4	0.0177	0.0023	5899.2761	2.3	-0.1	0.2565	-0.0686	0.0001	0.0330	-0.5476	60	0.000	55.800000	37.500000	187.90	--	--	--	11011
0	2023-05-03	17:21:32	5898.6915	4	0.0446	0.0058	5899.2745	2.2	-0.8	0.2574	-0.0684	0.0001	0.0328	-0.5476	60	0.000	55.800000	37.500000	187.90	--	--	--	11011
0	2023-05-03	17:22:32	5898.6920	4	0.0239	0.0031	5899.2748	1.7	-0.7	0.2535	-0.0682	0.0001	0.0329	-0.5476	60	0.000	55.800000	37.500000	187.90	--	--	--	11011
0	2023-05-03	17:23:32	5898.6921	4	0.0227	0.0029	5899.2748	1.3	0.1	0.2550	-0.0680	0.0000	0.0328	-0.5476	60	0.000	55.800000	37.500000	187.90	--	--	--	11011
0	2023-05-03	17:24:32	5898.6938	4	0.0178	0.0023	5899.2762	2.3	-0.2	0.2530	-0.0678	0.0001	0.0329	-0.5476	60	0.000	55.800000	37.500000	187.90	--	--	--	11011
0	2023-05-03	17:25:32	5898.6937	4	0.0243	0.0031	5899.2761	0.9	-1.0	0.2524	-0.0677	0.0001	0.0328	-0.5476	60	0.000	55.800000	37.500000	187.90	--	--	--	11011
0	2023-05-03	17:26:32	5898.6926	4	0.0221	0.0029	5899.2747	1.7	-0.6	0.2529	-0.0675	0.0001	0.0328	-0.5476	60	0.000	55.800000	37.500000	187.90	--	--	--	11011
0	2023-05-03	17:27:32	5898.6938	4	0.0223	0.0029	5899.2759	0.3	-2.7	0.2510	-0.0673	0.0001	0.0326	-0.5476	60	0.000	55.800000	37.500000	187.90	--	--	--	11011
0	2023-05-03	17:28:32	5898.6919	4	0.0205	0.0026	5899.2737	-0.3	-2.6	0.2572	-0.0671	0.0001	0.0328	-0.5476	60	0.000	55.800000	37.500000	187.90	--	--	--	11011
0	2023-05-03	17:29:32	5898.6916	4	0.0222	0.0029	5899.2733	-0.3	-1.8	0.2561	-0.0669	0.0001	0.0328	-0.5476	60	0.000	55.800000	37.500000	187.90	--	--	--	11011
0	2023-05-03	17:30:32	5898.6912	4	0.0192	0.0025	5899.2729	-1.7	-1.9	0.2561	-0.0667	0.0001	0.0326	-0.5476	60	0.000	55.800000	37.500000	187.90	--	--	--	11011
0	2023-05-03	17:31:32	5898.6920	4	0.0198	0.0026	5899.2733	-1.8	-2.0	0.2516	-0.0665	0.0001	0.0327	-0.5476	60	0.000	55.800000	37.500000	187.90	--	--	--	11011
0	2023-05-03	17:32:32	5898.6912	4	0.0195	0.0025	5899.2724	-1.9	-1.6	0.2516	-0.0663	0.0001	0.0326	-0.5476	60	0.000	55.800000	37.500000	187.90	--	--	--	11011
0	2023-05-03	17:33:32	5898.6939	4	0.0190	0.0024	5899.2749	-1.1	0.7	0.2566	-0.0661	0.0001	0.0326	-0.5476	60	0.000	55.800000	37.500000	187.90	--	--	--	11011
0	2023-05-03	17:34:32	5898.6910	4	0.0187	0.0024	5899.2718	-0.1	-1.4	0.2493	-0.0659	0.0001	0.0326	-0.5476	60	0.000	55.800000	37.500000	187.90	--	--	--	11011
0	2023-05-03	17:35:32	5898.6924	4	0.0158	0.0020	5899.2731	0.7	-2.5	0.2556	-0.0657	0.0001	0.0326	-0.5476	60	0.000	55.800000	37.500000	187.90	--	--	--	11011
0	2023-05-03	17:36:32	5898.6927	4	0.0163	0.0021	5899.2733	1.7	-2.2	0.2556	-0.0655	0.0001	0.0325	-0.5476	60	0.000	55.800000	37.500000	187.90	--	--	--	11011
0	2023-05-03	17:37:32	5898.6919	4	0.0235	0.0030	5899.2722	0.6	-2.7	0.2619	-0.0653	0.0001	0.0325	-0.5476	60	0.000	55.800000	37.500000	187.90	--	--	--	11011
