/		CG-6 Survey
/		Survey Name:	MAIN-110A
/		Instrument Serial Number:	000000022090468
/		Created:	2023-04-17 06:40:34
/
/		CG-6 Calibration
/		Operator:	VSB
/		Gcal1 [mGal]:	8009.604000
/		Goff [ADU]:	-8388608.000000
/		Gref [mGal]:	0.0000
/		X Scale [arc-sec/ADU]:	0.030806
/		Y Scale [arc-sec/ADU]:	0.030639
/		X Offset [ADU]:	-161936.653023
/		Y Offset [ADU]:	-219406.324612
/		Temperature Coefficient [mGal/mK]:	-0.125000
/		Temperature Scale [mK/ADU]:	-0.000111
/		Drift Rate [mGal/day]:	0.006250
/		Drift Zero Time:	2023-02-13 12:00:00
/		Firmware Version:	CG6_2_20220815
/
/Station	Date	Time	CorrGrav	Line	StdDev	StdErr	RawGrav	X	Y	SensorTemp	TideCorr	TiltCorr	TempCorr	DriftCorr	MeasurDur	InstrHeight	LatUser	LonUser	ElevUser	LatGPS	LonGPS	ElevGPS	Corrections[drift-temp-na-tide-tilt]
1	2023-04-17	06:40:34	5743.0330	1	0.0256	0.0033	5743.1000	0.9	-2.4	2.8669	-0.0332	0.0001	0.3584	-0.3924	60	0.000	55.780838	37.639160	185.10	55.781517	37.638428	220.1	11011
1	2023-04-17	06:41:34	5743.0341	1	0.0086	0.0011	5743.1007	1.9	-2.0	2.8665	-0.0329	0.0001	0.3585	-0.3924	60	0.000	55.780838	37.639160	185.10	55.781315	37.639008	221.2	11011
1	2023-04-17	06:42:34	5743.0357	1	0.0102	0.0013	5743.1022	0.6	-1.7	2.8608	-0.0327	0.0001	0.3584	-0.3924	60	0.000	55.780838	37.639160	185.10	55.780994	37.639622	221.5	11011
1	2023-04-17	06:43:34	5743.0321	1	0.0092	0.0012	5743.0985	2.2	-2.0	2.8697	-0.0324	0.0001	0.3583	-0.3924	60	0.000	55.780838	37.639160	185.10	55.781403	37.639103	221.2	11011
1	2023-04-17	06:44:34	5743.0336	1	0.0080	0.0010	5743.0999	2.3	-2.5	2.8647	-0.0322	0.0002	0.3581	-0.3924	60	0.000	55.780838	37.639160	185.10	55.780918	37.639523	221.1	11011
1	2023-04-17	06:45:34	5743.0355	1	0.0085	0.0011	5743.1015	0.2	-2.3	2.8631	-0.0320	0.0001	0.3582	-0.3924	60	0.000	55.780838	37.639160	185.10	55.781124	37.639248	221.5	11011
1	2023-04-17	06:46:34	5743.0354	1	0.0129	0.0017	5743.1015	0.3	-1.4	2.8603	-0.0317	0.0001	0.3580	-0.3924	60	0.000	55.780838	37.639160	185.10	55.781078	37.639114	222.1	11011
1	2023-04-17	06:47:34	5743.0342	1	0.0078	0.0010	5743.1002	1.3	-1.1	2.8572	-0.0315	0.0000	0.3578	-0.3924	60	0.000	55.780838	37.639160	185.10	55.781300	37.638931	222.4	11011
1	2023-04-17	06:48:34	5743.0340	1	0.0081	0.0011	5743.0996	2.1	-1.1	2.8667	-0.0313	0.0001	0.3579	-0.3924	60	0.000	55.780838	37.639160	185.10	--	--	--	11011
1	2023-04-17	06:49:34	5743.0321	1	0.0107	0.0014	5743.0976	1.8	-1.8	2.8615	-0.0310	0.0001	0.3578	-0.3924	60	0.000	55.780838	37.639160	185.10	--	--	--	11011
1	2023-04-17	06:50:34	5743.0335	1	0.0116	0.0015	5743.0988	1.8	-1.5	2.8532	-0.0308	0.0001	0.3578	-0.3924	60	0.000	55.780838	37.639160	185.10	55.781334	37.638943	221.2	11011
1	2023-04-17	06:51:34	5743.0338	1	0.0102	0.0013	5743.0990	1.6	-1.5	2.8694	-0.0306	0.0001	0.3577	-0.3924	60	0.000	55.780838	37.639160	185.10	55.781395	37.638725	221.3	11011
1	2023-04-17	06:52:34	5743.0348	1	0.0120	0.0015	5743.0997	2.4	-1.5	2.8649	-0.0304	0.0001	0.3578	-0.3924	60	0.000	55.780838	37.639160	185.10	55.781162	37.639030	220.6	11011
1	2023-04-17	06:53:34	5743.0340	1	0.0130	0.0017	5743.0991	1.8	-2.1	2.8605	-0.0301	0.0001	0.3573	-0.3924	60	0.000	55.780838	37.639160	185.10	55.781288	37.639095	220.8	11011
1	2023-04-17	06:54:34	5743.0346	1	0.0122	0.0016	5743.0993	1.9	-0.5	2.8658	-0.0299	0.0001	0.3576	-0.3924	60	0.000	55.780838	37.639160	185.10	55.781223	37.639038	220.3	11011
1	2023-04-17	06:55:34	5743.0357	1	0.0085	0.0011	5743.1001	1.9	-0.9	2.8612	-0.0297	0.0001	0.3576	-0.3924	60	0.000	55.780838	37.639160	185.10	55.781300	37.639019	219.4	11011
1	2023-04-17	06:56:34	5743.0337	1	0.0080	0.0010	5743.0980	2.7	-1.3	2.8585	-0.0295	0.0001	0.3575	-0.3924	60	0.000	55.780838	37.639160	185.10	55.781048	37.639179	221.4	11011
1	2023-04-17	06:57:34	5743.0361	1	0.0129	0.0017	5743.1002	2.2	-0.1	2.8568	-0.0293	0.0001	0.3576	-0.3924	60	0.000	55.780838	37.639160	185.10	55.780956	37.639088	217.8	11011
1	2023-04-17	06:58:34	5743.0329	1	0.0098	0.0013	5743.0966	4.1	-1.0	2.8568	-0.0291	0.0002	0.3576	-0.3924	60	0.000	55.780838	37.639160	185.10	55.780804	37.639496	212.5	11011
1	2023-04-17	06:59:34	5743.0343	1	0.0093	0.0012	5743.0979	3.5	-1.2	2.8565	-0.0289	0.0001	0.3575	-0.3924	60	0.000	55.780838	37.639160	185.10	55.781010	37.639088	208.2	11011
1	2023-04-17	07:00:34	5743.0364	1	0.0088	0.0011	5743.1001	3.2	-0.9	2.8588	-0.0287	0.0001	0.3574	-0.3924	60	0.000	55.780838	37.639160	185.10	55.780838	37.639565	210.7	11011
1	2023-04-17	07:01:34	5743.0360	1	0.0088	0.0011	5743.0994	3.1	-0.4	2.8634	-0.0285	0.0001	0.3574	-0.3925	60	0.000	55.780838	37.639160	185.10	55.780964	37.639412	208.6	11011
1	2023-04-17	07:02:34	5743.0362	1	0.0080	0.0010	5743.0995	3.6	-1.3	2.8566	-0.0283	0.0002	0.3572	-0.3925	60	0.000	55.780838	37.639160	185.10	55.781219	37.639336	214.4	11011
1	2023-04-17	07:03:34	5743.0350	1	0.0095	0.0012	5743.0977	2.7	-2.0	2.8545	-0.0281	0.0002	0.3577	-0.3925	60	0.000	55.780838	37.639160	185.10	55.781143	37.639400	207.7	11011
1	2023-04-17	07:04:34	5743.0348	1	0.0140	0.0018	5743.0976	2.0	-2.2	2.8603	-0.0279	0.0001	0.3575	-0.3925	60	0.000	55.780838	37.639160	185.10	55.780994	37.639439	202.2	11011
1	2023-04-17	07:05:34	5743.0340	1	0.0090	0.0012	5743.0965	2.9	-2.4	2.8606	-0.0277	0.0002	0.3575	-0.3925	60	0.000	55.780838	37.639160	185.10	55.780972	37.639370	197.3	11011
1	2023-04-17	07:06:34	5743.0340	1	0.0135	0.0017	5743.0964	2.9	-2.8	2.8586	-0.0275	0.0002	0.3574	-0.3925	60	0.000	55.780838	37.639160	185.10	55.780991	37.639439	193.0	11011
1	2023-04-17	07:07:34	5743.0350	1	0.0106	0.0014	5743.0974	2.5	-1.5	2.8565	-0.0273	0.0001	0.3573	-0.3925	60	0.000	55.780838	37.639160	185.10	55.780880	37.639488	190.1	11011
1	2023-04-17	07:08:34	5743.0333	1	0.0107	0.0014	5743.0954	1.7	-1.0	2.8607	-0.0272	0.0001	0.3575	-0.3925	60	0.000	55.780838	37.639160	185.10	55.781048	37.639191	196.6	11011
1	2023-04-17	07:09:34	5743.0329	1	0.0098	0.0013	5743.0951	2.4	-1.3	2.8618	-0.0270	0.0001	0.3571	-0.3925	60	0.000	55.780838	37.639160	185.10	55.781086	37.639374	203.6	11011
1	2023-04-17	07:10:34	5743.0302	1	0.0094	0.0012	5743.0919	2.8	0.1	2.8637	-0.0268	0.0001	0.3574	-0.3925	60	0.000	55.780838	37.639160	185.10	--	--	--	11011
1	2023-04-17	07:11:34	5743.0327	1	0.0098	0.0013	5743.0944	2.2	-0.9	2.8553	-0.0266	0.0001	0.3574	-0.3925	60	0.000	55.780838	37.639160	185.10	55.780182	37.639240	215.4	11011
1	2023-04-17	07:12:34	5743.0343	1	0.0092	0.0012	5743.0958	2.3	-0.8	2.8584	-0.0265	0.0001	0.3574	-0.3925	60	0.000	55.780838	37.639160	185.10	55.781307	37.639057	216.1	11011
1	2023-04-17	07:13:34	5743.0329	1	0.0111	0.0014	5743.0943	1.7	-0.1	2.8553	-0.0263	0.0000	0.3573	-0.3925	60	0.000	55.780838	37.639160	185.10	55.781155	37.639107	211.7	11011
1	2023-04-17	07:14:34	5743.0336	1	0.0109	0.0014	5743.0949	2.2	0.2	2.8617	-0.0261	0.0001	0.3572	-0.3925	60	0.000	55.780838	37.639160	185.10	55.780952	37.639191	208.8	11011
1	2023-04-17	07:15:34	5743.0325	1	0.0105	0.0014	5743.0934	3.3	0.7	2.8593	-0.0260	0.0001	0.3574	-0.3925	60	0.000	55.780838	37.639160	185.10	55.780785	37.639133	214.2	11011
1	2023-04-17	07:16:34	5743.0333	1	0.0114	0.0015	5743.0941	3.2	0.5	2.8575	-0.0258	0.0001	0.3573	-0.3925	60	0.000	55.780838	37.639160	185.10	55.780849	37.639107	217.4	11011
1	2023-04-17	07:17:34	5743.0339	1	0.0101	0.0013	5743.0947	3.2	0.2	2.8629	-0.0256	0.0001	0.3572	-0.3925	60	0.000	55.780838	37.639160	185.10	55.780746	37.639259	218.4	11011
1	2023-04-17	07:18:34	5743.0337	1	0.0101	0.0013	5743.0942	3.4	-1.2	2.8570	-0.0255	0.0002	0.3573	-0.3925	60	0.000	55.780838	37.639160	185.10	55.780952	37.639294	216.8	11011
1	2023-04-17	07:19:34	5743.0348	1	0.0146	0.0019	5743.0950	4.9	-1.0	2.8613	-0.0253	0.0003	0.3573	-0.3925	60	0.000	55.780838	37.639160	185.10	55.780895	37.639343	216.0	11011
1	2023-04-17	07:20:34	5743.0335	1	0.0124	0.0016	5743.0935	5.2	-1.1	2.8605	-0.0252	0.0004	0.3573	-0.3925	60	0.000	55.780838	37.639160	185.10	55.780861	37.639267	216.0	11011
1	2023-04-17	07:21:34	5743.0343	1	0.0105	0.0014	5743.0944	4.6	-1.5	2.8540	-0.0250	0.0003	0.3572	-0.3925	60	0.000	55.780838	37.639160	185.10	55.780849	37.639210	216.2	11011
1	2023-04-17	07:22:34	5743.0356	1	0.0091	0.0012	5743.0954	5.0	-0.1	2.8585	-0.0249	0.0003	0.3574	-0.3925	60	0.000	55.780838	37.639160	185.10	55.780659	37.639164	215.2	11011
1	2023-04-17	07:23:34	5743.0338	1	0.0098	0.0013	5743.0933	5.1	0.6	2.8617	-0.0247	0.0004	0.3574	-0.3925	60	0.000	55.780838	37.639160	185.10	55.780666	37.639305	213.0	11011
1	2023-04-17	07:24:34	5743.0358	1	0.0092	0.0012	5743.0952	5.8	0.6	2.8617	-0.0246	0.0005	0.3573	-0.3926	60	0.000	55.780838	37.639160	185.10	55.780952	37.639267	210.2	11011
11	2023-04-17	08:14:43	5766.2123	1	0.0414	0.0053	5766.2658	-1.9	-0.1	2.8860	-0.0211	0.0001	0.3603	-0.3928	60	0.000	55.780838	37.639160	185.10	55.855095	37.516273	146.7	11011
11	2023-04-17	08:15:43	5766.2121	1	0.0097	0.0013	5766.2655	-2.5	-1.2	2.8809	-0.0211	0.0002	0.3604	-0.3928	60	0.000	55.780838	37.639160	185.10	55.855095	37.516186	144.7	11011
11	2023-04-17	08:16:43	5766.2135	1	0.0089	0.0012	5766.2669	-1.7	-0.0	2.8798	-0.0211	0.0000	0.3604	-0.3928	60	0.000	55.780838	37.639160	185.10	55.855217	37.516232	142.3	11011
11	2023-04-17	08:17:43	5766.2142	1	0.0111	0.0014	5766.2675	-1.7	0.7	2.8871	-0.0211	0.0001	0.3605	-0.3928	60	0.000	55.780838	37.639160	185.10	55.855141	37.516331	143.2	11011
11	2023-04-17	08:18:43	5766.2142	1	0.0096	0.0012	5766.2675	-2.9	-0.3	2.8818	-0.0211	0.0001	0.3605	-0.3928	60	0.000	55.780838	37.639160	185.10	55.855019	37.516140	132.5	11011
11	2023-04-17	08:19:43	5766.2146	1	0.0086	0.0011	5766.2679	-2.9	-0.5	2.8864	-0.0211	0.0002	0.3604	-0.3928	60	0.000	55.780838	37.639160	185.10	55.855007	37.516121	133.3	11011
11	2023-04-17	08:20:43	5766.2126	1	0.0099	0.0013	5766.2658	-2.6	-0.2	2.8863	-0.0212	0.0001	0.3605	-0.3928	60	0.000	55.780838	37.639160	185.10	55.854958	37.516205	134.0	11011
11	2023-04-17	08:21:43	5766.2120	1	0.0090	0.0012	5766.2653	-1.5	0.5	2.8841	-0.0212	0.0001	0.3607	-0.3928	60	0.000	55.780838	37.639160	185.10	55.855019	37.516026	133.2	11011
11	2023-04-17	08:22:43	5766.2119	1	0.0089	0.0012	5766.2652	-1.2	-1.0	2.8844	-0.0212	0.0001	0.3606	-0.3928	60	0.000	55.780838	37.639160	185.10	55.854977	37.516216	132.0	11011
11	2023-04-17	08:23:43	5766.2113	1	0.0089	0.0012	5766.2645	-2.8	-1.1	2.8920	-0.0212	0.0001	0.3607	-0.3928	60	0.000	55.780838	37.639160	185.10	55.854874	37.516205	132.2	11011
11	2023-04-17	08:24:43	5766.2083	1	0.0101	0.0013	5766.2614	-1.1	-1.2	2.8880	-0.0212	0.0001	0.3609	-0.3928	60	0.000	55.780838	37.639160	185.10	55.854961	37.516174	131.8	11011
11	2023-04-17	08:25:43	5766.2082	1	0.0098	0.0013	5766.2614	-2.1	-1.6	2.8841	-0.0213	0.0001	0.3609	-0.3928	60	0.000	55.780838	37.639160	185.10	55.854977	37.516251	132.4	11011
11	2023-04-17	08:26:43	5766.2107	1	0.0108	0.0014	5766.2640	-2.2	-0.6	2.8901	-0.0213	0.0001	0.3607	-0.3928	60	0.000	55.780838	37.639160	185.10	55.854862	37.516327	133.4	11011
11	2023-04-17	08:27:43	5766.2108	1	0.0091	0.0012	5766.2640	-1.4	-1.9	2.8839	-0.0213	0.0001	0.3608	-0.3928	60	0.000	55.780838	37.639160	185.10	55.854988	37.516117	131.7	11011
11	2023-04-17	08:28:43	5766.2090	1	0.0092	0.0012	5766.2622	-2.2	-1.9	2.8863	-0.0214	0.0001	0.3609	-0.3928	60	0.000	55.780838	37.639160	185.10	55.855053	37.515987	131.9	11011
11	2023-04-17	08:29:43	5766.2107	1	0.0084	0.0011	5766.2640	-2.5	-1.4	2.8841	-0.0214	0.0001	0.3609	-0.3928	60	0.000	55.780838	37.639160	185.10	55.854950	37.516136	128.2	11011
11	2023-04-17	08:30:43	5766.2094	1	0.0083	0.0011	5766.2627	-0.8	-0.6	2.8842	-0.0215	0.0000	0.3609	-0.3928	60	0.000	55.780838	37.639160	185.10	55.854939	37.516174	129.7	11011
11	2023-04-17	08:31:43	5766.2112	1	0.0099	0.0013	5766.2645	-0.8	-1.0	2.8820	-0.0215	0.0001	0.3610	-0.3928	60	0.000	55.780838	37.639160	185.10	55.854950	37.516281	132.2	11011
11	2023-04-17	08:32:43	5766.2113	1	0.0087	0.0011	5766.2646	-0.5	0.0	2.8871	-0.0216	0.0000	0.3611	-0.3928	60	0.000	55.780838	37.639160	185.10	55.854939	37.516193	134.8	11011
11	2023-04-17	08:33:43	5766.2108	1	0.0101	0.0013	5766.2642	-1.6	0.0	2.8858	-0.0216	0.0001	0.3610	-0.3929	60	0.000	55.780838	37.639160	185.10	55.854893	37.516251	134.5	11011
11	2023-04-17	08:34:43	5766.2110	1	0.0087	0.0011	5766.2643	0.2	-1.4	2.8931	-0.0217	0.0001	0.3611	-0.3929	60	0.000	55.780838	37.639160	185.10	55.854950	37.516289	134.4	11011
11	2023-04-17	08:35:43	5766.2074	1	0.0089	0.0012	5766.2608	-0.2	-1.8	2.8871	-0.0217	0.0001	0.3612	-0.3929	60	0.000	55.780838	37.639160	185.10	55.854919	37.516159	134.4	11011
11	2023-04-17	08:36:43	5766.2115	1	0.0091	0.0012	5766.2648	0.7	-2.7	2.8889	-0.0218	0.0001	0.3612	-0.3929	60	0.000	55.780838	37.639160	185.10	55.854988	37.516136	134.0	11011
11	2023-04-17	08:37:43	5766.2096	1	0.0098	0.0013	5766.2630	-0.4	-1.9	2.8862	-0.0219	0.0001	0.3612	-0.3929	60	0.000	55.780838	37.639160	185.10	55.854939	37.516186	136.1	11011
11	2023-04-17	08:38:43	5766.2091	1	0.0090	0.0012	5766.2624	0.8	-1.4	2.8941	-0.0219	0.0001	0.3614	-0.3929	60	0.000	55.780838	37.639160	185.10	55.855019	37.516224	134.8	11011
11	2023-04-17	08:39:43	5766.2125	1	0.0091	0.0012	5766.2661	-0.3	0.2	2.8854	-0.0220	0.0000	0.3613	-0.3929	60	0.000	55.780838	37.639160	185.10	55.854919	37.516308	135.2	11011
11	2023-04-17	08:40:43	5766.2106	1	0.0090	0.0012	5766.2641	0.0	1.0	2.8868	-0.0221	0.0000	0.3614	-0.3929	60	0.000	55.780838	37.639160	185.10	55.855007	37.516071	135.4	11011
11	2023-04-17	08:41:43	5766.2098	1	0.0104	0.0013	5766.2632	-0.3	0.6	2.8960	-0.0221	0.0000	0.3615	-0.3929	60	0.000	55.780838	37.639160	185.10	55.854961	37.516262	135.5	11011
11	2023-04-17	08:42:43	5766.2115	1	0.0101	0.0013	5766.2651	-0.5	-0.5	2.8950	-0.0222	0.0001	0.3614	-0.3929	60	0.000	55.780838	37.639160	185.10	55.854961	37.516308	135.4	11011
11	2023-04-17	08:43:43	5766.2100	1	0.0079	0.0010	5766.2636	-0.2	-0.7	2.8903	-0.0223	0.0000	0.3616	-0.3929	60	0.000	55.780838	37.639160	185.10	55.854996	37.516251	137.3	11011
11	2023-04-17	08:44:43	5766.2101	1	0.0099	0.0013	5766.2638	-0.4	-1.2	2.8964	-0.0224	0.0001	0.3615	-0.3929	60	0.000	55.780838	37.639160	185.10	55.855072	37.516117	138.6	11011
11	2023-04-17	08:45:43	5766.2103	1	0.0094	0.0012	5766.2640	-1.1	-0.2	2.8959	-0.0225	0.0000	0.3617	-0.3929	60	0.000	55.780838	37.639160	185.10	55.855072	37.516102	138.2	11011
11	2023-04-17	08:46:43	5766.2114	1	0.0095	0.0012	5766.2653	-1.1	0.4	2.8953	-0.0225	0.0001	0.3614	-0.3929	60	0.000	55.780838	37.639160	185.10	55.855053	37.516159	137.8	11011
11	2023-04-17	08:47:43	5766.2109	1	0.0100	0.0013	5766.2649	0.4	-0.5	2.8976	-0.0226	0.0000	0.3615	-0.3929	60	0.000	55.780838	37.639160	185.10	55.854847	37.516357	139.0	11011
11	2023-04-17	08:48:43	5766.2118	1	0.0095	0.0012	5766.2661	-1.0	-0.5	2.8878	-0.0227	0.0000	0.3614	-0.3929	60	0.000	55.780838	37.639160	185.10	55.854904	37.516453	139.8	11011
11	2023-04-17	08:49:43	5766.2113	1	0.0097	0.0012	5766.2653	0.4	-0.6	2.8975	-0.0228	0.0001	0.3616	-0.3929	60	0.000	55.780838	37.639160	185.10	55.855015	37.516090	138.2	11011
11	2023-04-17	08:50:43	5766.2112	1	0.0095	0.0012	5766.2652	1.0	-1.3	2.8918	-0.0229	0.0001	0.3618	-0.3929	60	0.000	55.780838	37.639160	185.10	55.855015	37.516140	136.8	11011
11	2023-04-17	08:51:43	5766.2119	1	0.0096	0.0012	5766.2662	0.7	-0.5	2.8903	-0.0230	0.0001	0.3615	-0.3929	60	0.000	55.780838	37.639160	185.10	55.855026	37.516193	136.5	11011
11	2023-04-17	08:52:43	5766.2114	1	0.0086	0.0011	5766.2659	-0.6	-1.3	2.9003	-0.0231	0.0001	0.3615	-0.3929	60	0.000	55.780838	37.639160	185.10	55.854988	37.516136	132.6	11011
11	2023-04-17	08:53:43	5766.2094	1	0.0073	0.0009	5766.2639	0.3	-0.8	2.8945	-0.0232	0.0000	0.3617	-0.3929	60	0.000	55.780838	37.639160	185.10	55.855007	37.516216	131.4	11011
11	2023-04-17	08:54:43	5766.2094	1	0.0099	0.0013	5766.2638	-0.5	-2.1	2.8864	-0.0233	0.0001	0.3618	-0.3929	60	0.000	55.780838	37.639160	185.10	55.854977	37.516232	132.4	11011
11	2023-04-17	08:55:43	5766.2087	1	0.0088	0.0011	5766.2631	-1.9	-3.8	2.8905	-0.0234	0.0003	0.3617	-0.3929	60	0.000	55.780838	37.639160	185.10	55.855038	37.516121	129.3	11011
11	2023-04-17	08:56:43	5766.2080	1	0.0085	0.0011	5766.2626	-1.4	-3.1	2.8912	-0.0236	0.0002	0.3618	-0.3930	60	0.000	55.780838	37.639160	185.10	55.855019	37.516235	130.6	11011
11	2023-04-17	08:57:43	5766.2096	1	0.0101	0.0013	5766.2644	-1.7	-3.3	2.8952	-0.0237	0.0002	0.3617	-0.3930	60	0.000	55.780838	37.639160	185.10	55.855083	37.516224	131.4	11011
11	2023-04-17	08:58:43	5766.2103	1	0.0133	0.0017	5766.2652	-1.1	-1.5	2.8915	-0.0238	0.0001	0.3618	-0.3930	60	0.000	55.780838	37.639160	185.10	55.855129	37.516079	132.7	11011
1	2023-04-17	09:53:32	5743.0267	1	0.0120	0.0015	5743.0889	-4.1	-2.0	2.9096	-0.0337	0.0003	0.3645	-0.3932	60	0.000	55.780838	37.639160	185.10	55.780895	37.639164	182.1	11011
1	2023-04-17	09:54:32	5743.0264	1	0.0110	0.0014	5743.0889	-4.1	-2.1	2.9121	-0.0339	0.0003	0.3644	-0.3932	60	0.000	55.780838	37.639160	185.10	55.780964	37.639259	183.6	11011
1	2023-04-17	09:55:32	5743.0251	1	0.0102	0.0013	5743.0879	-4.0	-2.1	2.9157	-0.0342	0.0003	0.3643	-0.3932	60	0.000	55.780838	37.639160	185.10	55.780785	37.639294	184.3	11011
1	2023-04-17	09:56:32	5743.0266	1	0.0093	0.0012	5743.0897	-4.5	-2.4	2.9080	-0.0344	0.0003	0.3643	-0.3932	60	0.000	55.780838	37.639160	185.10	55.780899	37.639103	184.4	11011
1	2023-04-17	09:57:32	5743.0230	1	0.0110	0.0014	5743.0866	-3.1	-3.3	2.9141	-0.0346	0.0003	0.3640	-0.3932	60	0.000	55.780838	37.639160	185.10	55.780937	37.639179	184.6	11011
1	2023-04-17	09:58:32	5743.0268	1	0.0112	0.0015	5743.0906	-3.9	-4.0	2.9078	-0.0349	0.0004	0.3639	-0.3932	60	0.000	55.780838	37.639160	185.10	55.780861	37.639202	187.8	11011
1	2023-04-17	09:59:32	5743.0254	1	0.0103	0.0013	5743.0895	-4.7	-3.0	2.9090	-0.0351	0.0004	0.3638	-0.3932	60	0.000	55.780838	37.639160	185.10	55.780487	37.639210	190.5	11011
1	2023-04-17	10:00:32	5743.0268	1	0.0098	0.0013	5743.0914	-4.9	-3.9	2.9091	-0.0354	0.0005	0.3635	-0.3932	60	0.000	55.780838	37.639160	185.10	55.780792	37.639030	196.7	11011
1	2023-04-17	10:01:32	5743.0257	1	0.0087	0.0011	5743.0906	-5.6	-3.8	2.9082	-0.0356	0.0007	0.3633	-0.3932	60	0.000	55.780838	37.639160	185.10	55.780823	37.638935	200.2	11011
1	2023-04-17	10:02:32	5743.0276	1	0.0098	0.0013	5743.0930	-4.9	-3.5	2.9090	-0.0359	0.0004	0.3633	-0.3932	60	0.000	55.780838	37.639160	185.10	55.780876	37.639057	197.0	11011
1	2023-04-17	10:03:32	5743.0263	1	0.0080	0.0010	5743.0919	-5.4	-3.4	2.9069	-0.0361	0.0005	0.3632	-0.3932	60	0.000	55.780838	37.639160	185.10	55.780804	37.638992	192.2	11011
1	2023-04-17	10:04:32	5743.0264	1	0.0118	0.0015	5743.0926	-5.2	-3.4	2.9011	-0.0364	0.0005	0.3630	-0.3932	60	0.000	55.780838	37.639160	185.10	55.781040	37.639202	194.3	11011
1	2023-04-17	10:05:32	5743.0262	1	0.0079	0.0010	5743.0928	-5.0	-1.1	2.9021	-0.0366	0.0003	0.3630	-0.3933	60	0.000	55.780838	37.639160	185.10	55.780907	37.639065	198.1	11011
1	2023-04-17	10:06:32	5743.0301	1	0.0106	0.0014	5743.0968	-6.0	-3.8	2.9028	-0.0369	0.0008	0.3627	-0.3933	60	0.000	55.780838	37.639160	185.10	55.780716	37.639103	196.4	11011
1	2023-04-17	10:07:32	5743.0314	1	0.0103	0.0013	5743.0986	-5.1	-4.5	2.8919	-0.0371	0.0005	0.3627	-0.3933	60	0.000	55.780838	37.639160	185.10	55.780926	37.639313	192.4	11011
1	2023-04-17	10:08:32	5743.0285	1	0.0089	0.0011	5743.0960	-5.8	-4.0	2.9039	-0.0374	0.0007	0.3625	-0.3933	60	0.000	55.780838	37.639160	185.10	55.780849	37.639160	187.2	11011
1	2023-04-17	10:09:32	5743.0292	1	0.0116	0.0015	5743.0971	-5.0	-3.4	2.8955	-0.0376	0.0005	0.3625	-0.3933	60	0.000	55.780838	37.639160	185.10	55.780785	37.639050	187.7	11011
1	2023-04-17	10:10:32	5743.0261	1	0.0126	0.0016	5743.0944	-4.7	-4.1	2.8956	-0.0379	0.0005	0.3624	-0.3933	60	0.000	55.780838	37.639160	185.10	55.780754	37.639221	185.8	11011
1	2023-04-17	10:11:32	5743.0263	1	0.0099	0.0013	5743.0949	-4.8	-4.9	2.8980	-0.0381	0.0006	0.3623	-0.3933	60	0.000	55.780838	37.639160	185.10	55.780792	37.639141	184.1	11011
1	2023-04-17	10:12:32	5743.0266	1	0.0118	0.0015	5743.0953	-6.3	-5.3	2.8921	-0.0384	0.0008	0.3621	-0.3933	60	0.000	55.780838	37.639160	185.10	55.780899	37.639050	184.3	11011
1	2023-04-17	10:13:32	5743.0264	1	0.0076	0.0010	5743.0958	-5.9	-4.7	2.8972	-0.0387	0.0005	0.3620	-0.3933	60	0.000	55.780838	37.639160	185.10	55.780933	37.639069	185.7	11011
1	2023-04-17	10:14:32	5743.0272	1	0.0096	0.0012	5743.0968	-6.2	-4.1	2.8953	-0.0389	0.0008	0.3619	-0.3933	60	0.000	55.780838	37.639160	185.10	55.781086	37.639362	185.8	11011
1	2023-04-17	10:15:32	5743.0246	1	0.0086	0.0011	5743.0948	-6.1	-3.8	2.8918	-0.0392	0.0006	0.3617	-0.3933	60	0.000	55.780838	37.639160	185.10	55.781124	37.639450	185.2	11011
1	2023-04-17	10:16:32	5743.0246	1	0.0107	0.0014	5743.0952	-4.8	-3.8	2.8880	-0.0395	0.0004	0.3617	-0.3933	60	0.000	55.780838	37.639160	185.10	55.780926	37.639278	190.7	11011
1	2023-04-17	10:17:32	5743.0267	1	0.0105	0.0014	5743.0977	-4.8	-3.6	2.8910	-0.0397	0.0005	0.3615	-0.3933	60	0.000	55.780838	37.639160	185.10	55.780766	37.639275	192.0	11011
1	2023-04-17	10:18:32	5743.0277	1	0.0101	0.0013	5743.0989	-4.2	-3.0	2.8923	-0.0400	0.0004	0.3617	-0.3933	60	0.000	55.780838	37.639160	185.10	55.780670	37.639355	192.7	11011
1	2023-04-17	10:19:32	5743.0260	1	0.0076	0.0010	5743.0975	-4.2	-4.3	2.8896	-0.0403	0.0005	0.3615	-0.3933	60	0.000	55.780838	37.639160	185.10	55.781021	37.639317	193.4	11011
1	2023-04-17	10:20:32	5743.0256	1	0.0100	0.0013	5743.0976	-5.3	-3.9	2.8945	-0.0405	0.0006	0.3614	-0.3933	60	0.000	55.780838	37.639160	185.10	55.780918	37.639267	192.0	11011
1	2023-04-17	10:21:32	5743.0277	1	0.0077	0.0010	5743.0999	-4.5	-4.4	2.8951	-0.0408	0.0004	0.3615	-0.3933	60	0.000	55.780838	37.639160	185.10	55.780785	37.639202	192.8	11011
1	2023-04-17	10:22:32	5743.0246	1	0.0116	0.0015	5743.0972	-4.6	-3.7	2.8911	-0.0411	0.0005	0.3613	-0.3933	60	0.000	55.780838	37.639160	185.10	55.780933	37.639336	192.4	11011
1	2023-04-17	10:23:32	5743.0273	1	0.0109	0.0014	5743.1006	-4.2	-4.2	2.8951	-0.0413	0.0004	0.3611	-0.3933	60	0.000	55.780838	37.639160	185.10	55.780880	37.639217	194.2	11011
1	2023-04-17	10:24:32	5743.0255	1	0.0103	0.0013	5743.0988	-4.4	-4.3	2.8901	-0.0416	0.0005	0.3612	-0.3933	60	0.000	55.780838	37.639160	185.10	55.780972	37.639240	191.1	11011
1	2023-04-17	10:25:32	5743.0274	1	0.0116	0.0015	5743.1013	-4.6	-3.3	2.8836	-0.0419	0.0004	0.3609	-0.3933	60	0.000	55.780838	37.639160	185.10	55.781021	37.639317	187.5	11011
1	2023-04-17	10:26:32	5743.0245	1	0.0087	0.0011	5743.0987	-4.4	-2.9	2.8829	-0.0422	0.0003	0.3610	-0.3933	60	0.000	55.780838	37.639160	185.10	55.780952	37.639389	186.6	11011
1	2023-04-17	10:27:32	5743.0278	1	0.0074	0.0010	5743.1022	-6.5	-2.6	2.8842	-0.0424	0.0006	0.3608	-0.3933	60	0.000	55.780838	37.639160	185.10	55.780869	37.639217	184.7	11011
1	2023-04-17	10:28:32	5743.0316	1	0.0093	0.0012	5743.1061	-5.5	-4.8	2.8895	-0.0427	0.0007	0.3609	-0.3934	60	0.000	55.780838	37.639160	185.10	55.780972	37.639114	183.3	11011
1	2023-04-17	10:29:32	5743.0289	1	0.0078	0.0010	5743.1038	-5.9	-3.3	2.8865	-0.0430	0.0006	0.3608	-0.3934	60	0.000	55.780838	37.639160	185.10	55.780838	37.639141	183.5	11011
1	2023-04-17	10:30:32	5743.0287	1	0.0109	0.0014	5743.1039	-5.8	-4.8	2.8884	-0.0433	0.0008	0.3607	-0.3934	60	0.000	55.780838	37.639160	185.10	55.780964	37.639305	184.1	11011
1	2023-04-17	10:31:32	5743.0290	1	0.0099	0.0013	5743.1044	-6.3	-4.8	2.8791	-0.0436	0.0007	0.3607	-0.3934	60	0.000	55.780838	37.639160	185.10	55.780838	37.639286	184.3	11011
1	2023-04-17	10:32:32	5743.0271	1	0.0100	0.0013	5743.1027	-6.9	-4.6	2.8899	-0.0438	0.0009	0.3607	-0.3934	60	0.000	55.780838	37.639160	185.10	55.780926	37.639294	185.2	11011
1	2023-04-17	10:33:32	5743.0257	1	0.0102	0.0013	5743.1021	-6.3	-4.0	2.8845	-0.0441	0.0005	0.3605	-0.3934	60	0.000	55.780838	37.639160	185.10	55.780933	37.639305	183.7	11011
1	2023-04-17	10:34:32	5743.0254	1	0.0092	0.0012	5743.1022	-7.0	-2.2	2.8826	-0.0444	0.0006	0.3604	-0.3934	60	0.000	55.780838	37.639160	185.10	55.781067	37.639317	183.8	11011
1	2023-04-17	10:35:32	5743.0276	1	0.0133	0.0017	5743.1045	-7.3	-2.8	2.8811	-0.0447	0.0008	0.3604	-0.3934	60	0.000	55.780838	37.639160	185.10	55.781105	37.639294	186.2	11011
1	2023-04-17	10:36:32	5743.0235	1	0.0102	0.0013	5743.1010	-6.3	-3.0	2.8818	-0.0450	0.0006	0.3603	-0.3934	60	0.000	55.780838	37.639160	185.10	55.780994	37.639217	189.0	11011
1	2023-04-17	10:37:32	5743.0280	1	0.0105	0.0014	5743.1056	-7.7	-3.0	2.8824	-0.0452	0.0008	0.3602	-0.3934	60	0.000	55.780838	37.639160	185.10	55.781010	37.639145	189.6	11011
11	2023-04-17	11:41:35	5766.2067	1	0.0159	0.0021	5766.3015	0.4	6.2	2.8916	-0.0636	0.0005	0.3620	-0.3937	60	0.000	55.780838	37.639160	185.10	55.855064	37.516197	135.1	11011
11	2023-04-17	11:42:35	5766.2084	1	0.0091	0.0012	5766.3036	-0.6	5.0	2.8949	-0.0639	0.0004	0.3620	-0.3937	60	0.000	55.780838	37.639160	185.10	55.855103	37.516136	137.4	11011
11	2023-04-17	11:43:35	5766.2083	1	0.0122	0.0016	5766.3037	-1.6	5.7	2.8995	-0.0642	0.0005	0.3619	-0.3937	60	0.000	55.780838	37.639160	185.10	55.855015	37.516216	137.2	11011
11	2023-04-17	11:44:35	5766.2079	1	0.0127	0.0016	5766.3037	-1.6	4.4	2.8976	-0.0644	0.0002	0.3620	-0.3937	60	0.000	55.780838	37.639160	185.10	55.854988	37.516243	138.0	11011
11	2023-04-17	11:45:35	5766.2062	1	0.0096	0.0012	5766.3023	-1.8	5.2	2.8921	-0.0647	0.0004	0.3618	-0.3937	60	0.000	55.780838	37.639160	185.10	55.854923	37.516251	137.8	11011
11	2023-04-17	11:46:35	5766.2088	1	0.0097	0.0013	5766.3053	-1.4	5.5	2.8991	-0.0650	0.0004	0.3618	-0.3937	60	0.000	55.780838	37.639160	185.10	55.854931	37.516148	136.8	11011
11	2023-04-17	11:47:35	5766.2065	1	0.0068	0.0009	5766.3033	-2.0	5.2	2.8909	-0.0652	0.0004	0.3617	-0.3937	60	0.000	55.780838	37.639160	185.10	55.854919	37.516232	138.6	11011
11	2023-04-17	11:48:35	5766.2071	1	0.0103	0.0013	5766.3043	-0.9	5.1	2.8895	-0.0655	0.0003	0.3617	-0.3937	60	0.000	55.780838	37.639160	185.10	55.854874	37.516293	138.3	11011
11	2023-04-17	11:49:35	5766.2078	1	0.0082	0.0011	5766.3051	-1.4	5.1	2.8949	-0.0658	0.0003	0.3618	-0.3937	60	0.000	55.780838	37.639160	185.10	55.854923	37.516338	138.7	11011
11	2023-04-17	11:50:35	5766.2080	1	0.0114	0.0015	5766.3056	-0.4	5.1	2.8973	-0.0660	0.0004	0.3617	-0.3937	60	0.000	55.780838	37.639160	185.10	55.854980	37.516235	139.5	11011
11	2023-04-17	11:51:35	5766.2052	1	0.0087	0.0011	5766.3031	-1.4	5.3	2.8946	-0.0663	0.0004	0.3617	-0.3937	60	0.000	55.780838	37.639160	185.10	55.854996	37.516155	139.5	11011
11	2023-04-17	11:52:35	5766.2054	1	0.0084	0.0011	5766.3032	-1.2	7.2	2.8899	-0.0666	0.0007	0.3618	-0.3937	60	0.000	55.780838	37.639160	185.10	55.854988	37.516281	141.0	11011
11	2023-04-17	11:53:35	5766.2068	1	0.0082	0.0011	5766.3052	-1.2	6.5	2.8940	-0.0668	0.0005	0.3616	-0.3937	60	0.000	55.780838	37.639160	185.10	55.855007	37.516327	142.0	11011
11	2023-04-17	11:54:35	5766.2056	1	0.0098	0.0013	5766.3039	-0.5	6.5	2.8942	-0.0671	0.0007	0.3618	-0.3937	60	0.000	55.780838	37.639160	185.10	55.855129	37.516216	142.7	11011
11	2023-04-17	11:55:35	5766.2052	1	0.0098	0.0013	5766.3040	-0.9	6.9	2.8934	-0.0673	0.0006	0.3617	-0.3937	60	0.000	55.780838	37.639160	185.10	55.855103	37.516129	143.4	11011
11	2023-04-17	11:56:35	5766.2046	1	0.0102	0.0013	5766.3035	-0.7	7.4	2.8925	-0.0676	0.0007	0.3617	-0.3937	60	0.000	55.780838	37.639160	185.10	55.855045	37.516205	143.0	11011
11	2023-04-17	11:57:35	5766.2050	1	0.0112	0.0014	5766.3043	1.1	6.7	2.8982	-0.0679	0.0005	0.3618	-0.3937	60	0.000	55.780838	37.639160	185.10	55.855064	37.516060	142.3	11011
11	2023-04-17	11:58:35	5766.2053	1	0.0107	0.0014	5766.3049	0.5	6.4	2.8879	-0.0681	0.0004	0.3618	-0.3937	60	0.000	55.780838	37.639160	185.10	55.854988	37.516159	142.5	11011
11	2023-04-17	11:59:35	5766.2071	1	0.0097	0.0012	5766.3069	0.1	7.3	2.8925	-0.0684	0.0007	0.3617	-0.3937	60	0.000	55.780838	37.639160	185.10	55.855045	37.516136	142.0	11011
11	2023-04-17	12:00:35	5766.2036	1	0.0102	0.0013	5766.3038	-0.5	6.6	2.8932	-0.0686	0.0005	0.3617	-0.3938	60	0.000	55.780838	37.639160	185.10	55.855045	37.516014	140.7	11011
11	2023-04-17	12:01:35	5766.2053	1	0.0081	0.0010	5766.3056	-0.1	7.5	2.8946	-0.0689	0.0006	0.3617	-0.3938	60	0.000	55.780838	37.639160	185.10	55.854977	37.516365	140.2	11011
11	2023-04-17	12:02:35	5766.2058	1	0.0086	0.0011	5766.3063	0.4	7.6	2.8984	-0.0691	0.0007	0.3617	-0.3938	60	0.000	55.780838	37.639160	185.10	55.855015	37.516281	140.6	11011
11	2023-04-17	12:03:35	5766.2065	1	0.0103	0.0013	5766.3071	-0.2	7.7	2.8935	-0.0694	0.0008	0.3618	-0.3938	60	0.000	55.780838	37.639160	185.10	55.855019	37.516293	140.8	11011
11	2023-04-17	12:04:35	5766.2078	1	0.0076	0.0010	5766.3085	0.7	7.5	2.8905	-0.0696	0.0007	0.3620	-0.3938	60	0.000	55.780838	37.639160	185.10	55.855007	37.516071	138.1	11011
11	2023-04-17	12:05:35	5766.2066	1	0.0115	0.0015	5766.3078	0.3	7.5	2.8935	-0.0699	0.0007	0.3618	-0.3938	60	0.000	55.780838	37.639160	185.10	55.855133	37.516281	140.2	11011
11	2023-04-17	12:06:35	5766.2066	1	0.0079	0.0010	5766.3077	0.9	7.3	2.8962	-0.0701	0.0007	0.3620	-0.3938	60	0.000	55.780838	37.639160	185.10	55.855026	37.516174	137.0	11011
11	2023-04-17	12:07:35	5766.2060	1	0.0084	0.0011	5766.3080	-0.8	6.8	2.8944	-0.0704	0.0005	0.3617	-0.3938	60	0.000	55.780838	37.639160	185.10	55.854950	37.516319	134.5	11011
11	2023-04-17	12:08:35	5766.2075	1	0.0102	0.0013	5766.3096	-0.6	6.6	2.8954	-0.0706	0.0005	0.3619	-0.3938	60	0.000	55.780838	37.639160	185.10	55.854904	37.516232	133.6	11011
11	2023-04-17	12:09:35	5766.2039	1	0.0088	0.0011	5766.3063	0.5	6.1	2.8926	-0.0708	0.0005	0.3618	-0.3938	60	0.000	55.780838	37.639160	185.10	55.854904	37.516479	133.5	11011
11	2023-04-17	12:10:35	5766.2063	1	0.0109	0.0014	5766.3088	-1.3	6.8	2.8941	-0.0711	0.0007	0.3617	-0.3938	60	0.000	55.780838	37.639160	185.10	55.855007	37.516293	135.4	11011
11	2023-04-17	12:11:35	5766.2019	1	0.0100	0.0013	5766.3048	-0.1	6.3	2.8965	-0.0713	0.0005	0.3617	-0.3938	60	0.000	55.780838	37.639160	185.10	55.855019	37.516224	137.0	11011
11	2023-04-17	12:12:35	5766.2015	1	0.0087	0.0011	5766.3044	-0.9	7.3	2.8892	-0.0715	0.0007	0.3618	-0.3938	60	0.000	55.780838	37.639160	185.10	55.855045	37.516136	136.0	11011
11	2023-04-17	12:13:35	5766.2063	1	0.0094	0.0012	5766.3093	-0.8	7.2	2.8941	-0.0718	0.0006	0.3620	-0.3938	60	0.000	55.780838	37.639160	185.10	55.855053	37.516079	137.1	11011
11	2023-04-17	12:14:35	5766.2059	1	0.0095	0.0012	5766.3092	0.6	7.9	2.8983	-0.0720	0.0008	0.3618	-0.3938	60	0.000	55.780838	37.639160	185.10	55.855129	37.516060	139.4	11011
11	2023-04-17	12:15:35	5766.2039	1	0.0094	0.0012	5766.3076	-0.1	6.8	2.8982	-0.0722	0.0006	0.3619	-0.3938	60	0.000	55.780838	37.639160	185.10	55.854893	37.516293	139.0	11011
11	2023-04-17	12:16:35	5766.2042	1	0.0101	0.0013	5766.3080	0.5	5.9	2.8995	-0.0725	0.0004	0.3620	-0.3938	60	0.000	55.780838	37.639160	185.10	55.854939	37.516281	140.4	11011
11	2023-04-17	12:17:35	5766.2031	1	0.0102	0.0013	5766.3075	1.6	6.3	2.8984	-0.0727	0.0005	0.3616	-0.3938	60	0.000	55.780838	37.639160	185.10	55.854961	37.516159	138.7	11011
11	2023-04-17	12:18:35	5766.2050	1	0.0095	0.0012	5766.3094	1.2	5.5	2.8950	-0.0729	0.0004	0.3619	-0.3938	60	0.000	55.780838	37.639160	185.10	55.855167	37.516045	138.2	11011
11	2023-04-17	12:19:35	5766.2039	1	0.0094	0.0012	5766.3088	-0.0	5.7	2.8975	-0.0732	0.0003	0.3618	-0.3938	60	0.000	55.780838	37.639160	185.10	55.855053	37.516453	137.0	11011
11	2023-04-17	12:20:35	5766.2057	1	0.0089	0.0011	5766.3106	-0.2	5.7	2.8964	-0.0734	0.0004	0.3619	-0.3938	60	0.000	55.780838	37.639160	185.10	55.855179	37.516136	136.0	11011
11	2023-04-17	12:21:35	5766.2068	1	0.0092	0.0012	5766.3118	-1.2	6.8	2.8916	-0.0736	0.0005	0.3619	-0.3938	60	0.000	55.780838	37.639160	185.10	55.855026	37.516159	137.7	11011
11	2023-04-17	12:22:35	5766.2067	1	0.0085	0.0011	5766.3119	-1.0	6.6	2.8918	-0.0738	0.0005	0.3619	-0.3938	60	0.000	55.780838	37.639160	185.10	55.854977	37.516167	138.3	11011
11	2023-04-17	12:23:35	5766.2094	1	0.0098	0.0013	5766.3147	-1.2	6.7	2.8985	-0.0740	0.0006	0.3620	-0.3939	60	0.000	55.780838	37.639160	185.10	55.854958	37.516174	137.1	11011
11	2023-04-17	12:24:35	5766.2079	1	0.0081	0.0010	5766.3136	-0.9	7.0	2.8962	-0.0742	0.0006	0.3618	-0.3939	60	0.000	55.780838	37.639160	185.10	55.854637	37.516243	135.9	11011
11	2023-04-17	12:25:35	5766.2086	1	0.0087	0.0011	5766.3144	-1.0	7.1	2.8918	-0.0745	0.0005	0.3620	-0.3939	60	0.000	55.780838	37.639160	185.10	55.855141	37.516205	135.1	11011
1	2023-04-17	13:18:03	5743.0231	1	0.0151	0.0020	5743.1357	0.1	-1.7	2.9104	-0.0827	0.0001	0.3641	-0.3941	60	0.000	55.780838	37.639160	185.10	55.781013	37.639259	182.1	11011
1	2023-04-17	13:19:03	5743.0209	1	0.0103	0.0013	5743.1338	1.0	-0.9	2.9121	-0.0828	0.0000	0.3640	-0.3941	60	0.000	55.780838	37.639160	185.10	55.780590	37.638874	196.2	11011
1	2023-04-17	13:20:03	5743.0213	1	0.0098	0.0013	5743.1344	1.8	-1.2	2.9084	-0.0829	0.0001	0.3637	-0.3941	60	0.000	55.780838	37.639160	185.10	55.781040	37.639267	197.8	11011
1	2023-04-17	13:21:03	5743.0205	1	0.0089	0.0011	5743.1340	0.9	-0.8	2.9146	-0.0830	0.0000	0.3636	-0.3941	60	0.000	55.780838	37.639160	185.10	55.780899	37.639278	200.6	11011
1	2023-04-17	13:22:03	5743.0218	1	0.0088	0.0011	5743.1358	0.9	-0.2	2.9054	-0.0831	0.0000	0.3631	-0.3941	60	0.000	55.780838	37.639160	185.10	55.780991	37.639248	199.7	11011
1	2023-04-17	13:23:03	5743.0199	1	0.0091	0.0012	5743.1340	1.8	-0.9	2.9070	-0.0832	0.0001	0.3631	-0.3941	60	0.000	55.780838	37.639160	185.10	55.780838	37.639088	202.1	11011
1	2023-04-17	13:24:03	5743.0203	1	0.0082	0.0011	5743.1344	1.1	-2.8	2.9048	-0.0832	0.0001	0.3631	-0.3941	60	0.000	55.780838	37.639160	185.10	55.780735	37.639133	205.7	11011
1	2023-04-17	13:25:03	5743.0200	1	0.0102	0.0013	5743.1343	1.2	-3.9	2.9056	-0.0833	0.0002	0.3629	-0.3941	60	0.000	55.780838	37.639160	185.10	55.780933	37.639160	206.9	11011
1	2023-04-17	13:26:03	5743.0237	1	0.0097	0.0012	5743.1383	1.5	-4.1	2.9043	-0.0834	0.0003	0.3627	-0.3941	60	0.000	55.780838	37.639160	185.10	55.781048	37.639160	207.3	11011
1	2023-04-17	13:27:03	5743.0201	1	0.0109	0.0014	5743.1349	1.1	-3.6	2.9048	-0.0835	0.0002	0.3627	-0.3941	60	0.000	55.780838	37.639160	185.10	55.781155	37.639179	207.3	11011
1	2023-04-17	13:28:03	5743.0222	1	0.0089	0.0012	5743.1372	1.1	-4.3	2.9008	-0.0835	0.0003	0.3624	-0.3941	60	0.000	55.780838	37.639160	185.10	55.781166	37.639351	208.4	11011
1	2023-04-17	13:29:03	5743.0206	1	0.0095	0.0012	5743.1359	0.4	-3.2	2.9000	-0.0836	0.0001	0.3623	-0.3941	60	0.000	55.780838	37.639160	185.10	55.781105	37.639256	207.9	11011
1	2023-04-17	13:30:03	5743.0205	1	0.0093	0.0012	5743.1357	2.1	-3.4	2.8998	-0.0837	0.0003	0.3623	-0.3941	60	0.000	55.780838	37.639160	185.10	55.781185	37.639275	209.0	11011
1	2023-04-17	13:31:03	5743.0189	1	0.0102	0.0013	5743.1341	2.1	-4.1	2.8971	-0.0837	0.0003	0.3624	-0.3941	60	0.000	55.780838	37.639160	185.10	55.781155	37.639000	209.7	11011
1	2023-04-17	13:32:03	5743.0205	1	0.0119	0.0015	5743.1360	1.7	-4.7	2.8936	-0.0838	0.0003	0.3622	-0.3941	60	0.000	55.780838	37.639160	185.10	55.781067	37.639294	207.3	11011
1	2023-04-17	13:33:03	5743.0217	1	0.0100	0.0013	5743.1372	1.5	-5.9	2.8929	-0.0839	0.0005	0.3620	-0.3942	60	0.000	55.780838	37.639160	185.10	55.781105	37.639278	205.4	11011
1	2023-04-17	13:34:03	5743.0195	1	0.0087	0.0011	5743.1355	1.9	-4.9	2.8934	-0.0839	0.0004	0.3617	-0.3942	60	0.000	55.780838	37.639160	185.10	55.781052	37.639431	205.2	11011
1	2023-04-17	13:35:03	5743.0202	1	0.0095	0.0012	5743.1365	1.6	-3.5	2.8943	-0.0840	0.0002	0.3617	-0.3942	60	0.000	55.780838	37.639160	185.10	55.781258	37.639469	208.1	11011
1	2023-04-17	13:36:03	5743.0220	1	0.0113	0.0015	5743.1383	1.2	-4.7	2.8890	-0.0840	0.0003	0.3616	-0.3942	60	0.000	55.780838	37.639160	185.10	55.781078	37.639427	205.5	11011
1	2023-04-17	13:37:03	5743.0212	1	0.0100	0.0013	5743.1374	2.5	-5.3	2.8971	-0.0841	0.0005	0.3615	-0.3942	60	0.000	55.780838	37.639160	185.10	55.781052	37.639446	201.7	11011
1	2023-04-17	13:38:03	5743.0212	1	0.0089	0.0012	5743.1373	1.3	-6.3	2.8893	-0.0841	0.0007	0.3615	-0.3942	60	0.000	55.780838	37.639160	185.10	55.781162	37.639450	198.4	11011
1	2023-04-17	13:39:03	5743.0191	1	0.0130	0.0017	5743.1356	0.3	-6.8	2.8914	-0.0842	0.0005	0.3613	-0.3942	60	0.000	55.780838	37.639160	185.10	55.781143	37.639374	202.7	11011
1	2023-04-17	13:40:03	5743.0212	1	0.0104	0.0013	5743.1376	-0.2	-6.6	2.8850	-0.0842	0.0005	0.3614	-0.3942	60	0.000	55.780838	37.639160	185.10	55.781200	37.639336	203.9	11011
1	2023-04-17	13:41:03	5743.0187	1	0.0108	0.0014	5743.1357	-1.0	-5.4	2.8873	-0.0842	0.0004	0.3610	-0.3942	60	0.000	55.780838	37.639160	185.10	55.781109	37.639336	201.1	11011
1	2023-04-17	13:42:03	5743.0215	1	0.0107	0.0014	5743.1388	0.6	-5.4	2.8882	-0.0843	0.0005	0.3607	-0.3942	60	0.000	55.780838	37.639160	185.10	55.781010	37.639355	197.8	11011
1	2023-04-17	13:43:03	5743.0192	1	0.0103	0.0013	5743.1365	0.2	-4.0	2.8880	-0.0843	0.0002	0.3609	-0.3942	60	0.000	55.780838	37.639160	185.10	55.781185	37.639389	194.3	11011
1	2023-04-17	13:44:03	5743.0196	1	0.0076	0.0010	5743.1369	-0.1	-4.6	2.8831	-0.0843	0.0003	0.3609	-0.3942	60	0.000	55.780838	37.639160	185.10	55.781124	37.639297	197.8	11011
1	2023-04-17	13:45:03	5743.0203	1	0.0072	0.0009	5743.1377	0.1	-5.0	2.8845	-0.0844	0.0003	0.3609	-0.3942	60	0.000	55.780838	37.639160	185.10	55.780899	37.639114	192.0	11011
1	2023-04-17	13:46:03	5743.0194	1	0.0097	0.0012	5743.1371	0.9	-5.2	2.8869	-0.0844	0.0004	0.3605	-0.3942	60	0.000	55.780838	37.639160	185.10	55.781185	37.639381	187.9	11011
1	2023-04-17	13:47:03	5743.0185	1	0.0101	0.0013	5743.1361	-0.7	-6.1	2.8832	-0.0844	0.0005	0.3605	-0.3942	60	0.000	55.780838	37.639160	185.10	55.781212	37.639477	188.5	11011
1	2023-04-17	13:48:03	5743.0196	1	0.0098	0.0013	5743.1372	0.4	-7.2	2.8798	-0.0844	0.0007	0.3604	-0.3942	60	0.000	55.780838	37.639160	185.10	55.781422	37.639496	191.4	11011
1	2023-04-17	13:49:03	5743.0186	1	0.0090	0.0012	5743.1364	0.2	-6.9	2.8798	-0.0844	0.0005	0.3604	-0.3942	60	0.000	55.780838	37.639160	185.10	55.781155	37.639336	190.7	11011
1	2023-04-17	13:50:03	5743.0211	1	0.0093	0.0012	5743.1391	0.6	-6.2	2.8748	-0.0844	0.0005	0.3603	-0.3942	60	0.000	55.780838	37.639160	185.10	55.780926	37.639275	188.8	11011
1	2023-04-17	13:51:03	5743.0201	1	0.0092	0.0012	5743.1382	-0.8	-5.9	2.8732	-0.0844	0.0005	0.3601	-0.3942	60	0.000	55.780838	37.639160	185.10	55.781124	37.639351	189.2	11011
1	2023-04-17	13:52:03	5743.0203	1	0.0096	0.0012	5743.1384	0.7	-5.8	2.8787	-0.0845	0.0005	0.3602	-0.3942	60	0.000	55.780838	37.639160	185.10	55.780918	37.639141	186.9	11011
1	2023-04-17	13:53:03	5743.0207	1	0.0110	0.0014	5743.1392	0.3	-5.4	2.8826	-0.0845	0.0003	0.3599	-0.3942	60	0.000	55.780838	37.639160	185.10	55.780994	37.639076	183.6	11011
1	2023-04-17	13:54:03	5743.0229	1	0.0109	0.0014	5743.1414	0.7	-5.8	2.8777	-0.0845	0.0003	0.3599	-0.3942	60	0.000	55.780838	37.639160	185.10	55.781040	37.639103	182.8	11011
1	2023-04-17	13:55:03	5743.0212	1	0.0124	0.0016	5743.1394	0.7	-6.9	2.8778	-0.0845	0.0006	0.3599	-0.3942	60	0.000	55.780838	37.639160	185.10	55.781097	37.639317	186.9	11011
1	2023-04-17	13:56:03	5743.0219	1	0.0113	0.0015	5743.1405	0.4	-6.0	2.8827	-0.0845	0.0004	0.3597	-0.3943	60	0.000	55.780838	37.639160	185.10	55.780952	37.639351	186.0	11011
1	2023-04-17	13:57:03	5743.0206	1	0.0090	0.0012	5743.1392	-0.3	-6.3	2.8756	-0.0845	0.0006	0.3595	-0.3943	60	0.000	55.780838	37.639160	185.10	55.780964	37.639389	183.4	11011
1	2023-04-17	13:58:03	5743.0197	1	0.0097	0.0012	5743.1382	0.2	-5.3	2.8798	-0.0844	0.0004	0.3598	-0.3943	60	0.000	55.780838	37.639160	185.10	55.781086	37.639427	181.3	11011
1	2023-04-17	13:59:03	5743.0209	1	0.0108	0.0014	5743.1396	1.0	-6.0	2.8758	-0.0844	0.0005	0.3595	-0.3943	60	0.000	55.780838	37.639160	185.10	55.781052	37.639313	183.4	11011
1	2023-04-17	14:00:03	5743.0188	1	0.0078	0.0010	5743.1377	0.9	-6.7	2.8829	-0.0844	0.0006	0.3593	-0.3943	60	0.000	55.780838	37.639160	185.10	55.781067	37.639114	184.2	11011
1	2023-04-17	14:01:03	5743.0199	1	0.0110	0.0014	5743.1388	1.7	-6.0	2.8777	-0.0844	0.0004	0.3593	-0.3943	60	0.000	55.780838	37.639160	185.10	55.780933	37.639217	185.4	11011
1	2023-04-17	14:02:03	5743.0212	1	0.0114	0.0015	5743.1401	1.8	-7.0	2.8780	-0.0844	0.0006	0.3592	-0.3943	60	0.000	55.780838	37.639160	185.10	55.780899	37.639381	184.8	11011
