/		CG-6 Survey
/		Survey Name:	110A-KPRE-LEDV
/		Instrument Serial Number:	000000021090374
/		Created:	2022-04-13 05:39:41
/
/		CG-6 Calibration
/		Operator:	MSG
/		Gcal1 [mGal]:	7875.071000
/		Goff [ADU]:	-8388608.000000
/		Gref [mGal]:	0.0000
/		X Scale [arc-sec/ADU]:	0.030951
/		Y Scale [arc-sec/ADU]:	0.030982
/		X Offset [ADU]:	-210247.717363
/		Y Offset [ADU]:	-244020.956834
/		Temperature Coefficient [mGal/mK]:	-0.125000
/		Temperature Scale [mK/ADU]:	-0.000111
/		Drift Rate [mGal/day]:	-0.015550
/		Drift Zero Time:	2021-08-25 15:22:03
/		Firmware Version:	CG6_2_20190125
/
/Station	Date	Time	CorrGrav	Line	StdDev	StdErr	RawGrav	X	Y	SensorTemp	TideCorr	TiltCorr	TempCorr	DriftCorr	MeasurDur	InstrHeight	LatUser	LonUser	ElevUser	LatGPS	LonGPS	ElevGPS	Corrections[drift-temp-na-tide-tilt]
11	2022-04-13	05:39:41	5646.8345	134	0.0313	0.0040	5643.3183	-0.4	3.2	-0.1337	-0.0535	0.0001	-0.0163	3.5858	60	0.000	55.855100	37.516100	0.00	--	--	--	11011
11	2022-04-13	05:40:41	5646.8325	134	0.0190	0.0025	5643.3163	-0.2	2.0	-0.1318	-0.0532	0.0001	-0.0164	3.5858	60	0.000	55.855100	37.516100	0.00	--	--	--	11011
11	2022-04-13	05:41:41	5646.8328	134	0.0155	0.0020	5643.3166	0.0	1.7	-0.1355	-0.0530	0.0001	-0.0166	3.5858	60	0.000	55.855100	37.516100	0.00	--	--	--	11011
11	2022-04-13	05:42:41	5646.8340	134	0.0231	0.0030	5643.3174	0.1	2.6	-0.1414	-0.0527	0.0001	-0.0166	3.5858	60	0.000	55.855100	37.516100	0.00	--	--	--	11011
11	2022-04-13	05:43:41	5646.8345	134	0.0175	0.0023	5643.3180	0.4	2.5	-0.1324	-0.0525	0.0001	-0.0169	3.5858	60	0.000	55.855100	37.516100	0.00	--	--	--	11011
11	2022-04-13	05:44:41	5646.8347	134	0.0201	0.0026	5643.3179	1.1	3.3	-0.1373	-0.0522	0.0002	-0.0170	3.5858	60	0.000	55.855100	37.516100	0.00	--	--	--	11011
11	2022-04-13	05:45:41	5646.8347	134	0.0150	0.0019	5643.3176	1.1	3.7	-0.1347	-0.0520	0.0002	-0.0170	3.5858	60	0.000	55.855100	37.516100	0.00	--	--	--	11011
11	2022-04-13	05:46:41	5646.8338	134	0.0196	0.0025	5643.3167	0.4	3.0	-0.1303	-0.0517	0.0001	-0.0172	3.5858	60	0.000	55.855100	37.516100	0.00	--	--	--	11011
11	2022-04-13	05:47:41	5646.8328	134	0.0133	0.0017	5643.3154	0.8	3.1	-0.1421	-0.0515	0.0001	-0.0170	3.5858	60	0.000	55.855100	37.516100	0.00	--	--	--	11011
11	2022-04-13	05:48:41	5646.8335	134	0.0202	0.0026	5643.3159	1.6	2.9	-0.1314	-0.0513	0.0001	-0.0171	3.5859	60	0.000	55.855100	37.516100	0.00	--	--	--	11011
11	2022-04-13	05:49:41	5646.8339	134	0.0221	0.0029	5643.3162	1.6	3.1	-0.1400	-0.0510	0.0002	-0.0173	3.5859	60	0.000	55.855100	37.516100	0.00	--	--	--	11011
11	2022-04-13	05:50:41	5646.8342	134	0.0226	0.0029	5643.3161	0.1	3.2	-0.1370	-0.0508	0.0002	-0.0173	3.5859	60	0.000	55.855100	37.516100	0.00	--	--	--	11011
11	2022-04-13	05:51:41	5646.8340	134	0.0198	0.0026	5643.3156	0.6	3.2	-0.1429	-0.0505	0.0001	-0.0171	3.5859	60	0.000	55.855100	37.516100	0.00	--	--	--	11011
11	2022-04-13	05:52:41	5646.8330	134	0.0161	0.0021	5643.3145	0.7	3.0	-0.1355	-0.0503	0.0001	-0.0172	3.5859	60	0.000	55.855100	37.516100	0.00	--	--	--	11011
11	2022-04-13	05:53:41	5646.8339	134	0.0171	0.0022	5643.3150	2.3	4.1	-0.1367	-0.0500	0.0003	-0.0173	3.5859	60	0.000	55.855100	37.516100	0.00	--	--	--	11011
11	2022-04-13	05:54:41	5646.8342	134	0.0190	0.0024	5643.3152	1.3	3.4	-0.1352	-0.0498	0.0002	-0.0172	3.5859	60	0.000	55.855100	37.516100	0.00	--	--	--	11011
11	2022-04-13	05:55:41	5646.8347	134	0.0176	0.0023	5643.3156	0.9	2.3	-0.1380	-0.0496	0.0001	-0.0174	3.5859	60	0.000	55.855100	37.516100	0.00	--	--	--	11011
11	2022-04-13	05:56:41	5646.8335	134	0.0185	0.0024	5643.3141	0.5	3.7	-0.1370	-0.0493	0.0002	-0.0173	3.5859	60	0.000	55.855100	37.516100	0.00	--	--	--	11011
11	2022-04-13	05:57:41	5646.8346	134	0.0216	0.0028	5643.3147	0.7	3.6	-0.1398	-0.0491	0.0002	-0.0172	3.5860	60	0.000	55.855100	37.516100	0.00	--	--	--	11011
11	2022-04-13	05:58:41	5646.8325	134	0.0171	0.0022	5643.3127	1.5	2.2	-0.1422	-0.0489	0.0001	-0.0174	3.5860	60	0.000	55.855100	37.516100	0.00	--	--	--	11011
11	2022-04-13	05:59:41	5646.8351	134	0.0265	0.0034	5643.3148	1.7	3.2	-0.1403	-0.0486	0.0002	-0.0173	3.5860	60	0.000	55.855100	37.516100	0.00	--	--	--	11011
11	2022-04-13	06:00:41	5646.8327	134	0.0175	0.0023	5643.3121	1.4	3.3	-0.1381	-0.0484	0.0002	-0.0171	3.5860	60	0.000	55.855100	37.516100	0.00	--	--	--	11011
11	2022-04-13	06:01:41	5646.8356	134	0.0175	0.0023	5643.3149	1.8	2.0	-0.1417	-0.0482	0.0001	-0.0172	3.5860	60	0.000	55.855100	37.516100	0.00	--	--	--	11011
11	2022-04-13	06:02:41	5646.8331	134	0.0216	0.0028	5643.3122	1.6	2.9	-0.1367	-0.0479	0.0001	-0.0174	3.5860	60	0.000	55.855100	37.516100	0.00	--	--	--	11011
11	2022-04-13	06:03:41	5646.8342	134	0.0241	0.0031	5643.3129	0.7	2.8	-0.1439	-0.0477	0.0001	-0.0172	3.5860	60	0.000	55.855100	37.516100	0.00	--	--	--	11011
11	2022-04-13	06:04:41	5646.8330	134	0.0210	0.0027	5643.3116	0.7	3.1	-0.1405	-0.0475	0.0002	-0.0174	3.5860	60	0.000	55.855100	37.516100	0.00	--	--	--	11011
11	2022-04-13	06:05:41	5646.8350	134	0.0194	0.0025	5643.3135	-0.9	2.7	-0.1354	-0.0472	0.0002	-0.0174	3.5860	60	0.000	55.855100	37.516100	0.00	--	--	--	11011
11	2022-04-13	06:06:41	5646.8335	134	0.0230	0.0030	5643.3116	0.3	2.0	-0.1308	-0.0470	0.0001	-0.0173	3.5861	60	0.000	55.855100	37.516100	0.00	--	--	--	11011
11	2022-04-13	06:07:41	5646.8338	134	0.0252	0.0033	5643.3117	-0.4	1.4	-0.1409	-0.0468	0.0001	-0.0172	3.5861	60	0.000	55.855100	37.516100	0.00	--	--	--	11011
11	2022-04-13	06:08:41	5646.8343	134	0.0180	0.0023	5643.3118	-0.9	2.9	-0.1321	-0.0466	0.0002	-0.0172	3.5861	60	0.000	55.855100	37.516100	0.00	--	--	--	11011
11	2022-04-13	06:09:41	5646.8354	134	0.0156	0.0020	5643.3128	-0.1	1.7	-0.1331	-0.0463	0.0000	-0.0172	3.5861	60	0.000	55.855100	37.516100	0.00	--	--	--	11011
11	2022-04-13	06:10:41	5646.8340	134	0.0142	0.0018	5643.3110	-0.3	1.1	-0.1406	-0.0461	0.0001	-0.0171	3.5861	60	0.000	55.855100	37.516100	0.00	--	--	--	11011
11	2022-04-13	06:11:41	5646.8332	134	0.0171	0.0022	5643.3101	0.7	1.2	-0.1391	-0.0459	0.0001	-0.0172	3.5861	60	0.000	55.855100	37.516100	0.00	--	--	--	11011
11	2022-04-13	06:12:41	5646.8352	134	0.0182	0.0024	5643.3118	-0.1	-0.4	-0.1336	-0.0457	0.0000	-0.0171	3.5861	60	0.000	55.855100	37.516100	0.00	--	--	--	11011
11	2022-04-13	06:13:41	5646.8343	134	0.0162	0.0021	5643.3109	0.1	-0.5	-0.1345	-0.0454	0.0000	-0.0173	3.5861	60	0.000	55.855100	37.516100	0.00	--	--	--	11011
11	2022-04-13	06:14:41	5646.8326	134	0.0178	0.0023	5643.3087	-0.1	-0.5	-0.1394	-0.0452	0.0000	-0.0171	3.5861	60	0.000	55.855100	37.516100	0.00	--	--	--	11011
11	2022-04-13	06:15:41	5646.8352	134	0.0221	0.0029	5643.3111	-0.0	0.1	-0.1357	-0.0450	0.0000	-0.0171	3.5861	60	0.000	55.855100	37.516100	0.00	--	--	--	11011
11	2022-04-13	06:16:41	5646.8343	134	0.0177	0.0023	5643.3101	-0.6	0.2	-0.1376	-0.0448	0.0000	-0.0172	3.5862	60	0.000	55.855100	37.516100	0.00	--	--	--	11011
11	2022-04-13	06:17:41	5646.8352	134	0.0259	0.0033	5643.3107	-0.4	0.6	-0.1404	-0.0446	0.0000	-0.0171	3.5862	60	0.000	55.855100	37.516100	0.00	--	--	--	11011
11	2022-04-13	06:18:41	5646.8331	134	0.0193	0.0025	5643.3083	0.6	0.6	-0.1356	-0.0444	0.0001	-0.0171	3.5862	60	0.000	55.855100	37.516100	0.00	--	--	--	11011
11	2022-04-13	06:19:41	5646.8351	134	0.0186	0.0024	5643.3101	0.1	1.2	-0.1376	-0.0442	0.0001	-0.0171	3.5862	60	0.000	55.855100	37.516100	0.00	--	--	--	11011
11	2022-04-13	06:20:41	5646.8345	134	0.0146	0.0019	5643.3094	0.2	1.2	-0.1439	-0.0439	0.0000	-0.0172	3.5862	60	0.000	55.855100	37.516100	0.00	--	--	--	11011
11	2022-04-13	06:21:41	5646.8349	134	0.0195	0.0025	5643.3095	-0.7	0.4	-0.1407	-0.0437	0.0000	-0.0171	3.5862	60	0.000	55.855100	37.516100	0.00	--	--	--	11011
11	2022-04-13	06:22:41	5646.8336	134	0.0175	0.0023	5643.3081	1.3	0.2	-0.1282	-0.0435	0.0000	-0.0172	3.5862	60	0.000	55.855100	37.516100	0.00	--	--	--	11011
11	2022-04-13	06:23:41	5646.8338	134	0.0189	0.0024	5643.3080	1.4	1.8	-0.1395	-0.0433	0.0001	-0.0172	3.5862	60	0.000	55.855100	37.516100	0.00	--	--	--	11011
11	2022-04-13	06:24:41	5646.8347	134	0.0161	0.0021	5643.3085	-0.4	2.6	-0.1373	-0.0431	0.0001	-0.0171	3.5862	60	0.000	55.855100	37.516100	0.00	--	--	--	11011
11	2022-04-13	06:25:41	5646.8333	134	0.0208	0.0027	5643.3070	0.4	2.2	-0.1331	-0.0429	0.0001	-0.0171	3.5863	60	0.000	55.855100	37.516100	0.00	--	--	--	11011
11	2022-04-13	06:26:41	5646.8340	134	0.0208	0.0027	5643.3073	0.4	1.3	-0.1406	-0.0427	0.0001	-0.0170	3.5863	60	0.000	55.855100	37.516100	0.00	--	--	--	11011
11	2022-04-13	06:27:41	5646.8342	134	0.0158	0.0020	5643.3074	-0.2	1.2	-0.1312	-0.0425	0.0000	-0.0170	3.5863	60	0.000	55.855100	37.516100	0.00	--	--	--	11011
11	2022-04-13	06:28:41	5646.8361	134	0.0229	0.0030	5643.3090	-0.4	2.4	-0.1382	-0.0423	0.0001	-0.0171	3.5863	60	0.000	55.855100	37.516100	0.00	--	--	--	11011
11	2022-04-13	06:29:41	5646.8358	134	0.0198	0.0026	5643.3087	1.0	1.7	-0.1380	-0.0421	0.0001	-0.0171	3.5863	60	0.000	55.855100	37.516100	0.00	--	--	--	11011
11	2022-04-13	06:30:41	5646.8341	134	0.0184	0.0024	5643.3068	-0.4	1.7	-0.1354	-0.0419	0.0001	-0.0172	3.5863	60	0.000	55.855100	37.516100	0.00	--	--	--	11011
11	2022-04-13	06:31:41	5646.8338	134	0.0206	0.0027	5643.3061	0.5	2.3	-0.1383	-0.0417	0.0001	-0.0170	3.5863	60	0.000	55.855100	37.516100	0.00	--	--	--	11011
11	2022-04-13	06:32:41	5646.8338	134	0.0176	0.0023	5643.3060	1.3	2.9	-0.1371	-0.0415	0.0001	-0.0172	3.5863	60	0.000	55.855100	37.516100	0.00	--	--	--	11011
11	2022-04-13	06:33:41	5646.8339	134	0.0290	0.0037	5643.3060	0.0	2.0	-0.1323	-0.0413	0.0001	-0.0172	3.5863	60	0.000	55.855100	37.516100	0.00	--	--	--	11011
11	2022-04-13	06:34:41	5646.8328	134	0.0147	0.0019	5643.3046	0.5	2.8	-0.1354	-0.0411	0.0001	-0.0172	3.5864	60	0.000	55.855100	37.516100	0.00	--	--	--	11011
11	2022-04-13	06:35:41	5646.8353	134	0.0179	0.0023	5643.3070	-0.0	2.0	-0.1377	-0.0409	0.0001	-0.0172	3.5864	60	0.000	55.855100	37.516100	0.00	--	--	--	11011
11	2022-04-13	06:36:41	5646.8343	134	0.0184	0.0024	5643.3057	-0.6	2.0	-0.1380	-0.0408	0.0001	-0.0171	3.5864	60	0.000	55.855100	37.516100	0.00	--	--	--	11011
11	2022-04-13	06:37:41	5646.8342	134	0.0237	0.0031	5643.3055	-0.8	2.3	-0.1390	-0.0406	0.0001	-0.0172	3.5864	60	0.000	55.855100	37.516100	0.00	--	--	--	11011
11	2022-04-13	06:38:41	5646.8347	134	0.0213	0.0027	5643.3058	-0.4	0.8	-0.1404	-0.0404	0.0000	-0.0171	3.5864	60	0.000	55.855100	37.516100	0.00	--	--	--	11011
31	2022-04-13	07:36:15	5620.3384	134	0.0186	0.0024	5616.7961	1.6	4.4	-0.1034	-0.0327	0.0004	-0.0124	3.5870	60	0.000	55.855100	37.516100	0.00	--	--	--	11011
31	2022-04-13	07:37:15	5620.3369	134	0.0181	0.0023	5616.7949	0.9	4.9	-0.1017	-0.0326	0.0003	-0.0128	3.5870	60	0.000	55.855100	37.516100	0.00	--	--	--	11011
31	2022-04-13	07:38:15	5620.3382	134	0.0180	0.0023	5616.7961	1.3	5.6	-0.0965	-0.0325	0.0004	-0.0128	3.5870	60	0.000	55.855100	37.516100	0.00	--	--	--	11011
31	2022-04-13	07:39:15	5620.3370	134	0.0165	0.0021	5616.7949	0.1	7.0	-0.1029	-0.0325	0.0006	-0.0131	3.5871	60	0.000	55.855100	37.516100	0.00	--	--	--	11011
31	2022-04-13	07:40:15	5620.3365	134	0.0229	0.0030	5616.7941	1.1	8.1	-0.1060	-0.0324	0.0009	-0.0132	3.5871	60	0.000	55.855100	37.516100	0.00	55.758076	37.568306	144.7	11011
31	2022-04-13	07:41:15	5620.3382	134	0.0214	0.0028	5616.7963	0.7	7.2	-0.1049	-0.0323	0.0006	-0.0134	3.5871	60	0.000	55.855100	37.516100	0.00	55.757877	37.568420	150.0	11011
31	2022-04-13	07:42:15	5620.3387	134	0.0162	0.0021	5616.7965	1.5	9.1	-0.1121	-0.0322	0.0010	-0.0137	3.5871	60	0.000	55.855100	37.516100	0.00	55.757610	37.568516	149.6	11011
31	2022-04-13	07:43:15	5620.3381	134	0.0207	0.0027	5616.7958	1.6	10.1	-0.1169	-0.0322	0.0013	-0.0139	3.5871	60	0.000	55.855100	37.516100	0.00	--	--	--	11011
31	2022-04-13	07:44:15	5620.3381	134	0.0183	0.0024	5616.7962	0.5	9.7	-0.1182	-0.0321	0.0012	-0.0142	3.5871	60	0.000	55.855100	37.516100	0.00	--	--	--	11011
31	2022-04-13	07:45:15	5620.3373	134	0.0201	0.0026	5616.7953	1.2	10.5	-0.1211	-0.0321	0.0013	-0.0144	3.5871	60	0.000	55.855100	37.516100	0.00	--	--	--	11011
31	2022-04-13	07:46:15	5620.3372	134	0.0167	0.0022	5616.7953	0.5	10.7	-0.1170	-0.0320	0.0013	-0.0145	3.5871	60	0.000	55.855100	37.516100	0.00	--	--	--	11011
31	2022-04-13	07:47:15	5620.3385	134	0.0205	0.0026	5616.7964	0.7	11.6	-0.1170	-0.0319	0.0016	-0.0147	3.5871	60	0.000	55.855100	37.516100	0.00	--	--	--	11011
31	2022-04-13	07:48:15	5620.3375	134	0.0156	0.0020	5616.7952	-0.0	12.5	-0.1179	-0.0319	0.0019	-0.0149	3.5871	60	0.000	55.855100	37.516100	0.00	--	--	--	11011
31	2022-04-13	07:49:15	5620.3380	134	0.0226	0.0029	5616.7955	0.1	13.0	-0.1224	-0.0318	0.0020	-0.0148	3.5872	60	0.000	55.855100	37.516100	0.00	--	--	--	11011
31	2022-04-13	07:50:15	5620.3386	134	0.0177	0.0023	5616.7965	0.3	12.5	-0.1232	-0.0318	0.0018	-0.0151	3.5872	60	0.000	55.855100	37.516100	0.00	--	--	--	11011
31	2022-04-13	07:51:15	5620.3400	134	0.0178	0.0023	5616.7969	-0.6	15.0	-0.1208	-0.0317	0.0028	-0.0150	3.5872	60	0.000	55.855100	37.516100	0.00	--	--	--	11011
31	2022-04-13	07:52:15	5620.3390	134	0.0153	0.0020	5616.7959	0.1	15.4	-0.1115	-0.0317	0.0027	-0.0151	3.5872	60	0.000	55.855100	37.516100	0.00	--	--	--	11011
31	2022-04-13	07:53:15	5620.3385	134	0.0217	0.0028	5616.7954	0.2	15.7	-0.1210	-0.0316	0.0028	-0.0153	3.5872	60	0.000	55.855100	37.516100	0.00	55.758503	37.568104	155.0	11011
31	2022-04-13	07:54:15	5620.3382	134	0.0187	0.0024	5616.7950	1.1	16.0	-0.1291	-0.0316	0.0030	-0.0154	3.5872	60	0.000	55.855100	37.516100	0.00	55.758255	37.568054	154.1	11011
31	2022-04-13	07:55:15	5620.3384	134	0.0199	0.0026	5616.7956	0.7	16.2	-0.1286	-0.0316	0.0027	-0.0155	3.5872	60	0.000	55.855100	37.516100	0.00	--	--	--	11011
31	2022-04-13	07:56:15	5620.3371	134	0.0187	0.0024	5616.7937	0.2	16.3	-0.1305	-0.0315	0.0032	-0.0156	3.5872	60	0.000	55.855100	37.516100	0.00	--	--	--	11011
31	2022-04-13	07:57:15	5620.3378	134	0.0191	0.0025	5616.7950	1.0	15.3	-0.1250	-0.0315	0.0027	-0.0156	3.5872	60	0.000	55.855100	37.516100	0.00	55.758026	37.568264	150.0	11011
31	2022-04-13	07:58:15	5620.3387	134	0.0157	0.0020	5616.7950	3.0	17.5	-0.1222	-0.0314	0.0038	-0.0159	3.5873	60	0.000	55.855100	37.516100	0.00	55.758038	37.568256	151.2	11011
31	2022-04-13	07:59:15	5620.3373	134	0.0127	0.0016	5616.7938	1.8	17.4	-0.1262	-0.0314	0.0036	-0.0159	3.5873	60	0.000	55.855100	37.516100	0.00	55.758018	37.568287	152.7	11011
31	2022-04-13	08:00:15	5620.3375	134	0.0173	0.0022	5616.7945	1.7	15.8	-0.1277	-0.0314	0.0030	-0.0159	3.5873	60	0.000	55.855100	37.516100	0.00	55.758297	37.568001	147.5	11011
31	2022-04-13	08:01:15	5620.3388	134	0.0205	0.0027	5616.7959	1.8	15.9	-0.1261	-0.0314	0.0029	-0.0160	3.5873	60	0.000	55.855100	37.516100	0.00	55.758286	37.568096	147.8	11011
31	2022-04-13	08:02:15	5620.3366	134	0.0170	0.0022	5616.7936	1.2	16.7	-0.1269	-0.0313	0.0033	-0.0162	3.5873	60	0.000	55.855100	37.516100	0.00	55.758106	37.567924	146.5	11011
31	2022-04-13	08:03:15	5620.3376	134	0.0178	0.0023	5616.7942	1.9	17.3	-0.1295	-0.0313	0.0035	-0.0161	3.5873	60	0.000	55.855100	37.516100	0.00	55.758286	37.567905	145.2	11011
31	2022-04-13	08:04:15	5620.3388	134	0.0172	0.0022	5616.7950	1.2	18.3	-0.1330	-0.0313	0.0040	-0.0162	3.5873	60	0.000	55.855100	37.516100	0.00	--	--	--	11011
31	2022-04-13	08:05:15	5620.3384	134	0.0155	0.0020	5616.7947	1.6	18.0	-0.1309	-0.0313	0.0039	-0.0162	3.5873	60	0.000	55.855100	37.516100	0.00	--	--	--	11011
31	2022-04-13	08:06:15	5620.3379	134	0.0184	0.0024	5616.7945	2.5	18.3	-0.1310	-0.0312	0.0037	-0.0164	3.5873	60	0.000	55.855100	37.516100	0.00	--	--	--	11011
31	2022-04-13	08:07:15	5620.3377	134	0.0213	0.0027	5616.7939	2.9	17.7	-0.1326	-0.0312	0.0039	-0.0162	3.5874	60	0.000	55.855100	37.516100	0.00	--	--	--	11011
31	2022-04-13	08:08:15	5620.3382	134	0.0183	0.0024	5616.7942	3.8	18.6	-0.1261	-0.0312	0.0042	-0.0164	3.5874	60	0.000	55.855100	37.516100	0.00	55.758083	37.568115	152.0	11011
31	2022-04-13	08:09:15	5620.3370	134	0.0252	0.0033	5616.7929	5.3	19.5	-0.1422	-0.0312	0.0046	-0.0166	3.5874	60	0.000	55.855100	37.516100	0.00	--	--	--	11011
31	2022-04-13	08:10:15	5620.3380	134	0.0119	0.0015	5616.7937	5.1	19.6	-0.1302	-0.0312	0.0046	-0.0165	3.5874	60	0.000	55.855100	37.516100	0.00	--	--	--	11011
31	2022-04-13	08:11:15	5620.3382	134	0.0221	0.0028	5616.7937	3.5	20.0	-0.1333	-0.0312	0.0049	-0.0165	3.5874	60	0.000	55.855100	37.516100	0.00	--	--	--	11011
31	2022-04-13	08:12:15	5620.3393	134	0.0221	0.0028	5616.7943	4.2	20.5	-0.1290	-0.0312	0.0051	-0.0164	3.5874	60	0.000	55.855100	37.516100	0.00	--	--	--	11011
31	2022-04-13	08:13:15	5620.3377	134	0.0236	0.0030	5616.7925	4.0	20.6	-0.1360	-0.0312	0.0054	-0.0165	3.5874	60	0.000	55.855100	37.516100	0.00	--	--	--	11011
31	2022-04-13	08:14:15	5620.3380	134	0.0178	0.0023	5616.7931	3.7	20.8	-0.1334	-0.0312	0.0052	-0.0165	3.5874	60	0.000	55.855100	37.516100	0.00	--	--	--	11011
31	2022-04-13	08:15:15	5620.3385	134	0.0133	0.0017	5616.7938	3.9	19.5	-0.1356	-0.0312	0.0048	-0.0164	3.5874	60	0.000	55.855100	37.516100	0.00	--	--	--	11011
31	2022-04-13	08:16:15	5620.3383	134	0.0171	0.0022	5616.7935	4.5	20.3	-0.1336	-0.0312	0.0051	-0.0166	3.5875	60	0.000	55.855100	37.516100	0.00	--	--	--	11011
31	2022-04-13	08:17:15	5620.3369	134	0.0188	0.0024	5616.7920	4.0	20.5	-0.1305	-0.0312	0.0051	-0.0165	3.5875	60	0.000	55.855100	37.516100	0.00	--	--	--	11011
31	2022-04-13	08:18:15	5620.3366	134	0.0213	0.0028	5616.7916	4.3	20.3	-0.1249	-0.0312	0.0052	-0.0165	3.5875	60	0.000	55.855100	37.516100	0.00	55.758312	37.568153	148.0	11011
31	2022-04-13	08:19:15	5620.3368	134	0.0142	0.0018	5616.7920	4.2	20.0	-0.1306	-0.0312	0.0050	-0.0165	3.5875	60	0.000	55.855100	37.516100	0.00	55.758411	37.568104	149.7	11011
31	2022-04-13	08:20:15	5620.3372	134	0.0195	0.0025	5616.7921	4.0	21.4	-0.1340	-0.0312	0.0056	-0.0167	3.5875	60	0.000	55.855100	37.516100	0.00	--	--	--	11011
31	2022-04-13	08:21:15	5620.3379	134	0.0178	0.0023	5616.7922	3.9	22.6	-0.1366	-0.0312	0.0062	-0.0167	3.5875	60	0.000	55.855100	37.516100	0.00	--	--	--	11011
31	2022-04-13	08:22:15	5620.3376	134	0.0189	0.0024	5616.7930	4.8	21.1	-0.1319	-0.0312	0.0052	-0.0168	3.5875	60	0.000	55.855100	37.516100	0.00	--	--	--	11011
31	2022-04-13	08:23:15	5620.3383	134	0.0211	0.0027	5616.7929	5.2	21.9	-0.1398	-0.0313	0.0059	-0.0168	3.5875	60	0.000	55.855100	37.516100	0.00	--	--	--	11011
31	2022-04-13	08:24:15	5620.3371	134	0.0225	0.0029	5616.7922	4.7	21.5	-0.1384	-0.0313	0.0054	-0.0168	3.5875	60	0.000	55.855100	37.516100	0.00	--	--	--	11011
31	2022-04-13	08:25:15	5620.3386	134	0.0132	0.0017	5616.7926	5.2	23.2	-0.1331	-0.0313	0.0066	-0.0168	3.5875	60	0.000	55.855100	37.516100	0.00	--	--	--	11011
31	2022-04-13	08:26:15	5620.3388	134	0.0213	0.0028	5616.7929	6.7	23.1	-0.1300	-0.0313	0.0066	-0.0169	3.5876	60	0.000	55.855100	37.516100	0.00	--	--	--	11011
31	2022-04-13	08:27:15	5620.3397	134	0.0211	0.0027	5616.7937	5.3	23.3	-0.1370	-0.0314	0.0067	-0.0169	3.5876	60	0.000	55.855100	37.516100	0.00	--	--	--	11011
31	2022-04-13	08:28:15	5620.3384	134	0.0164	0.0021	5616.7928	5.1	22.6	-0.1380	-0.0314	0.0064	-0.0170	3.5876	60	0.000	55.855100	37.516100	0.00	55.757893	37.568504	144.8	11011
31	2022-04-13	08:29:15	5620.3380	134	0.0198	0.0026	5616.7927	4.0	22.8	-0.1350	-0.0314	0.0060	-0.0169	3.5876	60	0.000	55.855100	37.516100	0.00	--	--	--	11011
31	2022-04-13	08:30:15	5620.3401	134	0.0244	0.0032	5616.7935	4.6	24.2	-0.1296	-0.0314	0.0074	-0.0169	3.5876	60	0.000	55.855100	37.516100	0.00	--	--	--	11011
31	2022-04-13	08:31:15	5620.3382	134	0.0172	0.0022	5616.7921	5.1	23.8	-0.1304	-0.0315	0.0070	-0.0171	3.5876	60	0.000	55.855100	37.516100	0.00	55.757885	37.568707	148.0	11011
31	2022-04-13	08:32:15	5620.3379	134	0.0183	0.0024	5616.7927	5.5	22.3	-0.1331	-0.0315	0.0064	-0.0172	3.5876	60	0.000	55.855100	37.516100	0.00	55.758141	37.568256	148.5	11011
31	2022-04-13	08:33:15	5620.3363	134	0.0195	0.0025	5616.7911	4.5	22.7	-0.1263	-0.0315	0.0061	-0.0170	3.5876	60	0.000	55.855100	37.516100	0.00	55.758133	37.568115	149.0	11011
31	2022-04-13	08:34:15	5620.3385	134	0.0144	0.0019	5616.7932	4.5	22.8	-0.1341	-0.0316	0.0064	-0.0172	3.5876	60	0.000	55.855100	37.516100	0.00	55.758259	37.568378	149.8	11011
31	2022-04-13	08:35:15	5620.3384	134	0.0178	0.0023	5616.7928	5.2	23.6	-0.1347	-0.0316	0.0065	-0.0170	3.5877	60	0.000	55.855100	37.516100	0.00	55.758373	37.568275	149.9	11011
41	2022-04-13	10:09:52	5627.2221	134	0.0260	0.0034	5623.6864	0.3	-0.3	-0.0818	-0.0430	0.0000	-0.0100	3.5887	60	0.000	55.855100	37.516100	0.00	55.857803	37.975914	150.5	11011
41	2022-04-13	10:10:52	5627.2227	134	0.0165	0.0021	5623.6873	-0.4	0.6	-0.0820	-0.0432	0.0000	-0.0102	3.5887	60	0.000	55.855100	37.516100	0.00	55.857803	37.975971	150.9	11011
41	2022-04-13	10:11:52	5627.2222	134	0.0202	0.0026	5623.6872	0.7	0.5	-0.0851	-0.0434	0.0000	-0.0104	3.5887	60	0.000	55.855100	37.516100	0.00	55.857803	37.975750	151.8	11011
41	2022-04-13	10:12:52	5627.2232	134	0.0192	0.0025	5623.6887	1.4	1.0	-0.0843	-0.0436	0.0001	-0.0107	3.5887	60	0.000	55.855100	37.516100	0.00	55.857800	37.975883	153.6	11011
41	2022-04-13	10:13:52	5627.2234	134	0.0141	0.0018	5623.6893	1.8	1.9	-0.0837	-0.0437	0.0001	-0.0110	3.5887	60	0.000	55.855100	37.516100	0.00	55.857800	37.975876	154.2	11011
41	2022-04-13	10:14:52	5627.2233	134	0.0120	0.0016	5623.6897	1.7	2.0	-0.0896	-0.0439	0.0001	-0.0113	3.5887	60	0.000	55.855100	37.516100	0.00	55.857708	37.975990	154.0	11011
41	2022-04-13	10:15:52	5627.2232	134	0.0208	0.0027	5623.6899	1.8	2.2	-0.0935	-0.0441	0.0001	-0.0115	3.5887	60	0.000	55.855100	37.516100	0.00	55.857697	37.975971	154.2	11011
41	2022-04-13	10:16:52	5627.2228	134	0.0218	0.0028	5623.6898	1.6	2.1	-0.0946	-0.0443	0.0001	-0.0116	3.5888	60	0.000	55.855100	37.516100	0.00	55.857716	37.976017	154.0	11011
41	2022-04-13	10:17:52	5627.2249	134	0.0216	0.0028	5623.6925	1.6	1.7	-0.0994	-0.0445	0.0001	-0.0119	3.5888	60	0.000	55.855100	37.516100	0.00	55.857754	37.976017	154.6	11011
41	2022-04-13	10:18:52	5627.2240	134	0.0129	0.0017	5623.6920	1.5	1.0	-0.1027	-0.0447	0.0001	-0.0121	3.5888	60	0.000	55.855100	37.516100	0.00	55.857765	37.976017	154.5	11011
41	2022-04-13	10:19:52	5627.2228	134	0.0193	0.0025	5623.6911	1.1	1.5	-0.0991	-0.0448	0.0001	-0.0123	3.5888	60	0.000	55.855100	37.516100	0.00	55.857773	37.976105	155.5	11011
41	2022-04-13	10:20:52	5627.2233	134	0.0193	0.0025	5623.6920	0.4	1.6	-0.1005	-0.0450	0.0001	-0.0126	3.5888	60	0.000	55.855100	37.516100	0.00	55.857754	37.975914	154.5	11011
41	2022-04-13	10:21:52	5627.2221	134	0.0167	0.0022	5623.6912	0.4	1.3	-0.1086	-0.0452	0.0000	-0.0127	3.5888	60	0.000	55.855100	37.516100	0.00	55.857765	37.975933	154.8	11011
41	2022-04-13	10:22:52	5627.2236	134	0.0186	0.0024	5623.6929	1.2	2.8	-0.1074	-0.0454	0.0001	-0.0128	3.5888	60	0.000	55.855100	37.516100	0.00	55.857742	37.975945	154.9	11011
41	2022-04-13	10:23:52	5627.2231	134	0.0246	0.0032	5623.6928	1.7	2.5	-0.1104	-0.0456	0.0001	-0.0130	3.5888	60	0.000	55.855100	37.516100	0.00	55.857784	37.975914	153.7	11011
41	2022-04-13	10:24:52	5627.2230	134	0.0249	0.0032	5623.6926	3.0	3.0	-0.1036	-0.0458	0.0003	-0.0130	3.5888	60	0.000	55.855100	37.516100	0.00	55.857857	37.975952	153.9	11011
41	2022-04-13	10:25:52	5627.2213	134	0.0214	0.0028	5623.6914	4.2	2.1	-0.1107	-0.0460	0.0003	-0.0132	3.5889	60	0.000	55.855100	37.516100	0.00	55.857914	37.975895	153.1	11011
41	2022-04-13	10:26:52	5627.2238	134	0.0139	0.0018	5623.6941	4.2	3.1	-0.1105	-0.0462	0.0004	-0.0134	3.5889	60	0.000	55.855100	37.516100	0.00	55.857983	37.975792	151.7	11011
41	2022-04-13	10:27:52	5627.2228	134	0.0214	0.0028	5623.6935	3.1	5.3	-0.1138	-0.0463	0.0006	-0.0137	3.5889	60	0.000	55.855100	37.516100	0.00	55.858040	37.975788	154.4	11011
41	2022-04-13	10:28:52	5627.2231	134	0.0201	0.0026	5623.6940	3.7	5.0	-0.1090	-0.0465	0.0005	-0.0137	3.5889	60	0.000	55.855100	37.516100	0.00	55.857925	37.975761	157.0	11011
41	2022-04-13	10:29:52	5627.2247	134	0.0197	0.0025	5623.6959	3.8	4.1	-0.1099	-0.0467	0.0004	-0.0138	3.5889	60	0.000	55.855100	37.516100	0.00	55.857914	37.975742	156.8	11011
41	2022-04-13	10:30:52	5627.2254	134	0.0200	0.0026	5623.6968	3.3	4.9	-0.1101	-0.0469	0.0005	-0.0138	3.5889	60	0.000	55.855100	37.516100	0.00	55.857887	37.975819	158.8	11011
41	2022-04-13	10:31:52	5627.2246	134	0.0210	0.0027	5623.6964	3.7	3.8	-0.1040	-0.0471	0.0004	-0.0140	3.5889	60	0.000	55.855100	37.516100	0.00	55.857868	37.975807	158.8	11011
41	2022-04-13	10:32:52	5627.2240	134	0.0192	0.0025	5623.6962	4.1	4.0	-0.1120	-0.0473	0.0004	-0.0142	3.5889	60	0.000	55.855100	37.516100	0.00	55.857868	37.975826	158.9	11011
41	2022-04-13	10:33:52	5627.2235	134	0.0185	0.0024	5623.6957	4.4	4.6	-0.1171	-0.0475	0.0004	-0.0141	3.5889	60	0.000	55.855100	37.516100	0.00	55.857861	37.975845	159.0	11011
41	2022-04-13	10:34:52	5627.2240	134	0.0203	0.0026	5623.6964	4.4	4.7	-0.1170	-0.0477	0.0005	-0.0142	3.5889	60	0.000	55.855100	37.516100	0.00	55.857861	37.975864	159.3	11011
41	2022-04-13	10:35:52	5627.2230	134	0.0220	0.0028	5623.6959	4.1	4.5	-0.1178	-0.0479	0.0005	-0.0144	3.5890	60	0.000	55.855100	37.516100	0.00	55.857830	37.975979	159.3	11011
41	2022-04-13	10:36:52	5627.2233	134	0.0170	0.0022	5623.6965	3.9	4.7	-0.1169	-0.0481	0.0004	-0.0145	3.5890	60	0.000	55.855100	37.516100	0.00	55.857857	37.976021	160.3	11011
41	2022-04-13	10:37:52	5627.2231	134	0.0258	0.0033	5623.6963	4.8	4.9	-0.1175	-0.0483	0.0007	-0.0147	3.5890	60	0.000	55.855100	37.516100	0.00	55.857857	37.976028	160.3	11011
41	2022-04-13	10:38:52	5627.2240	134	0.0182	0.0023	5623.6975	4.9	4.2	-0.1097	-0.0485	0.0005	-0.0146	3.5890	60	0.000	55.855100	37.516100	0.00	55.857822	37.976009	160.6	11011
41	2022-04-13	10:39:52	5627.2233	134	0.0172	0.0022	5623.6972	4.6	3.6	-0.1182	-0.0487	0.0004	-0.0146	3.5890	60	0.000	55.855100	37.516100	0.00	55.857830	37.975990	159.9	11011
41	2022-04-13	10:40:52	5627.2237	134	0.0210	0.0027	5623.6977	5.5	3.7	-0.1245	-0.0488	0.0006	-0.0148	3.5890	60	0.000	55.855100	37.516100	0.00	55.857830	37.976002	160.0	11011
41	2022-04-13	10:41:52	5627.2231	134	0.0131	0.0017	5623.6977	4.8	4.0	-0.1229	-0.0490	0.0005	-0.0150	3.5890	60	0.000	55.855100	37.516100	0.00	55.857841	37.975998	159.8	11011
41	2022-04-13	10:42:52	5627.2241	134	0.0176	0.0023	5623.6985	6.0	5.0	-0.1185	-0.0492	0.0007	-0.0149	3.5890	60	0.000	55.855100	37.516100	0.00	55.857838	37.976009	159.9	11011
41	2022-04-13	10:43:52	5627.2238	134	0.0215	0.0028	5623.6986	5.6	3.9	-0.1187	-0.0494	0.0005	-0.0149	3.5890	60	0.000	55.855100	37.516100	0.00	55.857841	37.975983	160.2	11011
41	2022-04-13	10:44:52	5627.2226	134	0.0180	0.0023	5623.6977	5.3	3.6	-0.1233	-0.0496	0.0005	-0.0149	3.5891	60	0.000	55.855100	37.516100	0.00	55.857857	37.976021	159.3	11011
41	2022-04-13	10:45:52	5627.2230	134	0.0179	0.0023	5623.6982	5.4	4.0	-0.1167	-0.0498	0.0006	-0.0151	3.5891	60	0.000	55.855100	37.516100	0.00	55.857861	37.976048	159.4	11011
41	2022-04-13	10:46:52	5627.2221	134	0.0194	0.0025	5623.6980	3.8	3.1	-0.1214	-0.0500	0.0003	-0.0152	3.5891	60	0.000	55.855100	37.516100	0.00	55.857895	37.976017	159.2	11011
41	2022-04-13	10:47:52	5627.2232	134	0.0199	0.0026	5623.6991	5.8	2.6	-0.1197	-0.0502	0.0006	-0.0153	3.5891	60	0.000	55.855100	37.516100	0.00	55.857925	37.975903	157.4	11011
41	2022-04-13	10:48:52	5627.2234	134	0.0194	0.0025	5623.6994	5.5	3.6	-0.1241	-0.0504	0.0006	-0.0153	3.5891	60	0.000	55.855100	37.516100	0.00	55.857914	37.975941	157.4	11011
41	2022-04-13	10:49:52	5627.2235	134	0.0222	0.0029	5623.6998	7.1	3.0	-0.1278	-0.0506	0.0008	-0.0155	3.5891	60	0.000	55.855100	37.516100	0.00	55.857887	37.975971	154.9	11011
41	2022-04-13	10:50:52	5627.2235	134	0.0165	0.0021	5623.7002	5.4	3.2	-0.1296	-0.0508	0.0005	-0.0155	3.5891	60	0.000	55.855100	37.516100	0.00	55.857800	37.975876	153.2	11011
41	2022-04-13	10:51:52	5627.2227	134	0.0201	0.0026	5623.6995	3.8	4.4	-0.1267	-0.0510	0.0005	-0.0155	3.5891	60	0.000	55.855100	37.516100	0.00	55.857773	37.975903	151.8	11011
41	2022-04-13	10:52:52	5627.2233	134	0.0199	0.0026	5623.7006	3.7	3.9	-0.1228	-0.0512	0.0004	-0.0156	3.5891	60	0.000	55.855100	37.516100	0.00	55.857830	37.975925	151.9	11011
41	2022-04-13	10:53:52	5627.2233	134	0.0218	0.0028	5623.7006	3.7	4.1	-0.1282	-0.0514	0.0004	-0.0155	3.5892	60	0.000	55.855100	37.516100	0.00	55.857861	37.975914	151.9	11011
41	2022-04-13	10:54:52	5627.2228	134	0.0195	0.0025	5623.7005	3.1	3.2	-0.1250	-0.0516	0.0003	-0.0156	3.5892	60	0.000	55.855100	37.516100	0.00	55.857876	37.975906	151.8	11011
41	2022-04-13	10:55:52	5627.2226	134	0.0202	0.0026	5623.7005	4.3	3.9	-0.1270	-0.0518	0.0004	-0.0157	3.5892	60	0.000	55.855100	37.516100	0.00	55.857876	37.975914	151.6	11011
41	2022-04-13	10:56:52	5627.2242	134	0.0196	0.0025	5623.7023	4.1	3.0	-0.1258	-0.0520	0.0004	-0.0157	3.5892	60	0.000	55.855100	37.516100	0.00	55.857876	37.975895	151.5	11011
41	2022-04-13	10:57:52	5627.2232	134	0.0206	0.0027	5623.7013	4.3	4.5	-0.1226	-0.0522	0.0005	-0.0157	3.5892	60	0.000	55.855100	37.516100	0.00	55.857868	37.975906	151.8	11011
41	2022-04-13	10:58:52	5627.2238	134	0.0220	0.0028	5623.7024	4.5	4.1	-0.1313	-0.0523	0.0005	-0.0160	3.5892	60	0.000	55.855100	37.516100	0.00	55.857914	37.975983	151.7	11011
41	2022-04-13	10:59:52	5627.2236	134	0.0145	0.0019	5623.7022	6.0	4.6	-0.1247	-0.0525	0.0007	-0.0160	3.5892	60	0.000	55.855100	37.516100	0.00	55.857899	37.976017	152.0	11011
41	2022-04-13	11:00:52	5627.2217	134	0.0210	0.0027	5623.7006	6.4	4.0	-0.1277	-0.0527	0.0007	-0.0160	3.5892	60	0.000	55.855100	37.516100	0.00	55.857876	37.976002	152.2	11011
41	2022-04-13	11:01:52	5627.2226	134	0.0266	0.0034	5623.7016	5.1	3.7	-0.1300	-0.0529	0.0006	-0.0159	3.5892	60	0.000	55.855100	37.516100	0.00	55.857861	37.975998	152.2	11011
41	2022-04-13	11:02:52	5627.2227	134	0.0187	0.0024	5623.7021	5.8	3.5	-0.1334	-0.0531	0.0005	-0.0160	3.5893	60	0.000	55.855100	37.516100	0.00	55.857887	37.975933	152.1	11011
41	2022-04-13	11:03:52	5627.2236	134	0.0182	0.0023	5623.7029	5.9	5.1	-0.1334	-0.0533	0.0008	-0.0160	3.5893	60	0.000	55.855100	37.516100	0.00	55.857861	37.975830	152.2	11011
41	2022-04-13	11:04:52	5627.2248	134	0.0235	0.0030	5623.7045	3.6	6.4	-0.1293	-0.0535	0.0007	-0.0161	3.5893	60	0.000	55.855100	37.516100	0.00	55.857841	37.975792	151.5	11011
41	2022-04-13	11:05:52	5627.2234	134	0.0229	0.0030	5623.7037	4.4	4.6	-0.1350	-0.0537	0.0005	-0.0165	3.5893	60	0.000	55.855100	37.516100	0.00	55.857723	37.975933	154.5	11011
41	2022-04-13	11:06:52	5627.2243	134	0.0228	0.0029	5623.7048	2.7	5.5	-0.1248	-0.0539	0.0005	-0.0163	3.5893	60	0.000	55.855100	37.516100	0.00	55.857822	37.975876	153.2	11011
41	2022-04-13	11:07:52	5627.2246	134	0.0209	0.0027	5623.7053	3.3	5.1	-0.1289	-0.0541	0.0005	-0.0163	3.5893	60	0.000	55.855100	37.516100	0.00	55.857933	37.975876	152.4	11011
41	2022-04-13	11:08:52	5627.2249	134	0.0188	0.0024	5623.7058	3.5	4.3	-0.1199	-0.0543	0.0004	-0.0164	3.5893	60	0.000	55.855100	37.516100	0.00	55.857868	37.975876	152.2	11011
31	2022-04-13	12:46:10	5620.3354	134	0.0162	0.0021	5616.8215	-2.0	0.8	-0.0705	-0.0683	0.0001	-0.0082	3.5904	60	0.000	55.855100	37.516100	0.00	55.758163	37.568287	128.7	11011
31	2022-04-13	12:47:10	5620.3353	134	0.0172	0.0022	5616.8216	-1.5	0.7	-0.0703	-0.0683	0.0001	-0.0084	3.5904	60	0.000	55.855100	37.516100	0.00	55.758221	37.568188	128.9	11011
31	2022-04-13	12:48:10	5620.3367	134	0.0153	0.0020	5616.8237	-0.6	1.5	-0.0720	-0.0684	0.0000	-0.0090	3.5904	60	0.000	55.855100	37.516100	0.00	55.757530	37.569096	129.7	11011
31	2022-04-13	12:49:10	5620.3360	134	0.0147	0.0019	5616.8235	0.8	2.1	-0.0718	-0.0685	0.0001	-0.0094	3.5904	60	0.000	55.855100	37.516100	0.00	--	--	--	11011
31	2022-04-13	12:50:10	5620.3362	134	0.0147	0.0019	5616.8238	0.9	3.5	-0.0851	-0.0685	0.0002	-0.0096	3.5904	60	0.000	55.855100	37.516100	0.00	--	--	--	11011
31	2022-04-13	12:51:10	5620.3350	134	0.0214	0.0028	5616.8232	0.2	2.7	-0.0761	-0.0686	0.0001	-0.0101	3.5904	60	0.000	55.855100	37.516100	0.00	55.758064	37.568302	133.1	11011
31	2022-04-13	12:52:10	5620.3340	134	0.0192	0.0025	5616.8223	1.0	4.0	-0.0874	-0.0687	0.0003	-0.0103	3.5904	60	0.000	55.855100	37.516100	0.00	55.758236	37.568245	135.0	11011
31	2022-04-13	12:53:10	5620.3372	134	0.0159	0.0021	5616.8260	0.2	4.2	-0.0893	-0.0687	0.0002	-0.0107	3.5904	60	0.000	55.855100	37.516100	0.00	55.758316	37.568161	135.6	11011
31	2022-04-13	12:54:10	5620.3347	134	0.0212	0.0027	5616.8238	-0.0	3.3	-0.0902	-0.0688	0.0002	-0.0109	3.5905	60	0.000	55.855100	37.516100	0.00	--	--	--	11011
31	2022-04-13	12:55:10	5620.3370	134	0.0195	0.0025	5616.8263	0.8	4.0	-0.0973	-0.0688	0.0003	-0.0113	3.5905	60	0.000	55.855100	37.516100	0.00	--	--	--	11011
31	2022-04-13	12:56:10	5620.3355	134	0.0206	0.0027	5616.8250	1.5	4.8	-0.0972	-0.0689	0.0004	-0.0115	3.5905	60	0.000	55.855100	37.516100	0.00	--	--	--	11011
31	2022-04-13	12:57:10	5620.3361	134	0.0148	0.0019	5616.8259	1.5	4.5	-0.0968	-0.0689	0.0003	-0.0116	3.5905	60	0.000	55.855100	37.516100	0.00	55.758121	37.568256	136.5	11011
31	2022-04-13	12:58:10	5620.3357	134	0.0156	0.0020	5616.8258	1.3	4.1	-0.0953	-0.0690	0.0002	-0.0119	3.5905	60	0.000	55.855100	37.516100	0.00	55.758446	37.568092	137.3	11011
31	2022-04-13	12:59:10	5620.3358	134	0.0208	0.0027	5616.8259	1.9	4.9	-0.1026	-0.0690	0.0004	-0.0120	3.5905	60	0.000	55.855100	37.516100	0.00	55.757935	37.568516	137.9	11011
31	2022-04-13	13:00:10	5620.3360	134	0.0152	0.0020	5616.8263	1.4	6.7	-0.1021	-0.0691	0.0006	-0.0124	3.5905	60	0.000	55.855100	37.516100	0.00	55.758202	37.568321	138.2	11011
31	2022-04-13	13:01:10	5620.3351	134	0.0162	0.0021	5616.8257	2.1	5.7	-0.0986	-0.0691	0.0005	-0.0125	3.5905	60	0.000	55.855100	37.516100	0.00	55.758354	37.568058	138.2	11011
31	2022-04-13	13:02:10	5620.3354	134	0.0179	0.0023	5616.8265	1.6	4.6	-0.1008	-0.0691	0.0002	-0.0127	3.5905	60	0.000	55.855100	37.516100	0.00	55.757847	37.568619	137.9	11011
31	2022-04-13	13:03:10	5620.3355	134	0.0184	0.0024	5616.8267	1.1	5.2	-0.1101	-0.0692	0.0003	-0.0129	3.5905	60	0.000	55.855100	37.516100	0.00	55.758877	37.568115	136.0	11011
31	2022-04-13	13:04:10	5620.3356	134	0.0155	0.0020	5616.8268	2.0	6.3	-0.1027	-0.0692	0.0006	-0.0132	3.5906	60	0.000	55.855100	37.516100	0.00	55.758369	37.567848	134.1	11011
31	2022-04-13	13:05:10	5620.3350	134	0.0165	0.0021	5616.8263	1.6	6.2	-0.1062	-0.0692	0.0006	-0.0132	3.5906	60	0.000	55.855100	37.516100	0.00	55.757999	37.568123	136.1	11011
31	2022-04-13	13:06:10	5620.3348	134	0.0182	0.0023	5616.8263	2.1	6.7	-0.1048	-0.0693	0.0006	-0.0135	3.5906	60	0.000	55.855100	37.516100	0.00	55.758266	37.568104	135.0	11011
31	2022-04-13	13:07:10	5620.3354	134	0.0178	0.0023	5616.8271	2.5	7.1	-0.1121	-0.0693	0.0007	-0.0136	3.5906	60	0.000	55.855100	37.516100	0.00	55.758240	37.568153	138.6	11011
31	2022-04-13	13:08:10	5620.3347	134	0.0154	0.0020	5616.8265	3.1	7.4	-0.1024	-0.0693	0.0007	-0.0138	3.5906	60	0.000	55.855100	37.516100	0.00	55.758083	37.568333	139.3	11011
31	2022-04-13	13:09:10	5620.3362	134	0.0163	0.0021	5616.8280	3.3	6.8	-0.1109	-0.0693	0.0007	-0.0138	3.5906	60	0.000	55.855100	37.516100	0.00	55.757858	37.568474	139.2	11011
31	2022-04-13	13:10:10	5620.3359	134	0.0161	0.0021	5616.8278	3.8	6.7	-0.1138	-0.0694	0.0007	-0.0139	3.5906	60	0.000	55.855100	37.516100	0.00	55.758343	37.568466	138.7	11011
31	2022-04-13	13:11:10	5620.3360	134	0.0186	0.0024	5616.8280	4.6	6.4	-0.1065	-0.0694	0.0008	-0.0140	3.5906	60	0.000	55.855100	37.516100	0.00	55.758240	37.568436	138.2	11011
31	2022-04-13	13:12:10	5620.3351	134	0.0194	0.0025	5616.8274	4.1	6.4	-0.1228	-0.0694	0.0006	-0.0141	3.5906	60	0.000	55.855100	37.516100	0.00	55.758312	37.568230	138.9	11011
31	2022-04-13	13:13:10	5620.3363	134	0.0208	0.0027	5616.8287	4.7	7.1	-0.1220	-0.0694	0.0009	-0.0145	3.5907	60	0.000	55.855100	37.516100	0.00	55.758064	37.568588	138.7	11011
31	2022-04-13	13:14:10	5620.3345	134	0.0151	0.0020	5616.8272	2.7	7.0	-0.1130	-0.0694	0.0006	-0.0145	3.5907	60	0.000	55.855100	37.516100	0.00	55.758095	37.568573	138.5	11011
31	2022-04-13	13:15:10	5620.3357	134	0.0128	0.0017	5616.8283	2.7	7.8	-0.1096	-0.0694	0.0007	-0.0145	3.5907	60	0.000	55.855100	37.516100	0.00	55.758228	37.568085	138.7	11011
31	2022-04-13	13:16:10	5620.3342	134	0.0158	0.0020	5616.8265	4.4	8.4	-0.1158	-0.0694	0.0011	-0.0147	3.5907	60	0.000	55.855100	37.516100	0.00	55.757763	37.568245	139.1	11011
31	2022-04-13	13:17:10	5620.3357	134	0.0192	0.0025	5616.8279	3.7	8.0	-0.1148	-0.0694	0.0009	-0.0144	3.5907	60	0.000	55.855100	37.516100	0.00	55.758114	37.568401	139.2	11011
31	2022-04-13	13:18:10	5620.3368	134	0.0196	0.0025	5616.8296	2.7	7.7	-0.1195	-0.0695	0.0008	-0.0149	3.5907	60	0.000	55.855100	37.516100	0.00	55.758228	37.568321	139.9	11011
31	2022-04-13	13:19:10	5620.3358	134	0.0137	0.0018	5616.8286	1.7	8.5	-0.1211	-0.0695	0.0009	-0.0150	3.5907	60	0.000	55.855100	37.516100	0.00	55.758286	37.568390	145.2	11011
31	2022-04-13	13:20:10	5620.3355	134	0.0190	0.0024	5616.8287	2.3	8.0	-0.1188	-0.0695	0.0007	-0.0152	3.5907	60	0.000	55.855100	37.516100	0.00	55.758278	37.568409	148.6	11011
31	2022-04-13	13:21:10	5620.3364	134	0.0162	0.0021	5616.8294	2.9	7.9	-0.1224	-0.0695	0.0008	-0.0150	3.5907	60	0.000	55.855100	37.516100	0.00	55.758465	37.567646	151.3	11011
31	2022-04-13	13:22:10	5620.3349	134	0.0151	0.0019	5616.8276	2.1	9.0	-0.1219	-0.0694	0.0010	-0.0151	3.5908	60	0.000	55.855100	37.516100	0.00	55.757801	37.568954	150.8	11011
31	2022-04-13	13:23:10	5620.3374	134	0.0147	0.0019	5616.8304	2.0	7.5	-0.1253	-0.0694	0.0008	-0.0151	3.5908	60	0.000	55.855100	37.516100	0.00	55.758259	37.568230	150.7	11011
31	2022-04-13	13:24:10	5620.3370	134	0.0150	0.0019	5616.8302	1.2	7.8	-0.1200	-0.0694	0.0008	-0.0154	3.5908	60	0.000	55.855100	37.516100	0.00	55.758297	37.568321	150.3	11011
31	2022-04-13	13:25:10	5620.3350	134	0.0176	0.0023	5616.8283	1.9	8.4	-0.1220	-0.0694	0.0008	-0.0155	3.5908	60	0.000	55.855100	37.516100	0.00	55.758389	37.568245	150.1	11011
31	2022-04-13	13:26:10	5620.3362	134	0.0189	0.0024	5616.8292	3.2	9.5	-0.1274	-0.0694	0.0013	-0.0157	3.5908	60	0.000	55.855100	37.516100	0.00	55.758057	37.568352	150.3	11011
31	2022-04-13	13:27:10	5620.3355	134	0.0148	0.0019	5616.8285	3.9	9.2	-0.1210	-0.0694	0.0012	-0.0156	3.5908	60	0.000	55.855100	37.516100	0.00	55.758469	37.567844	150.8	11011
31	2022-04-13	13:28:10	5620.3389	134	0.0160	0.0021	5616.8319	3.9	9.6	-0.1206	-0.0694	0.0012	-0.0156	3.5908	60	0.000	55.855100	37.516100	0.00	55.758030	37.568516	150.9	11011
31	2022-04-13	13:29:10	5620.3367	134	0.0165	0.0021	5616.8295	3.8	10.9	-0.1274	-0.0693	0.0014	-0.0157	3.5908	60	0.000	55.855100	37.516100	0.00	55.758144	37.568439	151.1	11011
31	2022-04-13	13:30:10	5620.3363	134	0.0230	0.0030	5616.8295	1.6	9.4	-0.1234	-0.0693	0.0011	-0.0158	3.5908	60	0.000	55.855100	37.516100	0.00	55.758064	37.568268	151.2	11011
31	2022-04-13	13:31:10	5620.3347	134	0.0172	0.0022	5616.8280	2.2	9.0	-0.1242	-0.0693	0.0010	-0.0159	3.5909	60	0.000	55.855100	37.516100	0.00	55.758846	37.568321	150.5	11011
31	2022-04-13	13:32:10	5620.3354	134	0.0184	0.0024	5616.8284	2.3	9.6	-0.1330	-0.0693	0.0011	-0.0157	3.5909	60	0.000	55.855100	37.516100	0.00	55.757931	37.568085	150.1	11011
31	2022-04-13	13:33:10	5620.3352	134	0.0168	0.0022	5616.8281	3.1	10.6	-0.1218	-0.0692	0.0014	-0.0159	3.5909	60	0.000	55.855100	37.516100	0.00	55.757759	37.568245	150.6	11011
31	2022-04-13	13:34:10	5620.3355	134	0.0190	0.0025	5616.8287	2.5	10.0	-0.1334	-0.0692	0.0012	-0.0161	3.5909	60	0.000	55.855100	37.516100	0.00	55.758495	37.567982	149.9	11011
31	2022-04-13	13:35:10	5620.3374	134	0.0153	0.0020	5616.8307	3.9	9.0	-0.1261	-0.0692	0.0011	-0.0161	3.5909	60	0.000	55.855100	37.516100	0.00	55.758255	37.568172	149.3	11011
31	2022-04-13	13:36:10	5620.3358	134	0.0198	0.0026	5616.8289	4.7	8.9	-0.1286	-0.0691	0.0013	-0.0161	3.5909	60	0.000	55.855100	37.516100	0.00	55.758152	37.568153	149.9	11011
31	2022-04-13	13:37:10	5620.3362	134	0.0208	0.0027	5616.8294	4.6	9.0	-0.1310	-0.0691	0.0011	-0.0162	3.5909	60	0.000	55.855100	37.516100	0.00	55.758286	37.568123	150.0	11011
31	2022-04-13	13:38:10	5620.3373	134	0.0174	0.0022	5616.8300	5.1	11.0	-0.1306	-0.0690	0.0018	-0.0164	3.5909	60	0.000	55.855100	37.516100	0.00	55.758236	37.568073	150.3	11011
31	2022-04-13	13:39:10	5620.3371	134	0.0203	0.0026	5616.8302	3.8	10.7	-0.1292	-0.0690	0.0014	-0.0163	3.5909	60	0.000	55.855100	37.516100	0.00	55.758141	37.568340	150.7	11011
31	2022-04-13	13:40:10	5620.3358	134	0.0155	0.0020	5616.8288	3.0	10.0	-0.1319	-0.0690	0.0012	-0.0162	3.5909	60	0.000	55.855100	37.516100	0.00	55.758293	37.568302	151.6	11011
31	2022-04-13	13:41:10	5620.3353	134	0.0122	0.0016	5616.8283	3.3	9.7	-0.1372	-0.0689	0.0013	-0.0163	3.5910	60	0.000	55.855100	37.516100	0.00	55.758484	37.568153	151.7	11011
31	2022-04-13	13:42:10	5620.3360	134	0.0170	0.0022	5616.8288	3.5	10.0	-0.1296	-0.0689	0.0014	-0.0162	3.5910	60	0.000	55.855100	37.516100	0.00	55.758354	37.567806	152.2	11011
31	2022-04-13	13:43:10	5620.3364	134	0.0173	0.0022	5616.8293	2.3	10.8	-0.1263	-0.0688	0.0014	-0.0165	3.5910	60	0.000	55.855100	37.516100	0.00	55.757854	37.568504	152.8	11011
31	2022-04-13	13:44:10	5620.3369	134	0.0160	0.0021	5616.8298	0.7	10.1	-0.1344	-0.0687	0.0012	-0.0164	3.5910	60	0.000	55.855100	37.516100	0.00	55.757961	37.567959	153.3	11011
31	2022-04-13	13:45:10	5620.3366	134	0.0164	0.0021	5616.8295	0.9	10.1	-0.1314	-0.0687	0.0013	-0.0165	3.5910	60	0.000	55.855100	37.516100	0.00	55.758484	37.568466	153.1	11011
11	2022-04-13	14:36:33	5646.8322	134	0.0245	0.0032	5643.3148	0.0	2.4	-0.0878	-0.0626	0.0001	-0.0117	3.5916	60	0.000	55.855100	37.516100	0.00	55.855152	37.516193	145.0	11011
11	2022-04-13	14:37:33	5646.8311	134	0.0142	0.0018	5643.3134	-1.0	4.2	-0.0966	-0.0624	0.0002	-0.0117	3.5916	60	0.000	55.855100	37.516100	0.00	55.855110	37.516216	142.9	11011
11	2022-04-13	14:38:33	5646.8316	134	0.0178	0.0023	5643.3140	-1.1	3.9	-0.0945	-0.0622	0.0002	-0.0120	3.5916	60	0.000	55.855100	37.516100	0.00	55.855026	37.516197	140.0	11011
11	2022-04-13	14:39:33	5646.8319	134	0.0167	0.0022	5643.3141	-0.6	4.1	-0.1008	-0.0620	0.0003	-0.0121	3.5916	60	0.000	55.855100	37.516100	0.00	55.855095	37.516254	143.8	11011
11	2022-04-13	14:40:33	5646.8305	134	0.0164	0.0021	5643.3129	-0.0	4.0	-0.0982	-0.0618	0.0002	-0.0125	3.5916	60	0.000	55.855100	37.516100	0.00	55.855076	37.516174	143.8	11011
11	2022-04-13	14:41:33	5646.8301	134	0.0168	0.0022	5643.3120	-0.6	6.2	-0.1007	-0.0617	0.0005	-0.0123	3.5916	60	0.000	55.855100	37.516100	0.00	55.855045	37.516121	142.4	11011
11	2022-04-13	14:42:33	5646.8317	134	0.0152	0.0020	5643.3137	-0.3	5.7	-0.0966	-0.0615	0.0005	-0.0127	3.5916	60	0.000	55.855100	37.516100	0.00	55.855076	37.516109	144.2	11011
11	2022-04-13	14:43:33	5646.8309	134	0.0171	0.0022	5643.3127	-0.6	5.7	-0.1060	-0.0613	0.0005	-0.0126	3.5916	60	0.000	55.855100	37.516100	0.00	55.855015	37.516300	144.3	11011
11	2022-04-13	14:44:33	5646.8306	134	0.0134	0.0017	5643.3128	-0.6	4.8	-0.1047	-0.0611	0.0003	-0.0131	3.5916	60	0.000	55.855100	37.516100	0.00	55.854988	37.516483	144.7	11011
11	2022-04-13	14:45:33	5646.8294	134	0.0141	0.0018	5643.3115	-0.4	5.2	-0.1097	-0.0609	0.0004	-0.0132	3.5917	60	0.000	55.855100	37.516100	0.00	55.855064	37.516159	142.9	11011
11	2022-04-13	14:46:33	5646.8304	134	0.0142	0.0018	5643.3121	-0.4	6.5	-0.1037	-0.0607	0.0005	-0.0132	3.5917	60	0.000	55.855100	37.516100	0.00	55.855198	37.516026	143.1	11011
11	2022-04-13	14:47:33	5646.8290	134	0.0152	0.0020	5643.3108	0.3	5.6	-0.1119	-0.0605	0.0004	-0.0134	3.5917	60	0.000	55.855100	37.516100	0.00	55.855083	37.516155	142.0	11011
11	2022-04-13	14:48:33	5646.8298	134	0.0193	0.0025	5643.3115	0.4	6.1	-0.1066	-0.0603	0.0004	-0.0135	3.5917	60	0.000	55.855100	37.516100	0.00	55.855053	37.516331	141.4	11011
11	2022-04-13	14:49:33	5646.8308	134	0.0149	0.0019	5643.3121	0.8	7.7	-0.1135	-0.0601	0.0007	-0.0136	3.5917	60	0.000	55.855100	37.516100	0.00	55.855064	37.516293	141.5	11011
11	2022-04-13	14:50:33	5646.8298	134	0.0191	0.0025	5643.3109	0.8	7.9	-0.1137	-0.0599	0.0008	-0.0138	3.5917	60	0.000	55.855100	37.516100	0.00	55.855141	37.516006	141.9	11011
11	2022-04-13	14:51:33	5646.8299	134	0.0140	0.0018	5643.3110	1.4	7.7	-0.1139	-0.0597	0.0008	-0.0139	3.5917	60	0.000	55.855100	37.516100	0.00	55.855095	37.516064	142.1	11011
11	2022-04-13	14:52:33	5646.8299	134	0.0112	0.0014	5643.3107	0.8	7.6	-0.1125	-0.0595	0.0007	-0.0138	3.5917	60	0.000	55.855100	37.516100	0.00	55.854958	37.516289	143.1	11011
11	2022-04-13	14:53:33	5646.8301	134	0.0183	0.0024	5643.3107	1.3	8.8	-0.1131	-0.0593	0.0010	-0.0140	3.5917	60	0.000	55.855100	37.516100	0.00	55.855064	37.516281	142.8	11011
11	2022-04-13	14:54:33	5646.8306	134	0.0188	0.0024	5643.3110	1.2	9.5	-0.1132	-0.0590	0.0010	-0.0140	3.5918	60	0.000	55.855100	37.516100	0.00	55.855095	37.516235	142.5	11011
11	2022-04-13	14:55:33	5646.8295	134	0.0150	0.0019	5643.3097	1.2	9.1	-0.1151	-0.0588	0.0010	-0.0142	3.5918	60	0.000	55.855100	37.516100	0.00	55.855076	37.516174	142.5	11011
11	2022-04-13	14:56:33	5646.8304	134	0.0153	0.0020	5643.3106	0.4	8.8	-0.1144	-0.0586	0.0008	-0.0142	3.5918	60	0.000	55.855100	37.516100	0.00	55.855083	37.516090	143.9	11011
11	2022-04-13	14:57:33	5646.8292	134	0.0145	0.0019	5643.3093	1.2	9.1	-0.1109	-0.0584	0.0010	-0.0145	3.5918	60	0.000	55.855100	37.516100	0.00	55.855038	37.516148	146.0	11011
11	2022-04-13	14:58:33	5646.8311	134	0.0133	0.0017	5643.3106	1.6	9.0	-0.1160	-0.0582	0.0010	-0.0142	3.5918	60	0.000	55.855100	37.516100	0.00	55.855045	37.516205	146.0	11011
11	2022-04-13	14:59:33	5646.8307	134	0.0140	0.0018	5643.3102	2.2	9.8	-0.1106	-0.0579	0.0012	-0.0145	3.5918	60	0.000	55.855100	37.516100	0.00	55.855026	37.516273	146.2	11011
11	2022-04-13	15:00:33	5646.8314	134	0.0142	0.0018	5643.3104	1.3	10.2	-0.1135	-0.0577	0.0013	-0.0145	3.5918	60	0.000	55.855100	37.516100	0.00	55.854996	37.516243	146.8	11011
11	2022-04-13	15:01:33	5646.8292	134	0.0182	0.0024	5643.3084	1.3	9.1	-0.1171	-0.0575	0.0010	-0.0146	3.5918	60	0.000	55.855100	37.516100	0.00	55.854980	37.516289	147.2	11011
11	2022-04-13	15:02:33	5646.8305	134	0.0178	0.0023	5643.3092	1.6	9.7	-0.1202	-0.0573	0.0012	-0.0145	3.5918	60	0.000	55.855100	37.516100	0.00	55.854977	37.516388	147.5	11011
11	2022-04-13	15:03:33	5646.8286	134	0.0136	0.0018	5643.3074	2.3	9.7	-0.1165	-0.0570	0.0011	-0.0147	3.5918	60	0.000	55.855100	37.516100	0.00	55.855038	37.516273	148.0	11011
11	2022-04-13	15:04:33	5646.8303	134	0.0152	0.0020	5643.3087	2.6	10.2	-0.1137	-0.0568	0.0012	-0.0147	3.5919	60	0.000	55.855100	37.516100	0.00	55.855026	37.516350	149.0	11011
11	2022-04-13	15:05:33	5646.8309	134	0.0135	0.0017	5643.3089	1.9	11.3	-0.1134	-0.0566	0.0016	-0.0148	3.5919	60	0.000	55.855100	37.516100	0.00	55.854958	37.516453	149.3	11011
11	2022-04-13	15:06:33	5646.8287	134	0.0148	0.0019	5643.3067	1.3	10.2	-0.1088	-0.0563	0.0012	-0.0148	3.5919	60	0.000	55.855100	37.516100	0.00	55.855015	37.516224	149.8	11011
11	2022-04-13	15:07:33	5646.8295	134	0.0149	0.0019	5643.3074	1.6	10.1	-0.1223	-0.0561	0.0012	-0.0149	3.5919	60	0.000	55.855100	37.516100	0.00	55.854958	37.516327	150.4	11011
11	2022-04-13	15:08:33	5646.8300	134	0.0193	0.0025	5643.3076	2.5	9.8	-0.1148	-0.0559	0.0012	-0.0149	3.5919	60	0.000	55.855100	37.516100	0.00	55.854980	37.516235	150.2	11011
11	2022-04-13	15:09:33	5646.8293	134	0.0156	0.0020	5643.3068	2.6	9.0	-0.1212	-0.0556	0.0010	-0.0149	3.5919	60	0.000	55.855100	37.516100	0.00	55.854961	37.516232	150.2	11011
11	2022-04-13	15:10:33	5646.8301	134	0.0147	0.0019	5643.3073	1.7	9.8	-0.1168	-0.0554	0.0011	-0.0149	3.5919	60	0.000	55.855100	37.516100	0.00	55.854958	37.516289	150.0	11011
11	2022-04-13	15:11:33	5646.8287	134	0.0169	0.0022	5643.3060	0.2	9.6	-0.1271	-0.0551	0.0011	-0.0152	3.5919	60	0.000	55.855100	37.516100	0.00	55.854988	37.516407	150.5	11011
11	2022-04-13	15:12:33	5646.8317	134	0.0133	0.0017	5643.3084	0.0	10.6	-0.1198	-0.0549	0.0015	-0.0151	3.5919	60	0.000	55.855100	37.516100	0.00	55.855026	37.516235	151.1	11011
11	2022-04-13	15:13:33	5646.8292	134	0.0154	0.0020	5643.3058	0.7	10.3	-0.1172	-0.0546	0.0012	-0.0151	3.5920	60	0.000	55.855100	37.516100	0.00	55.855045	37.516140	150.6	11011
11	2022-04-13	15:14:33	5646.8312	134	0.0138	0.0018	5643.3076	1.0	10.3	-0.1192	-0.0544	0.0012	-0.0152	3.5920	60	0.000	55.855100	37.516100	0.00	55.854950	37.516384	151.1	11011
11	2022-04-13	15:15:33	5646.8299	134	0.0136	0.0018	5643.3056	0.4	11.4	-0.1161	-0.0541	0.0016	-0.0151	3.5920	60	0.000	55.855100	37.516100	0.00	55.854980	37.516499	152.8	11011
11	2022-04-13	15:16:33	5646.8310	134	0.0203	0.0026	5643.3070	0.4	9.9	-0.1186	-0.0539	0.0011	-0.0153	3.5920	60	0.000	55.855100	37.516100	0.00	55.854958	37.516178	151.7	11011
11	2022-04-13	15:17:33	5646.8294	134	0.0123	0.0016	5643.3052	1.5	9.5	-0.1196	-0.0536	0.0011	-0.0153	3.5920	60	0.000	55.855100	37.516100	0.00	55.855015	37.516216	152.8	11011
11	2022-04-13	15:18:33	5646.8297	134	0.0148	0.0019	5643.3051	2.8	9.4	-0.1216	-0.0534	0.0011	-0.0152	3.5920	60	0.000	55.855100	37.516100	0.00	55.854980	37.516376	153.4	11011
11	2022-04-13	15:19:33	5646.8316	134	0.0142	0.0018	5643.3069	2.7	9.7	-0.1175	-0.0531	0.0010	-0.0152	3.5920	60	0.000	55.855100	37.516100	0.00	55.855026	37.516167	153.2	11011
11	2022-04-13	15:20:33	5646.8304	134	0.0166	0.0021	5643.3048	2.3	11.7	-0.1202	-0.0529	0.0017	-0.0153	3.5920	60	0.000	55.855100	37.516100	0.00	55.855015	37.516148	151.3	11011
11	2022-04-13	15:21:33	5646.8296	134	0.0128	0.0016	5643.3042	2.8	10.7	-0.1192	-0.0526	0.0013	-0.0153	3.5920	60	0.000	55.855100	37.516100	0.00	55.854919	37.516491	151.3	11011
11	2022-04-13	15:22:33	5646.8297	134	0.0118	0.0015	5643.3040	3.7	11.0	-0.1230	-0.0523	0.0015	-0.0154	3.5921	60	0.000	55.855100	37.516100	0.00	55.855038	37.516319	151.1	11011
11	2022-04-13	15:23:33	5646.8312	134	0.0172	0.0022	5643.3047	3.5	12.1	-0.1245	-0.0521	0.0019	-0.0154	3.5921	60	0.000	55.855100	37.516100	0.00	55.855026	37.516243	152.6	11011
11	2022-04-13	15:24:33	5646.8299	134	0.0136	0.0018	5643.3033	3.1	12.2	-0.1151	-0.0518	0.0018	-0.0155	3.5921	60	0.000	55.855100	37.516100	0.00	55.855095	37.516193	151.5	11011
11	2022-04-13	15:25:33	5646.8313	134	0.0138	0.0018	5643.3042	3.5	12.2	-0.1175	-0.0515	0.0021	-0.0155	3.5921	60	0.000	55.855100	37.516100	0.00	55.854950	37.516308	151.6	11011
11	2022-04-13	15:26:33	5646.8308	134	0.0139	0.0018	5643.3037	2.8	11.7	-0.1172	-0.0513	0.0016	-0.0153	3.5921	60	0.000	55.855100	37.516100	0.00	55.855026	37.516327	151.5	11011
11	2022-04-13	15:27:33	5646.8307	134	0.0164	0.0021	5643.3030	2.7	12.6	-0.1253	-0.0510	0.0020	-0.0154	3.5921	60	0.000	55.855100	37.516100	0.00	55.854950	37.516350	152.5	11011
11	2022-04-13	15:28:33	5646.8300	134	0.0163	0.0021	5643.3027	2.4	11.3	-0.1295	-0.0507	0.0016	-0.0157	3.5921	60	0.000	55.855100	37.516100	0.00	55.855038	37.516216	152.2	11011
11	2022-04-13	15:29:33	5646.8293	134	0.0165	0.0021	5643.3013	2.2	12.0	-0.1260	-0.0505	0.0017	-0.0154	3.5921	60	0.000	55.855100	37.516100	0.00	55.855083	37.516129	152.3	11011
11	2022-04-13	15:30:33	5646.8311	134	0.0146	0.0019	5643.3029	3.3	12.3	-0.1239	-0.0502	0.0019	-0.0156	3.5921	60	0.000	55.855100	37.516100	0.00	55.855064	37.516167	148.1	11011
11	2022-04-13	15:31:33	5646.8310	134	0.0147	0.0019	5643.3019	2.3	13.0	-0.1271	-0.0499	0.0023	-0.0155	3.5922	60	0.000	55.855100	37.516100	0.00	55.855072	37.516262	148.7	11011
11	2022-04-13	15:32:33	5646.8319	134	0.0176	0.0023	5643.3028	1.1	12.9	-0.1262	-0.0496	0.0022	-0.0156	3.5922	60	0.000	55.855100	37.516100	0.00	55.855072	37.516251	147.7	11011
11	2022-04-13	15:33:33	5646.8306	134	0.0142	0.0018	5643.3015	1.7	13.0	-0.1278	-0.0493	0.0019	-0.0157	3.5922	60	0.000	55.855100	37.516100	0.00	55.855007	37.516174	147.7	11011
11	2022-04-13	15:34:33	5646.8303	134	0.0166	0.0021	5643.3008	1.9	12.5	-0.1228	-0.0491	0.0019	-0.0156	3.5922	60	0.000	55.855100	37.516100	0.00	55.854950	37.516098	145.2	11011
11	2022-04-13	15:35:33	5646.8298	134	0.0148	0.0019	5643.3007	2.0	11.3	-0.1289	-0.0488	0.0014	-0.0157	3.5922	60	0.000	55.855100	37.516100	0.00	55.855064	37.516178	144.7	11011
