/		CG-6 Survey
/		Survey Name:	MAIN-ZVEB
/		Instrument Serial Number:	000000022090470
/		Created:	2023-04-18 06:05:10
/
/		CG-6 Calibration
/		Operator:	EACH
/		Gcal1 [mGal]:	7941.208000
/		Goff [ADU]:	-8388608.000000
/		Gref [mGal]:	0.0000
/		X Scale [arc-sec/ADU]:	0.031193
/		Y Scale [arc-sec/ADU]:	0.030978
/		X Offset [ADU]:	-38727.250535
/		Y Offset [ADU]:	-43473.881294
/		Temperature Coefficient [mGal/mK]:	-0.125000
/		Temperature Scale [mK/ADU]:	-0.000111
/		Drift Rate [mGal/day]:	0.011500
/		Drift Zero Time:	2022-09-14 11:11:53
/		Firmware Version:	CG6_2_20220815
/
/Station	Date	Time	CorrGrav	Line	StdDev	StdErr	RawGrav	X	Y	SensorTemp	TideCorr	TiltCorr	TempCorr	DriftCorr	MeasurDur	InstrHeight	LatUser	LonUser	ElevUser	LatGPS	LonGPS	ElevGPS	Corrections[drift-temp-na-tide-tilt]
3	2023-04-18	06:05:10	5589.8127	2	0.0084	0.0011	5592.1865	-0.2	-4.1	1.1146	-0.0320	0.0003	0.1394	-2.4815	60	0.000	55.800000	37.500000	179.70	--	--	--	11011
3	2023-04-18	06:06:10	5589.8110	2	0.0088	0.0011	5592.1846	1.3	-4.3	1.1141	-0.0316	0.0003	0.1393	-2.4816	60	0.000	55.800000	37.500000	179.70	--	--	--	11011
3	2023-04-18	06:07:10	5589.8112	2	0.0082	0.0011	5592.1846	1.5	-4.6	1.1110	-0.0312	0.0003	0.1391	-2.4816	60	0.000	55.800000	37.500000	179.70	--	--	--	11011
3	2023-04-18	06:08:10	5589.8124	2	0.0090	0.0012	5592.1857	1.5	-3.9	1.1061	-0.0308	0.0002	0.1388	-2.4816	60	0.000	55.800000	37.500000	179.70	--	--	--	11011
3	2023-04-18	06:09:10	5589.8116	2	0.0092	0.0012	5592.1842	0.6	-5.9	1.1052	-0.0303	0.0006	0.1388	-2.4816	60	0.000	55.800000	37.500000	179.70	--	--	--	11011
3	2023-04-18	06:10:10	5589.8119	2	0.0118	0.0015	5592.1845	2.0	-4.4	1.1095	-0.0299	0.0003	0.1387	-2.4816	60	0.000	55.800000	37.500000	179.70	--	--	--	11011
3	2023-04-18	06:11:10	5589.8115	2	0.0112	0.0015	5592.1835	2.8	-4.8	1.1082	-0.0295	0.0005	0.1386	-2.4816	60	0.000	55.800000	37.500000	179.70	--	--	--	11011
3	2023-04-18	06:12:10	5589.8115	2	0.0091	0.0012	5592.1832	2.7	-5.9	1.1041	-0.0291	0.0006	0.1384	-2.4816	60	0.000	55.800000	37.500000	179.70	--	--	--	11011
3	2023-04-18	06:13:10	5589.8115	2	0.0107	0.0014	5592.1829	2.1	-6.9	1.1131	-0.0287	0.0007	0.1383	-2.4816	60	0.000	55.800000	37.500000	179.70	--	--	--	11011
3	2023-04-18	06:14:10	5589.8112	2	0.0113	0.0015	5592.1824	1.2	-6.5	1.0988	-0.0283	0.0005	0.1381	-2.4816	60	0.000	55.800000	37.500000	179.70	--	--	--	11011
3	2023-04-18	06:15:10	5589.8130	2	0.0082	0.0011	5592.1835	2.3	-7.6	1.1081	-0.0279	0.0009	0.1381	-2.4816	60	0.000	55.800000	37.500000	179.70	--	--	--	11011
3	2023-04-18	06:16:10	5589.8117	2	0.0100	0.0013	5592.1819	2.0	-7.9	1.1030	-0.0275	0.0008	0.1381	-2.4816	60	0.000	55.800000	37.500000	179.70	--	--	--	11011
3	2023-04-18	06:17:10	5589.8113	2	0.0108	0.0014	5592.1812	2.5	-8.1	1.1035	-0.0271	0.0009	0.1379	-2.4816	60	0.000	55.800000	37.500000	179.70	--	--	--	11011
3	2023-04-18	06:18:10	5589.8111	2	0.0056	0.0007	5592.1807	2.9	-7.9	1.1003	-0.0267	0.0007	0.1380	-2.4817	60	0.000	55.800000	37.500000	179.70	--	--	--	11011
3	2023-04-18	06:19:10	5589.8109	2	0.0079	0.0010	5592.1799	3.3	-8.1	1.1073	-0.0263	0.0010	0.1379	-2.4817	60	0.000	55.800000	37.500000	179.70	--	--	--	11011
3	2023-04-18	06:20:10	5589.8116	2	0.0075	0.0010	5592.1804	2.3	-7.1	1.1020	-0.0259	0.0007	0.1380	-2.4817	60	0.000	55.800000	37.500000	179.70	--	--	--	11011
3	2023-04-18	06:21:10	5589.8098	2	0.0087	0.0011	5592.1782	3.4	-7.8	1.1034	-0.0255	0.0009	0.1378	-2.4817	60	0.000	55.800000	37.500000	179.70	--	--	--	11011
3	2023-04-18	06:22:10	5589.8125	2	0.0073	0.0009	5592.1804	3.0	-9.3	1.0999	-0.0251	0.0011	0.1377	-2.4817	60	0.000	55.800000	37.500000	179.70	--	--	--	11011
3	2023-04-18	06:23:10	5589.8106	2	0.0084	0.0011	5592.1781	3.1	-8.8	1.0991	-0.0247	0.0012	0.1376	-2.4817	60	0.000	55.800000	37.500000	179.70	--	--	--	11011
3	2023-04-18	06:24:10	5589.8095	2	0.0086	0.0011	5592.1768	4.4	-8.3	1.0994	-0.0243	0.0010	0.1377	-2.4817	60	0.000	55.800000	37.500000	179.70	--	--	--	11011
3	2023-04-18	06:25:10	5589.8105	2	0.0070	0.0009	5592.1774	3.3	-9.1	1.0977	-0.0239	0.0011	0.1376	-2.4817	60	0.000	55.800000	37.500000	179.70	--	--	--	11011
3	2023-04-18	06:26:10	5589.8117	2	0.0095	0.0012	5592.1785	2.7	-9.3	1.0925	-0.0235	0.0009	0.1376	-2.4817	60	0.000	55.800000	37.500000	179.70	--	--	--	11011
3	2023-04-18	06:27:10	5589.8112	2	0.0084	0.0011	5592.1768	5.2	-9.7	1.0962	-0.0231	0.0017	0.1375	-2.4817	60	0.000	55.800000	37.500000	179.70	--	--	--	11011
3	2023-04-18	06:28:10	5589.8113	2	0.0086	0.0011	5592.1770	6.1	-8.3	1.0969	-0.0227	0.0013	0.1375	-2.4817	60	0.000	55.800000	37.500000	179.70	--	--	--	11011
3	2023-04-18	06:29:10	5589.8109	2	0.0074	0.0010	5592.1756	5.2	-10.6	1.0974	-0.0224	0.0020	0.1373	-2.4817	60	0.000	55.800000	37.500000	179.70	--	--	--	11011
3	2023-04-18	06:30:10	5589.8119	2	0.0072	0.0009	5592.1764	3.6	-11.9	1.1041	-0.0220	0.0021	0.1371	-2.4817	60	0.000	55.800000	37.500000	179.70	--	--	--	11011
3	2023-04-18	06:31:10	5589.8114	2	0.0090	0.0012	5592.1762	4.0	-9.9	1.0952	-0.0216	0.0013	0.1372	-2.4818	60	0.000	55.800000	37.500000	179.70	--	--	--	11011
3	2023-04-18	06:32:10	5589.8108	2	0.0086	0.0011	5592.1750	4.8	-10.9	1.0994	-0.0212	0.0016	0.1372	-2.4818	60	0.000	55.800000	37.500000	179.70	--	--	--	11011
3	2023-04-18	06:33:10	5589.8117	2	0.0099	0.0013	5592.1750	7.4	-10.4	1.1038	-0.0208	0.0022	0.1371	-2.4818	60	0.000	55.800000	37.500000	179.70	--	--	--	11011
3	2023-04-18	06:34:10	5589.8125	2	0.0081	0.0010	5592.1752	7.9	-11.5	1.0998	-0.0205	0.0025	0.1371	-2.4818	60	0.000	55.800000	37.500000	179.70	--	--	--	11011
3	2023-04-18	06:35:10	5589.8131	2	0.0099	0.0013	5592.1755	5.6	-13.3	1.0958	-0.0201	0.0024	0.1370	-2.4818	60	0.000	55.800000	37.500000	179.70	--	--	--	11011
3	2023-04-18	06:36:10	5589.8115	2	0.0110	0.0014	5592.1741	3.4	-12.2	1.0895	-0.0197	0.0019	0.1370	-2.4818	60	0.000	55.800000	37.500000	179.70	--	--	--	11011
3	2023-04-18	06:37:10	5589.8102	2	0.0081	0.0010	5592.1729	2.0	-11.9	1.0929	-0.0193	0.0015	0.1368	-2.4818	60	0.000	55.800000	37.500000	179.70	--	--	--	11011
3	2023-04-18	06:38:10	5589.8105	2	0.0082	0.0011	5592.1726	3.7	-12.0	1.0966	-0.0190	0.0019	0.1368	-2.4818	60	0.000	55.800000	37.500000	179.70	--	--	--	11011
3	2023-04-18	06:39:10	5589.8114	2	0.0084	0.0011	5592.1735	3.7	-11.4	1.0935	-0.0186	0.0016	0.1368	-2.4818	60	0.000	55.800000	37.500000	179.70	--	--	--	11011
3	2023-04-18	06:40:10	5589.8103	2	0.0070	0.0009	5592.1717	2.5	-11.5	1.0966	-0.0182	0.0017	0.1369	-2.4818	60	0.000	55.800000	37.500000	179.70	--	--	--	11011
3	2023-04-18	06:41:10	5589.8117	2	0.0104	0.0013	5592.1731	3.9	-9.3	1.0951	-0.0179	0.0014	0.1368	-2.4818	60	0.000	55.800000	37.500000	179.70	--	--	--	11011
3	2023-04-18	06:42:10	5589.8106	2	0.0069	0.0009	5592.1718	1.0	-10.2	1.0949	-0.0175	0.0013	0.1368	-2.4818	60	0.000	55.800000	37.500000	179.70	--	--	--	11011
3	2023-04-18	06:43:10	5589.8106	2	0.0063	0.0008	5592.1717	1.1	-10.4	1.0926	-0.0172	0.0012	0.1367	-2.4819	60	0.000	55.800000	37.500000	179.70	--	--	--	11011
3	2023-04-18	06:44:10	5589.8098	2	0.0078	0.0010	5592.1702	1.8	-10.9	1.0973	-0.0168	0.0016	0.1368	-2.4819	60	0.000	55.800000	37.500000	179.70	--	--	--	11011
3	2023-04-18	06:45:10	5589.8096	2	0.0077	0.0010	5592.1695	1.6	-11.5	1.0941	-0.0164	0.0016	0.1368	-2.4819	60	0.000	55.800000	37.500000	179.70	--	--	--	11011
3	2023-04-18	06:46:10	5589.8096	2	0.0079	0.0010	5592.1696	2.4	-10.5	1.0948	-0.0161	0.0016	0.1364	-2.4819	60	0.000	55.800000	37.500000	179.70	--	--	--	11011
3	2023-04-18	06:47:10	5589.8100	2	0.0091	0.0012	5592.1695	1.9	-10.8	1.0919	-0.0157	0.0016	0.1365	-2.4819	60	0.000	55.800000	37.500000	179.70	--	--	--	11011
3	2023-04-18	06:48:10	5589.8087	2	0.0096	0.0012	5592.1681	2.5	-10.3	1.0887	-0.0154	0.0013	0.1365	-2.4819	60	0.000	55.800000	37.500000	179.70	--	--	--	11011
3	2023-04-18	06:49:10	5589.8110	2	0.0063	0.0008	5592.1700	1.1	-11.1	1.0989	-0.0150	0.0015	0.1365	-2.4819	60	0.000	55.800000	37.500000	179.70	--	--	--	11011
3	2023-04-18	06:50:10	5589.8098	2	0.0080	0.0010	5592.1684	2.8	-9.8	1.0894	-0.0147	0.0014	0.1366	-2.4819	60	0.000	55.800000	37.500000	179.70	--	--	--	11011
3	2023-04-18	06:51:10	5589.8095	2	0.0072	0.0009	5592.1684	3.8	-8.8	1.0892	-0.0144	0.0010	0.1363	-2.4819	60	0.000	55.800000	37.500000	179.70	--	--	--	11011
3	2023-04-18	06:52:10	5589.8105	2	0.0087	0.0011	5592.1685	4.8	-10.8	1.0923	-0.0140	0.0015	0.1364	-2.4819	60	0.000	55.800000	37.500000	179.70	--	--	--	11011
3	2023-04-18	06:53:10	5589.8093	2	0.0076	0.0010	5592.1670	4.7	-10.3	1.0876	-0.0137	0.0017	0.1362	-2.4819	60	0.000	55.800000	37.500000	179.70	55.780972	37.639259	198.0	11011
3	2023-04-18	06:54:10	5589.8106	2	0.0099	0.0013	5592.1679	4.5	-11.0	1.0954	-0.0133	0.0016	0.1364	-2.4819	60	0.000	55.800000	37.500000	179.70	55.781010	37.639305	201.5	11011
3	2023-04-18	06:55:10	5589.8101	2	0.0065	0.0008	5592.1670	5.7	-10.3	1.0940	-0.0130	0.0017	0.1364	-2.4819	60	0.000	55.800000	37.500000	179.70	55.781242	37.639275	206.0	11011
3	2023-04-18	06:56:10	5589.8109	2	0.0088	0.0011	5592.1678	6.2	-9.6	1.0897	-0.0127	0.0016	0.1362	-2.4820	60	0.000	55.800000	37.500000	179.70	55.781231	37.639065	216.8	11011
3	2023-04-18	06:57:10	5589.8082	2	0.0104	0.0013	5592.1652	6.4	-8.1	1.0942	-0.0124	0.0011	0.1362	-2.4820	60	0.000	55.800000	37.500000	179.70	55.780861	37.639420	220.7	11011
3	2023-04-18	06:58:10	5589.8126	2	0.0105	0.0013	5592.1683	5.8	-11.2	1.0933	-0.0120	0.0020	0.1363	-2.4820	60	0.000	55.800000	37.500000	179.70	55.781490	37.639088	227.2	11011
3	2023-04-18	06:59:10	5589.8107	2	0.0106	0.0014	5592.1667	6.2	-10.4	1.0915	-0.0117	0.0015	0.1362	-2.4820	60	0.000	55.800000	37.500000	179.70	--	--	--	11011
3	2023-04-18	07:00:10	5589.8099	2	0.0083	0.0011	5592.1648	5.4	-12.7	1.0879	-0.0114	0.0023	0.1362	-2.4820	60	0.000	55.800000	37.500000	179.70	--	--	--	11011
3	2023-04-18	07:01:10	5589.8103	2	0.0086	0.0011	5592.1650	5.9	-12.3	1.0898	-0.0111	0.0022	0.1361	-2.4820	60	0.000	55.800000	37.500000	179.70	--	--	--	11011
3	2023-04-18	07:02:10	5589.8103	2	0.0087	0.0011	5592.1648	8.2	-9.5	1.0899	-0.0107	0.0020	0.1362	-2.4820	60	0.000	55.800000	37.500000	179.70	55.782242	37.638847	253.6	11011
3	2023-04-18	07:03:10	5589.8096	2	0.0090	0.0012	5592.1640	5.9	-11.6	1.0910	-0.0104	0.0019	0.1361	-2.4820	60	0.000	55.800000	37.500000	179.70	55.781948	37.638866	250.9	11011
3	2023-04-18	07:04:10	5589.8087	2	0.0098	0.0013	5592.1635	4.1	-9.0	1.0767	-0.0101	0.0012	0.1362	-2.4820	60	0.000	55.800000	37.500000	179.70	55.780094	37.639122	241.2	11011
23	2023-04-18	09:08:06	5567.2088	2	0.0103	0.0013	5569.5491	-4.5	4.2	1.1020	0.0043	0.0005	0.1379	-2.4830	60	0.000	55.800000	37.500000	179.70	55.699284	36.759155	201.6	11011
23	2023-04-18	09:09:06	5567.2088	2	0.0105	0.0014	5569.5501	-4.1	0.9	1.0916	0.0042	0.0002	0.1373	-2.4830	60	0.000	55.800000	37.500000	179.70	--	--	--	11011
23	2023-04-18	09:10:06	5567.2090	2	0.0108	0.0014	5569.5506	-5.1	2.5	1.0911	0.0041	0.0004	0.1370	-2.4830	60	0.000	55.800000	37.500000	179.70	--	--	--	11011
23	2023-04-18	09:11:06	5567.2089	2	0.0120	0.0015	5569.5509	-4.6	2.7	1.0841	0.0040	0.0006	0.1365	-2.4830	60	0.000	55.800000	37.500000	179.70	--	--	--	11011
23	2023-04-18	09:12:06	5567.2096	2	0.0088	0.0011	5569.5521	-4.3	5.8	1.0899	0.0039	0.0007	0.1359	-2.4830	60	0.000	55.800000	37.500000	179.70	--	--	--	11011
23	2023-04-18	09:13:06	5567.2082	2	0.0097	0.0012	5569.5512	-5.6	4.4	1.0892	0.0038	0.0007	0.1355	-2.4830	60	0.000	55.800000	37.500000	179.70	55.699627	36.757740	200.3	11011
23	2023-04-18	09:14:06	5567.2098	2	0.0102	0.0013	5569.5539	-4.1	3.6	1.0735	0.0036	0.0003	0.1350	-2.4831	60	0.000	55.800000	37.500000	179.70	55.699512	36.757858	201.8	11011
23	2023-04-18	09:15:06	5567.2104	2	0.0105	0.0014	5569.5544	-5.0	6.5	1.0747	0.0035	0.0009	0.1347	-2.4831	60	0.000	55.800000	37.500000	179.70	55.699665	36.757778	206.2	11011
23	2023-04-18	09:16:06	5567.2103	2	0.0090	0.0012	5569.5551	-3.8	4.3	1.0724	0.0034	0.0004	0.1344	-2.4831	60	0.000	55.800000	37.500000	179.70	55.699646	36.757339	211.1	11011
23	2023-04-18	09:17:06	5567.2104	2	0.0087	0.0011	5569.5556	-4.6	5.2	1.0744	0.0033	0.0007	0.1339	-2.4831	60	0.000	55.800000	37.500000	179.70	55.699718	36.756748	200.5	11011
23	2023-04-18	09:18:06	5567.2089	2	0.0072	0.0009	5569.5547	-3.2	6.8	1.0733	0.0031	0.0008	0.1334	-2.4831	60	0.000	55.800000	37.500000	179.70	--	--	--	11011
23	2023-04-18	09:19:06	5567.2115	2	0.0066	0.0009	5569.5571	-5.5	7.9	1.0742	0.0030	0.0013	0.1332	-2.4831	60	0.000	55.800000	37.500000	179.70	--	--	--	11011
23	2023-04-18	09:20:06	5567.2117	2	0.0096	0.0012	5569.5580	-6.8	6.4	1.0677	0.0029	0.0009	0.1330	-2.4831	60	0.000	55.800000	37.500000	179.70	55.699585	36.757744	201.3	11011
23	2023-04-18	09:21:06	5567.2125	2	0.0103	0.0013	5569.5588	-6.1	8.4	1.0619	0.0027	0.0013	0.1328	-2.4831	60	0.000	55.800000	37.500000	179.70	55.699512	36.757839	201.5	11011
23	2023-04-18	09:22:06	5567.2126	2	0.0083	0.0011	5569.5595	-5.7	7.4	1.0573	0.0026	0.0013	0.1324	-2.4831	60	0.000	55.800000	37.500000	179.70	55.699512	36.757236	201.4	11011
23	2023-04-18	09:23:06	5567.2116	2	0.0086	0.0011	5569.5591	-4.1	8.9	1.0549	0.0025	0.0010	0.1322	-2.4831	60	0.000	55.800000	37.500000	179.70	55.699608	36.757256	201.6	11011
23	2023-04-18	09:24:06	5567.2136	2	0.0087	0.0011	5569.5615	-5.1	7.8	1.0525	0.0023	0.0010	0.1320	-2.4831	60	0.000	55.800000	37.500000	179.70	55.699608	36.757648	201.8	11011
23	2023-04-18	09:25:06	5567.2137	2	0.0107	0.0014	5569.5619	-6.2	8.9	1.0490	0.0022	0.0014	0.1315	-2.4831	60	0.000	55.800000	37.500000	179.70	55.699627	36.757675	201.3	11011
23	2023-04-18	09:26:06	5567.2151	2	0.0091	0.0012	5569.5628	-5.8	11.3	1.0560	0.0020	0.0019	0.1316	-2.4832	60	0.000	55.800000	37.500000	179.70	55.699570	36.757751	201.1	11011
23	2023-04-18	09:27:06	5567.2124	2	0.0084	0.0011	5569.5607	-5.1	12.3	1.0474	0.0018	0.0020	0.1310	-2.4832	60	0.000	55.800000	37.500000	179.70	55.699902	36.757771	201.9	11011
23	2023-04-18	09:28:06	5567.2148	2	0.0096	0.0012	5569.5628	-5.8	12.8	1.0460	0.0017	0.0027	0.1308	-2.4832	60	0.000	55.800000	37.500000	179.70	55.699615	36.757664	203.3	11011
23	2023-04-18	09:29:06	5567.2132	2	0.0115	0.0015	5569.5623	-6.8	10.9	1.0435	0.0015	0.0020	0.1305	-2.4832	60	0.000	55.800000	37.500000	179.70	55.699471	36.758430	204.3	11011
23	2023-04-18	09:30:06	5567.2147	2	0.0097	0.0012	5569.5638	-7.6	11.5	1.0484	0.0014	0.0023	0.1304	-2.4832	60	0.000	55.800000	37.500000	179.70	55.699577	36.757988	204.6	11011
23	2023-04-18	09:31:06	5567.2152	2	0.0079	0.0010	5569.5647	-6.4	11.7	1.0394	0.0012	0.0023	0.1302	-2.4832	60	0.000	55.800000	37.500000	179.70	55.699425	36.757904	199.4	11011
23	2023-04-18	09:32:06	5567.2154	2	0.0103	0.0013	5569.5653	-5.8	12.7	1.0414	0.0010	0.0022	0.1300	-2.4832	60	0.000	55.800000	37.500000	179.70	55.699368	36.758011	195.4	11011
23	2023-04-18	09:33:06	5567.2151	2	0.0094	0.0012	5569.5646	-6.1	14.4	1.0370	0.0008	0.0030	0.1298	-2.4832	60	0.000	55.800000	37.500000	179.70	55.699406	36.758331	195.0	11011
23	2023-04-18	09:34:06	5567.2155	2	0.0082	0.0011	5569.5653	-7.0	14.6	1.0351	0.0007	0.0029	0.1299	-2.4832	60	0.000	55.800000	37.500000	179.70	55.699406	36.758438	194.6	11011
23	2023-04-18	09:35:06	5567.2153	2	0.0114	0.0015	5569.5654	-6.8	14.5	1.0343	0.0005	0.0031	0.1295	-2.4832	60	0.000	55.800000	37.500000	179.70	55.699425	36.758484	194.5	11011
23	2023-04-18	09:36:06	5567.2154	2	0.0087	0.0011	5569.5657	-7.9	15.4	1.0332	0.0003	0.0034	0.1292	-2.4832	60	0.000	55.800000	37.500000	179.70	55.699406	36.758392	194.0	11011
23	2023-04-18	09:37:06	5567.2146	2	0.0094	0.0012	5569.5658	-7.0	13.7	1.0321	0.0001	0.0029	0.1291	-2.4832	60	0.000	55.800000	37.500000	179.70	--	--	--	11011
23	2023-04-18	09:38:06	5567.2154	2	0.0092	0.0012	5569.5661	-8.9	14.5	1.0270	-0.0001	0.0036	0.1290	-2.4832	60	0.000	55.800000	37.500000	179.70	--	--	--	11011
23	2023-04-18	09:39:06	5567.2144	2	0.0093	0.0012	5569.5662	-6.9	14.5	1.0249	-0.0003	0.0030	0.1288	-2.4833	60	0.000	55.800000	37.500000	179.70	55.699413	36.759132	210.6	11011
23	2023-04-18	09:40:06	5567.2154	2	0.0082	0.0011	5569.5674	-7.3	15.1	1.0255	-0.0005	0.0032	0.1285	-2.4833	60	0.000	55.800000	37.500000	179.70	55.699558	36.759399	220.0	11011
23	2023-04-18	09:41:06	5567.2161	2	0.0075	0.0010	5569.5682	-7.1	15.4	1.0348	-0.0007	0.0033	0.1286	-2.4833	60	0.000	55.800000	37.500000	179.70	55.699547	36.759354	223.3	11011
23	2023-04-18	09:42:06	5567.2300	2	0.1003	0.0129	5569.5831	-7.9	13.5	1.0282	-0.0009	0.0028	0.1282	-2.4833	60	0.000	55.800000	37.500000	179.70	55.699589	36.759068	221.0	11011
23	2023-04-18	09:43:06	5567.2140	2	0.0085	0.0011	5569.5673	-7.7	13.8	1.0246	-0.0011	0.0028	0.1283	-2.4833	60	0.000	55.800000	37.500000	179.70	55.699539	36.758133	216.7	11011
23	2023-04-18	09:44:06	5567.2152	2	0.0075	0.0010	5569.5686	-9.1	13.9	1.0257	-0.0013	0.0030	0.1282	-2.4833	60	0.000	55.800000	37.500000	179.70	55.699444	36.758152	203.2	11011
23	2023-04-18	09:45:06	5567.2177	2	0.0094	0.0012	5569.5708	-9.2	14.4	1.0229	-0.0015	0.0037	0.1281	-2.4833	60	0.000	55.800000	37.500000	179.70	55.699520	36.757847	196.1	11011
23	2023-04-18	09:46:06	5567.2147	2	0.0097	0.0012	5569.5688	-6.8	14.1	1.0192	-0.0017	0.0030	0.1279	-2.4833	60	0.000	55.800000	37.500000	179.70	55.699432	36.757858	193.3	11011
23	2023-04-18	09:47:06	5567.2157	2	0.0087	0.0011	5569.5700	-7.3	14.5	1.0210	-0.0020	0.0031	0.1279	-2.4833	60	0.000	55.800000	37.500000	179.70	55.699348	36.757656	192.2	11011
23	2023-04-18	09:48:06	5567.2169	2	0.0082	0.0011	5569.5723	-7.1	12.7	1.0234	-0.0022	0.0025	0.1277	-2.4833	60	0.000	55.800000	37.500000	179.70	55.699642	36.757828	190.4	11011
23	2023-04-18	09:49:06	5567.2158	2	0.0077	0.0010	5569.5713	-7.9	13.2	1.0208	-0.0024	0.0026	0.1276	-2.4833	60	0.000	55.800000	37.500000	179.70	55.699398	36.757759	190.1	11011
23	2023-04-18	09:50:06	5567.2178	2	0.0104	0.0013	5569.5724	-9.5	14.1	1.0216	-0.0026	0.0039	0.1275	-2.4833	60	0.000	55.800000	37.500000	179.70	55.699348	36.757645	190.0	11011
23	2023-04-18	09:51:06	5567.2155	2	0.0096	0.0012	5569.5711	-9.2	14.0	1.0214	-0.0029	0.0032	0.1273	-2.4834	60	0.000	55.800000	37.500000	179.70	55.699226	36.757542	190.1	11011
23	2023-04-18	09:52:06	5567.2181	2	0.0062	0.0008	5569.5727	-9.4	17.0	1.0184	-0.0031	0.0045	0.1273	-2.4834	60	0.000	55.800000	37.500000	179.70	55.699368	36.757732	187.8	11011
23	2023-04-18	09:53:06	5567.2193	2	0.0089	0.0012	5569.5739	-8.4	17.9	1.0240	-0.0033	0.0049	0.1272	-2.4834	60	0.000	55.800000	37.500000	179.70	55.699368	36.758064	187.6	11011
23	2023-04-18	09:54:06	5567.2178	2	0.0091	0.0012	5569.5719	-10.8	18.4	1.0140	-0.0036	0.0058	0.1270	-2.4834	60	0.000	55.800000	37.500000	179.70	55.699379	36.758045	187.7	11011
23	2023-04-18	09:55:06	5567.2192	2	0.0102	0.0013	5569.5747	-10.4	17.4	1.0130	-0.0038	0.0048	0.1269	-2.4834	60	0.000	55.800000	37.500000	179.70	55.699368	36.757973	187.6	11011
23	2023-04-18	09:56:06	5567.2211	2	0.0096	0.0012	5569.5763	-10.7	18.9	1.0147	-0.0041	0.0053	0.1270	-2.4834	60	0.000	55.800000	37.500000	179.70	55.699387	36.757877	187.6	11011
23	2023-04-18	09:57:06	5567.2203	2	0.0086	0.0011	5569.5756	-10.9	18.4	1.0095	-0.0043	0.0054	0.1270	-2.4834	60	0.000	55.800000	37.500000	179.70	55.699463	36.757935	187.2	11011
23	2023-04-18	09:58:06	5567.2180	2	0.0080	0.0010	5569.5745	-10.7	17.1	1.0183	-0.0046	0.0046	0.1268	-2.4834	60	0.000	55.800000	37.500000	179.70	55.699387	36.757587	186.5	11011
23	2023-04-18	09:59:06	5567.2165	2	0.0095	0.0012	5569.5737	-10.9	16.3	1.0149	-0.0048	0.0043	0.1267	-2.4834	60	0.000	55.800000	37.500000	179.70	55.699341	36.757580	186.9	11011
23	2023-04-18	10:00:06	5567.2177	2	0.0094	0.0012	5569.5746	-12.0	17.1	1.0197	-0.0051	0.0050	0.1266	-2.4834	60	0.000	55.800000	37.500000	179.70	55.699432	36.757454	186.7	11011
23	2023-04-18	10:01:06	5567.2183	2	0.0085	0.0011	5569.5751	-12.2	16.6	1.0139	-0.0053	0.0055	0.1265	-2.4834	60	0.000	55.800000	37.500000	179.70	55.699432	36.757103	186.6	11011
23	2023-04-18	10:02:06	5567.2185	2	0.0108	0.0014	5569.5752	-11.4	18.2	1.0178	-0.0056	0.0057	0.1266	-2.4834	60	0.000	55.800000	37.500000	179.70	--	--	--	11011
23	2023-04-18	10:03:06	5567.2179	2	0.0115	0.0015	5569.5762	-9.8	18.4	1.0078	-0.0059	0.0046	0.1264	-2.4834	60	0.000	55.800000	37.500000	179.70	55.699318	36.757820	186.8	11011
23	2023-04-18	10:04:06	5567.2187	2	0.0096	0.0012	5569.5767	-9.0	18.6	1.0117	-0.0061	0.0052	0.1263	-2.4835	60	0.000	55.800000	37.500000	179.70	55.699387	36.757523	186.7	11011
23	2023-04-18	10:05:06	5567.2179	2	0.0092	0.0012	5569.5772	-8.7	17.3	0.9993	-0.0064	0.0042	0.1263	-2.4835	60	0.000	55.800000	37.500000	179.70	55.699436	36.757668	186.6	11011
23	2023-04-18	10:06:06	5567.2175	2	0.0116	0.0015	5569.5762	-10.9	17.6	1.0125	-0.0067	0.0051	0.1263	-2.4835	60	0.000	55.800000	37.500000	179.70	55.699398	36.757607	186.3	11011
23	2023-04-18	10:07:06	5567.2189	2	0.0115	0.0015	5569.5778	-11.3	18.2	1.0111	-0.0069	0.0054	0.1261	-2.4835	60	0.000	55.800000	37.500000	179.70	55.699463	36.757568	185.1	11011
23	2023-04-18	10:19:03	5567.2021	2	0.0334	0.0043	5569.5697	-2.7	-0.8	1.0098	-0.0104	0.0002	0.1262	-2.4836	60	0.000	55.800000	37.500000	179.70	55.699341	36.757725	181.2	11011
23	2023-04-18	10:20:03	5567.2081	2	0.0080	0.0010	5569.5761	-3.1	-0.2	1.0059	-0.0107	0.0001	0.1262	-2.4836	60	0.000	55.800000	37.500000	179.70	55.699284	36.757721	180.3	11011
23	2023-04-18	10:21:03	5567.2079	2	0.0089	0.0012	5569.5762	-2.1	-1.5	1.0085	-0.0110	0.0001	0.1262	-2.4836	60	0.000	55.800000	37.500000	179.70	55.699322	36.757668	180.0	11011
23	2023-04-18	10:22:03	5567.2078	2	0.0087	0.0011	5569.5766	-2.6	-3.0	1.0099	-0.0113	0.0003	0.1258	-2.4836	60	0.000	55.800000	37.500000	179.70	55.699337	36.757675	180.2	11011
23	2023-04-18	10:23:03	5567.2088	2	0.0102	0.0013	5569.5782	-1.9	-2.6	1.0056	-0.0116	0.0002	0.1257	-2.4836	60	0.000	55.800000	37.500000	179.70	55.699322	36.757637	180.1	11011
23	2023-04-18	10:24:03	5567.2077	2	0.0076	0.0010	5569.5774	-0.9	-0.7	1.0064	-0.0120	0.0001	0.1258	-2.4836	60	0.000	55.800000	37.500000	179.70	55.699322	36.757534	179.7	11011
23	2023-04-18	10:25:03	5567.2089	2	0.0092	0.0012	5569.5790	-2.6	-0.7	1.0088	-0.0123	0.0001	0.1256	-2.4836	60	0.000	55.800000	37.500000	179.70	55.699253	36.757732	179.6	11011
23	2023-04-18	10:26:03	5567.2081	2	0.0076	0.0010	5569.5784	-3.2	-3.7	1.0051	-0.0126	0.0003	0.1256	-2.4836	60	0.000	55.800000	37.500000	179.70	55.699375	36.757587	179.6	11011
23	2023-04-18	10:27:03	5567.2087	2	0.0104	0.0013	5569.5796	-1.6	-2.1	1.0050	-0.0129	0.0001	0.1256	-2.4836	60	0.000	55.800000	37.500000	179.70	55.699398	36.757668	179.1	11011
23	2023-04-18	10:28:03	5567.2082	2	0.0096	0.0012	5569.5792	-1.2	-1.6	1.0006	-0.0132	0.0002	0.1257	-2.4836	60	0.000	55.800000	37.500000	179.70	55.699337	36.757675	179.6	11011
23	2023-04-18	10:29:03	5567.2076	2	0.0079	0.0010	5569.5793	-1.9	-0.3	1.0080	-0.0136	0.0001	0.1254	-2.4837	60	0.000	55.800000	37.500000	179.70	55.699398	36.757732	174.4	11011
23	2023-04-18	10:30:03	5567.2080	2	0.0086	0.0011	5569.5800	-1.0	-0.3	1.0030	-0.0139	0.0001	0.1254	-2.4837	60	0.000	55.800000	37.500000	179.70	55.699413	36.757778	169.8	11011
23	2023-04-18	10:31:03	5567.2072	2	0.0101	0.0013	5569.5796	-1.1	-0.1	1.0046	-0.0142	0.0001	0.1254	-2.4837	60	0.000	55.800000	37.500000	179.70	55.699375	36.757751	167.8	11011
23	2023-04-18	10:32:03	5567.2099	2	0.0080	0.0010	5569.5825	-1.5	-1.7	1.0014	-0.0146	0.0002	0.1255	-2.4837	60	0.000	55.800000	37.500000	179.70	55.699348	36.757568	164.8	11011
23	2023-04-18	10:33:03	5567.2070	2	0.0110	0.0014	5569.5801	-2.2	-0.8	1.0000	-0.0149	0.0002	0.1253	-2.4837	60	0.000	55.800000	37.500000	179.70	55.699413	36.757801	163.6	11011
23	2023-04-18	10:34:03	5567.2079	2	0.0132	0.0017	5569.5815	-0.7	-1.3	1.0025	-0.0152	0.0001	0.1253	-2.4837	60	0.000	55.800000	37.500000	179.70	55.699348	36.758064	163.6	11011
23	2023-04-18	10:35:03	5567.2069	2	0.0075	0.0010	5569.5807	-2.1	-2.3	0.9973	-0.0156	0.0001	0.1252	-2.4837	60	0.000	55.800000	37.500000	179.70	55.699379	36.757645	164.1	11011
23	2023-04-18	10:36:03	5567.2078	2	0.0105	0.0014	5569.5819	-2.1	-3.2	0.9969	-0.0159	0.0002	0.1252	-2.4837	60	0.000	55.800000	37.500000	179.70	55.699348	36.757530	164.0	11011
23	2023-04-18	10:37:03	5567.2076	2	0.0078	0.0010	5569.5821	-3.2	-2.2	1.0095	-0.0162	0.0003	0.1251	-2.4837	60	0.000	55.800000	37.500000	179.70	55.699337	36.757275	163.9	11011
23	2023-04-18	10:38:03	5567.2067	2	0.0088	0.0011	5569.5818	-2.8	-1.6	0.9989	-0.0166	0.0001	0.1251	-2.4837	60	0.000	55.800000	37.500000	179.70	55.699322	36.757683	162.6	11011
23	2023-04-18	10:39:03	5567.2072	2	0.0100	0.0013	5569.5826	-3.5	-0.9	0.9911	-0.0169	0.0002	0.1250	-2.4837	60	0.000	55.800000	37.500000	179.70	55.699398	36.757820	161.9	11011
23	2023-04-18	10:40:03	5567.2054	2	0.0074	0.0009	5569.5811	-2.3	0.1	1.0050	-0.0173	0.0001	0.1252	-2.4837	60	0.000	55.800000	37.500000	179.70	55.699337	36.757801	162.4	11011
23	2023-04-18	10:41:03	5567.2076	2	0.0087	0.0011	5569.5839	-2.9	-0.8	0.9956	-0.0176	0.0001	0.1250	-2.4837	60	0.000	55.800000	37.500000	179.70	55.699398	36.757549	162.5	11011
23	2023-04-18	10:42:03	5567.2079	2	0.0089	0.0011	5569.5846	-2.8	-0.7	1.0017	-0.0180	0.0001	0.1250	-2.4838	60	0.000	55.800000	37.500000	179.70	55.699413	36.757675	163.1	11011
23	2023-04-18	10:43:03	5567.2073	2	0.0088	0.0011	5569.5843	-2.3	-0.2	0.9941	-0.0183	0.0001	0.1250	-2.4838	60	0.000	55.800000	37.500000	179.70	55.699406	36.757820	163.2	11011
23	2023-04-18	10:44:03	5567.2077	2	0.0081	0.0010	5569.5853	-1.4	1.0	0.9932	-0.0187	0.0001	0.1248	-2.4838	60	0.000	55.800000	37.500000	179.70	55.699387	36.757568	162.9	11011
23	2023-04-18	10:45:03	5567.2076	2	0.0084	0.0011	5569.5854	-1.2	1.0	0.9979	-0.0190	0.0001	0.1249	-2.4838	60	0.000	55.800000	37.500000	179.70	55.699368	36.757553	162.4	11011
23	2023-04-18	10:46:03	5567.2076	2	0.0107	0.0014	5569.5860	-2.6	0.2	0.9946	-0.0194	0.0001	0.1247	-2.4838	60	0.000	55.800000	37.500000	179.70	55.699387	36.757778	160.2	11011
23	2023-04-18	10:47:03	5567.2069	2	0.0072	0.0009	5569.5855	-1.3	0.2	1.0011	-0.0198	0.0001	0.1249	-2.4838	60	0.000	55.800000	37.500000	179.70	55.699413	36.757790	156.5	11011
23	2023-04-18	10:48:03	5567.2079	2	0.0070	0.0009	5569.5867	-2.7	0.5	1.0025	-0.0201	0.0002	0.1249	-2.4838	60	0.000	55.800000	37.500000	179.70	55.699387	36.757740	156.1	11011
23	2023-04-18	10:49:03	5567.2082	2	0.0095	0.0012	5569.5874	-2.3	-0.3	0.9974	-0.0205	0.0002	0.1249	-2.4838	60	0.000	55.800000	37.500000	179.70	55.699387	36.757706	157.2	11011
23	2023-04-18	10:50:03	5567.2077	2	0.0089	0.0011	5569.5872	-2.2	-0.4	1.0023	-0.0208	0.0001	0.1250	-2.4838	60	0.000	55.800000	37.500000	179.70	55.699379	36.757610	157.4	11011
23	2023-04-18	10:51:03	5567.2070	2	0.0096	0.0012	5569.5871	-0.3	0.4	0.9986	-0.0212	0.0001	0.1249	-2.4838	60	0.000	55.800000	37.500000	179.70	55.699348	36.757896	156.9	11011
23	2023-04-18	10:52:03	5567.2079	2	0.0076	0.0010	5569.5883	-1.0	1.8	0.9937	-0.0216	0.0001	0.1250	-2.4838	60	0.000	55.800000	37.500000	179.70	55.699398	36.757675	155.0	11011
23	2023-04-18	10:53:03	5567.2074	2	0.0083	0.0011	5569.5884	-0.1	1.0	0.9986	-0.0220	0.0001	0.1248	-2.4838	60	0.000	55.800000	37.500000	179.70	55.699375	36.757801	153.6	11011
23	2023-04-18	10:54:03	5567.2082	2	0.0109	0.0014	5569.5895	-0.5	0.5	1.0018	-0.0223	0.0001	0.1248	-2.4839	60	0.000	55.800000	37.500000	179.70	55.699436	36.757858	152.4	11011
23	2023-04-18	10:55:03	5567.2089	2	0.0093	0.0012	5569.5906	-0.4	-0.4	0.9946	-0.0227	0.0001	0.1248	-2.4839	60	0.000	55.800000	37.500000	179.70	55.699425	36.757687	150.9	11011
23	2023-04-18	10:56:03	5567.2085	2	0.0109	0.0014	5569.5907	-1.7	-0.1	0.9990	-0.0231	0.0001	0.1247	-2.4839	60	0.000	55.800000	37.500000	179.70	55.699471	36.757629	151.0	11011
23	2023-04-18	10:57:03	5567.2061	2	0.0091	0.0012	5569.5886	-0.7	0.7	0.9937	-0.0234	0.0001	0.1247	-2.4839	60	0.000	55.800000	37.500000	179.70	55.699436	36.757713	151.1	11011
23	2023-04-18	10:58:03	5567.2077	2	0.0092	0.0012	5569.5904	-1.2	3.3	0.9987	-0.0238	0.0003	0.1247	-2.4839	60	0.000	55.800000	37.500000	179.70	55.699413	36.757847	152.0	11011
23	2023-04-18	10:59:03	5567.2063	2	0.0081	0.0010	5569.5894	-0.7	1.9	1.0000	-0.0242	0.0002	0.1248	-2.4839	60	0.000	55.800000	37.500000	179.70	55.699406	36.757893	152.9	11011
23	2023-04-18	11:00:03	5567.2066	2	0.0090	0.0012	5569.5904	0.4	1.7	0.9955	-0.0246	0.0001	0.1245	-2.4839	60	0.000	55.800000	37.500000	179.70	55.699379	36.757725	154.5	11011
23	2023-04-18	11:01:03	5567.2069	2	0.0098	0.0013	5569.5910	-0.5	0.7	0.9947	-0.0250	0.0001	0.1246	-2.4839	60	0.000	55.800000	37.500000	179.70	55.699341	36.757725	153.0	11011
23	2023-04-18	11:02:03	5567.2067	2	0.0106	0.0014	5569.5913	-1.1	-0.2	0.9990	-0.0253	0.0001	0.1247	-2.4839	60	0.000	55.800000	37.500000	179.70	55.699368	36.757687	152.8	11011
23	2023-04-18	11:03:03	5567.2068	2	0.0084	0.0011	5569.5919	-0.6	-0.3	0.9998	-0.0257	0.0001	0.1244	-2.4839	60	0.000	55.800000	37.500000	179.70	55.699318	36.757645	151.7	11011
23	2023-04-18	11:04:03	5567.2071	2	0.0078	0.0010	5569.5927	-1.4	-0.0	0.9939	-0.0261	0.0001	0.1243	-2.4839	60	0.000	55.800000	37.500000	179.70	55.699337	36.757626	151.2	11011
23	2023-04-18	11:05:03	5567.2072	2	0.0084	0.0011	5569.5931	-1.7	0.2	0.9975	-0.0265	0.0001	0.1245	-2.4839	60	0.000	55.800000	37.500000	179.70	55.699341	36.757568	151.6	11011
23	2023-04-18	11:06:03	5567.2080	2	0.0080	0.0010	5569.5941	-1.2	0.5	0.9979	-0.0269	0.0002	0.1246	-2.4839	60	0.000	55.800000	37.500000	179.70	55.699318	36.757618	152.0	11011
23	2023-04-18	11:07:03	5567.2069	2	0.0095	0.0012	5569.5935	-1.6	1.6	0.9954	-0.0273	0.0001	0.1245	-2.4840	60	0.000	55.800000	37.500000	179.70	55.699356	36.757706	151.9	11011
23	2023-04-18	11:08:03	5567.2067	2	0.0086	0.0011	5569.5936	-1.8	1.7	1.0023	-0.0276	0.0002	0.1245	-2.4840	60	0.000	55.800000	37.500000	179.70	55.699368	36.757713	150.6	11011
23	2023-04-18	11:09:03	5567.2073	2	0.0104	0.0013	5569.5948	-1.6	0.4	0.9947	-0.0280	0.0001	0.1244	-2.4840	60	0.000	55.800000	37.500000	179.70	55.699310	36.757732	149.5	11011
23	2023-04-18	11:10:03	5567.2056	2	0.0095	0.0012	5569.5935	-0.7	0.7	1.0023	-0.0284	0.0001	0.1244	-2.4840	60	0.000	55.800000	37.500000	179.70	55.699322	36.757801	149.1	11011
23	2023-04-18	11:11:03	5567.2066	2	0.0085	0.0011	5569.5946	-2.8	0.4	0.9942	-0.0288	0.0002	0.1246	-2.4840	60	0.000	55.800000	37.500000	179.70	55.699337	36.757801	149.6	11011
23	2023-04-18	11:12:03	5567.2069	2	0.0081	0.0010	5569.5953	-1.4	0.9	0.9931	-0.0292	0.0002	0.1245	-2.4840	60	0.000	55.800000	37.500000	179.70	55.699291	36.757847	149.8	11011
23	2023-04-18	11:13:03	5567.2056	2	0.0093	0.0012	5569.5947	-2.6	2.1	0.9934	-0.0296	0.0002	0.1243	-2.4840	60	0.000	55.800000	37.500000	179.70	55.699318	36.757771	149.6	11011
23	2023-04-18	11:14:03	5567.2076	2	0.0114	0.0015	5569.5969	-3.0	3.7	0.9998	-0.0300	0.0003	0.1244	-2.4840	60	0.000	55.800000	37.500000	179.70	55.699284	36.757706	149.3	11011
23	2023-04-18	11:15:03	5567.2080	2	0.0093	0.0012	5569.5979	-1.4	3.0	1.0037	-0.0304	0.0001	0.1244	-2.4840	60	0.000	55.800000	37.500000	179.70	55.699146	36.757645	148.9	11011
23	2023-04-18	11:16:03	5567.2068	2	0.0087	0.0011	5569.5970	-2.8	2.4	0.9945	-0.0308	0.0002	0.1245	-2.4840	60	0.000	55.800000	37.500000	179.70	55.699299	36.758106	149.3	11011
23	2023-04-18	11:17:03	5567.2072	2	0.0083	0.0011	5569.5978	-2.4	2.9	0.9952	-0.0312	0.0003	0.1244	-2.4840	60	0.000	55.800000	37.500000	179.70	55.699310	36.758011	149.3	11011
23	2023-04-18	11:18:03	5567.2056	2	0.0081	0.0011	5569.5967	-1.8	2.0	0.9952	-0.0316	0.0001	0.1244	-2.4840	60	0.000	55.800000	37.500000	179.70	55.699432	36.757771	149.3	11011
3	2023-04-18	13:10:26	5589.7949	2	0.0147	0.0019	5592.2172	0.7	-3.6	1.1005	-0.0748	0.0002	0.1372	-2.4849	60	0.000	55.800000	37.500000	179.70	--	--	--	11011
3	2023-04-18	13:11:26	5589.7957	2	0.0085	0.0011	5592.2182	1.0	-4.8	1.1013	-0.0751	0.0003	0.1373	-2.4850	60	0.000	55.800000	37.500000	179.70	--	--	--	11011
3	2023-04-18	13:12:26	5589.7956	2	0.0072	0.0009	5592.2187	1.9	-4.5	1.1002	-0.0754	0.0003	0.1370	-2.4850	60	0.000	55.800000	37.500000	179.70	55.780552	37.639534	175.1	11011
3	2023-04-18	13:13:26	5589.7952	2	0.0089	0.0011	5592.2187	2.0	-4.1	1.0951	-0.0757	0.0002	0.1370	-2.4850	60	0.000	55.800000	37.500000	179.70	55.780670	37.638760	210.2	11011
3	2023-04-18	13:14:26	5589.7947	2	0.0083	0.0011	5592.2186	0.5	-4.9	1.0941	-0.0761	0.0003	0.1368	-2.4850	60	0.000	55.800000	37.500000	179.70	55.780956	37.639153	212.1	11011
3	2023-04-18	13:15:26	5589.7956	2	0.0066	0.0008	5592.2195	0.1	-5.6	1.0903	-0.0764	0.0006	0.1369	-2.4850	60	0.000	55.800000	37.500000	179.70	55.780933	37.638874	214.0	11011
3	2023-04-18	13:16:26	5589.7961	2	0.0089	0.0011	5592.2206	1.2	-5.5	1.0956	-0.0767	0.0004	0.1367	-2.4850	60	0.000	55.800000	37.500000	179.70	--	--	--	11011
3	2023-04-18	13:17:26	5589.7964	2	0.0072	0.0009	5592.2210	3.5	-3.5	1.0917	-0.0770	0.0005	0.1369	-2.4850	60	0.000	55.800000	37.500000	179.70	55.780621	37.638409	213.8	11011
3	2023-04-18	13:18:26	5589.7954	2	0.0082	0.0011	5592.2204	2.4	-4.8	1.0902	-0.0773	0.0004	0.1369	-2.4850	60	0.000	55.800000	37.500000	179.70	55.781136	37.639122	212.9	11011
3	2023-04-18	13:19:26	5589.7944	2	0.0089	0.0012	5592.2200	2.2	-4.1	1.0917	-0.0776	0.0003	0.1367	-2.4850	60	0.000	55.800000	37.500000	179.70	55.780842	37.638741	212.8	11011
3	2023-04-18	13:20:26	5589.7954	2	0.0096	0.0012	5592.2213	3.3	-2.7	1.0920	-0.0779	0.0003	0.1367	-2.4850	60	0.000	55.800000	37.500000	179.70	55.780823	37.639336	213.0	11011
3	2023-04-18	13:21:26	5589.7952	2	0.0092	0.0012	5592.2213	3.2	-5.0	1.0912	-0.0782	0.0005	0.1366	-2.4850	60	0.000	55.800000	37.500000	179.70	55.781162	37.639256	210.7	11011
3	2023-04-18	13:22:26	5589.7957	2	0.0085	0.0011	5592.2222	3.9	-3.9	1.0905	-0.0784	0.0004	0.1366	-2.4850	60	0.000	55.800000	37.500000	179.70	55.781185	37.639420	211.5	11011
3	2023-04-18	13:23:26	5589.7946	2	0.0074	0.0010	5592.2214	3.5	-3.3	1.0935	-0.0787	0.0003	0.1367	-2.4850	60	0.000	55.800000	37.500000	179.70	55.780972	37.639259	211.5	11011
3	2023-04-18	13:24:26	5589.7961	2	0.0063	0.0008	5592.2233	3.3	-3.6	1.0953	-0.0790	0.0003	0.1366	-2.4851	60	0.000	55.800000	37.500000	179.70	55.781086	37.639236	210.7	11011
3	2023-04-18	13:25:26	5589.7958	2	0.0106	0.0014	5592.2232	2.9	-4.3	1.0993	-0.0793	0.0004	0.1366	-2.4851	60	0.000	55.800000	37.500000	179.70	55.781010	37.639191	210.5	11011
3	2023-04-18	13:26:26	5589.7959	2	0.0084	0.0011	5592.2231	2.8	-5.4	1.0974	-0.0796	0.0006	0.1368	-2.4851	60	0.000	55.800000	37.500000	179.70	55.781029	37.639469	210.4	11011
3	2023-04-18	13:27:26	5589.7969	2	0.0076	0.0010	5592.2246	4.1	-5.0	1.0950	-0.0799	0.0005	0.1367	-2.4851	60	0.000	55.800000	37.500000	179.70	55.780983	37.639278	210.0	11011
3	2023-04-18	13:28:26	5589.7960	2	0.0083	0.0011	5592.2242	3.3	-3.1	1.0948	-0.0801	0.0003	0.1367	-2.4851	60	0.000	55.800000	37.500000	179.70	55.781345	37.639191	206.7	11011
3	2023-04-18	13:29:26	5589.7959	2	0.0079	0.0010	5592.2240	4.1	-5.2	1.0862	-0.0804	0.0005	0.1369	-2.4851	60	0.000	55.800000	37.500000	179.70	55.781487	37.639240	206.9	11011
3	2023-04-18	13:30:26	5589.7955	2	0.0092	0.0012	5592.2241	2.7	-5.0	1.0910	-0.0807	0.0004	0.1368	-2.4851	60	0.000	55.800000	37.500000	179.70	55.780735	37.639160	207.8	11011
3	2023-04-18	13:31:26	5589.7963	2	0.0077	0.0010	5592.2253	1.8	-2.8	1.1009	-0.0809	0.0003	0.1368	-2.4851	60	0.000	55.800000	37.500000	179.70	55.780869	37.639141	207.5	11011
3	2023-04-18	13:32:26	5589.7962	2	0.0100	0.0013	5592.2254	1.8	-4.5	1.0915	-0.0812	0.0004	0.1368	-2.4851	60	0.000	55.800000	37.500000	179.70	55.780899	37.639133	206.4	11011
3	2023-04-18	13:33:26	5589.7964	2	0.0082	0.0011	5592.2258	1.5	-2.8	1.0981	-0.0815	0.0002	0.1370	-2.4851	60	0.000	55.800000	37.500000	179.70	55.780602	37.638855	206.9	11011
3	2023-04-18	13:34:26	5589.7967	2	0.0089	0.0012	5592.2263	3.3	-0.3	1.0943	-0.0817	0.0003	0.1370	-2.4851	60	0.000	55.800000	37.500000	179.70	55.780869	37.639191	208.4	11011
3	2023-04-18	13:35:26	5589.7965	2	0.0086	0.0011	5592.2265	3.0	-2.4	1.0928	-0.0820	0.0002	0.1370	-2.4851	60	0.000	55.800000	37.500000	179.70	55.780899	37.639030	209.5	11011
3	2023-04-18	13:36:26	5589.7966	2	0.0082	0.0011	5592.2265	2.0	-4.7	1.0926	-0.0823	0.0005	0.1370	-2.4852	60	0.000	55.800000	37.500000	179.70	55.781067	37.639484	210.6	11011
3	2023-04-18	13:37:26	5589.7930	2	0.0103	0.0013	5592.2229	3.1	-5.9	1.0988	-0.0825	0.0007	0.1371	-2.4852	60	0.000	55.800000	37.500000	179.70	55.781010	37.639305	209.7	11011
3	2023-04-18	13:38:26	5589.7956	2	0.0093	0.0012	5592.2262	1.6	-5.4	1.0991	-0.0828	0.0004	0.1369	-2.4852	60	0.000	55.800000	37.500000	179.70	55.780876	37.639191	211.2	11011
3	2023-04-18	13:39:26	5589.7952	2	0.0072	0.0009	5592.2261	2.8	-3.8	1.0966	-0.0830	0.0003	0.1370	-2.4852	60	0.000	55.800000	37.500000	179.70	55.780666	37.639221	211.2	11011
3	2023-04-18	13:40:26	5589.7957	2	0.0092	0.0012	5592.2266	3.6	-5.5	1.0905	-0.0833	0.0006	0.1370	-2.4852	60	0.000	55.800000	37.500000	179.70	55.780735	37.639313	210.2	11011
3	2023-04-18	13:41:26	5589.7952	2	0.0085	0.0011	5592.2265	3.4	-4.0	1.0936	-0.0835	0.0003	0.1370	-2.4852	60	0.000	55.800000	37.500000	179.70	55.780666	37.638912	210.9	11011
3	2023-04-18	13:42:26	5589.7952	2	0.0090	0.0012	5592.2265	2.6	-5.5	1.1005	-0.0837	0.0005	0.1370	-2.4852	60	0.000	55.800000	37.500000	179.70	55.780533	37.639122	211.7	11011
3	2023-04-18	13:43:26	5589.7953	2	0.0092	0.0012	5592.2273	1.9	-3.7	1.0937	-0.0840	0.0002	0.1370	-2.4852	60	0.000	55.800000	37.500000	179.70	55.780689	37.639122	211.6	11011
3	2023-04-18	13:44:26	5589.7956	2	0.0107	0.0014	5592.2275	3.2	-4.2	1.0946	-0.0842	0.0003	0.1372	-2.4852	60	0.000	55.800000	37.500000	179.70	55.780556	37.638783	211.7	11011
3	2023-04-18	13:45:26	5589.7958	2	0.0089	0.0012	5592.2279	1.5	-5.3	1.0888	-0.0844	0.0004	0.1371	-2.4852	60	0.000	55.800000	37.500000	179.70	55.780983	37.639523	211.6	11011
3	2023-04-18	13:46:26	5589.7954	2	0.0102	0.0013	5592.2278	2.1	-4.9	1.0960	-0.0847	0.0003	0.1372	-2.4852	60	0.000	55.800000	37.500000	179.70	55.781250	37.639381	211.4	11011
3	2023-04-18	13:47:26	5589.7970	2	0.0084	0.0011	5592.2295	2.1	-5.1	1.0910	-0.0849	0.0004	0.1373	-2.4852	60	0.000	55.800000	37.500000	179.70	55.780926	37.639362	210.3	11011
3	2023-04-18	13:48:26	5589.7966	2	0.0073	0.0009	5592.2291	2.8	-6.7	1.1012	-0.0851	0.0006	0.1372	-2.4852	60	0.000	55.800000	37.500000	179.70	55.781010	37.639389	210.0	11011
3	2023-04-18	13:49:26	5589.7950	2	0.0075	0.0010	5592.2280	3.2	-4.8	1.0978	-0.0853	0.0004	0.1372	-2.4853	60	0.000	55.800000	37.500000	179.70	55.780762	37.639160	210.1	11011
3	2023-04-18	13:50:26	5589.7959	2	0.0075	0.0010	5592.2288	2.3	-5.5	1.1045	-0.0856	0.0004	0.1374	-2.4853	60	0.000	55.800000	37.500000	179.70	55.780899	37.639030	210.5	11011
3	2023-04-18	13:51:26	5589.7950	2	0.0071	0.0009	5592.2282	2.8	-5.3	1.0932	-0.0858	0.0006	0.1372	-2.4853	60	0.000	55.800000	37.500000	179.70	55.780842	37.639046	212.1	11011
3	2023-04-18	13:52:26	5589.7965	2	0.0091	0.0012	5592.2298	2.6	-6.1	1.0985	-0.0860	0.0006	0.1374	-2.4853	60	0.000	55.800000	37.500000	179.70	55.780899	37.638798	213.8	11011
3	2023-04-18	13:53:26	5589.7964	2	0.0066	0.0009	5592.2298	2.3	-6.1	1.0972	-0.0862	0.0007	0.1374	-2.4853	60	0.000	55.800000	37.500000	179.70	55.781242	37.638752	215.1	11011
3	2023-04-18	13:54:26	5589.7965	2	0.0091	0.0012	5592.2305	2.4	-4.6	1.0990	-0.0864	0.0004	0.1373	-2.4853	60	0.000	55.800000	37.500000	179.70	55.781162	37.638580	215.8	11011
3	2023-04-18	13:55:26	5589.7959	2	0.0094	0.0012	5592.2301	1.9	-4.4	1.0970	-0.0866	0.0004	0.1373	-2.4853	60	0.000	55.800000	37.500000	179.70	55.780823	37.639229	217.4	11011
3	2023-04-18	13:56:26	5589.7968	2	0.0090	0.0012	5592.2308	3.3	-5.8	1.1004	-0.0868	0.0006	0.1375	-2.4853	60	0.000	55.800000	37.500000	179.70	55.780762	37.639202	218.1	11011
3	2023-04-18	13:57:26	5589.7966	2	0.0065	0.0008	5592.2310	3.5	-6.9	1.1011	-0.0870	0.0007	0.1372	-2.4853	60	0.000	55.800000	37.500000	179.70	55.781097	37.638916	220.8	11011
3	2023-04-18	13:58:26	5589.7948	2	0.0089	0.0012	5592.2295	2.8	-5.2	1.0943	-0.0872	0.0005	0.1374	-2.4853	60	0.000	55.800000	37.500000	179.70	55.781143	37.639065	224.0	11011
3	2023-04-18	13:59:26	5589.7966	2	0.0084	0.0011	5592.2314	3.6	-5.7	1.1046	-0.0874	0.0006	0.1374	-2.4853	60	0.000	55.800000	37.500000	179.70	55.781021	37.639050	225.3	11011
3	2023-04-18	14:00:26	5589.7966	2	0.0077	0.0010	5592.2312	1.2	-7.9	1.1071	-0.0876	0.0009	0.1375	-2.4853	60	0.000	55.800000	37.500000	179.70	55.781078	37.639076	226.5	11011
3	2023-04-18	14:01:26	5589.7960	2	0.0078	0.0010	5592.2314	0.7	-5.6	1.1013	-0.0878	0.0004	0.1374	-2.4854	60	0.000	55.800000	37.500000	179.70	55.781242	37.639297	228.1	11011
3	2023-04-18	14:02:26	5589.7949	2	0.0084	0.0011	5592.2300	2.3	-7.5	1.0969	-0.0880	0.0008	0.1374	-2.4854	60	0.000	55.800000	37.500000	179.70	55.781174	37.639046	229.5	11011
3	2023-04-18	14:03:26	5589.7964	2	0.0087	0.0011	5592.2318	3.0	-7.3	1.0998	-0.0882	0.0006	0.1375	-2.4854	60	0.000	55.800000	37.500000	179.70	55.781105	37.639095	229.2	11011
3	2023-04-18	14:04:26	5589.7958	2	0.0083	0.0011	5592.2312	5.3	-6.2	1.1010	-0.0883	0.0007	0.1376	-2.4854	60	0.000	55.800000	37.500000	179.70	55.780823	37.639412	229.6	11011
3	2023-04-18	14:05:26	5589.7971	2	0.0078	0.0010	5592.2321	7.0	-6.0	1.0954	-0.0885	0.0012	0.1377	-2.4854	60	0.000	55.800000	37.500000	179.70	55.780918	37.639351	230.0	11011
3	2023-04-18	14:06:26	5589.7941	2	0.0116	0.0015	5592.2300	3.9	-6.1	1.1001	-0.0887	0.0006	0.1375	-2.4854	60	0.000	55.800000	37.500000	179.70	--	--	--	11011
3	2023-04-18	14:07:26	5589.7953	2	0.0128	0.0017	5592.2313	4.4	-6.2	1.0920	-0.0889	0.0008	0.1375	-2.4854	60	0.000	55.800000	37.500000	179.70	55.780659	37.638687	230.4	11011
3	2023-04-18	14:08:26	5589.7963	2	0.0081	0.0011	5592.2326	4.4	-5.2	1.0951	-0.0890	0.0007	0.1374	-2.4854	60	0.000	55.800000	37.500000	179.70	55.780724	37.639259	230.1	11011
3	2023-04-18	14:09:26	5589.7974	2	0.0104	0.0013	5592.2338	4.5	-6.0	1.0968	-0.0892	0.0008	0.1374	-2.4854	60	0.000	55.800000	37.500000	179.70	55.780956	37.639275	230.2	11011
3	2023-05-02	06:03:01	5589.1370	2	0.0291	0.0038	5591.6582	-1.1	0.3	1.0720	-0.0136	0.0001	0.1348	-2.6425	60	0.000	55.800000	37.500000	179.70	--	--	--	11011
3	2023-05-02	06:04:01	5589.1374	2	0.0203	0.0026	5591.6583	0.1	-1.0	1.0803	-0.0133	0.0001	0.1348	-2.6425	60	0.000	55.800000	37.500000	179.70	--	--	--	11011
3	2023-05-02	06:05:01	5589.1369	2	0.0259	0.0033	5591.6577	-3.5	-1.0	1.0703	-0.0130	0.0003	0.1346	-2.6425	60	0.000	55.800000	37.500000	179.70	--	--	--	11011
3	2023-05-02	06:06:01	5589.1370	2	0.0309	0.0040	5591.6577	-1.7	-2.1	1.0782	-0.0128	0.0002	0.1345	-2.6426	60	0.000	55.800000	37.500000	179.70	--	--	--	11011
3	2023-05-02	06:07:01	5589.1370	2	0.0275	0.0035	5591.6574	-1.8	-2.0	1.0727	-0.0125	0.0002	0.1345	-2.6426	60	0.000	55.800000	37.500000	179.70	--	--	--	11011
3	2023-05-02	06:08:01	5589.1365	2	0.0249	0.0032	5591.6566	-2.7	-3.1	1.0788	-0.0122	0.0004	0.1343	-2.6426	60	0.000	55.800000	37.500000	179.70	--	--	--	11011
3	2023-05-02	06:09:01	5589.1375	2	0.0199	0.0026	5591.6575	-3.1	-2.8	1.0722	-0.0119	0.0003	0.1343	-2.6426	60	0.000	55.800000	37.500000	179.70	--	--	--	11011
3	2023-05-02	06:10:01	5589.1381	2	0.0234	0.0030	5591.6578	-1.2	-2.7	1.0695	-0.0117	0.0002	0.1344	-2.6426	60	0.000	55.800000	37.500000	179.70	--	--	--	11011
3	2023-05-02	06:11:01	5589.1384	2	0.0236	0.0030	5591.6580	-3.5	-0.9	1.0687	-0.0114	0.0002	0.1342	-2.6426	60	0.000	55.800000	37.500000	179.70	--	--	--	11011
3	2023-05-02	06:12:01	5589.1372	2	0.0246	0.0032	5591.6567	-1.7	-0.1	1.0784	-0.0111	0.0001	0.1342	-2.6426	60	0.000	55.800000	37.500000	179.70	--	--	--	11011
3	2023-05-02	06:13:01	5589.1361	2	0.0172	0.0022	5591.6552	0.2	-1.7	1.0757	-0.0109	0.0001	0.1342	-2.6426	60	0.000	55.800000	37.500000	179.70	--	--	--	11011
3	2023-05-02	06:14:01	5589.1369	2	0.0226	0.0029	5591.6560	-0.4	-1.7	1.0787	-0.0106	0.0001	0.1341	-2.6426	60	0.000	55.800000	37.500000	179.70	--	--	--	11011
3	2023-05-02	06:15:01	5589.1361	2	0.0275	0.0035	5591.6548	-0.2	-2.0	1.0769	-0.0103	0.0001	0.1341	-2.6426	60	0.000	55.800000	37.500000	179.70	--	--	--	11011
3	2023-05-02	06:16:01	5589.1364	2	0.0195	0.0025	5591.6548	0.5	-1.9	1.0780	-0.0101	0.0001	0.1342	-2.6426	60	0.000	55.800000	37.500000	179.70	--	--	--	11011
3	2023-05-02	06:17:01	5589.1354	2	0.0247	0.0032	5591.6535	0.5	-3.3	1.0739	-0.0098	0.0002	0.1342	-2.6426	60	0.000	55.800000	37.500000	179.70	--	--	--	11011
3	2023-05-02	06:18:01	5589.1367	2	0.0217	0.0028	5591.6545	0.3	-3.8	1.0657	-0.0096	0.0002	0.1342	-2.6426	60	0.000	55.800000	37.500000	179.70	--	--	--	11011
3	2023-05-02	06:19:01	5589.1373	2	0.0243	0.0031	5591.6550	-2.5	-1.4	1.0762	-0.0093	0.0001	0.1342	-2.6427	60	0.000	55.800000	37.500000	179.70	--	--	--	11011
3	2023-05-02	06:20:01	5589.1363	2	0.0243	0.0031	5591.6537	-0.9	-1.8	1.0732	-0.0090	0.0001	0.1341	-2.6427	60	0.000	55.800000	37.500000	179.70	--	--	--	11011
3	2023-05-02	06:21:01	5589.1360	2	0.0183	0.0024	5591.6530	-0.4	-4.3	1.0788	-0.0088	0.0003	0.1342	-2.6427	60	0.000	55.800000	37.500000	179.70	--	--	--	11011
3	2023-05-02	06:22:01	5589.1360	2	0.0185	0.0024	5591.6526	-1.6	-5.5	1.0761	-0.0085	0.0005	0.1342	-2.6427	60	0.000	55.800000	37.500000	179.70	--	--	--	11011
3	2023-05-02	06:23:01	5589.1364	2	0.0156	0.0020	5591.6525	-1.0	-5.2	1.0771	-0.0083	0.0006	0.1343	-2.6427	60	0.000	55.800000	37.500000	179.70	--	--	--	11011
3	2023-05-02	06:24:01	5589.1355	2	0.0209	0.0027	5591.6518	-1.2	-4.5	1.0695	-0.0080	0.0002	0.1343	-2.6427	60	0.000	55.800000	37.500000	179.70	--	--	--	11011
3	2023-05-02	06:25:01	5589.1365	2	0.0234	0.0030	5591.6525	-0.4	-2.4	1.0723	-0.0078	0.0001	0.1344	-2.6427	60	0.000	55.800000	37.500000	179.70	--	--	--	11011
3	2023-05-02	06:26:01	5589.1354	2	0.0252	0.0032	5591.6511	-1.3	-1.9	1.0782	-0.0076	0.0001	0.1344	-2.6427	60	0.000	55.800000	37.500000	179.70	55.780861	37.639313	200.4	11011
3	2023-05-02	06:27:01	5589.1357	2	0.0180	0.0023	5591.6510	-2.5	-3.3	1.0784	-0.0073	0.0004	0.1344	-2.6427	60	0.000	55.800000	37.500000	179.70	55.780727	37.639076	203.8	11011
3	2023-05-02	06:28:01	5589.1362	2	0.0244	0.0031	5591.6512	-4.2	-2.7	1.0724	-0.0071	0.0002	0.1345	-2.6427	60	0.000	55.800000	37.500000	179.70	55.781143	37.639133	209.5	11011
3	2023-05-02	06:29:01	5589.1360	2	0.0222	0.0029	5591.6508	-3.2	-3.8	1.0756	-0.0068	0.0003	0.1344	-2.6427	60	0.000	55.800000	37.500000	179.70	55.780678	37.639191	216.6	11011
3	2023-05-02	06:30:01	5589.1355	2	0.0274	0.0035	5591.6500	-3.8	-3.4	1.0798	-0.0066	0.0004	0.1345	-2.6427	60	0.000	55.800000	37.500000	179.70	55.780964	37.639362	208.7	11011
3	2023-05-02	06:31:01	5589.1356	2	0.0240	0.0031	5591.6496	-2.5	-5.6	1.0720	-0.0064	0.0005	0.1346	-2.6428	60	0.000	55.800000	37.500000	179.70	55.781109	37.639526	202.3	11011
3	2023-05-02	06:32:01	5589.1359	2	0.0251	0.0032	5591.6494	-3.2	-6.9	1.0734	-0.0061	0.0008	0.1347	-2.6428	60	0.000	55.800000	37.500000	179.70	55.780785	37.639332	201.4	11011
3	2023-05-02	06:33:01	5589.1368	2	0.0302	0.0039	5591.6502	-3.1	-5.4	1.0736	-0.0059	0.0005	0.1347	-2.6428	60	0.000	55.800000	37.500000	179.70	--	--	--	11011
3	2023-05-02	06:34:01	5589.1355	2	0.0201	0.0026	5591.6485	-4.4	-4.5	1.0788	-0.0057	0.0007	0.1347	-2.6428	60	0.000	55.800000	37.500000	179.70	--	--	--	11011
3	2023-05-02	06:35:01	5589.1352	2	0.0181	0.0023	5591.6480	-4.8	-4.9	1.0744	-0.0055	0.0007	0.1347	-2.6428	60	0.000	55.800000	37.500000	179.70	--	--	--	11011
3	2023-05-02	06:36:01	5589.1361	2	0.0224	0.0029	5591.6491	-4.1	-3.6	1.0803	-0.0052	0.0003	0.1347	-2.6428	60	0.000	55.800000	37.500000	179.70	55.780926	37.639275	206.5	11011
3	2023-05-02	06:37:01	5589.1347	2	0.0225	0.0029	5591.6476	-1.8	-2.7	1.0800	-0.0050	0.0002	0.1347	-2.6428	60	0.000	55.800000	37.500000	179.70	--	--	--	11011
3	2023-05-02	06:38:01	5589.1354	2	0.0233	0.0030	5591.6478	-4.0	-3.1	1.0743	-0.0048	0.0003	0.1348	-2.6428	60	0.000	55.800000	37.500000	179.70	55.780201	37.639133	203.3	11011
3	2023-05-02	06:39:01	5589.1345	2	0.0222	0.0029	5591.6469	-4.1	-2.1	1.0758	-0.0046	0.0003	0.1347	-2.6428	60	0.000	55.800000	37.500000	179.70	--	--	--	11011
3	2023-05-02	06:40:01	5589.1362	2	0.0192	0.0025	5591.6483	-2.4	-3.7	1.0845	-0.0044	0.0003	0.1348	-2.6428	60	0.000	55.800000	37.500000	179.70	--	--	--	11011
3	2023-05-02	06:41:01	5589.1363	2	0.0207	0.0027	5591.6483	-3.3	-3.4	1.0767	-0.0042	0.0003	0.1347	-2.6428	60	0.000	55.800000	37.500000	179.70	55.781841	37.639584	210.0	11011
3	2023-05-02	06:42:01	5589.1362	2	0.0238	0.0031	5591.6479	-3.0	-3.8	1.0816	-0.0040	0.0003	0.1348	-2.6428	60	0.000	55.800000	37.500000	179.70	55.781326	37.639458	216.8	11011
3	2023-05-02	06:43:01	5589.1335	2	0.0215	0.0028	5591.6451	-4.9	-2.3	1.0779	-0.0038	0.0003	0.1348	-2.6428	60	0.000	55.800000	37.500000	179.70	55.780766	37.639381	207.6	11011
3	2023-05-02	06:44:01	5589.1329	2	0.0245	0.0032	5591.6441	-3.2	-2.9	1.0790	-0.0036	0.0002	0.1350	-2.6429	60	0.000	55.800000	37.500000	179.70	55.781185	37.639389	206.1	11011
3	2023-05-02	06:45:01	5589.1337	2	0.0244	0.0032	5591.6447	-4.2	-2.7	1.0802	-0.0034	0.0003	0.1349	-2.6429	60	0.000	55.800000	37.500000	179.70	55.780647	37.639755	203.1	11011
3	2023-05-02	06:46:01	5589.1332	2	0.0251	0.0032	5591.6441	-4.0	-4.6	1.0784	-0.0032	0.0003	0.1348	-2.6429	60	0.000	55.800000	37.500000	179.70	55.781715	37.639011	201.6	11011
3	2023-05-02	06:47:01	5589.1346	2	0.0235	0.0030	5591.6449	-3.7	-5.7	1.0735	-0.0030	0.0006	0.1349	-2.6429	60	0.000	55.800000	37.500000	179.70	55.781605	37.639114	217.6	11011
3	2023-05-02	06:48:01	5589.1346	2	0.0226	0.0029	5591.6447	-3.1	-5.6	1.0766	-0.0028	0.0006	0.1349	-2.6429	60	0.000	55.800000	37.500000	179.70	55.781357	37.639286	211.3	11011
3	2023-05-02	06:49:01	5589.1333	2	0.0238	0.0031	5591.6433	-4.5	-3.7	1.0819	-0.0026	0.0004	0.1350	-2.6429	60	0.000	55.800000	37.500000	179.70	55.781582	37.639305	213.8	11011
3	2023-05-02	06:50:01	5589.1338	2	0.0218	0.0028	5591.6438	-4.5	-4.5	1.0848	-0.0024	0.0005	0.1348	-2.6429	60	0.000	55.800000	37.500000	179.70	55.781185	37.639305	213.6	11011
3	2023-05-02	06:51:01	5589.1333	2	0.0248	0.0032	5591.6428	-4.6	-5.0	1.0812	-0.0022	0.0005	0.1350	-2.6429	60	0.000	55.800000	37.500000	179.70	55.781143	37.639420	208.4	11011
3	2023-05-02	06:52:01	5589.1331	2	0.0247	0.0032	5591.6425	-5.1	-5.4	1.0776	-0.0020	0.0006	0.1349	-2.6429	60	0.000	55.800000	37.500000	179.70	55.781067	37.639381	212.9	11011
3	2023-05-02	06:53:01	5589.1323	2	0.0234	0.0030	5591.6413	-5.2	-5.3	1.0756	-0.0018	0.0007	0.1351	-2.6429	60	0.000	55.800000	37.500000	179.70	55.780842	37.639446	215.8	11011
3	2023-05-02	06:54:01	5589.1317	2	0.0258	0.0033	5591.6409	-3.6	-4.8	1.0889	-0.0016	0.0004	0.1350	-2.6429	60	0.000	55.800000	37.500000	179.70	55.780727	37.639370	211.2	11011
3	2023-05-02	06:55:01	5589.1335	2	0.0275	0.0035	5591.6424	-4.9	-4.9	1.0892	-0.0015	0.0007	0.1349	-2.6429	60	0.000	55.800000	37.500000	179.70	55.780937	37.639446	216.3	11011
3	2023-05-02	06:56:01	5589.1331	2	0.0274	0.0035	5591.6413	-5.8	-4.0	1.0752	-0.0013	0.0009	0.1352	-2.6430	60	0.000	55.800000	37.500000	179.70	55.780792	37.639374	211.6	11011
3	2023-05-02	06:57:01	5589.1339	2	0.0220	0.0028	5591.6425	-5.7	-3.3	1.0834	-0.0011	0.0005	0.1350	-2.6430	60	0.000	55.800000	37.500000	179.70	55.781582	37.639523	212.4	11011
3	2023-05-02	06:58:01	5589.1329	2	0.0226	0.0029	5591.6411	-4.2	-5.7	1.0759	-0.0009	0.0005	0.1352	-2.6430	60	0.000	55.800000	37.500000	179.70	55.780582	37.639458	217.4	11011
3	2023-05-02	06:59:01	5589.1337	2	0.0281	0.0036	5591.6420	-4.1	-3.9	1.0834	-0.0008	0.0004	0.1351	-2.6430	60	0.000	55.800000	37.500000	179.70	55.781403	37.639420	219.7	11011
3	2023-05-02	07:00:01	5589.1338	2	0.0238	0.0031	5591.6417	-5.9	-4.4	1.0767	-0.0006	0.0005	0.1352	-2.6430	60	0.000	55.800000	37.500000	179.70	55.781010	37.639278	203.7	11011
3	2023-05-02	07:01:01	5589.1328	2	0.0305	0.0039	5591.6405	-4.7	-3.9	1.0835	-0.0004	0.0004	0.1353	-2.6430	60	0.000	55.800000	37.500000	179.70	55.781471	37.639465	200.8	11011
3	2023-05-02	07:02:01	5589.1339	2	0.0163	0.0021	5591.6416	-4.6	-2.7	1.0831	-0.0003	0.0004	0.1352	-2.6430	60	0.000	55.800000	37.500000	179.70	55.781536	37.639389		11011
23	2023-05-02	08:36:58	5566.5412	2	0.0304	0.0039	5569.0409	-0.9	3.4	1.1266	0.0032	0.0002	0.1407	-2.6438	60	0.000	55.800000	37.500000	179.70	55.699436	36.758945	198.9	11011
23	2023-05-02	08:37:58	5566.5411	2	0.0361	0.0047	5569.0414	-0.4	4.3	1.1163	0.0031	0.0003	0.1402	-2.6438	60	0.000	55.800000	37.500000	179.70	55.699406	36.758617	204.3	11011
23	2023-05-02	08:38:58	5566.5412	2	0.0282	0.0036	5569.0419	1.2	4.7	1.1241	0.0030	0.0003	0.1398	-2.6438	60	0.000	55.800000	37.500000	179.70	55.699551	36.759907	204.4	11011
23	2023-05-02	08:39:58	5566.5428	2	0.0259	0.0033	5569.0438	-0.4	5.5	1.1125	0.0029	0.0005	0.1394	-2.6438	60	0.000	55.800000	37.500000	179.70	55.699635	36.760624	203.7	11011
23	2023-05-02	08:40:58	5566.5428	2	0.0272	0.0035	5569.0446	-1.4	5.2	1.1121	0.0028	0.0004	0.1389	-2.6438	60	0.000	55.800000	37.500000	179.70	--	--	--	11011
23	2023-05-02	08:41:58	5566.5426	2	0.0281	0.0036	5569.0448	-3.7	3.2	1.1105	0.0027	0.0003	0.1386	-2.6438	60	0.000	55.800000	37.500000	179.70	--	--	--	11011
23	2023-05-02	08:42:58	5566.5422	2	0.0295	0.0038	5569.0451	-2.9	2.9	1.1064	0.0026	0.0002	0.1381	-2.6438	60	0.000	55.800000	37.500000	179.70	55.699425	36.758236	175.8	11011
23	2023-05-02	08:43:58	5566.5436	2	0.0285	0.0037	5569.0468	-1.1	3.9	1.0989	0.0025	0.0003	0.1379	-2.6438	60	0.000	55.800000	37.500000	179.70	55.699387	36.758293	180.4	11011
23	2023-05-02	08:44:58	5566.5435	2	0.0273	0.0035	5569.0471	-1.6	4.5	1.0937	0.0024	0.0003	0.1375	-2.6438	60	0.000	55.800000	37.500000	179.70	55.699490	36.758789	188.4	11011
23	2023-05-02	08:45:58	5566.5428	2	0.0309	0.0040	5569.0471	1.1	5.0	1.0954	0.0023	0.0003	0.1370	-2.6438	60	0.000	55.800000	37.500000	179.70	55.699547	36.758049	194.8	11011
23	2023-05-02	08:46:58	5566.5437	2	0.0276	0.0036	5569.0484	-0.8	5.3	1.0942	0.0021	0.0004	0.1366	-2.6438	60	0.000	55.800000	37.500000	179.70	55.699501	36.757877	213.3	11011
23	2023-05-02	08:47:58	5566.5451	2	0.0288	0.0037	5569.0505	-0.1	2.1	1.0906	0.0020	0.0001	0.1363	-2.6438	60	0.000	55.800000	37.500000	179.70	--	--	--	11011
23	2023-05-02	08:48:58	5566.5426	2	0.0341	0.0044	5569.0483	-0.3	4.2	1.0895	0.0019	0.0003	0.1359	-2.6439	60	0.000	55.800000	37.500000	179.70	55.699413	36.757858	166.3	11011
23	2023-05-02	08:49:58	5566.5452	2	0.0310	0.0040	5569.0508	-1.4	7.2	1.0809	0.0018	0.0008	0.1357	-2.6439	60	0.000	55.800000	37.500000	179.70	--	--	--	11011
23	2023-05-02	08:50:58	5566.5456	2	0.0331	0.0043	5569.0517	-2.5	6.8	1.0820	0.0017	0.0008	0.1354	-2.6439	60	0.000	55.800000	37.500000	179.70	--	--	--	11011
23	2023-05-02	08:51:58	5566.5444	2	0.0202	0.0026	5569.0512	-1.1	5.0	1.0829	0.0015	0.0003	0.1352	-2.6439	60	0.000	55.800000	37.500000	179.70	--	--	--	11011
23	2023-05-02	08:52:58	5566.5443	2	0.0284	0.0037	5569.0512	-1.3	6.7	1.0752	0.0014	0.0007	0.1349	-2.6439	60	0.000	55.800000	37.500000	179.70	--	--	--	11011
23	2023-05-02	08:53:58	5566.5468	2	0.0321	0.0041	5569.0536	-1.9	8.9	1.0790	0.0013	0.0012	0.1347	-2.6439	60	0.000	55.800000	37.500000	179.70	55.699589	36.758369	203.4	11011
23	2023-05-02	08:54:58	5566.5453	2	0.0299	0.0039	5569.0528	-1.7	9.1	1.0753	0.0012	0.0009	0.1344	-2.6439	60	0.000	55.800000	37.500000	179.70	55.699570	36.758469	204.3	11011
23	2023-05-02	08:55:58	5566.5473	2	0.0406	0.0052	5569.0546	-0.6	10.4	1.0725	0.0010	0.0014	0.1341	-2.6439	60	0.000	55.800000	37.500000	179.70	55.699253	36.758713	203.3	11011
23	2023-05-02	08:56:58	5566.5475	2	0.0353	0.0046	5569.0549	-0.9	11.5	1.0666	0.0009	0.0017	0.1339	-2.6439	60	0.000	55.800000	37.500000	179.70	55.699299	36.757961	207.4	11011
23	2023-05-02	08:57:58	5566.5474	2	0.0378	0.0049	5569.0543	-1.2	13.8	1.0724	0.0007	0.0024	0.1338	-2.6439	60	0.000	55.800000	37.500000	179.70	55.699226	36.757561	201.0	11011
23	2023-05-02	08:58:58	5566.5467	2	0.0407	0.0053	5569.0548	-0.6	11.5	1.0713	0.0006	0.0017	0.1335	-2.6439	60	0.000	55.800000	37.500000	179.70	55.699291	36.757668	195.7	11011
23	2023-05-02	08:59:58	5566.5476	2	0.0259	0.0033	5569.0556	0.0	12.8	1.0543	0.0005	0.0021	0.1334	-2.6439	60	0.000	55.800000	37.500000	179.70	55.699425	36.758038	193.8	11011
23	2023-05-02	09:00:58	5566.5487	2	0.0246	0.0032	5569.0570	0.0	13.9	1.0638	0.0003	0.0023	0.1331	-2.6440	60	0.000	55.800000	37.500000	179.70	55.699398	36.758316	193.9	11011
23	2023-05-02	09:01:58	5566.5480	2	0.0249	0.0032	5569.0567	-0.4	13.5	1.0594	0.0002	0.0022	0.1329	-2.6440	60	0.000	55.800000	37.500000	179.70	55.699425	36.757725	195.9	11011
23	2023-05-02	09:02:58	5566.5482	2	0.0218	0.0028	5569.0579	-0.2	12.2	1.0589	0.0000	0.0017	0.1326	-2.6440	60	0.000	55.800000	37.500000	179.70	--	--	--	11011
23	2023-05-02	09:03:58	5566.5476	2	0.0305	0.0039	5569.0574	0.9	12.2	1.0561	-0.0001	0.0017	0.1326	-2.6440	60	0.000	55.800000	37.500000	179.70	55.699291	36.757702	198.5	11011
23	2023-05-02	09:04:58	5566.5488	2	0.0275	0.0036	5569.0584	0.7	13.0	1.0595	-0.0003	0.0021	0.1325	-2.6440	60	0.000	55.800000	37.500000	179.70	55.699356	36.757771	198.9	11011
23	2023-05-02	09:05:58	5566.5492	2	0.0298	0.0039	5569.0595	0.6	12.8	1.0538	-0.0005	0.0019	0.1323	-2.6440	60	0.000	55.800000	37.500000	179.70	55.699463	36.757759	196.7	11011
23	2023-05-02	09:06:58	5566.5490	2	0.0279	0.0036	5569.0598	-2.0	11.9	1.0557	-0.0006	0.0019	0.1320	-2.6440	60	0.000	55.800000	37.500000	179.70	55.699471	36.757828	194.9	11011
23	2023-05-02	09:07:58	5566.5491	2	0.0294	0.0038	5569.0598	-1.8	13.5	1.0556	-0.0008	0.0023	0.1318	-2.6440	60	0.000	55.800000	37.500000	179.70	55.699444	36.757771	188.9	11011
23	2023-05-02	09:08:58	5566.5497	2	0.0315	0.0041	5569.0603	-1.3	14.6	1.0515	-0.0009	0.0024	0.1319	-2.6440	60	0.000	55.800000	37.500000	179.70	55.699398	36.757721	184.9	11011
23	2023-05-02	09:09:58	5566.5488	2	0.0312	0.0040	5569.0597	-0.8	14.7	1.0410	-0.0011	0.0027	0.1315	-2.6440	60	0.000	55.800000	37.500000	179.70	55.699425	36.757744	184.3	11011
23	2023-05-02	09:10:58	5566.5502	2	0.0365	0.0047	5569.0609	-1.3	16.6	1.0459	-0.0013	0.0033	0.1313	-2.6440	60	0.000	55.800000	37.500000	179.70	55.699471	36.757713	185.2	11011
23	2023-05-02	09:11:58	5566.5515	2	0.0307	0.0040	5569.0622	-2.0	17.2	1.0445	-0.0014	0.0035	0.1313	-2.6440	60	0.000	55.800000	37.500000	179.70	55.699432	36.757648	186.1	11011
23	2023-05-02	09:12:58	5566.5496	2	0.0301	0.0039	5569.0614	-0.6	15.9	1.0505	-0.0016	0.0027	0.1313	-2.6440	60	0.000	55.800000	37.500000	179.70	55.699387	36.757790	186.8	11011
23	2023-05-02	09:13:58	5566.5494	2	0.0278	0.0036	5569.0603	-0.5	17.0	1.0460	-0.0018	0.0037	0.1312	-2.6441	60	0.000	55.800000	37.500000	179.70	55.699512	36.757637	187.2	11011
23	2023-05-02	09:14:58	5566.5493	2	0.0282	0.0036	5569.0615	-1.0	16.2	1.0558	-0.0020	0.0029	0.1310	-2.6441	60	0.000	55.800000	37.500000	179.70	55.699413	36.757706	192.8	11011
23	2023-05-02	09:15:58	5566.5505	2	0.0427	0.0055	5569.0619	-1.0	17.5	1.0452	-0.0021	0.0040	0.1307	-2.6441	60	0.000	55.800000	37.500000	179.70	55.699455	36.757713	196.8	11011
23	2023-05-02	09:16:58	5566.5508	2	0.0249	0.0032	5569.0626	0.5	17.2	1.0444	-0.0023	0.0039	0.1307	-2.6441	60	0.000	55.800000	37.500000	179.70	55.699375	36.757702	196.6	11011
23	2023-05-02	09:17:58	5566.5500	2	0.0289	0.0037	5569.0627	0.2	16.7	1.0458	-0.0025	0.0033	0.1306	-2.6441	60	0.000	55.800000	37.500000	179.70	55.699337	36.757801	193.2	11011
23	2023-05-02	09:18:58	5566.5496	2	0.0366	0.0047	5569.0628	1.5	16.5	1.0420	-0.0027	0.0030	0.1306	-2.6441	60	0.000	55.800000	37.500000	179.70	55.699318	36.757702	192.7	11011
23	2023-05-02	09:19:58	5566.5511	2	0.0315	0.0041	5569.0652	1.5	15.6	1.0436	-0.0029	0.0027	0.1302	-2.6441	60	0.000	55.800000	37.500000	179.70	55.699368	36.757732	190.9	11011
23	2023-05-02	09:20:58	5566.5493	2	0.0232	0.0030	5569.0632	0.7	16.1	1.0405	-0.0031	0.0030	0.1302	-2.6441	60	0.000	55.800000	37.500000	179.70	55.699356	36.757713	190.4	11011
23	2023-05-02	09:21:58	5566.5513	2	0.0426	0.0055	5569.0650	3.3	17.6	1.0417	-0.0033	0.0035	0.1302	-2.6441	60	0.000	55.800000	37.500000	179.70	55.699379	36.757706	190.2	11011
23	2023-05-02	09:22:58	5566.5499	2	0.0304	0.0039	5569.0644	2.5	16.1	1.0428	-0.0035	0.0030	0.1300	-2.6441	60	0.000	55.800000	37.500000	179.70	55.699348	36.757732	190.1	11011
23	2023-05-02	09:23:58	5566.5518	2	0.0309	0.0040	5569.0658	1.1	17.5	1.0367	-0.0037	0.0040	0.1298	-2.6441	60	0.000	55.800000	37.500000	179.70	55.699341	36.757637	190.5	11011
23	2023-05-02	09:24:58	5566.5521	2	0.0339	0.0044	5569.0661	0.4	18.6	1.0403	-0.0039	0.0041	0.1299	-2.6441	60	0.000	55.800000	37.500000	179.70	55.699337	36.757645	188.8	11011
23	2023-05-02	09:25:58	5566.5511	2	0.0298	0.0039	5569.0663	0.2	17.1	1.0440	-0.0041	0.0033	0.1297	-2.6442	60	0.000	55.800000	37.500000	179.70	55.699341	36.757744	188.3	11011
23	2023-05-02	09:26:58	5566.5505	2	0.0282	0.0036	5569.0652	1.0	18.9	1.0430	-0.0043	0.0040	0.1297	-2.6442	60	0.000	55.800000	37.500000	179.70	55.699425	36.757725	188.6	11011
23	2023-05-02	09:27:58	5566.5520	2	0.0318	0.0041	5569.0666	0.2	18.9	1.0342	-0.0045	0.0044	0.1297	-2.6442	60	0.000	55.800000	37.500000	179.70	55.699375	36.757702	189.3	11011
23	2023-05-02	09:28:58	5566.5508	2	0.0216	0.0028	5569.0657	0.9	19.1	1.0333	-0.0047	0.0044	0.1295	-2.6442	60	0.000	55.800000	37.500000	179.70	55.699387	36.757732	188.5	11011
23	2023-05-02	09:29:58	5566.5516	2	0.0315	0.0041	5569.0664	-1.3	19.4	1.0312	-0.0049	0.0046	0.1296	-2.6442	60	0.000	55.800000	37.500000	179.70	55.699356	36.757637	188.4	11011
23	2023-05-02	09:30:58	5566.5520	2	0.0318	0.0041	5569.0671	0.0	19.6	1.0342	-0.0051	0.0046	0.1296	-2.6442	60	0.000	55.800000	37.500000	179.70	55.699356	36.757645	184.2	11011
23	2023-05-02	09:31:58	5566.5517	2	0.0386	0.0050	5569.0672	-0.1	20.5	1.0342	-0.0053	0.0045	0.1295	-2.6442	60	0.000	55.800000	37.500000	179.70	55.699310	36.757828	185.6	11011
23	2023-05-02	09:32:58	5566.5516	2	0.0368	0.0047	5569.0672	-0.5	20.3	1.0324	-0.0055	0.0047	0.1294	-2.6442	60	0.000	55.800000	37.500000	179.70	55.699368	36.757664	180.5	11011
23	2023-05-02	09:33:58	5566.5517	2	0.0299	0.0039	5569.0687	-0.3	18.2	1.0274	-0.0057	0.0038	0.1292	-2.6442	60	0.000	55.800000	37.500000	179.70	55.699375	36.757797	176.2	11011
23	2023-05-02	09:34:58	5566.5531	2	0.0363	0.0047	5569.0701	-0.2	18.8	1.0378	-0.0059	0.0041	0.1291	-2.6442	60	0.000	55.800000	37.500000	179.70	55.699413	36.757801	173.2	11011
23	2023-05-02	09:35:58	5566.5517	2	0.0269	0.0035	5569.0685	0.5	19.1	1.0323	-0.0062	0.0046	0.1290	-2.6442	60	0.000	55.800000	37.500000	179.70	55.699318	36.757778	172.6	11011
3	2023-05-02	11:13:29	5589.1338	2	0.0256	0.0033	5591.6722	3.3	-0.3	1.1192	-0.0335	0.0002	0.1399	-2.6450	60	0.000	55.800000	37.500000	179.70	55.780590	37.639553	161.6	11011
3	2023-05-02	11:14:29	5589.1320	2	0.0262	0.0034	5591.6706	4.9	-1.9	1.1176	-0.0338	0.0004	0.1399	-2.6450	60	0.000	55.800000	37.500000	179.70	55.781048	37.639305	161.3	11011
3	2023-05-02	11:15:29	5589.1326	2	0.0253	0.0033	5591.6720	2.6	-2.7	1.1173	-0.0341	0.0002	0.1396	-2.6450	60	0.000	55.800000	37.500000	179.70	55.781086	37.639236	161.4	11011
3	2023-05-02	11:16:29	5589.1326	2	0.0338	0.0044	5591.6727	0.8	-2.8	1.1169	-0.0345	0.0002	0.1393	-2.6450	60	0.000	55.800000	37.500000	179.70	55.780918	37.639446	162.1	11011
3	2023-05-02	11:17:29	5589.1309	2	0.0250	0.0032	5591.6714	2.2	-2.0	1.1186	-0.0348	0.0002	0.1391	-2.6450	60	0.000	55.800000	37.500000	179.70	55.780972	37.639420	162.5	11011
3	2023-05-02	11:18:29	5589.1313	2	0.0236	0.0030	5591.6723	3.7	-0.9	1.1064	-0.0351	0.0003	0.1388	-2.6450	60	0.000	55.800000	37.500000	179.70	55.781052	37.639256	161.7	11011
3	2023-05-02	11:19:29	5589.1315	2	0.0217	0.0028	5591.6729	2.7	-1.0	1.1084	-0.0354	0.0002	0.1389	-2.6451	60	0.000	55.800000	37.500000	179.70	55.781601	37.638962	161.9	11011
3	2023-05-02	11:20:29	5589.1319	2	0.0252	0.0032	5591.6739	2.4	-1.9	1.1096	-0.0357	0.0002	0.1386	-2.6451	60	0.000	55.800000	37.500000	179.70	55.781128	37.639439	161.6	11011
3	2023-05-02	11:21:29	5589.1316	2	0.0261	0.0034	5591.6738	3.4	-1.1	1.1111	-0.0360	0.0004	0.1384	-2.6451	60	0.000	55.800000	37.500000	179.70	55.781219	37.639103	162.5	11011
3	2023-05-02	11:22:29	5589.1314	2	0.0219	0.0028	5591.6742	3.3	-2.0	1.1051	-0.0363	0.0002	0.1384	-2.6451	60	0.000	55.800000	37.500000	179.70	55.781544	37.638531	164.3	11011
3	2023-05-02	11:23:29	5589.1318	2	0.0220	0.0028	5591.6750	3.3	-3.0	1.1062	-0.0366	0.0003	0.1383	-2.6451	60	0.000	55.800000	37.500000	179.70	55.781548	37.638885	163.3	11011
3	2023-05-02	11:24:29	5589.1320	2	0.0220	0.0028	5591.6756	3.6	-2.0	1.0990	-0.0369	0.0003	0.1381	-2.6451	60	0.000	55.800000	37.500000	179.70	55.781174	37.639191	163.1	11011
3	2023-05-02	11:25:29	5589.1324	2	0.0202	0.0026	5591.6762	3.9	-1.2	1.1040	-0.0372	0.0003	0.1381	-2.6451	60	0.000	55.800000	37.500000	179.70	55.780849	37.639412	162.5	11011
3	2023-05-02	11:26:29	5589.1315	2	0.0245	0.0032	5591.6760	2.5	-1.9	1.1077	-0.0375	0.0002	0.1379	-2.6451	60	0.000	55.800000	37.500000	179.70	55.780861	37.639221	162.1	11011
3	2023-05-02	11:27:29	5589.1333	2	0.0277	0.0036	5591.6784	1.6	-0.6	1.1035	-0.0378	0.0001	0.1378	-2.6451	60	0.000	55.800000	37.500000	179.70	55.781029	37.639450	162.3	11011
3	2023-05-02	11:28:29	5589.1316	2	0.0196	0.0025	5591.6769	1.6	-0.1	1.0999	-0.0381	0.0001	0.1378	-2.6451	60	0.000	55.800000	37.500000	179.70	55.781155	37.639446	162.5	11011
3	2023-05-02	11:29:29	5589.1325	2	0.0242	0.0031	5591.6782	2.1	-1.7	1.0987	-0.0384	0.0002	0.1377	-2.6451	60	0.000	55.800000	37.500000	179.70	55.781258	37.639050	161.9	11011
3	2023-05-02	11:30:29	5589.1335	2	0.0236	0.0030	5591.6795	2.3	-0.3	1.1002	-0.0388	0.0002	0.1377	-2.6451	60	0.000	55.800000	37.500000	179.70	55.780972	37.639275	162.7	11011
3	2023-05-02	11:31:29	5589.1328	2	0.0203	0.0026	5591.6795	0.4	-1.7	1.1003	-0.0391	0.0001	0.1374	-2.6452	60	0.000	55.800000	37.500000	179.70	55.780952	37.639164	163.4	11011
3	2023-05-02	11:32:29	5589.1331	2	0.0260	0.0034	5591.6800	1.2	-0.3	1.0950	-0.0394	0.0001	0.1375	-2.6452	60	0.000	55.800000	37.500000	179.70	55.780861	37.639381	163.6	11011
3	2023-05-02	11:33:29	5589.1316	2	0.0207	0.0027	5591.6791	1.3	0.0	1.0987	-0.0397	0.0001	0.1373	-2.6452	60	0.000	55.800000	37.500000	179.70	55.780666	37.639771	163.8	11011
3	2023-05-02	11:34:29	5589.1323	2	0.0202	0.0026	5591.6801	2.8	-0.0	1.0993	-0.0400	0.0001	0.1373	-2.6452	60	0.000	55.800000	37.500000	179.70	55.781013	37.639202	164.1	11011
3	2023-05-02	11:35:29	5589.1332	2	0.0283	0.0037	5591.6812	2.3	-1.5	1.0950	-0.0403	0.0002	0.1373	-2.6452	60	0.000	55.800000	37.500000	179.70	55.781288	37.638859	164.4	11011
3	2023-05-02	11:36:29	5589.1319	2	0.0343	0.0044	5591.6802	0.6	-1.0	1.0982	-0.0406	0.0001	0.1374	-2.6452	60	0.000	55.800000	37.500000	179.70	55.780697	37.639450	165.1	11011
3	2023-05-02	11:37:29	5589.1312	2	0.0185	0.0024	5591.6800	0.5	0.1	1.0966	-0.0409	0.0000	0.1372	-2.6452	60	0.000	55.800000	37.500000	179.70	55.780499	37.639343	165.7	11011
3	2023-05-02	11:38:29	5589.1325	2	0.0237	0.0031	5591.6818	0.9	0.6	1.0967	-0.0412	0.0001	0.1370	-2.6452	60	0.000	55.800000	37.500000	179.70	55.780430	37.639774	166.2	11011
3	2023-05-02	11:39:29	5589.1329	2	0.0322	0.0042	5591.6824	2.8	1.0	1.0980	-0.0415	0.0002	0.1370	-2.6452	60	0.000	55.800000	37.500000	179.70	55.780956	37.639400	166.6	11011
3	2023-05-02	11:40:29	5589.1325	2	0.0235	0.0030	5591.6825	2.7	-0.3	1.0961	-0.0418	0.0002	0.1368	-2.6452	60	0.000	55.800000	37.500000	179.70	55.781048	37.638924	167.2	11011
3	2023-05-02	11:41:29	5589.1322	2	0.0257	0.0033	5591.6823	3.4	0.2	1.0964	-0.0421	0.0002	0.1370	-2.6452	60	0.000	55.800000	37.500000	179.70	55.780689	37.638618	168.7	11011
3	2023-05-02	11:42:29	5589.1316	2	0.0221	0.0029	5591.6822	1.6	0.5	1.0867	-0.0424	0.0002	0.1369	-2.6452	60	0.000	55.800000	37.500000	179.70	--	--	--	11011
3	2023-05-02	11:43:29	5589.1330	2	0.0243	0.0031	5591.6839	1.6	1.0	1.0988	-0.0427	0.0001	0.1369	-2.6452	60	0.000	55.800000	37.500000	179.70	55.781269	37.639046	170.3	11011
3	2023-05-02	11:44:29	5589.1336	2	0.0280	0.0036	5591.6849	0.3	0.5	1.0881	-0.0430	0.0001	0.1368	-2.6453	60	0.000	55.800000	37.500000	179.70	--	--	--	11011
3	2023-05-02	11:45:29	5589.1315	2	0.0250	0.0032	5591.6831	2.2	-1.6	1.0875	-0.0433	0.0002	0.1367	-2.6453	60	0.000	55.800000	37.500000	179.70	55.780956	37.639336	170.9	11011
3	2023-05-02	11:46:29	5589.1319	2	0.0216	0.0028	5591.6839	2.3	-1.5	1.0915	-0.0436	0.0001	0.1367	-2.6453	60	0.000	55.800000	37.500000	179.70	55.780678	37.639610	171.2	11011
3	2023-05-02	11:47:29	5589.1328	2	0.0256	0.0033	5591.6852	2.0	-0.9	1.0978	-0.0439	0.0001	0.1367	-2.6453	60	0.000	55.800000	37.500000	179.70	55.781078	37.639572	171.6	11011
3	2023-05-02	11:48:29	5589.1326	2	0.0281	0.0036	5591.6853	1.1	-1.2	1.0932	-0.0441	0.0001	0.1366	-2.6453	60	0.000	55.800000	37.500000	179.70	55.780952	37.639469	170.3	11011
3	2023-05-02	11:49:29	5589.1318	2	0.0178	0.0023	5591.6847	0.4	-0.9	1.0926	-0.0444	0.0001	0.1367	-2.6453	60	0.000	55.800000	37.500000	179.70	55.780880	37.639599	170.4	11011
3	2023-05-02	11:50:29	5589.1315	2	0.0213	0.0027	5591.6849	-0.3	-0.5	1.0923	-0.0447	0.0001	0.1366	-2.6453	60	0.000	55.800000	37.500000	179.70	55.780964	37.639828	171.0	11011
3	2023-05-02	11:51:29	5589.1322	2	0.0207	0.0027	5591.6859	1.6	-1.0	1.0927	-0.0450	0.0001	0.1365	-2.6453	60	0.000	55.800000	37.500000	179.70	55.781212	37.639507	171.7	11011
3	2023-05-02	11:52:29	5589.1310	2	0.0233	0.0030	5591.6849	3.3	0.2	1.0913	-0.0453	0.0002	0.1365	-2.6453	60	0.000	55.800000	37.500000	179.70	55.780933	37.639259	172.3	11011
3	2023-05-02	11:53:29	5589.1318	2	0.0253	0.0033	5591.6860	2.2	-1.6	1.0867	-0.0456	0.0001	0.1365	-2.6453	60	0.000	55.800000	37.500000	179.70	55.781052	37.638988	170.5	11011
3	2023-05-02	11:54:29	5589.1321	2	0.0257	0.0033	5591.6867	1.3	1.2	1.0946	-0.0459	0.0001	0.1365	-2.6453	60	0.000	55.800000	37.500000	179.70	--	--	--	11011
3	2023-05-02	11:55:29	5589.1310	2	0.0232	0.0030	5591.6861	0.2	-1.1	1.0865	-0.0462	0.0001	0.1363	-2.6453	60	0.000	55.800000	37.500000	179.70	--	--	--	11011
3	2023-05-02	11:56:29	5589.1330	2	0.0228	0.0029	5591.6883	0.6	-1.5	1.0885	-0.0465	0.0001	0.1364	-2.6454	60	0.000	55.800000	37.500000	179.70	--	--	--	11011
3	2023-05-02	11:57:29	5589.1321	2	0.0268	0.0035	5591.6876	-0.8	-3.4	1.0910	-0.0468	0.0003	0.1363	-2.6454	60	0.000	55.800000	37.500000	179.70	--	--	--	11011
3	2023-05-02	11:58:29	5589.1320	2	0.0267	0.0034	5591.6878	-0.6	-3.7	1.0943	-0.0470	0.0003	0.1363	-2.6454	60	0.000	55.800000	37.500000	179.70	55.780403	37.637856	172.1	11011
3	2023-05-02	11:59:29	5589.1313	2	0.0170	0.0022	5591.6876	-0.2	-1.8	1.0935	-0.0473	0.0001	0.1364	-2.6454	60	0.000	55.800000	37.500000	179.70	55.780174	37.639172	173.6	11011
3	2023-05-02	12:00:29	5589.1323	2	0.0242	0.0031	5591.6889	0.4	-0.8	1.0897	-0.0476	0.0001	0.1363	-2.6454	60	0.000	55.800000	37.500000	179.70	--	--	--	11011
3	2023-05-02	12:01:29	5589.1317	2	0.0270	0.0035	5591.6886	-0.2	-1.3	1.0827	-0.0479	0.0001	0.1364	-2.6454	60	0.000	55.800000	37.500000	179.70	--	--	--	11011
3	2023-05-02	12:02:29	5589.1322	2	0.0207	0.0027	5591.6892	-0.0	2.3	1.0960	-0.0482	0.0002	0.1364	-2.6454	60	0.000	55.800000	37.500000	179.70	--	--	--	11011
3	2023-05-02	12:03:29	5589.1323	2	0.0270	0.0035	5591.6896	1.6	0.6	1.0881	-0.0484	0.0001	0.1364	-2.6454	60	0.000	55.800000	37.500000	179.70	55.781860	37.639019	173.2	11011
3	2023-05-02	12:04:29	5589.1308	2	0.0246	0.0032	5591.6888	1.3	-1.7	1.0836	-0.0487	0.0001	0.1361	-2.6454	60	0.000	55.800000	37.500000	179.70	--	--	--	11011
3	2023-05-02	12:05:29	5589.1314	2	0.0267	0.0034	5591.6896	0.4	-1.5	1.0878	-0.0490	0.0001	0.1361	-2.6454	60	0.000	55.800000	37.500000	179.70	--	--	--	11011
3	2023-05-02	12:06:29	5589.1296	2	0.0216	0.0028	5591.6882	0.8	-1.7	1.0877	-0.0493	0.0001	0.1360	-2.6454	60	0.000	55.800000	37.500000	179.70	--	--	--	11011
3	2023-05-02	12:07:29	5589.1321	2	0.0235	0.0030	5591.6909	0.6	1.0	1.0908	-0.0496	0.0001	0.1361	-2.6454	60	0.000	55.800000	37.500000	179.70	--	--	--	11011
3	2023-05-02	12:08:29	5589.1307	2	0.0267	0.0034	5591.6898	1.4	-2.7	1.0876	-0.0498	0.0001	0.1360	-2.6454	60	0.000	55.800000	37.500000	179.70	--	--	--	11011
3	2023-05-02	12:09:29	5589.1311	2	0.0274	0.0035	5591.6906	0.8	-2.5	1.0877	-0.0501	0.0002	0.1359	-2.6455	60	0.000	55.800000	37.500000	179.70	--	--	--	11011
3	2023-05-02	12:10:29	5589.1310	2	0.0294	0.0038	5591.6907	1.1	-1.3	1.0915	-0.0504	0.0001	0.1359	-2.6455	60	0.000	55.800000	37.500000	179.70	55.780792	37.638954	172.8	11011
3	2023-05-02	12:11:29	5589.1298	2	0.0258	0.0033	5591.6899	1.2	-2.3	1.0958	-0.0506	0.0001	0.1358	-2.6455	60	0.000	55.800000	37.500000	179.70	55.781891	37.638943	171.4	11011
3	2023-05-02	12:12:29	5589.1329	2	0.0262	0.0034	5591.6930	2.8	0.5	1.0802	-0.0509	0.0002	0.1360	-2.6455	60	0.000	55.800000	37.500000	179.70	--	--	--	11011
