/		CG-6 Survey
/		Survey Name:	VG_992_20240420_04_1
/		Instrument Serial Number:	000000022090450
/		Created:	2024-04-20 12:06:06
/
/		CG-6 Calibration
/		Operator:	DANIL
/		Gcal1 [mGal]:	7779.194000
/		Goff [ADU]:	-8388608.000000
/		Gref [mGal]:	0.0000
/		X Scale [arc-sec/ADU]:	0.031039
/		Y Scale [arc-sec/ADU]:	0.030659
/		X Offset [ADU]:	-142226.657183
/		Y Offset [ADU]:	-246627.263079
/		Temperature Coefficient [mGal/mK]:	-0.130000
/		Temperature Scale [mK/ADU]:	-0.000111
/		Drift Rate [mGal/day]:	-0.000786
/		Drift Zero Time:	2022-08-08 18:34:51
/		Firmware Version:	CG6_2_20220815
/
/Station	Date	Time	CorrGrav	Line	StdDev	StdErr	RawGrav	X	Y	SensorTemp	TideCorr	TiltCorr	TempCorr	DriftCorr	MeasurDur	InstrHeight	LatUser	LonUser	ElevUser	LatGPS	LonGPS	ElevGPS	Corrections[drift-temp-na-tide-tilt]
1	2024-04-20	12:06:06	5061.6088	1	0.0070	0.0009	5061.3061	3.3	-1.7	-0.9391	-0.0630	0.0002	-0.1223	0.4878	60	0.212	47.901783	67.502335	460.60	47.901546	67.502205	416.3	11011
1	2024-04-20	12:07:06	5061.6084	1	0.0066	0.0008	5061.3058	3.2	-2.5	-0.9334	-0.0630	0.0002	-0.1224	0.4878	60	0.212	47.901783	67.502335	460.60	47.901546	67.502205	416.3	11011
1	2024-04-20	12:08:06	5061.6085	1	0.0068	0.0009	5061.3060	2.9	-2.2	-0.9395	-0.0630	0.0001	-0.1225	0.4878	60	0.212	47.901783	67.502335	460.60	47.901546	67.502205	416.3	11011
1	2024-04-20	12:09:06	5061.6090	1	0.0050	0.0006	5061.3065	2.6	-1.9	-0.9466	-0.0630	0.0001	-0.1224	0.4878	60	0.212	47.901783	67.502335	460.60	47.901546	67.502205	416.3	11011
1	2024-04-20	12:10:06	5061.6070	1	0.0076	0.0010	5061.3045	2.2	-1.7	-0.9403	-0.0630	0.0001	-0.1225	0.4878	60	0.212	47.901783	67.502335	460.60	47.901546	67.502205	416.3	11011
1	2024-04-20	12:11:06	5061.6093	1	0.0067	0.0009	5061.3066	2.9	-3.3	-0.9414	-0.0629	0.0002	-0.1224	0.4878	60	0.212	47.901783	67.502335	460.60	47.901546	67.502205	416.3	11011
1	2024-04-20	12:12:06	5061.6093	1	0.0082	0.0011	5061.3066	3.3	-3.1	-0.9429	-0.0629	0.0003	-0.1225	0.4878	60	0.212	47.901783	67.502335	460.60	47.901546	67.502205	416.3	11011
2	2024-04-20	12:17:18	5061.4542	1	0.0068	0.0009	5061.1504	4.9	-0.2	-0.9326	-0.0627	0.0003	-0.1216	0.4878	60	0.703	47.901783	67.502335	460.60	47.901585	67.502357	412.3	11011
2	2024-04-20	12:18:18	5061.4541	1	0.0067	0.0009	5061.1501	5.4	-0.3	-0.9405	-0.0627	0.0004	-0.1215	0.4878	60	0.703	47.901783	67.502335	460.60	47.901585	67.502357	412.3	11011
2	2024-04-20	12:19:18	5061.4552	1	0.0075	0.0010	5061.1511	4.0	0.8	-0.9384	-0.0626	0.0003	-0.1214	0.4878	60	0.703	47.901783	67.502335	460.60	47.901585	67.502357	412.3	11011
2	2024-04-20	12:20:18	5061.4570	1	0.0069	0.0009	5061.1526	4.9	1.2	-0.9347	-0.0626	0.0004	-0.1212	0.4878	60	0.703	47.901783	67.502335	460.60	47.901585	67.502357	412.3	11011
2	2024-04-20	12:21:18	5061.4555	1	0.0065	0.0008	5061.1512	4.8	0.8	-0.9283	-0.0625	0.0003	-0.1213	0.4878	60	0.703	47.901783	67.502335	460.60	47.901585	67.502357	412.3	11011
2	2024-04-20	12:22:18	5061.4554	1	0.0068	0.0009	5061.1510	5.1	0.3	-0.9303	-0.0624	0.0003	-0.1213	0.4878	60	0.703	47.901783	67.502335	460.60	47.901585	67.502357	412.5	11011
1	2024-04-20	12:25:16	5061.6099	1	0.0089	0.0012	5061.3046	-1.8	-5.1	-0.9285	-0.0622	0.0004	-0.1207	0.4878	60	0.212	47.901783	67.502335	460.60	47.901585	67.502342	412.7	11011
1	2024-04-20	12:26:16	5061.6101	1	0.0120	0.0016	5061.3048	0.6	-6.2	-0.9297	-0.0622	0.0005	-0.1208	0.4878	60	0.212	47.901783	67.502335	460.60	47.901585	67.502335	412.8	11011
1	2024-04-20	12:27:16	5061.6084	1	0.0088	0.0011	5061.3026	3.3	-7.5	-0.9321	-0.0621	0.0008	-0.1207	0.4878	60	0.212	47.901783	67.502335	460.60	47.901573	67.502304	413.5	11011
1	2024-04-20	12:28:16	5061.6079	1	0.0089	0.0011	5061.3018	4.6	-8.1	-0.9331	-0.0620	0.0011	-0.1207	0.4878	60	0.212	47.901783	67.502335	460.60	47.901573	67.502304	413.2	11011
1	2024-04-20	12:29:16	5061.6084	1	0.0709	0.0092	5061.3018	3.5	-3.8	-0.9366	-0.0619	0.0014	-0.1207	0.4878	60	0.212	47.901783	67.502335	460.60	47.901573	67.502296	413.2	11011
1	2024-04-20	12:30:16	5061.6093	1	0.0080	0.0010	5061.3041	-1.9	0.3	-0.9243	-0.0619	0.0001	-0.1208	0.4878	60	0.212	47.901783	67.502335	460.60	47.901573	67.502296	413.3	11011
1	2024-04-20	12:31:16	5061.6099	1	0.0124	0.0016	5061.3045	-0.5	-0.5	-0.9296	-0.0618	0.0000	-0.1207	0.4878	60	0.212	47.901783	67.502335	460.60	47.901573	67.502296	413.3	11011
2	2024-04-20	12:43:43	5061.4549	1	0.0114	0.0015	5061.1477	-4.5	4.4	-0.9214	-0.0604	0.0005	-0.1207	0.4878	60	0.701	47.901783	67.502335	460.60	47.901577	67.502266	418.7	11011
2	2024-04-20	12:44:43	5061.4550	1	0.0064	0.0008	5061.1479	-5.1	2.4	-0.9245	-0.0603	0.0004	-0.1208	0.4878	60	0.701	47.901783	67.502335	460.60	47.901577	67.502266	418.7	11011
2	2024-04-20	12:45:43	5061.4505	1	0.0084	0.0011	5061.1435	-4.6	0.8	-0.9306	-0.0602	0.0003	-0.1209	0.4878	60	0.701	47.901783	67.502335	460.60	47.901577	67.502266	418.7	11011
2	2024-04-20	12:46:43	5061.4555	1	0.0066	0.0009	5061.1483	-4.6	2.5	-0.9305	-0.0600	0.0004	-0.1210	0.4878	60	0.701	47.901783	67.502335	460.60	47.901577	67.502266	418.7	11011
2	2024-04-20	12:47:43	5061.4590	1	0.0067	0.0009	5061.1519	-5.0	1.6	-0.9335	-0.0599	0.0004	-0.1212	0.4878	60	0.701	47.901783	67.502335	460.60	47.901577	67.502266	418.7	11011
2	2024-04-20	12:48:43	5061.4522	1	0.0130	0.0017	5061.1450	-4.2	0.7	-0.9345	-0.0598	0.0002	-0.1211	0.4878	60	0.701	47.901783	67.502335	460.60	47.901577	67.502266	418.7	11011
2	2024-04-20	12:49:43	5061.4513	1	0.0071	0.0009	5061.1444	-3.1	0.6	-0.9311	-0.0596	0.0002	-0.1214	0.4878	60	0.701	47.901783	67.502335	460.60	47.901577	67.502266	418.7	11011
1	2024-04-20	12:53:51	5061.6116	1	0.0095	0.0012	5061.3035	4.4	1.5	-0.9298	-0.0590	0.0003	-0.1210	0.4878	60	0.212	47.901783	67.502335	460.60	47.901577	67.502266	418.7	11011
1	2024-04-20	12:54:51	5061.6109	1	0.0059	0.0008	5061.3031	4.0	1.7	-0.9367	-0.0588	0.0002	-0.1213	0.4878	60	0.212	47.901783	67.502335	460.60	47.901577	67.502266	418.7	11011
1	2024-04-20	12:55:51	5061.6097	1	0.0090	0.0012	5061.3018	3.9	1.7	-0.9362	-0.0587	0.0002	-0.1215	0.4878	60	0.212	47.901783	67.502335	460.60	47.901577	67.502266	418.8	11011
1	2024-04-20	12:56:51	5061.6110	1	0.0117	0.0015	5061.3029	2.9	1.6	-0.9362	-0.0585	0.0002	-0.1214	0.4878	60	0.212	47.901783	67.502335	460.60	47.901577	67.502266	418.8	11011
1	2024-04-20	12:57:51	5061.6089	1	0.0073	0.0009	5061.3009	1.7	1.3	-0.9383	-0.0583	0.0001	-0.1215	0.4878	60	0.212	47.901783	67.502335	460.60	47.901577	67.502243	419.0	11011
1	2024-04-20	12:58:51	5061.6101	1	0.0108	0.0014	5061.3019	3.2	0.8	-0.9300	-0.0582	0.0001	-0.1216	0.4878	60	0.212	47.901783	67.502335	460.60	47.901577	67.502220	419.0	11011
1	2024-04-20	12:59:51	5061.6104	1	0.0076	0.0010	5061.3019	3.2	1.1	-0.9397	-0.0580	0.0002	-0.1215	0.4878	60	0.212	47.901783	67.502335	460.60	47.901573	67.502220	419.0	11011
2	2024-04-20	13:03:02	5061.4553	1	0.0303	0.0039	5061.1445	9.7	7.8	-0.9303	-0.0574	0.0018	-0.1214	0.4878	60	0.701	47.901783	67.502335	460.60	47.901573	67.502190	420.2	11011
2	2024-04-20	13:04:02	5061.4581	1	0.0091	0.0012	5061.1476	4.4	9.7	-0.9342	-0.0573	0.0014	-0.1215	0.4878	60	0.701	47.901783	67.502335	460.60	47.901520	67.502243	414.2	11011
2	2024-04-20	13:05:02	5061.4549	1	0.0090	0.0012	5061.1445	3.6	8.5	-0.9306	-0.0571	0.0011	-0.1215	0.4878	60	0.701	47.901783	67.502335	460.60	47.901520	67.502243	414.3	11011
2	2024-04-20	13:06:02	5061.4588	1	0.0084	0.0011	5061.1483	3.2	9.8	-0.9344	-0.0569	0.0014	-0.1218	0.4878	60	0.701	47.901783	67.502335	460.60	47.901520	67.502243	414.3	11011
2	2024-04-20	13:07:02	5061.4594	1	0.0080	0.0010	5061.1486	4.7	8.9	-0.9387	-0.0567	0.0013	-0.1216	0.4878	60	0.701	47.901783	67.502335	460.60	47.901539	67.502220	423.5	11011
2	2024-04-20	13:08:02	5061.4589	1	0.0081	0.0010	5061.1483	4.2	9.4	-0.9343	-0.0565	0.0011	-0.1219	0.4878	60	0.701	47.901783	67.502335	460.60	47.901539	67.502220	423.5	11011
2	2024-04-20	13:09:02	5061.4569	1	0.0072	0.0009	5061.1461	3.8	9.9	-0.9325	-0.0563	0.0013	-0.1220	0.4878	60	0.701	47.901783	67.502335	460.60	47.901539	67.502220	424.6	11011
1	2024-04-20	13:12:14	5061.6095	1	0.0062	0.0008	5061.2987	-6.1	-3.8	-0.9343	-0.0557	0.0006	-0.1221	0.4878	60	0.212	47.901783	67.502335	460.60	47.901539	67.502220	426.3	11011
1	2024-04-20	13:13:14	5061.6102	1	0.0067	0.0009	5061.2992	-5.2	-4.1	-0.9394	-0.0554	0.0006	-0.1219	0.4878	60	0.212	47.901783	67.502335	460.60	47.901539	67.502220	426.3	11011
1	2024-04-20	13:14:14	5061.6095	1	0.0093	0.0012	5061.2984	-5.3	-4.2	-0.9304	-0.0552	0.0006	-0.1220	0.4878	60	0.212	47.901783	67.502335	460.60	47.901539	67.502220	426.3	11011
1	2024-04-20	13:15:14	5061.6101	1	0.0093	0.0012	5061.2989	-6.8	-2.3	-0.9428	-0.0550	0.0006	-0.1221	0.4878	60	0.212	47.901783	67.502335	460.60	47.901539	67.502220	426.3	11011
1	2024-04-20	13:16:14	5061.6077	1	0.0084	0.0011	5061.2963	-7.0	-3.6	-0.9382	-0.0548	0.0006	-0.1223	0.4878	60	0.212	47.901783	67.502335	460.60	47.901539	67.502220	426.3	11011
1	2024-04-20	13:17:14	5061.6107	1	0.0089	0.0012	5061.2988	-6.8	-4.8	-0.9424	-0.0546	0.0008	-0.1222	0.4878	60	0.212	47.901783	67.502335	460.60	47.901539	67.502220	426.3	11011
1	2024-04-20	13:18:14	5061.6092	1	0.0081	0.0010	5061.2970	-6.5	-4.4	-0.9398	-0.0544	0.0008	-0.1221	0.4878	60	0.212	47.901783	67.502335	460.60	47.901539	67.502220	426.3	11011
2	2024-04-20	06:52:43	5061.4554	1	0.0055	0.0007	5061.0682	-1.6	1.9	-0.9019	0.0162	0.0001	-0.1168	0.4876	60	0.701	47.901783	67.502335	460.60	47.901577	67.502052	428.8	11011
2	2024-04-20	07:27:04	5061.4541	1	0.0182	0.0023	5061.0728	1.7	3.6	-0.8968	0.0096	0.0002	-0.1162	0.4876	60	0.700	47.901783	67.502335	460.60	47.901566	67.502090	427.0	11011
2	2024-04-20	06:53:43	5061.4563	1	0.0088	0.0011	5061.0694	-1.0	1.7	-0.8984	0.0161	0.0001	-0.1168	0.4876	60	0.701	47.901783	67.502335	460.60	47.901566	67.502037	428.7	11011
2	2024-04-20	06:54:43	5061.4563	1	0.0081	0.0010	5061.0694	1.0	0.7	-0.8948	0.0159	0.0001	-0.1167	0.4876	60	0.701	47.901783	67.502335	460.60	47.901554	67.502029	428.9	11011
2	2024-04-20	06:56:43	5061.4559	1	0.0075	0.0010	5061.0693	0.6	0.7	-0.8924	0.0156	0.0000	-0.1167	0.4876	60	0.701	47.901783	67.502335	460.60	47.901585	67.502052	427.2	11011
2	2024-04-20	06:57:43	5061.4564	1	0.0097	0.0013	5061.0697	1.7	0.6	-0.9009	0.0155	0.0001	-0.1165	0.4876	60	0.701	47.901783	67.502335	460.60	47.901573	67.502037	427.6	11011
1	2024-04-20	07:00:50	5061.6088	1	0.0070	0.0009	5061.2222	0.3	1.5	-0.8880	0.0149	0.0001	-0.1161	0.4876	60	0.215	47.901783	67.502335	460.60	47.901596	67.502129	430.0	11011
1	2024-04-20	07:01:50	5061.6099	1	0.0076	0.0010	5061.2234	1.1	0.9	-0.8939	0.0148	0.0000	-0.1159	0.4876	60	0.215	47.901783	67.502335	460.60	47.901566	67.502106	429.2	11011
1	2024-04-20	07:02:50	5061.6089	1	0.0061	0.0008	5061.2228	0.7	1.4	-0.8948	0.0146	0.0001	-0.1162	0.4876	60	0.215	47.901783	67.502335	460.60	47.901596	67.502113	428.5	11011
1	2024-04-20	07:03:50	5061.6104	1	0.0082	0.0011	5061.2245	-0.2	1.6	-0.8920	0.0144	0.0001	-0.1163	0.4876	60	0.215	47.901783	67.502335	460.60	--	--	--	11011
1	2024-04-20	07:04:50	5061.6094	1	0.0074	0.0010	5061.2238	-1.2	2.5	-0.8954	0.0142	0.0001	-0.1164	0.4876	60	0.215	47.901783	67.502335	460.60	47.901615	67.502228	426.4	11011
1	2024-04-20	07:05:50	5061.6076	1	0.0071	0.0009	5061.2224	-1.5	1.6	-0.9003	0.0141	0.0001	-0.1166	0.4876	60	0.215	47.901783	67.502335	460.60	--	--	--	11011
1	2024-04-20	07:06:50	5061.6083	1	0.0086	0.0011	5061.2233	-0.6	1.3	-0.8951	0.0139	0.0001	-0.1166	0.4876	60	0.215	47.901783	67.502335	460.60	47.901508	67.501961	427.4	11011
2	2024-04-20	07:09:40	5061.4549	1	0.0077	0.0010	5061.0700	-1.6	-2.4	-0.8913	0.0133	0.0001	-0.1163	0.4876	60	0.701	47.901783	67.502335	460.60	47.901573	67.502090	426.5	11011
2	2024-04-20	07:10:40	5061.4556	1	0.0074	0.0009	5061.0711	-0.4	-0.7	-0.8984	0.0131	0.0000	-0.1163	0.4876	60	0.701	47.901783	67.502335	460.60	47.901554	67.502075	426.6	11011
2	2024-04-20	07:11:40	5061.4526	1	0.0079	0.0010	5061.0684	0.2	-0.4	-0.8948	0.0129	0.0000	-0.1164	0.4876	60	0.701	47.901783	67.502335	460.60	47.901546	67.502068	425.9	11011
2	2024-04-20	07:13:40	5061.4539	1	0.0073	0.0009	5061.0698	0.9	0.0	-0.8972	0.0125	0.0000	-0.1161	0.4876	60	0.701	47.901783	67.502335	460.60	47.901520	67.502029	426.5	11011
2	2024-04-20	07:14:40	5061.4566	1	0.0080	0.0010	5061.0727	1.3	-0.7	-0.8941	0.0123	0.0000	-0.1162	0.4876	60	0.701	47.901783	67.502335	460.60	47.901520	67.502029	426.4	11011
2	2024-04-20	07:15:40	5061.4550	1	0.0072	0.0009	5061.0713	1.7	-1.0	-0.8900	0.0121	0.0001	-0.1161	0.4876	60	0.701	47.901783	67.502335	460.60	47.901527	67.502037	426.4	11011
1	2024-04-20	07:18:20	5061.6080	1	0.0075	0.0010	5061.2235	1.2	-9.4	-0.8913	0.0116	0.0011	-0.1157	0.4876	60	0.215	47.901783	67.502335	460.60	47.901459	67.501900	425.9	11011
1	2024-04-20	07:19:20	5061.6069	1	0.0085	0.0011	5061.2231	-1.6	-8.1	-0.8848	0.0113	0.0007	-0.1159	0.4876	60	0.215	47.901783	67.502335	460.60	47.901463	67.501900	426.3	11011
1	2024-04-20	07:20:20	5061.6058	1	0.0064	0.0008	5061.2220	-3.4	-8.8	-0.8920	0.0111	0.0010	-0.1160	0.4876	60	0.215	47.901783	67.502335	460.60	47.901470	67.501900	426.5	11011
1	2024-04-20	07:21:20	5061.6077	1	0.0075	0.0010	5061.2236	-6.9	-10.1	-0.8916	0.0109	0.0017	-0.1161	0.4876	60	0.215	47.901783	67.502335	460.60	47.901508	67.501953	426.5	11011
1	2024-04-20	07:22:20	5061.6085	1	0.0112	0.0014	5061.2246	-8.7	-9.5	-0.8997	0.0107	0.0018	-0.1162	0.4876	60	0.215	47.901783	67.502335	460.60	47.901463	67.501923	426.8	11011
1	2024-04-20	07:23:20	5061.6067	1	0.0075	0.0010	5061.2228	-9.2	-9.7	-0.9009	0.0104	0.0020	-0.1163	0.4876	60	0.215	47.901783	67.502335	460.60	47.901440	67.501877	427.0	11011
1	2024-04-20	07:24:20	5061.6074	1	0.0068	0.0009	5061.2236	-9.3	-10.2	-0.8977	0.0102	0.0021	-0.1163	0.4876	60	0.215	47.901783	67.502335	460.60	47.901489	67.501953	426.8	11011
2	2024-04-20	07:28:04	5061.4540	1	0.0144	0.0019	5061.0730	2.0	4.1	-0.8914	0.0093	0.0002	-0.1162	0.4876	60	0.700	47.901783	67.502335	460.60	47.901821	67.502586	426.9	11011
2	2024-04-20	11:37:43	5061.4534	1	0.0113	0.0015	5061.1491	-1.1	0.9	-0.9317	-0.0620	0.0000	-0.1215	0.4878	60	0.700	47.901783	67.502335	460.60	47.901577	67.502075	384.7	11011
2	2024-04-20	11:38:43	5061.4545	1	0.0117	0.0015	5061.1501	-0.5	-0.3	-0.9310	-0.0621	0.0000	-0.1213	0.4878	60	0.700	47.901783	67.502335	460.60	47.901577	67.502075	384.7	11011
2	2024-04-20	11:39:43	5061.4524	1	0.0102	0.0013	5061.1480	-1.4	0.7	-0.9317	-0.0622	0.0001	-0.1213	0.4878	60	0.700	47.901783	67.502335	460.60	47.901585	67.502090	384.5	11011
2	2024-04-20	11:40:43	5061.4530	1	0.0085	0.0011	5061.1486	-0.8	1.2	-0.9342	-0.0622	0.0000	-0.1212	0.4878	60	0.700	47.901783	67.502335	460.60	47.901585	67.502106	384.4	11011
2	2024-04-20	11:41:43	5061.4521	1	0.0068	0.0009	5061.1475	-0.7	1.8	-0.9315	-0.0623	0.0001	-0.1209	0.4878	60	0.700	47.901783	67.502335	460.60	47.901585	67.502106	384.3	11011
2	2024-04-20	11:42:43	5061.4542	1	0.0085	0.0011	5061.1496	-0.4	1.7	-0.9236	-0.0624	0.0001	-0.1209	0.4878	60	0.700	47.901783	67.502335	460.60	47.901585	67.502106	384.3	11011
1	2024-04-20	07:35:43	5061.6087	1	0.0080	0.0010	5061.2289	-6.9	-4.2	-0.8924	0.0074	0.0008	-0.1161	0.4876	60	0.215	47.901783	67.502335	460.60	47.901699	67.502396	426.5	11011
1	2024-04-20	07:36:43	5061.6090	1	0.0065	0.0008	5061.2278	-13.5	-5.9	-0.9009	0.0072	0.0024	-0.1161	0.4876	60	0.215	47.901783	67.502335	460.60	47.901730	67.502419	426.6	11011
1	2024-04-20	07:37:43	5061.6083	1	0.0054	0.0007	5061.2247	-19.9	-5.9	-0.8908	0.0069	0.0052	-0.1161	0.4876	60	0.215	47.901783	67.502335	460.60	47.901890	67.502571	426.2	11011
1	2024-04-20	07:38:43	5061.6088	1	0.0063	0.0008	5061.2243	-23.3	-6.6	-0.8941	0.0066	0.0065	-0.1162	0.4876	60	0.215	47.901783	67.502335	460.60	47.901863	67.502571	426.3	11011
1	2024-04-20	07:39:43	5061.6099	1	0.0074	0.0010	5061.2234	-26.6	-6.3	-0.8902	0.0064	0.0087	-0.1162	0.4876	60	0.215	47.901783	67.502335	460.60	47.901814	67.502472	425.1	11011
1	2024-04-20	07:40:43	5061.6067	1	0.0894	0.0115	5061.2285	-8.7	-6.7	-0.8906	0.0061	0.0010	-0.1165	0.4876	60	0.215	47.901783	67.502335	460.60	47.901802	67.502419	426.5	11011
1	2024-04-20	07:41:43	5061.6087	1	0.0083	0.0011	5061.2304	-8.3	-6.1	-0.8955	0.0058	0.0012	-0.1164	0.4877	60	0.215	47.901783	67.502335	460.60	47.901783	67.502342	427.3	11011
2	2024-04-20	07:44:35	5061.4284	2	0.0528	0.0068	5061.0516	5.2	3.5	-0.9001	0.0050	0.0005	-0.1163	0.4877	60	0.701	47.901783	67.502335	460.60	47.901691	67.502106	427.7	11011
2	2024-04-20	07:45:35	5061.4550	2	0.0728	0.0094	5061.0782	7.2	3.0	-0.8861	0.0048	0.0007	-0.1162	0.4877	60	0.701	47.901783	67.502335	460.60	47.901669	67.502052	427.6	11011
2	2024-04-20	07:46:35	5061.4398	2	0.1895	0.0245	5061.0628	8.6	3.7	-0.8941	0.0045	0.0010	-0.1162	0.4877	60	0.701	47.901783	67.502335	460.60	47.901688	67.502068	427.2	11011
2	2024-04-20	07:47:35	5061.4535	2	0.0073	0.0009	5061.0771	7.3	2.9	-0.8903	0.0042	0.0007	-0.1162	0.4877	60	0.701	47.901783	67.502335	460.60	47.901691	67.502075	427.1	11011
2	2024-04-20	07:48:35	5061.4355	2	0.0380	0.0049	5061.0590	8.1	3.9	-0.8938	0.0039	0.0010	-0.1160	0.4877	60	0.701	47.901783	67.502335	460.60	47.901718	67.502090	427.2	11011
2	2024-04-20	07:49:35	5061.4533	2	0.0088	0.0011	5061.0769	9.0	3.3	-0.8897	0.0036	0.0012	-0.1161	0.4877	60	0.701	47.901783	67.502335	460.60	--	--	--	11011
2	2024-04-20	07:50:35	5061.4471	2	0.6338	0.0818	5061.0712	8.8	3.6	-0.8858	0.0033	0.0011	-0.1162	0.4877	60	0.701	47.901783	67.502335	460.60	47.901691	67.502052	427.0	11011
3	2024-04-20	07:54:18	5061.2920	2	0.0185	0.0024	5060.9179	2.6	2.6	-0.8928	0.0022	0.0002	-0.1161	0.4877	60	1.200	47.901783	67.502335	460.60	47.901711	67.502167	426.8	11011
3	2024-04-20	07:55:18	5061.2924	2	0.0098	0.0013	5060.9188	2.5	3.3	-0.8932	0.0019	0.0002	-0.1162	0.4877	60	1.200	47.901783	67.502335	460.60	47.901718	67.502167	426.9	11011
3	2024-04-20	07:56:18	5061.2912	2	0.0101	0.0013	5060.9175	4.2	3.5	-0.8912	0.0016	0.0004	-0.1160	0.4877	60	1.200	47.901783	67.502335	460.60	47.901711	67.502167	426.9	11011
3	2024-04-20	07:57:18	5061.2940	2	0.0082	0.0011	5060.9204	4.3	3.9	-0.8882	0.0013	0.0005	-0.1158	0.4877	60	1.200	47.901783	67.502335	460.60	47.901718	67.502167	426.9	11011
3	2024-04-20	07:58:18	5061.2998	2	0.0073	0.0009	5060.9262	4.5	5.1	-0.8932	0.0010	0.0006	-0.1158	0.4877	60	1.200	47.901783	67.502335	460.60	47.901718	67.502182	426.7	11011
3	2024-04-20	07:59:18	5061.2997	2	0.0095	0.0012	5060.9264	5.4	5.0	-0.8942	0.0007	0.0006	-0.1157	0.4877	60	1.200	47.901783	67.502335	460.60	47.901718	67.502167	426.8	11011
3	2024-04-20	08:00:18	5061.2985	2	0.0108	0.0014	5060.9249	7.2	6.3	-0.8907	0.0004	0.0011	-0.1156	0.4877	60	1.200	47.901783	67.502335	460.60	47.901688	67.502129	426.9	11011
2	2024-04-20	08:03:07	5061.4494	2	0.0156	0.0020	5061.0763	7.3	-2.1	-0.8820	-0.0004	0.0007	-0.1148	0.4877	60	0.701	47.901783	67.502335	460.60	47.901669	67.501999	426.7	11011
2	2024-04-20	08:04:07	5061.4568	2	0.0100	0.0013	5061.0838	7.2	-4.1	-0.8817	-0.0008	0.0008	-0.1147	0.4877	60	0.701	47.901783	67.502335	460.60	47.901642	67.501961	427.0	11011
2	2024-04-20	08:05:07	5061.4493	2	0.0154	0.0020	5061.0762	8.0	-4.4	-0.8779	-0.0011	0.0010	-0.1146	0.4877	60	0.701	47.901783	67.502335	460.60	47.901653	67.501961	427.0	11011
2	2024-04-20	08:06:07	5061.4537	2	0.0068	0.0009	5061.0810	7.2	-4.9	-0.8836	-0.0014	0.0009	-0.1145	0.4877	60	0.701	47.901783	67.502335	460.60	--	--	--	11011
2	2024-04-20	08:07:07	5061.4554	2	0.0082	0.0011	5061.0828	7.9	-4.7	-0.8783	-0.0017	0.0010	-0.1144	0.4877	60	0.701	47.901783	67.502335	460.60	47.901634	67.501953	427.0	11011
2	2024-04-20	08:08:07	5061.4559	2	0.0080	0.0010	5061.0836	9.0	-3.5	-0.8763	-0.0020	0.0010	-0.1144	0.4877	60	0.701	47.901783	67.502335	460.60	47.901615	67.501923	427.1	11011
2	2024-04-20	08:09:07	5061.4552	2	0.0078	0.0010	5061.0829	9.0	-4.5	-0.8829	-0.0024	0.0012	-0.1142	0.4877	60	0.701	47.901783	67.502335	460.60	47.901611	67.501900	427.1	11011
3	2024-04-20	08:11:50	5061.2828	2	0.0329	0.0042	5060.9120	-3.4	-2.2	-0.8762	-0.0032	0.0003	-0.1139	0.4877	60	1.200	47.901783	67.502335	460.60	47.901642	67.502037	427.0	11011
3	2024-04-20	08:12:50	5061.2890	2	0.0116	0.0015	5060.9188	-1.3	-1.5	-0.8748	-0.0036	0.0001	-0.1140	0.4877	60	1.200	47.901783	67.502335	460.60	47.901642	67.502014	427.0	11011
3	2024-04-20	08:13:50	5061.2926	2	0.0103	0.0013	5060.9230	-0.9	-1.4	-0.8771	-0.0039	0.0001	-0.1143	0.4877	60	1.200	47.901783	67.502335	460.60	47.901634	67.501991	426.8	11011
3	2024-04-20	08:14:50	5061.2939	2	0.0095	0.0012	5060.9248	-0.8	-2.3	-0.8812	-0.0042	0.0001	-0.1144	0.4877	60	1.200	47.901783	67.502335	460.60	47.901642	67.502014	426.8	11011
3	2024-04-20	08:15:50	5061.2804	2	0.0113	0.0015	5060.9117	-0.4	-2.7	-0.8753	-0.0045	0.0001	-0.1145	0.4877	60	1.200	47.901783	67.502335	460.60	47.901630	67.501991	426.9	11011
3	2024-04-20	08:16:50	5061.2906	2	0.0095	0.0012	5060.9221	-0.7	-2.5	-0.8838	-0.0049	0.0001	-0.1144	0.4877	60	1.200	47.901783	67.502335	460.60	47.901661	67.502029	426.5	11011
3	2024-04-20	08:17:50	5061.2672	2	0.0190	0.0025	5060.8992	-0.1	-2.1	-0.8783	-0.0052	0.0001	-0.1145	0.4877	60	1.200	47.901783	67.502335	460.60	47.901566	67.501900	427.3	11011
2	2024-04-20	08:20:34	5061.4518	2	0.0098	0.0013	5061.0834	-4.8	-7.3	-0.8785	-0.0061	0.0009	-0.1141	0.4877	60	0.701	47.901783	67.502335	460.60	47.901527	67.501839	426.9	11011
2	2024-04-20	08:21:34	5061.4528	2	0.0080	0.0010	5061.0848	-4.0	-8.0	-0.8761	-0.0065	0.0008	-0.1140	0.4877	60	0.701	47.901783	67.502335	460.60	47.901604	67.501991	427.1	11011
2	2024-04-20	08:22:34	5061.4567	2	0.0078	0.0010	5061.0891	-2.4	-7.3	-0.8818	-0.0068	0.0007	-0.1140	0.4877	60	0.701	47.901783	67.502335	460.60	47.901630	67.502037	427.1	11011
2	2024-04-20	08:23:34	5061.4532	2	0.0079	0.0010	5061.0858	-2.0	-7.6	-0.8776	-0.0071	0.0008	-0.1139	0.4877	60	0.701	47.901783	67.502335	460.60	47.901615	67.501999	427.1	11011
2	2024-04-20	08:24:34	5061.4495	2	0.0085	0.0011	5061.0825	-2.8	-7.3	-0.8801	-0.0075	0.0007	-0.1139	0.4877	60	0.701	47.901783	67.502335	460.60	47.901615	67.502014	427.2	11011
2	2024-04-20	08:25:34	5061.4353	2	0.0141	0.0018	5061.0688	-3.3	-7.1	-0.8765	-0.0078	0.0006	-0.1140	0.4877	60	0.701	47.901783	67.502335	460.60	47.901630	67.502037	427.2	11011
2	2024-04-20	08:26:34	5061.4309	2	0.1515	0.0196	5061.0644	-2.3	-7.8	-0.8759	-0.0082	0.0009	-0.1139	0.4877	60	0.701	47.901783	67.502335	460.60	47.901615	67.502029	427.4	11011
3	2024-04-20	08:30:16	5061.2782	2	0.0486	0.0063	5060.9141	1.5	3.2	-0.8781	-0.0095	0.0002	-0.1142	0.4877	60	1.200	47.901783	67.502335	460.60	47.901669	67.502167	422.4	11011
3	2024-04-20	08:31:16	5061.2608	2	0.0901	0.0116	5060.8971	0.5	3.2	-0.8757	-0.0098	0.0002	-0.1143	0.4877	60	1.200	47.901783	67.502335	460.60	47.901653	67.502205	415.3	11011
3	2024-04-20	08:32:16	5061.2876	2	0.0355	0.0046	5060.9242	1.8	4.4	-0.8803	-0.0101	0.0003	-0.1145	0.4877	60	1.200	47.901783	67.502335	460.60	47.901615	67.502220	407.8	11011
3	2024-04-20	08:33:16	5061.2910	2	0.0100	0.0013	5060.9282	2.0	3.9	-0.8868	-0.0105	0.0002	-0.1146	0.4877	60	1.200	47.901783	67.502335	460.60	47.901573	67.502220	401.1	11011
3	2024-04-20	08:34:16	5061.2674	2	0.0174	0.0022	5060.9049	2.3	4.6	-0.8805	-0.0108	0.0004	-0.1147	0.4877	60	1.200	47.901783	67.502335	460.60	47.901577	67.502220	400.7	11011
3	2024-04-20	08:35:16	5061.2767	2	0.0193	0.0025	5060.9144	0.5	4.7	-0.8836	-0.0112	0.0004	-0.1146	0.4877	60	1.200	47.901783	67.502335	460.60	47.901577	67.502220	400.7	11011
2	2024-04-20	13:21:40	5061.4534	2	0.0108	0.0014	5061.1408	-2.5	3.3	-0.9395	-0.0536	0.0002	-0.1219	0.4878	60	0.701	47.901783	67.502335	460.60	47.901527	67.502228	424.4	11011
2	2024-04-20	13:22:40	5061.4546	2	0.0103	0.0013	5061.1458	0.0	3.8	-0.9327	-0.0534	0.0002	-0.1219	0.4878	60	0.701	47.901783	67.502335	460.60	47.901527	67.502228	424.4	11011
2	2024-04-20	13:23:40	5061.4542	2	0.0065	0.0008	5061.1451	0.1	4.5	-0.9381	-0.0531	0.0003	-0.1218	0.4878	60	0.701	47.901783	67.502335	460.60	47.901527	67.502228	424.4	11011
2	2024-04-20	13:24:40	5061.4553	2	0.0085	0.0011	5061.1450	-0.7	4.7	-0.9380	-0.0529	0.0002	-0.1219	0.4878	60	0.701	47.901783	67.502335	460.60	47.901527	67.502228	424.4	11011
2	2024-04-20	13:25:40	5061.4533	2	0.0072	0.0009	5061.1368	-0.7	5.0	-0.9469	-0.0527	0.0003	-0.1220	0.4878	60	0.701	47.901783	67.502335	460.60	47.901527	67.502228	424.4	11011
2	2024-04-20	13:26:40	5061.4544	2	0.0112	0.0014	5061.1441	-1.2	4.2	-0.9402	-0.0524	0.0002	-0.1223	0.4878	60	0.701	47.901783	67.502335	460.60	47.901527	67.502228	424.4	11011
2	2024-04-20	13:27:40	5061.4567	2	0.0132	0.0017	5061.1432	0.2	4.4	-0.9421	-0.0522	0.0003	-0.1224	0.4878	60	0.701	47.901783	67.502335	460.60	47.901527	67.502243	424.4	11011
3	2024-04-20	13:31:52	5061.2969	2	0.0133	0.0017	5060.9753	1.9	-1.0	-0.9340	-0.0511	0.0001	-0.1222	0.4878	60	1.198	47.901783	67.502335	460.60	47.901539	67.502258	424.3	11011
3	2024-04-20	13:32:52	5061.2958	2	0.0087	0.0011	5060.9801	2.5	-0.6	-0.9409	-0.0509	0.0001	-0.1223	0.4878	60	1.198	47.901783	67.502335	460.60	47.901539	67.502258	424.3	11011
3	2024-04-20	13:33:52	5061.2961	2	0.0108	0.0014	5060.9749	4.9	0.2	-0.9453	-0.0506	0.0004	-0.1224	0.4878	60	1.198	47.901783	67.502335	460.60	47.901539	67.502258	424.3	11011
3	2024-04-20	13:35:52	5061.2970	2	0.0095	0.0012	5060.9849	4.5	0.5	-0.9409	-0.0501	0.0003	-0.1229	0.4878	60	1.198	47.901783	67.502335	460.60	47.901539	67.502266	424.0	11011
3	2024-04-20	13:36:52	5061.2964	2	0.0056	0.0007	5060.9842	3.5	0.4	-0.9425	-0.0498	0.0001	-0.1230	0.4878	60	1.198	47.901783	67.502335	460.60	47.901539	67.502266	424.0	11011
3	2024-04-20	13:37:52	5061.2971	2	0.0086	0.0011	5060.9854	6.4	1.1	-0.9468	-0.0496	0.0006	-0.1231	0.4878	60	1.198	47.901783	67.502335	460.60	47.901539	67.502266	424.0	11011
2	2024-04-20	13:40:28	5061.4563	2	0.0123	0.0016	5061.1400	1.4	-6.9	-0.9417	-0.0489	0.0006	-0.1233	0.4878	60	0.701	47.901783	67.502335	460.60	47.901546	67.502266	423.5	11011
2	2024-04-20	13:41:28	5061.4547	2	0.0072	0.0009	5061.1385	0.5	-6.0	-0.9431	-0.0486	0.0003	-0.1234	0.4878	60	0.701	47.901783	67.502335	460.60	47.901546	67.502266	423.5	11011
2	2024-04-20	13:42:28	5061.4550	2	0.0085	0.0011	5061.1387	0.4	-5.9	-0.9523	-0.0483	0.0005	-0.1237	0.4878	60	0.701	47.901783	67.502335	460.60	47.901546	67.502266	423.5	11011
2	2024-04-20	13:43:28	5061.4571	2	0.0082	0.0011	5061.1404	0.1	-5.5	-0.9445	-0.0480	0.0004	-0.1235	0.4878	60	0.701	47.901783	67.502335	460.60	47.901546	67.502266	423.5	11011
2	2024-04-20	13:44:28	5061.4561	2	0.0062	0.0008	5061.1388	-0.3	-8.1	-0.9466	-0.0478	0.0008	-0.1237	0.4878	60	0.701	47.901783	67.502335	460.60	47.901546	67.502266	423.5	11011
2	2024-04-20	13:45:28	5061.4583	2	0.0067	0.0009	5061.1408	-1.5	-8.7	-0.9567	-0.0475	0.0010	-0.1238	0.4878	60	0.701	47.901783	67.502335	460.60	47.901546	67.502266	423.5	11011
2	2024-04-20	13:46:28	5061.4574	2	0.0086	0.0011	5061.1399	-1.8	-8.0	-0.9599	-0.0472	0.0007	-0.1238	0.4878	60	0.701	47.901783	67.502335	460.60	47.901546	67.502266	423.5	11011
3	2024-04-20	13:49:41	5061.2951	2	0.0124	0.0016	5060.9767	-3.4	-6.3	-0.9566	-0.0463	0.0006	-0.1239	0.4879	60	1.198	47.901783	67.502335	460.60	47.901554	67.502281	424.0	11011
3	2024-04-20	13:50:41	5061.2965	2	0.0069	0.0009	5060.9840	-2.6	-5.9	-0.9535	-0.0460	0.0004	-0.1238	0.4879	60	1.198	47.901783	67.502335	460.60	47.901546	67.502304	424.4	11011
3	2024-04-20	13:51:41	5061.2945	2	0.0083	0.0011	5060.9760	-1.4	-6.4	-0.9530	-0.0457	0.0004	-0.1242	0.4879	60	1.198	47.901783	67.502335	460.60	47.901554	67.502342	423.7	11011
3	2024-04-20	13:52:41	5061.2974	2	0.0078	0.0010	5060.9786	-0.2	-6.7	-0.9559	-0.0454	0.0005	-0.1242	0.4879	60	1.198	47.901783	67.502335	460.60	47.901554	67.502357	423.5	11011
3	2024-04-20	13:53:41	5061.2960	2	0.0084	0.0011	5060.9831	-1.9	-6.4	-0.9597	-0.0451	0.0006	-0.1244	0.4879	60	1.198	47.901783	67.502335	460.60	47.901566	67.502373	423.1	11011
3	2024-04-20	13:54:41	5061.2984	2	0.0102	0.0013	5060.9802	-2.4	-5.6	-0.9614	-0.0448	0.0005	-0.1244	0.4879	60	1.198	47.901783	67.502335	460.60	47.901566	67.502373	422.9	11011
3	2024-04-20	13:55:41	5061.2951	2	0.0068	0.0009	5060.9759	-0.9	-6.1	-0.9572	-0.0445	0.0005	-0.1246	0.4879	60	1.198	47.901783	67.502335	460.60	47.901566	67.502373	422.9	11011
2	2024-04-20	13:59:36	5061.4530	2	0.0137	0.0018	5061.1330	1.7	-1.5	-0.9532	-0.0433	0.0001	-0.1246	0.4879	60	0.701	47.901783	67.502335	460.60	47.901573	67.502373	422.8	11011
2	2024-04-20	14:00:36	5061.4561	2	0.0073	0.0009	5061.1356	1.9	-0.5	-0.9609	-0.0430	0.0001	-0.1245	0.4879	60	0.701	47.901783	67.502335	460.60	47.901573	67.502373	422.8	11011
2	2024-04-20	14:01:36	5061.4572	2	0.0057	0.0007	5061.1366	1.2	-0.3	-0.9569	-0.0427	0.0000	-0.1246	0.4879	60	0.701	47.901783	67.502335	460.60	47.901573	67.502373	422.8	11011
2	2024-04-20	14:02:36	5061.4571	2	0.0067	0.0009	5061.1363	1.2	-1.0	-0.9593	-0.0424	0.0001	-0.1248	0.4879	60	0.701	47.901783	67.502335	460.60	47.901573	67.502373	422.9	11011
2	2024-04-20	14:03:36	5061.4583	2	0.0081	0.0010	5061.1372	1.0	-0.3	-0.9623	-0.0421	0.0000	-0.1248	0.4879	60	0.701	47.901783	67.502335	460.60	47.901573	67.502373	422.9	11011
2	2024-04-20	14:04:36	5061.4574	2	0.0083	0.0011	5061.1361	-0.0	-0.1	-0.9582	-0.0417	0.0000	-0.1249	0.4879	60	0.701	47.901783	67.502335	460.60	47.901573	67.502373	422.8	11011
2	2024-04-20	14:05:36	5061.4582	2	0.0077	0.0010	5061.1367	0.1	0.2	-0.9576	-0.0414	0.0000	-0.1249	0.4879	60	0.701	47.901783	67.502335	460.60	47.901573	67.502373	422.8	11011
3	2024-04-20	14:08:55	5061.2963	2	0.0149	0.0019	5060.9728	5.7	-6.5	-0.9589	-0.0404	0.0009	-0.1248	0.4879	60	1.198	47.901783	67.502335	460.60	47.901527	67.502342	420.5	11011
3	2024-04-20	14:09:55	5061.3011	2	0.0072	0.0009	5060.9777	5.0	-4.6	-0.9616	-0.0401	0.0007	-0.1251	0.4879	60	1.198	47.901783	67.502335	460.60	47.901527	67.502342	420.5	11011
3	2024-04-20	14:10:55	5061.3005	2	0.0071	0.0009	5060.9768	5.2	-6.2	-0.9604	-0.0397	0.0007	-0.1252	0.4879	60	1.198	47.901783	67.502335	460.60	47.901527	67.502342	420.5	11011
3	2024-04-20	14:11:55	5061.3012	2	0.0089	0.0011	5060.9771	4.3	-7.3	-0.9689	-0.0394	0.0009	-0.1253	0.4879	60	1.198	47.901783	67.502335	460.60	47.901527	67.502342	420.5	11011
3	2024-04-20	14:12:55	5061.3002	2	0.0083	0.0011	5060.9764	3.7	-6.5	-0.9663	-0.0391	0.0006	-0.1256	0.4879	60	1.198	47.901783	67.502335	460.60	47.901527	67.502342	420.5	11011
3	2024-04-20	14:13:55	5061.3018	2	0.0069	0.0009	5060.9776	3.6	-6.8	-0.9674	-0.0388	0.0007	-0.1256	0.4879	60	1.198	47.901783	67.502335	460.60	47.901527	67.502342	420.4	11011
3	2024-04-20	14:14:55	5061.3004	2	0.0064	0.0008	5060.9763	4.2	-6.2	-0.9722	-0.0384	0.0005	-0.1259	0.4879	60	1.198	47.901783	67.502335	460.60	47.901527	67.502342	420.4	11011
2	2024-04-20	14:17:54	5061.4519	2	0.0148	0.0019	5061.1272	-2.4	-1.6	-0.9673	-0.0374	0.0001	-0.1258	0.4879	60	0.701	47.901783	67.502335	460.60	47.901520	67.502342	419.9	11011
2	2024-04-20	14:18:54	5061.4578	2	0.0078	0.0010	5061.1327	-2.7	-1.7	-0.9748	-0.0371	0.0002	-0.1259	0.4879	60	0.701	47.901783	67.502335	460.60	47.901520	67.502342	419.9	11011
2	2024-04-20	14:19:54	5061.4573	2	0.0083	0.0011	5061.1320	-1.2	-2.0	-0.9664	-0.0368	0.0001	-0.1259	0.4879	60	0.701	47.901783	67.502335	460.60	47.901527	67.502342	419.9	11011
2	2024-04-20	14:20:54	5061.4571	2	0.0073	0.0009	5061.1316	-1.4	-1.6	-0.9679	-0.0364	0.0000	-0.1259	0.4879	60	0.701	47.901783	67.502335	460.60	47.901527	67.502342	419.9	11011
2	2024-04-20	14:21:54	5061.4575	2	0.0096	0.0012	5061.1317	-0.5	-2.5	-0.9701	-0.0361	0.0001	-0.1261	0.4879	60	0.701	47.901783	67.502335	460.60	47.901520	67.502342	419.9	11011
2	2024-04-20	14:22:54	5061.4571	2	0.0099	0.0013	5061.1311	0.2	-2.1	-0.9744	-0.0358	0.0001	-0.1262	0.4879	60	0.701	47.901783	67.502335	460.60	47.901520	67.502342	419.9	11011
2	2024-04-20	14:23:54	5061.4568	2	0.0084	0.0011	5061.1305	-0.9	-1.8	-0.9714	-0.0354	0.0001	-0.1263	0.4879	60	0.701	47.901783	67.502335	460.60	47.901527	67.502342	419.9	11011
3	2024-04-20	08:46:38	5061.2615	3	0.0267	0.0035	5060.9021	-4.1	3.4	-0.8721	-0.0152	0.0003	-0.1135	0.4877	60	1.200	47.901783	67.502335	460.60	47.901573	67.502228	400.7	11011
3	2024-04-20	08:47:38	5061.2828	3	0.0180	0.0023	5060.9244	-3.1	2.6	-0.8747	-0.0156	0.0002	-0.1139	0.4877	60	1.200	47.901783	67.502335	460.60	47.901573	67.502228	400.6	11011
3	2024-04-20	08:49:38	5061.2620	3	0.0418	0.0054	5060.9044	-0.6	3.3	-0.8750	-0.0163	0.0002	-0.1140	0.4877	60	1.200	47.901783	67.502335	460.60	47.901573	67.502228	400.6	11011
3	2024-04-20	08:50:38	5061.2988	3	0.0132	0.0017	5060.9419	-1.7	3.6	-0.8828	-0.0167	0.0002	-0.1143	0.4877	60	1.200	47.901783	67.502335	460.60	47.901573	67.502228	400.6	11011
3	2024-04-20	08:51:38	5061.2903	3	0.0145	0.0019	5060.9336	-0.7	4.7	-0.8793	-0.0170	0.0003	-0.1143	0.4877	60	1.200	47.901783	67.502335	460.60	47.901573	67.502228	400.4	11011
3	2024-04-20	08:52:38	5061.2893	3	0.0366	0.0047	5060.9331	-0.3	3.6	-0.8785	-0.0174	0.0002	-0.1143	0.4877	60	1.200	47.901783	67.502335	460.60	47.901573	67.502220	400.2	11011
1	2024-04-20	08:55:21	5061.6094	3	0.0070	0.0009	5061.2538	-5.4	2.1	-0.8847	-0.0184	0.0004	-0.1141	0.4877	60	0.215	47.901783	67.502335	460.60	47.901577	67.502220	399.3	11011
1	2024-04-20	08:56:21	5061.6091	3	0.0066	0.0009	5061.2540	-4.7	0.9	-0.8882	-0.0188	0.0003	-0.1141	0.4877	60	0.215	47.901783	67.502335	460.60	47.901573	67.502243	399.2	11011
1	2024-04-20	08:57:21	5061.6087	3	0.0071	0.0009	5061.2539	-5.8	0.9	-0.8718	-0.0191	0.0005	-0.1142	0.4877	60	0.215	47.901783	67.502335	460.60	47.901577	67.502228	399.3	11011
1	2024-04-20	08:58:21	5061.6099	3	0.0143	0.0018	5061.2555	-5.8	-0.3	-0.8685	-0.0195	0.0005	-0.1143	0.4877	60	0.215	47.901783	67.502335	460.60	47.901585	67.502220	399.4	11011
1	2024-04-20	08:59:21	5061.6086	3	0.0134	0.0017	5061.2547	-5.7	-0.9	-0.8788	-0.0198	0.0004	-0.1144	0.4877	60	0.215	47.901783	67.502335	460.60	47.901577	67.502220	399.4	11011
1	2024-04-20	09:00:21	5061.6105	3	0.0071	0.0009	5061.2570	-5.4	-0.6	-0.8850	-0.0202	0.0004	-0.1143	0.4877	60	0.215	47.901783	67.502335	460.60	47.901573	67.502220	399.5	11011
1	2024-04-20	09:01:21	5061.6095	3	0.0092	0.0012	5061.2564	-5.8	-0.5	-0.8803	-0.0206	0.0004	-0.1144	0.4877	60	0.215	47.901783	67.502335	460.60	47.901573	67.502228	399.5	11011
3	2024-04-20	09:04:24	5061.2952	3	0.0156	0.0020	5060.9436	2.3	0.2	-0.8798	-0.0217	0.0001	-0.1144	0.4877	60	1.200	47.901783	67.502335	460.60	47.901604	67.502075	398.8	11011
3	2024-04-20	09:05:24	5061.2872	3	0.0215	0.0028	5060.9358	4.5	0.5	-0.8775	-0.0220	0.0003	-0.1145	0.4877	60	1.200	47.901783	67.502335	460.60	47.901604	67.502106	399.0	11011
3	2024-04-20	09:06:24	5061.2949	3	0.0123	0.0016	5060.9438	4.8	0.4	-0.8779	-0.0224	0.0003	-0.1145	0.4877	60	1.200	47.901783	67.502335	460.60	47.901611	67.502075	398.5	11011
3	2024-04-20	09:07:24	5061.2815	3	0.0106	0.0014	5060.9307	6.0	0.7	-0.8828	-0.0228	0.0004	-0.1146	0.4877	60	1.200	47.901783	67.502335	460.60	47.901577	67.502151	399.1	11011
3	2024-04-20	09:08:24	5061.2724	3	0.0735	0.0095	5060.9223	6.1	-0.0	-0.8861	-0.0231	0.0003	-0.1147	0.4877	60	1.200	47.901783	67.502335	460.60	47.901520	67.502281	399.3	11011
3	2024-04-20	09:09:24	5061.2820	3	0.0174	0.0022	5060.9317	7.2	1.3	-0.8860	-0.0235	0.0006	-0.1145	0.4877	60	1.200	47.901783	67.502335	460.60	47.901520	67.502281	399.6	11011
3	2024-04-20	09:10:24	5061.2929	3	0.0162	0.0021	5060.9429	6.3	-0.0	-0.8818	-0.0239	0.0005	-0.1144	0.4877	60	1.200	47.901783	67.502335	460.60	47.901520	67.502281	399.3	11011
1	2024-04-20	09:12:55	5061.6094	3	0.0068	0.0009	5061.2608	-0.2	-3.8	-0.8808	-0.0248	0.0002	-0.1145	0.4877	60	0.215	47.901783	67.502335	460.60	47.901566	67.502396	393.3	11011
1	2024-04-20	09:13:55	5061.6092	3	0.0082	0.0011	5061.2607	1.0	-5.7	-0.8772	-0.0251	0.0004	-0.1144	0.4877	60	0.215	47.901783	67.502335	460.60	47.901566	67.502380	393.4	11011
1	2024-04-20	09:14:55	5061.6100	3	0.0067	0.0009	5061.2617	1.3	-6.0	-0.8819	-0.0255	0.0005	-0.1144	0.4877	60	0.215	47.901783	67.502335	460.60	47.901566	67.502373	393.6	11011
1	2024-04-20	09:15:55	5061.6086	3	0.0077	0.0010	5061.2608	0.8	-6.6	-0.8816	-0.0259	0.0005	-0.1146	0.4877	60	0.215	47.901783	67.502335	460.60	47.901554	67.502373	393.7	11011
1	2024-04-20	09:16:55	5061.6093	3	0.0068	0.0009	5061.2616	0.6	-7.2	-0.8837	-0.0262	0.0006	-0.1144	0.4877	60	0.215	47.901783	67.502335	460.60	47.901554	67.502357	393.8	11011
1	2024-04-20	09:17:55	5061.6104	3	0.0073	0.0009	5061.2632	2.4	-7.9	-0.8829	-0.0266	0.0009	-0.1147	0.4877	60	0.215	47.901783	67.502335	460.60	47.901554	67.502335	394.1	11011
1	2024-04-20	09:18:55	5061.6096	3	0.0063	0.0008	5061.2627	2.2	-9.0	-0.8762	-0.0269	0.0010	-0.1149	0.4877	60	0.215	47.901783	67.502335	460.60	47.901539	67.502296	394.4	11011
3	2024-04-20	09:21:47	5061.2716	3	0.0236	0.0031	5060.9264	-2.7	3.2	-0.8891	-0.0280	0.0003	-0.1148	0.4877	60	1.200	47.901783	67.502335	460.60	47.901520	67.502281	395.1	11011
3	2024-04-20	09:22:47	5061.2841	3	0.0263	0.0034	5060.9398	-0.8	4.0	-0.8843	-0.0283	0.0002	-0.1152	0.4877	60	1.200	47.901783	67.502335	460.60	47.901520	67.502281	395.0	11011
3	2024-04-20	09:23:47	5061.3007	3	0.0073	0.0009	5060.9564	-1.1	6.1	-0.8864	-0.0287	0.0005	-0.1153	0.4877	60	1.200	47.901783	67.502335	460.60	47.901573	67.502281	394.8	11011
3	2024-04-20	09:24:47	5061.2985	3	0.0074	0.0010	5060.9546	-1.7	5.8	-0.8851	-0.0291	0.0005	-0.1152	0.4877	60	1.200	47.901783	67.502335	460.60	47.901642	67.502281	394.6	11011
3	2024-04-20	09:25:47	5061.2982	3	0.0083	0.0011	5060.9547	-0.2	6.1	-0.8907	-0.0294	0.0005	-0.1154	0.4877	60	1.200	47.901783	67.502335	460.60	47.901653	67.502296	394.1	11011
3	2024-04-20	09:26:47	5061.2950	3	0.0720	0.0093	5060.9515	1.0	8.3	-0.8896	-0.0298	0.0009	-0.1154	0.4877	60	1.200	47.901783	67.502335	460.60	47.901653	67.502296	394.1	11011
3	2024-04-20	09:27:47	5061.2979	3	0.0228	0.0029	5060.9544	2.8	8.8	-0.8909	-0.0301	0.0012	-0.1153	0.4877	60	1.200	47.901783	67.502335	460.60	47.901653	67.502296	394.1	11011
1	2024-04-20	09:32:53	5061.6085	3	0.0081	0.0010	5061.2672	4.1	-3.5	-0.8846	-0.0319	0.0004	-0.1149	0.4877	60	0.215	47.901783	67.502335	460.60	47.901730	67.502419	383.7	11011
1	2024-04-20	09:33:53	5061.6083	3	0.0066	0.0008	5061.2666	4.8	-6.6	-0.8786	-0.0323	0.0009	-0.1147	0.4877	60	0.215	47.901783	67.502335	460.60	47.901730	67.502419	383.8	11011
1	2024-04-20	09:34:53	5061.6085	3	0.0076	0.0010	5061.2668	6.7	-8.5	-0.8828	-0.0326	0.0014	-0.1147	0.4877	60	0.215	47.901783	67.502335	460.60	47.901730	67.502411	383.9	11011
1	2024-04-20	09:35:53	5061.6082	3	0.0059	0.0008	5061.2670	6.3	-8.8	-0.8923	-0.0330	0.0012	-0.1148	0.4877	60	0.215	47.901783	67.502335	460.60	47.901730	67.502411	384.0	11011
1	2024-04-20	09:36:53	5061.6087	3	0.0071	0.0009	5061.2678	7.0	-9.6	-0.8907	-0.0333	0.0016	-0.1150	0.4877	60	0.215	47.901783	67.502335	460.60	47.901726	67.502380	384.6	11011
1	2024-04-20	09:37:53	5061.6084	3	0.0484	0.0062	5061.2677	7.0	-10.1	-0.8830	-0.0337	0.0017	-0.1151	0.4877	60	0.215	47.901783	67.502335	460.60	47.901718	67.502373	384.8	11011
1	2024-04-20	09:38:53	5061.6089	3	0.0315	0.0041	5061.2700	2.6	-3.1	-0.8846	-0.0340	0.0002	-0.1151	0.4877	60	0.215	47.901783	67.502335	460.60	47.901718	67.502357	385.1	11011
3	2024-04-20	14:26:42	5061.2993	3	0.0089	0.0012	5060.9706	8.8	-6.9	-0.9684	-0.0345	0.0015	-0.1261	0.4879	60	1.198	47.901783	67.502335	460.60	47.901527	67.502373	419.9	11011
3	2024-04-20	14:27:42	5061.2936	3	0.0144	0.0019	5060.9652	6.9	-5.9	-0.9715	-0.0341	0.0010	-0.1263	0.4879	60	1.198	47.901783	67.502335	460.60	47.901527	67.502380	419.9	11011
3	2024-04-20	14:28:42	5061.2947	3	0.0062	0.0008	5060.9682	6.5	-5.0	-0.9788	-0.0338	0.0008	-0.1263	0.4879	60	1.198	47.901783	67.502335	460.60	47.901527	67.502380	419.8	11011
3	2024-04-20	14:29:42	5061.2955	3	0.0077	0.0010	5060.9687	6.3	-5.3	-0.9696	-0.0335	0.0008	-0.1265	0.4879	60	1.198	47.901783	67.502335	460.60	47.901527	67.502380	419.8	11011
3	2024-04-20	14:30:42	5061.2935	3	0.0129	0.0017	5060.9614	7.6	-4.9	-0.9738	-0.0331	0.0010	-0.1266	0.4879	60	1.198	47.901783	67.502335	460.60	47.901527	67.502380	419.8	11011
3	2024-04-20	14:31:42	5061.2949	3	0.0096	0.0012	5060.9706	7.4	-4.7	-0.9781	-0.0328	0.0009	-0.1267	0.4879	60	1.198	47.901783	67.502335	460.60	47.901527	67.502380	419.8	11011
3	2024-04-20	14:32:42	5061.2998	3	0.0067	0.0009	5060.9704	7.0	-4.2	-0.9737	-0.0324	0.0008	-0.1269	0.4879	60	1.198	47.901783	67.502335	460.60	47.901527	67.502380	419.8	11011
1	2024-04-20	14:35:47	5061.6101	3	0.0082	0.0011	5061.2806	2.7	1.5	-0.9777	-0.0313	0.0001	-0.1272	0.4879	60	0.212	47.901783	67.502335	460.60	47.901546	67.502373	418.9	11011
1	2024-04-20	14:36:47	5061.6102	3	0.0059	0.0008	5061.2802	2.9	1.1	-0.9756	-0.0310	0.0001	-0.1270	0.4879	60	0.212	47.901783	67.502335	460.60	47.901546	67.502373	418.9	11011
1	2024-04-20	14:37:47	5061.6078	3	0.0071	0.0009	5061.2779	2.2	1.4	-0.9757	-0.0307	0.0001	-0.1274	0.4879	60	0.212	47.901783	67.502335	460.60	47.901546	67.502373	418.9	11011
1	2024-04-20	14:38:47	5061.6097	3	0.0071	0.0009	5061.2793	2.0	0.9	-0.9830	-0.0303	0.0001	-0.1272	0.4879	60	0.212	47.901783	67.502335	460.60	47.901546	67.502357	418.6	11011
1	2024-04-20	14:39:47	5061.6096	3	0.0059	0.0008	5061.2789	3.1	0.7	-0.9792	-0.0300	0.0001	-0.1273	0.4879	60	0.212	47.901783	67.502335	460.60	47.901546	67.502357	418.6	11011
1	2024-04-20	14:40:47	5061.6092	3	0.0066	0.0009	5061.2783	0.9	1.1	-0.9817	-0.0296	0.0001	-0.1274	0.4879	60	0.212	47.901783	67.502335	460.60	47.901546	67.502357	418.6	11011
1	2024-04-20	14:41:47	5061.6093	3	0.0064	0.0008	5061.2782	2.1	2.7	-0.9830	-0.0293	0.0001	-0.1277	0.4879	60	0.212	47.901783	67.502335	460.60	47.901546	67.502357	418.6	11011
3	2024-04-20	14:44:34	5061.2984	3	0.0077	0.0010	5060.9659	0.5	2.8	-0.9738	-0.0283	0.0001	-0.1272	0.4879	60	1.198	47.901783	67.502335	460.60	47.901554	67.502335	417.2	11011
3	2024-04-20	14:45:34	5061.2996	3	0.0074	0.0010	5060.9669	-0.4	2.0	-0.9782	-0.0279	0.0001	-0.1273	0.4879	60	1.198	47.901783	67.502335	460.60	47.901554	67.502335	417.2	11011
3	2024-04-20	14:46:34	5061.3021	3	0.0064	0.0008	5060.9690	-1.3	2.6	-0.9799	-0.0276	0.0002	-0.1275	0.4879	60	1.198	47.901783	67.502335	460.60	47.901554	67.502335	417.2	11011
3	2024-04-20	14:47:34	5061.3003	3	0.0067	0.0009	5060.9668	-0.1	3.0	-0.9775	-0.0272	0.0002	-0.1273	0.4879	60	1.198	47.901783	67.502335	460.60	47.901554	67.502335	418.2	11011
3	2024-04-20	14:48:34	5061.3028	3	0.0060	0.0008	5060.9690	-0.1	4.1	-0.9867	-0.0269	0.0002	-0.1274	0.4879	60	1.198	47.901783	67.502335	460.60	47.901546	67.502335	418.3	11011
3	2024-04-20	14:49:34	5061.3008	3	0.0063	0.0008	5060.9668	0.9	4.9	-0.9849	-0.0265	0.0003	-0.1277	0.4879	60	1.198	47.901783	67.502335	460.60	47.901546	67.502335	418.3	11011
3	2024-04-20	14:50:34	5061.3013	3	0.0075	0.0010	5060.9671	0.5	3.5	-0.9842	-0.0262	0.0002	-0.1277	0.4879	60	1.198	47.901783	67.502335	460.60	47.901546	67.502335	418.3	11011
1	2024-04-20	14:57:32	5061.6092	3	0.0069	0.0009	5061.2714	3.0	-10.1	-0.9881	-0.0237	0.0014	-0.1278	0.4879	60	0.212	47.901783	67.502335	460.60	47.901566	67.502304	418.2	11011
1	2024-04-20	14:58:32	5061.6084	3	0.0059	0.0008	5061.2689	5.9	-14.3	-0.9841	-0.0233	0.0029	-0.1279	0.4879	60	0.212	47.901783	67.502335	460.60	47.901566	67.502304	418.2	11011
1	2024-04-20	14:59:32	5061.6079	3	0.0064	0.0008	5061.2664	7.1	-18.4	-0.9867	-0.0230	0.0047	-0.1280	0.4879	60	0.212	47.901783	67.502335	460.60	47.901566	67.502304	418.2	11011
1	2024-04-20	15:00:32	5061.6100	3	0.0056	0.0007	5061.2666	8.0	-21.8	-0.9879	-0.0226	0.0064	-0.1283	0.4879	60	0.212	47.901783	67.502335	460.60	47.901566	67.502304	418.2	11011
1	2024-04-20	15:01:32	5061.6088	3	0.0068	0.0009	5061.2643	9.5	-23.6	-0.9913	-0.0223	0.0074	-0.1285	0.4879	60	0.212	47.901783	67.502335	460.60	47.901566	67.502304	418.3	11011
1	2024-04-20	15:02:32	5061.6082	3	0.0057	0.0007	5061.2616	11.4	-25.7	-0.9954	-0.0219	0.0092	-0.1286	0.4879	60	0.212	47.901783	67.502335	460.60	47.901566	67.502304	418.3	11011
1	2024-04-20	15:03:32	5061.6079	3	0.0065	0.0008	5061.2599	12.9	-26.9	-0.9869	-0.0216	0.0103	-0.1286	0.4879	60	0.212	47.901783	67.502335	460.60	47.901566	67.502304	418.3	11011
3	2024-04-20	15:10:52	5061.2972	3	0.0127	0.0016	5060.9566	1.7	2.6	-0.9886	-0.0190	0.0001	-0.1285	0.4879	60	1.198	47.901783	67.502335	460.60	47.901573	67.502304	418.9	11011
3	2024-04-20	15:11:52	5061.3006	3	0.0080	0.0010	5060.9596	1.5	3.6	-0.9913	-0.0186	0.0002	-0.1285	0.4879	60	1.198	47.901783	67.502335	460.60	47.901573	67.502304	419.0	11011
3	2024-04-20	15:12:52	5061.2967	3	0.0103	0.0013	5060.9556	2.4	3.5	-0.9939	-0.0183	0.0003	-0.1288	0.4879	60	1.198	47.901783	67.502335	460.60	47.901573	67.502304	419.0	11011
3	2024-04-20	15:13:52	5061.3018	3	0.0067	0.0009	5060.9602	3.0	3.8	-0.9946	-0.0179	0.0004	-0.1288	0.4879	60	1.198	47.901783	67.502335	460.60	47.901573	67.502296	418.8	11011
3	2024-04-20	15:14:52	5061.3023	3	0.0101	0.0013	5060.9606	2.2	4.2	-0.9919	-0.0176	0.0003	-0.1288	0.4879	60	1.198	47.901783	67.502335	460.60	47.901577	67.502281	418.3	11011
3	2024-04-20	15:15:52	5061.2987	3	0.0115	0.0015	5060.9569	2.4	2.9	-0.9951	-0.0172	0.0002	-0.1291	0.4879	60	1.198	47.901783	67.502335	460.60	47.901577	67.502281	418.1	11011
3	2024-04-20	15:16:52	5061.2999	3	0.0089	0.0011	5060.9578	0.3	3.6	-0.9940	-0.0169	0.0002	-0.1291	0.4879	60	1.198	47.901783	67.502335	460.60	47.901577	67.502281	418.1	11011
1	2024-04-20	15:20:12	5061.6079	3	0.0051	0.0007	5061.2651	-1.3	-0.7	-0.9992	-0.0157	0.0001	-0.1294	0.4879	60	0.212	47.901783	67.502335	460.60	47.901577	67.502281	417.7	11011
1	2024-04-20	15:21:12	5061.6085	3	0.0060	0.0008	5061.2652	-1.2	-0.4	-0.9927	-0.0154	0.0000	-0.1293	0.4879	60	0.212	47.901783	67.502335	460.60	47.901577	67.502281	417.7	11011
1	2024-04-20	15:22:12	5061.6090	3	0.0058	0.0007	5061.2654	-1.5	-0.6	-0.9996	-0.0150	0.0001	-0.1294	0.4879	60	0.212	47.901783	67.502335	460.60	47.901577	67.502281	417.7	11011
1	2024-04-20	15:23:12	5061.6087	3	0.0079	0.0010	5061.2649	-0.5	-1.1	-0.9886	-0.0147	0.0000	-0.1295	0.4879	60	0.212	47.901783	67.502335	460.60	47.901577	67.502281	417.7	11011
1	2024-04-20	15:24:12	5061.6081	3	0.0053	0.0007	5061.2638	-1.9	-2.6	-0.9933	-0.0143	0.0002	-0.1295	0.4879	60	0.212	47.901783	67.502335	460.60	47.901577	67.502281	417.7	11011
1	2024-04-20	15:25:12	5061.6102	3	0.0099	0.0013	5061.2657	-0.9	-1.7	-0.9969	-0.0140	0.0001	-0.1294	0.4879	60	0.212	47.901783	67.502335	460.60	47.901577	67.502296	416.7	11011
1	2024-04-20	15:26:12	5061.6074	3	0.0080	0.0010	5061.2624	-2.0	-2.4	-1.0024	-0.0137	0.0002	-0.1295	0.4879	60	0.212	47.901783	67.502335	460.60	47.901577	67.502296	416.7	11011
3	2024-04-20	15:28:55	5061.2959	3	0.0156	0.0020	5060.9499	4.3	-2.5	-0.9932	-0.0127	0.0003	-0.1294	0.4879	60	1.198	47.901783	67.502335	460.60	47.901585	67.502266	416.9	11011
3	2024-04-20	15:29:55	5061.2965	3	0.0081	0.0011	5060.9502	3.9	-1.7	-0.9972	-0.0124	0.0002	-0.1295	0.4879	60	1.198	47.901783	67.502335	460.60	47.901577	67.502266	417.0	11011
3	2024-04-20	15:30:55	5061.2952	3	0.0095	0.0012	5060.9456	3.2	-1.7	-0.9973	-0.0121	0.0002	-0.1295	0.4879	60	1.198	47.901783	67.502335	460.60	47.901585	67.502258	416.6	11011
3	2024-04-20	15:31:55	5061.2973	3	0.0086	0.0011	5060.9535	3.1	-1.0	-0.9950	-0.0117	0.0002	-0.1296	0.4879	60	1.198	47.901783	67.502335	460.60	47.901585	67.502243	416.6	11011
3	2024-04-20	15:32:55	5061.2970	3	0.0062	0.0008	5060.9529	3.0	-1.9	-0.9950	-0.0114	0.0002	-0.1295	0.4879	60	1.198	47.901783	67.502335	460.60	47.901585	67.502243	416.6	11011
3	2024-04-20	15:33:55	5061.2922	3	0.0195	0.0025	5060.9447	2.6	-1.4	-1.0009	-0.0110	0.0001	-0.1295	0.4879	60	1.198	47.901783	67.502335	460.60	47.901585	67.502243	416.6	11011
3	2024-04-20	15:34:55	5061.2975	3	0.0092	0.0012	5060.9498	3.0	-0.8	-0.9960	-0.0107	0.0001	-0.1297	0.4879	60	1.198	47.901783	67.502335	460.60	47.901585	67.502243	416.6	11011