
/	CG-5 SURVEY
/	Survey name:   	110A-kpre-zveb
/	Instrument S/N:	41262
/	Client:        	tsniigaik
/	Operator:      	oaz
/	Date:          	2022/ 4/21
/	Time:          	05:19:53
/	LONG:        	37.5000000 E
/	LAT:         	55.8000000 N
/	ZONE:        	0       
/	GMT DIFF.:   	0.0 

/	CG-5 SETUP PARAMETERS
/	Gref:			0.000   
/	Gcal1:		8489.254
/	TiltxS:		714.166 
/	TiltyS:		708.889 
/	TiltxO:		17.920  
/	TiltyO:		-24.094 
/	Tempco:		-0.131  
/	Drift:		0.141   
/	DriftTime Start:	05:19:55
/	DriftDate Start:	2022/04/21

/	CG-5 OPTIONS
/	Tide Correction:    YES
/	Cont. Tilt:          NO
/	Auto Rejection:     YES
/	Terrain Corr.:       NO
/	Seismic Filter:     YES
/	Raw Data:           YES
Line	 132.000N
/------LINE-----STATION-----ALT.------GRAV.---SD.--TILTX--TILTY-TEMP---TIDE---DUR-REJ-----TIME----DEC.TIME+DATE--TERRAIN---DATE
132.0000000  10.0000000   31.0545   5309.142 0.082   -2.6    0.4 2.51 -0.083  55   3 05:25:27     44640.22565    0.0000  2022/04/21
132.0000000  10.0000000   31.2986   5309.133 0.035   -2.9    0.4 2.50 -0.083  55   0 05:26:32     44640.22640    0.0000  2022/04/21
132.0000000  10.0000000   31.2986   5309.133 0.041   -3.0    0.3 2.50 -0.082  55   0 05:27:32     44640.22709    0.0000  2022/04/21
132.0000000  10.0000000   31.2986   5309.133 0.032   -3.1    0.2 2.49 -0.082  55   0 05:28:32     44640.22778    0.0000  2022/04/21
132.0000000  10.0000000   31.2986   5309.133 0.039   -3.3    0.1 2.49 -0.082  55   0 05:29:32     44640.22848    0.0000  2022/04/21
132.0000000  10.0000000   31.2986   5309.133 0.036   -3.5    0.1 2.48 -0.082  55   0 05:30:32     44640.22917    0.0000  2022/04/21
132.0000000  10.0000000   31.2986   5309.132 0.040   -3.5    0.0 2.48 -0.081  55   2 05:31:32     44640.22986    0.0000  2022/04/21
132.0000000  10.0000000   31.2986   5309.134 0.046   -3.6    0.0 2.47 -0.081  55   0 05:32:32     44640.23056    0.0000  2022/04/21
132.0000000  10.0000000   31.5428   5309.130 0.064   -3.6   -0.1 2.47 -0.081  55  10 05:33:32     44640.23125    0.0000  2022/04/21
132.0000000  10.0000000   31.2986   5309.133 0.033   -3.6   -0.3 2.46 -0.081  55   0 05:34:32     44640.23194    0.0000  2022/04/21
132.0000000  10.0000000   31.2986   5309.134 0.033   -3.7   -0.2 2.46 -0.080  55   0 05:35:32     44640.23264    0.0000  2022/04/21
132.0000000  10.0000000   31.2986   5309.132 0.031   -3.7   -0.4 2.46 -0.080  55   2 05:36:32     44640.23333    0.0000  2022/04/21
132.0000000  10.0000000   31.5428   5309.133 0.031   -3.7   -0.4 2.45 -0.080  55   0 05:37:32     44640.23402    0.0000  2022/04/21
132.0000000  10.0000000   31.2986   5309.135 0.035   -3.8   -0.5 2.45 -0.079  55   0 05:38:32     44640.23472    0.0000  2022/04/21
132.0000000  10.0000000   31.5428   5309.134 0.040   -3.8   -0.5 2.45 -0.079  55   0 05:39:32     44640.23541    0.0000  2022/04/21
132.0000000  10.0000000   31.5428   5309.134 0.034   -3.9   -0.7 2.45 -0.079  55   0 05:40:32     44640.23610    0.0000  2022/04/21
132.0000000  10.0000000   31.5428   5309.136 0.059   -3.8   -0.7 2.44 -0.079  55   0 05:41:32     44640.23680    0.0000  2022/04/21
132.0000000  10.0000000   31.2986   5309.135 0.034   -4.1   -0.9 2.44 -0.078  55   0 05:42:32     44640.23749    0.0000  2022/04/21
132.0000000  10.0000000   31.2986   5309.133 0.034   -4.0   -1.1 2.44 -0.078  55   1 05:43:32     44640.23818    0.0000  2022/04/21
132.0000000  10.0000000   31.2986   5309.135 0.028   -4.0   -1.2 2.44 -0.078  55   0 05:44:32     44640.23888    0.0000  2022/04/21
132.0000000  10.0000000   31.5428   5309.135 0.043   -4.0   -1.3 2.44 -0.077  55   0 05:45:32     44640.23957    0.0000  2022/04/21
132.0000000  10.0000000   31.5428   5309.137 0.031   -4.1   -1.5 2.43 -0.077  55   0 05:46:32     44640.24026    0.0000  2022/04/21
132.0000000  10.0000000   31.2986   5309.135 0.049   -4.2   -1.5 2.43 -0.077  55   0 05:47:32     44640.24096    0.0000  2022/04/21
132.0000000  10.0000000   31.2986   5309.125 0.120   -4.1   -1.6 2.43 -0.077  55   5 05:48:32     44640.24165    0.0000  2022/04/21
132.0000000  10.0000000   31.2986   5309.135 0.034   -4.1   -1.8 2.43 -0.076  55   1 05:49:32     44640.24234    0.0000  2022/04/21
132.0000000  10.0000000   31.5428   5309.134 0.038   -4.3   -1.8 2.43 -0.076  55   0 05:50:32     44640.24304    0.0000  2022/04/21
132.0000000  10.0000000   31.5428   5309.134 0.065   -4.3   -2.0 2.43 -0.076  55   2 05:51:32     44640.24373    0.0000  2022/04/21
132.0000000  10.0000000   31.5428   5309.137 0.056   -4.3   -2.0 2.43 -0.075  55   0 05:52:32     44640.24442    0.0000  2022/04/21
132.0000000  10.0000000   31.5428   5309.135 0.035   -4.3   -2.2 2.43 -0.075  55   0 05:53:32     44640.24512    0.0000  2022/04/21
132.0000000  10.0000000   31.5428   5309.135 0.049   -4.3   -2.3 2.43 -0.075  55   0 05:54:32     44640.24581    0.0000  2022/04/21
132.0000000  10.0000000   31.5428   5309.135 0.032   -4.3   -2.4 2.43 -0.074  55   0 05:55:32     44640.24650    0.0000  2022/04/21
132.0000000  10.0000000   31.5428   5309.137 0.043   -4.5   -2.5 2.43 -0.074  55   0 05:56:32     44640.24720    0.0000  2022/04/21
132.0000000  10.0000000   31.5428   5309.136 0.041   -4.4   -2.6 2.43 -0.074  55   0 05:57:32     44640.24789    0.0000  2022/04/21
132.0000000  10.0000000   31.5428   5309.136 0.034   -4.5   -2.7 2.43 -0.074  55   0 05:58:32     44640.24858    0.0000  2022/04/21
132.0000000  10.0000000   31.2986   5309.136 0.033   -4.5   -2.8 2.43 -0.073  55   0 05:59:32     44640.24928    0.0000  2022/04/21
132.0000000  10.0000000   31.5428   5309.137 0.032   -4.6   -2.8 2.43 -0.073  55   0 06:00:32     44640.24997    0.0000  2022/04/21
132.0000000  10.0000000   31.2986   5309.137 0.037   -4.6   -3.0 2.42 -0.073  55   0 06:01:32     44640.25066    0.0000  2022/04/21
132.0000000  10.0000000   31.5428   5309.137 0.040   -4.6   -3.0 2.42 -0.072  55   0 06:02:32     44640.25136    0.0000  2022/04/21
132.0000000  10.0000000   31.5428   5309.135 0.037   -4.7   -3.1 2.42 -0.072  55   0 06:03:32     44640.25205    0.0000  2022/04/21
132.0000000  10.0000000   31.5428   5309.138 0.038   -4.6   -3.3 2.42 -0.072  55   0 06:04:32     44640.25274    0.0000  2022/04/21
132.0000000  10.0000000   31.2986   5309.138 0.038   -4.7   -3.2 2.42 -0.071  55   0 06:05:32     44640.25344    0.0000  2022/04/21
132.0000000  10.0000000   31.2986   5309.138 0.076   -4.7   -3.4 2.42 -0.071  55   0 06:06:32     44640.25413    0.0000  2022/04/21
132.0000000  10.0000000   31.5428   5309.137 0.047   -4.7   -3.6 2.42 -0.071  55   0 06:07:32     44640.25482    0.0000  2022/04/21
132.0000000  10.0000000   31.5428   5309.139 0.072   -4.8   -3.6 2.42 -0.070  55   2 06:08:32     44640.25552    0.0000  2022/04/21
132.0000000  10.0000000   31.2986   5309.138 0.101   -4.8   -3.6 2.42 -0.070  55   0 06:09:32     44640.25621    0.0000  2022/04/21
132.0000000  10.0000000   31.2986   5309.137 0.050   -4.7   -3.8 2.42 -0.070  55   0 06:10:32     44640.25690    0.0000  2022/04/21
132.0000000  10.0000000   31.2986   5309.136 0.041   -4.8   -3.9 2.42 -0.069  55   0 06:11:32     44640.25760    0.0000  2022/04/21
132.0000000  10.0000000   31.2986   5309.137 0.034   -4.8   -4.0 2.42 -0.069  55   0 06:12:32     44640.25829    0.0000  2022/04/21
132.0000000  10.0000000   31.5428   5309.141 0.044   -4.9   -4.0 2.42 -0.069  55   7 06:13:32     44640.25898    0.0000  2022/04/21
132.0000000  10.0000000   31.2986   5309.137 0.076   -4.8   -4.2 2.42 -0.068  55   0 06:14:32     44640.25968    0.0000  2022/04/21
132.0000000  10.0000000   31.5428   5309.139 0.043   -4.9   -4.2 2.42 -0.068  55   0 06:15:32     44640.26037    0.0000  2022/04/21
132.0000000  10.0000000   31.5428   5309.141 0.044   -4.9   -4.3 2.42 -0.068  55   1 06:16:32     44640.26106    0.0000  2022/04/21
132.0000000  10.0000000   31.5428   5309.137 0.043   -4.9   -4.4 2.42 -0.067  55   0 06:17:32     44640.26176    0.0000  2022/04/21
132.0000000  10.0000000   31.5428   5309.137 0.037   -5.1   -4.4 2.42 -0.067  55   0 06:18:32     44640.26245    0.0000  2022/04/21
132.0000000  10.0000000   31.5428   5309.138 0.036   -5.0   -4.5 2.42 -0.066  55   0 06:19:32     44640.26314    0.0000  2022/04/21
132.0000000  10.0000000   31.2986   5309.138 0.038   -5.0   -4.7 2.42 -0.066  55   0 06:20:32     44640.26384    0.0000  2022/04/21
132.0000000  10.0000000   31.5428   5309.136 0.034   -5.0   -4.7 2.42 -0.066  55   0 06:21:32     44640.26453    0.0000  2022/04/21
132.0000000  10.0000000   31.2986   5309.138 0.051   -5.1   -4.8 2.42 -0.065  55   0 06:22:32     44640.26522    0.0000  2022/04/21
132.0000000  10.0000000   31.5428   5309.137 0.056   -5.1   -4.7 2.42 -0.065  55   0 06:23:32     44640.26592    0.0000  2022/04/21
132.0000000  10.0000000   30.0779   5309.140 0.046   -5.0   -4.9 2.42 -0.065  55   4 06:24:33     44640.26662    0.0000  2022/04/21
132.0000000  30.0000000   32.7635   5282.639 0.017    0.4    0.0 2.58 -0.027  55   0 07:51:54     44640.32718    0.0000  2022/04/21
132.0000000  30.0000000   32.7635   5282.639 0.017    0.3    0.0 2.57 -0.027  55   0 07:52:59     44640.32794    0.0000  2022/04/21
132.0000000  30.0000000   32.5193   5282.638 0.014    0.4   -0.1 2.55 -0.026  55   0 07:53:59     44640.32863    0.0000  2022/04/21
132.0000000  30.0000000   32.5193   5282.639 0.013    0.5   -0.3 2.54 -0.026  55   0 07:54:59     44640.32932    0.0000  2022/04/21
132.0000000  30.0000000   32.5193   5282.640 0.019    0.4   -0.3 2.53 -0.025  55   0 07:55:59     44640.33002    0.0000  2022/04/21
132.0000000  30.0000000   32.2752   5282.639 0.020    0.5   -0.3 2.52 -0.025  55   0 07:56:59     44640.33071    0.0000  2022/04/21
132.0000000  30.0000000   32.2752   5282.642 0.016    0.5   -0.4 2.51 -0.024  55   0 07:57:59     44640.33140    0.0000  2022/04/21
132.0000000  30.0000000   32.2752   5282.640 0.023    0.4   -0.5 2.50 -0.024  55   0 07:58:59     44640.33210    0.0000  2022/04/21
132.0000000  30.0000000   32.0310   5282.640 0.027    0.5   -0.7 2.49 -0.023  55   0 07:59:59     44640.33279    0.0000  2022/04/21
132.0000000  30.0000000   32.0310   5282.640 0.025    0.4   -0.8 2.48 -0.023  55   0 08:00:59     44640.33348    0.0000  2022/04/21
132.0000000  30.0000000   32.0310   5282.640 0.020    0.3   -0.9 2.47 -0.022  55   0 08:01:59     44640.33418    0.0000  2022/04/21
132.0000000  30.0000000   31.7869   5282.641 0.027    0.3   -1.0 2.46 -0.022  55   0 08:02:59     44640.33487    0.0000  2022/04/21
132.0000000  30.0000000   31.7869   5282.643 0.021    0.3   -1.1 2.46 -0.021  55   0 08:03:59     44640.33556    0.0000  2022/04/21
132.0000000  30.0000000   31.7869   5282.641 0.021    0.1   -1.2 2.45 -0.021  55   0 08:04:59     44640.33626    0.0000  2022/04/21
132.0000000  30.0000000   31.5428   5282.643 0.017    0.1   -1.3 2.44 -0.020  55   0 08:05:59     44640.33695    0.0000  2022/04/21
132.0000000  30.0000000   31.5428   5282.641 0.022    0.0   -1.5 2.44 -0.020  55   0 08:06:59     44640.33764    0.0000  2022/04/21
132.0000000  30.0000000   31.5428   5282.642 0.018    0.0   -1.6 2.43 -0.019  55   0 08:07:59     44640.33834    0.0000  2022/04/21
132.0000000  30.0000000   31.2986   5282.643 0.025    0.0   -1.7 2.43 -0.019  55   0 08:08:59     44640.33903    0.0000  2022/04/21
132.0000000  30.0000000   31.2986   5282.644 0.020   -0.1   -1.9 2.43 -0.018  55   0 08:09:59     44640.33972    0.0000  2022/04/21
132.0000000  30.0000000   31.2986   5282.644 0.017   -0.2   -1.9 2.42 -0.018  55   0 08:10:59     44640.34042    0.0000  2022/04/21
132.0000000  30.0000000   31.2986   5282.643 0.018   -0.2   -2.1 2.42 -0.017  55   0 08:11:59     44640.34111    0.0000  2022/04/21
132.0000000  30.0000000   31.0545   5282.644 0.015   -0.3   -2.1 2.42 -0.017  55   0 08:12:59     44640.34180    0.0000  2022/04/21
132.0000000  30.0000000   31.0545   5282.642 0.021   -0.4   -2.2 2.42 -0.016  55   0 08:13:59     44640.34250    0.0000  2022/04/21
132.0000000  30.0000000   31.0545   5282.638 0.023   -0.6   -2.4 2.42 -0.016  55   0 08:14:59     44640.34319    0.0000  2022/04/21
132.0000000  30.0000000   30.8103   5282.643 0.022   -0.8   -2.2 2.41 -0.015  55   0 08:15:59     44640.34388    0.0000  2022/04/21
132.0000000  30.0000000   30.8103   5282.643 0.016   -0.7   -2.6 2.41 -0.015  55   0 08:16:59     44640.34458    0.0000  2022/04/21
132.0000000  30.0000000   30.8103   5282.647 0.017   -0.8   -2.6 2.41 -0.014  55   0 08:17:59     44640.34527    0.0000  2022/04/21
132.0000000  30.0000000   30.8103   5282.645 0.019   -1.0   -2.6 2.41 -0.014  55   0 08:18:59     44640.34596    0.0000  2022/04/21
132.0000000  30.0000000   30.8103   5282.644 0.019   -0.9   -2.8 2.41 -0.013  55   0 08:19:59     44640.34666    0.0000  2022/04/21
132.0000000  30.0000000   30.8103   5282.641 0.024   -1.0   -2.9 2.40 -0.013  55   0 08:20:59     44640.34735    0.0000  2022/04/21
132.0000000  30.0000000   30.5662   5282.642 0.034   -1.2   -3.0 2.40 -0.012  55   0 08:21:59     44640.34804    0.0000  2022/04/21
132.0000000  30.0000000   30.5662   5282.644 0.026   -1.2   -3.1 2.40 -0.012  55   0 08:22:59     44640.34874    0.0000  2022/04/21
132.0000000  30.0000000   30.5662   5282.645 0.022   -1.3   -3.2 2.40 -0.011  55   0 08:23:59     44640.34943    0.0000  2022/04/21
132.0000000  30.0000000   30.5662   5282.644 0.016   -1.3   -3.3 2.40 -0.011  55   0 08:24:59     44640.35012    0.0000  2022/04/21
132.0000000  30.0000000   30.5662   5282.645 0.034   -1.4   -3.3 2.40 -0.010  55   0 08:25:59     44640.35082    0.0000  2022/04/21
132.0000000  30.0000000   30.5662   5282.642 0.017   -1.5   -3.5 2.40 -0.010  55   0 08:26:59     44640.35151    0.0000  2022/04/21
132.0000000  30.0000000   30.5662   5282.645 0.020   -1.6   -3.6 2.40 -0.009  55   0 08:27:59     44640.35220    0.0000  2022/04/21
132.0000000  30.0000000   30.5662   5282.648 0.017   -1.7   -3.6 2.40 -0.009  55   0 08:28:59     44640.35290    0.0000  2022/04/21
132.0000000  30.0000000   30.3221   5282.645 0.019   -1.7   -3.7 2.40 -0.008  55   0 08:29:59     44640.35359    0.0000  2022/04/21
132.0000000  30.0000000   30.3221   5282.642 0.021   -1.7   -3.9 2.40 -0.008  55   0 08:30:59     44640.35428    0.0000  2022/04/21
132.0000000  30.0000000   30.3221   5282.645 0.035   -1.8   -4.0 2.40 -0.007  55   0 08:31:59     44640.35498    0.0000  2022/04/21
132.0000000  30.0000000   30.3221   5282.647 0.038   -1.9   -4.0 2.40 -0.007  55   0 08:32:59     44640.35567    0.0000  2022/04/21
132.0000000  30.0000000   30.3221   5282.646 0.050   -1.9   -4.1 2.40 -0.006  55   0 08:33:59     44640.35636    0.0000  2022/04/21
132.0000000  30.0000000   30.3221   5282.646 0.080   -2.0   -4.2 2.40 -0.006  55   0 08:34:59     44640.35706    0.0000  2022/04/21
132.0000000  30.0000000   30.0779   5282.653 0.122   -2.0   -4.2 2.40 -0.005  55   0 08:35:59     44640.35775    0.0000  2022/04/21
132.0000000  30.0000000   30.0779   5282.649 0.146   -2.1   -4.4 2.40 -0.005  55   0 08:36:59     44640.35844    0.0000  2022/04/21
132.0000000  30.0000000   30.0779   5282.645 0.210   -2.2   -4.4 2.40 -0.004  55   0 08:37:59     44640.35914    0.0000  2022/04/21
132.0000000  30.0000000   30.0779   5282.651 0.077   -2.3   -4.4 2.40 -0.004  55   0 08:38:59     44640.35983    0.0000  2022/04/21
132.0000000  30.0000000   30.0779   5282.656 0.204   -2.4   -4.3 2.40 -0.003  55   0 08:39:59     44640.36052    0.0000  2022/04/21
132.0000000  30.0000000   30.0779   5282.645 0.058   -2.3   -4.6 2.40 -0.003  55   0 08:40:59     44640.36122    0.0000  2022/04/21
132.0000000  30.0000000   30.0779   5282.650 0.085   -2.4   -4.8 2.40 -0.002  55   0 08:41:59     44640.36191    0.0000  2022/04/21
132.0000000  30.0000000   30.0779   5282.646 0.057   -2.5   -4.8 2.40 -0.001  55   0 08:42:59     44640.36260    0.0000  2022/04/21
132.0000000  30.0000000   30.0779   5282.646 0.030   -2.5   -4.7 2.40 -0.001  55   0 08:43:59     44640.36330    0.0000  2022/04/21
132.0000000  30.0000000   30.0779   5282.642 0.080   -2.6   -4.9 2.40 0.000  55   0 08:44:59     44640.36399    0.0000  2022/04/21
132.0000000  30.0000000   29.8338   5282.645 0.033   -2.6   -5.0 2.40 0.000  55   0 08:45:59     44640.36468    0.0000  2022/04/21
132.0000000  30.0000000   30.0779   5282.649 0.029   -2.6   -5.1 2.40 0.000  55   0 08:46:59     44640.36538    0.0000  2022/04/21
132.0000000  30.0000000   29.8338   5282.649 0.060   -2.8   -5.0 2.40 0.000  55   0 08:47:59     44640.36607    0.0000  2022/04/21
132.0000000  30.0000000   30.0779   5282.644 0.069   -2.7   -5.2 2.40 0.001  55   0 08:48:59     44640.36676    0.0000  2022/04/21
132.0000000  30.0000000   29.8338   5282.648 0.017   -2.8   -5.3 2.40 0.001  55   0 08:49:59     44640.36746    0.0000  2022/04/21
132.0000000  30.0000000   28.8572   5282.647 0.022   -2.8   -5.4 2.40 0.002  55   0 08:51:00     44640.36816    0.0000  2022/04/21
132.0000000  20.0000000   25.9275   5263.368 0.017   -3.1    1.5 2.47 0.046  55   0 10:24:46     44640.43317    0.0000  2022/04/21
132.0000000  20.0000000   25.6834   5263.369 0.019   -3.0    1.4 2.46 0.046  55   0 10:25:51     44640.43392    0.0000  2022/04/21
132.0000000  20.0000000   25.4393   5263.368 0.022   -3.1    1.4 2.46 0.047  55   0 10:26:51     44640.43462    0.0000  2022/04/21
132.0000000  20.0000000   25.1951   5263.369 0.019   -3.1    1.4 2.45 0.047  55   0 10:27:51     44640.43531    0.0000  2022/04/21
132.0000000  20.0000000   24.9510   5263.369 0.014   -3.1    1.2 2.44 0.048  55   0 10:28:51     44640.43600    0.0000  2022/04/21
132.0000000  20.0000000   24.9510   5263.368 0.014   -3.2    1.3 2.44 0.048  55   0 10:29:51     44640.43670    0.0000  2022/04/21
132.0000000  20.0000000   24.7068   5263.370 0.017   -3.2    1.1 2.43 0.048  55   0 10:30:51     44640.43739    0.0000  2022/04/21
132.0000000  20.0000000   24.4627   5263.369 0.018   -3.3    1.1 2.43 0.049  55   0 10:31:51     44640.43808    0.0000  2022/04/21
132.0000000  20.0000000   24.2186   5263.370 0.012   -3.6    1.1 2.42 0.049  55   0 10:32:51     44640.43878    0.0000  2022/04/21
132.0000000  20.0000000   23.9744   5263.370 0.012   -3.6    1.0 2.42 0.050  55   0 10:33:51     44640.43947    0.0000  2022/04/21
132.0000000  20.0000000   23.9744   5263.373 0.017   -3.9    1.1 2.42 0.050  55   1 10:34:51     44640.44016    0.0000  2022/04/21
132.0000000  20.0000000   23.7303   5263.373 0.014   -4.1    1.0 2.41 0.050  55   1 10:35:51     44640.44086    0.0000  2022/04/21
132.0000000  20.0000000   23.4861   5263.371 0.012   -4.2    0.9 2.41 0.051  55   0 10:36:51     44640.44155    0.0000  2022/04/21
132.0000000  20.0000000   23.4861   5263.372 0.014   -4.5    0.9 2.41 0.051  55   0 10:37:51     44640.44224    0.0000  2022/04/21
132.0000000  20.0000000   23.2420   5263.371 0.012   -4.5    0.8 2.40 0.052  55   0 10:38:51     44640.44294    0.0000  2022/04/21
132.0000000  20.0000000   23.2420   5263.372 0.012   -4.8    0.8 2.40 0.052  55   0 10:39:51     44640.44363    0.0000  2022/04/21
132.0000000  20.0000000   22.9979   5263.372 0.016   -5.1    0.8 2.40 0.052  55   0 10:40:51     44640.44432    0.0000  2022/04/21
132.0000000  20.0000000   22.7537   5263.372 0.011   -5.3    0.8 2.40 0.053  55   0 10:41:51     44640.44502    0.0000  2022/04/21
132.0000000  20.0000000   22.7537   5263.373 0.011   -5.5    0.8 2.40 0.053  55   0 10:42:51     44640.44571    0.0000  2022/04/21
132.0000000  20.0000000   22.7537   5263.371 0.015   -5.6    0.7 2.40 0.054  55   0 10:43:51     44640.44640    0.0000  2022/04/21
132.0000000  20.0000000   22.5096   5263.372 0.010   -5.9    0.6 2.40 0.054  55   0 10:44:51     44640.44710    0.0000  2022/04/21
132.0000000  20.0000000   22.2654   5263.372 0.013   -6.0    0.5 2.40 0.054  55   0 10:45:51     44640.44779    0.0000  2022/04/21
132.0000000  20.0000000   22.2654   5263.371 0.012   -6.1    0.5 2.40 0.055  55   0 10:46:51     44640.44848    0.0000  2022/04/21
132.0000000  20.0000000   22.0213   5263.372 0.010   -6.5    0.6 2.39 0.055  55   0 10:47:51     44640.44918    0.0000  2022/04/21
132.0000000  20.0000000   21.7772   5263.372 0.009   -6.6    0.5 2.39 0.055  55   0 10:48:51     44640.44987    0.0000  2022/04/21
132.0000000  20.0000000   21.7772   5263.372 0.011   -6.9    0.5 2.39 0.056  55   0 10:49:51     44640.45056    0.0000  2022/04/21
132.0000000  20.0000000   21.7772   5263.372 0.009   -7.0    0.5 2.39 0.056  55   0 10:50:51     44640.45126    0.0000  2022/04/21
132.0000000  20.0000000   21.5330   5263.372 0.013   -7.2    0.4 2.39 0.056  55   0 10:51:51     44640.45195    0.0000  2022/04/21
132.0000000  20.0000000   21.5330   5263.373 0.011   -7.3    0.3 2.39 0.057  55   0 10:52:51     44640.45264    0.0000  2022/04/21
132.0000000  20.0000000   20.3123   5263.373 0.012   -7.2   -0.2 2.39 0.057  55   0 10:53:52     44640.45335    0.0000  2022/04/21
132.0000000  20.0000000   21.0447   5263.374 0.012   -1.8   -0.8 2.39 0.058  55   0 10:56:47     44640.45537    0.0000  2022/04/21
132.0000000  20.0000000   21.0447   5263.374 0.014   -1.7   -1.0 2.39 0.059  55   0 10:57:52     44640.45612    0.0000  2022/04/21
132.0000000  20.0000000   21.0447   5263.374 0.013   -1.6   -1.1 2.40 0.059  55   0 10:58:52     44640.45681    0.0000  2022/04/21
132.0000000  20.0000000   20.8006   5263.375 0.011   -1.5   -1.1 2.40 0.059  55   0 10:59:52     44640.45751    0.0000  2022/04/21
132.0000000  20.0000000   20.8006   5263.375 0.014   -1.5   -1.3 2.40 0.060  55   0 11:00:52     44640.45820    0.0000  2022/04/21
132.0000000  20.0000000   20.8006   5263.373 0.013   -1.5   -1.4 2.40 0.060  55   0 11:01:52     44640.45889    0.0000  2022/04/21
132.0000000  20.0000000   20.5565   5263.373 0.013   -1.4   -1.4 2.40 0.060  55   0 11:02:52     44640.45959    0.0000  2022/04/21
132.0000000  20.0000000   20.3123   5263.374 0.013   -1.4   -1.5 2.40 0.061  55   0 11:03:52     44640.46028    0.0000  2022/04/21
132.0000000  20.0000000   20.5565   5263.374 0.009   -1.4   -1.6 2.40 0.061  55   0 11:04:52     44640.46097    0.0000  2022/04/21
132.0000000  20.0000000   20.5565   5263.375 0.013   -1.5   -1.7 2.40 0.061  55   0 11:05:52     44640.46167    0.0000  2022/04/21
132.0000000  20.0000000   20.3123   5263.374 0.015   -1.5   -1.8 2.40 0.062  55   0 11:06:52     44640.46236    0.0000  2022/04/21
132.0000000  20.0000000   20.0682   5263.375 0.014   -1.5   -1.8 2.40 0.062  55   0 11:07:52     44640.46305    0.0000  2022/04/21
132.0000000  20.0000000   20.3123   5263.375 0.009   -1.5   -2.0 2.40 0.062  55   0 11:08:52     44640.46375    0.0000  2022/04/21
132.0000000  20.0000000   20.0682   5263.375 0.010   -1.7   -2.0 2.40 0.063  55   0 11:09:52     44640.46444    0.0000  2022/04/21
132.0000000  20.0000000   20.0682   5263.375 0.011   -1.8   -2.0 2.40 0.063  55   0 11:10:52     44640.46513    0.0000  2022/04/21
132.0000000  20.0000000   20.0682   5263.374 0.013   -1.7   -2.2 2.40 0.063  55   0 11:11:52     44640.46583    0.0000  2022/04/21
132.0000000  20.0000000   20.0682   5263.375 0.009   -1.8   -2.2 2.40 0.064  55   0 11:12:52     44640.46652    0.0000  2022/04/21
132.0000000  20.0000000   19.8240   5263.375 0.016   -1.9   -2.3 2.40 0.064  55   0 11:13:52     44640.46721    0.0000  2022/04/21
132.0000000  20.0000000   19.8240   5263.375 0.016   -1.8   -2.5 2.40 0.064  55   0 11:14:52     44640.46791    0.0000  2022/04/21
132.0000000  20.0000000   19.8240   5263.375 0.011   -1.9   -2.5 2.40 0.064  55   0 11:15:52     44640.46860    0.0000  2022/04/21
132.0000000  20.0000000   19.8240   5263.375 0.013   -2.0   -2.5 2.41 0.065  55   0 11:16:52     44640.46929    0.0000  2022/04/21
132.0000000  20.0000000   19.5799   5263.375 0.014   -2.1   -2.6 2.41 0.065  55   0 11:17:52     44640.46999    0.0000  2022/04/21
132.0000000  20.0000000   19.5799   5263.375 0.010   -2.1   -2.7 2.40 0.065  55   0 11:18:52     44640.47068    0.0000  2022/04/21
132.0000000  20.0000000   19.8240   5263.376 0.012   -2.2   -2.7 2.40 0.066  55   0 11:19:52     44640.47137    0.0000  2022/04/21
132.0000000  20.0000000   19.5799   5263.375 0.013   -2.3   -2.8 2.40 0.066  55   0 11:20:52     44640.47207    0.0000  2022/04/21
132.0000000  20.0000000   19.5799   5263.375 0.009   -2.2   -3.0 2.40 0.066  55   0 11:21:52     44640.47276    0.0000  2022/04/21
132.0000000  20.0000000   19.5799   5263.375 0.012   -2.4   -3.0 2.40 0.067  55   0 11:22:52     44640.47345    0.0000  2022/04/21
132.0000000  20.0000000   19.5799   5263.375 0.012   -2.5   -3.0 2.41 0.067  55   0 11:23:52     44640.47415    0.0000  2022/04/21
132.0000000  20.0000000   19.3358   5263.375 0.011   -2.5   -3.2 2.41 0.067  55   1 11:24:52     44640.47484    0.0000  2022/04/21
132.0000000  20.0000000   18.1151   5263.375 0.014   -2.6   -3.2 2.41 0.067  55   0 11:25:53     44640.47555    0.0000  2022/04/21
132.0000000  30.0000000   28.3689   5282.655 0.019    0.3   -1.0 2.59 0.081  55   1 12:53:00     44640.53595    0.0000  2022/04/21
132.0000000  30.0000000   28.6131   5282.655 0.017    0.3   -1.0 2.58 0.081  55   1 12:54:05     44640.53670    0.0000  2022/04/21
132.0000000  30.0000000   28.6131   5282.655 0.013    0.3   -1.0 2.56 0.081  55   0 12:55:05     44640.53739    0.0000  2022/04/21
132.0000000  30.0000000   28.6131   5282.655 0.014    0.3   -1.1 2.55 0.081  55   0 12:56:05     44640.53808    0.0000  2022/04/21
132.0000000  30.0000000   28.6131   5282.654 0.014    0.4   -1.1 2.54 0.081  55   0 12:57:05     44640.53878    0.0000  2022/04/21
132.0000000  30.0000000   28.6131   5282.656 0.017    0.4   -1.3 2.53 0.081  55   0 12:58:05     44640.53947    0.0000  2022/04/21
132.0000000  30.0000000   28.6131   5282.656 0.014    0.3   -1.2 2.52 0.081  55   0 12:59:05     44640.54016    0.0000  2022/04/21
132.0000000  30.0000000   29.1014   5282.657 0.016    0.4   -1.4 2.51 0.081  55   0 13:00:05     44640.54086    0.0000  2022/04/21
132.0000000  30.0000000   28.6131   5282.657 0.014    0.3   -1.5 2.51 0.081  55   0 13:01:05     44640.54155    0.0000  2022/04/21
132.0000000  30.0000000   28.8572   5282.657 0.015    0.2   -1.6 2.50 0.081  55   0 13:02:05     44640.54224    0.0000  2022/04/21
132.0000000  30.0000000   28.6131   5282.656 0.014    0.3   -1.8 2.49 0.081  55   0 13:03:05     44640.54294    0.0000  2022/04/21
132.0000000  30.0000000   28.6131   5282.656 0.015    0.2   -1.9 2.48 0.081  55   0 13:04:05     44640.54363    0.0000  2022/04/21
132.0000000  30.0000000   28.6131   5282.657 0.013    0.2   -1.9 2.48 0.081  55   0 13:05:05     44640.54432    0.0000  2022/04/21
132.0000000  30.0000000   28.6131   5282.657 0.015    0.2   -2.1 2.47 0.081  55   0 13:06:05     44640.54502    0.0000  2022/04/21
132.0000000  30.0000000   28.8572   5282.657 0.014    0.1   -2.0 2.46 0.081  55   0 13:07:05     44640.54571    0.0000  2022/04/21
132.0000000  30.0000000   28.6131   5282.657 0.013    0.1   -2.3 2.46 0.081  55   0 13:08:05     44640.54640    0.0000  2022/04/21
132.0000000  30.0000000   28.6131   5282.657 0.014    0.0   -2.4 2.46 0.081  55   0 13:09:05     44640.54710    0.0000  2022/04/21
132.0000000  30.0000000   28.8572   5282.658 0.016    0.0   -2.6 2.45 0.081  55   0 13:10:05     44640.54779    0.0000  2022/04/21
132.0000000  30.0000000   28.8572   5282.658 0.015    0.0   -2.7 2.45 0.081  55   0 13:11:05     44640.54848    0.0000  2022/04/21
132.0000000  30.0000000   28.6131   5282.657 0.014    0.0   -2.8 2.44 0.081  55   0 13:12:05     44640.54918    0.0000  2022/04/21
132.0000000  30.0000000   28.8572   5282.659 0.015    0.0   -2.9 2.44 0.081  55   0 13:13:05     44640.54987    0.0000  2022/04/21
132.0000000  30.0000000   28.8572   5282.659 0.013   -0.1   -2.9 2.44 0.081  55   0 13:14:05     44640.55056    0.0000  2022/04/21
132.0000000  30.0000000   28.6131   5282.658 0.014   -0.1   -3.1 2.44 0.081  55   0 13:15:05     44640.55126    0.0000  2022/04/21
132.0000000  30.0000000   29.1014   5282.658 0.016   -0.1   -3.3 2.43 0.081  55   0 13:16:05     44640.55195    0.0000  2022/04/21
132.0000000  30.0000000   28.6131   5282.657 0.015   -0.2   -3.4 2.43 0.081  55   0 13:17:05     44640.55264    0.0000  2022/04/21
132.0000000  30.0000000   28.6131   5282.657 0.013   -0.2   -3.5 2.43 0.081  55   0 13:18:05     44640.55334    0.0000  2022/04/21
132.0000000  30.0000000   28.8572   5282.658 0.013   -0.3   -3.6 2.42 0.081  55   0 13:19:05     44640.55403    0.0000  2022/04/21
132.0000000  30.0000000   28.8572   5282.659 0.014   -0.3   -3.6 2.42 0.081  55   0 13:20:05     44640.55472    0.0000  2022/04/21
132.0000000  30.0000000   28.8572   5282.658 0.016   -0.5   -3.6 2.42 0.081  55   0 13:21:05     44640.55542    0.0000  2022/04/21
132.0000000  30.0000000   28.8572   5282.659 0.013   -0.4   -3.8 2.42 0.081  55   0 13:22:05     44640.55611    0.0000  2022/04/21
132.0000000  30.0000000   28.8572   5282.659 0.014   -0.4   -4.0 2.42 0.081  55   0 13:23:05     44640.55680    0.0000  2022/04/21
132.0000000  30.0000000   28.8572   5282.659 0.015   -0.5   -4.1 2.42 0.081  55   0 13:24:05     44640.55750    0.0000  2022/04/21
132.0000000  30.0000000   29.1014   5282.659 0.011   -0.4   -4.2 2.42 0.081  55   0 13:25:05     44640.55819    0.0000  2022/04/21
132.0000000  30.0000000   28.8572   5282.658 0.013   -0.5   -4.3 2.42 0.081  55   0 13:26:05     44640.55888    0.0000  2022/04/21
132.0000000  30.0000000   28.8572   5282.659 0.015   -0.5   -4.3 2.42 0.081  55   0 13:27:05     44640.55958    0.0000  2022/04/21
132.0000000  30.0000000   28.8572   5282.659 0.015   -0.6   -4.5 2.42 0.081  55   0 13:28:05     44640.56027    0.0000  2022/04/21
132.0000000  30.0000000   28.8572   5282.660 0.014   -0.7   -4.5 2.41 0.081  55   0 13:29:05     44640.56096    0.0000  2022/04/21
132.0000000  30.0000000   28.8572   5282.661 0.014   -0.6   -4.6 2.41 0.081  55   0 13:30:05     44640.56166    0.0000  2022/04/21
132.0000000  30.0000000   28.8572   5282.659 0.015   -0.6   -4.7 2.41 0.080  55   0 13:31:05     44640.56235    0.0000  2022/04/21
132.0000000  30.0000000   28.8572   5282.660 0.013   -0.6   -4.7 2.41 0.080  55   0 13:32:05     44640.56304    0.0000  2022/04/21
132.0000000  30.0000000   29.1014   5282.660 0.014   -0.8   -4.7 2.41 0.080  55   0 13:33:05     44640.56374    0.0000  2022/04/21
132.0000000  30.0000000   29.1014   5282.660 0.016   -0.7   -4.9 2.41 0.080  55   0 13:34:05     44640.56443    0.0000  2022/04/21
132.0000000  30.0000000   28.8572   5282.661 0.015   -0.8   -5.0 2.41 0.080  55   0 13:35:05     44640.56512    0.0000  2022/04/21
132.0000000  30.0000000   29.1014   5282.660 0.013   -0.7   -5.0 2.41 0.080  55   0 13:36:05     44640.56582    0.0000  2022/04/21
132.0000000  30.0000000   29.1014   5282.661 0.012   -0.9   -5.0 2.41 0.080  55   0 13:37:05     44640.56651    0.0000  2022/04/21
132.0000000  30.0000000   28.8572   5282.661 0.016   -0.8   -5.2 2.41 0.080  55   0 13:38:05     44640.56720    0.0000  2022/04/21
132.0000000  30.0000000   28.8572   5282.660 0.014   -0.8   -5.3 2.41 0.080  55   0 13:39:05     44640.56790    0.0000  2022/04/21
132.0000000  30.0000000   29.1014   5282.662 0.013   -0.8   -5.3 2.41 0.080  55   0 13:40:05     44640.56859    0.0000  2022/04/21
132.0000000  30.0000000   28.8572   5282.661 0.015   -0.9   -5.4 2.41 0.080  55   0 13:41:05     44640.56928    0.0000  2022/04/21
132.0000000  30.0000000   29.1014   5282.660 0.014   -0.9   -5.5 2.41 0.079  55   0 13:42:05     44640.56998    0.0000  2022/04/21
132.0000000  30.0000000   28.8572   5282.661 0.016   -0.9   -5.5 2.41 0.079  55   0 13:43:05     44640.57067    0.0000  2022/04/21
132.0000000  30.0000000   29.1014   5282.661 0.014   -0.9   -5.6 2.41 0.079  55   0 13:44:05     44640.57136    0.0000  2022/04/21
132.0000000  30.0000000   29.1014   5282.661 0.015   -1.0   -5.6 2.41 0.079  55   0 13:45:05     44640.57206    0.0000  2022/04/21
132.0000000  30.0000000   29.1014   5282.661 0.013   -1.1   -5.6 2.41 0.079  55   0 13:46:05     44640.57275    0.0000  2022/04/21
132.0000000  30.0000000   28.8572   5282.662 0.013   -1.0   -5.8 2.41 0.079  55   0 13:47:05     44640.57344    0.0000  2022/04/21
132.0000000  30.0000000   29.1014   5282.662 0.014   -1.0   -5.9 2.41 0.079  55   0 13:48:05     44640.57414    0.0000  2022/04/21
132.0000000  30.0000000   29.1014   5282.660 0.013   -1.0   -6.0 2.41 0.079  55   0 13:49:05     44640.57483    0.0000  2022/04/21
132.0000000  30.0000000   29.1014   5282.661 0.014   -1.0   -6.0 2.40 0.078  55   0 13:50:05     44640.57552    0.0000  2022/04/21
132.0000000  30.0000000   29.1014   5282.661 0.013   -1.2   -5.9 2.40 0.078  55   0 13:51:05     44640.57622    0.0000  2022/04/21
132.0000000  30.0000000   27.8807   5282.661 0.013   -1.0   -6.0 2.40 0.078  55   0 13:52:06     44640.57692    0.0000  2022/04/21
132.0000000  10.0000000   31.7869   5309.155 0.066   -0.9   -0.3 2.63 0.066  55   6 14:50:10     44640.61718    0.0000  2022/04/21
132.0000000  10.0000000   31.7869   5309.157 0.052   -0.9   -0.4 2.62 0.066  55   0 14:51:15     44640.61793    0.0000  2022/04/21
132.0000000  10.0000000   31.7869   5309.157 0.097   -0.7   -0.7 2.60 0.066  55   4 14:52:15     44640.61863    0.0000  2022/04/21
132.0000000  10.0000000   31.7869   5309.157 0.039   -0.8   -0.8 2.58 0.065  55   1 14:53:15     44640.61932    0.0000  2022/04/21
132.0000000  10.0000000   31.7869   5309.158 0.036   -0.7   -0.8 2.57 0.065  55   0 14:54:15     44640.62001    0.0000  2022/04/21
132.0000000  10.0000000   31.7869   5309.157 0.026   -0.7   -1.0 2.55 0.065  55   0 14:55:15     44640.62071    0.0000  2022/04/21
132.0000000  10.0000000   31.7869   5309.158 0.041   -0.7   -1.0 2.54 0.064  55   0 14:56:15     44640.62140    0.0000  2022/04/21
132.0000000  10.0000000   31.7869   5309.157 0.031   -0.6   -1.2 2.53 0.064  55   0 14:57:15     44640.62209    0.0000  2022/04/21
132.0000000  10.0000000   31.7869   5309.157 0.034   -0.6   -1.1 2.52 0.064  55   0 14:58:15     44640.62279    0.0000  2022/04/21
132.0000000  10.0000000   31.7869   5309.160 0.044   -0.6   -1.3 2.51 0.064  55   5 14:59:15     44640.62348    0.0000  2022/04/21
132.0000000  10.0000000   31.7869   5309.158 0.042   -0.7   -1.3 2.50 0.063  55   0 15:00:15     44640.62417    0.0000  2022/04/21
132.0000000  10.0000000   31.5428   5309.158 0.066   -0.7   -1.5 2.49 0.063  55   0 15:01:15     44640.62487    0.0000  2022/04/21
132.0000000  10.0000000   31.5428   5309.159 0.037   -0.8   -1.6 2.48 0.063  55   0 15:02:15     44640.62556    0.0000  2022/04/21
132.0000000  10.0000000   31.5428   5309.158 0.064   -0.8   -1.8 2.47 0.062  55   3 15:03:15     44640.62625    0.0000  2022/04/21
132.0000000  10.0000000   31.5428   5309.160 0.058   -0.9   -1.8 2.47 0.062  55   5 15:04:15     44640.62695    0.0000  2022/04/21
132.0000000  10.0000000   31.5428   5309.161 0.050   -1.0   -2.0 2.46 0.062  55   0 15:05:15     44640.62764    0.0000  2022/04/21
132.0000000  10.0000000   31.5428   5309.159 0.041   -1.0   -2.1 2.46 0.061  55   0 15:06:15     44640.62833    0.0000  2022/04/21
132.0000000  10.0000000   31.5428   5309.160 0.036   -1.0   -2.2 2.45 0.061  55   0 15:07:15     44640.62903    0.0000  2022/04/21
132.0000000  10.0000000   31.5428   5309.160 0.051   -1.2   -2.2 2.45 0.061  55   0 15:08:15     44640.62972    0.0000  2022/04/21
132.0000000  10.0000000   31.5428   5309.161 0.042   -1.2   -2.5 2.44 0.060  55   0 15:09:15     44640.63041    0.0000  2022/04/21
132.0000000  10.0000000   31.5428   5309.159 0.051   -1.2   -2.5 2.44 0.060  55   0 15:10:15     44640.63111    0.0000  2022/04/21
132.0000000  10.0000000   31.5428   5309.160 0.030   -1.5   -2.5 2.43 0.060  55   0 15:11:15     44640.63180    0.0000  2022/04/21
132.0000000  10.0000000   31.5428   5309.161 0.040   -1.3   -2.7 2.43 0.060  55   0 15:12:15     44640.63249    0.0000  2022/04/21
132.0000000  10.0000000   31.2986   5309.161 0.037   -1.5   -2.8 2.43 0.059  55   0 15:13:15     44640.63319    0.0000  2022/04/21
132.0000000  10.0000000   31.5428   5309.161 0.033   -1.4   -2.8 2.43 0.059  55   0 15:14:15     44640.63388    0.0000  2022/04/21
132.0000000  10.0000000   31.5428   5309.160 0.028   -1.5   -3.0 2.42 0.059  55   0 15:15:15     44640.63457    0.0000  2022/04/21
132.0000000  10.0000000   31.5428   5309.161 0.031   -1.6   -3.1 2.42 0.058  55   0 15:16:15     44640.63527    0.0000  2022/04/21
132.0000000  10.0000000   31.2986   5309.161 0.037   -1.7   -3.2 2.42 0.058  55   0 15:17:15     44640.63596    0.0000  2022/04/21
132.0000000  10.0000000   31.5428   5309.161 0.026   -1.8   -3.2 2.42 0.058  55   0 15:18:15     44640.63665    0.0000  2022/04/21
132.0000000  10.0000000   31.5428   5309.162 0.031   -2.0   -3.2 2.42 0.057  55   1 15:19:15     44640.63735    0.0000  2022/04/21
132.0000000  10.0000000   31.5428   5309.162 0.036   -1.7   -3.4 2.41 0.057  55   0 15:20:15     44640.63804    0.0000  2022/04/21
132.0000000  10.0000000   31.5428   5309.161 0.030   -1.8   -3.6 2.41 0.057  55   0 15:21:15     44640.63873    0.0000  2022/04/21
132.0000000  10.0000000   31.2986   5309.160 0.033   -2.1   -3.5 2.41 0.056  55   0 15:22:15     44640.63943    0.0000  2022/04/21
132.0000000  10.0000000   31.0545   5309.160 0.037   -1.9   -3.8 2.41 0.056  55   0 15:23:15     44640.64012    0.0000  2022/04/21
132.0000000  10.0000000   31.2986   5309.161 0.027   -2.2   -3.8 2.41 0.056  55   0 15:24:15     44640.64081    0.0000  2022/04/21
132.0000000  10.0000000   31.2986   5309.161 0.030   -2.1   -4.0 2.41 0.055  55   0 15:25:15     44640.64151    0.0000  2022/04/21
132.0000000  10.0000000   31.2986   5309.162 0.035   -2.1   -4.0 2.41 0.055  55   0 15:26:15     44640.64220    0.0000  2022/04/21
132.0000000  10.0000000   31.2986   5309.162 0.061   -2.2   -4.0 2.41 0.054  55   0 15:27:15     44640.64289    0.0000  2022/04/21
132.0000000  10.0000000   31.2986   5309.160 0.102   -2.2   -4.1 2.41 0.054  55   5 15:28:15     44640.64359    0.0000  2022/04/21
132.0000000  10.0000000   31.2986   5309.162 0.052   -2.2   -4.3 2.41 0.054  55   0 15:29:15     44640.64428    0.0000  2022/04/21
132.0000000  10.0000000   31.2986   5309.162 0.032   -2.4   -4.4 2.40 0.053  55   0 15:30:15     44640.64497    0.0000  2022/04/21
132.0000000  10.0000000   31.2986   5309.162 0.028   -2.3   -4.6 2.40 0.053  55   0 15:31:15     44640.64567    0.0000  2022/04/21
132.0000000  10.0000000   31.2986   5309.163 0.038   -2.4   -4.5 2.40 0.053  55   1 15:32:15     44640.64636    0.0000  2022/04/21
132.0000000  10.0000000   31.2986   5309.162 0.032   -2.4   -4.6 2.40 0.052  55   0 15:33:15     44640.64705    0.0000  2022/04/21
132.0000000  10.0000000   31.2986   5309.164 0.028   -2.5   -4.6 2.40 0.052  55   0 15:34:15     44640.64775    0.0000  2022/04/21
132.0000000  10.0000000   31.5428   5309.164 0.037   -2.5   -4.7 2.40 0.052  55   1 15:35:15     44640.64844    0.0000  2022/04/21
132.0000000  10.0000000   31.2986   5309.163 0.033   -2.5   -4.8 2.40 0.051  55   0 15:36:15     44640.64913    0.0000  2022/04/21
132.0000000  10.0000000   31.2986   5309.163 0.034   -2.6   -4.9 2.40 0.051  55   0 15:37:15     44640.64983    0.0000  2022/04/21
132.0000000  10.0000000   31.2986   5309.163 0.027   -2.6   -5.0 2.40 0.051  55   0 15:38:15     44640.65052    0.0000  2022/04/21
132.0000000  10.0000000   31.2986   5309.164 0.037   -2.6   -5.0 2.40 0.050  55   0 15:39:15     44640.65121    0.0000  2022/04/21
132.0000000  10.0000000   31.2986   5309.163 0.029   -2.6   -5.1 2.40 0.050  55   0 15:40:15     44640.65191    0.0000  2022/04/21
132.0000000  10.0000000   31.2986   5309.163 0.026   -2.7   -5.2 2.40 0.049  55   0 15:41:15     44640.65260    0.0000  2022/04/21
132.0000000  10.0000000   31.2986   5309.164 0.030   -2.7   -5.3 2.40 0.049  55   0 15:42:15     44640.65329    0.0000  2022/04/21
132.0000000  10.0000000   31.2986   5309.165 0.067   -2.8   -5.3 2.40 0.049  55   5 15:43:15     44640.65399    0.0000  2022/04/21
132.0000000  10.0000000   31.2986   5309.164 0.029   -2.8   -5.5 2.40 0.048  55   0 15:44:15     44640.65468    0.0000  2022/04/21
132.0000000  10.0000000   31.2986   5309.164 0.022   -2.7   -5.5 2.40 0.048  55   0 15:45:15     44640.65537    0.0000  2022/04/21
132.0000000  10.0000000   31.2986   5309.164 0.032   -2.7   -5.6 2.40 0.048  55   0 15:46:15     44640.65607    0.0000  2022/04/21
132.0000000  10.0000000   31.2986   5309.164 0.035   -2.8   -5.7 2.40 0.047  55   0 15:47:15     44640.65676    0.0000  2022/04/21
132.0000000  10.0000000   31.2986   5309.164 0.029   -2.8   -5.8 2.40 0.047  55   0 15:48:15     44640.65745    0.0000  2022/04/21
132.0000000  10.0000000   30.0779   5309.165 0.030   -2.9   -5.9 2.40 0.046  55   0 15:49:16     44640.65816    0.0000  2022/04/21