/		CG-6 Survey
/		Survey Name:	MAIN-MEN3
/		Instrument Serial Number:	000000021080368
/		Created:	2023-04-25 05:18:57
/
/		CG-6 Calibration
/		Operator:	AKE
/		Gcal1 [mGal]:	7960.246000
/		Goff [ADU]:	-8388608.000000
/		Gref [mGal]:	0.0000
/		X Scale [arc-sec/ADU]:	0.030843
/		Y Scale [arc-sec/ADU]:	0.031310
/		X Offset [ADU]:	-197296.861841
/		Y Offset [ADU]:	-93397.213352
/		Temperature Coefficient [mGal/mK]:	-0.129000
/		Temperature Scale [mK/ADU]:	-0.000111
/		Drift Rate [mGal/day]:	-0.014150
/		Drift Zero Time:	2023-02-13 12:00:00
/		Firmware Version:	CG6_2_20220815
/
/Station	Date	Time	CorrGrav	Line	StdDev	StdErr	RawGrav	X	Y	SensorTemp	TideCorr	TiltCorr	TempCorr	DriftCorr	MeasurDur	InstrHeight	LatUser	LonUser	ElevUser	LatGPS	LonGPS	ElevGPS	Corrections[drift-temp-na-tide-tilt]
3	2023-04-25	05:18:57	5456.7020	3	0.0137	0.0018	5455.7026	-2.3	0.4	0.5133	-0.0677	0.0001	0.0664	1.0007	60	0.000	55.800000	37.600000	183.80	55.780632	37.639240	245.4	11011
3	2023-04-25	05:19:57	5456.7020	3	0.0137	0.0018	5455.7026	-0.4	0.7	0.5068	-0.0675	0.0000	0.0662	1.0007	60	0.000	55.800000	37.600000	183.80	55.780918	37.639515	256.6	11011
3	2023-04-25	05:20:57	5456.7010	3	0.0147	0.0019	5455.7014	-1.1	0.9	0.5050	-0.0673	0.0000	0.0661	1.0007	60	0.000	55.800000	37.600000	183.80	55.781128	37.639744	258.3	11011
3	2023-04-25	05:21:57	5456.7030	3	0.0166	0.0021	5455.7034	-1.4	0.4	0.5054	-0.0671	0.0000	0.0658	1.0007	60	0.000	55.800000	37.600000	183.80	55.780689	37.639248	247.0	11011
3	2023-04-25	05:22:57	5456.7018	3	0.0157	0.0020	5455.7022	-0.8	0.8	0.5083	-0.0669	0.0000	0.0657	1.0007	60	0.000	55.800000	37.600000	183.80	55.780437	37.639179	254.1	11011
3	2023-04-25	05:23:57	5456.7023	3	0.0163	0.0021	5455.7023	-1.8	-0.0	0.5127	-0.0667	0.0000	0.0659	1.0008	60	0.000	55.800000	37.600000	183.80	55.780632	37.639317	262.5	11011
3	2023-04-25	05:24:57	5456.7014	3	0.0145	0.0019	5455.7013	-2.5	0.5	0.5051	-0.0664	0.0001	0.0658	1.0008	60	0.000	55.800000	37.600000	183.80	55.780590	37.638916	269.4	11011
3	2023-04-25	05:25:57	5456.7012	3	0.0144	0.0019	5455.7008	-3.5	0.5	0.5076	-0.0662	0.0001	0.0657	1.0008	60	0.000	55.800000	37.600000	183.80	55.780716	37.639103	243.4	11011
3	2023-04-25	05:26:57	5456.7018	3	0.0172	0.0022	5455.7011	-3.2	2.2	0.5116	-0.0660	0.0003	0.0656	1.0008	60	0.000	55.800000	37.600000	183.80	55.780972	37.639278	225.9	11011
3	2023-04-25	05:27:57	5456.7014	3	0.0148	0.0019	5455.7006	-1.3	1.1	0.5076	-0.0658	0.0001	0.0657	1.0008	60	0.000	55.800000	37.600000	183.80	55.780842	37.639393	193.2	11011
3	2023-04-25	05:28:57	5456.7032	3	0.0120	0.0016	5455.7020	-1.8	0.2	0.5108	-0.0656	0.0001	0.0659	1.0008	60	0.000	55.800000	37.600000	183.80	55.780842	37.639370	187.7	11011
3	2023-04-25	05:29:57	5456.7018	3	0.0155	0.0020	5455.7007	-1.6	0.6	0.5057	-0.0653	0.0001	0.0656	1.0008	60	0.000	55.800000	37.600000	183.80	55.780983	37.639275	186.4	11011
3	2023-04-25	05:30:57	5456.7022	3	0.0155	0.0020	5455.7009	-1.7	0.8	0.5122	-0.0651	0.0001	0.0655	1.0008	60	0.000	55.800000	37.600000	183.80	55.781174	37.639202	187.1	11011
3	2023-04-25	05:31:57	5456.7027	3	0.0164	0.0021	5455.7013	-0.9	-1.3	0.5089	-0.0649	0.0001	0.0653	1.0008	60	0.000	55.800000	37.600000	183.80	55.780880	37.639210	196.2	11011
3	2023-04-25	05:32:57	5456.7029	3	0.0141	0.0018	5455.7012	-1.7	-0.3	0.5127	-0.0646	0.0001	0.0655	1.0008	60	0.000	55.800000	37.600000	183.80	55.781109	37.639221	196.8	11011
3	2023-04-25	05:33:57	5456.7022	3	0.0164	0.0021	5455.7002	-0.8	-0.2	0.5056	-0.0644	0.0000	0.0656	1.0009	60	0.000	55.800000	37.600000	183.80	55.780899	37.639248	198.6	11011
3	2023-04-25	05:34:57	5456.7026	3	0.0167	0.0022	5455.7003	-1.0	1.0	0.5074	-0.0642	0.0001	0.0655	1.0009	60	0.000	55.800000	37.600000	183.80	55.781040	37.639095	193.8	11011
3	2023-04-25	05:35:57	5456.7038	3	0.0131	0.0017	5455.7015	-0.3	0.4	0.5079	-0.0639	0.0000	0.0654	1.0009	60	0.000	55.800000	37.600000	183.80	--	--	--	11011
3	2023-04-25	05:36:57	5456.7023	3	0.0121	0.0016	5455.6996	-0.3	-0.1	0.5056	-0.0637	0.0000	0.0655	1.0009	60	0.000	55.800000	37.600000	183.80	55.781143	37.639183	194.6	11011
3	2023-04-25	05:37:57	5456.7018	3	0.0130	0.0017	5455.6988	-0.6	0.4	0.5009	-0.0634	0.0000	0.0655	1.0009	60	0.000	55.800000	37.600000	183.80	55.781269	37.639160	192.1	11011
3	2023-04-25	05:38:57	5456.7049	3	0.0135	0.0017	5455.7017	-2.3	0.1	0.5115	-0.0632	0.0001	0.0654	1.0009	60	0.000	55.800000	37.600000	183.80	55.781326	37.639370	196.3	11011
3	2023-04-25	05:39:57	5456.7035	3	0.0193	0.0025	5455.7001	-0.4	-0.1	0.5032	-0.0630	0.0000	0.0653	1.0009	60	0.000	55.800000	37.600000	183.80	55.781563	37.639542	193.2	11011
3	2023-04-25	05:40:57	5456.7037	3	0.0190	0.0025	5455.6999	-0.3	1.3	0.5099	-0.0627	0.0000	0.0655	1.0009	60	0.000	55.800000	37.600000	183.80	55.780563	37.639458	193.7	11011
3	2023-04-25	05:41:57	5456.7029	3	0.0131	0.0017	5455.6992	-1.2	0.4	0.5047	-0.0625	0.0000	0.0652	1.0009	60	0.000	55.800000	37.600000	183.80	55.780762	37.639217	194.0	11011
3	2023-04-25	05:42:57	5456.7022	3	0.0131	0.0017	5455.6981	-1.9	0.9	0.5003	-0.0622	0.0001	0.0653	1.0009	60	0.000	55.800000	37.600000	183.80	55.780991	37.639164	195.2	11011
3	2023-04-25	05:43:57	5456.7034	3	0.0168	0.0022	5455.6991	-1.8	1.0	0.5057	-0.0620	0.0001	0.0653	1.0009	60	0.000	55.800000	37.600000	183.80	55.780804	37.639217	211.2	11011
3	2023-04-25	05:44:57	5456.7024	3	0.0169	0.0022	5455.6979	-1.1	1.0	0.5094	-0.0617	0.0001	0.0652	1.0010	60	0.000	55.800000	37.600000	183.80	55.780804	37.639317	221.3	11011
3	2023-04-25	05:45:57	5456.7018	3	0.0154	0.0020	5455.6969	-0.7	2.6	0.5075	-0.0615	0.0001	0.0653	1.0010	60	0.000	55.800000	37.600000	183.80	55.780937	37.639275	220.4	11011
3	2023-04-25	05:46:57	5456.7038	3	0.0165	0.0021	5455.6987	-0.8	2.2	0.5073	-0.0612	0.0001	0.0653	1.0010	60	0.000	55.800000	37.600000	183.80	55.780972	37.639202	215.8	11011
3	2023-04-25	05:47:57	5456.7025	3	0.0166	0.0021	5455.6973	-0.4	2.4	0.5107	-0.0610	0.0001	0.0651	1.0010	60	0.000	55.800000	37.600000	183.80	55.780670	37.639191	214.4	11011
3	2023-04-25	05:48:57	5456.7027	3	0.0142	0.0018	5455.6971	-0.4	2.3	0.5126	-0.0607	0.0001	0.0652	1.0010	60	0.000	55.800000	37.600000	183.80	55.780861	37.639141	214.9	11011
3	2023-04-25	05:49:57	5456.7028	3	0.0131	0.0017	5455.6969	-1.4	2.7	0.5054	-0.0605	0.0001	0.0652	1.0010	60	0.000	55.800000	37.600000	183.80	55.780880	37.638988	215.0	11011
3	2023-04-25	05:50:57	5456.7028	3	0.0142	0.0018	5455.6966	-1.2	3.7	0.5074	-0.0602	0.0002	0.0652	1.0010	60	0.000	55.800000	37.600000	183.80	55.780983	37.638798	215.2	11011
3	2023-04-25	05:51:57	5456.7033	3	0.0163	0.0021	5455.6971	-0.6	1.5	0.5022	-0.0599	0.0000	0.0651	1.0010	60	0.000	55.800000	37.600000	183.80	55.780876	37.638626	214.4	11011
3	2023-04-25	05:52:57	5456.7029	3	0.0149	0.0019	5455.6962	-0.2	2.0	0.5053	-0.0597	0.0001	0.0652	1.0010	60	0.000	55.800000	37.600000	183.80	55.781219	37.639050	218.8	11011
3	2023-04-25	05:53:57	5456.7030	3	0.0127	0.0016	5455.6961	-0.6	1.6	0.5091	-0.0594	0.0001	0.0652	1.0010	60	0.000	55.800000	37.600000	183.80	55.781242	37.638962	220.2	11011
3	2023-04-25	05:54:57	5456.7018	3	0.0153	0.0020	5455.6947	0.5	1.7	0.5041	-0.0591	0.0001	0.0651	1.0011	60	0.000	55.800000	37.600000	183.80	55.781429	37.638931	219.9	11011
3	2023-04-25	05:55:57	5456.7022	3	0.0155	0.0020	5455.6946	-1.0	1.5	0.4996	-0.0589	0.0001	0.0653	1.0011	60	0.000	55.800000	37.600000	183.80	55.781563	37.638962	218.2	11011
3	2023-04-25	05:56:57	5456.7037	3	0.0205	0.0026	5455.6962	-1.5	1.8	0.5067	-0.0586	0.0001	0.0650	1.0011	60	0.000	55.800000	37.600000	183.80	55.781174	37.638809	215.5	11011
3	2023-04-25	05:57:57	5456.7045	3	0.0154	0.0020	5455.6964	-1.6	2.9	0.5068	-0.0583	0.0001	0.0652	1.0011	60	0.000	55.800000	37.600000	183.80	55.781269	37.638859	217.2	11011
3	2023-04-25	05:58:57	5456.7035	3	0.0159	0.0021	5455.6953	-2.2	2.9	0.5097	-0.0581	0.0002	0.0651	1.0011	60	0.000	55.800000	37.600000	183.80	55.781506	37.639057	220.2	11011
3	2023-04-25	05:59:57	5456.7040	3	0.0178	0.0023	5455.6956	-1.2	3.5	0.5084	-0.0578	0.0002	0.0649	1.0011	60	0.000	55.800000	37.600000	183.80	55.781582	37.638962	222.0	11011
3	2023-04-25	06:00:57	5456.7029	3	0.0185	0.0024	5455.6941	-0.4	3.8	0.5038	-0.0575	0.0002	0.0650	1.0011	60	0.000	55.800000	37.600000	183.80	55.781517	37.639000	222.9	11011
3	2023-04-25	06:01:57	5456.7025	3	0.0171	0.0022	5455.6933	-0.7	4.0	0.5036	-0.0572	0.0002	0.0651	1.0011	60	0.000	55.800000	37.600000	183.80	55.781334	37.639141	223.4	11011
3	2023-04-25	06:02:57	5456.7020	3	0.0190	0.0025	5455.6927	-1.4	3.9	0.5002	-0.0570	0.0002	0.0650	1.0011	60	0.000	55.800000	37.600000	183.80	55.781433	37.639221	220.9	11011
3	2023-04-25	06:03:57	5456.7028	3	0.0109	0.0014	5455.6934	-1.1	3.2	0.5028	-0.0567	0.0001	0.0648	1.0011	60	0.000	55.800000	37.600000	183.80	55.781288	37.639160	225.6	11011
3	2023-04-25	06:04:57	5456.7036	3	0.0179	0.0023	5455.6938	-1.1	3.3	0.4934	-0.0564	0.0002	0.0649	1.0012	60	0.000	55.800000	37.600000	183.80	55.781414	37.638943	238.4	11011
3	2023-04-25	06:05:57	5456.7047	3	0.0165	0.0021	5455.6945	-0.2	2.9	0.5018	-0.0561	0.0002	0.0650	1.0012	60	0.000	55.800000	37.600000	183.80	55.781471	37.639046	251.3	11011
3	2023-04-25	06:06:57	5456.7030	3	0.0182	0.0024	5455.6928	-0.3	2.7	0.4997	-0.0558	0.0001	0.0648	1.0012	60	0.000	55.800000	37.600000	183.80	55.781334	37.638512	250.5	11011
3	2023-04-25	06:07:57	5456.7048	3	0.0163	0.0021	5455.6942	-0.1	1.3	0.5126	-0.0556	0.0000	0.0649	1.0012	60	0.000	55.800000	37.600000	183.80	55.781548	37.638783	277.4	11011
3	2023-04-25	06:08:57	5456.7015	3	0.0105	0.0014	5455.6906	0.4	2.0	0.5028	-0.0553	0.0001	0.0649	1.0012	60	0.000	55.800000	37.600000	183.80	55.781490	37.638924	279.9	11011
3	2023-04-25	06:09:57	5456.7031	3	0.0160	0.0021	5455.6919	0.5	2.9	0.5035	-0.0550	0.0002	0.0648	1.0012	60	0.000	55.800000	37.600000	183.80	55.781315	37.638847	279.3	11011
3	2023-04-25	06:10:57	5456.7033	3	0.0132	0.0017	5455.6920	0.3	1.9	0.4990	-0.0547	0.0001	0.0647	1.0012	60	0.000	55.800000	37.600000	183.80	55.781109	37.638683	278.9	11011
3	2023-04-25	06:11:57	5456.7034	3	0.0212	0.0027	5455.6916	-0.6	2.3	0.5030	-0.0544	0.0001	0.0650	1.0012	60	0.000	55.800000	37.600000	183.80	55.781040	37.638744	279.7	11011
3	2023-04-25	06:12:57	5456.7024	3	0.0156	0.0020	5455.6904	-0.5	2.2	0.5024	-0.0541	0.0001	0.0648	1.0012	60	0.000	55.800000	37.600000	183.80	55.781452	37.639126	283.9	11011
3	2023-04-25	06:13:57	5456.7030	3	0.0152	0.0020	5455.6906	-0.6	1.6	0.5062	-0.0538	0.0001	0.0649	1.0012	60	0.000	55.800000	37.600000	183.80	55.781853	37.638645	290.8	11011
3	2023-04-25	06:14:57	5456.7027	3	0.0131	0.0017	5455.6902	-0.3	0.8	0.5048	-0.0535	0.0000	0.0648	1.0013	60	0.000	55.800000	37.600000	183.80	55.782558	37.638340	302.7	11011
3	2023-04-25	06:15:57	5456.7027	3	0.0154	0.0020	5455.6897	-0.2	0.7	0.5000	-0.0532	0.0000	0.0649	1.0013	60	0.000	55.800000	37.600000	183.80	55.781326	37.638954	310.1	11011
3	2023-04-25	06:16:57	5456.7044	3	0.0185	0.0024	5455.6912	-0.9	0.6	0.5059	-0.0529	0.0000	0.0648	1.0013	60	0.000	55.800000	37.600000	183.80	55.781567	37.638752	309.3	11011
3	2023-04-25	06:17:57	5456.7032	3	0.0162	0.0021	5455.6896	-1.8	1.4	0.4994	-0.0526	0.0001	0.0649	1.0013	60	0.000	55.800000	37.600000	183.80	55.781925	37.638828	309.3	11011
63	2023-04-25	08:18:15	5488.3523	3	0.0303	0.0039	5487.2885	-2.0	0.9	0.5437	-0.0088	0.0001	0.0700	1.0025	60	0.000	55.800000	37.600000	183.80	--	--	--	11011
63	2023-04-25	08:19:15	5488.3531	3	0.0193	0.0025	5487.2890	-1.3	0.7	0.5432	-0.0084	0.0001	0.0700	1.0025	60	0.000	55.800000	37.600000	183.80	--	--	--	11011
63	2023-04-25	08:20:15	5488.3525	3	0.0181	0.0023	5487.2881	-0.6	1.1	0.5437	-0.0080	0.0001	0.0698	1.0025	60	0.000	55.800000	37.600000	183.80	--	--	--	11011
63	2023-04-25	08:21:15	5488.3535	3	0.0153	0.0020	5487.2891	-0.7	1.5	0.5386	-0.0076	0.0001	0.0694	1.0025	60	0.000	55.800000	37.600000	183.80	--	--	--	11011
63	2023-04-25	08:22:15	5488.3528	3	0.0230	0.0030	5487.2883	-0.7	1.0	0.5364	-0.0072	0.0001	0.0691	1.0025	60	0.000	55.800000	37.600000	183.80	--	--	--	11011
63	2023-04-25	08:23:15	5488.3534	3	0.0184	0.0024	5487.2885	-1.3	-0.1	0.5319	-0.0068	0.0001	0.0691	1.0025	60	0.000	55.800000	37.600000	183.80	--	--	--	11011
63	2023-04-25	08:24:15	5488.3530	3	0.0156	0.0020	5487.2878	-1.6	0.5	0.5330	-0.0063	0.0000	0.0690	1.0025	60	0.000	55.800000	37.600000	183.80	--	--	--	11011
63	2023-04-25	08:25:15	5488.3527	3	0.0186	0.0024	5487.2873	-1.6	1.1	0.5325	-0.0059	0.0001	0.0688	1.0025	60	0.000	55.800000	37.600000	183.80	--	--	--	11011
63	2023-04-25	08:26:15	5488.3538	3	0.0245	0.0032	5487.2880	-1.1	1.2	0.5335	-0.0055	0.0000	0.0687	1.0025	60	0.000	55.800000	37.600000	183.80	--	--	--	11011
63	2023-04-25	08:27:15	5488.3536	3	0.0187	0.0024	5487.2876	-1.1	1.1	0.5280	-0.0051	0.0001	0.0686	1.0026	60	0.000	55.800000	37.600000	183.80	--	--	--	11011
63	2023-04-25	08:28:15	5488.3530	3	0.0164	0.0021	5487.2868	-1.5	1.7	0.5207	-0.0047	0.0001	0.0682	1.0026	60	0.000	55.800000	37.600000	183.80	--	--	--	11011
63	2023-04-25	08:29:15	5488.3546	3	0.0171	0.0022	5487.2881	-1.6	0.6	0.5263	-0.0043	0.0001	0.0682	1.0026	60	0.000	55.800000	37.600000	183.80	--	--	--	11011
63	2023-04-25	08:30:15	5488.3543	3	0.0165	0.0021	5487.2872	-1.4	1.5	0.5271	-0.0039	0.0001	0.0683	1.0026	60	0.000	55.800000	37.600000	183.80	--	--	--	11011
63	2023-04-25	08:31:15	5488.3520	3	0.0181	0.0023	5487.2848	-1.3	1.3	0.5311	-0.0035	0.0001	0.0680	1.0026	60	0.000	55.800000	37.600000	183.80	--	--	--	11011
63	2023-04-25	08:32:15	5488.3526	3	0.0218	0.0028	5487.2851	-1.3	1.7	0.5233	-0.0031	0.0001	0.0679	1.0026	60	0.000	55.800000	37.600000	183.80	--	--	--	11011
63	2023-04-25	08:33:15	5488.3535	3	0.0228	0.0029	5487.2856	-1.1	2.1	0.5273	-0.0027	0.0001	0.0679	1.0026	60	0.000	55.800000	37.600000	183.80	--	--	--	11011
63	2023-04-25	08:34:15	5488.3528	3	0.0151	0.0019	5487.2845	-0.3	3.1	0.5303	-0.0023	0.0001	0.0678	1.0026	60	0.000	55.800000	37.600000	183.80	--	--	--	11011
63	2023-04-25	08:35:15	5488.3541	3	0.0189	0.0024	5487.2855	-1.7	2.5	0.5260	-0.0019	0.0002	0.0677	1.0026	60	0.000	55.800000	37.600000	183.80	--	--	--	11011
63	2023-04-25	08:36:15	5488.3539	3	0.0205	0.0026	5487.2850	-2.1	1.3	0.5287	-0.0014	0.0001	0.0677	1.0026	60	0.000	55.800000	37.600000	183.80	--	--	--	11011
63	2023-04-25	08:37:15	5488.3543	3	0.0181	0.0023	5487.2850	-1.4	1.9	0.5221	-0.0010	0.0001	0.0676	1.0027	60	0.000	55.800000	37.600000	183.80	--	--	--	11011
63	2023-04-25	08:38:15	5488.3530	3	0.0191	0.0025	5487.2835	-0.5	3.0	0.5216	-0.0006	0.0001	0.0674	1.0027	60	0.000	55.800000	37.600000	183.80	--	--	--	11011
63	2023-04-25	08:39:15	5488.3525	3	0.0189	0.0024	5487.2826	-1.1	4.3	0.5174	-0.0002	0.0003	0.0672	1.0027	60	0.000	55.800000	37.600000	183.80	--	--	--	11011
63	2023-04-25	08:40:15	5488.3532	3	0.0154	0.0020	5487.2826	-2.4	4.4	0.5246	0.0002	0.0004	0.0673	1.0027	60	0.000	55.800000	37.600000	183.80	--	--	--	11011
63	2023-04-25	08:41:15	5488.3526	3	0.0163	0.0021	5487.2819	-2.2	3.7	0.5228	0.0006	0.0002	0.0672	1.0027	60	0.000	55.800000	37.600000	183.80	--	--	--	11011
63	2023-04-25	08:42:15	5488.3535	3	0.0186	0.0024	5487.2826	-1.5	3.8	0.5197	0.0010	0.0002	0.0671	1.0027	60	0.000	55.800000	37.600000	183.80	--	--	--	11011
63	2023-04-25	08:43:15	5488.3524	3	0.0191	0.0025	5487.2807	-2.2	4.4	0.5248	0.0014	0.0004	0.0671	1.0027	60	0.000	55.800000	37.600000	183.80	--	--	--	11011
63	2023-04-25	08:44:15	5488.3540	3	0.0188	0.0024	5487.2823	-2.7	3.3	0.5169	0.0018	0.0003	0.0669	1.0027	60	0.000	55.800000	37.600000	183.80	--	--	--	11011
63	2023-04-25	08:45:15	5488.3541	3	0.0172	0.0022	5487.2819	-2.7	3.2	0.5205	0.0022	0.0003	0.0670	1.0027	60	0.000	55.800000	37.600000	183.80	--	--	--	11011
63	2023-04-25	08:46:15	5488.3549	3	0.0199	0.0026	5487.2823	-3.2	3.0	0.5220	0.0026	0.0003	0.0670	1.0027	60	0.000	55.800000	37.600000	183.80	--	--	--	11011
63	2023-04-25	08:47:15	5488.3540	3	0.0162	0.0021	5487.2810	-3.6	4.0	0.5210	0.0030	0.0003	0.0669	1.0028	60	0.000	55.800000	37.600000	183.80	--	--	--	11011
63	2023-04-25	08:48:15	5488.3529	3	0.0170	0.0022	5487.2794	-4.0	3.2	0.5159	0.0034	0.0004	0.0669	1.0028	60	0.000	55.800000	37.600000	183.80	--	--	--	11011
63	2023-04-25	08:49:15	5488.3537	3	0.0211	0.0027	5487.2800	-2.7	3.1	0.5170	0.0039	0.0002	0.0669	1.0028	60	0.000	55.800000	37.600000	183.80	--	--	--	11011
63	2023-04-25	08:50:15	5488.3536	3	0.0214	0.0028	5487.2796	-2.9	3.6	0.5174	0.0043	0.0003	0.0667	1.0028	60	0.000	55.800000	37.600000	183.80	--	--	--	11011
63	2023-04-25	08:51:15	5488.3535	3	0.0192	0.0025	5487.2791	-2.5	4.0	0.5115	0.0047	0.0003	0.0666	1.0028	60	0.000	55.800000	37.600000	183.80	--	--	--	11011
63	2023-04-25	08:52:15	5488.3532	3	0.0189	0.0024	5487.2784	-1.9	4.6	0.5169	0.0051	0.0003	0.0666	1.0028	60	0.000	55.800000	37.600000	183.80	--	--	--	11011
63	2023-04-25	08:53:15	5488.3535	3	0.0157	0.0020	5487.2786	-2.2	3.4	0.5161	0.0055	0.0002	0.0664	1.0028	60	0.000	55.800000	37.600000	183.80	--	--	--	11011
63	2023-04-25	08:54:15	5488.3556	3	0.0233	0.0030	5487.2799	-2.8	3.6	0.5103	0.0059	0.0003	0.0667	1.0028	60	0.000	55.800000	37.600000	183.80	--	--	--	11011
63	2023-04-25	08:55:15	5488.3531	3	0.0194	0.0025	5487.2772	-3.0	4.0	0.5140	0.0063	0.0004	0.0664	1.0028	60	0.000	55.800000	37.600000	183.80	--	--	--	11011
63	2023-04-25	08:56:15	5488.3544	3	0.0215	0.0028	5487.2780	-3.7	4.4	0.5135	0.0067	0.0005	0.0665	1.0028	60	0.000	55.800000	37.600000	183.80	--	--	--	11011
63	2023-04-25	08:57:15	5488.3541	3	0.0214	0.0028	5487.2777	-2.9	3.7	0.5129	0.0071	0.0003	0.0662	1.0028	60	0.000	55.800000	37.600000	183.80	--	--	--	11011
63	2023-04-25	08:58:15	5488.3537	3	0.0205	0.0027	5487.2768	-2.5	4.5	0.5145	0.0075	0.0003	0.0663	1.0029	60	0.000	55.800000	37.600000	183.80	--	--	--	11011
63	2023-04-25	08:59:15	5488.3547	3	0.0191	0.0025	5487.2774	-4.2	3.0	0.5103	0.0079	0.0003	0.0662	1.0029	60	0.000	55.800000	37.600000	183.80	--	--	--	11011
63	2023-04-25	09:00:15	5488.3531	3	0.0202	0.0026	5487.2752	-3.0	4.2	0.5085	0.0083	0.0004	0.0662	1.0029	60	0.000	55.800000	37.600000	183.80	--	--	--	11011
63	2023-04-25	09:01:15	5488.3528	3	0.0197	0.0025	5487.2749	-2.7	2.6	0.5143	0.0087	0.0002	0.0661	1.0029	60	0.000	55.800000	37.600000	183.80	--	--	--	11011
63	2023-04-25	09:02:15	5488.3542	3	0.0176	0.0023	5487.2759	-3.1	3.9	0.5137	0.0091	0.0003	0.0661	1.0029	60	0.000	55.800000	37.600000	183.80	--	--	--	11011
63	2023-04-25	09:03:15	5488.3535	3	0.0189	0.0024	5487.2747	-3.0	4.4	0.5144	0.0095	0.0003	0.0660	1.0029	60	0.000	55.800000	37.600000	183.80	--	--	--	11011
63	2023-04-25	09:04:15	5488.3546	3	0.0212	0.0027	5487.2754	-2.5	3.1	0.5141	0.0099	0.0002	0.0662	1.0029	60	0.000	55.800000	37.600000	183.80	--	--	--	11011
63	2023-04-25	09:05:15	5488.3545	3	0.0171	0.0022	5487.2751	-2.5	3.9	0.5176	0.0103	0.0003	0.0658	1.0029	60	0.000	55.800000	37.600000	183.80	--	--	--	11011
63	2023-04-25	09:06:15	5488.3564	3	0.0167	0.0022	5487.2766	-2.9	3.7	0.5123	0.0107	0.0003	0.0659	1.0029	60	0.000	55.800000	37.600000	183.80	--	--	--	11011
63	2023-04-25	09:07:15	5488.3546	3	0.0175	0.0023	5487.2742	-2.1	4.3	0.5081	0.0111	0.0004	0.0659	1.0029	60	0.000	55.800000	37.600000	183.80	--	--	--	11011
63	2023-04-25	09:08:15	5488.3554	3	0.0175	0.0023	5487.2748	-1.8	2.6	0.5047	0.0115	0.0001	0.0659	1.0030	60	0.000	55.800000	37.600000	183.80	--	--	--	11011
63	2023-04-25	09:09:15	5488.3547	3	0.0161	0.0021	5487.2739	-2.1	2.1	0.5066	0.0119	0.0001	0.0658	1.0030	60	0.000	55.800000	37.600000	183.80	--	--	--	11011
63	2023-04-25	09:10:15	5488.3539	3	0.0249	0.0032	5487.2725	-3.0	3.7	0.5066	0.0123	0.0003	0.0658	1.0030	60	0.000	55.800000	37.600000	183.80	--	--	--	11011
63	2023-04-25	09:11:15	5488.3550	3	0.0211	0.0027	5487.2731	-3.0	4.5	0.5125	0.0127	0.0004	0.0658	1.0030	60	0.000	55.800000	37.600000	183.80	--	--	--	11011
63	2023-04-25	09:12:15	5488.3559	3	0.0197	0.0025	5487.2739	-2.6	4.1	0.5083	0.0131	0.0003	0.0656	1.0030	60	0.000	55.800000	37.600000	183.80	--	--	--	11011
63	2023-04-25	09:13:15	5488.3541	3	0.0205	0.0026	5487.2718	-2.8	3.6	0.5094	0.0135	0.0003	0.0656	1.0030	60	0.000	55.800000	37.600000	183.80	--	--	--	11011
63	2023-04-25	09:14:15	5488.3563	3	0.0168	0.0022	5487.2734	-2.0	3.9	0.5085	0.0139	0.0002	0.0657	1.0030	60	0.000	55.800000	37.600000	183.80	--	--	--	11011
63	2023-04-25	09:15:15	5488.3543	3	0.0161	0.0021	5487.2712	-2.9	3.7	0.5100	0.0143	0.0003	0.0655	1.0030	60	0.000	55.800000	37.600000	183.80	--	--	--	11011
63	2023-04-25	09:16:15	5488.3538	3	0.0193	0.0025	5487.2701	-2.5	4.9	0.5087	0.0147	0.0004	0.0657	1.0030	60	0.000	55.800000	37.600000	183.80	--	--	--	11011
63	2023-04-25	09:17:15	5488.3547	3	0.0137	0.0018	5487.2703	-2.5	5.4	0.5071	0.0151	0.0004	0.0658	1.0030	60	0.000	55.800000	37.600000	183.80	--	--	--	11011
3	2023-04-25	11:31:22	5456.7056	3	0.0179	0.0023	5455.5713	-0.7	4.0	0.5558	0.0575	0.0002	0.0722	1.0044	60	0.000	55.800000	37.600000	183.80	55.780457	37.639523	173.6	11011
3	2023-04-25	11:32:22	5456.7047	3	0.0160	0.0021	5455.5704	-0.8	5.0	0.5601	0.0576	0.0003	0.0719	1.0044	60	0.000	55.800000	37.600000	183.80	55.780907	37.639313	174.9	11011
3	2023-04-25	11:33:22	5456.7052	3	0.0134	0.0017	5455.5707	-1.4	5.3	0.5547	0.0578	0.0005	0.0718	1.0044	60	0.000	55.800000	37.600000	183.80	55.781166	37.639076	174.9	11011
3	2023-04-25	11:34:22	5456.7055	3	0.0128	0.0017	5455.5715	-2.3	4.8	0.5558	0.0580	0.0003	0.0713	1.0044	60	0.000	55.800000	37.600000	183.80	55.780689	37.639179	176.5	11011
3	2023-04-25	11:35:22	5456.7050	3	0.0148	0.0019	5455.5709	-2.4	5.1	0.5523	0.0582	0.0004	0.0711	1.0044	60	0.000	55.800000	37.600000	183.80	55.781067	37.639160	181.9	11011
3	2023-04-25	11:36:22	5456.7051	3	0.0160	0.0021	5455.5708	-1.3	7.4	0.5389	0.0584	0.0008	0.0706	1.0044	60	0.000	55.800000	37.600000	183.80	55.781250	37.639122	183.7	11011
3	2023-04-25	11:37:22	5456.7038	3	0.0167	0.0022	5455.5698	-1.5	6.5	0.5492	0.0586	0.0005	0.0705	1.0044	60	0.000	55.800000	37.600000	183.80	55.780880	37.639160	186.1	11011
3	2023-04-25	11:38:22	5456.7055	3	0.0179	0.0023	5455.5713	-2.5	6.6	0.5484	0.0588	0.0006	0.0703	1.0044	60	0.000	55.800000	37.600000	183.80	55.780849	37.639248	187.4	11011
3	2023-04-25	11:39:22	5456.7056	3	0.0163	0.0021	5455.5715	-2.5	6.1	0.5413	0.0590	0.0006	0.0701	1.0044	60	0.000	55.800000	37.600000	183.80	55.780895	37.639084	188.0	11011
3	2023-04-25	11:40:22	5456.7043	3	0.0153	0.0020	5455.5703	-2.5	5.7	0.5453	0.0592	0.0005	0.0699	1.0045	60	0.000	55.800000	37.600000	183.80	55.780880	37.639210	192.2	11011
3	2023-04-25	11:41:22	5456.7048	3	0.0197	0.0025	5455.5708	-2.0	6.0	0.5443	0.0593	0.0004	0.0698	1.0045	60	0.000	55.800000	37.600000	183.80	55.780533	37.639191	192.8	11011
3	2023-04-25	11:42:22	5456.7047	3	0.0166	0.0021	5455.5708	-1.7	5.7	0.5365	0.0595	0.0004	0.0695	1.0045	60	0.000	55.800000	37.600000	183.80	55.781124	37.639172	191.6	11011
3	2023-04-25	11:43:22	5456.7056	3	0.0142	0.0018	5455.5716	-3.1	5.1	0.5307	0.0597	0.0004	0.0694	1.0045	60	0.000	55.800000	37.600000	183.80	55.781052	37.639221	193.8	11011
3	2023-04-25	11:44:22	5456.7060	3	0.0149	0.0019	5455.5719	-2.7	5.5	0.5378	0.0599	0.0005	0.0693	1.0045	60	0.000	55.800000	37.600000	183.80	55.780952	37.639408	195.6	11011
3	2023-04-25	11:45:22	5456.7055	3	0.0131	0.0017	5455.5713	-3.0	5.9	0.5339	0.0600	0.0006	0.0691	1.0045	60	0.000	55.800000	37.600000	183.80	55.780861	37.639076	191.5	11011
3	2023-04-25	11:46:22	5456.7066	3	0.0141	0.0018	5455.5724	-3.3	5.5	0.5362	0.0602	0.0006	0.0689	1.0045	60	0.000	55.800000	37.600000	183.80	55.781166	37.639122	191.6	11011
3	2023-04-25	11:47:22	5456.7064	3	0.0150	0.0019	5455.5721	-3.6	5.6	0.5424	0.0604	0.0005	0.0689	1.0045	60	0.000	55.800000	37.600000	183.80	55.781029	37.639141	192.7	11011
3	2023-04-25	11:48:22	5456.7056	3	0.0159	0.0021	5455.5714	-3.1	5.4	0.5362	0.0605	0.0005	0.0687	1.0045	60	0.000	55.800000	37.600000	183.80	55.781067	37.639076	193.3	11011
3	2023-04-25	11:49:22	5456.7053	3	0.0148	0.0019	5455.5708	-3.1	5.8	0.5330	0.0607	0.0005	0.0688	1.0045	60	0.000	55.800000	37.600000	183.80	55.780926	37.638992	194.5	11011
3	2023-04-25	11:50:22	5456.7052	3	0.0141	0.0018	5455.5704	-3.6	6.8	0.5322	0.0608	0.0007	0.0688	1.0046	60	0.000	55.800000	37.600000	183.80	55.780937	37.639088	195.7	11011
3	2023-04-25	11:51:22	5456.7051	3	0.0129	0.0017	5455.5702	-3.4	7.4	0.5243	0.0610	0.0007	0.0686	1.0046	60	0.000	55.800000	37.600000	183.80	55.780781	37.639076	197.7	11011
3	2023-04-25	11:52:22	5456.7060	3	0.0206	0.0027	5455.5707	-5.5	7.9	0.5281	0.0612	0.0012	0.0684	1.0046	60	0.000	55.800000	37.600000	183.80	55.780754	37.639278	197.8	11011
3	2023-04-25	11:53:22	5456.7060	3	0.0218	0.0028	5455.5710	-5.3	7.1	0.5250	0.0613	0.0008	0.0683	1.0046	60	0.000	55.800000	37.600000	183.80	55.780823	37.639259	198.4	11011
3	2023-04-25	11:54:22	5456.7050	3	0.0161	0.0021	5455.5699	-4.8	6.1	0.5266	0.0615	0.0007	0.0683	1.0046	60	0.000	55.800000	37.600000	183.80	55.781212	37.639046	199.5	11011
3	2023-04-25	11:55:22	5456.7058	3	0.0128	0.0017	5455.5706	-4.9	7.1	0.5307	0.0616	0.0010	0.0680	1.0046	60	0.000	55.800000	37.600000	183.80	55.780899	37.639248	200.2	11011
3	2023-04-25	11:56:22	5456.7054	3	0.0150	0.0019	5455.5702	-3.7	7.1	0.5296	0.0617	0.0008	0.0681	1.0046	60	0.000	55.800000	37.600000	183.80	55.781166	37.639526	200.2	11011
3	2023-04-25	11:57:22	5456.7043	3	0.0154	0.0020	5455.5687	-3.7	8.1	0.5272	0.0619	0.0010	0.0681	1.0046	60	0.000	55.800000	37.600000	183.80	55.781040	37.639496	201.6	11011
3	2023-04-25	11:58:22	5456.7045	3	0.0171	0.0022	5455.5690	-4.1	6.7	0.5225	0.0620	0.0007	0.0681	1.0046	60	0.000	55.800000	37.600000	183.80	55.780819	37.639011	200.8	11011
3	2023-04-25	11:59:22	5456.7063	3	0.0140	0.0018	5455.5708	-3.9	7.5	0.5242	0.0622	0.0007	0.0680	1.0046	60	0.000	55.800000	37.600000	183.80	55.781326	37.639355	201.9	11011
3	2023-04-25	12:00:22	5456.7066	3	0.0184	0.0024	5455.5712	-4.7	7.5	0.5297	0.0623	0.0008	0.0677	1.0046	60	0.000	55.800000	37.600000	183.80	55.780697	37.639133	202.1	11011
3	2023-04-25	12:01:22	5456.7068	3	0.0150	0.0019	5455.5708	-3.9	8.4	0.5330	0.0624	0.0011	0.0679	1.0047	60	0.000	55.800000	37.600000	183.80	55.781242	37.638771	203.3	11011
3	2023-04-25	12:02:22	5456.7062	3	0.0150	0.0019	5455.5700	-3.1	9.3	0.5268	0.0626	0.0012	0.0678	1.0047	60	0.000	55.800000	37.600000	183.80	55.781429	37.638859	203.8	11011
3	2023-04-25	12:03:22	5456.7058	3	0.0145	0.0019	5455.5703	-3.4	7.5	0.5236	0.0627	0.0007	0.0674	1.0047	60	0.000	55.800000	37.600000	183.80	55.782158	37.638096	204.4	11011
3	2023-04-25	12:04:22	5456.7060	3	0.0180	0.0023	5455.5702	-3.3	6.8	0.5205	0.0628	0.0007	0.0676	1.0047	60	0.000	55.800000	37.600000	183.80	55.781658	37.638363	205.3	11011
3	2023-04-25	12:05:22	5456.7069	3	0.0145	0.0019	5455.5711	-4.3	7.8	0.5278	0.0629	0.0009	0.0673	1.0047	60	0.000	55.800000	37.600000	183.80	55.780956	37.639332	206.0	11011
3	2023-04-25	12:06:22	5456.7075	3	0.0150	0.0019	5455.5714	-4.8	7.3	0.5237	0.0631	0.0009	0.0674	1.0047	60	0.000	55.800000	37.600000	183.80	55.780689	37.639629	207.2	11011
3	2023-04-25	12:07:22	5456.7072	3	0.0161	0.0021	5455.5713	-4.6	6.9	0.5156	0.0632	0.0008	0.0672	1.0047	60	0.000	55.800000	37.600000	183.80	--	--	--	11011
3	2023-04-25	12:08:22	5456.7068	3	0.0199	0.0026	5455.5709	-5.3	7.2	0.5218	0.0633	0.0009	0.0670	1.0047	60	0.000	55.800000	37.600000	183.80	55.781128	37.638973	206.9	11011
3	2023-04-25	12:09:22	5456.7076	3	0.0184	0.0024	5455.5712	-5.4	8.6	0.5238	0.0634	0.0013	0.0670	1.0047	60	0.000	55.800000	37.600000	183.80	55.781128	37.638992	206.8	11011
3	2023-04-25	12:10:22	5456.7085	3	0.0163	0.0021	5455.5720	-5.5	7.4	0.5211	0.0635	0.0011	0.0671	1.0047	60	0.000	55.800000	37.600000	183.80	55.780518	37.639629	206.6	11011
3	2023-04-25	12:11:22	5456.7061	3	0.0110	0.0014	5455.5698	-5.3	8.1	0.5223	0.0636	0.0010	0.0669	1.0048	60	0.000	55.800000	37.600000	183.80	55.781048	37.639248	207.0	11011
3	2023-04-25	12:12:22	5456.7053	3	0.0150	0.0019	5455.5690	-3.3	7.2	0.5168	0.0637	0.0009	0.0670	1.0048	60	0.000	55.800000	37.600000	183.80	55.780983	37.639198	207.0	11011
3	2023-04-25	12:13:22	5456.7063	3	0.0147	0.0019	5455.5697	-3.6	8.6	0.5217	0.0638	0.0012	0.0668	1.0048	60	0.000	55.800000	37.600000	183.80	55.780918	37.639267	206.6	11011
3	2023-04-25	12:14:22	5456.7070	3	0.0179	0.0023	5455.5707	-4.0	8.1	0.5204	0.0639	0.0009	0.0667	1.0048	60	0.000	55.800000	37.600000	183.80	55.780983	37.639317	209.2	11011
3	2023-04-25	12:15:22	5456.7058	3	0.0176	0.0023	5455.5692	-3.5	6.9	0.5134	0.0640	0.0009	0.0669	1.0048	60	0.000	55.800000	37.600000	183.80	55.781357	37.639370	208.6	11011
3	2023-04-25	12:16:22	5456.7071	3	0.0167	0.0022	5455.5703	-3.2	8.4	0.5163	0.0641	0.0010	0.0668	1.0048	60	0.000	55.800000	37.600000	183.80	55.780838	37.639240	208.6	11011
3	2023-04-25	12:17:22	5456.7065	3	0.0202	0.0026	5455.5700	-4.1	7.5	0.5144	0.0642	0.0008	0.0666	1.0048	60	0.000	55.800000	37.600000	183.80	55.780525	37.639019	208.8	11011
3	2023-04-25	12:18:22	5456.7060	3	0.0158	0.0020	5455.5690	-3.9	9.1	0.5150	0.0643	0.0012	0.0667	1.0048	60	0.000	55.800000	37.600000	183.80	55.781048	37.639217	210.5	11011
3	2023-04-25	12:19:22	5456.7063	3	0.0138	0.0018	5455.5693	-3.3	8.9	0.5201	0.0644	0.0010	0.0668	1.0048	60	0.000	55.800000	37.600000	183.80	55.781052	37.639343	212.6	11011
3	2023-04-25	12:20:22	5456.7073	3	0.0158	0.0020	5455.5701	-4.8	8.9	0.5099	0.0645	0.0012	0.0667	1.0048	60	0.000	55.800000	37.600000	183.80	55.781185	37.639103	213.2	11011
3	2023-04-25	12:21:22	5456.7072	3	0.0154	0.0020	5455.5703	-5.2	7.4	0.5201	0.0646	0.0009	0.0666	1.0049	60	0.000	55.800000	37.600000	183.80	55.780819	37.639259	210.7	11011
3	2023-04-25	12:22:22	5456.7060	3	0.0134	0.0017	5455.5691	-5.1	7.2	0.5202	0.0647	0.0010	0.0665	1.0049	60	0.000	55.800000	37.600000	183.80	55.781174	37.639427	209.6	11011
3	2023-04-25	12:23:22	5456.7071	3	0.0127	0.0016	5455.5698	-5.1	7.6	0.5156	0.0648	0.0011	0.0666	1.0049	60	0.000	55.800000	37.600000	183.80	55.780907	37.639343	209.9	11011
3	2023-04-25	12:24:22	5456.7068	3	0.0193	0.0025	5455.5696	-3.3	8.3	0.5165	0.0648	0.0010	0.0665	1.0049	60	0.000	55.800000	37.600000	183.80	55.780838	37.639126	211.5	11011
3	2023-04-25	12:25:22	5456.7056	3	0.0112	0.0014	5455.5684	-2.7	8.1	0.5178	0.0649	0.0009	0.0664	1.0049	60	0.000	55.800000	37.600000	183.80	55.781010	37.639240	212.1	11011
3	2023-04-25	12:26:22	5456.7068	3	0.0131	0.0017	5455.5700	-4.1	6.2	0.5141	0.0650	0.0006	0.0663	1.0049	60	0.000	55.800000	37.600000	183.80	55.781124	37.638878	209.8	11011
3	2023-04-25	12:27:22	5456.7065	3	0.0118	0.0015	5455.5693	-4.6	6.4	0.5149	0.0651	0.0007	0.0665	1.0049	60	0.000	55.800000	37.600000	183.80	55.780972	37.639050	208.1	11011
3	2023-04-25	12:28:22	5456.7067	3	0.0170	0.0022	5455.5695	-4.7	7.3	0.5155	0.0651	0.0008	0.0663	1.0049	60	0.000	55.800000	37.600000	183.80	55.780918	37.639980	210.7	11011
3	2023-04-25	12:29:22	5456.7069	3	0.0160	0.0021	5455.5693	-4.8	7.5	0.5117	0.0652	0.0009	0.0666	1.0049	60	0.000	55.800000	37.600000	183.80	55.781010	37.640545	208.1	11011
3	2023-04-25	12:30:22	5456.7062	3	0.0139	0.0018	5455.5690	-4.6	6.2	0.5075	0.0653	0.0007	0.0663	1.0049	60	0.000	55.800000	37.600000	183.80	55.781193	37.640266	207.7	11011
63	2023-04-25	14:02:58	5488.3566	3	0.0366	0.0047	5487.2188	-1.2	0.7	0.5477	0.0607	0.0001	0.0711	1.0059	60	0.000	55.800000	37.600000	183.80	56.025318	37.227394	213.4	11011
63	2023-04-25	14:03:58	5488.3578	3	0.0173	0.0022	5487.2205	-1.6	1.3	0.5483	0.0605	0.0001	0.0708	1.0059	60	0.000	55.800000	37.600000	183.80	56.026066	37.229065	215.6	11011
63	2023-04-25	14:04:58	5488.3568	3	0.0171	0.0022	5487.2197	-2.5	2.4	0.5434	0.0604	0.0001	0.0707	1.0059	60	0.000	55.800000	37.600000	183.80	56.027210	37.230282	218.1	11011
63	2023-04-25	14:05:58	5488.3568	3	0.0138	0.0018	5487.2201	-1.5	2.7	0.5397	0.0602	0.0002	0.0704	1.0059	60	0.000	55.800000	37.600000	183.80	56.030014	37.232899	216.8	11011
63	2023-04-25	14:06:58	5488.3562	3	0.0174	0.0022	5487.2200	-0.9	1.8	0.5372	0.0600	0.0001	0.0702	1.0059	60	0.000	55.800000	37.600000	183.80	--	--	--	11011
63	2023-04-25	14:07:58	5488.3561	3	0.0175	0.0023	5487.2200	-1.9	3.5	0.5412	0.0599	0.0002	0.0700	1.0059	60	0.000	55.800000	37.600000	183.80	--	--	--	11011
63	2023-04-25	14:08:58	5488.3555	3	0.0169	0.0022	5487.2198	-2.1	2.5	0.5463	0.0597	0.0002	0.0698	1.0059	60	0.000	55.800000	37.600000	183.80	--	--	--	11011
63	2023-04-25	14:09:58	5488.3570	3	0.0203	0.0026	5487.2216	-2.3	3.1	0.5337	0.0595	0.0003	0.0696	1.0059	60	0.000	55.800000	37.600000	183.80	--	--	--	11011
63	2023-04-25	14:10:58	5488.3567	3	0.0174	0.0022	5487.2219	-0.8	2.4	0.5382	0.0594	0.0001	0.0694	1.0059	60	0.000	55.800000	37.600000	183.80	--	--	--	11011
63	2023-04-25	14:11:58	5488.3568	3	0.0193	0.0025	5487.2222	-2.1	3.0	0.5317	0.0592	0.0002	0.0693	1.0059	60	0.000	55.800000	37.600000	183.80	--	--	--	11011
63	2023-04-25	14:12:58	5488.3565	3	0.0146	0.0019	5487.2223	-1.4	1.9	0.5385	0.0590	0.0001	0.0692	1.0060	60	0.000	55.800000	37.600000	183.80	--	--	--	11011
63	2023-04-25	14:13:58	5488.3560	3	0.0137	0.0018	5487.2221	-0.6	2.9	0.5322	0.0588	0.0002	0.0689	1.0060	60	0.000	55.800000	37.600000	183.80	--	--	--	11011
63	2023-04-25	14:14:58	5488.3568	3	0.0169	0.0022	5487.2232	-1.6	4.3	0.5310	0.0587	0.0003	0.0687	1.0060	60	0.000	55.800000	37.600000	183.80	--	--	--	11011
63	2023-04-25	14:15:58	5488.3559	3	0.0175	0.0023	5487.2225	-2.0	3.7	0.5292	0.0585	0.0002	0.0687	1.0060	60	0.000	55.800000	37.600000	183.80	--	--	--	11011
63	2023-04-25	14:16:58	5488.3565	3	0.0208	0.0027	5487.2232	-2.4	5.0	0.5358	0.0583	0.0004	0.0686	1.0060	60	0.000	55.800000	37.600000	183.80	--	--	--	11011
63	2023-04-25	14:17:58	5488.3574	3	0.0204	0.0026	5487.2246	-2.1	5.3	0.5343	0.0581	0.0004	0.0683	1.0060	60	0.000	55.800000	37.600000	183.80	--	--	--	11011
63	2023-04-25	14:18:58	5488.3574	3	0.0171	0.0022	5487.2248	-1.5	5.6	0.5301	0.0579	0.0004	0.0683	1.0060	60	0.000	55.800000	37.600000	183.80	--	--	--	11011
63	2023-04-25	14:19:58	5488.3575	3	0.0180	0.0023	5487.2252	-0.8	4.9	0.5266	0.0577	0.0003	0.0682	1.0060	60	0.000	55.800000	37.600000	183.80	--	--	--	11011
63	2023-04-25	14:20:58	5488.3580	3	0.0166	0.0021	5487.2259	-1.9	5.3	0.5274	0.0575	0.0004	0.0681	1.0060	60	0.000	55.800000	37.600000	183.80	--	--	--	11011
63	2023-04-25	14:21:58	5488.3573	3	0.0191	0.0025	5487.2256	-1.7	5.9	0.5342	0.0573	0.0004	0.0679	1.0060	60	0.000	55.800000	37.600000	183.80	--	--	--	11011
63	2023-04-25	14:22:58	5488.3574	3	0.0214	0.0028	5487.2259	-1.1	6.2	0.5256	0.0572	0.0005	0.0678	1.0060	60	0.000	55.800000	37.600000	183.80	--	--	--	11011
63	2023-04-25	14:23:58	5488.3577	3	0.0208	0.0027	5487.2263	-2.5	5.4	0.5241	0.0570	0.0005	0.0679	1.0061	60	0.000	55.800000	37.600000	183.80	--	--	--	11011
63	2023-04-25	14:24:58	5488.3566	3	0.0170	0.0022	5487.2255	-2.2	6.2	0.5176	0.0568	0.0005	0.0678	1.0061	60	0.000	55.800000	37.600000	183.80	--	--	--	11011
63	2023-04-25	14:25:58	5488.3575	3	0.0178	0.0023	5487.2268	-2.3	5.4	0.5210	0.0566	0.0004	0.0677	1.0061	60	0.000	55.800000	37.600000	183.80	--	--	--	11011
63	2023-04-25	14:26:58	5488.3582	3	0.0202	0.0026	5487.2277	-1.4	4.8	0.5321	0.0563	0.0004	0.0677	1.0061	60	0.000	55.800000	37.600000	183.80	--	--	--	11011
63	2023-04-25	14:27:58	5488.3573	3	0.0223	0.0029	5487.2269	-2.0	5.6	0.5266	0.0561	0.0004	0.0678	1.0061	60	0.000	55.800000	37.600000	183.80	--	--	--	11011
63	2023-04-25	14:28:58	5488.3576	3	0.0204	0.0026	5487.2276	-1.7	7.5	0.5233	0.0559	0.0007	0.0674	1.0061	60	0.000	55.800000	37.600000	183.80	--	--	--	11011
63	2023-04-25	14:29:58	5488.3589	3	0.0166	0.0021	5487.2289	-1.3	7.3	0.5200	0.0557	0.0007	0.0675	1.0061	60	0.000	55.800000	37.600000	183.80	--	--	--	11011
63	2023-04-25	14:30:58	5488.3593	3	0.0211	0.0027	5487.2297	-2.2	6.7	0.5246	0.0555	0.0005	0.0674	1.0061	60	0.000	55.800000	37.600000	183.80	--	--	--	11011
63	2023-04-25	14:31:58	5488.3573	3	0.0186	0.0024	5487.2281	-2.3	7.0	0.5192	0.0553	0.0006	0.0672	1.0061	60	0.000	55.800000	37.600000	183.80	--	--	--	11011
63	2023-04-25	14:32:58	5488.3573	3	0.0199	0.0026	5487.2282	-0.7	8.0	0.5145	0.0551	0.0008	0.0671	1.0061	60	0.000	55.800000	37.600000	183.80	--	--	--	11011
63	2023-04-25	14:33:58	5488.3577	3	0.0196	0.0025	5487.2290	-1.7	7.5	0.5246	0.0549	0.0006	0.0671	1.0062	60	0.000	55.800000	37.600000	183.80	--	--	--	11011
63	2023-04-25	14:34:58	5488.3586	3	0.0170	0.0022	5487.2298	-1.4	7.8	0.5217	0.0546	0.0007	0.0672	1.0062	60	0.000	55.800000	37.600000	183.80	--	--	--	11011
63	2023-04-25	14:35:58	5488.3578	3	0.0184	0.0024	5487.2292	-2.4	7.7	0.5188	0.0544	0.0009	0.0671	1.0062	60	0.000	55.800000	37.600000	183.80	--	--	--	11011
63	2023-04-25	14:36:58	5488.3582	3	0.0183	0.0024	5487.2302	-1.9	6.8	0.5077	0.0542	0.0006	0.0670	1.0062	60	0.000	55.800000	37.600000	183.80	--	--	--	11011
63	2023-04-25	14:37:58	5488.3573	3	0.0195	0.0025	5487.2298	-1.6	6.0	0.5211	0.0540	0.0003	0.0670	1.0062	60	0.000	55.800000	37.600000	183.80	--	--	--	11011
63	2023-04-25	14:38:58	5488.3591	3	0.0179	0.0023	5487.2315	-2.1	5.9	0.5246	0.0538	0.0006	0.0671	1.0062	60	0.000	55.800000	37.600000	183.80	--	--	--	11011
63	2023-04-25	14:39:58	5488.3579	3	0.0161	0.0021	5487.2306	-1.9	6.4	0.5239	0.0535	0.0005	0.0670	1.0062	60	0.000	55.800000	37.600000	183.80	--	--	--	11011
63	2023-04-25	14:40:58	5488.3582	3	0.0155	0.0020	5487.2312	-0.4	6.9	0.5197	0.0533	0.0005	0.0670	1.0062	60	0.000	55.800000	37.600000	183.80	--	--	--	11011
63	2023-04-25	14:41:58	5488.3579	3	0.0167	0.0022	5487.2310	-1.7	6.9	0.5206	0.0531	0.0006	0.0669	1.0062	60	0.000	55.800000	37.600000	183.80	--	--	--	11011
63	2023-04-25	14:42:58	5488.3579	3	0.0161	0.0021	5487.2316	-2.1	6.8	0.5170	0.0528	0.0006	0.0667	1.0062	60	0.000	55.800000	37.600000	183.80	--	--	--	11011
63	2023-04-25	14:43:58	5488.3574	3	0.0169	0.0022	5487.2313	-2.0	6.6	0.5228	0.0526	0.0006	0.0667	1.0063	60	0.000	55.800000	37.600000	183.80	--	--	--	11011
63	2023-04-25	14:44:58	5488.3577	3	0.0195	0.0025	5487.2319	-1.5	5.4	0.5159	0.0524	0.0004	0.0667	1.0063	60	0.000	55.800000	37.600000	183.80	--	--	--	11011
63	2023-04-25	14:45:58	5488.3583	3	0.0168	0.0022	5487.2328	-1.4	5.9	0.5146	0.0521	0.0004	0.0667	1.0063	60	0.000	55.800000	37.600000	183.80	--	--	--	11011
63	2023-04-25	14:46:58	5488.3574	3	0.0180	0.0023	5487.2322	-2.5	6.1	0.5147	0.0519	0.0006	0.0665	1.0063	60	0.000	55.800000	37.600000	183.80	--	--	--	11011
63	2023-04-25	14:47:58	5488.3575	3	0.0169	0.0022	5487.2327	-2.1	4.9	0.5171	0.0516	0.0004	0.0665	1.0063	60	0.000	55.800000	37.600000	183.80	--	--	--	11011
63	2023-04-25	14:48:58	5488.3573	3	0.0161	0.0021	5487.2326	-2.1	5.4	0.5216	0.0514	0.0004	0.0666	1.0063	60	0.000	55.800000	37.600000	183.80	--	--	--	11011
63	2023-04-25	14:49:58	5488.3579	3	0.0158	0.0020	5487.2335	-1.7	5.6	0.5132	0.0511	0.0004	0.0666	1.0063	60	0.000	55.800000	37.600000	183.80	--	--	--	11011
63	2023-04-25	14:50:58	5488.3581	3	0.0164	0.0021	5487.2339	-2.1	5.6	0.5277	0.0509	0.0004	0.0666	1.0063	60	0.000	55.800000	37.600000	183.80	--	--	--	11011
63	2023-04-25	14:51:58	5488.3569	3	0.0215	0.0028	5487.2332	-2.6	5.0	0.5150	0.0506	0.0004	0.0664	1.0063	60	0.000	55.800000	37.600000	183.80	--	--	--	11011
63	2023-04-25	14:52:58	5488.3574	3	0.0161	0.0021	5487.2337	-2.2	5.1	0.5155	0.0504	0.0004	0.0666	1.0063	60	0.000	55.800000	37.600000	183.80	--	--	--	11011
63	2023-04-25	14:53:58	5488.3571	3	0.0188	0.0024	5487.2340	-2.7	3.7	0.5097	0.0501	0.0003	0.0663	1.0064	60	0.000	55.800000	37.600000	183.80	--	--	--	11011
63	2023-04-25	14:54:58	5488.3572	3	0.0168	0.0022	5487.2343	-2.0	4.5	0.5104	0.0499	0.0003	0.0664	1.0064	60	0.000	55.800000	37.600000	183.80	--	--	--	11011
63	2023-04-25	14:55:58	5488.3581	3	0.0176	0.0023	5487.2353	-2.5	5.2	0.5097	0.0496	0.0004	0.0663	1.0064	60	0.000	55.800000	37.600000	183.80	--	--	--	11011
63	2023-04-25	14:56:58	5488.3573	3	0.0151	0.0019	5487.2347	-3.2	5.7	0.5149	0.0494	0.0005	0.0663	1.0064	60	0.000	55.800000	37.600000	183.80	--	--	--	11011
63	2023-04-25	14:57:58	5488.3587	3	0.0170	0.0022	5487.2366	-2.6	5.1	0.5177	0.0491	0.0003	0.0662	1.0064	60	0.000	55.800000	37.600000	183.80	--	--	--	11011
63	2023-04-25	14:58:58	5488.3557	3	0.0187	0.0024	5487.2337	-2.0	6.7	0.5062	0.0489	0.0006	0.0662	1.0064	60	0.000	55.800000	37.600000	183.80	--	--	--	11011
63	2023-04-25	14:59:58	5488.3578	3	0.0210	0.0027	5487.2364	-1.3	6.0	0.5120	0.0486	0.0004	0.0661	1.0064	60	0.000	55.800000	37.600000	183.80	--	--	--	11011
63	2023-04-25	15:00:58	5488.3575	3	0.0208	0.0027	5487.2360	-2.9	6.2	0.5113	0.0483	0.0006	0.0662	1.0064	60	0.000	55.800000	37.600000	183.80	--	--	--	11011
63	2023-04-25	15:01:58	5488.3573	3	0.0199	0.0026	5487.2362	-2.8	6.4	0.5151	0.0481	0.0005	0.0661	1.0064	60	0.000	55.800000	37.600000	183.80	--	--	--	11011
3	2023-04-25	16:20:09	5456.7099	3	0.0167	0.0022	5455.6093	1.5	2.1	0.5445	0.0234	0.0001	0.0698	1.0072	60	0.000	55.800000	37.600000	183.80	55.781029	37.638817	169.8	11011
3	2023-04-25	16:21:09	5456.7105	3	0.0136	0.0018	5455.6102	1.6	3.2	0.5386	0.0231	0.0001	0.0699	1.0072	60	0.000	55.800000	37.600000	183.80	55.780823	37.639202	170.2	11011
3	2023-04-25	16:22:09	5456.7087	3	0.0131	0.0017	5455.6090	1.4	2.2	0.5342	0.0227	0.0001	0.0697	1.0072	60	0.000	55.800000	37.600000	183.80	55.780861	37.639221	169.8	11011
3	2023-04-25	16:23:09	5456.7102	3	0.0115	0.0015	5455.6110	2.6	2.1	0.5286	0.0224	0.0002	0.0695	1.0072	60	0.000	55.800000	37.600000	183.80	55.780895	37.639183	170.0	11011
3	2023-04-25	16:24:09	5456.7091	3	0.0142	0.0018	5455.6105	2.1	2.5	0.5358	0.0220	0.0002	0.0692	1.0072	60	0.000	55.800000	37.600000	183.80	55.780933	37.638981	170.0	11011
3	2023-04-25	16:25:09	5456.7100	3	0.0110	0.0014	5455.6119	1.5	3.1	0.5415	0.0216	0.0001	0.0691	1.0073	60	0.000	55.800000	37.600000	183.80	55.781048	37.639236	170.9	11011
3	2023-04-25	16:26:09	5456.7113	3	0.0143	0.0019	5455.6137	1.4	4.0	0.5361	0.0213	0.0002	0.0688	1.0073	60	0.000	55.800000	37.600000	183.80	55.780952	37.639088	170.5	11011
3	2023-04-25	16:27:09	5456.7104	3	0.0131	0.0017	5455.6134	0.9	2.2	0.5366	0.0209	0.0001	0.0687	1.0073	60	0.000	55.800000	37.600000	183.80	55.780926	37.639351	170.7	11011
3	2023-04-25	16:28:09	5456.7101	3	0.0120	0.0016	5455.6136	-0.2	2.9	0.5318	0.0206	0.0001	0.0686	1.0073	60	0.000	55.800000	37.600000	183.80	55.780918	37.639286	172.7	11011
3	2023-04-25	16:29:09	5456.7109	3	0.0137	0.0018	5455.6151	-0.4	3.0	0.5301	0.0202	0.0001	0.0682	1.0073	60	0.000	55.800000	37.600000	183.80	55.780983	37.639221	175.3	11011
3	2023-04-25	16:30:09	5456.7106	3	0.0156	0.0020	5455.6153	-0.1	3.8	0.5297	0.0199	0.0002	0.0680	1.0073	60	0.000	55.800000	37.600000	183.80	55.780842	37.639240	179.1	11011
3	2023-04-25	16:31:09	5456.7102	3	0.0165	0.0021	5455.6151	-1.3	5.1	0.5188	0.0195	0.0004	0.0679	1.0073	60	0.000	55.800000	37.600000	183.80	55.780895	37.639179	173.5	11011
3	2023-04-25	16:32:09	5456.7098	3	0.0158	0.0020	5455.6151	-0.5	4.1	0.5279	0.0192	0.0002	0.0680	1.0073	60	0.000	55.800000	37.600000	183.80	55.780907	37.639278	174.8	11011
3	2023-04-25	16:33:09	5456.7102	3	0.0140	0.0018	5455.6161	-0.3	4.5	0.5280	0.0188	0.0003	0.0677	1.0073	60	0.000	55.800000	37.600000	183.80	55.781013	37.639095	173.1	11011
3	2023-04-25	16:34:09	5456.7102	3	0.0143	0.0018	5455.6164	0.2	4.8	0.5293	0.0184	0.0003	0.0677	1.0073	60	0.000	55.800000	37.600000	183.80	55.781067	37.639057	173.4	11011
3	2023-04-25	16:35:09	5456.7108	3	0.0131	0.0017	5455.6176	1.2	4.9	0.5255	0.0181	0.0002	0.0675	1.0073	60	0.000	55.800000	37.600000	183.80	55.780849	37.639297	173.6	11011
3	2023-04-25	16:36:09	5456.7098	3	0.0127	0.0016	5455.6171	1.7	4.6	0.5250	0.0177	0.0003	0.0674	1.0074	60	0.000	55.800000	37.600000	183.80	55.780876	37.639305	174.3	11011
3	2023-04-25	16:37:09	5456.7115	3	0.0184	0.0024	5455.6192	0.2	3.7	0.5274	0.0174	0.0002	0.0674	1.0074	60	0.000	55.800000	37.600000	183.80	55.781052	37.639496	177.1	11011
3	2023-04-25	16:38:09	5456.7105	3	0.0154	0.0020	5455.6187	-0.2	4.2	0.5255	0.0170	0.0002	0.0672	1.0074	60	0.000	55.800000	37.600000	183.80	55.780972	37.639370	177.5	11011
3	2023-04-25	16:39:09	5456.7115	3	0.0181	0.0023	5455.6198	-1.6	3.6	0.5205	0.0166	0.0003	0.0673	1.0074	60	0.000	55.800000	37.600000	183.80	55.780895	37.639278	177.7	11011
3	2023-04-25	16:40:09	5456.7107	3	0.0150	0.0019	5455.6197	-0.3	3.9	0.5192	0.0163	0.0002	0.0671	1.0074	60	0.000	55.800000	37.600000	183.80	55.781013	37.639236	177.5	11011
3	2023-04-25	16:41:09	5456.7107	3	0.0158	0.0020	5455.6201	-0.7	5.0	0.5255	0.0159	0.0003	0.0670	1.0074	60	0.000	55.800000	37.600000	183.80	55.781067	37.639107	177.0	11011
3	2023-04-25	16:42:09	5456.7107	3	0.0130	0.0017	5455.6205	-0.3	4.8	0.5229	0.0156	0.0003	0.0669	1.0074	60	0.000	55.800000	37.600000	183.80	55.780994	37.639362	176.9	11011
3	2023-04-25	16:43:09	5456.7117	3	0.0118	0.0015	5455.6219	-1.0	5.3	0.5204	0.0152	0.0004	0.0668	1.0074	60	0.000	55.800000	37.600000	183.80	55.780899	37.639332	175.9	11011
3	2023-04-25	16:44:09	5456.7105	3	0.0154	0.0020	5455.6211	-1.5	4.2	0.5109	0.0148	0.0002	0.0669	1.0074	60	0.000	55.800000	37.600000	183.80	55.780880	37.639164	175.0	11011
3	2023-04-25	16:45:09	5456.7110	3	0.0138	0.0018	5455.6221	-0.1	3.3	0.5139	0.0145	0.0001	0.0669	1.0074	60	0.000	55.800000	37.600000	183.80	55.780823	37.639076	179.4	11011
3	2023-04-25	16:46:09	5456.7096	3	0.0153	0.0020	5455.6209	-1.7	4.3	0.5138	0.0141	0.0002	0.0669	1.0075	60	0.000	55.800000	37.600000	183.80	55.780937	37.639027	184.9	11011
3	2023-04-25	16:47:09	5456.7119	3	0.0153	0.0020	5455.6237	-2.0	4.7	0.5188	0.0138	0.0002	0.0668	1.0075	60	0.000	55.800000	37.600000	183.80	55.780792	37.639000	187.5	11011
3	2023-04-25	16:48:09	5456.7104	3	0.0168	0.0022	5455.6228	-2.5	4.2	0.5141	0.0134	0.0003	0.0665	1.0075	60	0.000	55.800000	37.600000	183.80	55.780838	37.639202	185.5	11011
3	2023-04-25	16:49:09	5456.7106	3	0.0153	0.0020	5455.6233	-1.7	3.8	0.5139	0.0130	0.0002	0.0666	1.0075	60	0.000	55.800000	37.600000	183.80	55.780926	37.639221	182.2	11011
3	2023-04-25	16:50:09	5456.7114	3	0.0136	0.0018	5455.6245	-2.3	3.4	0.5198	0.0127	0.0002	0.0665	1.0075	60	0.000	55.800000	37.600000	183.80	55.780937	37.639198	182.2	11011
3	2023-04-25	16:51:09	5456.7109	3	0.0141	0.0018	5455.6243	-1.0	3.9	0.5168	0.0123	0.0002	0.0666	1.0075	60	0.000	55.800000	37.600000	183.80	55.780926	37.639343	183.3	11011
3	2023-04-25	16:52:09	5456.7118	3	0.0145	0.0019	5455.6255	-0.6	6.5	0.5087	0.0119	0.0005	0.0664	1.0075	60	0.000	55.800000	37.600000	183.80	55.780819	37.639160	183.7	11011
3	2023-04-25	16:53:09	5456.7126	3	0.0147	0.0019	5455.6265	-1.0	6.3	0.5122	0.0116	0.0005	0.0665	1.0075	60	0.000	55.800000	37.600000	183.80	55.780895	37.639370	182.7	11011
3	2023-04-25	16:54:09	5456.7127	3	0.0142	0.0018	5455.6271	-0.6	5.3	0.5168	0.0112	0.0004	0.0664	1.0075	60	0.000	55.800000	37.600000	183.80	55.780746	37.639183	184.1	11011
3	2023-04-25	16:55:09	5456.7118	3	0.0142	0.0018	5455.6265	-2.3	5.9	0.5129	0.0108	0.0005	0.0663	1.0075	60	0.000	55.800000	37.600000	183.80	55.780918	37.639236	187.0	11011
3	2023-04-25	16:56:09	5456.7095	3	0.0139	0.0018	5455.6243	-3.1	6.6	0.5215	0.0105	0.0007	0.0664	1.0076	60	0.000	55.800000	37.600000	183.80	55.780838	37.638790	189.2	11011
3	2023-04-25	16:57:09	5456.7106	3	0.0142	0.0018	5455.6261	-2.1	6.3	0.5136	0.0101	0.0006	0.0662	1.0076	60	0.000	55.800000	37.600000	183.80	55.781071	37.638702	182.2	11011
3	2023-04-25	16:58:09	5456.7104	3	0.0121	0.0016	5455.6265	-0.3	5.5	0.5124	0.0098	0.0003	0.0662	1.0076	60	0.000	55.800000	37.600000	183.80	55.781433	37.639122	181.5	11011
3	2023-04-25	16:59:09	5456.7119	3	0.0145	0.0019	5455.6282	-1.1	6.0	0.5157	0.0094	0.0005	0.0662	1.0076	60	0.000	55.800000	37.600000	183.80	55.780849	37.639297	179.4	11011
3	2023-04-25	17:00:09	5456.7117	3	0.0162	0.0021	5455.6285	-1.3	5.6	0.5164	0.0090	0.0005	0.0661	1.0076	60	0.000	55.800000	37.600000	183.80	55.780899	37.639305	180.5	11011
3	2023-04-25	17:01:09	5456.7110	3	0.0148	0.0019	5455.6281	-1.6	5.6	0.5129	0.0087	0.0005	0.0661	1.0076	60	0.000	55.800000	37.600000	183.80	55.780640	37.639278	177.7	11011
3	2023-04-25	17:02:09	5456.7117	3	0.0133	0.0017	5455.6293	-1.9	5.8	0.5159	0.0083	0.0004	0.0661	1.0076	60	0.000	55.800000	37.600000	183.80	55.780689	37.639446	178.7	11011
3	2023-04-25	17:03:09	5456.7110	3	0.0149	0.0019	5455.6290	-1.1	5.4	0.5182	0.0079	0.0004	0.0661	1.0076	60	0.000	55.800000	37.600000	183.80	55.781281	37.639370	180.8	11011
3	2023-04-25	17:04:09	5456.7113	3	0.0170	0.0022	5455.6295	-1.2	5.5	0.5122	0.0076	0.0004	0.0661	1.0076	60	0.000	55.800000	37.600000	183.80	55.781162	37.639217	179.8	11011
3	2023-04-25	17:05:09	5456.7108	3	0.0167	0.0022	5455.6295	-1.6	5.3	0.5144	0.0072	0.0004	0.0661	1.0076	60	0.000	55.800000	37.600000	183.80	55.781315	37.639202	180.6	11011
3	2023-04-25	17:06:09	5456.7118	3	0.0190	0.0025	5455.6308	-0.7	6.5	0.5139	0.0068	0.0005	0.0660	1.0077	60	0.000	55.800000	37.600000	183.80	55.780972	37.639183	179.5	11011
3	2023-04-25	17:07:09	5456.7111	3	0.0153	0.0020	5455.6304	-1.5	6.9	0.5093	0.0065	0.0006	0.0660	1.0077	60	0.000	55.800000	37.600000	183.80	55.780666	37.639351	179.4	11011
3	2023-04-25	17:08:09	5456.7114	3	0.0131	0.0017	5455.6311	-2.0	6.5	0.5149	0.0061	0.0005	0.0660	1.0077	60	0.000	55.800000	37.600000	183.80	55.780876	37.639439	180.0	11011
3	2023-04-25	17:09:09	5456.7098	3	0.0165	0.0021	5455.6299	-2.6	6.3	0.5136	0.0057	0.0005	0.0660	1.0077	60	0.000	55.800000	37.600000	183.80	55.780849	37.639351	183.7	11011
3	2023-04-25	17:10:09	5456.7131	3	0.0137	0.0018	5455.6333	-2.8	6.5	0.5088	0.0054	0.0007	0.0660	1.0077	60	0.000	55.800000	37.600000	183.80	55.780869	37.639259	186.3	11011
3	2023-04-25	17:11:09	5456.7118	3	0.0170	0.0022	5455.6324	-3.6	6.9	0.5066	0.0050	0.0008	0.0659	1.0077	60	0.000	55.800000	37.600000	183.80	55.781078	37.639107	186.0	11011
3	2023-04-25	17:12:09	5456.7108	3	0.0178	0.0023	5455.6321	-2.7	6.8	0.5107	0.0046	0.0006	0.0657	1.0077	60	0.000	55.800000	37.600000	183.80	55.780525	37.639305	185.8	11011
3	2023-04-25	17:13:09	5456.7110	3	0.0152	0.0020	5455.6326	-2.7	6.1	0.5199	0.0043	0.0006	0.0659	1.0077	60	0.000	55.800000	37.600000	183.80	55.780380	37.639355	187.2	11011
3	2023-04-25	17:14:09	5456.7124	3	0.0138	0.0018	5455.6342	-1.6	6.5	0.5146	0.0039	0.0005	0.0660	1.0077	60	0.000	55.800000	37.600000	183.80	55.780476	37.639160	185.7	11011
3	2023-04-25	17:15:09	5456.7104	3	0.0151	0.0020	5455.6326	-1.4	8.3	0.5096	0.0036	0.0008	0.0657	1.0077	60	0.000	55.800000	37.600000	183.80	55.780544	37.639210	185.9	11011
3	2023-04-25	17:16:09	5456.7129	3	0.0164	0.0021	5455.6352	-1.2	8.1	0.5074	0.0032	0.0009	0.0658	1.0078	60	0.000	55.800000	37.600000	183.80	55.780647	37.638912	185.9	11011
3	2023-04-25	17:17:09	5456.7124	3	0.0176	0.0023	5455.6355	-1.2	6.9	0.5091	0.0028	0.0005	0.0658	1.0078	60	0.000	55.800000	37.600000	183.80	55.780754	37.639790	185.8	11011
3	2023-04-25	17:18:09	5456.7115	3	0.0131	0.0017	5455.6351	-0.4	5.7	0.5155	0.0025	0.0004	0.0658	1.0078	60	0.000	55.800000	37.600000	183.80	55.781250	37.638954	186.4	11011
3	2023-04-25	17:19:09	5456.7109	3	0.0159	0.0021	5455.6346	-0.5	6.4	0.5069	0.0021	0.0006	0.0658	1.0078	60	0.000	55.800000	37.600000	183.80	55.780937	37.639221	186.3	11011
