
/	CG-5 SURVEY
/	Survey name:   	110a-ledv
/	Instrument S/N:	51265
/	Client:        	tsniigaik
/	Operator:      	iim
/	Date:          	2022/ 4/12
/	Time:          	05:39:59
/	LONG:        	37.5000000 E
/	LAT:         	55.8000000 N
/	ZONE:        	0       
/	GMT DIFF.:   	0.0 

/	CG-5 SETUP PARAMETERS
/	Gref:			0.000   
/	Gcal1:		8017.994
/	TiltxS:		646.306 
/	TiltyS:		739.919 
/	TiltxO:		-46.165 
/	TiltyO:		-37.934 
/	Tempco:		-0.137  
/	Drift:		0.875   
/	DriftTime Start:	05:43:25
/	DriftDate Start:	2022/04/12

/	CG-5 OPTIONS
/	Tide Correction:    YES
/	Cont. Tilt:          NO
/	Auto Rejection:     YES
/	Terrain Corr.:       NO
/	Seismic Filter:     YES
/	Raw Data:           YES
Line	  14.000N
/------LINE-----STATION-----ALT.------GRAV.---SD.--TILTX--TILTY-TEMP---TIDE---DUR-REJ-----TIME----DEC.TIME+DATE--TERRAIN---DATE
14.0000000  12.0000000   30.0779   6186.129 0.087   -3.3   -1.7 -0.38 -0.055  55   5 05:53:43     44631.24524    0.0000  2022/04/12
14.0000000  12.0000000   30.3221   6186.133 0.079   -3.4   -2.0 -0.38 -0.055  55   0 05:54:48     44631.24599    0.0000  2022/04/12
14.0000000  12.0000000   30.3221   6186.132 0.055   -3.6   -2.2 -0.38 -0.055  55   0 05:55:48     44631.24669    0.0000  2022/04/12
14.0000000  12.0000000   30.3221   6186.136 0.053   -4.0   -2.1 -0.38 -0.055  55   2 05:56:48     44631.24738    0.0000  2022/04/12
14.0000000  12.0000000   30.3221   6186.132 0.056   -4.3   -2.3 -0.39 -0.055  55   0 05:57:48     44631.24807    0.0000  2022/04/12
14.0000000  12.0000000   30.3221   6186.130 0.056   -4.5   -2.4 -0.39 -0.054  55   0 05:58:48     44631.24877    0.0000  2022/04/12
14.0000000  12.0000000   30.3221   6186.132 0.046   -4.8   -2.6 -0.40 -0.054  55   0 05:59:48     44631.24946    0.0000  2022/04/12
14.0000000  12.0000000   30.3221   6186.130 0.047   -5.1   -2.6 -0.40 -0.054  55   0 06:00:48     44631.25015    0.0000  2022/04/12
14.0000000  12.0000000   30.3221   6186.131 0.054   -5.2   -2.7 -0.41 -0.054  55   0 06:01:48     44631.25085    0.0000  2022/04/12
14.0000000  12.0000000   30.3221   6186.132 0.036   -5.3   -2.8 -0.41 -0.054  55   0 06:02:48     44631.25154    0.0000  2022/04/12
14.0000000  12.0000000   30.3221   6186.131 0.064   -5.3   -2.9 -0.42 -0.054  55   0 06:03:48     44631.25223    0.0000  2022/04/12
14.0000000  12.0000000   30.3221   6186.133 0.047   -5.3   -3.0 -0.42 -0.053  55   0 06:04:48     44631.25293    0.0000  2022/04/12
14.0000000  12.0000000   30.3221   6186.131 0.054   -5.4   -3.1 -0.43 -0.053  55   0 06:05:48     44631.25362    0.0000  2022/04/12
14.0000000  12.0000000   30.3221   6186.131 0.053   -5.5   -3.3 -0.43 -0.053  55   1 06:06:48     44631.25431    0.0000  2022/04/12
14.0000000  12.0000000   30.3221   6186.130 0.056   -5.5   -3.3 -0.43 -0.053  55   1 06:07:48     44631.25501    0.0000  2022/04/12
14.0000000  12.0000000   30.3221   6186.131 0.057   -5.5   -3.5 -0.44 -0.053  55   0 06:08:48     44631.25570    0.0000  2022/04/12
14.0000000  12.0000000   30.3221   6186.131 0.060   -5.5   -3.6 -0.44 -0.053  55   0 06:09:48     44631.25639    0.0000  2022/04/12
14.0000000  12.0000000   30.3221   6186.131 0.050   -5.6   -3.7 -0.44 -0.053  55   2 06:10:48     44631.25709    0.0000  2022/04/12
14.0000000  12.0000000   30.3221   6186.131 0.090   -5.7   -3.6 -0.45 -0.052  55   0 06:11:48     44631.25778    0.0000  2022/04/12
14.0000000  12.0000000   30.3221   6186.133 0.061   -5.6   -3.8 -0.45 -0.052  55   0 06:12:48     44631.25847    0.0000  2022/04/12
14.0000000  12.0000000   30.3221   6186.132 0.047   -5.6   -3.8 -0.45 -0.052  55   1 06:13:48     44631.25917    0.0000  2022/04/12
14.0000000  12.0000000   30.3221   6186.131 0.044   -5.6   -3.9 -0.45 -0.052  55   0 06:14:48     44631.25986    0.0000  2022/04/12
14.0000000  12.0000000   30.3221   6186.131 0.049   -5.6   -3.8 -0.45 -0.052  55   0 06:15:48     44631.26055    0.0000  2022/04/12
14.0000000  12.0000000   30.3221   6186.130 0.050   -5.7   -3.8 -0.45 -0.052  55   0 06:16:48     44631.26125    0.0000  2022/04/12
14.0000000  12.0000000   30.3221   6186.130 0.071   -5.7   -4.0 -0.45 -0.051  55   2 06:17:48     44631.26194    0.0000  2022/04/12
14.0000000  12.0000000   30.3221   6186.132 0.044   -5.7   -4.1 -0.46 -0.051  55   0 06:18:48     44631.26263    0.0000  2022/04/12
14.0000000  12.0000000   30.5662   6186.133 0.056   -5.7   -4.2 -0.46 -0.051  55   0 06:19:48     44631.26333    0.0000  2022/04/12
14.0000000  12.0000000   30.3221   6186.131 0.046   -5.7   -4.1 -0.46 -0.051  55   0 06:20:48     44631.26402    0.0000  2022/04/12
14.0000000  12.0000000   30.3221   6186.131 0.051   -5.8   -4.3 -0.46 -0.051  55   0 06:21:48     44631.26471    0.0000  2022/04/12
14.0000000  12.0000000   30.3221   6186.130 0.059   -5.8   -4.4 -0.46 -0.051  55   0 06:22:48     44631.26541    0.0000  2022/04/12
14.0000000  12.0000000   30.3221   6186.131 0.061   -5.8   -4.4 -0.46 -0.051  55   0 06:23:48     44631.26610    0.0000  2022/04/12
14.0000000  12.0000000   30.3221   6186.130 0.060   -5.8   -4.5 -0.46 -0.050  55   0 06:24:48     44631.26679    0.0000  2022/04/12
14.0000000  12.0000000   30.3221   6186.131 0.049   -5.8   -4.6 -0.46 -0.050  55   0 06:25:48     44631.26749    0.0000  2022/04/12
14.0000000  12.0000000   30.3221   6186.130 0.054   -5.7   -4.7 -0.46 -0.050  55   0 06:26:48     44631.26818    0.0000  2022/04/12
14.0000000  12.0000000   30.3221   6186.132 0.051   -5.8   -4.8 -0.46 -0.050  55   0 06:27:48     44631.26887    0.0000  2022/04/12
14.0000000  12.0000000   30.3221   6186.132 0.065   -5.8   -4.9 -0.46 -0.050  55   0 06:28:48     44631.26957    0.0000  2022/04/12
14.0000000  12.0000000   30.3221   6186.131 0.047   -5.9   -5.0 -0.46 -0.050  55   0 06:29:48     44631.27026    0.0000  2022/04/12
14.0000000  12.0000000   30.5662   6186.130 0.054   -5.8   -5.1 -0.46 -0.050  55   0 06:30:48     44631.27095    0.0000  2022/04/12
14.0000000  12.0000000   30.3221   6186.130 0.062   -5.9   -5.1 -0.46 -0.049  55   0 06:31:48     44631.27165    0.0000  2022/04/12
14.0000000  12.0000000   30.3221   6186.131 0.056   -5.9   -5.3 -0.46 -0.049  55   0 06:32:48     44631.27234    0.0000  2022/04/12
14.0000000  12.0000000   30.3221   6186.131 0.078   -6.0   -5.4 -0.46 -0.049  55   0 06:33:48     44631.27303    0.0000  2022/04/12
14.0000000  12.0000000   30.5662   6186.132 0.088   -5.9   -5.4 -0.46 -0.049  55   0 06:34:48     44631.27373    0.0000  2022/04/12
14.0000000  12.0000000   30.3221   6186.129 0.064   -6.0   -5.5 -0.46 -0.049  55   0 06:35:48     44631.27442    0.0000  2022/04/12
14.0000000  12.0000000   30.5662   6186.131 0.049   -6.1   -5.6 -0.46 -0.049  55   0 06:36:48     44631.27511    0.0000  2022/04/12
14.0000000  12.0000000   30.3221   6186.130 0.049   -6.0   -5.8 -0.46 -0.049  55   0 06:37:48     44631.27581    0.0000  2022/04/12
14.0000000  12.0000000   30.3221   6186.131 0.080   -6.0   -5.9 -0.46 -0.048  55   0 06:38:48     44631.27650    0.0000  2022/04/12
14.0000000  12.0000000   30.3221   6186.131 0.049   -6.0   -5.9 -0.46 -0.048  55   0 06:39:48     44631.27719    0.0000  2022/04/12
14.0000000  12.0000000   30.3221   6186.130 0.059   -6.0   -6.1 -0.46 -0.048  55   0 06:40:48     44631.27789    0.0000  2022/04/12
14.0000000  12.0000000   30.5662   6186.131 0.058   -6.0   -6.1 -0.46 -0.048  55   0 06:41:48     44631.27858    0.0000  2022/04/12
14.0000000  12.0000000   30.3221   6186.131 0.063   -6.1   -6.3 -0.46 -0.048  55   0 06:42:48     44631.27927    0.0000  2022/04/12
14.0000000  12.0000000   30.3221   6186.131 0.047   -6.0   -6.3 -0.46 -0.048  55   0 06:43:48     44631.27997    0.0000  2022/04/12
14.0000000  12.0000000   30.3221   6186.131 0.056   -6.0   -6.5 -0.46 -0.048  55   0 06:44:48     44631.28066    0.0000  2022/04/12
14.0000000  12.0000000   30.5662   6186.130 0.058   -6.0   -6.6 -0.46 -0.048  55   0 06:45:48     44631.28135    0.0000  2022/04/12
14.0000000  12.0000000   30.5662   6186.132 0.053   -6.0   -6.7 -0.46 -0.047  55   0 06:46:48     44631.28205    0.0000  2022/04/12
14.0000000  12.0000000   30.5662   6186.125 0.081   -6.1   -6.9 -0.46 -0.047  55   1 06:47:48     44631.28274    0.0000  2022/04/12
14.0000000  12.0000000   30.5662   6186.131 0.045   -6.1   -7.0 -0.46 -0.047  55   0 06:48:48     44631.28343    0.0000  2022/04/12
14.0000000  12.0000000   30.5662   6186.128 0.067   -6.1   -7.0 -0.46 -0.047  55   1 06:49:48     44631.28413    0.0000  2022/04/12
14.0000000  12.0000000   30.5662   6186.130 0.046   -6.1   -7.2 -0.46 -0.047  55   0 06:50:48     44631.28482    0.0000  2022/04/12
14.0000000  12.0000000   30.5662   6186.129 0.043   -6.1   -7.3 -0.46 -0.047  55   0 06:51:48     44631.28551    0.0000  2022/04/12
14.0000000  12.0000000   29.3455   6186.131 0.045   -6.2   -7.4 -0.46 -0.047  55   0 06:52:49     44631.28622    0.0000  2022/04/12
14.0000000  42.0000000   31.7869   6166.516 0.101   -0.5    0.4 -0.24 -0.042  55   4 08:15:39     44631.34365    0.0000  2022/04/12
14.0000000  42.0000000   31.5428   6166.518 0.060   -0.1    0.4 -0.26 -0.042  55   0 08:16:44     44631.34440    0.0000  2022/04/12
14.0000000  42.0000000   31.7869   6166.517 0.087    0.1    0.5 -0.27 -0.042  55   0 08:17:44     44631.34510    0.0000  2022/04/12
14.0000000  42.0000000   31.7869   6166.518 0.042    0.3    0.6 -0.29 -0.042  55   0 08:18:44     44631.34579    0.0000  2022/04/12
14.0000000  42.0000000   31.5428   6166.517 0.046    0.5    0.7 -0.30 -0.042  55   0 08:19:44     44631.34648    0.0000  2022/04/12
14.0000000  42.0000000   31.5428   6166.518 0.070    0.7    0.8 -0.32 -0.042  55   0 08:20:44     44631.34718    0.0000  2022/04/12
14.0000000  42.0000000   31.5428   6166.515 0.059    0.8    0.9 -0.33 -0.042  55   0 08:21:44     44631.34787    0.0000  2022/04/12
14.0000000  42.0000000   31.5428   6166.517 0.049    0.9    0.9 -0.34 -0.042  55   0 08:22:44     44631.34856    0.0000  2022/04/12
14.0000000  42.0000000   31.5428   6166.516 0.038    0.9    1.0 -0.35 -0.042  55   0 08:23:44     44631.34926    0.0000  2022/04/12
14.0000000  42.0000000   31.7869   6166.519 0.037    1.0    0.9 -0.37 -0.042  55   0 08:24:44     44631.34995    0.0000  2022/04/12
14.0000000  42.0000000   31.2986   6166.516 0.038    1.1    1.0 -0.38 -0.042  55   0 08:25:44     44631.35064    0.0000  2022/04/12
14.0000000  42.0000000   31.2986   6166.516 0.036    1.1    1.0 -0.38 -0.042  55   0 08:26:44     44631.35134    0.0000  2022/04/12
14.0000000  42.0000000   31.2986   6166.517 0.031    1.2    1.0 -0.39 -0.042  55   0 08:27:44     44631.35203    0.0000  2022/04/12
14.0000000  42.0000000   31.2986   6166.516 0.030    1.2    0.9 -0.40 -0.042  55   0 08:28:44     44631.35272    0.0000  2022/04/12
14.0000000  42.0000000   31.2986   6166.516 0.030    1.3    0.9 -0.41 -0.042  55   0 08:29:44     44631.35342    0.0000  2022/04/12
14.0000000  42.0000000   31.2986   6166.515 0.041    1.3    0.8 -0.41 -0.042  55   0 08:30:44     44631.35411    0.0000  2022/04/12
14.0000000  42.0000000   31.0545   6166.516 0.059    1.4    0.8 -0.42 -0.042  55   0 08:31:44     44631.35480    0.0000  2022/04/12
14.0000000  42.0000000   31.0545   6166.515 0.036    1.4    0.7 -0.42 -0.042  55   0 08:32:44     44631.35550    0.0000  2022/04/12
14.0000000  42.0000000   31.0545   6166.516 0.049    1.4    0.6 -0.43 -0.043  55   0 08:33:44     44631.35619    0.0000  2022/04/12
14.0000000  42.0000000   31.0545   6166.516 0.029    1.4    0.5 -0.43 -0.043  55   0 08:34:44     44631.35688    0.0000  2022/04/12
14.0000000  42.0000000   31.0545   6166.516 0.034    1.4    0.4 -0.44 -0.043  55   0 08:35:44     44631.35758    0.0000  2022/04/12
14.0000000  42.0000000   30.8103   6166.516 0.073    1.4    0.4 -0.44 -0.043  55   0 08:36:44     44631.35827    0.0000  2022/04/12
14.0000000  42.0000000   30.8103   6166.516 0.114    1.5    0.3 -0.44 -0.043  55   0 08:37:44     44631.35896    0.0000  2022/04/12
14.0000000  42.0000000   30.8103   6166.515 0.067    1.4    0.2 -0.44 -0.043  55   0 08:38:44     44631.35966    0.0000  2022/04/12
14.0000000  42.0000000   30.8103   6166.517 0.028    1.4    0.1 -0.45 -0.043  55   1 08:39:44     44631.36035    0.0000  2022/04/12
14.0000000  42.0000000   30.8103   6166.516 0.035    1.4    0.0 -0.45 -0.043  55   0 08:40:44     44631.36104    0.0000  2022/04/12
14.0000000  42.0000000   30.8103   6166.517 0.032    1.5    0.0 -0.45 -0.043  55   0 08:41:44     44631.36174    0.0000  2022/04/12
14.0000000  42.0000000   30.8103   6166.516 0.033    1.4   -0.1 -0.45 -0.043  55   0 08:42:44     44631.36243    0.0000  2022/04/12
14.0000000  42.0000000   30.8103   6166.516 0.035    1.4   -0.2 -0.46 -0.043  55   0 08:43:44     44631.36312    0.0000  2022/04/12
14.0000000  42.0000000   30.8103   6166.516 0.031    1.4   -0.3 -0.46 -0.043  55   0 08:44:44     44631.36382    0.0000  2022/04/12
14.0000000  42.0000000   30.8103   6166.515 0.031    1.4   -0.3 -0.46 -0.043  55   0 08:45:44     44631.36451    0.0000  2022/04/12
14.0000000  42.0000000   30.5662   6166.517 0.032    1.4   -0.4 -0.46 -0.043  55   0 08:46:44     44631.36520    0.0000  2022/04/12
14.0000000  42.0000000   30.5662   6166.516 0.040    1.4   -0.6 -0.46 -0.043  55   0 08:47:44     44631.36590    0.0000  2022/04/12
14.0000000  42.0000000   30.5662   6166.516 0.033    1.3   -0.7 -0.46 -0.043  55   0 08:48:44     44631.36659    0.0000  2022/04/12
14.0000000  42.0000000   30.5662   6166.516 0.035    1.4   -0.8 -0.46 -0.043  55   0 08:49:44     44631.36728    0.0000  2022/04/12
14.0000000  42.0000000   30.5662   6166.516 0.034    1.4   -0.9 -0.46 -0.043  55   0 08:50:44     44631.36798    0.0000  2022/04/12
14.0000000  42.0000000   30.5662   6166.516 0.034    1.4   -1.0 -0.46 -0.043  55   0 08:51:44     44631.36867    0.0000  2022/04/12
14.0000000  42.0000000   30.5662   6166.516 0.040    1.3   -1.1 -0.46 -0.043  55   0 08:52:44     44631.36936    0.0000  2022/04/12
14.0000000  42.0000000   30.5662   6166.516 0.042    1.4   -1.2 -0.47 -0.043  55   0 08:53:44     44631.37006    0.0000  2022/04/12
14.0000000  42.0000000   30.3221   6166.517 0.035    1.3   -1.2 -0.47 -0.043  55   1 08:54:44     44631.37075    0.0000  2022/04/12
14.0000000  42.0000000   30.3221   6166.511 0.061    1.4   -1.4 -0.47 -0.043  55   2 08:55:44     44631.37144    0.0000  2022/04/12
14.0000000  42.0000000   30.3221   6166.515 0.106    1.3   -1.4 -0.47 -0.043  55   0 08:56:44     44631.37214    0.0000  2022/04/12
14.0000000  42.0000000   30.5662   6166.516 0.073    1.3   -1.5 -0.47 -0.043  55   6 08:57:44     44631.37283    0.0000  2022/04/12
14.0000000  42.0000000   30.5662   6166.512 0.040    1.3   -1.6 -0.47 -0.043  55   2 08:58:44     44631.37352    0.0000  2022/04/12
14.0000000  42.0000000   30.5662   6166.516 0.122    1.4   -1.8 -0.47 -0.043  55   0 08:59:44     44631.37422    0.0000  2022/04/12
14.0000000  42.0000000   30.5662   6166.516 0.053    1.3   -1.9 -0.47 -0.044  55   1 09:00:44     44631.37491    0.0000  2022/04/12
14.0000000  42.0000000   30.3221   6166.516 0.033    1.3   -1.9 -0.47 -0.044  55   0 09:01:44     44631.37560    0.0000  2022/04/12
14.0000000  42.0000000   30.3221   6166.516 0.043    1.3   -2.0 -0.47 -0.044  55   0 09:02:44     44631.37630    0.0000  2022/04/12
14.0000000  42.0000000   30.3221   6166.515 0.034    1.3   -2.2 -0.47 -0.044  55   0 09:03:44     44631.37699    0.0000  2022/04/12
14.0000000  42.0000000   30.3221   6166.516 0.031    1.3   -2.2 -0.47 -0.044  55   0 09:04:44     44631.37768    0.0000  2022/04/12
14.0000000  42.0000000   30.3221   6166.515 0.030    1.2   -2.3 -0.47 -0.044  55   0 09:05:44     44631.37838    0.0000  2022/04/12
14.0000000  42.0000000   30.3221   6166.516 0.030    1.3   -2.4 -0.47 -0.044  55   0 09:06:44     44631.37907    0.0000  2022/04/12
14.0000000  42.0000000   30.3221   6166.516 0.034    1.3   -2.6 -0.47 -0.044  55   0 09:07:44     44631.37976    0.0000  2022/04/12
14.0000000  42.0000000   30.3221   6166.515 0.023    1.2   -2.7 -0.47 -0.044  55   1 09:08:44     44631.38046    0.0000  2022/04/12
14.0000000  42.0000000   30.3221   6166.516 0.034    1.2   -2.7 -0.47 -0.044  55   0 09:09:44     44631.38115    0.0000  2022/04/12
14.0000000  42.0000000   30.3221   6166.516 0.027    1.2   -2.9 -0.47 -0.044  55   0 09:10:44     44631.38184    0.0000  2022/04/12
14.0000000  42.0000000   30.3221   6166.515 0.032    1.2   -3.0 -0.47 -0.044  55   0 09:11:44     44631.38254    0.0000  2022/04/12
14.0000000  42.0000000   30.3221   6166.516 0.029    1.2   -3.1 -0.47 -0.044  55   0 09:12:44     44631.38323    0.0000  2022/04/12
14.0000000  42.0000000   30.3221   6166.517 0.041    1.2   -3.1 -0.47 -0.044  55   0 09:13:44     44631.38392    0.0000  2022/04/12
14.0000000  42.0000000   29.3455   6166.514 0.032    1.2   -3.2 -0.47 -0.044  55   0 09:14:45     44631.38463    0.0000  2022/04/12
14.0000000  12.0000000   33.2517   6186.121 0.058    0.5    0.1 -0.06 -0.052  55   2 10:45:07     44631.44728    0.0000  2022/04/12
14.0000000  12.0000000   33.2517   6186.120 0.042    0.9   -0.2 -0.07 -0.052  55   0 10:46:12     44631.44803    0.0000  2022/04/12
14.0000000  12.0000000   33.2517   6186.119 0.044    1.2   -0.6 -0.09 -0.052  55   0 10:47:12     44631.44873    0.0000  2022/04/12
14.0000000  12.0000000   33.2517   6186.118 0.045    1.4   -0.8 -0.11 -0.052  55   0 10:48:12     44631.44942    0.0000  2022/04/12
14.0000000  12.0000000   33.0076   6186.118 0.046    1.4   -0.9 -0.13 -0.052  55   0 10:49:12     44631.45011    0.0000  2022/04/12
14.0000000  12.0000000   33.0076   6186.117 0.041    1.4   -1.0 -0.15 -0.052  55   0 10:50:12     44631.45081    0.0000  2022/04/12
14.0000000  12.0000000   33.0076   6186.118 0.048    1.2   -1.1 -0.18 -0.052  55   0 10:51:12     44631.45150    0.0000  2022/04/12
14.0000000  12.0000000   33.0076   6186.116 0.040    1.1   -1.3 -0.20 -0.052  55   1 10:52:12     44631.45219    0.0000  2022/04/12
14.0000000  12.0000000   32.7635   6186.117 0.061    0.9   -1.6 -0.22 -0.052  55   0 10:53:12     44631.45289    0.0000  2022/04/12
14.0000000  12.0000000   32.7635   6186.116 0.049    0.5   -1.8 -0.25 -0.052  55   0 10:54:12     44631.45358    0.0000  2022/04/12
14.0000000  12.0000000   32.7635   6186.115 0.047    0.4   -1.9 -0.27 -0.052  55   0 10:55:12     44631.45427    0.0000  2022/04/12
14.0000000  12.0000000   32.5193   6186.116 0.086    0.3   -2.1 -0.28 -0.052  55   0 10:56:12     44631.45497    0.0000  2022/04/12
14.0000000  12.0000000   32.5193   6186.116 0.059    0.0   -2.4 -0.30 -0.052  55   0 10:57:12     44631.45566    0.0000  2022/04/12
14.0000000  12.0000000   32.5193   6186.112 0.098   -0.1   -2.4 -0.32 -0.052  55   1 10:58:12     44631.45635    0.0000  2022/04/12
14.0000000  12.0000000   32.5193   6186.115 0.059   -0.4   -2.6 -0.33 -0.053  55   1 10:59:12     44631.45705    0.0000  2022/04/12
14.0000000  12.0000000   32.2752   6186.116 0.089   -0.6   -2.6 -0.35 -0.053  55   0 11:00:12     44631.45774    0.0000  2022/04/12
14.0000000  12.0000000   32.2752   6186.117 0.068   -0.8   -2.8 -0.36 -0.053  55   0 11:01:12     44631.45843    0.0000  2022/04/12
14.0000000  12.0000000   32.2752   6186.118 0.049   -0.9   -3.1 -0.37 -0.053  55   0 11:02:12     44631.45913    0.0000  2022/04/12
14.0000000  12.0000000   32.2752   6186.117 0.067   -1.1   -3.2 -0.38 -0.053  55   0 11:03:12     44631.45982    0.0000  2022/04/12
14.0000000  12.0000000   32.0310   6186.116 0.052   -1.2   -3.3 -0.39 -0.053  55   0 11:04:12     44631.46051    0.0000  2022/04/12
14.0000000  12.0000000   32.0310   6186.113 0.084   -1.4   -3.5 -0.40 -0.053  55   3 11:05:12     44631.46121    0.0000  2022/04/12
14.0000000  12.0000000   32.0310   6186.116 0.044   -1.5   -3.8 -0.40 -0.053  55   0 11:06:12     44631.46190    0.0000  2022/04/12
14.0000000  12.0000000   32.0310   6186.116 0.049   -1.7   -3.9 -0.41 -0.053  55   0 11:07:12     44631.46259    0.0000  2022/04/12
14.0000000  12.0000000   31.7869   6186.115 0.058   -1.8   -4.1 -0.42 -0.053  55   0 11:08:12     44631.46329    0.0000  2022/04/12
14.0000000  12.0000000   31.7869   6186.117 0.043   -1.9   -4.3 -0.42 -0.053  55   1 11:09:12     44631.46398    0.0000  2022/04/12
14.0000000  12.0000000   32.0310   6186.118 0.049   -2.0   -4.4 -0.43 -0.053  55   0 11:10:12     44631.46467    0.0000  2022/04/12
14.0000000  12.0000000   31.7869   6186.118 0.047   -2.2   -4.5 -0.43 -0.053  55   0 11:11:12     44631.46537    0.0000  2022/04/12
14.0000000  12.0000000   31.7869   6186.113 0.120   -2.4   -4.6 -0.43 -0.053  55   1 11:12:12     44631.46606    0.0000  2022/04/12
14.0000000  12.0000000   31.7869   6186.119 0.049   -2.6   -4.9 -0.44 -0.053  55   0 11:13:12     44631.46675    0.0000  2022/04/12
14.0000000  12.0000000   31.5428   6186.116 0.066   -2.7   -4.9 -0.44 -0.053  55   0 11:14:12     44631.46745    0.0000  2022/04/12
14.0000000  12.0000000   32.0310   6186.117 0.044   -2.8   -5.0 -0.44 -0.054  55   3 11:15:12     44631.46814    0.0000  2022/04/12
14.0000000  12.0000000   31.5428   6186.116 0.054   -3.0   -5.2 -0.45 -0.054  55   0 11:16:12     44631.46883    0.0000  2022/04/12
14.0000000  12.0000000   31.7869   6186.121 0.111   -3.0   -5.3 -0.45 -0.054  55   9 11:17:12     44631.46953    0.0000  2022/04/12
14.0000000  12.0000000   31.5428   6186.116 0.065   -3.2   -5.6 -0.45 -0.054  55   0 11:18:12     44631.47022    0.0000  2022/04/12
14.0000000  12.0000000   31.5428   6186.118 0.083   -3.3   -5.7 -0.45 -0.054  55   0 11:19:12     44631.47091    0.0000  2022/04/12
14.0000000  12.0000000   31.5428   6186.117 0.055   -3.5   -5.8 -0.46 -0.054  55   0 11:20:12     44631.47161    0.0000  2022/04/12
14.0000000  12.0000000   31.5428   6186.116 0.064   -3.4   -6.0 -0.46 -0.054  55   0 11:21:12     44631.47230    0.0000  2022/04/12
14.0000000  12.0000000   31.5428   6186.116 0.066   -3.6   -6.1 -0.46 -0.054  55   0 11:22:12     44631.47299    0.0000  2022/04/12
14.0000000  12.0000000   31.2986   6186.117 0.048   -3.7   -6.3 -0.46 -0.054  55   0 11:23:12     44631.47369    0.0000  2022/04/12
14.0000000  12.0000000   31.5428   6186.116 0.049   -3.9   -6.4 -0.46 -0.054  55   0 11:24:12     44631.47438    0.0000  2022/04/12
14.0000000  12.0000000   31.5428   6186.116 0.060   -4.1   -6.5 -0.46 -0.054  55   2 11:25:12     44631.47507    0.0000  2022/04/12
14.0000000  12.0000000   31.2986   6186.118 0.071   -4.1   -6.7 -0.46 -0.054  55   1 11:26:12     44631.47577    0.0000  2022/04/12
14.0000000  12.0000000   31.2986   6186.116 0.113   -4.0   -7.0 -0.46 -0.054  55   2 11:27:12     44631.47646    0.0000  2022/04/12
14.0000000  12.0000000   31.2986   6186.116 0.053   -4.2   -6.9 -0.47 -0.054  55   0 11:28:12     44631.47715    0.0000  2022/04/12
14.0000000  12.0000000   31.2986   6186.118 0.042   -4.3   -7.1 -0.47 -0.054  55   0 11:29:12     44631.47785    0.0000  2022/04/12
14.0000000  12.0000000   31.2986   6186.116 0.074   -4.4   -7.2 -0.47 -0.054  55   1 11:30:12     44631.47854    0.0000  2022/04/12
14.0000000  12.0000000   31.2986   6186.118 0.054   -4.6   -7.4 -0.47 -0.054  55   0 11:31:12     44631.47923    0.0000  2022/04/12
14.0000000  12.0000000   31.2986   6186.117 0.063   -4.7   -7.5 -0.47 -0.054  55   0 11:32:12     44631.47993    0.0000  2022/04/12
14.0000000  12.0000000   31.2986   6186.116 0.053   -4.8   -7.6 -0.47 -0.054  55   0 11:33:12     44631.48062    0.0000  2022/04/12
14.0000000  12.0000000   31.2986   6186.117 0.051   -4.9   -7.7 -0.47 -0.054  55   0 11:34:12     44631.48131    0.0000  2022/04/12
14.0000000  12.0000000   31.0545   6186.117 0.049   -5.0   -7.8 -0.47 -0.054  55   0 11:35:12     44631.48201    0.0000  2022/04/12
14.0000000  12.0000000   31.0545   6186.116 0.060   -5.1   -8.0 -0.47 -0.054  55   0 11:36:12     44631.48270    0.0000  2022/04/12
14.0000000  12.0000000   31.0545   6186.117 0.052   -5.2   -8.1 -0.47 -0.055  55   0 11:37:12     44631.48339    0.0000  2022/04/12
14.0000000  12.0000000   31.2986   6186.117 0.057   -5.3   -8.3 -0.47 -0.055  55   0 11:38:12     44631.48409    0.0000  2022/04/12
14.0000000  12.0000000   31.0545   6186.117 0.049   -5.3   -8.4 -0.47 -0.055  55   0 11:39:12     44631.48478    0.0000  2022/04/12
14.0000000  12.0000000   31.0545   6186.117 0.042   -5.3   -8.6 -0.47 -0.055  55   0 11:40:12     44631.48547    0.0000  2022/04/12
14.0000000  12.0000000   31.0545   6186.115 0.047   -5.3   -8.6 -0.47 -0.055  55   0 11:41:12     44631.48617    0.0000  2022/04/12
14.0000000  12.0000000   31.0545   6186.115 0.051   -5.4   -8.6 -0.47 -0.055  55   0 11:42:12     44631.48686    0.0000  2022/04/12
14.0000000  12.0000000   31.0545   6186.116 0.054   -5.5   -8.9 -0.47 -0.055  55   0 11:43:12     44631.48755    0.0000  2022/04/12
14.0000000  12.0000000   29.8338   6186.116 0.047   -5.5   -8.9 -0.47 -0.055  55   0 11:44:13     44631.48826    0.0000  2022/04/12