
/	CG-5 SURVEY
/	Survey name:   	110a-ledv
/	Instrument S/N:	40443
/	Client:        	tsniigaik
/	Operator:      	epr
/	Date:          	2022/ 4/12
/	Time:          	05:39:29
/	LONG:        	37.5000000 E
/	LAT:         	55.8000000 N
/	ZONE:        	0       
/	GMT DIFF.:   	0.0 

/	CG-5 SETUP PARAMETERS
/	Gref:			0.000   
/	Gcal1:		8444.126
/	TiltxS:		621.286 
/	TiltyS:		641.192 
/	TiltxO:		-39.915 
/	TiltyO:		6.881   
/	Tempco:		-0.130  
/	Drift:		0.743   
/	DriftTime Start:	05:40:13
/	DriftDate Start:	2022/04/12

/	CG-5 OPTIONS
/	Tide Correction:    YES
/	Cont. Tilt:          NO
/	Auto Rejection:     YES
/	Terrain Corr.:       NO
/	Seismic Filter:     YES
/	Raw Data:           YES
Line	  14.000N
/------LINE-----STATION-----ALT.------GRAV.---SD.--TILTX--TILTY-TEMP---TIDE---DUR-REJ-----TIME----DEC.TIME+DATE--TERRAIN---DATE
14.0000000  14.0000000   28.3689   6841.500 0.143   -2.3    0.0 -2.11 -0.055  55   5 05:53:44     44631.24526    0.0000  2022/04/12
14.0000000  14.0000000   28.3689   6841.515 0.095   -2.6   -0.3 -2.10 -0.055  55   0 05:54:49     44631.24601    0.0000  2022/04/12
14.0000000  14.0000000   28.6131   6841.514 0.068   -2.8   -0.6 -2.10 -0.055  55   0 05:55:49     44631.24670    0.0000  2022/04/12
14.0000000  14.0000000   28.6131   6841.519 0.071   -3.0   -0.8 -2.10 -0.055  55   1 05:56:49     44631.24739    0.0000  2022/04/12
14.0000000  14.0000000   28.6131   6841.514 0.067   -3.1   -1.0 -2.11 -0.055  55   0 05:57:49     44631.24809    0.0000  2022/04/12
14.0000000  14.0000000   28.6131   6841.514 0.065   -3.3   -1.0 -2.11 -0.054  55   0 05:58:49     44631.24878    0.0000  2022/04/12
14.0000000  14.0000000   28.6131   6841.513 0.057   -3.4   -1.2 -2.12 -0.054  55   0 05:59:49     44631.24947    0.0000  2022/04/12
14.0000000  14.0000000   28.6131   6841.513 0.052   -3.6   -1.5 -2.13 -0.054  55   0 06:00:49     44631.25017    0.0000  2022/04/12
14.0000000  14.0000000   28.6131   6841.513 0.064   -3.6   -1.5 -2.13 -0.054  55   0 06:01:49     44631.25086    0.0000  2022/04/12
14.0000000  14.0000000   28.6131   6841.513 0.044   -3.7   -1.7 -2.14 -0.054  55   2 06:02:49     44631.25155    0.0000  2022/04/12
14.0000000  14.0000000   28.6131   6841.512 0.080   -3.8   -1.8 -2.14 -0.054  55   0 06:03:49     44631.25225    0.0000  2022/04/12
14.0000000  14.0000000   28.6131   6841.512 0.053   -3.9   -1.9 -2.15 -0.053  55   0 06:04:49     44631.25294    0.0000  2022/04/12
14.0000000  14.0000000   28.6131   6841.511 0.064   -3.9   -1.9 -2.15 -0.053  55   0 06:05:49     44631.25363    0.0000  2022/04/12
14.0000000  14.0000000   28.6131   6841.514 0.068   -4.0   -2.1 -2.16 -0.053  55   1 06:06:49     44631.25433    0.0000  2022/04/12
14.0000000  14.0000000   28.6131   6841.511 0.063   -4.0   -2.1 -2.16 -0.053  55   0 06:07:49     44631.25502    0.0000  2022/04/12
14.0000000  14.0000000   28.6131   6841.512 0.066   -4.0   -2.3 -2.16 -0.053  55   0 06:08:49     44631.25571    0.0000  2022/04/12
14.0000000  14.0000000   28.6131   6841.511 0.072   -4.1   -2.3 -2.17 -0.053  55   0 06:09:49     44631.25641    0.0000  2022/04/12
14.0000000  14.0000000   28.6131   6841.513 0.061   -4.0   -2.4 -2.17 -0.053  55   1 06:10:49     44631.25710    0.0000  2022/04/12
14.0000000  14.0000000   28.6131   6841.510 0.102   -4.1   -2.4 -2.17 -0.052  55   0 06:11:49     44631.25779    0.0000  2022/04/12
14.0000000  14.0000000   28.6131   6841.512 0.072   -4.1   -2.6 -2.18 -0.052  55   0 06:12:49     44631.25849    0.0000  2022/04/12
14.0000000  14.0000000   28.6131   6841.511 0.052   -4.1   -2.7 -2.18 -0.052  55   1 06:13:49     44631.25918    0.0000  2022/04/12
14.0000000  14.0000000   28.8572   6841.511 0.051   -4.2   -2.8 -2.18 -0.052  55   0 06:14:49     44631.25987    0.0000  2022/04/12
14.0000000  14.0000000   28.8572   6841.512 0.055   -4.3   -2.8 -2.18 -0.052  55   0 06:15:49     44631.26057    0.0000  2022/04/12
14.0000000  14.0000000   28.8572   6841.511 0.059   -4.3   -2.9 -2.19 -0.052  55   0 06:16:49     44631.26126    0.0000  2022/04/12
14.0000000  14.0000000   28.6131   6841.511 0.088   -4.3   -3.0 -2.19 -0.051  55   2 06:17:49     44631.26195    0.0000  2022/04/12
14.0000000  14.0000000   28.6131   6841.511 0.054   -4.3   -3.0 -2.19 -0.051  55   0 06:18:49     44631.26265    0.0000  2022/04/12
14.0000000  14.0000000   28.6131   6841.511 0.069   -4.4   -3.2 -2.19 -0.051  55   0 06:19:49     44631.26334    0.0000  2022/04/12
14.0000000  14.0000000   28.8572   6841.511 0.054   -4.6   -3.3 -2.19 -0.051  55   0 06:20:49     44631.26403    0.0000  2022/04/12
14.0000000  14.0000000   28.8572   6841.510 0.059   -4.6   -3.3 -2.19 -0.051  55   0 06:21:49     44631.26473    0.0000  2022/04/12
14.0000000  14.0000000   28.6131   6841.511 0.070   -4.5   -3.6 -2.19 -0.051  55   0 06:22:49     44631.26542    0.0000  2022/04/12
14.0000000  14.0000000   28.8572   6841.509 0.068   -4.6   -3.5 -2.19 -0.051  55   0 06:23:49     44631.26611    0.0000  2022/04/12
14.0000000  14.0000000   28.6131   6841.510 0.073   -4.6   -3.7 -2.19 -0.050  55   0 06:24:49     44631.26681    0.0000  2022/04/12
14.0000000  14.0000000   28.8572   6841.512 0.054   -4.6   -3.7 -2.19 -0.050  55   0 06:25:49     44631.26750    0.0000  2022/04/12
14.0000000  14.0000000   28.6131   6841.511 0.062   -4.6   -3.9 -2.19 -0.050  55   0 06:26:49     44631.26819    0.0000  2022/04/12
14.0000000  14.0000000   28.6131   6841.509 0.058   -4.6   -4.0 -2.19 -0.050  55   0 06:27:49     44631.26889    0.0000  2022/04/12
14.0000000  14.0000000   28.6131   6841.511 0.075   -4.6   -3.9 -2.20 -0.050  55   0 06:28:49     44631.26958    0.0000  2022/04/12
14.0000000  14.0000000   28.6131   6841.510 0.055   -4.8   -4.1 -2.20 -0.050  55   0 06:29:49     44631.27027    0.0000  2022/04/12
14.0000000  14.0000000   28.8572   6841.511 0.065   -4.6   -4.2 -2.20 -0.050  55   0 06:30:49     44631.27097    0.0000  2022/04/12
14.0000000  14.0000000   28.6131   6841.510 0.074   -4.7   -4.3 -2.20 -0.049  55   0 06:31:49     44631.27166    0.0000  2022/04/12
14.0000000  14.0000000   28.8572   6841.510 0.066   -4.7   -4.3 -2.20 -0.049  55   0 06:32:49     44631.27235    0.0000  2022/04/12
14.0000000  14.0000000   28.6131   6841.511 0.091   -4.8   -4.5 -2.20 -0.049  55   0 06:33:49     44631.27305    0.0000  2022/04/12
14.0000000  14.0000000   28.8572   6841.511 0.103   -4.7   -4.6 -2.20 -0.049  55   0 06:34:49     44631.27374    0.0000  2022/04/12
14.0000000  14.0000000   28.6131   6841.510 0.074   -4.8   -4.6 -2.20 -0.049  55   0 06:35:49     44631.27443    0.0000  2022/04/12
14.0000000  14.0000000   28.6131   6841.509 0.061   -4.8   -4.5 -2.20 -0.049  55   0 06:36:49     44631.27513    0.0000  2022/04/12
14.0000000  14.0000000   28.8572   6841.510 0.056   -4.8   -4.6 -2.20 -0.049  55   0 06:37:49     44631.27582    0.0000  2022/04/12
14.0000000  14.0000000   28.6131   6841.510 0.097   -4.7   -4.8 -2.20 -0.048  55   0 06:38:49     44631.27651    0.0000  2022/04/12
14.0000000  14.0000000   28.8572   6841.510 0.062   -4.9   -4.8 -2.20 -0.048  55   0 06:39:49     44631.27721    0.0000  2022/04/12
14.0000000  14.0000000   28.6131   6841.509 0.068   -4.8   -4.9 -2.20 -0.048  55   0 06:40:49     44631.27790    0.0000  2022/04/12
14.0000000  14.0000000   28.8572   6841.510 0.068   -4.9   -5.0 -2.20 -0.048  55   0 06:41:49     44631.27859    0.0000  2022/04/12
14.0000000  14.0000000   28.6131   6841.511 0.072   -4.8   -5.0 -2.20 -0.048  55   0 06:42:49     44631.27929    0.0000  2022/04/12
14.0000000  14.0000000   28.8572   6841.511 0.055   -4.9   -4.9 -2.20 -0.048  55   0 06:43:49     44631.27998    0.0000  2022/04/12
14.0000000  14.0000000   28.8572   6841.511 0.066   -4.8   -5.2 -2.20 -0.048  55   0 06:44:49     44631.28067    0.0000  2022/04/12
14.0000000  14.0000000   28.8572   6841.510 0.065   -4.9   -5.3 -2.20 -0.048  55   0 06:45:49     44631.28137    0.0000  2022/04/12
14.0000000  14.0000000   28.8572   6841.511 0.062   -4.9   -5.3 -2.20 -0.047  55   0 06:46:49     44631.28206    0.0000  2022/04/12
14.0000000  14.0000000   28.6131   6841.504 0.094   -5.1   -5.4 -2.20 -0.047  55   1 06:47:49     44631.28275    0.0000  2022/04/12
14.0000000  14.0000000   28.8572   6841.509 0.054   -4.9   -5.5 -2.20 -0.047  55   0 06:48:49     44631.28345    0.0000  2022/04/12
14.0000000  14.0000000   28.6131   6841.508 0.076   -5.0   -5.5 -2.20 -0.047  55   1 06:49:49     44631.28414    0.0000  2022/04/12
14.0000000  14.0000000   28.6131   6841.510 0.054   -5.1   -5.6 -2.20 -0.047  55   0 06:50:49     44631.28483    0.0000  2022/04/12
14.0000000  14.0000000   28.8572   6841.510 0.048   -5.1   -5.7 -2.20 -0.047  55   0 06:51:49     44631.28553    0.0000  2022/04/12
14.0000000  14.0000000   27.8807   6841.510 0.052   -5.1   -5.8 -2.20 -0.047  55   0 06:52:50     44631.28623    0.0000  2022/04/12
14.0000000  44.0000000   30.0779   6821.983 0.119   -1.5   -0.4 -2.05 -0.042  55   3 08:15:39     44631.34365    0.0000  2022/04/12
14.0000000  44.0000000   30.0779   6821.982 0.069   -1.3   -0.9 -2.06 -0.042  55   0 08:16:44     44631.34440    0.0000  2022/04/12
14.0000000  44.0000000   30.0779   6821.981 0.104   -1.2   -1.3 -2.08 -0.042  55   0 08:17:44     44631.34510    0.0000  2022/04/12
14.0000000  44.0000000   30.0779   6821.980 0.049   -1.0   -1.6 -2.09 -0.042  55   0 08:18:44     44631.34579    0.0000  2022/04/12
14.0000000  44.0000000   30.0779   6821.980 0.052   -0.8   -2.0 -2.10 -0.042  55   0 08:19:44     44631.34648    0.0000  2022/04/12
14.0000000  44.0000000   30.0779   6821.979 0.082   -0.7   -2.3 -2.11 -0.042  55   0 08:20:44     44631.34718    0.0000  2022/04/12
14.0000000  44.0000000   30.0779   6821.980 0.070   -0.6   -2.7 -2.12 -0.042  55   0 08:21:44     44631.34787    0.0000  2022/04/12
14.0000000  44.0000000   30.0779   6821.980 0.057   -0.5   -3.0 -2.13 -0.042  55   0 08:22:44     44631.34856    0.0000  2022/04/12
14.0000000  44.0000000   30.0779   6821.979 0.044   -0.4   -3.3 -2.14 -0.042  55   0 08:23:44     44631.34926    0.0000  2022/04/12
14.0000000  44.0000000   29.8338   6821.979 0.041   -0.4   -3.7 -2.14 -0.042  55   0 08:24:44     44631.34995    0.0000  2022/04/12
14.0000000  44.0000000   29.8338   6821.980 0.044   -0.4   -4.0 -2.15 -0.042  55   0 08:25:44     44631.35064    0.0000  2022/04/12
14.0000000  44.0000000   29.8338   6821.980 0.043   -0.2   -4.3 -2.16 -0.042  55   0 08:26:44     44631.35134    0.0000  2022/04/12
14.0000000  44.0000000   29.8338   6821.979 0.035   -0.2   -4.6 -2.16 -0.042  55   0 08:27:44     44631.35203    0.0000  2022/04/12
14.0000000  44.0000000   29.8338   6821.979 0.032   -0.2   -4.8 -2.17 -0.042  55   0 08:28:44     44631.35272    0.0000  2022/04/12
14.0000000  44.0000000   29.8338   6821.979 0.034   -0.2   -5.2 -2.17 -0.042  55   0 08:29:44     44631.35342    0.0000  2022/04/12
14.0000000  44.0000000   29.8338   6821.977 0.047   -0.2   -5.4 -2.18 -0.042  55   0 08:30:44     44631.35411    0.0000  2022/04/12
14.0000000  44.0000000   29.8338   6821.977 0.065   -0.2   -5.6 -2.18 -0.042  55   0 08:31:44     44631.35480    0.0000  2022/04/12
14.0000000  44.0000000   29.5896   6821.979 0.041   -0.2   -5.9 -2.18 -0.042  55   0 08:32:44     44631.35550    0.0000  2022/04/12
14.0000000  44.0000000   29.5896   6821.977 0.055   -0.2   -6.0 -2.19 -0.043  55   0 08:33:44     44631.35619    0.0000  2022/04/12
14.0000000  44.0000000   29.8338   6821.978 0.032   -0.3   -6.4 -2.19 -0.043  55   1 08:34:44     44631.35688    0.0000  2022/04/12
14.0000000  44.0000000   29.3455   6821.978 0.040   -0.3   -6.5 -2.19 -0.043  55   0 08:35:44     44631.35758    0.0000  2022/04/12
14.0000000  44.0000000   29.5896   6821.978 0.081   -0.4   -6.7 -2.20 -0.043  55   0 08:36:44     44631.35827    0.0000  2022/04/12
14.0000000  44.0000000   29.5896   6821.978 0.136   -0.4   -6.9 -2.20 -0.043  55   0 08:37:44     44631.35896    0.0000  2022/04/12
14.0000000  44.0000000   29.5896   6821.977 0.077   -0.4   -7.1 -2.20 -0.043  55   0 08:38:44     44631.35966    0.0000  2022/04/12
14.0000000  44.0000000   29.5896   6821.978 0.033   -0.4   -7.3 -2.20 -0.043  55   0 08:39:44     44631.36035    0.0000  2022/04/12
14.0000000  44.0000000   29.5896   6821.978 0.039   -0.4   -7.4 -2.20 -0.043  55   0 08:40:44     44631.36104    0.0000  2022/04/12
14.0000000  44.0000000   29.5896   6821.977 0.036   -0.5   -7.5 -2.20 -0.043  55   0 08:41:44     44631.36174    0.0000  2022/04/12
14.0000000  44.0000000   29.5896   6821.977 0.037   -0.5   -7.6 -2.20 -0.043  55   0 08:42:44     44631.36243    0.0000  2022/04/12
14.0000000  44.0000000   29.3455   6821.977 0.039   -0.6   -7.8 -2.21 -0.043  55   0 08:43:44     44631.36312    0.0000  2022/04/12
14.0000000  44.0000000   29.3455   6821.978 0.035   -0.6   -8.0 -2.21 -0.043  55   0 08:44:44     44631.36382    0.0000  2022/04/12
14.0000000  44.0000000   29.5896   6821.976 0.035   -0.6   -8.2 -2.21 -0.043  55   0 08:45:44     44631.36451    0.0000  2022/04/12
14.0000000  44.0000000   29.3455   6821.975 0.037   -0.7   -8.3 -2.21 -0.043  55   0 08:46:44     44631.36520    0.0000  2022/04/12
14.0000000  44.0000000   29.3455   6821.976 0.044   -0.7   -8.4 -2.21 -0.043  55   1 08:47:44     44631.36590    0.0000  2022/04/12
14.0000000  44.0000000   29.3455   6821.977 0.038   -0.7   -8.5 -2.21 -0.043  55   0 08:48:44     44631.36659    0.0000  2022/04/12
14.0000000  44.0000000   29.3455   6821.977 0.040   -0.6   -8.6 -2.21 -0.043  55   0 08:49:44     44631.36728    0.0000  2022/04/12
14.0000000  44.0000000   29.3455   6821.976 0.038   -0.8   -8.7 -2.21 -0.043  55   0 08:50:44     44631.36798    0.0000  2022/04/12
14.0000000  44.0000000   29.1014   6821.977 0.039   -0.7   -8.9 -2.21 -0.043  55   0 08:51:44     44631.36867    0.0000  2022/04/12
14.0000000  44.0000000   29.3455   6821.976 0.046   -0.8   -9.0 -2.21 -0.043  55   0 08:52:44     44631.36936    0.0000  2022/04/12
14.0000000  44.0000000   29.3455   6821.976 0.048   -0.8   -9.0 -2.21 -0.043  55   0 08:53:44     44631.37006    0.0000  2022/04/12
14.0000000  44.0000000   29.3455   6821.977 0.040   -0.8   -9.3 -2.21 -0.043  55   2 08:54:44     44631.37075    0.0000  2022/04/12
14.0000000  44.0000000   29.3455   6821.970 0.069   -0.8   -9.3 -2.21 -0.043  55   2 08:55:44     44631.37144    0.0000  2022/04/12
14.0000000  44.0000000   29.3455   6821.975 0.123   -0.9   -9.3 -2.21 -0.043  55   0 08:56:44     44631.37214    0.0000  2022/04/12
14.0000000  44.0000000   29.1014   6821.975 0.086   -0.9   -9.4 -2.21 -0.043  55   8 08:57:44     44631.37283    0.0000  2022/04/12
14.0000000  44.0000000   29.1014   6821.973 0.045   -0.9   -9.5 -2.21 -0.043  55   2 08:58:44     44631.37352    0.0000  2022/04/12
14.0000000  44.0000000   29.3455   6821.975 0.143   -0.9   -9.6 -2.21 -0.043  55   0 08:59:44     44631.37422    0.0000  2022/04/12
14.0000000  44.0000000   29.1014   6821.974 0.064   -0.9   -9.8 -2.21 -0.044  55   2 09:00:44     44631.37491    0.0000  2022/04/12
14.0000000  44.0000000   29.1014   6821.975 0.040   -1.0   -9.9 -2.21 -0.044  55   0 09:01:44     44631.37560    0.0000  2022/04/12
14.0000000  44.0000000   29.1014   6821.975 0.048   -1.1   -9.9 -2.21 -0.044  55   0 09:02:44     44631.37630    0.0000  2022/04/12
14.0000000  44.0000000   29.1014   6821.975 0.040   -1.1  -10.0 -2.21 -0.044  55   0 09:03:44     44631.37699    0.0000  2022/04/12
14.0000000  44.0000000   29.1014   6821.975 0.037   -1.0  -10.1 -2.21 -0.044  55   0 09:04:44     44631.37768    0.0000  2022/04/12
14.0000000  44.0000000   29.1014   6821.975 0.034   -1.0  -10.2 -2.21 -0.044  55   0 09:05:44     44631.37838    0.0000  2022/04/12
14.0000000  44.0000000   29.1014   6821.976 0.035   -1.0  -10.2 -2.21 -0.044  55   0 09:06:44     44631.37907    0.0000  2022/04/12
14.0000000  44.0000000   29.1014   6821.975 0.037   -1.1  -10.3 -2.21 -0.044  55   0 09:07:44     44631.37976    0.0000  2022/04/12
14.0000000  44.0000000   29.1014   6821.975 0.027   -1.1  -10.4 -2.21 -0.044  55   0 09:08:44     44631.38046    0.0000  2022/04/12
14.0000000  44.0000000   29.1014   6821.977 0.038   -1.2  -10.5 -2.21 -0.044  55   0 09:09:44     44631.38115    0.0000  2022/04/12
14.0000000  44.0000000   29.1014   6821.975 0.032   -1.1  -10.5 -2.21 -0.044  55   0 09:10:44     44631.38184    0.0000  2022/04/12
14.0000000  44.0000000   29.1014   6821.975 0.036   -1.1  -10.7 -2.21 -0.044  55   0 09:11:44     44631.38254    0.0000  2022/04/12
14.0000000  44.0000000   29.1014   6821.975 0.033   -1.1  -10.8 -2.21 -0.044  55   0 09:12:44     44631.38323    0.0000  2022/04/12
14.0000000  44.0000000   29.1014   6821.975 0.047   -1.1  -10.8 -2.21 -0.044  55   0 09:13:44     44631.38392    0.0000  2022/04/12
14.0000000  44.0000000   28.1248   6821.975 0.036   -1.2  -10.9 -2.21 -0.044  55   0 09:14:45     44631.38463    0.0000  2022/04/12
14.0000000  14.0000000   33.0076   6841.517 0.085   -1.6   -0.1 -1.92 -0.052  55  15 10:45:08     44631.44729    0.0000  2022/04/12
14.0000000  14.0000000   32.7635   6841.518 0.050   -1.2   -0.9 -1.94 -0.052  55   0 10:46:13     44631.44804    0.0000  2022/04/12
14.0000000  14.0000000   32.7635   6841.519 0.052   -0.8   -1.6 -1.96 -0.052  55   0 10:47:13     44631.44874    0.0000  2022/04/12
14.0000000  14.0000000   32.5193   6841.516 0.057   -0.6   -2.1 -1.98 -0.052  55   0 10:48:13     44631.44943    0.0000  2022/04/12
14.0000000  14.0000000   32.7635   6841.516 0.052   -0.2   -2.5 -2.00 -0.052  55   0 10:49:13     44631.45012    0.0000  2022/04/12
14.0000000  14.0000000   32.5193   6841.516 0.047    0.0   -2.9 -2.03 -0.052  55   0 10:50:13     44631.45082    0.0000  2022/04/12
14.0000000  14.0000000   32.2752   6841.515 0.053    0.0   -3.4 -2.05 -0.052  55   0 10:51:13     44631.45151    0.0000  2022/04/12
14.0000000  14.0000000   32.2752   6841.515 0.049    0.2   -3.8 -2.07 -0.052  55   1 10:52:13     44631.45220    0.0000  2022/04/12
14.0000000  14.0000000   32.0310   6841.516 0.073    0.2   -4.2 -2.08 -0.052  55   0 10:53:13     44631.45290    0.0000  2022/04/12
14.0000000  14.0000000   32.0310   6841.514 0.058    0.3   -4.4 -2.10 -0.052  55   0 10:54:13     44631.45359    0.0000  2022/04/12
14.0000000  14.0000000   32.0310   6841.515 0.054    0.4   -4.6 -2.12 -0.052  55   0 10:55:13     44631.45428    0.0000  2022/04/12
14.0000000  14.0000000   32.0310   6841.514 0.099    0.3   -4.8 -2.13 -0.052  55   0 10:56:13     44631.45498    0.0000  2022/04/12
14.0000000  14.0000000   31.7869   6841.515 0.071    0.3   -5.2 -2.14 -0.052  55   0 10:57:13     44631.45567    0.0000  2022/04/12
14.0000000  14.0000000   31.5428   6841.513 0.114    0.4   -5.4 -2.16 -0.052  55   0 10:58:13     44631.45636    0.0000  2022/04/12
14.0000000  14.0000000   31.5428   6841.514 0.070    0.4   -5.6 -2.17 -0.053  55   0 10:59:13     44631.45706    0.0000  2022/04/12
14.0000000  14.0000000   31.5428   6841.515 0.104    0.3   -5.9 -2.18 -0.053  55   0 11:00:13     44631.45775    0.0000  2022/04/12
14.0000000  14.0000000   31.2986   6841.514 0.078    0.4   -6.0 -2.18 -0.053  55   0 11:01:13     44631.45844    0.0000  2022/04/12
14.0000000  14.0000000   31.2986   6841.513 0.057    0.3   -6.3 -2.19 -0.053  55   0 11:02:13     44631.45914    0.0000  2022/04/12
14.0000000  14.0000000   31.2986   6841.514 0.080    0.3   -6.5 -2.20 -0.053  55   0 11:03:13     44631.45983    0.0000  2022/04/12
14.0000000  14.0000000   31.2986   6841.512 0.061    0.1   -6.7 -2.20 -0.053  55   0 11:04:13     44631.46052    0.0000  2022/04/12
14.0000000  14.0000000   31.2986   6841.516 0.098    0.0   -6.8 -2.21 -0.053  55   1 11:05:13     44631.46122    0.0000  2022/04/12
14.0000000  14.0000000   31.0545   6841.514 0.056    0.0   -7.0 -2.21 -0.053  55   0 11:06:13     44631.46191    0.0000  2022/04/12
14.0000000  14.0000000   31.0545   6841.513 0.059    0.0   -7.0 -2.22 -0.053  55   0 11:07:13     44631.46260    0.0000  2022/04/12
14.0000000  14.0000000   31.0545   6841.513 0.071   -0.2   -7.2 -2.22 -0.053  55   0 11:08:13     44631.46330    0.0000  2022/04/12
14.0000000  14.0000000   30.8103   6841.513 0.053   -0.4   -7.4 -2.22 -0.053  55   0 11:09:13     44631.46399    0.0000  2022/04/12
14.0000000  14.0000000   31.0545   6841.514 0.059   -0.4   -7.6 -2.23 -0.053  55   0 11:10:13     44631.46468    0.0000  2022/04/12
14.0000000  14.0000000   30.8103   6841.513 0.053   -0.4   -7.8 -2.23 -0.053  55   0 11:11:13     44631.46538    0.0000  2022/04/12
14.0000000  14.0000000   30.8103   6841.509 0.139   -0.6   -8.0 -2.23 -0.053  55   1 11:12:13     44631.46607    0.0000  2022/04/12
14.0000000  14.0000000   30.5662   6841.513 0.056   -0.7   -8.2 -2.23 -0.053  55   0 11:13:13     44631.46676    0.0000  2022/04/12
14.0000000  14.0000000   30.5662   6841.512 0.086   -0.8   -8.3 -2.23 -0.053  55   0 11:14:13     44631.46746    0.0000  2022/04/12
14.0000000  14.0000000   30.5662   6841.514 0.049   -0.8   -8.4 -2.23 -0.054  55   3 11:15:13     44631.46815    0.0000  2022/04/12
14.0000000  14.0000000   30.5662   6841.513 0.066   -1.0   -8.7 -2.23 -0.054  55   0 11:16:13     44631.46884    0.0000  2022/04/12
14.0000000  14.0000000   30.5662   6841.509 0.118   -0.9   -8.7 -2.24 -0.054  55   8 11:17:13     44631.46954    0.0000  2022/04/12
14.0000000  14.0000000   30.5662   6841.513 0.078   -1.1   -8.9 -2.24 -0.054  55   0 11:18:13     44631.47023    0.0000  2022/04/12
14.0000000  14.0000000   30.3221   6841.511 0.107   -1.2   -9.0 -2.24 -0.054  55   0 11:19:13     44631.47092    0.0000  2022/04/12
14.0000000  14.0000000   30.3221   6841.511 0.066   -1.3   -9.1 -2.24 -0.054  55   0 11:20:13     44631.47162    0.0000  2022/04/12
14.0000000  14.0000000   30.3221   6841.511 0.080   -1.2   -9.1 -2.24 -0.054  55   0 11:21:13     44631.47231    0.0000  2022/04/12
14.0000000  14.0000000   30.3221   6841.512 0.079   -1.2   -9.3 -2.24 -0.054  55   0 11:22:13     44631.47300    0.0000  2022/04/12
14.0000000  14.0000000   30.3221   6841.512 0.060   -1.5   -9.5 -2.24 -0.054  55   0 11:23:13     44631.47370    0.0000  2022/04/12
14.0000000  14.0000000   30.0779   6841.513 0.058   -1.5   -9.6 -2.24 -0.054  55   0 11:24:13     44631.47439    0.0000  2022/04/12
14.0000000  14.0000000   30.0779   6841.510 0.071   -1.5   -9.8 -2.24 -0.054  55   1 11:25:13     44631.47508    0.0000  2022/04/12
14.0000000  14.0000000   30.0779   6841.512 0.084   -1.6   -9.9 -2.24 -0.054  55   2 11:26:13     44631.47578    0.0000  2022/04/12
14.0000000  14.0000000   30.0779   6841.512 0.124   -1.6  -10.0 -2.24 -0.054  55   1 11:27:13     44631.47647    0.0000  2022/04/12
14.0000000  14.0000000   30.0779   6841.511 0.060   -1.8  -10.0 -2.24 -0.054  55   0 11:28:13     44631.47716    0.0000  2022/04/12
14.0000000  14.0000000   30.0779   6841.513 0.049   -1.8  -10.2 -2.24 -0.054  55   0 11:29:13     44631.47786    0.0000  2022/04/12
14.0000000  14.0000000   30.0779   6841.508 0.088   -2.0  -10.3 -2.24 -0.054  55   1 11:30:13     44631.47855    0.0000  2022/04/12
14.0000000  14.0000000   30.0779   6841.512 0.068   -2.0  -10.4 -2.23 -0.054  55   0 11:31:13     44631.47924    0.0000  2022/04/12
14.0000000  14.0000000   30.0779   6841.510 0.072   -2.1  -10.6 -2.23 -0.054  55   0 11:32:13     44631.47994    0.0000  2022/04/12
14.0000000  14.0000000   29.8338   6841.511 0.065   -2.0  -10.6 -2.23 -0.054  55   0 11:33:13     44631.48063    0.0000  2022/04/12
14.0000000  14.0000000   30.0779   6841.510 0.065   -2.1  -10.7 -2.23 -0.054  55   0 11:34:13     44631.48132    0.0000  2022/04/12
14.0000000  14.0000000   29.8338   6841.512 0.059   -2.2  -10.8 -2.23 -0.054  55   0 11:35:13     44631.48202    0.0000  2022/04/12
14.0000000  14.0000000   29.8338   6841.510 0.074   -2.1  -10.9 -2.23 -0.054  55   0 11:36:13     44631.48271    0.0000  2022/04/12
14.0000000  14.0000000   29.8338   6841.512 0.060   -2.2  -11.0 -2.23 -0.055  55   0 11:37:13     44631.48340    0.0000  2022/04/12
14.0000000  14.0000000   29.8338   6841.510 0.058   -2.3  -11.1 -2.23 -0.055  55   0 11:38:13     44631.48410    0.0000  2022/04/12
14.0000000  14.0000000   29.8338   6841.510 0.054   -2.3  -11.1 -2.23 -0.055  55   0 11:39:13     44631.48479    0.0000  2022/04/12
14.0000000  14.0000000   29.8338   6841.511 0.050   -2.5  -11.1 -2.23 -0.055  55   0 11:40:13     44631.48548    0.0000  2022/04/12
14.0000000  14.0000000   29.8338   6841.510 0.053   -2.5  -11.3 -2.23 -0.055  55   0 11:41:13     44631.48618    0.0000  2022/04/12
14.0000000  14.0000000   29.5896   6841.511 0.060   -2.5  -11.3 -2.23 -0.055  55   0 11:42:13     44631.48687    0.0000  2022/04/12
14.0000000  14.0000000   29.5896   6841.510 0.067   -2.5  -11.5 -2.23 -0.055  55   0 11:43:13     44631.48756    0.0000  2022/04/12
14.0000000  14.0000000   28.3689   6841.511 0.059   -2.6  -11.5 -2.23 -0.055  55   0 11:44:14     44631.48827    0.0000  2022/04/12