/		CG-6 Survey
/		Survey Name:	1089-1253
/		Instrument Serial Number:	000000022090458
/		Created:	2023-05-17 05:14:13
/
/		CG-6 Calibration
/		Operator:	DANIL
/		Gcal1 [mGal]:	7856.208000
/		Goff [ADU]:	-8388608.000000
/		Gref [mGal]:	0.0000
/		X Scale [arc-sec/ADU]:	0.030686
/		Y Scale [arc-sec/ADU]:	0.031144
/		X Offset [ADU]:	-182334.000000
/		Y Offset [ADU]:	-285002.000000
/		Temperature Coefficient [mGal/mK]:	-0.127000
/		Temperature Scale [mK/ADU]:	-0.000111
/		Drift Rate [mGal/day]:	-0.058275
/		Drift Zero Time:	2022-08-12 11:51:50
/		Firmware Version:	CG6_2_20220815
/
/Station	Date	Time	CorrGrav	Line	StdDev	StdErr	RawGrav	X	Y	SensorTemp	TideCorr	TiltCorr	TempCorr	DriftCorr	MeasurDur	InstrHeight	LatUser	LonUser	ElevUser	LatGPS	LonGPS	ElevGPS	Corrections[drift-temp-na-tide-tilt]
1089	2023-05-17	05:14:13	4038.1451	1	0.0185	0.0024	4021.9261	1.3	2.9	-0.5540	0.1056	0.0002	-0.0710	16.1842	60	0.211	43.355862	76.936928	680.80	--	--	--	11011
1089	2023-05-17	05:15:13	4038.1456	1	0.0128	0.0017	4021.9268	1.6	1.3	-0.5570	0.1057	0.0001	-0.0712	16.1843	60	0.211	43.355862	76.936928	680.80	--	--	--	11011
1089	2023-05-17	05:16:13	4038.1463	1	0.0164	0.0021	4021.9278	1.2	3.3	-0.5653	0.1057	0.0001	-0.0716	16.1843	60	0.211	43.355862	76.936928	680.80	--	--	--	11011
1089	2023-05-17	05:17:13	4038.1462	1	0.0124	0.0016	4021.9279	0.8	3.5	-0.5576	0.1058	0.0002	-0.0721	16.1843	60	0.211	43.355862	76.936928	680.80	--	--	--	11011
1089	2023-05-17	05:18:13	4038.1476	1	0.0159	0.0020	4021.9296	2.1	2.5	-0.5705	0.1059	0.0001	-0.0724	16.1844	60	0.211	43.355862	76.936928	680.80	--	--	--	11011
1089	2023-05-17	05:19:13	4038.1466	1	0.0130	0.0017	4021.9285	2.8	2.2	-0.5711	0.1060	0.0002	-0.0725	16.1844	60	0.211	43.355862	76.936928	680.80	--	--	--	11011
1089	2023-05-17	05:20:13	4038.1472	1	0.0123	0.0016	4021.9294	3.1	3.1	-0.5784	0.1060	0.0002	-0.0729	16.1845	60	0.211	43.355862	76.936928	680.80	--	--	--	11011
1089	2023-05-17	05:21:13	4038.1469	1	0.0142	0.0018	4021.9295	1.7	2.3	-0.5751	0.1061	0.0001	-0.0732	16.1845	60	0.211	43.355862	76.936928	680.80	--	--	--	11011
1089	2023-05-17	05:22:13	4038.1459	1	0.0143	0.0018	4021.9286	2.2	2.5	-0.5827	0.1061	0.0002	-0.0736	16.1845	60	0.211	43.355862	76.936928	680.80	--	--	--	11011
1089	2023-05-17	05:23:13	4038.1465	1	0.0184	0.0024	4021.9293	1.4	3.7	-0.5816	0.1062	0.0002	-0.0738	16.1846	60	0.211	43.355862	76.936928	680.80	--	--	--	11011
1253	2023-05-17	07:20:20	3886.9011	1	0.0081	0.0010	3870.7115	-2.8	-7.0	-0.5646	0.0722	0.0007	-0.0725	16.1893	60	0.211	43.290585	77.326294	1357.30	43.290508	77.326195	1365.5	11011
1253	2023-05-17	07:21:20	3886.9002	1	0.0135	0.0017	3870.7113	-4.5	-6.4	-0.5813	0.0716	0.0007	-0.0727	16.1894	60	0.211	43.290585	77.326294	1357.30	43.290405	77.326027	1369.7	11011
1253	2023-05-17	07:22:20	3886.9004	1	0.0127	0.0016	3870.7124	-4.7	-6.3	-0.5700	0.0711	0.0006	-0.0731	16.1894	60	0.211	43.290585	77.326294	1357.30	43.290462	77.326141	1369.5	11011
1253	2023-05-17	07:23:20	3886.9014	1	0.0101	0.0013	3870.7142	-3.6	-6.9	-0.5799	0.0705	0.0007	-0.0734	16.1894	60	0.211	43.290585	77.326294	1357.30	43.290462	77.326134	1370.5	11011
1253	2023-05-17	07:24:20	3886.9016	1	0.0107	0.0014	3870.7150	-3.1	-7.3	-0.5735	0.0699	0.0008	-0.0736	16.1895	60	0.211	43.290585	77.326294	1357.30	43.290443	77.326080	1373.1	11011
1253	2023-05-17	07:25:20	3886.9005	1	0.0109	0.0014	3870.7150	-4.2	-6.4	-0.5854	0.0693	0.0008	-0.0742	16.1895	60	0.211	43.290585	77.326294	1357.30	43.290470	77.326057	1376.4	11011
1253	2023-05-17	07:26:20	3886.9024	1	0.0101	0.0013	3870.7181	-2.9	-5.8	-0.5873	0.0687	0.0004	-0.0745	16.1896	60	0.211	43.290585	77.326294	1357.30	43.290375	77.325928	1379.2	11011
1253	2023-05-17	07:27:20	3886.9019	1	0.0086	0.0011	3870.7185	-2.7	-7.1	-0.5858	0.0681	0.0007	-0.0750	16.1896	60	0.211	43.290585	77.326294	1357.30	43.290386	77.325943	1381.3	11011
1253	2023-05-17	07:28:20	3886.9021	1	0.0089	0.0011	3870.7196	-2.6	-6.3	-0.5899	0.0675	0.0006	-0.0753	16.1896	60	0.211	43.290585	77.326294	1357.30	43.290386	77.325912	1384.8	11011
1253	2023-05-17	07:29:20	3886.9017	1	0.0118	0.0015	3870.7204	-2.5	-7.0	-0.6005	0.0669	0.0007	-0.0759	16.1897	60	0.211	43.290585	77.326294	1357.30	43.290401	77.325943	1389.9	11011
1089	2023-05-17	09:03:22	4038.1441	1	0.0117	0.0015	4022.0104	1.9	-0.8	-0.4888	0.0020	0.0001	-0.0619	16.1935	60	0.211	43.290585	77.326294	1357.30	--	--	--	11011
1089	2023-05-17	09:04:22	4038.1441	1	0.0132	0.0017	4022.0110	2.5	-0.8	-0.4889	0.0013	0.0001	-0.0618	16.1935	60	0.211	43.290585	77.326294	1357.30	--	--	--	11011
1089	2023-05-17	09:05:22	4038.1438	1	0.0116	0.0015	4022.0117	3.1	-0.3	-0.4956	0.0006	0.0001	-0.0621	16.1936	60	0.211	43.290585	77.326294	1357.30	--	--	--	11011
1089	2023-05-17	09:06:22	4038.1458	1	0.0133	0.0017	4022.0141	2.8	0.5	-0.4888	-0.0002	0.0002	-0.0620	16.1936	60	0.211	43.290585	77.326294	1357.30	--	--	--	11011
1089	2023-05-17	09:07:22	4038.1438	1	0.0141	0.0018	4022.0134	3.1	1.0	-0.4972	-0.0009	0.0002	-0.0626	16.1937	60	0.211	43.290585	77.326294	1357.30	--	--	--	11011
1089	2023-05-17	09:08:22	4038.1444	1	0.0157	0.0020	4022.0150	1.6	0.8	-0.4980	-0.0016	0.0001	-0.0628	16.1937	60	0.211	43.290585	77.326294	1357.30	--	--	--	11011
1089	2023-05-17	09:09:22	4038.1441	1	0.0127	0.0016	4022.0158	2.2	-0.2	-0.4980	-0.0023	0.0001	-0.0633	16.1937	60	0.211	43.290585	77.326294	1357.30	--	--	--	11011
1089	2023-05-17	09:10:22	4038.1451	1	0.0116	0.0015	4022.0177	3.6	-0.2	-0.4943	-0.0030	0.0002	-0.0635	16.1938	60	0.211	43.290585	77.326294	1357.30	--	--	--	11011
1089	2023-05-17	09:11:22	4038.1451	1	0.0138	0.0018	4022.0188	3.4	-1.2	-0.5067	-0.0037	0.0001	-0.0639	16.1938	60	0.211	43.290585	77.326294	1357.30	--	--	--	11011
1089	2023-05-17	09:12:22	4038.1447	1	0.0107	0.0014	4022.0194	4.7	-1.0	-0.5124	-0.0044	0.0003	-0.0644	16.1939	60	0.211	43.290585	77.326294	1357.30	--	--	--	11011
1253	2023-05-17	10:23:33	3886.9124	1	0.0088	0.0011	3870.8328	-3.4	4.4	-0.5307	-0.0499	0.0004	-0.0675	16.1967	60	0.211	43.290585	77.326294	1357.30	43.290535	77.326233	1375.4	11011
1253	2023-05-17	10:24:33	3886.9112	1	0.0090	0.0012	3870.8324	-2.0	4.2	-0.5319	-0.0505	0.0003	-0.0678	16.1968	60	0.211	43.290585	77.326294	1357.30	43.290489	77.326118	1377.0	11011
1253	2023-05-17	10:25:33	3886.9108	1	0.0099	0.0013	3870.8328	-2.5	4.8	-0.5378	-0.0510	0.0004	-0.0682	16.1968	60	0.211	43.290585	77.326294	1357.30	43.290508	77.326134	1377.1	11011
1253	2023-05-17	10:26:33	3886.9113	1	0.0081	0.0010	3870.8341	-2.3	5.6	-0.5412	-0.0515	0.0005	-0.0685	16.1969	60	0.211	43.290585	77.326294	1357.30	43.290546	77.326027	1380.4	11011
1253	2023-05-17	10:27:33	3886.9110	1	0.0110	0.0014	3870.8346	-3.3	6.5	-0.5457	-0.0521	0.0006	-0.0690	16.1969	60	0.211	43.290585	77.326294	1357.30	43.290554	77.326004	1382.9	11011
1253	2023-05-17	10:28:33	3886.9124	1	0.0081	0.0010	3870.8366	-2.7	7.0	-0.5424	-0.0526	0.0008	-0.0693	16.1969	60	0.211	43.290585	77.326294	1357.30	43.290497	77.326180	1384.0	11011
1253	2023-05-17	10:29:33	3886.9120	1	0.0107	0.0014	3870.8372	-2.3	7.0	-0.5495	-0.0531	0.0007	-0.0697	16.1970	60	0.211	43.290585	77.326294	1357.30	43.290501	77.325890	1385.2	11011
1253	2023-05-17	10:30:33	3886.9131	1	0.0069	0.0009	3870.8394	-3.6	7.1	-0.5507	-0.0536	0.0007	-0.0703	16.1970	60	0.211	43.290585	77.326294	1357.30	43.290558	77.326271	1383.3	11011
1253	2023-05-17	10:31:33	3886.9131	1	0.0101	0.0013	3870.8401	-3.2	7.8	-0.5578	-0.0541	0.0007	-0.0706	16.1971	60	0.211	43.290585	77.326294	1357.30	43.290489	77.325966	1383.0	11011
1253	2023-05-17	10:32:33	3886.9125	1	0.0080	0.0010	3870.8399	-4.6	8.8	-0.5650	-0.0546	0.0012	-0.0711	16.1971	60	0.211	43.290585	77.326294	1357.30	43.290329	77.326080	1381.3	11011
1089	2023-05-17	11:43:11	4038.1370	1	0.0120	0.0015	4022.0806	-4.4	-3.9	-0.4979	-0.0800	0.0004	-0.0640	16.2000	60	0.211	43.290585	77.326294	1357.30	--	--	--	11011
1089	2023-05-17	11:44:11	4038.1377	1	0.0108	0.0014	4022.0814	-4.4	-5.4	-0.5081	-0.0802	0.0004	-0.0640	16.2000	60	0.211	43.290585	77.326294	1357.30	--	--	--	11011
1089	2023-05-17	11:45:11	4038.1368	1	0.0178	0.0023	4022.0804	-5.6	-6.6	-0.5103	-0.0804	0.0011	-0.0643	16.2000	60	0.211	43.290585	77.326294	1357.30	--	--	--	11011
1089	2023-05-17	11:46:11	4038.1375	1	0.0146	0.0019	4022.0822	-4.1	-5.3	-0.5139	-0.0806	0.0005	-0.0647	16.2001	60	0.211	43.290585	77.326294	1357.30	--	--	--	11011
1089	2023-05-17	11:47:11	4038.1373	1	0.0125	0.0016	4022.0823	-3.9	-5.8	-0.5148	-0.0808	0.0005	-0.0649	16.2001	60	0.211	43.290585	77.326294	1357.30	--	--	--	11011
1089	2023-05-17	11:48:11	4038.1367	1	0.0140	0.0018	4022.0822	-4.1	-5.5	-0.5099	-0.0810	0.0006	-0.0653	16.2002	60	0.211	43.290585	77.326294	1357.30	--	--	--	11011
1089	2023-05-17	11:49:11	4038.1365	1	0.0136	0.0018	4022.0826	-4.0	-6.5	-0.5216	-0.0812	0.0006	-0.0657	16.2002	60	0.211	43.290585	77.326294	1357.30	--	--	--	11011
1089	2023-05-17	11:50:11	4038.1375	1	0.0113	0.0015	4022.0839	-4.8	-5.0	-0.5170	-0.0813	0.0006	-0.0659	16.2002	60	0.211	43.290585	77.326294	1357.30	--	--	--	11011
1089	2023-05-17	11:51:11	4038.1370	1	0.0142	0.0018	4022.0837	-5.3	-5.2	-0.5253	-0.0815	0.0006	-0.0662	16.2003	60	0.211	43.290585	77.326294	1357.30	--	--	--	11011
1089	2023-05-17	11:52:11	4038.1372	1	0.0150	0.0019	4022.0846	-4.6	-5.3	-0.5288	-0.0817	0.0006	-0.0666	16.2003	60	0.211	43.290585	77.326294	1357.30	--	--	--	11011
