/		CG-6 Survey
/		Survey Name:	1089-1253
/		Instrument Serial Number:	000000022090460
/		Created:	2023-05-17 05:14:12
/
/		CG-6 Calibration
/		Operator:	DANIL
/		Gcal1 [mGal]:	8008.163000
/		Goff [ADU]:	-8388608.000000
/		Gref [mGal]:	0.0000
/		X Scale [arc-sec/ADU]:	0.030855
/		Y Scale [arc-sec/ADU]:	0.031483
/		X Offset [ADU]:	-190283.000000
/		Y Offset [ADU]:	-147195.000000
/		Temperature Coefficient [mGal/mK]:	-0.130000
/		Temperature Scale [mK/ADU]:	-0.000111
/		Drift Rate [mGal/day]:	-0.043104
/		Drift Zero Time:	2022-08-22 14:00:27
/		Firmware Version:	CG6_2_20220815
/
/Station	Date	Time	CorrGrav	Line	StdDev	StdErr	RawGrav	X	Y	SensorTemp	TideCorr	TiltCorr	TempCorr	DriftCorr	MeasurDur	InstrHeight	LatUser	LonUser	ElevUser	LatGPS	LonGPS	ElevGPS	Corrections[drift-temp-na-tide-tilt]
1089	2023-05-17	05:14:12	4098.6206	1	0.0174	0.0023	4087.2801	-1.4	1.6	-2.3117	0.1056	0.0001	-0.3012	11.5361	60	0.210	43.356075	76.936699	677.67	--	--	--	11011
1089	2023-05-17	05:15:12	4098.6226	1	0.0120	0.0015	4087.2824	-2.5	2.2	-2.3218	0.1057	0.0003	-0.3018	11.5361	60	0.210	43.356075	76.936699	677.67	--	--	--	11011
1089	2023-05-17	05:16:12	4098.6207	1	0.0160	0.0021	4087.2810	-0.6	1.8	-2.3282	0.1057	0.0001	-0.3022	11.5362	60	0.210	43.356075	76.936699	677.67	--	--	--	11011
1089	2023-05-17	05:17:12	4098.6223	1	0.0119	0.0015	4087.2827	1.1	1.3	-2.3251	0.1058	0.0001	-0.3024	11.5362	60	0.210	43.356075	76.936699	677.67	--	--	--	11011
1089	2023-05-17	05:18:12	4098.6209	1	0.0187	0.0024	4087.2818	-2.2	2.0	-2.3317	0.1059	0.0001	-0.3031	11.5362	60	0.210	43.356075	76.936699	677.67	--	--	--	11011
1089	2023-05-17	05:19:12	4098.6219	1	0.0126	0.0016	4087.2831	-2.5	1.8	-2.3351	0.1060	0.0002	-0.3035	11.5362	60	0.210	43.356075	76.936699	677.67	--	--	--	11011
1089	2023-05-17	05:20:12	4098.6200	1	0.0118	0.0015	4087.2814	-2.6	1.9	-2.3362	0.1060	0.0002	-0.3039	11.5363	60	0.210	43.356075	76.936699	677.67	--	--	--	11011
1089	2023-05-17	05:21:12	4098.6204	1	0.0133	0.0017	4087.2822	-2.9	2.8	-2.3457	0.1061	0.0002	-0.3044	11.5363	60	0.210	43.356075	76.936699	677.67	--	--	--	11011
1089	2023-05-17	05:22:12	4098.6198	1	0.0130	0.0017	4087.2819	-1.9	1.4	-2.3520	0.1061	0.0001	-0.3047	11.5363	60	0.210	43.356075	76.936699	677.67	--	--	--	11011
1089	2023-05-17	05:23:12	4098.6199	1	0.0188	0.0024	4087.2824	-3.6	0.3	-2.3437	0.1062	0.0001	-0.3052	11.5364	60	0.210	43.356075	76.936699	677.67	--	--	--	11011
1253	2023-05-17	07:20:19	3947.3930	1	0.0071	0.0009	3936.0802	-1.4	4.5	-2.2980	0.0722	0.0003	-0.2996	11.5399	60	0.210	43.290495	77.326297	1380.00	43.290604	77.326294	1367.4	11011
1253	2023-05-17	07:21:19	3947.3924	1	0.0122	0.0016	3936.0805	-0.7	4.4	-2.3020	0.0716	0.0003	-0.2999	11.5399	60	0.210	43.290495	77.326297	1380.00	43.290787	77.326561	1367.3	11011
1253	2023-05-17	07:22:19	3947.3927	1	0.0129	0.0017	3936.0816	-2.1	5.1	-2.3142	0.0711	0.0004	-0.3003	11.5399	60	0.210	43.290495	77.326297	1380.00	43.290497	77.326157	1367.3	11011
1253	2023-05-17	07:23:19	3947.3922	1	0.0100	0.0013	3936.0821	-1.8	4.2	-2.3066	0.0705	0.0003	-0.3006	11.5400	60	0.210	43.290495	77.326297	1380.00	43.290642	77.326256	1368.3	11011
1253	2023-05-17	07:24:19	3947.3908	1	0.0099	0.0013	3936.0818	-1.5	3.8	-2.3149	0.0699	0.0002	-0.3011	11.5400	60	0.210	43.290495	77.326297	1380.00	43.290565	77.326157	1368.6	11011
1253	2023-05-17	07:25:19	3947.3907	1	0.0098	0.0013	3936.0826	-1.0	3.3	-2.3190	0.0693	0.0002	-0.3015	11.5400	60	0.210	43.290495	77.326297	1380.00	43.290737	77.326309	1369.2	11011
1253	2023-05-17	07:26:19	3947.3912	1	0.0102	0.0013	3936.0842	-3.3	3.3	-2.3228	0.0687	0.0003	-0.3021	11.5400	60	0.210	43.290495	77.326297	1380.00	43.290794	77.326515	1371.0	11011
1253	2023-05-17	07:27:19	3947.3924	1	0.0082	0.0011	3936.0863	-5.3	4.4	-2.3344	0.0681	0.0006	-0.3027	11.5401	60	0.210	43.290495	77.326297	1380.00	43.290401	77.326118	1370.5	11011
1253	2023-05-17	07:28:19	3947.3906	1	0.0085	0.0011	3936.0858	-4.2	3.6	-2.3331	0.0675	0.0004	-0.3033	11.5401	60	0.210	43.290495	77.326297	1380.00	43.290440	77.326080	1371.1	11011
1253	2023-05-17	07:29:19	3947.3912	1	0.0122	0.0016	3936.0877	-2.3	3.4	-2.3387	0.0670	0.0003	-0.3038	11.5401	60	0.210	43.290495	77.326297	1380.00	43.290478	77.326210	1370.3	11011
1089	2023-05-17	09:03:22	4098.6235	1	0.0119	0.0015	4087.3690	1.5	-1.2	-2.2456	0.0031	0.0001	-0.2917	11.5430	60	0.210	43.356075	76.936699	677.67	--	--	--	11011
1089	2023-05-17	09:04:22	4098.6249	1	0.0125	0.0016	4087.3712	2.6	-1.9	-2.2503	0.0023	0.0002	-0.2919	11.5430	60	0.210	43.356075	76.936699	677.67	--	--	--	11011
1089	2023-05-17	09:05:22	4098.6260	1	0.0128	0.0017	4087.3731	2.5	-1.5	-2.2425	0.0016	0.0002	-0.2919	11.5430	60	0.210	43.356075	76.936699	677.67	--	--	--	11011
1089	2023-05-17	09:06:22	4098.6246	1	0.0136	0.0018	4087.3724	3.4	-2.3	-2.2447	0.0009	0.0003	-0.2920	11.5430	60	0.210	43.356075	76.936699	677.67	--	--	--	11011
1089	2023-05-17	09:07:22	4098.6276	1	0.0134	0.0017	4087.3760	6.0	-2.3	-2.2511	0.0002	0.0007	-0.2924	11.5431	60	0.210	43.356075	76.936699	677.67	--	--	--	11011
1089	2023-05-17	09:08:22	4098.6265	1	0.0145	0.0019	4087.3760	5.6	-4.0	-2.2527	-0.0005	0.0007	-0.2928	11.5431	60	0.210	43.356075	76.936699	677.67	--	--	--	11011
1089	2023-05-17	09:09:22	4098.6266	1	0.0123	0.0016	4087.3769	6.0	-5.9	-2.2555	-0.0012	0.0009	-0.2931	11.5431	60	0.210	43.356075	76.936699	677.67	--	--	--	11011
1089	2023-05-17	09:10:22	4098.6276	1	0.0115	0.0015	4087.3794	3.7	-6.1	-2.2623	-0.0020	0.0007	-0.2936	11.5432	60	0.210	43.356075	76.936699	677.67	--	--	--	11011
1089	2023-05-17	09:11:22	4098.6273	1	0.0118	0.0015	4087.3804	2.4	-4.0	-2.2676	-0.0027	0.0003	-0.2939	11.5432	60	0.210	43.356075	76.936699	677.67	--	--	--	11011
1089	2023-05-17	09:12:22	4098.6270	1	0.0112	0.0014	4087.3814	1.9	-4.5	-2.2658	-0.0034	0.0003	-0.2945	11.5432	60	0.210	43.356075	76.936699	677.67	--	--	--	11011
1253	2023-05-17	10:23:33	3947.3929	1	0.0093	0.0012	3936.1927	-4.0	2.0	-2.2759	-0.0499	0.0003	-0.2955	11.5454	60	0.210	43.290495	77.326297	1380.00	43.290585	77.326324	1363.5	11011
1253	2023-05-17	10:24:33	3947.3925	1	0.0083	0.0011	3936.1929	-4.9	1.1	-2.2763	-0.0505	0.0003	-0.2956	11.5454	60	0.210	43.290495	77.326297	1380.00	43.290520	77.326172	1365.9	11011
1253	2023-05-17	10:25:33	3947.3925	1	0.0094	0.0012	3936.1936	-5.8	0.6	-2.2740	-0.0510	0.0003	-0.2958	11.5454	60	0.210	43.290495	77.326297	1380.00	43.290604	77.326172	1369.7	11011
1253	2023-05-17	10:26:33	3947.3917	1	0.0086	0.0011	3936.1931	-6.1	1.5	-2.2738	-0.0515	0.0006	-0.2960	11.5454	60	0.210	43.290495	77.326297	1380.00	43.290577	77.326180	1371.3	11011
1253	2023-05-17	10:27:33	3947.3919	1	0.0113	0.0015	3936.1948	-5.7	0.8	-2.2778	-0.0521	0.0003	-0.2967	11.5455	60	0.210	43.290495	77.326297	1380.00	43.290577	77.326180	1371.3	11011
1253	2023-05-17	10:28:33	3947.3917	1	0.0081	0.0010	3936.1954	-4.9	1.6	-2.2822	-0.0526	0.0003	-0.2969	11.5455	60	0.210	43.290495	77.326297	1380.00	43.290535	77.326180	1372.2	11011
1253	2023-05-17	10:29:33	3947.3925	1	0.0106	0.0014	3936.1970	-6.0	1.2	-2.2902	-0.0531	0.0004	-0.2974	11.5455	60	0.210	43.290495	77.326297	1380.00	43.290348	77.325905	1374.1	11011
1253	2023-05-17	10:30:33	3947.3932	1	0.0074	0.0010	3936.1986	-7.1	1.4	-2.2935	-0.0536	0.0007	-0.2980	11.5456	60	0.210	43.290495	77.326297	1380.00	43.290508	77.326118	1373.8	11011
1253	2023-05-17	10:31:33	3947.3928	1	0.0106	0.0014	3936.1990	-5.7	1.4	-2.3006	-0.0541	0.0006	-0.2983	11.5456	60	0.210	43.290495	77.326297	1380.00	43.290577	77.326218	1371.2	11011
1253	2023-05-17	10:32:33	3947.3931	1	0.0080	0.0010	3936.2007	-5.2	1.6	-2.2992	-0.0546	0.0004	-0.2989	11.5456	60	0.210	43.290495	77.326297	1380.00	43.290577	77.326218	1371.2	11011
1089	2023-05-17	11:43:13	4098.6285	1	0.0117	0.0015	4087.4520	5.0	-6.2	-2.2505	-0.0797	0.0008	-0.2923	11.5477	60	0.210	43.356075	76.936699	677.67	--	--	--	11011
1089	2023-05-17	11:44:13	4098.6307	1	0.0104	0.0013	4087.4543	6.0	-6.1	-2.2478	-0.0799	0.0008	-0.2924	11.5478	60	0.210	43.356075	76.936699	677.67	--	--	--	11011
1089	2023-05-17	11:45:13	4098.6314	1	0.0182	0.0023	4087.4557	7.5	-5.6	-2.2560	-0.0801	0.0010	-0.2930	11.5478	60	0.210	43.356075	76.936699	677.67	--	--	--	11011
1089	2023-05-17	11:46:13	4098.6300	1	0.0135	0.0017	4087.4548	7.1	-4.8	-2.2552	-0.0803	0.0010	-0.2933	11.5478	60	0.210	43.356075	76.936699	677.67	--	--	--	11011
1089	2023-05-17	11:47:13	4098.6301	1	0.0138	0.0018	4087.4558	6.0	-3.4	-2.2630	-0.0805	0.0006	-0.2937	11.5479	60	0.210	43.356075	76.936699	677.67	--	--	--	11011
1089	2023-05-17	11:48:13	4098.6303	1	0.0131	0.0017	4087.4568	3.6	-5.0	-2.2626	-0.0807	0.0005	-0.2942	11.5479	60	0.210	43.356075	76.936699	677.67	--	--	--	11011
1089	2023-05-17	11:49:13	4098.6301	1	0.0126	0.0016	4087.4571	5.6	-4.3	-2.2671	-0.0809	0.0006	-0.2946	11.5479	60	0.210	43.356075	76.936699	677.67	--	--	--	11011
1089	2023-05-17	11:50:13	4098.6288	1	0.0112	0.0014	4087.4565	4.7	-5.0	-2.2693	-0.0811	0.0006	-0.2952	11.5479	60	0.210	43.356075	76.936699	677.67	--	--	--	11011
1089	2023-05-17	11:51:13	4098.6305	1	0.0142	0.0018	4087.4586	4.9	-4.7	-2.2760	-0.0812	0.0007	-0.2956	11.5480	60	0.210	43.356075	76.936699	677.67	--	--	--	11011
1089	2023-05-17	11:52:13	4098.6285	1	0.0157	0.0020	4087.4576	3.4	-4.6	-2.2782	-0.0814	0.0005	-0.2961	11.5480	60	0.210	43.356075	76.936699	677.67	--	--	--	11011
/		CG-6 Survey
/		Survey Name:	1089-1327
/		Instrument Serial Number:	000000022090460
/		Created:	2023-02-21 04:02:31
/
/		CG-6 Calibration
/		Operator:	SAMAT
/		Gcal1 [mGal]:	8008.163000
/		Goff [ADU]:	-8388608.000000
/		Gref [mGal]:	0.0000
/		X Scale [arc-sec/ADU]:	0.030855
/		Y Scale [arc-sec/ADU]:	0.031483
/		X Offset [ADU]:	-190283.000000
/		Y Offset [ADU]:	-147195.000000
/		Temperature Coefficient [mGal/mK]:	-0.130000
/		Temperature Scale [mK/ADU]:	-0.000111
/		Drift Rate [mGal/day]:	-0.033788
/		Drift Zero Time:	2022-08-22 14:00:27
/		Firmware Version:	CG6_2_20220815
/
/Station	Date	Time	CorrGrav	Line	StdDev	StdErr	RawGrav	X	Y	SensorTemp	TideCorr	TiltCorr	TempCorr	DriftCorr	MeasurDur	InstrHeight	LatUser	LonUser	ElevUser	LatGPS	LonGPS	ElevGPS	Corrections[drift-temp-na-tide-tilt]
1089	2023-02-21	04:02:31	4096.5649	2	0.0224	0.0029	4090.7996	5.4	2.0	-2.4862	-0.0808	0.0004	-0.3235	6.1692	60	0.214	43.356075	76.936699	677.67	--	--	--	11011
1089	2023-02-21	04:03:31	4096.5664	2	0.0253	0.0033	4090.8004	5.9	2.6	-2.4890	-0.0804	0.0006	-0.3235	6.1692	60	0.214	43.356075	76.936699	677.67	--	--	--	11011
1089	2023-02-21	04:04:31	4096.5684	2	0.0212	0.0027	4090.8020	5.3	2.8	-2.4908	-0.0799	0.0005	-0.3235	6.1692	60	0.214	43.356075	76.936699	677.67	--	--	--	11011
1089	2023-02-21	04:05:31	4096.5664	2	0.0255	0.0033	4090.7996	5.6	3.0	-2.4906	-0.0795	0.0005	-0.3235	6.1693	60	0.214	43.356075	76.936699	677.67	--	--	--	11011
1089	2023-02-21	04:06:31	4096.5658	2	0.0253	0.0033	4090.7986	5.4	3.6	-2.4885	-0.0790	0.0005	-0.3235	6.1693	60	0.214	43.356075	76.936699	677.67	--	--	--	11011
1089	2023-02-21	04:07:31	4096.5665	2	0.0255	0.0033	4090.7987	5.8	4.5	-2.4838	-0.0786	0.0007	-0.3237	6.1693	60	0.214	43.356075	76.936699	677.67	--	--	--	11011
1089	2023-02-21	04:08:31	4096.5667	2	0.0202	0.0026	4090.7985	4.7	3.5	-2.4894	-0.0781	0.0004	-0.3234	6.1693	60	0.214	43.356075	76.936699	677.67	--	--	--	11011
1089	2023-02-21	04:09:31	4096.5678	2	0.0297	0.0038	4090.7990	6.8	3.6	-2.4883	-0.0777	0.0007	-0.3235	6.1693	60	0.214	43.356075	76.936699	677.67	--	--	--	11011
1089	2023-02-21	04:10:31	4096.5660	2	0.0276	0.0036	4090.7968	6.0	4.2	-2.4900	-0.0772	0.0006	-0.3237	6.1694	60	0.214	43.356075	76.936699	677.67	--	--	--	11011
1089	2023-02-21	04:11:31	4096.5684	2	0.0252	0.0033	4090.7983	6.1	5.2	-2.4836	-0.0767	0.0008	-0.3234	6.1694	60	0.214	43.356075	76.936699	677.67	--	--	--	11011
1327	2023-02-21	06:02:34	4093.8135	2	0.0276	0.0036	4087.9905	0.9	-1.2	-2.5338	-0.0201	0.0001	-0.3290	6.1720	60	0.210	43.367191	77.051537	666.30	43.367191	77.051537	666.3	11011
1327	2023-02-21	06:03:34	4093.8149	2	0.0210	0.0027	4087.9919	-1.5	-0.7	-2.5379	-0.0196	0.0001	-0.3295	6.1720	60	0.210	43.367191	77.051537	666.30	43.367191	77.051537	666.3	11011
1327	2023-02-21	06:04:34	4093.8154	2	0.0212	0.0027	4087.9925	-2.7	-2.0	-2.5362	-0.0192	0.0003	-0.3303	6.1720	60	0.210	43.367191	77.051537	666.30	43.367107	77.051598	676.3	11011
1327	2023-02-21	06:05:34	4093.8152	2	0.0197	0.0025	4087.9925	-1.9	-2.1	-2.5423	-0.0187	0.0001	-0.3307	6.1721	60	0.210	43.367191	77.051537	666.30	43.367100	77.051598	676.4	11011
1327	2023-02-21	06:06:34	4093.8144	2	0.0217	0.0028	4087.9916	-1.1	-4.1	-2.5525	-0.0183	0.0003	-0.3313	6.1721	60	0.210	43.367191	77.051537	666.30	43.367100	77.051598	676.4	11011
1327	2023-02-21	06:07:34	4093.8144	2	0.0255	0.0033	4087.9917	-1.8	-3.4	-2.5573	-0.0179	0.0002	-0.3318	6.1721	60	0.210	43.367191	77.051537	666.30	43.367100	77.051598	676.4	11011
1327	2023-02-21	06:08:34	4093.8153	2	0.0326	0.0042	4087.9927	-2.2	-3.5	-2.5634	-0.0174	0.0003	-0.3324	6.1721	60	0.210	43.367191	77.051537	666.30	43.367100	77.051598	676.4	11011
1327	2023-02-21	06:09:34	4093.8161	2	0.0231	0.0030	4087.9934	-2.9	-4.2	-2.5631	-0.0170	0.0005	-0.3330	6.1722	60	0.210	43.367191	77.051537	666.30	43.367100	77.051598	676.4	11011
1327	2023-02-21	06:10:34	4093.8145	2	0.0207	0.0027	4087.9921	-3.0	-2.5	-2.5636	-0.0165	0.0002	-0.3335	6.1722	60	0.210	43.367191	77.051537	666.30	43.367100	77.051598	676.4	11011
1327	2023-02-21	06:11:34	4093.8140	2	0.0474	0.0061	4087.9910	-6.0	-3.6	-2.5658	-0.0161	0.0007	-0.3338	6.1722	60	0.210	43.367191	77.051537	666.30	43.367100	77.051598	676.4	11011
1089	2023-02-21	07:00:23	4096.5620	2	0.0225	0.0029	4090.7214	1.3	3.6	-2.5684	0.0008	0.0002	-0.3337	6.1734	60	0.210	43.356075	76.936699	677.67	--	--	--	11011
1089	2023-02-21	07:01:23	4096.5613	2	0.0208	0.0027	4090.7203	0.4	1.5	-2.5662	0.0010	0.0001	-0.3335	6.1734	60	0.210	43.356075	76.936699	677.67	--	--	--	11011
1089	2023-02-21	07:02:23	4096.5619	2	0.0225	0.0029	4090.7203	2.8	2.9	-2.5615	0.0013	0.0003	-0.3333	6.1734	60	0.210	43.356075	76.936699	677.67	--	--	--	11011
1089	2023-02-21	07:03:23	4096.5628	2	0.0268	0.0035	4090.7209	1.9	1.7	-2.5608	0.0015	0.0001	-0.3331	6.1734	60	0.210	43.356075	76.936699	677.67	--	--	--	11011
1089	2023-02-21	07:04:23	4096.5622	2	0.0268	0.0035	4090.7197	1.4	1.4	-2.5623	0.0018	0.0002	-0.3329	6.1735	60	0.210	43.356075	76.936699	677.67	--	--	--	11011
1089	2023-02-21	07:05:23	4096.5615	2	0.0209	0.0027	4090.7187	0.6	3.3	-2.5539	0.0020	0.0002	-0.3328	6.1735	60	0.210	43.356075	76.936699	677.67	--	--	--	11011
1089	2023-02-21	07:06:23	4096.5628	2	0.0211	0.0027	4090.7196	1.1	3.4	-2.5532	0.0022	0.0003	-0.3327	6.1735	60	0.210	43.356075	76.936699	677.67	--	--	--	11011
1089	2023-02-21	07:07:23	4096.5627	2	0.0226	0.0029	4090.7186	3.8	4.1	-2.5576	0.0024	0.0006	-0.3324	6.1735	60	0.210	43.356075	76.936699	677.67	--	--	--	11011
1089	2023-02-21	07:08:23	4096.5614	2	0.0269	0.0035	4090.7170	3.3	3.7	-2.5481	0.0027	0.0004	-0.3322	6.1735	60	0.210	43.356075	76.936699	677.67	--	--	--	11011
1089	2023-02-21	07:09:23	4096.5618	2	0.0247	0.0032	4090.7171	4.7	3.5	-2.5467	0.0029	0.0004	-0.3321	6.1736	60	0.210	43.356075	76.936699	677.67	--	--	--	11011
1327	2023-02-21	08:39:48	4093.8136	2	0.0233	0.0030	4087.9610	-2.3	0.6	-2.5149	0.0026	0.0001	-0.3258	6.1757	60	0.210	43.367249	77.051514	666.20	43.367249	77.051514	666.2	11011
1327	2023-02-21	08:40:48	4093.8145	2	0.0240	0.0031	4087.9623	-5.1	-0.5	-2.5149	0.0024	0.0004	-0.3263	6.1757	60	0.210	43.367249	77.051514	666.20	43.367249	77.051514	666.2	11011
1327	2023-02-21	08:41:48	4093.8133	2	0.0260	0.0034	4087.9621	-5.6	-0.2	-2.5149	0.0022	0.0003	-0.3270	6.1757	60	0.210	43.367249	77.051514	666.20	43.367249	77.051514	666.2	11011
1327	2023-02-21	08:42:48	4093.8140	2	0.0210	0.0027	4087.9632	-6.0	-0.7	-2.5190	0.0019	0.0006	-0.3275	6.1758	60	0.210	43.367249	77.051514	666.20	43.367249	77.051514	666.2	11011
1327	2023-02-21	08:43:48	4093.8148	2	0.0201	0.0026	4087.9649	-4.8	-2.1	-2.5187	0.0017	0.0003	-0.3279	6.1758	60	0.210	43.367249	77.051514	666.20	43.367249	77.051514	666.2	11011
1327	2023-02-21	08:44:48	4093.8134	2	0.0196	0.0025	4087.9643	-2.4	-2.1	-2.5303	0.0015	0.0002	-0.3283	6.1758	60	0.210	43.367249	77.051514	666.20	43.367290	77.051384	669.8	11011
1327	2023-02-21	08:45:48	4093.8146	2	0.0319	0.0041	4087.9660	-3.2	-2.8	-2.5338	0.0012	0.0003	-0.3287	6.1758	60	0.210	43.367249	77.051514	666.20	43.367290	77.051384	669.8	11011
1327	2023-02-21	08:46:48	4093.8129	2	0.0268	0.0035	4087.9649	-4.0	-1.4	-2.5337	0.0010	0.0002	-0.3291	6.1759	60	0.210	43.367249	77.051514	666.20	43.367290	77.051384	669.8	11011
1327	2023-02-21	08:47:48	4093.8140	2	0.0233	0.0030	4087.9662	-5.5	-2.8	-2.5321	0.0007	0.0007	-0.3295	6.1759	60	0.210	43.367249	77.051514	666.20	43.367290	77.051384	669.8	11011
1327	2023-02-21	08:48:48	4093.8132	2	0.0196	0.0025	4087.9663	-4.9	-2.2	-2.5336	0.0005	0.0003	-0.3298	6.1759	60	0.210	43.367249	77.051514	666.20	43.367233	77.051483	673.4	11011
1089	2023-02-21	09:32:37	4096.5656	2	0.0301	0.0039	4090.7306	1.1	-1.2	-2.5228	-0.0142	0.0001	-0.3279	6.1769	60	0.210	43.356075	76.936699	677.67	--	--	--	11011
1089	2023-02-21	09:33:37	4096.5644	2	0.0208	0.0027	4090.7301	1.8	-1.2	-2.5221	-0.0146	0.0001	-0.3281	6.1770	60	0.210	43.356075	76.936699	677.67	--	--	--	11011
1089	2023-02-21	09:34:37	4096.5663	2	0.0225	0.0029	4090.7320	0.4	-0.7	-2.5231	-0.0150	0.0001	-0.3277	6.1770	60	0.210	43.356075	76.936699	677.67	--	--	--	11011
1089	2023-02-21	09:35:37	4096.5652	2	0.0195	0.0025	4090.7313	1.0	-0.6	-2.5161	-0.0154	0.0001	-0.3277	6.1770	60	0.210	43.356075	76.936699	677.67	--	--	--	11011
1089	2023-02-21	09:36:37	4096.5649	2	0.0200	0.0026	4090.7312	2.3	-1.0	-2.5168	-0.0158	0.0001	-0.3276	6.1770	60	0.210	43.356075	76.936699	677.67	--	--	--	11011
1089	2023-02-21	09:37:37	4096.5650	2	0.0223	0.0029	4090.7316	2.8	-1.0	-2.5145	-0.0163	0.0002	-0.3276	6.1770	60	0.210	43.356075	76.936699	677.67	--	--	--	11011
1089	2023-02-21	09:38:37	4096.5644	2	0.0236	0.0030	4090.7314	2.7	-3.1	-2.5116	-0.0167	0.0002	-0.3276	6.1771	60	0.210	43.356075	76.936699	677.67	--	--	--	11011
1089	2023-02-21	09:39:37	4096.5647	2	0.0216	0.0028	4090.7319	0.9	-1.8	-2.5139	-0.0171	0.0001	-0.3273	6.1771	60	0.210	43.356075	76.936699	677.67	--	--	--	11011
1089	2023-02-21	09:40:37	4096.5656	2	0.0256	0.0033	4090.7333	0.2	-2.9	-2.5240	-0.0176	0.0001	-0.3273	6.1771	60	0.210	43.356075	76.936699	677.67	--	--	--	11011
1089	2023-02-21	09:41:37	4096.5650	2	0.0164	0.0021	4090.7329	1.4	-3.1	-2.5109	-0.0180	0.0002	-0.3272	6.1771	60	0.210	43.356075	76.936699	677.67	--	--	--	11011
/		CG-6 Survey
/		Survey Name:	1327-1253
/		Instrument Serial Number:	000000022090460
/		Created:	2023-02-22 04:54:48
/
/		CG-6 Calibration
/		Operator:	SAMAT
/		Gcal1 [mGal]:	8008.163000
/		Goff [ADU]:	-8388608.000000
/		Gref [mGal]:	0.0000
/		X Scale [arc-sec/ADU]:	0.030855
/		Y Scale [arc-sec/ADU]:	0.031483
/		X Offset [ADU]:	-190283.000000
/		Y Offset [ADU]:	-147195.000000
/		Temperature Coefficient [mGal/mK]:	-0.130000
/		Temperature Scale [mK/ADU]:	-0.000111
/		Drift Rate [mGal/day]:	-0.042916
/		Drift Zero Time:	2022-08-22 14:00:27
/		Firmware Version:	CG6_2_20220815
/
/Station	Date	Time	CorrGrav	Line	StdDev	StdErr	RawGrav	X	Y	SensorTemp	TideCorr	TiltCorr	TempCorr	DriftCorr	MeasurDur	InstrHeight	LatUser	LonUser	ElevUser	LatGPS	LonGPS	ElevGPS	Corrections[drift-temp-na-tide-tilt]
1327	2023-02-22	04:54:48	4095.4860	3	0.0231	0.0030	4087.9869	-9.1	-5.4	-2.4918	-0.0585	0.0013	-0.3240	7.8803	60	0.208	43.367191	77.051486	674.00	43.367268	77.051575	708.9	11011
1327	2023-02-22	04:55:48	4095.4884	3	0.0169	0.0022	4087.9884	-11.7	-7.5	-2.4953	-0.0580	0.0021	-0.3244	7.8803	60	0.208	43.367191	77.051486	674.00	43.367268	77.051575	708.9	11011
1327	2023-02-22	04:56:48	4095.4900	3	0.0166	0.0021	4087.9889	-13.5	-8.3	-2.5049	-0.0574	0.0031	-0.3248	7.8803	60	0.208	43.367191	77.051486	674.00	43.367176	77.051514	710.5	11011
1327	2023-02-22	04:57:48	4095.4892	3	0.0200	0.0026	4087.9874	-14.0	-10.0	-2.5117	-0.0569	0.0038	-0.3255	7.8803	60	0.208	43.367191	77.051486	674.00	43.367176	77.051514	710.5	11011
1327	2023-02-22	04:58:48	4095.4904	3	0.0216	0.0028	4087.9886	-15.2	-10.0	-2.5101	-0.0563	0.0039	-0.3261	7.8804	60	0.208	43.367191	77.051486	674.00	43.367176	77.051514	710.5	11011
1327	2023-02-22	04:59:48	4095.4892	3	0.0165	0.0021	4087.9857	-17.5	-11.8	-2.5119	-0.0558	0.0053	-0.3264	7.8804	60	0.208	43.367191	77.051486	674.00	43.367176	77.051514	710.5	11011
1327	2023-02-22	05:00:48	4095.4888	3	0.0175	0.0023	4087.9840	-19.7	-11.8	-2.5176	-0.0552	0.0067	-0.3271	7.8804	60	0.208	43.367191	77.051486	674.00	43.367176	77.051514	710.5	11011
1327	2023-02-22	05:01:48	4095.4874	3	0.0187	0.0024	4087.9828	-20.7	-12.4	-2.5246	-0.0546	0.0063	-0.3276	7.8805	60	0.208	43.367191	77.051486	674.00	43.367176	77.051514	710.5	11011
1327	2023-02-22	05:02:48	4095.4887	3	0.0116	0.0015	4087.9806	-25.1	-13.5	-2.5308	-0.0541	0.0094	-0.3277	7.8805	60	0.208	43.367191	77.051486	674.00	43.367176	77.051514	710.5	11011
1327	2023-02-22	05:03:48	4095.4875	3	0.0166	0.0021	4087.9795	-24.9	-12.9	-2.5213	-0.0535	0.0090	-0.3280	7.8805	60	0.208	43.367191	77.051486	674.00	43.367176	77.051514	710.5	11011
1253	2023-02-22	06:14:46	3947.0222	3	0.0176	0.0023	3939.4804	4.6	-2.7	-2.5348	-0.0122	0.0004	-0.3290	7.8826	60	0.213	43.290495	77.326297	1380.00	--	--	--	11011
1253	2023-02-22	06:15:46	3947.0195	3	0.0086	0.0011	3939.4774	4.3	-3.8	-2.5362	-0.0116	0.0004	-0.3293	7.8827	60	0.213	43.290495	77.326297	1380.00	43.291061	77.326286	1198.8	11011
1253	2023-02-22	06:16:46	3947.0195	3	0.0144	0.0019	3939.4774	2.4	-4.6	-2.5404	-0.0111	0.0004	-0.3299	7.8827	60	0.213	43.290495	77.326297	1380.00	43.290634	77.326286	1315.8	11011
1253	2023-02-22	06:17:46	3947.0211	3	0.0103	0.0013	3939.4789	3.1	-5.5	-2.5383	-0.0106	0.0006	-0.3305	7.8827	60	0.213	43.290495	77.326297	1380.00	43.290558	77.326256	1345.0	11011
1253	2023-02-22	06:18:46	3947.0209	3	0.0106	0.0014	3939.4786	3.6	-5.6	-2.5475	-0.0100	0.0007	-0.3311	7.8828	60	0.213	43.290495	77.326297	1380.00	43.290558	77.326256	1345.0	11011
1253	2023-02-22	06:19:46	3947.0211	3	0.0091	0.0012	3939.4794	1.7	-4.3	-2.5576	-0.0095	0.0003	-0.3319	7.8828	60	0.213	43.290495	77.326297	1380.00	43.290611	77.326210	1361.7	11011
1253	2023-02-22	06:20:46	3947.0194	3	0.0101	0.0013	3939.4780	2.3	-4.5	-2.5599	-0.0090	0.0003	-0.3327	7.8828	60	0.213	43.290495	77.326297	1380.00	43.290604	77.326408	1361.7	11011
1253	2023-02-22	06:21:46	3947.0190	3	0.0095	0.0012	3939.4777	2.6	-4.3	-2.5686	-0.0084	0.0003	-0.3334	7.8829	60	0.213	43.290495	77.326297	1380.00	43.290546	77.326118	1362.4	11011
1253	2023-02-22	06:22:46	3947.0193	3	0.0116	0.0015	3939.4780	2.8	-5.2	-2.5753	-0.0079	0.0005	-0.3341	7.8829	60	0.213	43.290495	77.326297	1380.00	43.290462	77.326332	1362.8	11011
1253	2023-02-22	06:23:46	3947.0209	3	0.0126	0.0016	3939.4795	3.6	-6.3	-2.5781	-0.0074	0.0007	-0.3348	7.8829	60	0.213	43.290495	77.326297	1380.00	43.290604	77.326210	1362.9	11011
1327	2023-02-22	08:41:47	4095.4758	3	0.0425	0.0055	4087.8742	0.5	0.6	-2.4227	0.0296	0.0001	-0.3151	7.8870	60	0.210	43.367191	77.051486	674.00	43.367252	77.051460	662.9	11011
1327	2023-02-22	08:42:47	4095.4837	3	0.0113	0.0015	4087.8825	0.2	-2.7	-2.4271	0.0295	0.0001	-0.3155	7.8871	60	0.210	43.367191	77.051486	674.00	43.367252	77.051460	662.9	11011
1327	2023-02-22	08:43:47	4095.4851	3	0.0188	0.0024	4087.8843	1.3	-3.2	-2.4306	0.0295	0.0002	-0.3160	7.8871	60	0.210	43.367191	77.051486	674.00	43.367252	77.051460	662.9	11011
1327	2023-02-22	08:44:47	4095.4857	3	0.0164	0.0021	4087.8855	-0.2	-3.3	-2.4357	0.0294	0.0002	-0.3165	7.8871	60	0.210	43.367191	77.051486	674.00	43.367252	77.051460	662.9	11011
1327	2023-02-22	08:45:47	4095.4844	3	0.0159	0.0021	4087.8845	-0.5	-1.8	-2.4367	0.0294	0.0001	-0.3167	7.8871	60	0.210	43.367191	77.051486	674.00	43.367252	77.051460	662.9	11011
1327	2023-02-22	08:46:47	4095.4844	3	0.0145	0.0019	4087.8849	-0.3	-2.2	-2.4342	0.0293	0.0001	-0.3170	7.8872	60	0.210	43.367191	77.051486	674.00	43.367252	77.051460	662.9	11011
1327	2023-02-22	08:47:47	4095.4846	3	0.0132	0.0017	4087.8854	0.5	-1.2	-2.4418	0.0292	0.0001	-0.3172	7.8872	60	0.210	43.367191	77.051486	674.00	43.367252	77.051460	662.9	11011
1327	2023-02-22	08:48:47	4095.4849	3	0.0140	0.0018	4087.8858	0.3	-2.6	-2.4498	0.0291	0.0001	-0.3174	7.8872	60	0.210	43.367191	77.051486	674.00	43.367252	77.051460	662.9	11011
1327	2023-02-22	08:49:47	4095.4841	3	0.0201	0.0026	4087.8855	-0.7	-1.2	-2.4462	0.0291	0.0001	-0.3178	7.8873	60	0.210	43.367191	77.051486	674.00	43.367252	77.051460	662.9	11011
1327	2023-02-22	08:50:47	4095.4837	3	0.0166	0.0021	4087.8856	-1.4	-0.1	-2.4444	0.0290	0.0001	-0.3182	7.8873	60	0.210	43.367191	77.051486	674.00	43.367252	77.051460	662.9	11011
