
/	CG-5 SURVEY
/	Survey name:   	110a-ledv
/	Instrument S/N:	51265
/	Client:        	tsniigaik
/	Operator:      	iim
/	Date:          	2022/ 4/22
/	Time:          	05:47:17
/	LONG:        	37.5000000 E
/	LAT:         	55.8000000 N
/	ZONE:        	0       
/	GMT DIFF.:   	0.0 

/	CG-5 SETUP PARAMETERS
/	Gref:			0.000   
/	Gcal1:		8017.994
/	TiltxS:		646.306 
/	TiltyS:		739.919 
/	TiltxO:		-46.165 
/	TiltyO:		-37.934 
/	Tempco:		-0.137  
/	Drift:		0.875   
/	DriftTime Start:	05:47:19
/	DriftDate Start:	2022/04/22

/	CG-5 OPTIONS
/	Tide Correction:    YES
/	Cont. Tilt:          NO
/	Auto Rejection:     YES
/	Terrain Corr.:       NO
/	Seismic Filter:     YES
/	Raw Data:           YES
Line	  14.000N
/------LINE-----STATION-----ALT.------GRAV.---SD.--TILTX--TILTY-TEMP---TIDE---DUR-REJ-----TIME----DEC.TIME+DATE--TERRAIN---DATE
14.0000000  12.0000000   31.0545   6194.169 0.069   -1.2   -1.0 -0.34 -0.078  55   1 05:57:35     44641.24792    0.0000  2022/04/22
14.0000000  12.0000000   31.0545   6194.172 0.068   -1.5   -1.2 -0.34 -0.078  55   2 05:58:40     44641.24868    0.0000  2022/04/22
14.0000000  12.0000000   31.2986   6194.172 0.050   -1.6   -1.3 -0.35 -0.078  55   0 05:59:40     44641.24937    0.0000  2022/04/22
14.0000000  12.0000000   31.0545   6194.171 0.050   -1.9   -1.5 -0.35 -0.078  55   0 06:00:40     44641.25006    0.0000  2022/04/22
14.0000000  12.0000000   31.0545   6194.174 0.101   -2.0   -1.4 -0.36 -0.077  55   2 06:01:40     44641.25076    0.0000  2022/04/22
14.0000000  12.0000000   31.2986   6194.172 0.050   -2.2   -1.6 -0.36 -0.077  55   0 06:02:40     44641.25145    0.0000  2022/04/22
14.0000000  12.0000000   31.2986   6194.170 0.057   -2.3   -1.7 -0.37 -0.077  55   0 06:03:40     44641.25214    0.0000  2022/04/22
14.0000000  12.0000000   31.2986   6194.172 0.046   -2.4   -1.8 -0.37 -0.077  55   0 06:04:40     44641.25284    0.0000  2022/04/22
14.0000000  12.0000000   31.0545   6194.171 0.042   -2.4   -1.9 -0.38 -0.077  55   0 06:05:40     44641.25353    0.0000  2022/04/22
14.0000000  12.0000000   31.2986   6194.171 0.045   -2.5   -2.0 -0.38 -0.076  55   0 06:06:40     44641.25422    0.0000  2022/04/22
14.0000000  12.0000000   31.2986   6194.171 0.059   -2.6   -2.2 -0.39 -0.076  55   0 06:07:40     44641.25492    0.0000  2022/04/22
14.0000000  12.0000000   31.2986   6194.170 0.064   -2.7   -2.2 -0.39 -0.076  55   0 06:08:40     44641.25561    0.0000  2022/04/22
14.0000000  12.0000000   31.5428   6194.172 0.059   -2.7   -2.4 -0.39 -0.076  55   0 06:09:40     44641.25630    0.0000  2022/04/22
14.0000000  12.0000000   31.2986   6194.169 0.054   -2.7   -2.4 -0.40 -0.075  55   0 06:10:40     44641.25700    0.0000  2022/04/22
14.0000000  12.0000000   31.2986   6194.170 0.065   -2.8   -2.4 -0.40 -0.075  55   2 06:11:40     44641.25769    0.0000  2022/04/22
14.0000000  12.0000000   31.2986   6194.171 0.043   -2.8   -2.6 -0.40 -0.075  55   0 06:12:40     44641.25838    0.0000  2022/04/22
14.0000000  12.0000000   31.2986   6194.172 0.045   -2.8   -2.6 -0.41 -0.075  55   0 06:13:40     44641.25908    0.0000  2022/04/22
14.0000000  12.0000000   31.2986   6194.171 0.038   -2.8   -2.8 -0.41 -0.075  55   0 06:14:40     44641.25977    0.0000  2022/04/22
14.0000000  12.0000000   31.2986   6194.172 0.047   -2.8   -2.9 -0.41 -0.074  55   0 06:15:40     44641.26046    0.0000  2022/04/22
14.0000000  12.0000000   31.2986   6194.172 0.045   -2.8   -2.9 -0.41 -0.074  55   0 06:16:40     44641.26116    0.0000  2022/04/22
14.0000000  12.0000000   31.2986   6194.171 0.041   -2.8   -3.0 -0.41 -0.074  55   0 06:17:40     44641.26185    0.0000  2022/04/22
14.0000000  12.0000000   31.2986   6194.170 0.038   -2.9   -3.1 -0.41 -0.074  55   0 06:18:40     44641.26254    0.0000  2022/04/22
14.0000000  12.0000000   31.5428   6194.170 0.066   -2.9   -3.1 -0.41 -0.073  55   0 06:19:40     44641.26324    0.0000  2022/04/22
14.0000000  12.0000000   31.2986   6194.173 0.045   -2.9   -3.2 -0.42 -0.073  55   2 06:20:40     44641.26393    0.0000  2022/04/22
14.0000000  12.0000000   31.2986   6194.171 0.051   -2.9   -3.4 -0.42 -0.073  55   0 06:21:40     44641.26462    0.0000  2022/04/22
14.0000000  12.0000000   31.2986   6194.169 0.073   -2.9   -3.5 -0.42 -0.073  55   0 06:22:40     44641.26532    0.0000  2022/04/22
14.0000000  12.0000000   31.2986   6194.170 0.060   -3.0   -3.6 -0.42 -0.072  55   0 06:23:40     44641.26601    0.0000  2022/04/22
14.0000000  12.0000000   31.5428   6194.170 0.052   -2.9   -3.7 -0.42 -0.072  55   0 06:24:40     44641.26670    0.0000  2022/04/22
14.0000000  12.0000000   31.2986   6194.170 0.070   -3.0   -3.9 -0.42 -0.072  55   0 06:25:40     44641.26740    0.0000  2022/04/22
14.0000000  12.0000000   31.2986   6194.171 0.041   -2.9   -4.0 -0.42 -0.072  55   0 06:26:40     44641.26809    0.0000  2022/04/22
14.0000000  12.0000000   31.2986   6194.175 0.059   -2.9   -4.0 -0.42 -0.071  55   4 06:27:40     44641.26878    0.0000  2022/04/22
14.0000000  12.0000000   31.2986   6194.169 0.050   -2.9   -4.2 -0.42 -0.071  55   0 06:28:40     44641.26948    0.0000  2022/04/22
14.0000000  12.0000000   31.2986   6194.172 0.044   -2.9   -4.3 -0.42 -0.071  55   0 06:29:40     44641.27017    0.0000  2022/04/22
14.0000000  12.0000000   31.2986   6194.169 0.072   -3.0   -4.4 -0.42 -0.071  55   1 06:30:40     44641.27086    0.0000  2022/04/22
14.0000000  12.0000000   31.2986   6194.169 0.061   -2.9   -4.5 -0.42 -0.070  55   0 06:31:40     44641.27156    0.0000  2022/04/22
14.0000000  12.0000000   31.2986   6194.169 0.045   -3.0   -4.7 -0.42 -0.070  55   0 06:32:40     44641.27225    0.0000  2022/04/22
14.0000000  12.0000000   31.2986   6194.170 0.057   -3.1   -4.7 -0.42 -0.070  55   0 06:33:40     44641.27294    0.0000  2022/04/22
14.0000000  12.0000000   31.2986   6194.169 0.050   -3.0   -4.9 -0.42 -0.070  55   0 06:34:40     44641.27364    0.0000  2022/04/22
14.0000000  12.0000000   31.2986   6194.168 0.070   -3.0   -5.1 -0.42 -0.069  55   0 06:35:40     44641.27433    0.0000  2022/04/22
14.0000000  12.0000000   31.2986   6194.169 0.053   -3.0   -5.2 -0.43 -0.069  55   0 06:36:40     44641.27502    0.0000  2022/04/22
14.0000000  12.0000000   31.5428   6194.171 0.041   -3.0   -5.3 -0.42 -0.069  55   0 06:37:40     44641.27572    0.0000  2022/04/22
14.0000000  12.0000000   31.2986   6194.171 0.043   -3.1   -5.3 -0.42 -0.068  55   0 06:38:40     44641.27641    0.0000  2022/04/22
14.0000000  12.0000000   31.2986   6194.169 0.051   -3.0   -5.4 -0.42 -0.068  55   0 06:39:40     44641.27710    0.0000  2022/04/22
14.0000000  12.0000000   31.2986   6194.170 0.046   -3.1   -5.6 -0.43 -0.068  55   0 06:40:40     44641.27780    0.0000  2022/04/22
14.0000000  12.0000000   31.2986   6194.171 0.050   -3.1   -5.7 -0.42 -0.068  55   0 06:41:40     44641.27849    0.0000  2022/04/22
14.0000000  12.0000000   31.2986   6194.170 0.048   -3.1   -5.9 -0.42 -0.067  55   0 06:42:40     44641.27918    0.0000  2022/04/22
14.0000000  12.0000000   31.2986   6194.171 0.069   -3.0   -5.9 -0.42 -0.067  55   0 06:43:40     44641.27988    0.0000  2022/04/22
14.0000000  12.0000000   31.2986   6194.169 0.058   -3.1   -6.1 -0.42 -0.067  55   1 06:44:40     44641.28057    0.0000  2022/04/22
14.0000000  12.0000000   31.2986   6194.169 0.042   -2.9   -6.2 -0.42 -0.067  55   0 06:45:40     44641.28126    0.0000  2022/04/22
14.0000000  12.0000000   31.5428   6194.171 0.082   -3.0   -6.3 -0.43 -0.066  55   0 06:46:40     44641.28196    0.0000  2022/04/22
14.0000000  12.0000000   31.2986   6194.170 0.066   -3.2   -6.3 -0.43 -0.066  55   0 06:47:40     44641.28265    0.0000  2022/04/22
14.0000000  12.0000000   31.5428   6194.170 0.042   -3.1   -6.6 -0.43 -0.066  55   0 06:48:40     44641.28334    0.0000  2022/04/22
14.0000000  12.0000000   31.2986   6194.172 0.044   -3.1   -6.6 -0.43 -0.065  55   0 06:49:40     44641.28404    0.0000  2022/04/22
14.0000000  12.0000000   31.5428   6194.171 0.064   -3.1   -6.7 -0.43 -0.065  55   0 06:50:40     44641.28473    0.0000  2022/04/22
14.0000000  12.0000000   31.2986   6194.170 0.042   -3.1   -6.8 -0.43 -0.065  55   0 06:51:40     44641.28542    0.0000  2022/04/22
14.0000000  12.0000000   31.2986   6194.170 0.037   -3.2   -6.9 -0.43 -0.065  55   0 06:52:40     44641.28612    0.0000  2022/04/22
14.0000000  12.0000000   31.2986   6194.170 0.041   -3.2   -7.1 -0.43 -0.064  55   0 06:53:40     44641.28681    0.0000  2022/04/22
14.0000000  12.0000000   31.2986   6194.170 0.045   -3.2   -7.2 -0.43 -0.064  55   0 06:54:40     44641.28750    0.0000  2022/04/22
14.0000000  12.0000000   31.2986   6194.170 0.045   -3.2   -7.3 -0.43 -0.064  55   0 06:55:40     44641.28820    0.0000  2022/04/22
14.0000000  12.0000000   30.3221   6194.169 0.039   -3.1   -7.5 -0.43 -0.063  55   0 06:56:41     44641.28890    0.0000  2022/04/22
14.0000000  42.0000000   32.7635   6174.559 0.030    0.4    0.4 -0.16 -0.038  55   2 08:12:42     44641.34161    0.0000  2022/04/22
14.0000000  42.0000000   32.7635   6174.560 0.022    0.7    0.5 -0.18 -0.037  55   0 08:13:47     44641.34236    0.0000  2022/04/22
14.0000000  42.0000000   32.5193   6174.560 0.032    0.9    0.5 -0.20 -0.037  55   7 08:14:47     44641.34305    0.0000  2022/04/22
14.0000000  42.0000000   32.5193   6174.563 0.065    0.9    0.4 -0.22 -0.037  55   3 08:15:47     44641.34374    0.0000  2022/04/22
14.0000000  42.0000000   32.5193   6174.559 0.023    1.0    0.4 -0.24 -0.036  55   0 08:16:47     44641.34444    0.0000  2022/04/22
14.0000000  42.0000000   32.5193   6174.559 0.025    1.1    0.3 -0.26 -0.036  55   0 08:17:47     44641.34513    0.0000  2022/04/22
14.0000000  42.0000000   32.5193   6174.554 0.053    1.2    0.3 -0.27 -0.036  55  11 08:18:47     44641.34582    0.0000  2022/04/22
14.0000000  42.0000000   32.5193   6174.559 0.124    1.2    0.2 -0.29 -0.035  55   0 08:19:47     44641.34652    0.0000  2022/04/22
14.0000000  42.0000000   32.2752   6174.560 0.031    1.2    0.1 -0.30 -0.035  55   0 08:20:47     44641.34721    0.0000  2022/04/22
14.0000000  42.0000000   32.0310   6174.558 0.059    1.2    0.0 -0.31 -0.034  55   0 08:21:47     44641.34790    0.0000  2022/04/22
14.0000000  42.0000000   32.0310   6174.557 0.096    1.2    0.0 -0.33 -0.034  55   3 08:22:47     44641.34860    0.0000  2022/04/22
14.0000000  42.0000000   32.0310   6174.560 0.086    1.2    0.0 -0.34 -0.034  55   5 08:23:47     44641.34929    0.0000  2022/04/22
14.0000000  42.0000000   32.0310   6174.560 0.055    1.3   -0.1 -0.34 -0.033  55   0 08:24:47     44641.34998    0.0000  2022/04/22
14.0000000  42.0000000   31.7869   6174.560 0.048    1.2   -0.3 -0.35 -0.033  55   0 08:25:47     44641.35068    0.0000  2022/04/22
14.0000000  42.0000000   31.7869   6174.561 0.037    1.2   -0.4 -0.36 -0.033  55   3 08:26:47     44641.35137    0.0000  2022/04/22
14.0000000  42.0000000   31.7869   6174.560 0.031    1.2   -0.4 -0.37 -0.032  55   0 08:27:47     44641.35206    0.0000  2022/04/22
14.0000000  42.0000000   31.7869   6174.559 0.030    1.2   -0.5 -0.37 -0.032  55   0 08:28:47     44641.35276    0.0000  2022/04/22
14.0000000  42.0000000   31.5428   6174.560 0.042    1.2   -0.6 -0.38 -0.031  55   1 08:29:47     44641.35345    0.0000  2022/04/22
14.0000000  42.0000000   31.5428   6174.560 0.025    1.2   -0.7 -0.38 -0.031  55   0 08:30:47     44641.35414    0.0000  2022/04/22
14.0000000  42.0000000   31.5428   6174.560 0.034    1.1   -0.9 -0.39 -0.031  55   0 08:31:47     44641.35484    0.0000  2022/04/22
14.0000000  42.0000000   31.5428   6174.561 0.025    1.1   -1.1 -0.39 -0.030  55   0 08:32:47     44641.35553    0.0000  2022/04/22
14.0000000  42.0000000   31.5428   6174.559 0.025    1.1   -1.2 -0.40 -0.030  55   0 08:33:47     44641.35622    0.0000  2022/04/22
14.0000000  42.0000000   31.5428   6174.560 0.022    1.0   -1.3 -0.40 -0.029  55   0 08:34:47     44641.35692    0.0000  2022/04/22
14.0000000  42.0000000   31.5428   6174.560 0.023    1.0   -1.4 -0.41 -0.029  55   0 08:35:47     44641.35761    0.0000  2022/04/22
14.0000000  42.0000000   31.5428   6174.559 0.023    1.0   -1.5 -0.41 -0.029  55   0 08:36:47     44641.35830    0.0000  2022/04/22
14.0000000  42.0000000   31.2986   6174.559 0.025    0.9   -1.7 -0.41 -0.028  55   2 08:37:47     44641.35900    0.0000  2022/04/22
14.0000000  42.0000000   31.2986   6174.559 0.024    0.9   -1.9 -0.41 -0.028  55   0 08:38:47     44641.35969    0.0000  2022/04/22
14.0000000  42.0000000   31.2986   6174.559 0.019    0.9   -2.0 -0.42 -0.027  55   0 08:39:47     44641.36038    0.0000  2022/04/22
14.0000000  42.0000000   31.0545   6174.559 0.035    0.9   -2.1 -0.42 -0.027  55   0 08:40:47     44641.36108    0.0000  2022/04/22
14.0000000  42.0000000   31.2986   6174.557 0.066    0.8   -2.2 -0.42 -0.027  55   0 08:41:47     44641.36177    0.0000  2022/04/22
14.0000000  42.0000000   31.0545   6174.557 0.089    0.8   -2.4 -0.42 -0.026  55   0 08:42:47     44641.36246    0.0000  2022/04/22
14.0000000  42.0000000   31.0545   6174.557 0.030    0.7   -2.5 -0.42 -0.026  55   3 08:43:47     44641.36316    0.0000  2022/04/22
14.0000000  42.0000000   31.0545   6174.558 0.035    0.7   -2.6 -0.42 -0.025  55   0 08:44:47     44641.36385    0.0000  2022/04/22
14.0000000  42.0000000   31.0545   6174.558 0.033    0.7   -2.8 -0.43 -0.025  55   0 08:45:47     44641.36454    0.0000  2022/04/22
14.0000000  42.0000000   31.0545   6174.559 0.028    0.7   -2.9 -0.43 -0.025  55   1 08:46:47     44641.36524    0.0000  2022/04/22
14.0000000  42.0000000   30.8103   6174.559 0.043    0.6   -3.0 -0.43 -0.024  55   1 08:47:47     44641.36593    0.0000  2022/04/22
14.0000000  42.0000000   31.0545   6174.557 0.051    0.6   -3.2 -0.43 -0.024  55   0 08:48:47     44641.36662    0.0000  2022/04/22
14.0000000  42.0000000   30.8103   6174.559 0.055    0.5   -3.3 -0.43 -0.023  55   6 08:49:47     44641.36732    0.0000  2022/04/22
14.0000000  42.0000000   31.0545   6174.556 0.066    0.5   -3.4 -0.43 -0.023  55   0 08:50:47     44641.36801    0.0000  2022/04/22
14.0000000  42.0000000   30.8103   6174.558 0.072    0.5   -3.5 -0.43 -0.023  55   0 08:51:47     44641.36870    0.0000  2022/04/22
14.0000000  42.0000000   30.8103   6174.559 0.089    0.5   -3.6 -0.43 -0.022  55   1 08:52:47     44641.36940    0.0000  2022/04/22
14.0000000  42.0000000   30.8103   6174.557 0.049    0.4   -3.8 -0.43 -0.022  55   0 08:53:47     44641.37009    0.0000  2022/04/22
14.0000000  42.0000000   30.8103   6174.557 0.031    0.4   -3.9 -0.43 -0.021  55   0 08:54:47     44641.37078    0.0000  2022/04/22
14.0000000  42.0000000   30.8103   6174.557 0.024    0.3   -4.0 -0.43 -0.021  55   0 08:55:47     44641.37148    0.0000  2022/04/22
14.0000000  42.0000000   30.8103   6174.557 0.043    0.3   -4.1 -0.43 -0.021  55   0 08:56:47     44641.37217    0.0000  2022/04/22
14.0000000  42.0000000   30.5662   6174.557 0.022    0.2   -4.3 -0.44 -0.020  55   0 08:57:47     44641.37286    0.0000  2022/04/22
14.0000000  42.0000000   30.8103   6174.557 0.030    0.3   -4.4 -0.44 -0.020  55   0 08:58:47     44641.37356    0.0000  2022/04/22
14.0000000  42.0000000   30.5662   6174.558 0.022    0.2   -4.5 -0.44 -0.019  55   0 08:59:47     44641.37425    0.0000  2022/04/22
14.0000000  42.0000000   30.5662   6174.557 0.023    0.2   -4.7 -0.44 -0.019  55   0 09:00:47     44641.37494    0.0000  2022/04/22
14.0000000  42.0000000   30.8103   6174.557 0.022    0.2   -4.8 -0.44 -0.019  55   0 09:01:47     44641.37564    0.0000  2022/04/22
14.0000000  42.0000000   30.5662   6174.558 0.024    0.1   -4.8 -0.44 -0.018  55   0 09:02:47     44641.37633    0.0000  2022/04/22
14.0000000  42.0000000   30.5662   6174.557 0.024    0.1   -5.0 -0.44 -0.018  55   0 09:03:47     44641.37702    0.0000  2022/04/22
14.0000000  42.0000000   30.5662   6174.557 0.030    0.0   -5.1 -0.44 -0.017  55   0 09:04:47     44641.37772    0.0000  2022/04/22
14.0000000  42.0000000   30.3221   6174.557 0.034    0.0   -5.2 -0.44 -0.017  55   0 09:05:47     44641.37841    0.0000  2022/04/22
14.0000000  42.0000000   30.5662   6174.557 0.065    0.0   -5.3 -0.44 -0.016  55   0 09:06:47     44641.37910    0.0000  2022/04/22
14.0000000  42.0000000   30.5662   6174.558 0.039    0.0   -5.5 -0.44 -0.016  55   0 09:07:47     44641.37980    0.0000  2022/04/22
14.0000000  42.0000000   30.3221   6174.557 0.047    0.0   -5.5 -0.44 -0.016  55   0 09:08:47     44641.38049    0.0000  2022/04/22
14.0000000  42.0000000   30.5662   6174.556 0.083    0.0   -5.7 -0.44 -0.015  55   3 09:09:47     44641.38118    0.0000  2022/04/22
14.0000000  42.0000000   30.3221   6174.556 0.038    0.0   -5.7 -0.44 -0.015  55   8 09:10:47     44641.38188    0.0000  2022/04/22
14.0000000  42.0000000   29.3455   6174.555 0.051    0.0   -5.9 -0.44 -0.014  55   0 09:11:48     44641.38258    0.0000  2022/04/22
14.0000000  12.0000000   34.2283   6194.152 0.068   -1.1    1.0 -0.15 0.024  55   1 10:50:10     44641.45078    0.0000  2022/04/22
14.0000000  12.0000000   34.2283   6194.149 0.095   -1.1    0.6 -0.17 0.025  55   1 10:51:15     44641.45153    0.0000  2022/04/22
14.0000000  12.0000000   33.9842   6194.149 0.078   -1.0    0.6 -0.19 0.025  55   1 10:52:15     44641.45223    0.0000  2022/04/22
14.0000000  12.0000000   33.9842   6194.151 0.045   -1.1    0.4 -0.21 0.026  55   0 10:53:15     44641.45292    0.0000  2022/04/22
14.0000000  12.0000000   33.9842   6194.151 0.038   -1.2    0.3 -0.23 0.026  55   0 10:54:15     44641.45361    0.0000  2022/04/22
14.0000000  12.0000000   33.7400   6194.152 0.039   -1.3    0.2 -0.25 0.026  55   1 10:55:15     44641.45431    0.0000  2022/04/22
14.0000000  12.0000000   33.4959   6194.152 0.058   -1.3    0.0 -0.27 0.027  55   0 10:56:15     44641.45500    0.0000  2022/04/22
14.0000000  12.0000000   33.7400   6194.152 0.041   -1.5   -0.1 -0.28 0.027  55   0 10:57:15     44641.45569    0.0000  2022/04/22
14.0000000  12.0000000   33.4959   6194.151 0.038   -1.5   -0.2 -0.30 0.027  55   0 10:58:15     44641.45639    0.0000  2022/04/22
14.0000000  12.0000000   33.4959   6194.152 0.037   -1.7   -0.3 -0.31 0.028  55   0 10:59:15     44641.45708    0.0000  2022/04/22
14.0000000  12.0000000   33.4959   6194.151 0.035   -1.8   -0.5 -0.32 0.028  55   0 11:00:15     44641.45777    0.0000  2022/04/22
14.0000000  12.0000000   33.2517   6194.151 0.041   -1.9   -0.7 -0.33 0.029  55   0 11:01:15     44641.45847    0.0000  2022/04/22
14.0000000  12.0000000   33.2517   6194.150 0.039   -2.0   -0.7 -0.34 0.029  55   0 11:02:15     44641.45916    0.0000  2022/04/22
14.0000000  12.0000000   33.0076   6194.150 0.040   -2.2   -0.8 -0.35 0.029  55   0 11:03:15     44641.45985    0.0000  2022/04/22
14.0000000  12.0000000   33.0076   6194.151 0.038   -2.2   -1.0 -0.36 0.030  55   0 11:04:15     44641.46055    0.0000  2022/04/22
14.0000000  12.0000000   33.0076   6194.151 0.030   -2.3   -1.2 -0.37 0.030  55   0 11:05:15     44641.46124    0.0000  2022/04/22
14.0000000  12.0000000   32.7635   6194.150 0.089   -2.4   -1.3 -0.37 0.030  55   3 11:06:15     44641.46193    0.0000  2022/04/22
14.0000000  12.0000000   32.7635   6194.151 0.039   -2.6   -1.5 -0.38 0.031  55   0 11:07:15     44641.46263    0.0000  2022/04/22
14.0000000  12.0000000   32.7635   6194.150 0.038   -2.6   -1.6 -0.39 0.031  55  11 11:08:15     44641.46332    0.0000  2022/04/22
14.0000000  12.0000000   32.7635   6194.149 0.043   -2.8   -1.8 -0.39 0.031  55   0 11:09:15     44641.46401    0.0000  2022/04/22
14.0000000  12.0000000   32.5193   6194.151 0.034   -2.7   -1.9 -0.39 0.032  55   0 11:10:15     44641.46471    0.0000  2022/04/22
14.0000000  12.0000000   32.5193   6194.151 0.041   -2.9   -2.1 -0.40 0.032  55   0 11:11:15     44641.46540    0.0000  2022/04/22
14.0000000  12.0000000   32.5193   6194.151 0.057   -3.0   -2.2 -0.40 0.033  55   0 11:12:15     44641.46609    0.0000  2022/04/22
14.0000000  12.0000000   32.7635   6194.152 0.030   -3.1   -2.3 -0.41 0.033  55   0 11:13:15     44641.46679    0.0000  2022/04/22
14.0000000  12.0000000   32.5193   6194.151 0.059   -3.1   -2.6 -0.41 0.033  55   0 11:14:15     44641.46748    0.0000  2022/04/22
14.0000000  12.0000000   32.5193   6194.150 0.045   -3.2   -2.7 -0.41 0.034  55   0 11:15:15     44641.46817    0.0000  2022/04/22
14.0000000  12.0000000   32.5193   6194.152 0.044   -3.3   -2.9 -0.41 0.034  55   0 11:16:15     44641.46887    0.0000  2022/04/22
14.0000000  12.0000000   32.2752   6194.151 0.052   -3.4   -3.0 -0.42 0.034  55   0 11:17:15     44641.46956    0.0000  2022/04/22
14.0000000  12.0000000   32.2752   6194.150 0.050   -3.5   -3.1 -0.42 0.035  55   0 11:18:15     44641.47025    0.0000  2022/04/22
14.0000000  12.0000000   32.2752   6194.150 0.058   -3.6   -3.2 -0.42 0.035  55   0 11:19:15     44641.47095    0.0000  2022/04/22
14.0000000  12.0000000   32.2752   6194.152 0.040   -3.6   -3.5 -0.42 0.035  55   0 11:20:15     44641.47164    0.0000  2022/04/22
14.0000000  12.0000000   32.2752   6194.154 0.060   -3.8   -3.6 -0.42 0.036  55   3 11:21:15     44641.47233    0.0000  2022/04/22
14.0000000  12.0000000   32.2752   6194.153 0.047   -3.8   -3.7 -0.43 0.036  55   1 11:22:15     44641.47303    0.0000  2022/04/22
14.0000000  12.0000000   32.2752   6194.151 0.046   -3.8   -3.9 -0.43 0.036  55   0 11:23:15     44641.47372    0.0000  2022/04/22
14.0000000  12.0000000   32.2752   6194.150 0.044   -3.9   -4.0 -0.43 0.037  55   0 11:24:15     44641.47441    0.0000  2022/04/22
14.0000000  12.0000000   32.0310   6194.151 0.044   -4.1   -4.2 -0.43 0.037  55   0 11:25:15     44641.47511    0.0000  2022/04/22
14.0000000  12.0000000   32.0310   6194.151 0.052   -4.2   -4.3 -0.43 0.037  55   0 11:26:15     44641.47580    0.0000  2022/04/22
14.0000000  12.0000000   32.0310   6194.150 0.037   -4.3   -4.4 -0.43 0.038  55   0 11:27:15     44641.47649    0.0000  2022/04/22
14.0000000  12.0000000   32.0310   6194.149 0.050   -4.2   -4.6 -0.43 0.038  55   0 11:28:15     44641.47719    0.0000  2022/04/22
14.0000000  12.0000000   32.0310   6194.150 0.071   -4.5   -4.9 -0.43 0.038  55   0 11:29:15     44641.47788    0.0000  2022/04/22
14.0000000  12.0000000   32.0310   6194.152 0.089   -4.5   -4.8 -0.43 0.039  55   0 11:30:15     44641.47857    0.0000  2022/04/22
14.0000000  12.0000000   32.0310   6194.150 0.070   -4.7   -5.0 -0.43 0.039  55   0 11:31:15     44641.47927    0.0000  2022/04/22
14.0000000  12.0000000   32.0310   6194.151 0.055   -4.9   -5.1 -0.43 0.039  55   1 11:32:15     44641.47996    0.0000  2022/04/22
14.0000000  12.0000000   32.0310   6194.151 0.061   -4.9   -5.3 -0.43 0.040  55   0 11:33:15     44641.48065    0.0000  2022/04/22
14.0000000  12.0000000   32.0310   6194.150 0.045   -4.9   -5.2 -0.44 0.040  55   0 11:34:15     44641.48135    0.0000  2022/04/22
14.0000000  12.0000000   31.7869   6194.151 0.046   -5.0   -5.4 -0.44 0.040  55   0 11:35:15     44641.48204    0.0000  2022/04/22
14.0000000  12.0000000   31.7869   6194.149 0.069   -5.1   -5.7 -0.44 0.041  55   0 11:36:15     44641.48273    0.0000  2022/04/22
14.0000000  12.0000000   31.7869   6194.150 0.056   -5.1   -5.7 -0.44 0.041  55   3 11:37:15     44641.48343    0.0000  2022/04/22
14.0000000  12.0000000   31.7869   6194.149 0.087   -5.2   -5.8 -0.44 0.041  55   2 11:38:15     44641.48412    0.0000  2022/04/22
14.0000000  12.0000000   31.7869   6194.151 0.053   -5.3   -5.9 -0.44 0.042  55   0 11:39:15     44641.48481    0.0000  2022/04/22
14.0000000  12.0000000   31.7869   6194.151 0.037   -5.3   -6.1 -0.44 0.042  55   0 11:40:15     44641.48551    0.0000  2022/04/22
14.0000000  12.0000000   31.7869   6194.149 0.060   -5.3   -6.2 -0.44 0.042  55   0 11:41:15     44641.48620    0.0000  2022/04/22
14.0000000  12.0000000   31.7869   6194.151 0.043   -5.5   -6.4 -0.44 0.043  55   0 11:42:15     44641.48689    0.0000  2022/04/22
14.0000000  12.0000000   31.7869   6194.150 0.046   -5.4   -6.4 -0.44 0.043  55   0 11:43:15     44641.48759    0.0000  2022/04/22
14.0000000  12.0000000   31.7869   6194.150 0.045   -5.5   -6.6 -0.44 0.043  55   0 11:44:15     44641.48828    0.0000  2022/04/22
14.0000000  12.0000000   31.7869   6194.150 0.042   -5.5   -6.8 -0.44 0.044  55   0 11:45:15     44641.48897    0.0000  2022/04/22
14.0000000  12.0000000   31.7869   6194.148 0.061   -5.5   -7.0 -0.44 0.044  55   0 11:46:15     44641.48967    0.0000  2022/04/22
14.0000000  12.0000000   31.7869   6194.150 0.128   -5.5   -6.9 -0.44 0.044  55   0 11:47:15     44641.49036    0.0000  2022/04/22
14.0000000  12.0000000   31.7869   6194.148 0.088   -5.6   -7.1 -0.44 0.045  55   0 11:48:15     44641.49105    0.0000  2022/04/22
14.0000000  12.0000000   30.3221   6194.150 0.056   -5.6   -7.2 -0.44 0.045  55   0 11:49:16     44641.49176    0.0000  2022/04/22