
/	CG-5 SURVEY
/	Survey name:   	pbz
/	Instrument S/N:	49459
/	Client:        	pbz
/	Operator:      	operator1
/	Date:          	2020/ 2/17
/	Time:          	08:27:09
/	LONG:        	77.1000000 E
/	LAT:         	43.7000000 N
/	ZONE:        	43      
/	GMT DIFF.:   	-6.0

/	CG-5 SETUP PARAMETERS
/	Gref:			1500.000
/	Gcal1:		8925.088
/	TiltxS:		655.448 
/	TiltyS:		637.797 
/	TiltxO:		-6.768  
/	TiltyO:		-13.985 
/	Tempco:		-0.121  
/	Drift:		0.426   
/	DriftTime Start:	08:27:11
/	DriftDate Start:	2020/02/17

/	CG-5 OPTIONS
/	Tide Correction:    YES
/	Cont. Tilt:         YES
/	Auto Rejection:     YES
/	Terrain Corr.:       NO
/	Seismic Filter:     YES
/	Raw Data:            NO
Line	   0.000S
/------LINE-----STATION-----ALT.------GRAV.---SD.--TILTX--TILTY-TEMP---TIDE---DUR-REJ-----TIME----DEC.TIME+DATE--TERRAIN---DATE
 0.0000000  10.0000000    0.0000   5510.376 0.020   -1.3    0.8 -1.60 -0.060  40   0 08:31:18     43846.35450    0.0000  2020/02/17
 0.0000000  10.0000000    0.0000   5510.374 0.012   -1.4    0.7 -1.86 -0.060  40   0 08:32:07     43846.35507    0.0000  2020/02/17
 0.0000000  10.0000000    0.0000   5510.370 0.012   -1.5    0.5 -2.12 -0.060  40   0 08:32:51     43846.35558    0.0000  2020/02/17
 0.0000000  10.0000000    0.0000   5510.367 0.023   -1.6    0.3 -2.37 -0.060  40   0 08:33:35     43846.35608    0.0000  2020/02/17
 0.0000000  10.0000000    0.0000   5510.365 0.024   -1.7    0.3 -2.55 -0.060  40   0 08:34:19     43846.35659    0.0000  2020/02/17
 0.0000000  10.0000000    0.0000   5510.367 0.021   -1.8    0.1 -2.68 -0.060  40   0 08:35:03     43846.35710    0.0000  2020/02/17
 0.0000000   2.0000000    0.0000   5511.899 0.019    0.0    4.9 -2.07 -0.061  40   0 08:57:48     43846.37287    0.0000  2020/02/17
 0.0000000   2.0000000    0.0000   5511.900 0.013    0.2    4.5 -2.10 -0.061  40   0 08:58:37     43846.37344    0.0000  2020/02/17
 0.0000000   2.0000000    0.0000   5511.898 0.013    0.8    4.3 -2.07 -0.061  40   0 08:59:21     43846.37395    0.0000  2020/02/17
 0.0000000   2.0000000    0.0000   5511.900 0.023    1.2    4.6 -2.00 -0.061  40   0 09:00:05     43846.37446    0.0000  2020/02/17
 0.0000000   1.0000000    0.0000   5529.989 0.012    2.6    0.0 -1.59 -0.062  40   1 09:20:04     43846.38831    0.0000  2020/02/17
 0.0000000   1.0000000    0.0000   5529.991 0.017    3.2    0.7 -1.55 -0.062  40   0 09:20:53     43846.38888    0.0000  2020/02/17
 0.0000000   1.0000000    0.0000   5529.991 0.017    3.8    0.5 -1.56 -0.062  40   0 09:21:37     43846.38939    0.0000  2020/02/17
 0.0000000   1.0000000    0.0000   5529.988 0.014    4.0    0.5 -1.60 -0.062  40   0 09:22:21     43846.38990    0.0000  2020/02/17
 0.0000000   2.0000000    0.0000   5511.895 0.020    1.1    0.6 -0.98 -0.063  40   0 09:43:42     43846.40470    0.0000  2020/02/17
 0.0000000   2.0000000    0.0000   5511.894 0.016    1.4    1.8 -0.94 -0.063  40   0 09:44:31     43846.40526    0.0000  2020/02/17
 0.0000000   2.0000000    0.0000   5511.893 0.017    1.8    2.3 -0.89 -0.064  40   9 09:45:15     43846.40577    0.0000  2020/02/17
 0.0000000   2.0000000    0.0000   5511.893 0.032    1.9    2.6 -0.85 -0.064  40   7 09:45:59     43846.40628    0.0000  2020/02/17
 0.0000000   2.0000000    0.0000   5511.892 0.017    2.0    2.7 -0.86 -0.064  40   0 09:46:43     43846.40679    0.0000  2020/02/17
 0.0000000   1.0000000    0.0000   5529.968 0.011    0.0    1.1 -0.70 -0.065  40   1 10:05:07     43846.41955    0.0000  2020/02/17
 0.0000000   1.0000000    0.0000   5529.971 0.017    0.4    2.1 -0.67 -0.065  40   0 10:05:56     43846.42011    0.0000  2020/02/17
 0.0000000   1.0000000    0.0000   5529.973 0.020    0.6    2.7 -0.64 -0.065  40   1 10:06:40     43846.42062    0.0000  2020/02/17
 0.0000000   1.0000000    0.0000   5529.973 0.019    0.8    3.0 -0.62 -0.065  40   0 10:07:24     43846.42113    0.0000  2020/02/17
 0.0000000   1.0000000    0.0000   5529.974 0.017    0.5    3.5 -0.63 -0.065  40   0 10:08:08     43846.42164    0.0000  2020/02/17
 0.0000000   2.0000000    0.0000   5511.883 0.026   -2.4   -2.2 -0.46 -0.066  40   0 10:22:39     43846.43170    0.0000  2020/02/17
 0.0000000   2.0000000    0.0000   5511.880 0.023   -1.9   -1.2 -0.43 -0.066  40   4 10:23:28     43846.43227    0.0000  2020/02/17
 0.0000000   2.0000000    0.0000   5511.882 0.033   -2.2   -0.7 -0.41 -0.066  40   0 10:24:12     43846.43278    0.0000  2020/02/17
 0.0000000   2.0000000    0.0000   5511.884 0.029   -1.8   -0.4 -0.40 -0.066  40   3 10:24:56     43846.43329    0.0000  2020/02/17
 0.0000000   2.0999999    0.0000   5499.981 0.029   -1.9   -2.7 -0.36 -0.066  40   0 10:35:48     43846.44082    0.0000  2020/02/17
 0.0000000   2.0999999    0.0000   5499.982 0.026   -2.1   -2.5 -0.33 -0.066  40   0 10:36:37     43846.44139    0.0000  2020/02/17
 0.0000000   2.0999999    0.0000   5499.983 0.019   -2.4   -2.4 -0.31 -0.066  40   0 10:37:21     43846.44190    0.0000  2020/02/17
 0.0000000   2.0999999    0.0000   5499.981 0.016   -2.9   -2.6 -0.30 -0.067  40   0 10:38:05     43846.44240    0.0000  2020/02/17
 0.0000000   2.0000000    0.0000   5511.889 0.024   -0.7    0.3 -0.18 -0.067  40   0 10:50:03     43846.45070    0.0000  2020/02/17
 0.0000000   2.0000000    0.0000   5511.887 0.014   -0.8    0.6 -0.16 -0.067  40   0 10:50:52     43846.45127    0.0000  2020/02/17
 0.0000000   2.0000000    0.0000   5511.887 0.018   -1.2    0.7 -0.14 -0.067  40   0 10:51:36     43846.45178    0.0000  2020/02/17
 0.0000000   2.0000000    0.0000   5511.886 0.025   -1.5    0.4 -0.13 -0.067  40   0 10:52:20     43846.45228    0.0000  2020/02/17
 0.0000000   2.0000000    0.0000   5511.887 0.017   -1.8   -0.2 -0.12 -0.067  40   0 10:53:04     43846.45279    0.0000  2020/02/17
 0.0000000   2.0999999    0.0000   5499.981 0.019    0.1   -0.6 -0.10 -0.068  40   0 11:02:16     43846.45917    0.0000  2020/02/17
 0.0000000   2.0999999    0.0000   5499.982 0.015    0.0   -0.4 -0.09 -0.068  40   0 11:03:05     43846.45974    0.0000  2020/02/17
 0.0000000   2.0999999    0.0000   5499.984 0.018    0.0   -0.3 -0.08 -0.068  40   0 11:03:49     43846.46025    0.0000  2020/02/17
 0.0000000   2.0999999    0.0000   5499.982 0.025   -0.1   -0.3 -0.07 -0.068  40   0 11:04:33     43846.46075    0.0000  2020/02/17
 0.0000000   3.0000000    0.0000   5488.244 0.024    1.3    1.9 -0.04 -0.068  40   0 11:14:17     43846.46750    0.0000  2020/02/17
 0.0000000   3.0000000    0.0000   5488.245 0.027    1.1    2.2 -0.04 -0.068  40   1 11:15:06     43846.46807    0.0000  2020/02/17
 0.0000000   3.0000000    0.0000   5488.246 0.023    1.2    2.3 -0.04 -0.068  40   0 11:15:50     43846.46858    0.0000  2020/02/17
 0.0000000   3.0000000    0.0000   5488.244 0.022    0.9    2.0 -0.04 -0.068  40   0 11:16:34     43846.46909    0.0000  2020/02/17
 0.0000000   2.0999999    0.0000   5499.991 0.017    3.9   -2.3 -0.22 -0.068  40   6 11:26:18     43846.47583    0.0000  2020/02/17
 0.0000000   2.0999999    0.0000   5499.988 0.028    3.7   -1.8 -0.23 -0.068  40   0 11:27:07     43846.47640    0.0000  2020/02/17
 0.0000000   2.0999999    0.0000   5499.988 0.021    3.1   -1.8 -0.25 -0.068  40   0 11:27:51     43846.47691    0.0000  2020/02/17
 0.0000000   2.0999999    0.0000   5499.988 0.020    2.7   -2.0 -0.26 -0.068  40   0 11:28:35     43846.47742    0.0000  2020/02/17
 0.0000000   3.0000000    0.0000   5488.255 0.020    1.0   -2.5 -0.57 -0.069  40   0 11:39:18     43846.48485    0.0000  2020/02/17
 0.0000000   3.0000000    0.0000   5488.249 0.021    1.1   -2.2 -0.58 -0.069  40   0 11:40:07     43846.48541    0.0000  2020/02/17
 0.0000000   3.0000000    0.0000   5488.249 0.023    1.0   -2.0 -0.60 -0.069  40   0 11:40:51     43846.48592    0.0000  2020/02/17
 0.0000000   3.0000000    0.0000   5488.250 0.018    0.9   -2.0 -0.62 -0.069  40   0 11:41:35     43846.48643    0.0000  2020/02/17
 0.0000000   3.0000000    0.0000   5488.249 0.017    0.5   -2.1 -0.63 -0.069  40   0 11:42:19     43846.48694    0.0000  2020/02/17
 0.0000000   4.0000000    0.0000   5467.279 0.026   -1.2    1.2 -0.88 -0.069  40   2 11:53:32     43846.49472    0.0000  2020/02/17
 0.0000000   4.0000000    0.0000   5467.280 0.024   -0.6    2.0 -0.87 -0.069  40   0 11:54:21     43846.49528    0.0000  2020/02/17
 0.0000000   4.0000000    0.0000   5467.279 0.024   -0.2    2.4 -0.86 -0.069  40   0 11:55:05     43846.49579    0.0000  2020/02/17
 0.0000000   4.0000000    0.0000   5467.280 0.021    0.0    2.4 -0.85 -0.069  40   0 11:55:49     43846.49630    0.0000  2020/02/17
 0.0000000   3.0000000    0.0000   5488.248 0.019    1.2    1.9 -0.71 -0.069  40   0 12:07:10     43846.50417    0.0000  2020/02/17
 0.0000000   3.0000000    0.0000   5488.248 0.019    1.5    2.5 -0.70 -0.069  40   0 12:07:59     43846.50474    0.0000  2020/02/17
 0.0000000   3.0000000    0.0000   5488.250 0.019    1.7    2.6 -0.69 -0.069  40   0 12:08:43     43846.50524    0.0000  2020/02/17
 0.0000000   3.0000000    0.0000   5488.249 0.017    1.7    2.6 -0.68 -0.069  40   0 12:09:27     43846.50575    0.0000  2020/02/17
 0.0000000   4.0000000    0.0000   5467.261 0.028   -0.8    0.8 -0.69 -0.068  40   0 12:21:08     43846.51385    0.0000  2020/02/17
 0.0000000   4.0000000    0.0000   5467.265 0.024   -0.9    1.6 -0.69 -0.068  40   0 12:21:57     43846.51442    0.0000  2020/02/17
 0.0000000   4.0000000    0.0000   5467.261 0.022   -1.1    1.4 -0.68 -0.068  40   0 12:22:41     43846.51493    0.0000  2020/02/17
 0.0000000   4.0000000    0.0000   5467.263 0.032   -1.0    1.2 -0.68 -0.068  40   0 12:23:25     43846.51544    0.0000  2020/02/17
 0.0000000   5.0000000    0.0000   5449.113 0.021   -1.0    3.8 -0.89 -0.067  40   0 12:44:01     43846.52972    0.0000  2020/02/17
 0.0000000   5.0000000    0.0000   5449.112 0.027   -1.2    4.9 -0.88 -0.067  40   0 12:44:50     43846.53028    0.0000  2020/02/17
 0.0000000   5.0000000    0.0000   5449.114 0.024   -1.5    5.3 -0.88 -0.067  40   0 12:45:34     43846.53079    0.0000  2020/02/17
 0.0000000   5.0000000    0.0000   5449.116 0.028   -1.7    5.4 -0.87 -0.067  40   0 12:46:18     43846.53130    0.0000  2020/02/17
 0.0000000   4.0000000    0.0000   5467.260 0.020    0.3   -0.3 -1.11 -0.066  40   0 12:59:04     43846.54015    0.0000  2020/02/17
 0.0000000   4.0000000    0.0000   5467.262 0.026    0.6    0.5 -1.15 -0.065  40   0 12:59:53     43846.54072    0.0000  2020/02/17
 0.0000000   4.0000000    0.0000   5467.260 0.018    0.9    1.0 -1.19 -0.065  40   0 13:00:37     43846.54123    0.0000  2020/02/17
 0.0000000   4.0000000    0.0000   5467.260 0.022    0.9    1.0 -1.23 -0.065  40   0 13:01:21     43846.54174    0.0000  2020/02/17
 0.0000000   5.0000000    0.0000   5449.132 0.043   -2.5   -0.8 -1.97 -0.064  40   0 13:10:49     43846.54830    0.0000  2020/02/17
 0.0000000   5.0000000    0.0000   5449.131 0.031   -2.3    0.3 -2.03 -0.064  40   0 13:11:38     43846.54887    0.0000  2020/02/17
 0.0000000   5.0000000    0.0000   5449.134 0.048   -2.4    0.8 -2.09 -0.064  40   0 13:12:22     43846.54937    0.0000  2020/02/17
 0.0000000   5.0000000    0.0000   5449.135 0.036   -2.1    0.9 -2.16 -0.064  40   0 13:13:06     43846.54988    0.0000  2020/02/17
 0.0000000   6.0000000    0.0000   5429.063 0.031   -1.5    1.6 -3.52 -0.062  40   0 13:24:38     43846.55788    0.0000  2020/02/17
 0.0000000   6.0000000    0.0000   5429.063 0.030   -1.4    2.1 -3.62 -0.062  40   0 13:25:27     43846.55845    0.0000  2020/02/17
 0.0000000   6.0000000    0.0000   5429.082 0.033   -1.4    2.3 -3.72 -0.062  40   0 13:26:11     43846.55895    0.0000  2020/02/17
 0.0000000   6.0000000    0.0000   5429.067 0.028   -1.3    2.3 -3.82 -0.062  40   0 13:26:55     43846.55946    0.0000  2020/02/17
 0.0000000   6.0000000    0.0000   5429.069 0.029   -1.5    1.9 -3.92 -0.062  40   0 13:27:39     43846.55997    0.0000  2020/02/17
 0.0000000   6.0000000    0.0000   5429.071 0.029   -1.3    1.4 -4.02 -0.062  40   0 13:28:23     43846.56048    0.0000  2020/02/17
 0.0000000   6.0000000    0.0000   5429.070 0.024   -1.2    1.1 -4.12 -0.062  40   0 13:29:07     43846.56099    0.0000  2020/02/17
 0.0000000   5.0000000    0.0000   5449.138 0.024    0.7   -0.8 -5.73 -0.060  40   1 13:38:58     43846.56782    0.0000  2020/02/17
 0.0000000   5.0000000    0.0000   5449.140 0.028    0.7    0.0 -5.85 -0.060  40   0 13:39:47     43846.56838    0.0000  2020/02/17
 0.0000000   5.0000000    0.0000   5449.140 0.022    0.7    0.5 -5.98 -0.060  40   0 13:40:31     43846.56889    0.0000  2020/02/17
 0.0000000   5.0000000    0.0000   5449.140 0.032    0.0    0.6 -6.11 -0.060  40   0 13:41:15     43846.56940    0.0000  2020/02/17
 0.0000000   6.0000000    0.0000   5429.084 0.033   -2.2    0.7 -8.24 -0.058  40   0 13:52:34     43846.57725    0.0000  2020/02/17
 0.0000000   6.0000000    0.0000   5429.083 0.034   -2.1    1.3 -8.39 -0.058  40   1 13:53:23     43846.57781    0.0000  2020/02/17
 0.0000000   6.0000000    0.0000   5429.086 0.034   -2.4    1.2 -8.53 -0.057  40   1 13:54:07     43846.57832    0.0000  2020/02/17
 0.0000000   6.0000000    0.0000   5429.087 0.033   -2.6    1.2 -8.67 -0.057  40   0 13:54:51     43846.57883    0.0000  2020/02/17
 0.0000000   5.0000000    0.0000   5449.166 0.022    0.8    1.4 -10.76 -0.055  40   0 14:06:44     43846.58707    0.0000  2020/02/17
 0.0000000   5.0000000    0.0000   5449.167 0.025    0.8    2.8 -10.76 -0.055  40   0 14:07:33     43846.58763    0.0000  2020/02/17
 0.0000000   5.0000000    0.0000   5449.170 0.027   -1.3   -2.6 -10.80 -0.054  40   0 14:10:09     43846.58944    0.0000  2020/02/17
 0.0000000   5.0000000    0.0000   5449.175 0.033   -1.3   -1.4 -10.83 -0.054  40   0 14:10:58     43846.59000    0.0000  2020/02/17
 0.0000000   5.0000000    0.0000   5449.178 0.029   -1.6   -0.4 -10.82 -0.054  40   0 14:11:42     43846.59051    0.0000  2020/02/17
 0.0000000   5.0000000    0.0000   5449.180 0.026   -1.7   -0.5 -10.71 -0.054  40   0 14:12:26     43846.59102    0.0000  2020/02/17
 0.0000000   5.0000000    0.0000   5449.183 0.030   -1.8   -0.5 -10.47 -0.053  40   0 14:13:10     43846.59153    0.0000  2020/02/17
 0.0000000   5.0000000    0.0000   5449.188 0.026   -1.7   -0.7 -10.08 -0.053  40   0 14:13:54     43846.59204    0.0000  2020/02/17
 0.0000000   5.0000000    0.0000   5449.197 0.029   -2.8   -0.5 -9.28 -0.053  40   0 14:14:52     43846.59271    0.0000  2020/02/17
 0.0000000   5.0000000    0.0000   5449.208 0.022   -3.5   -0.5 -8.59 -0.053  40   0 14:15:41     43846.59327    0.0000  2020/02/17
 0.0000000   5.0000000    0.0000   5449.221 0.025   -0.3   -3.1 -7.29 -0.052  40   0 14:16:48     43846.59405    0.0000  2020/02/17
 0.0000000   4.0000000    0.0000   5467.300 0.024    0.5    3.3 -2.20 -0.050  40   0 14:25:56     43846.60038    0.0000  2020/02/17
 0.0000000   4.0000000    0.0000   5467.297 0.025    0.6    4.0 -1.98 -0.050  40   0 14:26:45     43846.60095    0.0000  2020/02/17
 0.0000000   4.0000000    0.0000   5467.295 0.022    0.8    4.2 -1.81 -0.050  40   0 14:27:29     43846.60146    0.0000  2020/02/17
 0.0000000   4.0000000    0.0000   5467.292 0.035    0.3    4.2 -1.70 -0.050  40   0 14:28:13     43846.60196    0.0000  2020/02/17
 0.0000000   4.0000000    0.0000   5467.288 0.028    0.3    3.7 -1.60 -0.049  40   0 14:28:57     43846.60247    0.0000  2020/02/17
 0.0000000   4.0000000    0.0000   5467.286 0.029    0.1    3.4 -1.50 -0.049  40   0 14:29:41     43846.60298    0.0000  2020/02/17
 0.0000000   4.0000000    0.0000   5467.285 0.028    0.0    3.1 -1.37 -0.049  40   0 14:30:25     43846.60349    0.0000  2020/02/17
 0.0000000   4.0000000    0.0000   5467.280 0.025   -0.1    2.9 -1.24 -0.049  40   0 14:31:09     43846.60400    0.0000  2020/02/17
 0.0000000   4.0000000    0.0000   5467.280 0.021   -0.2    2.9 -1.15 -0.049  40   0 14:31:54     43846.60452    0.0000  2020/02/17
 0.0000000   4.0000000    0.0000   5467.276 0.027   -0.2    2.7 -1.09 -0.048  40   0 14:32:42     43846.60507    0.0000  2020/02/17
 0.0000000   4.0000000    0.0000   5467.273 0.024   -0.3    2.6 -1.05 -0.048  40   0 14:33:31     43846.60564    0.0000  2020/02/17
 0.0000000   4.0000000    0.0000   5467.263 0.042   -0.3    2.6 -0.99 -0.048  40   2 14:34:15     43846.60615    0.0000  2020/02/17
 0.0000000   5.0000000    0.0000   5449.130 0.022   -2.9    0.7 -0.40 -0.045  40   0 14:43:54     43846.61284    0.0000  2020/02/17
 0.0000000   5.0000000    0.0000   5449.131 0.021   -3.0    1.7 -0.36 -0.045  40   0 14:44:43     43846.61340    0.0000  2020/02/17
 0.0000000   5.0000000    0.0000   5449.132 0.029   -3.4    2.5 -0.35 -0.045  40   0 14:45:27     43846.61391    0.0000  2020/02/17
 0.0000000   5.0000000    0.0000   5449.130 0.038   -4.0    2.6 -0.35 -0.045  40   0 14:46:11     43846.61442    0.0000  2020/02/17
 0.0000000   5.0000000    0.0000   5449.130 0.035   -4.4    2.6 -0.33 -0.044  40   0 14:46:55     43846.61493    0.0000  2020/02/17
 0.0000000   5.0000000    0.0000   5449.131 0.031   -4.8    2.7 -0.30 -0.044  40   0 14:47:39     43846.61544    0.0000  2020/02/17
 0.0000000   5.0000000    0.0000   5449.131 0.023   -4.8    2.5 -0.25 -0.044  40   0 14:48:23     43846.61595    0.0000  2020/02/17
 0.0000000   4.0000000    0.0000   5467.257 0.029   -0.9    1.4 -0.14 -0.041  40   2 14:57:11     43846.62205    0.0000  2020/02/17
 0.0000000   4.0000000    0.0000   5467.261 0.020   -0.2    2.2 -0.12 -0.041  40   0 14:58:00     43846.62261    0.0000  2020/02/17
 0.0000000   4.0000000    0.0000   5467.261 0.031    0.0    2.6 -0.13 -0.041  40   0 14:58:44     43846.62312    0.0000  2020/02/17
 0.0000000   4.0000000    0.0000   5467.261 0.031    0.2    2.5 -0.13 -0.041  40   0 14:59:28     43846.62363    0.0000  2020/02/17
 0.0000000   4.0000000    0.0000   5467.261 0.020    0.4    2.4 -0.12 -0.040  40   0 15:00:12     43846.62414    0.0000  2020/02/17
 0.0000000   4.0000000    0.0000   5467.262 0.020    0.1    2.2 -0.09 -0.040  40   0 15:00:56     43846.62465    0.0000  2020/02/17
 0.0000000   3.0000000    0.0000   5488.244 0.021   -0.2    0.2 -0.05 -0.037  40   0 15:10:29     43846.63127    0.0000  2020/02/17
 0.0000000   3.0000000    0.0000   5488.245 0.018    0.0    0.9 -0.05 -0.037  40   0 15:11:18     43846.63183    0.0000  2020/02/17
 0.0000000   3.0000000    0.0000   5488.244 0.024    0.2    1.2 -0.06 -0.036  40   0 15:12:02     43846.63234    0.0000  2020/02/17
 0.0000000   3.0000000    0.0000   5488.244 0.016    0.0    0.9 -0.07 -0.036  40   0 15:12:46     43846.63285    0.0000  2020/02/17
 0.0000000   4.0000000    0.0000   5467.273 0.019   -0.1    1.4 -0.05 -0.031  40   0 15:25:49     43846.64190    0.0000  2020/02/17
 0.0000000   4.0000000    0.0000   5467.271 0.019    0.2    2.0 -0.04 -0.031  40   0 15:26:38     43846.64247    0.0000  2020/02/17
 0.0000000   4.0000000    0.0000   5467.271 0.017    0.3    1.9 -0.02 -0.031  40   0 15:27:22     43846.64297    0.0000  2020/02/17
 0.0000000   4.0000000    0.0000   5467.271 0.025    0.2    1.8 -0.01 -0.031  40   0 15:28:06     43846.64348    0.0000  2020/02/17
 0.0000000   4.0000000    0.0000   5467.270 0.022    0.1    1.6 -0.01 -0.030  40   0 15:28:50     43846.64399    0.0000  2020/02/17
 0.0000000   4.0000000    0.0000   5467.270 0.023    0.2    1.7 -0.02 -0.030  40   0 15:29:34     43846.64450    0.0000  2020/02/17
 0.0000000   3.0000000    0.0000   5488.241 0.022   -1.3    0.7 0.00 -0.026  40   0 15:41:22     43846.65268    0.0000  2020/02/17
 0.0000000   3.0000000    0.0000   5488.241 0.026   -1.5    1.1 0.00 -0.025  40   0 15:42:11     43846.65325    0.0000  2020/02/17
 0.0000000   3.0000000    0.0000   5488.238 0.023   -1.6    1.4 0.00 -0.025  40   0 15:42:55     43846.65376    0.0000  2020/02/17
 0.0000000   3.0000000    0.0000   5488.239 0.015   -1.6    1.3 0.00 -0.025  40   0 15:43:39     43846.65426    0.0000  2020/02/17
 0.0000000   3.0000000    0.0000   5488.239 0.017   -1.7    1.0 0.01 -0.025  40   0 15:44:23     43846.65477    0.0000  2020/02/17
 0.0000000   2.0999999    0.0000   5499.962 0.015    1.3   -0.1 -0.04 -0.021  40   0 15:52:53     43846.66067    0.0000  2020/02/17
 0.0000000   2.0999999    0.0000   5499.965 0.024    1.1    0.4 -0.03 -0.021  40   0 15:53:42     43846.66123    0.0000  2020/02/17
 0.0000000   2.0999999    0.0000   5499.968 0.015    1.0    0.7 -0.03 -0.021  40   0 15:54:26     43846.66174    0.0000  2020/02/17
 0.0000000   2.0999999    0.0000   5499.967 0.018    0.7    0.6 -0.03 -0.020  40   0 15:55:10     43846.66225    0.0000  2020/02/17
 0.0000000   2.0999999    0.0000   5499.967 0.015    0.4    0.2 -0.03 -0.020  40   0 15:55:54     43846.66276    0.0000  2020/02/17
 0.0000000   3.0000000    0.0000   5488.228 0.021    0.7   -0.3 -0.10 -0.016  40   0 16:04:55     43846.66901    0.0000  2020/02/17
 0.0000000   3.0000000    0.0000   5488.230 0.024    0.9    0.6 -0.08 -0.016  40   0 16:05:44     43846.66958    0.0000  2020/02/17
 0.0000000   3.0000000    0.0000   5488.234 0.022    1.2    0.7 -0.07 -0.016  40   0 16:06:28     43846.67008    0.0000  2020/02/17
 0.0000000   3.0000000    0.0000   5488.234 0.024    0.8    0.9 -0.07 -0.015  40   0 16:07:12     43846.67059    0.0000  2020/02/17
 0.0000000   3.0000000    0.0000   5488.233 0.015    0.4    0.6 -0.07 -0.015  40   0 16:07:56     43846.67110    0.0000  2020/02/17
 0.0000000   3.0000000    0.0000   5488.233 0.019    0.1    0.3 -0.08 -0.014  40   0 16:08:40     43846.67161    0.0000  2020/02/17
 0.0000000   2.0999999    0.0000   5499.965 0.029   -0.7   -0.4 -0.10 -0.011  40   0 16:15:47     43846.67654    0.0000  2020/02/17
 0.0000000   2.0999999    0.0000   5499.966 0.022   -0.6    0.5 -0.09 -0.011  40   0 16:16:36     43846.67711    0.0000  2020/02/17
 0.0000000   2.0999999    0.0000   5499.969 0.025   -0.6    0.9 -0.09 -0.011  40   0 16:17:20     43846.67762    0.0000  2020/02/17
 0.0000000   2.0999999    0.0000   5499.970 0.031   -0.9    0.7 -0.08 -0.011  40   0 16:18:04     43846.67813    0.0000  2020/02/17
 0.0000000   2.0999999    0.0000   5499.972 0.023   -1.0    0.4 -0.07 -0.010  40   0 16:18:48     43846.67863    0.0000  2020/02/17
 0.0000000   2.0999999    0.0000   5499.972 0.024   -1.1    0.0 -0.06 -0.010  40   0 16:19:32     43846.67914    0.0000  2020/02/17
 0.0000000   2.0999999    0.0000   5499.970 0.030   -1.3   -0.2 -0.06 -0.010  40   0 16:20:16     43846.67965    0.0000  2020/02/17
 0.0000000   2.0000000    0.0000   5511.863 0.024    2.4   -1.2 -0.10 -0.006  40   0 16:28:38     43846.68545    0.0000  2020/02/17
 0.0000000   2.0000000    0.0000   5511.866 0.015    2.6   -0.5 -0.10 -0.006  40   0 16:29:27     43846.68602    0.0000  2020/02/17
 0.0000000   2.0000000    0.0000   5511.866 0.035    2.5   -0.3 -0.09 -0.005  40   0 16:30:11     43846.68653    0.0000  2020/02/17
 0.0000000   2.0000000    0.0000   5511.868 0.018    2.3   -0.3 -0.09 -0.005  40   0 16:30:55     43846.68704    0.0000  2020/02/17
 0.0000000   2.0000000    0.0000   5511.870 0.020    1.9   -0.3 -0.09 -0.005  40   0 16:31:39     43846.68754    0.0000  2020/02/17
 0.0000000   2.0000000    0.0000   5511.869 0.015    1.6   -0.6 -0.08 -0.005  40   0 16:32:23     43846.68805    0.0000  2020/02/17
 0.0000000   2.0999999    0.0000   5500.015 0.030    1.9    0.5 -0.13 0.000  40   6 16:44:12     43846.69625    0.0000  2020/02/17
 0.0000000   2.0999999    0.0000   5499.997 0.021    1.9    1.2 -0.11 0.000  40   0 16:45:01     43846.69681    0.0000  2020/02/17
 0.0000000   2.0999999    0.0000   5499.993 0.031    1.9    1.5 -0.11 0.001  40   6 16:45:45     43846.69732    0.0000  2020/02/17
 0.0000000   2.0999999    0.0000   5499.996 0.037    1.6    1.5 -0.10 0.001  40   8 16:46:29     43846.69783    0.0000  2020/02/17
 0.0000000   2.0999999    0.0000   5499.993 0.024    1.4    1.3 -0.09 0.001  40   0 16:47:13     43846.69834    0.0000  2020/02/17
 0.0000000   2.0999999    0.0000   5499.993 0.024    1.2    1.1 -0.09 0.002  40   0 16:47:57     43846.69885    0.0000  2020/02/17
 0.0000000   2.0000000    0.0000   5511.947 0.019   -0.6    0.0 -0.19 0.006  40   0 16:57:05     43846.70518    0.0000  2020/02/17
 0.0000000   2.0000000    0.0000   5511.942 0.015   -0.6    0.3 -0.20 0.006  40   0 16:57:54     43846.70574    0.0000  2020/02/17
 0.0000000   2.0000000    0.0000   5511.939 0.020   -0.8    0.5 -0.22 0.006  40   0 16:58:38     43846.70625    0.0000  2020/02/17
 0.0000000   2.0000000    0.0000   5511.937 0.025   -1.1    0.3 -0.24 0.007  40   0 16:59:22     43846.70676    0.0000  2020/02/17
 0.0000000   2.0000000    0.0000   5511.935 0.020   -1.4    0.0 -0.26 0.007  40   0 17:00:06     43846.70727    0.0000  2020/02/17
 0.0000000   2.0000000    0.0000   5511.931 0.018   -1.6   -0.2 -0.28 0.008  40   0 17:00:50     43846.70778    0.0000  2020/02/17
 0.0000000   2.0000000    0.0000   5511.923 0.030   -1.8   -0.3 -0.31 0.008  40  10 17:01:34     43846.70829    0.0000  2020/02/17
 0.0000000   2.0000000    0.0000   5511.926 0.024   -1.9   -0.6 -0.33 0.008  40   0 17:02:18     43846.70879    0.0000  2020/02/17
 0.0000000   2.0000000    0.0000   5511.926 0.019   -2.0   -0.9 -0.36 0.008  40   0 17:03:03     43846.70931    0.0000  2020/02/17
 0.0000000   2.0000000    0.0000   5511.923 0.032   -2.1   -1.2 -0.40 0.009  40   1 17:03:53     43846.70989    0.0000  2020/02/17
 0.0000000  10.0000000    0.0000   5510.392 0.016    0.3   -0.5 -0.87 0.013  40   0 17:14:00     43846.71691    0.0000  2020/02/17
 0.0000000  10.0000000    0.0000   5510.392 0.020    0.2   -0.6 -0.89 0.014  40   0 17:14:49     43846.71747    0.0000  2020/02/17
 0.0000000  10.0000000    0.0000   5510.392 0.018   -0.1   -0.6 -0.92 0.014  40   0 17:15:33     43846.71798    0.0000  2020/02/17
 0.0000000  10.0000000    0.0000   5510.390 0.029   -0.5   -0.7 -0.94 0.014  40   0 17:16:17     43846.71849    0.0000  2020/02/17
 0.000   ,0   ,0.000   ,-7204562094810259400000000.000,   0.000, -94,65529,   0.000,   0.000,0.000   ,0.000   ,-0.000  ,1.713   