
/	CG-5 SURVEY
/	Survey name:   	pbz
/	Instrument S/N:	49459
/	Client:        	pbz
/	Operator:      	operator1
/	Date:          	2020/ 2/11
/	Time:          	16:44:02
/	LONG:        	77.1000000 E
/	LAT:         	43.7000000 N
/	ZONE:        	43      
/	GMT DIFF.:   	-6.0

/	CG-5 SETUP PARAMETERS
/	Gref:			1500.000
/	Gcal1:		8925.088
/	TiltxS:		655.448 
/	TiltyS:		637.797 
/	TiltxO:		-6.768  
/	TiltyO:		-13.985 
/	Tempco:		-0.121  
/	Drift:		0.426   
/	DriftTime Start:	16:44:05
/	DriftDate Start:	2020/02/11

/	CG-5 OPTIONS
/	Tide Correction:    YES
/	Cont. Tilt:         YES
/	Auto Rejection:     YES
/	Terrain Corr.:       NO
/	Seismic Filter:     YES
/	Raw Data:            NO
Line	   0.000S
/------LINE-----STATION-----ALT.------GRAV.---SD.--TILTX--TILTY-TEMP---TIDE---DUR-REJ-----TIME----DEC.TIME+DATE--TERRAIN---DATE
 0.0000000  10.0000000    0.0000   5508.050 0.020   -0.1   -2.1 -0.92 -0.096  40   0 08:47:06     43841.36546    0.0000  2020/02/12
 0.0000000  10.0000000    0.0000   5508.050 0.016   -0.2   -2.2 -1.04 -0.096  40   0 08:47:55     43841.36602    0.0000  2020/02/12
 0.0000000  10.0000000    0.0000   5508.049 0.015   -0.1   -2.2 -1.07 -0.096  40   0 08:48:39     43841.36653    0.0000  2020/02/12
 0.0000000  10.0000000    0.0000   5508.049 0.020    0.0   -2.2 -0.98 -0.096  40   2 08:49:23     43841.36704    0.0000  2020/02/12
 0.0000000   2.0000000    0.0000   5509.541 0.020    5.1   -0.9 -2.22 -0.098  40   0 09:04:31     43841.37753    0.0000  2020/02/12
 0.0000000   2.0000000    0.0000   5509.545 0.032    7.8   -0.4 -2.26 -0.099  40   3 09:05:20     43841.37810    0.0000  2020/02/12
 0.0000000   2.0000000    0.0000   5509.549 0.012   -0.4   -0.3 -2.23 -0.099  40   8 09:06:04     43841.37861    0.0000  2020/02/12
 0.0000000   2.0000000    0.0000   5509.548 0.019    1.3   -0.9 -2.19 -0.099  40   0 09:06:48     43841.37911    0.0000  2020/02/12
 0.0000000   2.0000000    0.0000   5509.552 0.018    2.3   -1.7 -2.21 -0.099  40   0 09:07:32     43841.37962    0.0000  2020/02/12
 0.0000000   1.0000000    0.0000   5527.637 0.019    4.9    2.4 -2.00 -0.100  40   0 09:22:11     43841.38978    0.0000  2020/02/12
 0.0000000   1.0000000    0.0000   5527.644 0.010    5.6    3.5 -1.93 -0.100  40   0 09:23:00     43841.39035    0.0000  2020/02/12
 0.0000000   1.0000000    0.0000   5527.645 0.015    5.0    3.7 -1.93 -0.100  40   6 09:23:44     43841.39086    0.0000  2020/02/12
 0.0000000   1.0000000    0.0000   5527.647 0.022    6.3    3.8 -1.95 -0.100  40   0 09:24:28     43841.39136    0.0000  2020/02/12
 0.0000000   1.0000000    0.0000   5527.648 0.016    7.5    3.0 -1.96 -0.100  40   0 09:25:12     43841.39187    0.0000  2020/02/12
 0.0000000   1.0000000    0.0000   5527.650 0.027    7.5    2.3 -1.92 -0.100  40   0 09:25:56     43841.39238    0.0000  2020/02/12
 0.0000000   2.0000000    0.0000   5509.561 0.020   -3.3   -2.9 -1.46 -0.099  40   0 09:39:38     43841.40188    0.0000  2020/02/12
 0.0000000   2.0000000    0.0000   5509.562 0.015   -2.7   -1.9 -1.45 -0.099  40   0 09:40:27     43841.40245    0.0000  2020/02/12
 0.0000000   2.0000000    0.0000   5509.561 0.018   -1.5   -1.7 -1.46 -0.099  40   0 09:41:11     43841.40295    0.0000  2020/02/12
 0.0000000   2.0000000    0.0000   5509.561 0.020   -1.3   -1.6 -1.45 -0.099  40   0 09:41:55     43841.40346    0.0000  2020/02/12
 0.0000000   1.0000000    0.0000   5527.658 0.019    5.0    4.1 -0.81 -0.096  40   0 10:04:14     43841.41894    0.0000  2020/02/12
 0.0000000   1.0000000    0.0000   5527.659 0.019    7.1    4.6 -0.78 -0.096  40   0 10:05:03     43841.41950    0.0000  2020/02/12
 0.0000000   1.0000000    0.0000   5527.660 0.012    5.2    5.8 -0.77 -0.096  40   0 10:05:47     43841.42001    0.0000  2020/02/12
 0.0000000   1.0000000    0.0000   5527.659 0.016    5.3    6.7 -0.77 -0.096  40   0 10:06:31     43841.42052    0.0000  2020/02/12
 0.0000000   2.0000000    0.0000   5509.554 0.018   -2.4    1.3 -0.60 -0.092  40   0 10:21:10     43841.43068    0.0000  2020/02/12
 0.0000000   2.0000000    0.0000   5509.555 0.016   -2.2    2.1 -0.59 -0.092  40   0 10:21:59     43841.43124    0.0000  2020/02/12
 0.0000000   2.0000000    0.0000   5509.554 0.021   -2.3    2.5 -0.57 -0.092  40   0 10:22:43     43841.43175    0.0000  2020/02/12
 0.0000000   2.0000000    0.0000   5509.553 0.021   -2.3    2.8 -0.56 -0.092  40   0 10:23:27     43841.43226    0.0000  2020/02/12
 0.0000000   2.0999999    0.0000   5497.659 0.012   -1.6    1.8 -0.51 -0.089  40   0 10:34:04     43841.43962    0.0000  2020/02/12
 0.0000000   2.0999999    0.0000   5497.660 0.011   -0.7    2.4 -0.49 -0.088  40   0 10:34:53     43841.44019    0.0000  2020/02/12
 0.0000000   2.0999999    0.0000   5497.659 0.018   -0.5    2.5 -0.48 -0.088  40   0 10:35:37     43841.44069    0.0000  2020/02/12
 0.0000000   2.0999999    0.0000   5497.659 0.013    0.0    2.7 -0.46 -0.088  40   0 10:36:21     43841.44120    0.0000  2020/02/12
 0.0000000   2.0000000    0.0000   5509.554 0.019   -2.1    3.3 -0.67 -0.085  40   0 10:45:54     43841.44782    0.0000  2020/02/12
 0.0000000   2.0000000    0.0000   5509.555 0.013   -2.3    4.3 -0.74 -0.084  40   0 10:46:43     43841.44839    0.0000  2020/02/12
 0.0000000   2.0000000    0.0000   5509.556 0.017   -2.3    4.6 -0.80 -0.084  40   0 10:47:27     43841.44890    0.0000  2020/02/12
 0.0000000   2.0000000    0.0000   5509.555 0.015   -2.1    4.8 -0.88 -0.084  40   0 10:48:11     43841.44941    0.0000  2020/02/12
 0.0000000   2.0999999    0.0000   5497.659 0.023    1.7    0.0 -2.13 -0.080  40   0 10:57:41     43841.45599    0.0000  2020/02/12
 0.0000000   2.0999999    0.0000   5497.660 0.042    2.5    1.0 -2.22 -0.080  40   0 10:58:30     43841.45656    0.0000  2020/02/12
 0.0000000   2.0999999    0.0000   5497.662 0.025    2.7    1.3 -2.31 -0.080  40   0 10:59:14     43841.45707    0.0000  2020/02/12
 0.0000000   2.0999999    0.0000   5497.664 0.030    2.6    1.4 -2.40 -0.079  40   0 10:59:58     43841.45758    0.0000  2020/02/12
 0.0000000   3.0000000    0.0000   5485.920 0.018   -5.3    4.6 -3.22 -0.077  40  11 11:06:27     43841.46207    0.0000  2020/02/12
 0.0000000   3.0000000    0.0000   5485.921 0.030   -5.2    6.0 -3.30 -0.076  40   1 11:07:16     43841.46264    0.0000  2020/02/12
 0.0000000   3.0000000    0.0000   5485.922 0.021   -5.6    6.0 -3.40 -0.076  40   0 11:08:00     43841.46315    0.0000  2020/02/12
 0.0000000   3.0000000    0.0000   5485.922 0.025   -1.5    0.3 -3.49 -0.075  40   0 11:08:44     43841.46366    0.0000  2020/02/12
 0.0000000   2.0999999    0.0000   5497.668 0.021    2.7   -2.4 -4.69 -0.072  40   0 11:17:07     43841.46947    0.0000  2020/02/12
 0.0000000   2.0999999    0.0000   5497.667 0.026    3.0   -2.1 -4.79 -0.072  40   0 11:17:56     43841.47003    0.0000  2020/02/12
 0.0000000   2.0999999    0.0000   5497.671 0.020    3.1   -2.2 -4.90 -0.071  40   0 11:18:40     43841.47054    0.0000  2020/02/12
 0.0000000   2.0999999    0.0000   5497.671 0.020    2.9   -2.4 -5.00 -0.071  40   0 11:19:24     43841.47105    0.0000  2020/02/12
 0.0000000   2.0999999    0.0000   5497.669 0.016    2.7   -2.4 -5.11 -0.071  40   0 11:20:08     43841.47156    0.0000  2020/02/12
 0.0000000   3.0000000    0.0000   5485.930 0.017   -3.3    2.9 -6.10 -0.067  40   0 11:26:47     43841.47617    0.0000  2020/02/12
 0.0000000   3.0000000    0.0000   5485.935 0.020   -3.4    3.8 -6.20 -0.067  40   1 11:27:36     43841.47674    0.0000  2020/02/12
 0.0000000   3.0000000    0.0000   5485.931 0.020   -3.6    4.2 -6.30 -0.067  40   0 11:28:20     43841.47724    0.0000  2020/02/12
 0.0000000   3.0000000    0.0000   5485.934 0.018   -3.7    4.2 -6.40 -0.066  40   0 11:29:04     43841.47775    0.0000  2020/02/12
 0.0000000   3.0000000    0.0000   5485.935 0.022   -3.8    4.3 -6.50 -0.066  40   0 11:29:48     43841.47826    0.0000  2020/02/12
 0.0000000   4.0000000    0.0000   5464.978 0.023   -3.5    8.4 -7.71 -0.062  40   0 11:38:49     43841.48451    0.0000  2020/02/12
 0.0000000   4.0000000    0.0000   5464.979 0.015   -2.7   10.7 -7.80 -0.062  40   0 11:39:38     43841.48508    0.0000  2020/02/12
 0.0000000   4.0000000    0.0000   5464.978 0.018    0.1    6.3 -7.88 -0.061  40   0 11:40:22     43841.48559    0.0000  2020/02/12
 0.0000000   4.0000000    0.0000   5464.978 0.016    3.1    0.8 -7.97 -0.061  40   0 11:41:06     43841.48610    0.0000  2020/02/12
 0.0000000   4.0000000    0.0000   5485.963 0.015   -2.5    2.7 -8.73 -0.056  40   0 11:49:57     43841.49223    0.0000  2020/02/12
 0.0000000   4.0000000    0.0000   5485.964 0.022   -2.6    3.0 -8.75 -0.056  40   0 11:50:46     43841.49280    0.0000  2020/02/12
 0.0000000   4.0000000    0.0000   5485.965 0.018   -2.2    3.7 -8.77 -0.056  40   0 11:51:30     43841.49331    0.0000  2020/02/12
 0.0000000   4.0000000    0.0000   5485.965 0.019   -2.3    3.9 -8.79 -0.055  40   1 11:52:14     43841.49382    0.0000  2020/02/12
 0.0000000   4.0000000    0.0000   5465.004 0.018   -1.4    0.5 -8.81 -0.051  40   0 12:01:22     43841.50015    0.0000  2020/02/12
 0.0000000   4.0000000    0.0000   5465.002 0.025    0.0    1.8 -8.81 -0.050  40   0 12:02:11     43841.50071    0.0000  2020/02/12
 0.0000000   4.0000000    0.0000   5465.003 0.026    0.2    2.3 -8.81 -0.050  40   0 12:02:55     43841.50122    0.0000  2020/02/12
 0.0000000   4.0000000    0.0000   5465.002 0.027    0.7    2.0 -8.81 -0.049  40   0 12:03:39     43841.50173    0.0000  2020/02/12
 0.0000000   5.0000000    0.0000   5446.890 0.022   -0.8    4.0 -8.26 -0.039  40   0 12:22:34     43841.51485    0.0000  2020/02/12
 0.0000000   5.0000000    0.0000   5446.889 0.020   -0.9    4.3 -8.15 -0.039  40   0 12:23:23     43841.51541    0.0000  2020/02/12
 0.0000000   5.0000000    0.0000   5446.887 0.019   -0.9    4.5 -8.04 -0.039  40   0 12:24:07     43841.51592    0.0000  2020/02/12
 0.0000000   5.0000000    0.0000   5446.885 0.031   -0.9    3.7 -7.92 -0.038  40   1 12:24:51     43841.51643    0.0000  2020/02/12
 0.0000000   5.0000000    0.0000   5446.885 0.021   -0.5    3.1 -7.81 -0.038  40   0 12:25:35     43841.51694    0.0000  2020/02/12
 0.0000000   4.0000000    0.0000   5464.979 0.023    1.7    1.7 -6.84 -0.033  40   0 12:35:55     43841.52410    0.0000  2020/02/12
 0.0000000   4.0000000    0.0000   5464.979 0.028    3.7    2.6 -6.83 -0.032  40   0 12:36:44     43841.52467    0.0000  2020/02/12
 0.0000000   4.0000000    0.0000   5464.979 0.028    5.0    3.4 -6.83 -0.032  40   0 12:37:28     43841.52518    0.0000  2020/02/12
 0.0000000   4.0000000    0.0000   5464.979 0.016    5.2    3.9 -6.83 -0.032  40   0 12:38:12     43841.52569    0.0000  2020/02/12
 0.0000000   5.0000000    0.0000   5446.823 0.020   -4.8    7.2 -7.17 -0.026  40   1 12:50:10     43841.53398    0.0000  2020/02/12
 0.0000000   5.0000000    0.0000   5446.827 0.023   -1.7    2.4 -7.19 -0.025  40   5 12:50:59     43841.53455    0.0000  2020/02/12
 0.0000000   5.0000000    0.0000   5446.825 0.021   -1.2    2.3 -7.20 -0.025  40   0 12:51:43     43841.53506    0.0000  2020/02/12
 0.0000000   5.0000000    0.0000   5446.830 0.020   -1.4    1.9 -7.21 -0.025  40   0 12:52:27     43841.53557    0.0000  2020/02/12
 0.0000000   5.0000000    0.0000   5446.829 0.022   -1.7    1.4 -7.22 -0.024  40   0 12:53:11     43841.53607    0.0000  2020/02/12
 0.0000000   5.0000000    0.0000   5446.831 0.024   -1.5    0.6 -7.23 -0.024  40   0 12:53:55     43841.53658    0.0000  2020/02/12
 0.0000000   6.0000000    0.0000   5426.801 0.021   -0.9   -1.4 -7.39 -0.019  40   0 13:03:29     43841.54322    0.0000  2020/02/12
 0.0000000   6.0000000    0.0000   5426.801 0.029   -0.7   -1.2 -7.42 -0.019  40   0 13:04:18     43841.54378    0.0000  2020/02/12
 0.0000000   6.0000000    0.0000   5426.803 0.024   -0.3   -1.0 -7.44 -0.018  40   0 13:05:02     43841.54429    0.0000  2020/02/12
 0.0000000   6.0000000    0.0000   5426.804 0.027   -0.1   -0.7 -7.47 -0.018  40   0 13:05:46     43841.54480    0.0000  2020/02/12
 0.0000000   6.0000000    0.0000   5426.805 0.027    0.0   -0.8 -7.49 -0.018  40   0 13:06:30     43841.54531    0.0000  2020/02/12
 0.0000000   6.0000000    0.0000   5426.803 0.021    0.7   -0.8 -7.51 -0.018  40   0 13:07:14     43841.54582    0.0000  2020/02/12
 0.0000000   5.0000000    0.0000   5446.867 0.020    0.7   -2.3 -7.99 -0.013  40   0 13:17:15     43841.55276    0.0000  2020/02/12
 0.0000000   5.0000000    0.0000   5446.868 0.024    0.7   -1.9 -8.02 -0.013  40   0 13:18:04     43841.55333    0.0000  2020/02/12
 0.0000000   5.0000000    0.0000   5446.868 0.023    0.1   -1.6 -8.05 -0.012  40   0 13:18:48     43841.55383    0.0000  2020/02/12
 0.0000000   5.0000000    0.0000   5446.867 0.023    0.0   -1.5 -8.08 -0.012  40   0 13:19:32     43841.55434    0.0000  2020/02/12
 0.0000000   6.0000000    0.0000   5426.828 0.021    1.0    9.9 -8.31 -0.007  40   0 13:31:22     43841.56255    0.0000  2020/02/12
 0.0000000   6.0000000    0.0000   5426.830 0.025    2.0    9.5 -8.32 -0.007  40   0 13:32:11     43841.56311    0.0000  2020/02/12
 0.0000000   6.0000000    0.0000   5426.829 0.025    7.4    2.5 -8.33 -0.006  40   3 13:32:55     43841.56362    0.0000  2020/02/12
 0.0000000   6.0000000    0.0000   5426.829 0.023    1.1    2.5 -8.34 -0.006  40   5 13:33:39     43841.56413    0.0000  2020/02/12
 0.0000000   5.0000000    0.0000   5446.877 0.018   -2.5    1.5 -8.64 -0.001  40   0 13:45:18     43841.57221    0.0000  2020/02/12
 0.0000000   5.0000000    0.0000   5446.875 0.020   -2.6    2.8 -8.66 -0.001  40   0 13:46:07     43841.57277    0.0000  2020/02/12
 0.0000000   5.0000000    0.0000   5446.876 0.022   -3.1    3.5 -8.68 -0.001  40   2 13:46:51     43841.57328    0.0000  2020/02/12
 0.0000000   5.0000000    0.0000   5446.876 0.020   -3.8    3.9 -8.69 -0.001  40   0 13:47:35     43841.57379    0.0000  2020/02/12
 0.0000000   4.0000000    0.0000   5465.005 0.021    0.5    4.7 -8.99 0.002  40   2 13:58:19     43841.58123    0.0000  2020/02/12
 0.0000000   4.0000000    0.0000   5465.007 0.018    1.5    5.7 -9.01 0.002  40   0 13:59:08     43841.58180    0.0000  2020/02/12
 0.0000000   4.0000000    0.0000   5465.008 0.031    2.0    6.2 -9.04 0.003  40   0 13:59:52     43841.58231    0.0000  2020/02/12
 0.0000000   4.0000000    0.0000   5465.004 0.032    2.3    6.0 -9.07 0.003  40   0 14:00:36     43841.58282    0.0000  2020/02/12
 0.0000000   5.0000000    0.0000   5446.877 0.017   -0.3    1.8 -9.84 0.007  40   0 14:12:41     43841.59119    0.0000  2020/02/12
 0.0000000   5.0000000    0.0000   5446.878 0.023   -0.6    3.3 -9.89 0.007  40   0 14:13:30     43841.59176    0.0000  2020/02/12
 0.0000000   5.0000000    0.0000   5446.877 0.019   -1.2    4.4 -9.95 0.007  40   0 14:14:14     43841.59227    0.0000  2020/02/12
 0.0000000   5.0000000    0.0000   5446.878 0.020   -1.3    4.7 -10.00 0.007  40   0 14:14:58     43841.59278    0.0000  2020/02/12
 0.0000000   4.0000000    0.0000   5465.007 0.015   -1.9    0.8 -10.68 0.010  40   0 14:25:16     43841.59992    0.0000  2020/02/12
 0.0000000   4.0000000    0.0000   5465.003 0.019   -1.1    1.9 -10.71 0.010  40   0 14:26:05     43841.60048    0.0000  2020/02/12
 0.0000000   4.0000000    0.0000   5465.009 0.018   -1.0    2.5 -10.74 0.010  40   0 14:26:49     43841.60099    0.0000  2020/02/12
 0.0000000   4.0000000    0.0000   5465.007 0.015   -0.7    2.9 -10.77 0.010  40   0 14:27:33     43841.60150    0.0000  2020/02/12
 0.0000000   4.0000000    0.0000   5465.007 0.022   -0.9    2.9 -10.79 0.010  40   0 14:28:17     43841.60201    0.0000  2020/02/12
 0.0000000   3.0000000    0.0000   5485.990 0.017   -0.4    2.2 -11.20 0.013  40   0 14:40:28     43841.61046    0.0000  2020/02/12
 0.0000000   3.0000000    0.0000   5485.989 0.029   -0.6    1.9 -11.22 0.013  40   0 14:41:17     43841.61102    0.0000  2020/02/12
 0.0000000   3.0000000    0.0000   5485.990 0.021   -0.8    2.0 -11.24 0.013  40   0 14:42:01     43841.61153    0.0000  2020/02/12
 0.0000000   3.0000000    0.0000   5485.990 0.021   -0.9    2.0 -11.26 0.013  40   1 14:42:45     43841.61204    0.0000  2020/02/12
 0.0000000   4.0000000    0.0000   5465.021 0.025    0.2   -0.6 -12.55 0.016  40   0 15:03:00     43841.62608    0.0000  2020/02/12
 0.0000000   4.0000000    0.0000   5465.018 0.031   -0.1   -0.2 -12.64 0.016  40   0 15:03:49     43841.62665    0.0000  2020/02/12
 0.0000000   4.0000000    0.0000   5465.017 0.024   -0.3    0.0 -12.72 0.016  40   0 15:04:33     43841.62715    0.0000  2020/02/12
 0.0000000   4.0000000    0.0000   5465.016 0.019   -1.0   -0.3 -12.81 0.016  40   0 15:05:17     43841.62766    0.0000  2020/02/12
 0.0000000   4.0000000    0.0000   5465.016 0.018   -0.8   -0.7 -12.89 0.016  40   0 15:06:01     43841.62817    0.0000  2020/02/12
 0.0000000   3.0000000    0.0000   5485.986 0.022   -0.9    1.0 -13.91 0.017  40   1 15:14:07     43841.63379    0.0000  2020/02/12
 0.0000000   3.0000000    0.0000   5485.987 0.015   -0.3    2.1 -13.99 0.017  40   0 15:14:56     43841.63435    0.0000  2020/02/12
 0.0000000   3.0000000    0.0000   5485.988 0.016    0.0    2.5 -14.08 0.017  40   0 15:15:40     43841.63486    0.0000  2020/02/12
 0.0000000   3.0000000    0.0000   5485.987 0.017    0.0    2.7 -14.17 0.017  40   0 15:16:24     43841.63537    0.0000  2020/02/12
 0.0000000   2.0999999    0.0000   5497.735 0.020   -1.1    2.0 -14.91 0.017  40   0 15:25:31     43841.64169    0.0000  2020/02/12
 0.0000000   2.0999999    0.0000   5497.737 0.018   -1.4    3.4 -14.93 0.017  40   0 15:26:20     43841.64226    0.0000  2020/02/12
 0.0000000   2.0999999    0.0000   5497.738 0.014   -1.7    4.2 -14.94 0.017  40   0 15:27:04     43841.64277    0.0000  2020/02/12
 0.0000000   2.0999999    0.0000   5497.740 0.016   -1.8    4.7 -14.95 0.017  40   0 15:27:48     43841.64327    0.0000  2020/02/12
 0.0000000   2.0999999    0.0000   5497.741 0.020   -1.8    4.8 -14.95 0.017  40   0 15:28:32     43841.64378    0.0000  2020/02/12
 0.0000000   3.0000000    0.0000   5486.010 0.018   -2.8    1.7 -14.71 0.016  40   0 15:37:06     43841.64972    0.0000  2020/02/12
 0.0000000   3.0000000    0.0000   5486.010 0.021   -2.7    2.8 -14.68 0.016  40   0 15:37:55     43841.65029    0.0000  2020/02/12
 0.0000000   3.0000000    0.0000   5486.010 0.023   -2.9    3.4 -14.65 0.016  40   0 15:38:39     43841.65080    0.0000  2020/02/12
 0.0000000   3.0000000    0.0000   5486.009 0.017   -3.1    3.4 -14.62 0.016  40   0 15:39:23     43841.65131    0.0000  2020/02/12
 0.0000000   3.0000000    0.0000   5486.010 0.019   -3.3    3.3 -14.59 0.016  40   0 15:40:07     43841.65181    0.0000  2020/02/12
 0.0000000   2.0999999    0.0000   5497.750 0.016   -1.9    4.5 -14.43 0.016  40   0 15:47:21     43841.65683    0.0000  2020/02/12
 0.0000000   2.0999999    0.0000   5497.750 0.019   -1.6    5.6 -14.41 0.015  40   0 15:48:10     43841.65740    0.0000  2020/02/12
 0.0000000   2.0999999    0.0000   5497.750 0.013   -1.9    6.7 -14.40 0.015  40   0 15:48:54     43841.65790    0.0000  2020/02/12
 0.0000000   2.0999999    0.0000   5497.748 0.018   -2.1    7.0 -14.39 0.015  40   0 15:49:38     43841.65841    0.0000  2020/02/12
 0.0000000   2.0000000    0.0000   5509.647 0.023   -1.2    0.5 -14.19 0.014  40   0 15:59:14     43841.66507    0.0000  2020/02/12
 0.0000000   2.0000000    0.0000   5509.646 0.016   -1.4    1.6 -14.17 0.014  40   0 16:00:03     43841.66563    0.0000  2020/02/12
 0.0000000   2.0000000    0.0000   5509.645 0.015   -1.4    2.1 -14.15 0.014  40   0 16:00:47     43841.66614    0.0000  2020/02/12
 0.0000000   2.0000000    0.0000   5509.643 0.017   -1.6    2.6 -14.14 0.014  40   0 16:01:31     43841.66665    0.0000  2020/02/12
 0.0000000   2.0000000    0.0000   5509.643 0.021   -1.8    2.6 -14.13 0.014  40   0 16:02:15     43841.66716    0.0000  2020/02/12
 0.0000000   2.0000000    0.0000   5509.642 0.013   -1.5    2.4 -14.12 0.014  40   0 16:02:59     43841.66767    0.0000  2020/02/12
 0.0000000  10.0000000    0.0000   5508.185 0.013   -2.2   -2.9 -11.26 0.011  40   2 16:18:15     43841.67825    0.0000  2020/02/12
 0.0000000  10.0000000    0.0000   5508.189 0.012   -2.8   -3.1 -10.51 0.011  40   1 16:19:04     43841.67882    0.0000  2020/02/12
 0.0000000  10.0000000    0.0000   5508.192 0.022   -3.5   -3.3 -9.73 0.010  40   3 16:19:48     43841.67933    0.0000  2020/02/12
 0.0000000  10.0000000    0.0000   5508.195 0.022   -4.2   -3.5 -8.94 0.010  40   4 16:20:32     43841.67984    0.0000  2020/02/12
 0.0000000  10.0000000    0.0000   5508.196 0.018   -5.0   -3.8 -8.14 0.010  40   0 16:21:16     43841.68034    0.0000  2020/02/12
 0.0000000  10.0000000    0.0000   5508.197 0.014   -5.9   -4.0 -7.34 0.010  40   0 16:22:00     43841.68085    0.0000  2020/02/12
 0.0000000  10.0000000    0.0000   5508.195 0.012   -6.5   -4.0 -6.58 0.010  40   0 16:22:44     43841.68136    0.0000  2020/02/12
 -0.999  ,0   ,-0.000  ,     0.000,   0.000,2560,28413,   0.000,   0.000,0.000   ,0.000   ,-0.000  ,1.713   