
/	CG-5 SURVEY
/	Survey name:   	pbz
/	Instrument S/N:	49459
/	Client:        	pbz
/	Operator:      	operator1
/	Date:          	2020/ 2/16
/	Time:          	08:29:01
/	LONG:        	77.1000000 E
/	LAT:         	43.7000000 N
/	ZONE:        	43      
/	GMT DIFF.:   	-6.0

/	CG-5 SETUP PARAMETERS
/	Gref:			1500.000
/	Gcal1:		8925.088
/	TiltxS:		655.448 
/	TiltyS:		637.797 
/	TiltxO:		-6.768  
/	TiltyO:		-13.985 
/	Tempco:		-0.121  
/	Drift:		0.426   
/	DriftTime Start:	08:29:03
/	DriftDate Start:	2020/02/16

/	CG-5 OPTIONS
/	Tide Correction:    YES
/	Cont. Tilt:         YES
/	Auto Rejection:     YES
/	Terrain Corr.:       NO
/	Seismic Filter:     YES
/	Raw Data:            NO
Line	   0.000S
/------LINE-----STATION-----ALT.------GRAV.---SD.--TILTX--TILTY-TEMP---TIDE---DUR-REJ-----TIME----DEC.TIME+DATE--TERRAIN---DATE
 0.0000000  10.0000000    0.0000   5509.954 0.015   -1.4   -1.6 -2.17 -0.060  40   0 08:29:42     43845.35339    0.0000  2020/02/16
 0.0000000  10.0000000    0.0000   5509.956 0.022   -1.4   -1.5 -2.14 -0.060  40   0 08:30:31     43845.35396    0.0000  2020/02/16
 0.0000000  10.0000000    0.0000   5509.958 0.014   -1.5   -1.5 -2.12 -0.060  40   0 08:31:15     43845.35447    0.0000  2020/02/16
 0.0000000  10.0000000    0.0000   5509.959 0.016   -1.6   -1.5 -2.11 -0.060  40   0 08:31:59     43845.35498    0.0000  2020/02/16
 0.0000000  10.0000000    0.0000   5509.959 0.024   -1.7   -1.6 -2.14 -0.060  40   0 08:32:43     43845.35548    0.0000  2020/02/16
 0.0000000   2.0000000    0.0000   5511.488 0.012   -3.1   -0.5 -2.04 -0.062  40   0 08:44:15     43845.36348    0.0000  2020/02/16
 0.0000000   2.0000000    0.0000   5511.489 0.021   -2.8    0.0 -2.05 -0.062  40   0 08:45:04     43845.36405    0.0000  2020/02/16
 0.0000000   2.0000000    0.0000   5511.490 0.017   -2.9    0.8 -2.05 -0.062  40   0 08:45:48     43845.36455    0.0000  2020/02/16
 0.0000000   2.0000000    0.0000   5511.492 0.015   -2.1    1.2 -2.02 -0.062  40   0 08:46:32     43845.36506    0.0000  2020/02/16
 0.0000000   2.0000000    0.0000   5511.492 0.026   -1.6    1.3 -1.99 -0.063  40   0 08:47:16     43845.36557    0.0000  2020/02/16
 0.0000000   2.0000000    0.0000   5511.493 0.019   -1.2    1.6 -1.98 -0.063  40   0 08:48:00     43845.36608    0.0000  2020/02/16
 0.0000000   1.0000000    0.0000   5529.579 0.017    0.7    0.6 -1.79 -0.065  40   1 09:01:04     43845.37514    0.0000  2020/02/16
 0.0000000   1.0000000    0.0000   5529.580 0.017    2.4    1.9 -1.79 -0.065  40   1 09:01:53     43845.37571    0.0000  2020/02/16
 0.0000000   1.0000000    0.0000   5529.577 0.020    3.0    1.8 -1.78 -0.065  40   0 09:02:37     43845.37621    0.0000  2020/02/16
 0.0000000   1.0000000    0.0000   5529.579 0.017    4.7    2.1 -1.75 -0.065  40   0 09:03:21     43845.37672    0.0000  2020/02/16
 0.0000000   2.0000000    0.0000   5511.495 0.016    2.7    2.2 -1.27 -0.067  40   0 09:17:59     43845.38687    0.0000  2020/02/16
 0.0000000   2.0000000    0.0000   5511.497 0.016    3.7    4.0 -1.22 -0.067  40   0 09:18:48     43845.38743    0.0000  2020/02/16
 0.0000000   2.0000000    0.0000   5511.498 0.015    4.3    4.5 -1.19 -0.067  40   0 09:19:32     43845.38794    0.0000  2020/02/16
 0.0000000   2.0000000    0.0000   5511.496 0.019    4.5    4.6 -1.16 -0.067  40   0 09:20:16     43845.38845    0.0000  2020/02/16
 0.0000000   1.0000000    0.0000   5529.573 0.012    3.4   -2.5 -0.95 -0.070  40   1 09:36:45     43845.39988    0.0000  2020/02/16
 0.0000000   1.0000000    0.0000   5529.572 0.020    4.3   -2.1 -0.94 -0.070  40   0 09:37:34     43845.40045    0.0000  2020/02/16
 0.0000000   1.0000000    0.0000   5529.575 0.016    4.7   -1.7 -0.93 -0.070  40   0 09:38:18     43845.40095    0.0000  2020/02/16
 0.0000000   1.0000000    0.0000   5529.575 0.020    7.0   -1.3 -0.93 -0.070  40   0 09:39:02     43845.40146    0.0000  2020/02/16
 0.0000000   2.0000000    0.0000   5511.481 0.023   -0.9    3.4 -1.80 -0.072  40   0 09:53:07     43845.41123    0.0000  2020/02/16
 0.0000000   2.0000000    0.0000   5511.481 0.027   -0.7    4.1 -1.90 -0.072  40   0 09:53:56     43845.41179    0.0000  2020/02/16
 0.0000000   2.0000000    0.0000   5511.480 0.027   -0.5    5.1 -2.00 -0.072  40   0 09:54:40     43845.41230    0.0000  2020/02/16
 0.0000000   2.0000000    0.0000   5511.482 0.022   -0.3    4.9 -2.11 -0.072  40   0 09:55:24     43845.41281    0.0000  2020/02/16
 0.0000000   2.0999999    0.0000   5499.589 0.025    1.5    2.5 -3.73 -0.073  40   0 10:08:04     43845.42159    0.0000  2020/02/16
 0.0000000   2.0999999    0.0000   5499.587 0.022    1.9    3.1 -3.83 -0.073  40   0 10:08:53     43845.42216    0.0000  2020/02/16
 0.0000000   2.0999999    0.0000   5499.590 0.022    2.4    3.5 -3.92 -0.073  40   0 10:09:37     43845.42267    0.0000  2020/02/16
 0.0000000   2.0999999    0.0000   5499.588 0.022    2.5    3.5 -4.01 -0.073  40   0 10:10:21     43845.42318    0.0000  2020/02/16
 0.0000000   2.0000000    0.0000   5511.490 0.026   -5.0   -1.7 -5.53 -0.074  40   0 10:21:57     43845.43122    0.0000  2020/02/16
 0.0000000   2.0000000    0.0000   5511.490 0.013   -5.2   -1.5 -5.63 -0.074  40   0 10:22:46     43845.43178    0.0000  2020/02/16
 0.0000000   2.0000000    0.0000   5511.491 0.020   -5.6   -1.6 -5.73 -0.074  40   0 10:23:30     43845.43229    0.0000  2020/02/16
 0.0000000   2.0000000    0.0000   5511.491 0.021   -5.9   -1.5 -5.82 -0.074  40   0 10:24:14     43845.43280    0.0000  2020/02/16
 0.0000000   2.0999999    0.0000   5499.574 0.020    1.4    1.8 -6.91 -0.075  40   8 10:34:09     43845.43968    0.0000  2020/02/16
 0.0000000   2.0999999    0.0000   5499.575 0.026    1.7    2.6 -6.97 -0.075  40   3 10:34:58     43845.44024    0.0000  2020/02/16
 0.0000000   2.0999999    0.0000   5499.579 0.023    2.0    2.7 -7.03 -0.075  40   0 10:35:42     43845.44075    0.0000  2020/02/16
 0.0000000   2.0999999    0.0000   5499.580 0.014    1.8    2.7 -7.09 -0.075  40   3 10:36:26     43845.44126    0.0000  2020/02/16
 0.0000000   2.0999999    0.0000   5499.581 0.021    1.8    2.5 -7.15 -0.075  40   0 10:37:10     43845.44177    0.0000  2020/02/16
 0.0000000   2.0999999    0.0000   5499.580 0.016    1.6    2.1 -7.21 -0.075  40   0 10:37:54     43845.44228    0.0000  2020/02/16
 0.0000000   3.0000000    0.0000   5487.846 0.021    3.0    2.6 -8.04 -0.075  40   5 10:46:09     43845.44800    0.0000  2020/02/16
 0.0000000   3.0000000    0.0000   5487.848 0.018    4.5    3.6 -8.12 -0.076  40   9 10:46:58     43845.44856    0.0000  2020/02/16
 0.0000000   3.0000000    0.0000   5487.847 0.019    6.1    4.5 -8.20 -0.076  40   0 10:47:42     43845.44907    0.0000  2020/02/16
 0.0000000   3.0000000    0.0000   5487.850 0.020    7.4    4.7 -8.28 -0.076  40   0 10:48:26     43845.44958    0.0000  2020/02/16
 0.0000000   2.0999999    0.0000   5499.600 0.024   -1.3    1.0 -9.49 -0.076  40   0 10:58:10     43845.45633    0.0000  2020/02/16
 0.0000000   2.0999999    0.0000   5499.598 0.017   -1.0    1.6 -9.60 -0.076  40   0 10:58:59     43845.45690    0.0000  2020/02/16
 0.0000000   2.0999999    0.0000   5499.598 0.019   -0.9    1.8 -9.71 -0.076  40   0 10:59:43     43845.45740    0.0000  2020/02/16
 0.0000000   2.0999999    0.0000   5499.596 0.021   -0.9    1.8 -9.81 -0.076  40   0 11:00:27     43845.45791    0.0000  2020/02/16
 0.0000000   2.0999999    0.0000   5499.597 0.020   -1.1    1.7 -9.92 -0.076  40   0 11:01:11     43845.45842    0.0000  2020/02/16
 0.0000000   3.0000000    0.0000   5487.867 0.028    0.5    1.3 -11.06 -0.076  40   0 11:09:24     43845.46412    0.0000  2020/02/16
 0.0000000   3.0000000    0.0000   5487.865 0.035    1.1    2.2 -11.14 -0.076  40   0 11:10:13     43845.46468    0.0000  2020/02/16
 0.0000000   3.0000000    0.0000   5487.867 0.020    1.2    2.5 -11.22 -0.076  40   0 11:10:57     43845.46519    0.0000  2020/02/16
 0.0000000   3.0000000    0.0000   5487.865 0.021    1.4    2.3 -11.29 -0.076  40   0 11:11:41     43845.46570    0.0000  2020/02/16
 0.0000000   4.0000000    0.0000   5466.885 0.036   -2.4   -2.0 -12.69 -0.075  40   0 11:24:37     43845.47467    0.0000  2020/02/16
 0.0000000   4.0000000    0.0000   5466.885 0.029   -3.2   -1.8 -12.76 -0.075  40   0 11:25:26     43845.47523    0.0000  2020/02/16
 0.0000000   4.0000000    0.0000   5466.883 0.038   -4.1   -2.0 -12.82 -0.075  40   0 11:26:10     43845.47574    0.0000  2020/02/16
 0.0000000   4.0000000    0.0000   5466.882 0.042   -5.6   -1.8 -12.88 -0.075  40   0 11:26:54     43845.47625    0.0000  2020/02/16
 0.0000000   4.0000000    0.0000   5466.884 0.052   -6.8   -2.4 -12.93 -0.075  40   0 11:27:38     43845.47676    0.0000  2020/02/16
 0.0000000   3.0000000    0.0000   5487.872 0.025   -0.5    3.4 -14.10 -0.074  40   0 11:41:10     43845.48614    0.0000  2020/02/16
 0.0000000   3.0000000    0.0000   5487.876 0.020    0.4    4.5 -14.15 -0.074  40   0 11:41:59     43845.48671    0.0000  2020/02/16
 0.0000000   3.0000000    0.0000   5487.875 0.018    1.0    5.1 -14.20 -0.074  40   0 11:42:43     43845.48722    0.0000  2020/02/16
 0.0000000   3.0000000    0.0000   5487.876 0.016    1.2    4.9 -14.24 -0.074  40   0 11:43:27     43845.48773    0.0000  2020/02/16
 0.0000000   4.0000000    0.0000   5466.929 0.029   -1.2    2.6 -11.94 -0.074  40   0 11:52:12     43845.49379    0.0000  2020/02/16
 0.0000000   4.0000000    0.0000   5466.937 0.033   -0.6    4.0 -11.34 -0.073  40   0 11:53:01     43845.49436    0.0000  2020/02/16
 0.0000000   4.0000000    0.0000   5466.942 0.036   -0.7    4.8 -10.72 -0.073  40   0 11:53:45     43845.49487    0.0000  2020/02/16
 0.0000000   4.0000000    0.0000   5466.939 0.028   -0.5    5.1 -10.10 -0.073  40   0 11:54:29     43845.49538    0.0000  2020/02/16
 0.0000000   4.0000000    0.0000   5466.942 0.033   -0.6    4.9 -9.48 -0.073  40   0 11:55:13     43845.49588    0.0000  2020/02/16
 0.0000000   5.0000000    0.0000   5448.705 0.043    3.5   -4.6 -7.89 -0.069  40   0 12:25:30     43845.51688    0.0000  2020/02/16
 0.0000000   5.0000000    0.0000   5448.707 0.054    3.8   -4.0 -8.18 -0.069  40   0 12:26:19     43845.51745    0.0000  2020/02/16
 0.0000000   5.0000000    0.0000   5448.714 0.034    3.8   -4.1 -8.47 -0.069  40   0 12:27:03     43845.51795    0.0000  2020/02/16
 0.0000000   5.0000000    0.0000   5448.716 0.043    3.9   -4.2 -8.73 -0.069  40   0 12:27:47     43845.51846    0.0000  2020/02/16
 0.0000000   5.0000000    0.0000   5448.720 0.042    4.0   -4.5 -8.93 -0.069  40   0 12:28:31     43845.51897    0.0000  2020/02/16
 0.0000000   5.0000000    0.0000   5448.723 0.044    4.2   -4.9 -9.03 -0.068  40   0 12:29:15     43845.51948    0.0000  2020/02/16
 0.0000000   5.0000000    0.0000   5448.730 0.067    4.2   -5.0 -8.98 -0.068  40   0 12:29:59     43845.51999    0.0000  2020/02/16
 0.0000000   5.0000000    0.0000   5448.736 0.065    4.1   -5.5 -8.78 -0.068  40   0 12:30:43     43845.52050    0.0000  2020/02/16
 0.0000000   5.0000000    0.0000   5448.745 0.037    4.2   -5.6 -8.42 -0.068  40   0 12:31:28     43845.52102    0.0000  2020/02/16
 0.0000000   5.0000000    0.0000   5448.775 0.046   -3.3   -4.2 -7.03 -0.068  40   0 12:33:08     43845.52217    0.0000  2020/02/16
 0.0000000   5.0000000    0.0000   5448.786 0.053   -1.9   -2.2 -5.44 -0.067  40   0 12:34:51     43845.52336    0.0000  2020/02/16
 0.0000000   5.0000000    0.0000   5448.792 0.064   -2.2   -0.6 -4.91 -0.067  40   0 12:35:40     43845.52393    0.0000  2020/02/16
 0.0000000   5.0000000    0.0000   5448.792 0.045   -2.4    0.1 -4.54 -0.067  40   0 12:36:24     43845.52444    0.0000  2020/02/16
 0.0000000   5.0000000    0.0000   5448.790 0.048   -2.5    0.1 -4.34 -0.067  40   0 12:37:08     43845.52495    0.0000  2020/02/16
 0.0000000   5.0000000    0.0000   5448.785 0.041   -3.0    0.5 -4.28 -0.067  40   0 12:37:52     43845.52545    0.0000  2020/02/16
 0.0000000   5.0000000    0.0000   5448.777 0.075   -3.2    0.1 -4.34 -0.067  40   0 12:38:36     43845.52596    0.0000  2020/02/16
 0.0000000   5.0000000    0.0000   5448.771 0.066   -3.2    0.1 -4.50 -0.067  40   0 12:39:20     43845.52647    0.0000  2020/02/16
 0.0000000   4.0000000    0.0000   5466.894 0.037    0.4    1.8 -3.61 -0.065  40   0 12:48:19     43845.53270    0.0000  2020/02/16
 0.0000000   4.0000000    0.0000   5466.891 0.033    0.8    2.7 -3.23 -0.064  40   0 12:49:08     43845.53327    0.0000  2020/02/16
 0.0000000   4.0000000    0.0000   5466.892 0.039    1.5    2.9 -2.98 -0.064  40   0 12:49:52     43845.53377    0.0000  2020/02/16
 0.0000000   4.0000000    0.0000   5466.888 0.046    1.7    3.1 -2.86 -0.064  40   0 12:50:36     43845.53428    0.0000  2020/02/16
 0.0000000   4.0000000    0.0000   5466.886 0.038    1.4    2.9 -2.86 -0.064  40   0 12:51:20     43845.53479    0.0000  2020/02/16
 0.0000000   4.0000000    0.0000   5466.886 0.037    1.2    2.7 -2.97 -0.064  40   0 12:52:04     43845.53530    0.0000  2020/02/16
 0.0000000   4.0000000    0.0000   5466.882 0.032    1.1    2.9 -3.16 -0.064  40   0 12:52:48     43845.53581    0.0000  2020/02/16
 0.0000000   4.0000000    0.0000   5466.876 0.037    0.9    2.8 -3.37 -0.064  40   0 12:53:32     43845.53632    0.0000  2020/02/16
 0.0000000   4.0000000    0.0000   5466.868 0.026    0.8    2.5 -3.53 -0.063  40   0 12:54:17     43845.53684    0.0000  2020/02/16
 0.0000000   4.0000000    0.0000   5466.871 0.033   -4.0    0.0 -2.72 -0.062  40   0 12:57:59     43845.53940    0.0000  2020/02/16
 0.0000000   4.0000000    0.0000   5466.873 0.047   -4.0    0.6 -2.41 -0.062  40   0 12:58:48     43845.53997    0.0000  2020/02/16
 0.0000000   4.0000000    0.0000   5466.874 0.043   -4.0    0.6 -2.19 -0.062  40   0 12:59:32     43845.54048    0.0000  2020/02/16
 0.0000000   4.0000000    0.0000   5466.874 0.028   -4.2    0.7 -2.02 -0.062  40   0 13:00:16     43845.54098    0.0000  2020/02/16
 0.0000000   5.0000000    0.0000   5448.726 0.045   -1.2    1.1 -0.69 -0.059  40   0 13:10:40     43845.54820    0.0000  2020/02/16
 0.0000000   5.0000000    0.0000   5448.724 0.038   -1.2    1.1 -0.62 -0.059  40   0 13:11:29     43845.54876    0.0000  2020/02/16
 0.0000000   5.0000000    0.0000   5448.723 0.055   -1.1    1.2 -0.60 -0.059  40   0 13:12:13     43845.54927    0.0000  2020/02/16
 0.0000000   5.0000000    0.0000   5448.722 0.043   -1.2    1.1 -0.60 -0.059  40   0 13:12:57     43845.54978    0.0000  2020/02/16
 0.0000000   5.0000000    0.0000   5448.721 0.043   -1.4    0.7 -0.59 -0.058  40   0 13:13:41     43845.55029    0.0000  2020/02/16
 0.0000000   5.0000000    0.0000   5448.717 0.034   -1.4    0.4 -0.55 -0.058  40   0 13:14:25     43845.55080    0.0000  2020/02/16
 0.0000000   5.0000000    0.0000   5448.717 0.066   -1.2    0.5 -0.49 -0.058  40   0 13:15:09     43845.55130    0.0000  2020/02/16
 0.0000000   5.0000000    0.0000   5448.715 0.056   -1.2    0.0 -0.46 -0.058  40   0 13:15:53     43845.55181    0.0000  2020/02/16
 0.0000000   5.0000000    0.0000   5448.715 0.058   -0.9   -0.1 -0.46 -0.058  40   0 13:16:38     43845.55233    0.0000  2020/02/16
 0.0000000   6.0000000    0.0000   5428.641 0.072    1.9    3.7 -2.30 -0.055  40   0 13:26:12     43845.55897    0.0000  2020/02/16
 0.0000000   6.0000000    0.0000   5428.641 0.084    2.4    4.2 -2.42 -0.055  40   0 13:27:01     43845.55953    0.0000  2020/02/16
 0.0000000   6.0000000    0.0000   5428.645 0.049    2.7    4.0 -2.42 -0.054  40   0 13:27:45     43845.56004    0.0000  2020/02/16
 0.0000000   6.0000000    0.0000   5428.729 0.124    2.5    4.4 -2.29 -0.054  40   4 13:28:29     43845.56055    0.0000  2020/02/16
 0.0000000   6.0000000    0.0000   5428.655 0.078    2.9    4.2 -2.07 -0.054  40   0 13:29:13     43845.56106    0.0000  2020/02/16
 0.0000000   6.0000000    0.0000   5428.663 0.117    2.9    3.9 -1.80 -0.054  40   0 13:29:57     43845.56157    0.0000  2020/02/16
 0.0000000   6.0000000    0.0000   5428.667 0.090    3.5    3.9 -1.56 -0.053  40   0 13:30:41     43845.56207    0.0000  2020/02/16
 0.0000000   6.0000000    0.0000   5428.669 0.088    3.6    3.8 -1.40 -0.053  40   0 13:31:25     43845.56258    0.0000  2020/02/16
 0.0000000   6.0000000    0.0000   5428.673 0.080    3.6    3.7 -1.28 -0.053  40   0 13:32:10     43845.56310    0.0000  2020/02/16
 0.0000000   6.0000000    0.0000   5428.670 0.078   -0.9   -4.0 -1.12 -0.053  40   0 13:33:15     43845.56385    0.0000  2020/02/16
 0.0000000   6.0000000    0.0000   5428.670 0.069   -1.2   -4.1 -1.00 -0.052  40   0 13:34:04     43845.56442    0.0000  2020/02/16
 0.0000000   5.0000000    0.0000   5448.697 0.038    0.0    1.3 -0.87 -0.049  40   0 13:44:26     43845.57161    0.0000  2020/02/16
 0.0000000   5.0000000    0.0000   5448.703 0.074   -0.1    3.1 -1.12 -0.049  40   0 13:45:15     43845.57217    0.0000  2020/02/16
 0.0000000   5.0000000    0.0000   5448.699 0.052    0.4    3.3 -1.44 -0.049  40   0 13:45:59     43845.57268    0.0000  2020/02/16
 0.0000000   5.0000000    0.0000   5448.691 0.048    0.6    2.8 -1.77 -0.048  40   0 13:46:43     43845.57319    0.0000  2020/02/16
 0.0000000   5.0000000    0.0000   5448.691 0.030    0.8    2.1 -2.06 -0.048  40   0 13:47:27     43845.57370    0.0000  2020/02/16
 0.0000000   5.0000000    0.0000   5448.692 0.044    0.9    1.9 -2.27 -0.048  40   0 13:48:11     43845.57421    0.0000  2020/02/16
 0.0000000   5.0000000    0.0000   5448.691 0.047    2.0    1.7 -2.36 -0.048  40   0 13:48:55     43845.57472    0.0000  2020/02/16
 0.0000000   6.0000000    0.0000   5428.660 0.052    1.6    5.1 -0.73 -0.044  40   0 13:59:04     43845.58175    0.0000  2020/02/16
 0.0000000   6.0000000    0.0000   5428.668 0.075    2.3    5.6 -0.66 -0.044  40   0 13:59:53     43845.58232    0.0000  2020/02/16
 0.0000000   6.0000000    0.0000   5428.661 0.048    2.8    5.7 -0.58 -0.044  40   0 14:00:37     43845.58283    0.0000  2020/02/16
 0.0000000   6.0000000    0.0000   5428.659 0.044    3.4    6.1 -0.54 -0.043  40   0 14:01:21     43845.58334    0.0000  2020/02/16
 0.0000000   6.0000000    0.0000   5428.659 0.066    3.6    5.7 -0.54 -0.043  40   0 14:02:05     43845.58384    0.0000  2020/02/16
 0.0000000   5.0000000    0.0000   5448.705 0.063    0.5    5.6 -0.39 -0.039  40   0 14:12:25     43845.59101    0.0000  2020/02/16
 0.0000000   5.0000000    0.0000   5448.706 0.045    1.0    6.4 -0.35 -0.039  40   0 14:13:14     43845.59158    0.0000  2020/02/16
 0.0000000   5.0000000    0.0000   5448.708 0.047    1.3    6.6 -0.34 -0.039  40   0 14:13:58     43845.59208    0.0000  2020/02/16
 0.0000000   5.0000000    0.0000   5448.707 0.066    2.1    6.5 -0.37 -0.038  40   0 14:14:42     43845.59259    0.0000  2020/02/16
 0.0000000   4.0000000    0.0000   5466.820 0.026    0.9   -2.1 -0.45 -0.035  40   0 14:24:07     43845.59912    0.0000  2020/02/16
 0.0000000   4.0000000    0.0000   5466.822 0.044    1.8   -1.5 -0.42 -0.035  40   0 14:24:56     43845.59969    0.0000  2020/02/16
 0.0000000   4.0000000    0.0000   5466.823 0.028    2.1   -1.7 -0.38 -0.034  40   0 14:25:40     43845.60020    0.0000  2020/02/16
 0.0000000   4.0000000    0.0000   5466.822 0.031    3.6   -1.8 -0.37 -0.034  40   0 14:26:24     43845.60070    0.0000  2020/02/16
 0.0000000   5.0000000    0.0000   5448.701 0.049   -1.9    3.6 -0.41 -0.029  40   0 14:38:36     43845.60916    0.0000  2020/02/16
 0.0000000   5.0000000    0.0000   5448.704 0.044   -1.6    4.0 -0.41 -0.029  40   0 14:39:25     43845.60973    0.0000  2020/02/16
 0.0000000   5.0000000    0.0000   5448.704 0.044   -0.7    4.0 -0.43 -0.029  40   0 14:40:09     43845.61024    0.0000  2020/02/16
 0.0000000   5.0000000    0.0000   5448.703 0.035   -0.4    3.8 -0.44 -0.028  40   0 14:40:53     43845.61075    0.0000  2020/02/16
 0.0000000   4.0000000    0.0000   5466.828 0.047    2.3    2.3 -0.45 -0.024  40   2 14:52:21     43845.61870    0.0000  2020/02/16
 0.0000000   4.0000000    0.0000   5466.830 0.043    3.9    2.4 -0.46 -0.023  40   0 14:53:10     43845.61926    0.0000  2020/02/16
 0.0000000   4.0000000    0.0000   5466.831 0.028    4.1    1.9 -0.44 -0.023  40   0 14:53:54     43845.61977    0.0000  2020/02/16
 0.0000000   4.0000000    0.0000   5466.831 0.033    4.7    1.7 -0.40 -0.023  40   0 14:54:38     43845.62028    0.0000  2020/02/16
 0.0000000   4.0000000    0.0000   5466.830 0.036    4.8    1.3 -0.38 -0.022  40   0 14:55:22     43845.62079    0.0000  2020/02/16
 0.0000000   3.0000000    0.0000   5487.784 0.019   -1.5   -1.9 -2.12 -0.019  40   0 15:04:15     43845.62695    0.0000  2020/02/16
 0.0000000   3.0000000    0.0000   5487.790 0.027   -1.3   -1.1 -2.01 -0.018  40   0 15:05:04     43845.62751    0.0000  2020/02/16
 0.0000000   3.0000000    0.0000   5487.795 0.021   -0.3   -0.8 -1.82 -0.018  40   0 15:05:48     43845.62802    0.0000  2020/02/16
 0.0000000   3.0000000    0.0000   5487.799 0.020   -0.2   -0.6 -1.62 -0.018  40   0 15:06:32     43845.62853    0.0000  2020/02/16
 0.0000000   3.0000000    0.0000   5487.802 0.016    0.0   -1.0 -1.46 -0.017  40   0 15:07:16     43845.62904    0.0000  2020/02/16
 0.0000000   3.0000000    0.0000   5487.806 0.019    0.3   -1.4 -1.36 -0.017  40   0 15:08:00     43845.62955    0.0000  2020/02/16
 0.0000000   3.0000000    0.0000   5487.817 0.025    0.1   -1.6 -1.29 -0.016  40   0 15:08:44     43845.63006    0.0000  2020/02/16
 0.0000000   3.0000000    0.0000   5487.811 0.018    0.3   -1.6 -1.12 -0.016  40   1 15:10:05     43845.63099    0.0000  2020/02/16
 0.0000000   3.0000000    0.0000   5487.808 0.022    0.3   -1.9 -1.04 -0.016  40   0 15:10:54     43845.63156    0.0000  2020/02/16
 0.0000000   3.0000000    0.0000   5487.813 0.016    0.6   -2.7 -0.98 -0.015  40   0 15:11:58     43845.63230    0.0000  2020/02/16
 0.0000000   3.0000000    0.0000   5487.809 0.021    0.8   -2.7 -0.99 -0.015  40   0 15:12:47     43845.63286    0.0000  2020/02/16
 0.0000000   4.0000000    0.0000   5466.833 0.022    2.3    0.8 -0.77 -0.011  40   0 15:21:39     43845.63901    0.0000  2020/02/16
 0.0000000   4.0000000    0.0000   5466.835 0.022    2.6    1.1 -0.73 -0.011  40   1 15:22:28     43845.63958    0.0000  2020/02/16
 0.0000000   4.0000000    0.0000   5466.837 0.023    3.0    1.2 -0.68 -0.010  40   0 15:23:12     43845.64009    0.0000  2020/02/16
 0.0000000   4.0000000    0.0000   5466.833 0.034    3.0    1.3 -0.64 -0.010  40   0 15:23:56     43845.64059    0.0000  2020/02/16
 0.0000000   3.0000000    0.0000   5487.801 0.024    1.1    0.4 -0.63 -0.004  40   0 15:36:50     43845.64954    0.0000  2020/02/16
 0.0000000   3.0000000    0.0000   5487.802 0.022    1.6    2.1 -0.64 -0.004  40   0 15:37:39     43845.65010    0.0000  2020/02/16
 0.0000000   3.0000000    0.0000   5487.804 0.023    2.6    3.0 -0.65 -0.004  40   0 15:38:23     43845.65061    0.0000  2020/02/16
 0.0000000   3.0000000    0.0000   5487.805 0.020    2.9    3.3 -0.64 -0.003  40   0 15:39:07     43845.65112    0.0000  2020/02/16
 0.0000000   3.0000000    0.0000   5487.806 0.020    3.0    3.8 -0.60 -0.003  40   0 15:39:51     43845.65163    0.0000  2020/02/16
 0.0000000   2.0999999    0.0000   5499.548 0.022    1.2    3.3 -0.70 0.000  40   0 15:47:54     43845.65721    0.0000  2020/02/16
 0.0000000   2.0999999    0.0000   5499.548 0.018    1.7    4.1 -0.67 0.000  40   0 15:48:43     43845.65778    0.0000  2020/02/16
 0.0000000   2.0999999    0.0000   5499.546 0.015    1.8    4.6 -0.69 0.000  40   0 15:49:27     43845.65829    0.0000  2020/02/16
 0.0000000   2.0999999    0.0000   5499.546 0.017    1.7    4.7 -0.78 0.001  40   0 15:50:11     43845.65879    0.0000  2020/02/16
 0.0000000   3.0000000    0.0000   5487.824 0.025    0.0    2.2 -1.48 0.005  40   0 15:59:16     43845.66509    0.0000  2020/02/16
 0.0000000   3.0000000    0.0000   5487.827 0.012    0.6    3.0 -1.38 0.005  40   0 16:00:05     43845.66566    0.0000  2020/02/16
 0.0000000   3.0000000    0.0000   5487.829 0.020    1.0    3.7 -1.30 0.005  40   0 16:00:49     43845.66617    0.0000  2020/02/16
 0.0000000   3.0000000    0.0000   5487.829 0.021    1.6    4.3 -1.19 0.005  40   0 16:01:33     43845.66667    0.0000  2020/02/16
 0.0000000   3.0000000    0.0000   5487.830 0.029    1.5    4.3 -1.08 0.006  40   0 16:02:17     43845.66718    0.0000  2020/02/16
 0.0000000   3.0000000    0.0000   5487.830 0.032    1.8    4.4 -1.01 0.006  40   0 16:03:01     43845.66769    0.0000  2020/02/16
 0.0000000   2.0999999    0.0000   5499.562 0.020   -2.1   -0.3 -0.67 0.011  40   0 16:12:48     43845.67447    0.0000  2020/02/16
 0.0000000   2.0999999    0.0000   5499.561 0.014   -1.9    0.3 -0.66 0.011  40   0 16:13:37     43845.67504    0.0000  2020/02/16
 0.0000000   2.0999999    0.0000   5499.562 0.020   -1.7    0.7 -0.62 0.011  40   0 16:14:21     43845.67555    0.0000  2020/02/16
 0.0000000   2.0999999    0.0000   5499.560 0.024   -1.8    0.8 -0.57 0.012  40   0 16:15:05     43845.67606    0.0000  2020/02/16
 0.0000000   2.0000000    0.0000   5511.467 0.018   -3.7    1.7 -0.43 0.016  40   0 16:24:20     43845.68247    0.0000  2020/02/16
 0.0000000   2.0000000    0.0000   5511.467 0.017   -3.9    3.1 -0.42 0.016  40   0 16:25:09     43845.68304    0.0000  2020/02/16
 0.0000000   2.0000000    0.0000   5511.468 0.016   -4.0    3.7 -0.42 0.016  40   0 16:25:53     43845.68355    0.0000  2020/02/16
 0.0000000   2.0000000    0.0000   5511.465 0.020   -4.0    4.0 -0.41 0.016  40   0 16:26:37     43845.68405    0.0000  2020/02/16
 0.0000000   2.0999999    0.0000   5499.564 0.022   -4.1    1.9 -0.36 0.021  40   0 16:37:43     43845.69175    0.0000  2020/02/16
 0.0000000   2.0999999    0.0000   5499.563 0.023   -4.3    3.3 -0.35 0.021  40   7 16:38:32     43845.69232    0.0000  2020/02/16
 0.0000000   2.0999999    0.0000   5499.565 0.045   -4.1    3.7 -0.35 0.022  40   5 16:39:16     43845.69282    0.0000  2020/02/16
 0.0000000   2.0999999    0.0000   5499.567 0.019   -4.4    3.6 -0.33 0.022  40   0 16:40:00     43845.69333    0.0000  2020/02/16
 0.0000000   2.0000000    0.0000   5511.459 0.020   -4.4   -0.9 -0.32 0.026  40   0 16:49:06     43845.69964    0.0000  2020/02/16
 0.0000000   2.0000000    0.0000   5511.462 0.014   -4.3    0.6 -0.29 0.026  40   0 16:49:55     43845.70021    0.0000  2020/02/16
 0.0000000   2.0000000    0.0000   5511.462 0.019   -4.3    1.3 -0.29 0.027  40   0 16:50:39     43845.70072    0.0000  2020/02/16
 0.0000000   2.0000000    0.0000   5511.462 0.020   -4.2    1.9 -0.29 0.027  40   0 16:51:23     43845.70123    0.0000  2020/02/16
 0.0000000   2.0000000    0.0000   5511.461 0.020   -4.4    2.0 -0.29 0.027  40   0 16:52:07     43845.70173    0.0000  2020/02/16
 0.0000000  10.0000000    0.0000   5509.939 0.014    0.2   -3.6 -0.38 0.032  40   0 17:03:24     43845.70956    0.0000  2020/02/16
 0.0000000  10.0000000    0.0000   5509.941 0.016    0.5   -4.1 -0.39 0.032  40   0 17:04:13     43845.71012    0.0000  2020/02/16
 0.0000000  10.0000000    0.0000   5509.939 0.022    0.6   -4.6 -0.38 0.032  40   0 17:04:57     43845.71063    0.0000  2020/02/16
 0.0000000  10.0000000    0.0000   5509.940 0.018    0.5   -5.0 -0.37 0.033  40   0 17:05:41     43845.71114    0.0000  2020/02/16
