
/	CG-5 SURVEY
/	Survey name:   	pbz
/	Instrument S/N:	40823
/	Client:        	egmg
/	Operator:      	amanzhan
/	Date:          	2020/ 2/15
/	Time:          	08:02:37
/	LONG:        	77.1000000 E
/	LAT:         	43.7000000 N
/	ZONE:        	43      
/	GMT DIFF.:   	-6.0

/	CG-5 SETUP PARAMETERS
/	Gref:			0.000   
/	Gcal1:		8505.171
/	TiltxS:		631.557 
/	TiltyS:		617.636 
/	TiltxO:		9.593   
/	TiltyO:		-29.781 
/	Tempco:		-0.134  
/	Drift:		-0.027  
/	DriftTime Start:	08:02:39
/	DriftDate Start:	2020/02/15

/	CG-5 OPTIONS
/	Tide Correction:    YES
/	Cont. Tilt:         YES
/	Auto Rejection:     YES
/	Terrain Corr.:       NO
/	Seismic Filter:     YES
/	Raw Data:            NO
Line	   0.000S
/------LINE-----STATION-----ALT.------GRAV.---SD.--TILTX--TILTY-TEMP---TIDE---DUR-REJ-----TIME----DEC.TIME+DATE--TERRAIN---DATE
 0.0000000   0.0000000    0.0000   3838.026 0.011   -2.4   -0.6 -3.12 -0.056  40   0 08:03:51     43844.33547    0.0000  2020/02/15
 0.0000000   0.0000000    0.0000   3838.026 0.012   -2.4   -0.6 -3.12 -0.056  40   0 08:04:40     43844.33604    0.0000  2020/02/15
 0.0000000   0.0000000    0.0000   3838.026 0.011   -2.6   -0.6 -3.12 -0.056  40   0 08:05:24     43844.33654    0.0000  2020/02/15
 0.0000000   0.0000000    0.0000   3838.026 0.018   -2.6   -0.6 -3.12 -0.057  40   0 08:06:08     43844.33705    0.0000  2020/02/15
 0.0000000   2.0000000    0.0000   3839.550 0.017    0.1    4.6 -3.01 -0.060  40   0 08:18:25     43844.34557    0.0000  2020/02/15
 0.0000000   2.0000000    0.0000   3839.550 0.017    1.0    4.7 -2.99 -0.060  40   0 08:19:14     43844.34614    0.0000  2020/02/15
 0.0000000   2.0000000    0.0000   3839.550 0.013    1.5    5.0 -2.98 -0.061  40   0 08:19:58     43844.34664    0.0000  2020/02/15
 0.0000000   2.0000000    0.0000   3839.549 0.013    2.4    4.8 -2.98 -0.061  40   0 08:20:42     43844.34715    0.0000  2020/02/15
 0.0000000   1.0000000    0.0000   3857.662 0.021   -1.5    3.2 -2.90 -0.065  40   1 08:38:04     43844.35919    0.0000  2020/02/15
 0.0000000   1.0000000    0.0000   3857.662 0.012   -1.4    2.8 -2.90 -0.066  40   0 08:38:53     43844.35976    0.0000  2020/02/15
 0.0000000   1.0000000    0.0000   3857.663 0.020   -1.6    3.1 -2.90 -0.066  40   0 08:39:37     43844.36027    0.0000  2020/02/15
 0.0000000   1.0000000    0.0000   3857.662 0.013   -1.6    3.9 -2.90 -0.066  40   1 08:40:21     43844.36078    0.0000  2020/02/15
 0.0000000   2.0000000    0.0000   3839.555 0.020    4.0    0.8 -2.90 -0.069  40   0 08:54:16     43844.37042    0.0000  2020/02/15
 0.0000000   2.0000000    0.0000   3839.556 0.014    4.8    2.0 -2.89 -0.070  40   0 08:55:05     43844.37099    0.0000  2020/02/15
 0.0000000   2.0000000    0.0000   3839.557 0.014    5.7    2.6 -2.89 -0.070  40   0 08:55:49     43844.37150    0.0000  2020/02/15
 0.0000000   2.0000000    0.0000   3839.558 0.017    6.1    2.9 -2.89 -0.070  40   0 08:56:33     43844.37201    0.0000  2020/02/15
 0.0000000   2.0000000    0.0000   3839.558 0.013    6.5    3.0 -2.89 -0.070  40   1 08:57:17     43844.37252    0.0000  2020/02/15
 0.0000000   1.0000000    0.0000   3857.620 0.021   -3.6    5.8 -2.87 -0.073  40   0 09:09:52     43844.38124    0.0000  2020/02/15
 0.0000000   1.0000000    0.0000   3857.623 0.023   -4.3    6.4 -2.88 -0.073  40   0 09:10:41     43844.38181    0.0000  2020/02/15
 0.0000000   1.0000000    0.0000   3857.624 0.023   -4.8    6.4 -2.88 -0.073  40   0 09:11:25     43844.38232    0.0000  2020/02/15
 0.0000000   1.0000000    0.0000   3857.624 0.025   -4.6    6.1 -2.88 -0.073  40   0 09:12:09     43844.38282    0.0000  2020/02/15
 0.0000000   1.0000000    0.0000   3857.625 0.022   -4.2    5.8 -2.89 -0.074  40   0 09:12:53     43844.38333    0.0000  2020/02/15
 0.0000000   1.0000000    0.0000   3857.625 0.023   -4.5    5.5 -2.90 -0.074  40   0 09:13:37     43844.38384    0.0000  2020/02/15
 0.0000000   2.0000000    0.0000   3839.511 0.014   -0.2    6.5 -2.89 -0.077  40   0 09:28:38     43844.39425    0.0000  2020/02/15
 0.0000000   2.0000000    0.0000   3839.513 0.021    0.2    8.0 -2.88 -0.077  40   5 09:29:27     43844.39482    0.0000  2020/02/15
 0.0000000   2.0000000    0.0000   3839.515 0.018    0.6    8.4 -2.87 -0.077  40   2 09:30:11     43844.39533    0.0000  2020/02/15
 0.0000000   2.0000000    0.0000   3839.514 0.043    0.6    8.3 -2.87 -0.077  40   4 09:30:55     43844.39584    0.0000  2020/02/15
 0.0000000   2.0999999    0.0000   3827.618 0.026    0.6    1.9 -2.80 -0.079  40   0 09:44:18     43844.40511    0.0000  2020/02/15
 0.0000000   2.0999999    0.0000   3827.618 0.024    1.2    2.8 -2.78 -0.079  40   0 09:45:07     43844.40568    0.0000  2020/02/15
 0.0000000   2.0999999    0.0000   3827.621 0.025    1.8    2.6 -2.77 -0.079  40   0 09:45:51     43844.40619    0.0000  2020/02/15
 0.0000000   2.0999999    0.0000   3827.620 0.029    1.9    2.8 -2.77 -0.079  40   0 09:46:35     43844.40670    0.0000  2020/02/15
 0.0000000   2.0000000    0.0000   3839.522 0.015    1.8    3.8 -2.82 -0.081  40   0 09:56:14     43844.41339    0.0000  2020/02/15
 0.0000000   2.0000000    0.0000   3839.523 0.015    2.1    5.1 -2.82 -0.081  40   0 09:57:03     43844.41395    0.0000  2020/02/15
 0.0000000   2.0000000    0.0000   3839.525 0.018    2.3    5.5 -2.81 -0.081  40   0 09:57:47     43844.41446    0.0000  2020/02/15
 0.0000000   2.0000000    0.0000   3839.526 0.012    2.5    5.6 -2.81 -0.081  40   0 09:58:31     43844.41497    0.0000  2020/02/15
 0.0000000   2.0000000    0.0000   3839.525 0.012    2.8    5.7 -2.81 -0.081  40   0 09:59:15     43844.41548    0.0000  2020/02/15
 0.0000000   2.0999999    0.0000   3827.629 0.045    2.1    1.4 -2.85 -0.082  40  11 10:07:47     43844.42140    0.0000  2020/02/15
 0.0000000   2.0999999    0.0000   3827.630 0.040    2.7    3.1 -2.84 -0.082  40   0 10:08:36     43844.42196    0.0000  2020/02/15
 0.0000000   2.0999999    0.0000   3827.631 0.038    2.9    3.6 -2.84 -0.082  40   0 10:09:20     43844.42247    0.0000  2020/02/15
 0.0000000   2.0999999    0.0000   3827.630 0.036    3.2    3.8 -2.84 -0.082  40   0 10:10:04     43844.42298    0.0000  2020/02/15
 0.0000000   3.0000000    0.0000   3815.876 0.023   -3.7   -0.7 -2.86 -0.082  40   1 10:17:34     43844.42818    0.0000  2020/02/15
 0.0000000   3.0000000    0.0000   3815.876 0.017   -5.6   -0.2 -2.86 -0.082  40   0 10:18:23     43844.42875    0.0000  2020/02/15
 0.0000000   3.0000000    0.0000   3815.876 0.020   -6.5    0.0 -2.86 -0.082  40   0 10:19:07     43844.42925    0.0000  2020/02/15
 0.0000000   3.0000000    0.0000   3815.877 0.026   -6.9   -0.5 -2.86 -0.082  40   1 10:19:51     43844.42976    0.0000  2020/02/15
 0.0000000   2.0999999    0.0000   3827.622 0.051   -3.7    2.4 -2.92 -0.083  40   0 10:31:46     43844.43802    0.0000  2020/02/15
 0.0000000   2.0999999    0.0000   3827.625 0.035   -3.7    3.4 -2.90 -0.083  40   0 10:32:35     43844.43859    0.0000  2020/02/15
 0.0000000   2.0999999    0.0000   3827.626 0.036   -3.3    3.7 -2.90 -0.083  40   0 10:33:19     43844.43910    0.0000  2020/02/15
 0.0000000   2.0999999    0.0000   3827.624 0.043   -3.2    3.9 -2.89 -0.083  40   0 10:34:03     43844.43961    0.0000  2020/02/15
 0.0000000   2.0999999    0.0000   3827.625 0.044   -3.0    3.9 -2.89 -0.083  40   0 10:34:47     43844.44012    0.0000  2020/02/15
 0.0000000   2.0999999    0.0000   3827.625 0.042   -2.9    3.9 -2.89 -0.083  40   0 10:35:31     43844.44062    0.0000  2020/02/15
 0.0000000   3.0000000    0.0000   3815.881 0.024   -2.7    2.1 -2.93 -0.083  40   7 10:42:37     43844.44555    0.0000  2020/02/15
 0.0000000   3.0000000    0.0000   3815.879 0.025   -2.5    3.5 -2.93 -0.083  40   0 10:43:26     43844.44611    0.0000  2020/02/15
 0.0000000   3.0000000    0.0000   3815.881 0.024   -2.3    3.8 -2.93 -0.083  40   0 10:44:10     43844.44662    0.0000  2020/02/15
 0.0000000   3.0000000    0.0000   3815.882 0.037   -2.0    4.0 -2.93 -0.083  40   2 10:44:54     43844.44713    0.0000  2020/02/15
 0.0000000   4.0000000    0.0000   3794.906 0.021    2.5    4.3 -2.92 -0.082  40   0 10:54:13     43844.45359    0.0000  2020/02/15
 0.0000000   4.0000000    0.0000   3794.903 0.019    3.1    6.1 -2.91 -0.082  40   0 10:55:02     43844.45416    0.0000  2020/02/15
 0.0000000   4.0000000    0.0000   3794.904 0.019    3.8    7.1 -2.91 -0.082  40   0 10:55:46     43844.45466    0.0000  2020/02/15
 0.0000000   4.0000000    0.0000   3794.906 0.018    4.2    7.7 -2.90 -0.082  40   0 10:56:30     43844.45517    0.0000  2020/02/15
 0.0000000   3.0000000    0.0000   3815.877 0.020   -2.3    5.6 -2.91 -0.081  40   0 11:06:50     43844.46234    0.0000  2020/02/15
 0.0000000   3.0000000    0.0000   3815.880 0.022   -1.8    7.2 -2.90 -0.081  40   0 11:07:39     43844.46290    0.0000  2020/02/15
 0.0000000   3.0000000    0.0000   3815.882 0.031   -1.3    8.3 -2.89 -0.081  40   4 11:08:23     43844.46341    0.0000  2020/02/15
 0.0000000   3.0000000    0.0000   3815.883 0.025   -1.1    8.5 -2.89 -0.081  40   2 11:09:07     43844.46392    0.0000  2020/02/15
 0.0000000   3.0000000    0.0000   3815.883 0.025   -0.8    8.4 -2.88 -0.081  40   0 11:09:51     43844.46443    0.0000  2020/02/15
 0.0000000   3.0000000    0.0000   3815.881 0.030   -0.4    8.9 -2.89 -0.081  40   0 11:10:35     43844.46494    0.0000  2020/02/15
 0.0000000   4.0000000    0.0000   3794.896 0.020    2.4    7.5 -2.91 -0.080  40   0 11:18:34     43844.47047    0.0000  2020/02/15
 0.0000000   4.0000000    0.0000   3794.901 0.024    3.1    9.0 -2.90 -0.080  40   1 11:19:23     43844.47104    0.0000  2020/02/15
 0.0000000   4.0000000    0.0000   3794.901 0.027    3.6    9.9 -2.90 -0.080  40   0 11:20:07     43844.47155    0.0000  2020/02/15
 0.0000000   4.0000000    0.0000   3794.901 0.025    8.6   -3.0 -2.89 -0.080  40  10 11:20:51     43844.47206    0.0000  2020/02/15
 0.0000000   5.0000000    0.0000   3776.780 0.025   -0.8    4.0 -2.87 -0.078  40   0 11:30:59     43844.47908    0.0000  2020/02/15
 0.0000000   5.0000000    0.0000   3776.782 0.023    0.0    5.4 -2.86 -0.078  40   0 11:31:48     43844.47965    0.0000  2020/02/15
 0.0000000   5.0000000    0.0000   3776.780 0.022    0.5    6.1 -2.86 -0.078  40   0 11:32:32     43844.48016    0.0000  2020/02/15
 0.0000000   5.0000000    0.0000   3776.780 0.025    0.6    6.0 -2.86 -0.078  40   0 11:33:16     43844.48066    0.0000  2020/02/15
 0.0000000   4.0000000    0.0000   3794.917 0.023    2.0    5.9 -2.89 -0.076  40   0 11:42:21     43844.48696    0.0000  2020/02/15
 0.0000000   4.0000000    0.0000   3794.917 0.020    2.8    7.9 -2.89 -0.076  40   0 11:43:10     43844.48753    0.0000  2020/02/15
 0.0000000   4.0000000    0.0000   3794.918 0.023    3.5    8.7 -2.88 -0.076  40   0 11:43:54     43844.48804    0.0000  2020/02/15
 0.0000000   4.0000000    0.0000   3794.919 0.021    4.1    9.3 -2.88 -0.076  40   0 11:44:38     43844.48855    0.0000  2020/02/15
 0.0000000   4.0000000    0.0000   3794.919 0.019    5.0    9.7 -2.89 -0.076  40   0 11:45:22     43844.48905    0.0000  2020/02/15
 0.0000000   5.0000000    0.0000   3776.824 0.023    0.0    4.9 -2.90 -0.074  40   0 11:54:09     43844.49514    0.0000  2020/02/15
 0.0000000   5.0000000    0.0000   3776.823 0.024    0.1    5.6 -2.89 -0.074  40   0 11:54:58     43844.49571    0.0000  2020/02/15
 0.0000000   5.0000000    0.0000   3776.821 0.020    0.7    6.0 -2.89 -0.073  40   0 11:55:42     43844.49622    0.0000  2020/02/15
 0.0000000   5.0000000    0.0000   3776.821 0.021    1.2    6.4 -2.89 -0.073  40   0 11:56:26     43844.49673    0.0000  2020/02/15
 0.0000000   5.0000000    0.0000   3776.822 0.022    2.5    6.8 -2.89 -0.073  40   0 11:57:10     43844.49724    0.0000  2020/02/15
 0.0000000   6.0000000    0.0000   3756.748 0.029    1.1    4.8 -2.92 -0.071  40   0 12:06:33     43844.50374    0.0000  2020/02/15
 0.0000000   6.0000000    0.0000   3756.751 0.033    1.6    5.9 -2.91 -0.071  40   0 12:07:22     43844.50431    0.0000  2020/02/15
 0.0000000   6.0000000    0.0000   3756.752 0.041    1.8    6.2 -2.91 -0.070  40   0 12:08:06     43844.50482    0.0000  2020/02/15
 0.0000000   6.0000000    0.0000   3756.752 0.034    2.1    5.9 -2.91 -0.070  40   0 12:08:50     43844.50532    0.0000  2020/02/15
 0.0000000   6.0000000    0.0000   3756.752 0.044    2.3    6.1 -2.91 -0.070  40   0 12:09:34     43844.50583    0.0000  2020/02/15
 0.0000000   5.0000000    0.0000   3776.813 0.024    1.8    4.2 -2.91 -0.067  40   0 12:19:01     43844.51238    0.0000  2020/02/15
 0.0000000   5.0000000    0.0000   3776.814 0.025    2.5    5.9 -2.90 -0.067  40   0 12:19:50     43844.51295    0.0000  2020/02/15
 0.0000000   5.0000000    0.0000   3776.815 0.027    3.0    6.7 -2.90 -0.067  40   0 12:20:34     43844.51346    0.0000  2020/02/15
 0.0000000   5.0000000    0.0000   3776.816 0.024    3.0    6.8 -2.89 -0.067  40   0 12:21:18     43844.51397    0.0000  2020/02/15
 0.0000000   5.0000000    0.0000   3776.814 0.025    3.2    7.1 -2.90 -0.067  40   0 12:22:02     43844.51448    0.0000  2020/02/15
 0.0000000   6.0000000    0.0000   3756.765 0.042    2.0    6.0 -2.89 -0.063  40   0 12:33:01     43844.52209    0.0000  2020/02/15
 0.0000000   6.0000000    0.0000   3756.767 0.032    2.6    7.4 -2.88 -0.063  40   0 12:33:50     43844.52266    0.0000  2020/02/15
 0.0000000   6.0000000    0.0000   3756.768 0.035    3.1    8.0 -2.88 -0.063  40   1 12:34:34     43844.52317    0.0000  2020/02/15
 0.0000000   6.0000000    0.0000   3756.765 0.033    3.8    7.7 -2.88 -0.062  40   0 12:35:18     43844.52367    0.0000  2020/02/15
 0.0000000   5.0000000    0.0000   3776.816 0.036    0.0    5.6 -2.85 -0.055  40   0 12:54:39     43844.53709    0.0000  2020/02/15
 0.0000000   5.0000000    0.0000   3776.816 0.023    0.3    6.8 -2.85 -0.055  40   0 12:55:28     43844.53766    0.0000  2020/02/15
 0.0000000   5.0000000    0.0000   3776.817 0.027    0.7    7.4 -2.85 -0.055  40   0 12:56:12     43844.53817    0.0000  2020/02/15
 0.0000000   5.0000000    0.0000   3776.817 0.025    1.0    7.4 -2.85 -0.055  40   0 12:56:56     43844.53867    0.0000  2020/02/15
 0.0000000   4.0000000    0.0000   3794.938 0.028   -1.8    9.0 -2.94 -0.050  40   1 13:09:08     43844.54713    0.0000  2020/02/15
 0.0000000   4.0000000    0.0000   3794.940 0.031   -1.6   10.3 -2.93 -0.050  40   0 13:09:57     43844.54770    0.0000  2020/02/15
 0.0000000   4.0000000    0.0000   3794.941 0.029   -2.0   10.2 -2.92 -0.049  40   0 13:10:41     43844.54821    0.0000  2020/02/15
 0.0000000   4.0000000    0.0000   3794.940 0.027   -2.1   10.3 -2.92 -0.049  40   0 13:11:25     43844.54872    0.0000  2020/02/15
 0.0000000   5.0000000    0.0000   3776.820 0.023   -1.3    7.0 -2.92 -0.044  40   0 13:22:35     43844.55646    0.0000  2020/02/15
 0.0000000   5.0000000    0.0000   3776.822 0.027   -1.1    8.6 -2.91 -0.044  40   0 13:23:24     43844.55702    0.0000  2020/02/15
 0.0000000   5.0000000    0.0000   3776.822 0.030   -0.7    9.7 -2.90 -0.044  40   0 13:24:08     43844.55753    0.0000  2020/02/15
 0.0000000   5.0000000    0.0000   3776.823 0.021   -0.5    9.8 -2.90 -0.043  40   0 13:24:52     43844.55804    0.0000  2020/02/15
 0.0000000   5.0000000    0.0000   3776.823 0.023   -0.2   10.1 -2.90 -0.043  40   0 13:25:36     43844.55855    0.0000  2020/02/15
 0.0000000   4.0000000    0.0000   3794.949 0.025    2.5    6.0 -2.95 -0.038  40   0 13:37:35     43844.56686    0.0000  2020/02/15
 0.0000000   4.0000000    0.0000   3794.950 0.026    3.2    8.0 -2.93 -0.038  40   0 13:38:24     43844.56742    0.0000  2020/02/15
 0.0000000   4.0000000    0.0000   3794.949 0.026    4.0    8.5 -2.92 -0.037  40   0 13:39:08     43844.56793    0.0000  2020/02/15
 0.0000000   4.0000000    0.0000   3794.950 0.024    4.4    8.8 -2.92 -0.037  40   0 13:39:52     43844.56844    0.0000  2020/02/15
 0.0000000   3.0000000    0.0000   3815.914 0.018   -2.0    4.4 -2.90 -0.033  40   0 13:49:06     43844.57484    0.0000  2020/02/15
 0.0000000   3.0000000    0.0000   3815.914 0.020   -1.3    5.8 -2.90 -0.033  40   0 13:49:55     43844.57541    0.0000  2020/02/15
 0.0000000   3.0000000    0.0000   3815.916 0.016   -0.7    6.1 -2.90 -0.032  40   0 13:50:39     43844.57592    0.0000  2020/02/15
 0.0000000   3.0000000    0.0000   3815.915 0.012   -0.6    6.1 -2.90 -0.032  40   0 13:51:23     43844.57643    0.0000  2020/02/15
 0.0000000   4.0000000    0.0000   3794.935 0.023   -3.3    3.8 -2.94 -0.028  40   0 14:00:22     43844.58265    0.0000  2020/02/15
 0.0000000   4.0000000    0.0000   3794.936 0.024   -2.6    5.6 -2.93 -0.027  40   0 14:01:11     43844.58322    0.0000  2020/02/15
 0.0000000   4.0000000    0.0000   3794.936 0.030   -2.1    6.7 -2.92 -0.027  40   0 14:01:55     43844.58373    0.0000  2020/02/15
 0.0000000   4.0000000    0.0000   3794.937 0.027   -1.6    6.6 -2.92 -0.027  40   0 14:02:39     43844.58424    0.0000  2020/02/15
 0.0000000   4.0000000    0.0000   3794.937 0.029   -1.2    6.9 -2.92 -0.027  40   1 14:03:23     43844.58475    0.0000  2020/02/15
 0.0000000   3.0000000    0.0000   3815.924 0.020    1.5    5.6 -2.95 -0.022  40   0 14:12:36     43844.59114    0.0000  2020/02/15
 0.0000000   3.0000000    0.0000   3815.925 0.025    1.8    6.9 -2.94 -0.022  40   0 14:13:25     43844.59170    0.0000  2020/02/15
 0.0000000   3.0000000    0.0000   3815.928 0.019    2.1    7.5 -2.94 -0.021  40   0 14:14:09     43844.59221    0.0000  2020/02/15
 0.0000000   3.0000000    0.0000   3815.927 0.014    2.5    7.6 -2.93 -0.021  40   0 14:14:53     43844.59272    0.0000  2020/02/15
 0.0000000   2.0999999    0.0000   3827.655 0.018    3.4    5.5 -2.96 -0.018  40   0 14:22:12     43844.59779    0.0000  2020/02/15
 0.0000000   2.0999999    0.0000   3827.659 0.017    4.0    6.8 -2.96 -0.017  40   0 14:23:01     43844.59836    0.0000  2020/02/15
 0.0000000   2.0999999    0.0000   3827.660 0.018    4.7    7.1 -2.96 -0.017  40   2 14:23:45     43844.59887    0.0000  2020/02/15
 0.0000000   2.0999999    0.0000   3827.662 0.017    5.1    7.4 -2.96 -0.017  40   0 14:24:29     43844.59938    0.0000  2020/02/15
 0.0000000   2.0999999    0.0000   3827.663 0.013    5.4    7.3 -2.96 -0.016  40   0 14:25:13     43844.59988    0.0000  2020/02/15
 0.0000000   2.0999999    0.0000   3827.662 0.013    5.7    7.3 -2.97 -0.016  40   0 14:25:57     43844.60039    0.0000  2020/02/15
 0.0000000   3.0000000    0.0000   3815.911 0.027   -2.6    2.7 -2.99 -0.013  40   2 14:32:21     43844.60483    0.0000  2020/02/15
 0.0000000   3.0000000    0.0000   3815.914 0.016   -1.8    4.4 -2.99 -0.013  40   0 14:33:10     43844.60540    0.0000  2020/02/15
 0.0000000   3.0000000    0.0000   3815.914 0.020   -2.0    4.6 -2.99 -0.012  40   1 14:33:54     43844.60590    0.0000  2020/02/15
 0.0000000   3.0000000    0.0000   3815.914 0.019   -1.8    4.5 -2.98 -0.012  40   0 14:34:38     43844.60641    0.0000  2020/02/15
 0.0000000   2.0999999    0.0000   3827.667 0.018    0.5    4.5 -2.99 -0.008  40   2 14:42:39     43844.61197    0.0000  2020/02/15
 0.0000000   2.0999999    0.0000   3827.669 0.015    1.1    5.9 -2.99 -0.008  40   0 14:43:28     43844.61254    0.0000  2020/02/15
 0.0000000   2.0999999    0.0000   3827.669 0.021    1.5    6.4 -2.99 -0.007  40   0 14:44:12     43844.61305    0.0000  2020/02/15
 0.0000000   2.0999999    0.0000   3827.670 0.014    1.9    6.4 -2.99 -0.007  40   0 14:44:56     43844.61355    0.0000  2020/02/15
 0.0000000   2.0999999    0.0000   3827.671 0.013    2.0    6.2 -2.99 -0.006  40   1 14:45:40     43844.61406    0.0000  2020/02/15
 0.0000000   2.0999999    0.0000   3827.669 0.013    2.3    6.1 -2.99 -0.006  40   0 14:46:24     43844.61457    0.0000  2020/02/15
 0.0000000   2.0000000    0.0000   3839.568 0.018    0.4    4.3 -2.98 -0.002  40   0 14:55:30     43844.62088    0.0000  2020/02/15
 0.0000000   2.0000000    0.0000   3839.572 0.017    0.9    7.0 -2.97 -0.002  40   1 14:56:19     43844.62145    0.0000  2020/02/15
 0.0000000   2.0000000    0.0000   3839.571 0.015    1.6    8.2 -2.96 -0.001  40   0 14:57:03     43844.62195    0.0000  2020/02/15
 0.0000000   2.0000000    0.0000   3839.571 0.015    2.1    8.1 -2.96 -0.001  40   0 14:57:47     43844.62246    0.0000  2020/02/15
 0.0000000   2.0999999    0.0000   3827.669 0.025    0.8    5.8 -2.99 0.003  40   4 15:09:17     43844.63044    0.0000  2020/02/15
 0.0000000   2.0999999    0.0000   3827.670 0.022    1.8    7.6 -2.97 0.004  40   2 15:10:06     43844.63100    0.0000  2020/02/15
 0.0000000   2.0999999    0.0000   3827.673 0.020    2.8    8.6 -2.95 0.004  40   2 15:10:50     43844.63151    0.0000  2020/02/15
 0.0000000   2.0999999    0.0000   3827.672 0.015    3.7    9.0 -2.95 0.004  40   2 15:11:34     43844.63202    0.0000  2020/02/15
 0.0000000   2.0000000    0.0000   3839.568 0.018    5.2    6.4 -2.95 0.008  40   0 15:20:08     43844.63796    0.0000  2020/02/15
 0.0000000   2.0000000    0.0000   3839.570 0.024    6.9    8.6 -2.94 0.009  40   1 15:20:57     43844.63853    0.0000  2020/02/15
 0.0000000   2.0000000    0.0000   3839.573 0.019    8.1    9.7 -2.94 0.009  40   0 15:21:41     43844.63903    0.0000  2020/02/15
 0.0000000   2.0000000    0.0000   3839.571 0.017    8.8    9.8 -2.94 0.009  40   1 15:22:25     43844.63954    0.0000  2020/02/15
 0.0000000  10.0000000    0.0000   3838.057 0.014   -0.5    6.1 -2.91 0.022  40   0 15:52:36     43844.66047    0.0000  2020/02/15
 0.0000000  10.0000000    0.0000   3838.059 0.019    2.8    1.5 -2.91 0.022  40   5 15:53:25     43844.66104    0.0000  2020/02/15
 0.0000000  10.0000000    0.0000   3838.058 0.018    3.0    2.0 -2.91 0.022  40   0 15:54:09     43844.66154    0.0000  2020/02/15
 0.0000000  10.0000000    0.0000   3838.059 0.019    3.1    2.3 -2.91 0.023  40   0 15:54:53     43844.66205    0.0000  2020/02/15