
/	CG-5 SURVEY
/	Survey name:   	pbz
/	Instrument S/N:	40823
/	Client:        	egmg
/	Operator:      	amanzhan
/	Date:          	2020/ 2/11
/	Time:          	16:46:16
/	LONG:        	77.1000000 E
/	LAT:         	43.7000000 N
/	ZONE:        	43      
/	GMT DIFF.:   	-6.0

/	CG-5 SETUP PARAMETERS
/	Gref:			0.000   
/	Gcal1:		8505.171
/	TiltxS:		631.557 
/	TiltyS:		617.636 
/	TiltxO:		9.593   
/	TiltyO:		-29.781 
/	Tempco:		-0.134  
/	Drift:		-0.027  
/	DriftTime Start:	16:46:18
/	DriftDate Start:	2020/02/11

/	CG-5 OPTIONS
/	Tide Correction:    YES
/	Cont. Tilt:         YES
/	Auto Rejection:     YES
/	Terrain Corr.:       NO
/	Seismic Filter:     YES
/	Raw Data:            NO
Line	   0.000S
/------LINE-----STATION-----ALT.------GRAV.---SD.--TILTX--TILTY-TEMP---TIDE---DUR-REJ-----TIME----DEC.TIME+DATE--TERRAIN---DATE
 0.0000000  10.0000000    0.0000   3838.076 0.012   -1.0   -1.8 -3.12 -0.080  40   0 08:27:35     43842.35192    0.0000  2020/02/13
 0.0000000  10.0000000    0.0000   3838.075 0.012   -1.0   -1.7 -3.12 -0.080  40   0 08:28:24     43842.35249    0.0000  2020/02/13
 0.0000000  10.0000000    0.0000   3838.075 0.013   -1.0   -1.7 -3.12 -0.080  40   0 08:29:08     43842.35300    0.0000  2020/02/13
 0.0000000  10.0000000    0.0000   3838.075 0.011   -1.0   -1.6 -3.12 -0.081  40   0 08:29:52     43842.35351    0.0000  2020/02/13
 0.0000000   2.0000000    0.0000   3839.593 0.016    2.6    3.0 -2.99 -0.085  40   0 08:44:39     43842.36376    0.0000  2020/02/13
 0.0000000   2.0000000    0.0000   3839.594 0.014    4.1    3.8 -2.97 -0.085  40   0 08:45:28     43842.36432    0.0000  2020/02/13
 0.0000000   2.0000000    0.0000   3839.594 0.016    5.3    3.9 -2.96 -0.086  40   0 08:46:12     43842.36483    0.0000  2020/02/13
 0.0000000   2.0000000    0.0000   3839.595 0.016    6.0    3.6 -2.95 -0.086  40   3 08:46:56     43842.36534    0.0000  2020/02/13
 0.0000000   1.0000000    0.0000   3857.710 0.016    2.2    3.6 -2.93 -0.090  40   0 09:00:52     43842.37500    0.0000  2020/02/13
 0.0000000   1.0000000    0.0000   3857.713 0.020    3.8    4.4 -2.93 -0.090  40   0 09:01:41     43842.37557    0.0000  2020/02/13
 0.0000000   1.0000000    0.0000   3857.714 0.014    4.9    4.7 -2.93 -0.090  40   0 09:02:25     43842.37608    0.0000  2020/02/13
 0.0000000   1.0000000    0.0000   3857.714 0.015    5.9    4.2 -2.93 -0.090  40   0 09:03:09     43842.37658    0.0000  2020/02/13
 0.0000000   1.0000000    0.0000   3857.716 0.012    6.9    4.8 -2.94 -0.090  40   0 09:03:53     43842.37709    0.0000  2020/02/13
 0.0000000   2.0000000    0.0000   3839.575 0.007    0.6    0.8 -2.91 -0.092  40   0 09:16:17     43842.38569    0.0000  2020/02/13
 0.0000000   2.0000000    0.0000   3839.578 0.012    1.5    2.4 -2.90 -0.093  40   0 09:17:06     43842.38626    0.0000  2020/02/13
 0.0000000   2.0000000    0.0000   3839.578 0.011    2.3    3.2 -2.90 -0.093  40   1 09:17:50     43842.38676    0.0000  2020/02/13
 0.0000000   2.0000000    0.0000   3839.579 0.011    2.8    3.4 -2.89 -0.093  40   0 09:18:34     43842.38727    0.0000  2020/02/13
 0.0000000   2.0000000    0.0000   3839.581 0.012    3.3    2.9 -2.89 -0.093  40   0 09:19:18     43842.38778    0.0000  2020/02/13
 0.0000000   2.0000000    0.0000   3839.581 0.010    3.3    3.2 -2.90 -0.093  40   0 09:20:02     43842.38829    0.0000  2020/02/13
 0.0000000   1.0000000    0.0000   3857.666 0.011   -0.6    1.1 -2.90 -0.094  40   0 09:32:02     43842.39661    0.0000  2020/02/13
 0.0000000   1.0000000    0.0000   3857.671 0.012    0.0    1.9 -2.90 -0.094  40   0 09:32:51     43842.39718    0.0000  2020/02/13
 0.0000000   1.0000000    0.0000   3857.672 0.018    0.4    2.6 -2.90 -0.094  40   3 09:33:35     43842.39768    0.0000  2020/02/13
 0.0000000   1.0000000    0.0000   3857.673 0.014    0.7    2.3 -2.90 -0.094  40   0 09:34:19     43842.39819    0.0000  2020/02/13
 0.0000000   1.0000000    0.0000   3857.674 0.014    1.1    2.3 -2.91 -0.094  40   0 09:35:03     43842.39870    0.0000  2020/02/13
 0.0000000   1.0000000    0.0000   3857.674 0.019    1.4    2.8 -2.92 -0.095  40   0 09:35:47     43842.39921    0.0000  2020/02/13
 0.0000000   1.0000000    0.0000   3857.674 0.011    1.6    3.1 -2.92 -0.095  40   0 09:36:31     43842.39972    0.0000  2020/02/13
 0.0000000   2.0000000    0.0000   3839.584 0.011    2.2    6.8 -2.93 -0.095  40   0 09:48:24     43842.40796    0.0000  2020/02/13
 0.0000000   2.0000000    0.0000   3839.588 0.010    2.9    7.8 -2.92 -0.095  40   0 09:49:13     43842.40852    0.0000  2020/02/13
 0.0000000   2.0000000    0.0000   3839.589 0.017    3.5    8.1 -2.91 -0.095  40   0 09:49:57     43842.40903    0.0000  2020/02/13
 0.0000000   2.0000000    0.0000   3839.589 0.012    4.0    7.9 -2.91 -0.095  40   0 09:50:41     43842.40954    0.0000  2020/02/13
 0.0000000   2.0000000    0.0000   3839.589 0.014   -1.0    0.1 -2.91 -0.095  40  18 09:51:25     43842.41005    0.0000  2020/02/13
 0.0000000   2.0999999    0.0000   3827.690 0.016   -1.0    1.2 -2.92 -0.095  40   0 10:01:52     43842.41729    0.0000  2020/02/13
 0.0000000   2.0999999    0.0000   3827.690 0.012   -0.3    2.2 -2.91 -0.095  40   0 10:02:41     43842.41786    0.0000  2020/02/13
 0.0000000   2.0999999    0.0000   3827.691 0.013    0.2    2.1 -2.90 -0.095  40   0 10:03:25     43842.41837    0.0000  2020/02/13
 0.0000000   2.0999999    0.0000   3827.691 0.012    0.3    1.8 -2.90 -0.094  40   0 10:04:09     43842.41888    0.0000  2020/02/13
 0.0000000   2.0000000    0.0000   3839.591 0.012   -1.6    3.1 -2.89 -0.094  40   0 10:12:00     43842.42432    0.0000  2020/02/13
 0.0000000   2.0000000    0.0000   3839.593 0.014   -1.5    4.6 -2.87 -0.094  40   0 10:12:49     43842.42489    0.0000  2020/02/13
 0.0000000   2.0000000    0.0000   3839.593 0.017   -1.0    5.1 -2.87 -0.094  40   0 10:13:33     43842.42539    0.0000  2020/02/13
 0.0000000   2.0000000    0.0000   3839.594 0.018   -0.6    5.0 -2.87 -0.094  40   0 10:14:17     43842.42590    0.0000  2020/02/13
 0.0000000   2.0000000    0.0000   3839.594 0.013   -0.3    4.8 -2.87 -0.093  40   0 10:15:01     43842.42641    0.0000  2020/02/13
 0.0000000   2.0999999    0.0000   3827.686 0.012    1.3    5.8 -2.86 -0.092  40   0 10:23:27     43842.43226    0.0000  2020/02/13
 0.0000000   2.0999999    0.0000   3827.688 0.011    2.1    6.8 -2.85 -0.092  40   0 10:24:16     43842.43282    0.0000  2020/02/13
 0.0000000   2.0999999    0.0000   3827.691 0.010    5.9   -6.3 -2.85 -0.092  40  19 10:25:00     43842.43333    0.0000  2020/02/13
 0.0000000   2.0999999    0.0000   3827.685 0.011    0.3    7.3 -2.85 -0.092  40  14 10:25:44     43842.43384    0.0000  2020/02/13
 0.0000000   2.0999999    0.0000   3827.689 0.013    2.9    6.5 -2.86 -0.092  40   0 10:26:56     43842.43467    0.0000  2020/02/13
 0.0000000   3.0000000    0.0000   3815.961 0.015    1.0    3.8 -2.89 -0.091  40   0 10:33:21     43842.43912    0.0000  2020/02/13
 0.0000000   3.0000000    0.0000   3815.962 0.017    1.4    5.0 -2.89 -0.090  40   0 10:34:10     43842.43969    0.0000  2020/02/13
 0.0000000   3.0000000    0.0000   3815.966 0.037    1.3    5.5 -2.89 -0.090  40   4 10:34:54     43842.44020    0.0000  2020/02/13
 0.0000000   3.0000000    0.0000   3815.964 0.017    1.4    5.4 -2.90 -0.090  40   1 10:35:38     43842.44071    0.0000  2020/02/13
 0.0000000   2.0999999    0.0000   3827.702 0.019    1.2    5.9 -2.94 -0.088  40   1 10:45:51     43842.44779    0.0000  2020/02/13
 0.0000000   2.0999999    0.0000   3827.704 0.019    1.7    7.3 -2.93 -0.088  40   0 10:46:40     43842.44836    0.0000  2020/02/13
 0.0000000   2.0999999    0.0000   3827.706 0.018    2.0    7.8 -2.93 -0.088  40   2 10:47:24     43842.44886    0.0000  2020/02/13
 0.0000000   2.0999999    0.0000   3827.705 0.019    4.8    2.4 -2.92 -0.087  40   4 10:48:08     43842.44937    0.0000  2020/02/13
 0.0000000   3.0000000    0.0000   3815.937 0.014    1.5    3.3 -2.91 -0.085  40   0 10:55:13     43842.45428    0.0000  2020/02/13
 0.0000000   3.0000000    0.0000   3815.939 0.013    2.0    4.5 -2.91 -0.085  40   0 10:56:02     43842.45485    0.0000  2020/02/13
 0.0000000   3.0000000    0.0000   3815.941 0.010    2.3    4.8 -2.91 -0.085  40   1 10:56:46     43842.45536    0.0000  2020/02/13
 0.0000000   3.0000000    0.0000   3815.940 0.011    2.5    4.6 -2.91 -0.085  40   1 10:57:30     43842.45587    0.0000  2020/02/13
 0.0000000   4.0000000    0.0000   3794.973 0.019   -0.5    4.3 -2.90 -0.082  40   6 11:05:53     43842.46168    0.0000  2020/02/13
 0.0000000   4.0000000    0.0000   3794.973 0.020    0.0    5.6 -2.89 -0.082  40   2 11:06:42     43842.46225    0.0000  2020/02/13
 0.0000000   4.0000000    0.0000   3794.974 0.018    0.6    6.3 -2.88 -0.082  40   0 11:07:26     43842.46275    0.0000  2020/02/13
 0.0000000   4.0000000    0.0000   3794.974 0.016    1.0    6.4 -2.88 -0.081  40   0 11:08:10     43842.46326    0.0000  2020/02/13
 0.0000000   3.0000000    0.0000   3815.956 0.024    3.6    4.8 -2.89 -0.078  40   0 11:17:07     43842.46947    0.0000  2020/02/13
 0.0000000   3.0000000    0.0000   3815.958 0.048    4.1    5.9 -2.89 -0.078  40   4 11:17:56     43842.47003    0.0000  2020/02/13
 0.0000000   3.0000000    0.0000   3815.957 0.024    4.6    6.4 -2.88 -0.078  40   1 11:18:40     43842.47054    0.0000  2020/02/13
 0.0000000   3.0000000    0.0000   3815.958 0.020    4.9    6.7 -2.89 -0.078  40   0 11:19:24     43842.47105    0.0000  2020/02/13
 0.0000000   4.0000000    0.0000   3794.974 0.023    0.6    1.9 -2.91 -0.074  40   2 11:28:12     43842.47715    0.0000  2020/02/13
 0.0000000   4.0000000    0.0000   3794.978 0.019    1.2    3.0 -2.90 -0.074  40   0 11:29:01     43842.47772    0.0000  2020/02/13
 0.0000000   4.0000000    0.0000   3794.979 0.022    1.6    3.3 -2.90 -0.073  40   0 11:29:45     43842.47823    0.0000  2020/02/13
 0.0000000   4.0000000    0.0000   3794.979 0.020    2.1    3.3 -2.89 -0.073  40   0 11:30:29     43842.47874    0.0000  2020/02/13
 0.0000000   4.0000000    0.0000   3794.981 0.018    2.3    3.1 -2.89 -0.073  40   0 11:31:13     43842.47924    0.0000  2020/02/13
 0.0000000   5.0000000    0.0000   3776.834 0.041   -0.6    1.7 -2.93 -0.066  40   0 11:47:47     43842.49073    0.0000  2020/02/13
 0.0000000   5.0000000    0.0000   3776.835 0.031    0.0    2.6 -2.91 -0.066  40   0 11:48:36     43842.49130    0.0000  2020/02/13
 0.0000000   5.0000000    0.0000   3776.835 0.032    0.4    3.1 -2.91 -0.065  40   1 11:49:20     43842.49180    0.0000  2020/02/13
 0.0000000   5.0000000    0.0000   3776.835 0.023    0.8    3.6 -2.90 -0.065  40   0 11:50:04     43842.49231    0.0000  2020/02/13
 0.0000000   4.0000000    0.0000   3794.948 0.024   -0.2    2.1 -2.87 -0.059  40   0 12:02:06     43842.50066    0.0000  2020/02/13
 0.0000000   4.0000000    0.0000   3794.949 0.019    0.0    1.9 -2.87 -0.059  40   0 12:02:55     43842.50122    0.0000  2020/02/13
 0.0000000   4.0000000    0.0000   3794.949 0.018    0.3    1.6 -2.87 -0.058  40   0 12:03:39     43842.50173    0.0000  2020/02/13
 0.0000000   4.0000000    0.0000   3794.950 0.020    0.5    1.6 -2.88 -0.058  40   0 12:04:23     43842.50224    0.0000  2020/02/13
 0.0000000   4.0000000    0.0000   3794.949 0.019    0.6    1.6 -2.89 -0.058  40   0 12:05:07     43842.50275    0.0000  2020/02/13
 0.0000000   5.0000000    0.0000   3776.834 0.022    1.0    4.2 -2.90 -0.054  40   1 12:14:29     43842.50924    0.0000  2020/02/13
 0.0000000   5.0000000    0.0000   3776.832 0.021    1.6    5.2 -2.89 -0.053  40   0 12:15:18     43842.50981    0.0000  2020/02/13
 0.0000000   5.0000000    0.0000   3776.833 0.020    2.2    5.6 -2.89 -0.053  40   0 12:16:02     43842.51032    0.0000  2020/02/13
 0.0000000   5.0000000    0.0000   3776.833 0.024    2.4    5.2 -2.89 -0.052  40   0 12:16:46     43842.51082    0.0000  2020/02/13
 0.0000000   6.0000000    0.0000   3756.773 0.050   -2.6    5.5 -2.90 -0.048  40   2 12:26:22     43842.51748    0.0000  2020/02/13
 0.0000000   6.0000000    0.0000   3756.774 0.057   -2.1    6.7 -2.90 -0.047  40   0 12:27:11     43842.51805    0.0000  2020/02/13
 0.0000000   6.0000000    0.0000   3756.774 0.049   -1.8    7.6 -2.90 -0.047  40   0 12:27:55     43842.51856    0.0000  2020/02/13
 0.0000000   6.0000000    0.0000   3756.778 0.058   -1.6    7.7 -2.90 -0.046  40   0 12:28:39     43842.51906    0.0000  2020/02/13
 0.0000000   6.0000000    0.0000   3756.778 0.072   -1.5    7.7 -2.90 -0.046  40   0 12:29:23     43842.51957    0.0000  2020/02/13
 0.0000000   5.0000000    0.0000   3776.819 0.023    0.5    2.6 -2.92 -0.040  40   0 12:40:16     43842.52712    0.0000  2020/02/13
 0.0000000   5.0000000    0.0000   3776.820 0.022    0.9    3.7 -2.91 -0.040  40   0 12:41:05     43842.52768    0.0000  2020/02/13
 0.0000000   5.0000000    0.0000   3776.823 0.027    1.6    4.2 -2.91 -0.039  40   0 12:41:49     43842.52819    0.0000  2020/02/13
 0.0000000   5.0000000    0.0000   3776.825 0.041    2.0    4.7 -2.91 -0.039  40   0 12:42:33     43842.52870    0.0000  2020/02/13
 0.0000000   5.0000000    0.0000   3776.823 0.030    2.2    4.9 -2.91 -0.039  40   0 12:43:17     43842.52921    0.0000  2020/02/13
 0.0000000   6.0000000    0.0000   3756.775 0.029    1.8    2.6 -2.91 -0.033  40   0 12:54:20     43842.53687    0.0000  2020/02/13
 0.0000000   6.0000000    0.0000   3756.772 0.027    2.3    4.1 -2.91 -0.033  40   0 12:55:09     43842.53744    0.0000  2020/02/13
 0.0000000   6.0000000    0.0000   3756.774 0.024    2.6    4.7 -2.91 -0.032  40   0 12:55:53     43842.53795    0.0000  2020/02/13
 0.0000000   6.0000000    0.0000   3756.775 0.026    3.1    4.8 -2.91 -0.032  40   0 12:56:37     43842.53845    0.0000  2020/02/13
 0.0000000   5.0000000    0.0000   3776.833 0.024    6.3    3.0 -2.88 -0.026  40   0 13:06:55     43842.54560    0.0000  2020/02/13
 0.0000000   5.0000000    0.0000   3776.835 0.020    7.8    3.4 -2.87 -0.026  40   0 13:07:44     43842.54616    0.0000  2020/02/13
 0.0000000   5.0000000    0.0000   3776.840 0.025    9.1    3.4 -2.87 -0.026  40   1 13:08:28     43842.54667    0.0000  2020/02/13
 0.0000000   5.0000000    0.0000   3776.835 0.018   10.3    3.7 -2.88 -0.025  40   0 13:09:12     43842.54718    0.0000  2020/02/13
 0.0000000   5.0000000    0.0000   3776.838 0.033   -2.3    2.9 -2.88 -0.025  40  10 13:09:56     43842.54769    0.0000  2020/02/13
 0.0000000   5.0000000    0.0000   3776.835 0.025   -1.4    3.2 -2.89 -0.024  40   0 13:10:40     43842.54820    0.0000  2020/02/13
 0.0000000   4.0000000    0.0000   3794.966 0.019    0.3    7.4 -2.90 -0.020  40   0 13:19:14     43842.55414    0.0000  2020/02/13
 0.0000000   4.0000000    0.0000   3794.967 0.025    4.2    1.7 -2.89 -0.020  40  18 13:20:03     43842.55470    0.0000  2020/02/13
 0.0000000   4.0000000    0.0000   3794.967 0.020    4.6    2.0 -2.89 -0.019  40   0 13:20:47     43842.55521    0.0000  2020/02/13
 0.0000000   4.0000000    0.0000   3794.967 0.019    4.7    2.1 -2.89 -0.019  40   0 13:21:31     43842.55572    0.0000  2020/02/13
 0.0000000   5.0000000    0.0000   3776.837 0.021    4.3    1.7 -2.86 -0.014  40   8 13:31:19     43842.56251    0.0000  2020/02/13
 0.0000000   5.0000000    0.0000   3776.838 0.031    5.6    3.1 -2.85 -0.014  40   0 13:32:08     43842.56308    0.0000  2020/02/13
 0.0000000   5.0000000    0.0000   3776.840 0.024    6.9    3.4 -2.85 -0.013  40   0 13:32:52     43842.56359    0.0000  2020/02/13
 0.0000000   5.0000000    0.0000   3776.839 0.019    7.6    3.5 -2.85 -0.013  40   0 13:33:36     43842.56410    0.0000  2020/02/13
 0.0000000   4.0000000    0.0000   3794.952 0.019   -1.5    0.0 -2.89 -0.007  40   0 13:45:16     43842.57218    0.0000  2020/02/13
 0.0000000   4.0000000    0.0000   3794.954 0.019   -0.6    1.3 -2.88 -0.007  40   0 13:46:05     43842.57275    0.0000  2020/02/13
 0.0000000   4.0000000    0.0000   3794.957 0.023    0.0    2.1 -2.88 -0.006  40   0 13:46:49     43842.57326    0.0000  2020/02/13
 0.0000000   4.0000000    0.0000   3794.955 0.027    0.3    2.1 -2.88 -0.006  40   1 13:47:33     43842.57377    0.0000  2020/02/13
 0.0000000   3.0000000    0.0000   3815.938 0.014    3.5    3.0 -2.89 -0.002  40   7 13:56:44     43842.58014    0.0000  2020/02/13
 0.0000000   3.0000000    0.0000   3815.936 0.015    4.3    3.8 -2.89 -0.002  40   0 13:57:33     43842.58070    0.0000  2020/02/13
 0.0000000   3.0000000    0.0000   3815.938 0.016    4.6    4.1 -2.89 -0.001  40   0 13:58:17     43842.58121    0.0000  2020/02/13
 0.0000000   3.0000000    0.0000   3815.937 0.014    4.9    4.0 -2.89 -0.001  40   1 13:59:01     43842.58172    0.0000  2020/02/13
 0.0000000   4.0000000    0.0000   3794.950 0.020   -2.5    2.8 -2.92 0.002  40   0 14:07:26     43842.58755    0.0000  2020/02/13
 0.0000000   4.0000000    0.0000   3794.954 0.016   -2.2    4.0 -2.91 0.002  40   0 14:08:15     43842.58812    0.0000  2020/02/13
 0.0000000   4.0000000    0.0000   3794.953 0.023   -1.6    4.5 -2.91 0.003  40   0 14:08:59     43842.58863    0.0000  2020/02/13
 0.0000000   4.0000000    0.0000   3794.955 0.021   -1.5    4.6 -2.91 0.003  40   0 14:09:43     43842.58914    0.0000  2020/02/13
 0.0000000   3.0000000    0.0000   3815.948 0.034    2.8    3.5 -2.85 0.009  40   3 14:23:47     43842.59889    0.0000  2020/02/13
 0.0000000   3.0000000    0.0000   3815.944 0.019    3.2    4.6 -2.86 0.009  40   2 14:24:36     43842.59946    0.0000  2020/02/13
 0.0000000   3.0000000    0.0000   3815.946 0.025    3.8    5.1 -2.86 0.009  40   2 14:25:20     43842.59996    0.0000  2020/02/13
 0.0000000   3.0000000    0.0000   3815.945 0.018    4.0    5.0 -2.86 0.010  40   0 14:26:04     43842.60047    0.0000  2020/02/13
 0.0000000   2.0999999    0.0000   3827.705 0.018   -3.0    5.0 -2.92 0.012  40   1 14:32:59     43842.60527    0.0000  2020/02/13
 0.0000000   2.0999999    0.0000   3827.705 0.018   -2.5    6.2 -2.91 0.013  40   0 14:33:48     43842.60583    0.0000  2020/02/13
 0.0000000   2.0999999    0.0000   3827.705 0.022   -2.4    6.3 -2.91 0.013  40   0 14:34:32     43842.60634    0.0000  2020/02/13
 0.0000000   2.0999999    0.0000   3827.705 0.015   -2.4    6.2 -2.92 0.013  40   0 14:35:16     43842.60685    0.0000  2020/02/13
 0.0000000   3.0000000    0.0000   3815.945 0.020    1.8    2.2 -2.94 0.016  40   0 14:42:42     43842.61201    0.0000  2020/02/13
 0.0000000   3.0000000    0.0000   3815.947 0.022    2.4    4.2 -2.94 0.016  40   0 14:43:31     43842.61257    0.0000  2020/02/13
 0.0000000   3.0000000    0.0000   3815.948 0.021    2.9    5.1 -2.93 0.016  40   0 14:44:15     43842.61308    0.0000  2020/02/13
 0.0000000   3.0000000    0.0000   3815.947 0.015    3.2    5.5 -2.93 0.016  40   0 14:44:59     43842.61359    0.0000  2020/02/13
 0.0000000   2.0999999    0.0000   3827.701 0.014    0.4    3.7 -2.94 0.019  40   0 14:52:55     43842.61909    0.0000  2020/02/13
 0.0000000   2.0999999    0.0000   3827.701 0.014    0.9    4.7 -2.94 0.019  40   0 14:53:44     43842.61966    0.0000  2020/02/13
 0.0000000   2.0999999    0.0000   3827.702 0.016    1.5    5.0 -2.94 0.019  40   0 14:54:28     43842.62016    0.0000  2020/02/13
 0.0000000   2.0999999    0.0000   3827.702 0.015    1.7    5.0 -2.94 0.020  40   0 14:55:12     43842.62067    0.0000  2020/02/13
 0.0000000   2.0000000    0.0000   3839.604 0.016   -1.9    5.5 -2.95 0.022  40   5 15:03:27     43842.62639    0.0000  2020/02/13
 0.0000000   2.0000000    0.0000   3839.606 0.011   -1.5    6.7 -2.94 0.022  40   0 15:04:16     43842.62696    0.0000  2020/02/13
 0.0000000   2.0000000    0.0000   3839.605 0.013   -1.2    6.9 -2.93 0.022  40   0 15:05:00     43842.62747    0.0000  2020/02/13
 0.0000000   2.0000000    0.0000   3839.606 0.015   -1.0    7.0 -2.93 0.023  40   0 15:05:44     43842.62798    0.0000  2020/02/13
 0.0000000   2.0999999    0.0000   3827.705 0.033    0.8   -0.6 -2.92 0.025  40   8 15:14:25     43842.63400    0.0000  2020/02/13
 0.0000000   2.0999999    0.0000   3827.709 0.013    1.0    0.0 -2.91 0.025  40   0 15:15:14     43842.63456    0.0000  2020/02/13
 0.0000000   2.0999999    0.0000   3827.708 0.018    1.4    0.5 -2.91 0.025  40   1 15:15:58     43842.63507    0.0000  2020/02/13
 0.0000000   2.0999999    0.0000   3827.707 0.016    1.5    0.6 -2.90 0.025  40   0 15:16:42     43842.63558    0.0000  2020/02/13
 0.0000000   2.0000000    0.0000   3839.628 0.032   -0.4    3.0 -2.91 0.027  40  13 15:24:21     43842.64088    0.0000  2020/02/13
 0.0000000   2.0000000    0.0000   3839.625 0.015   -0.1    4.1 -2.91 0.027  40   7 15:25:10     43842.64145    0.0000  2020/02/13
 0.0000000   2.0000000    0.0000   3839.627 0.019    0.0    4.2 -2.90 0.027  40   2 15:25:54     43842.64196    0.0000  2020/02/13
 0.0000000   2.0000000    0.0000   3839.625 0.016    0.0    4.0 -2.90 0.027  40   4 15:26:38     43842.64247    0.0000  2020/02/13
 0.0000000  10.0000000    0.0000   3838.098 0.014   -2.7   -0.5 -2.89 0.029  40   0 15:39:06     43842.65111    0.0000  2020/02/13
 0.0000000  10.0000000    0.0000   3838.097 0.017   -3.1   -0.7 -2.89 0.030  40   0 15:39:55     43842.65168    0.0000  2020/02/13
 0.0000000  10.0000000    0.0000   3838.098 0.013   -3.4   -0.8 -2.88 0.030  40   0 15:40:39     43842.65218    0.0000  2020/02/13
 0.0000000  10.0000000    0.0000   3838.096 0.019   -3.6   -0.9 -2.88 0.030  40   3 15:41:23     43842.65269    0.0000  2020/02/13
 0.000   ,0   ,0.000   ,     0.000,-414498360204984320.000,-288,65527,   0.000,   0.000,0.000   ,0.000   ,0.000   ,-1.216  