
/	CG-5 SURVEY
/	Survey name:   	pbz
/	Instrument S/N:	40824
/	Client:        	egmg
/	Operator:      	amanzan
/	Date:          	2020/ 2/11
/	Time:          	16:45:41
/	LONG:        	77.1000000 E
/	LAT:         	43.7000000 N
/	ZONE:        	43      
/	GMT DIFF.:   	-6.0

/	CG-5 SETUP PARAMETERS
/	Gref:			0.000   
/	Gcal1:		8394.709
/	TiltxS:		611.136 
/	TiltyS:		663.889 
/	TiltxO:		-82.610 
/	TiltyO:		65.978  
/	Tempco:		-0.130  
/	Drift:		0.575   
/	DriftTime Start:	16:45:43
/	DriftDate Start:	2020/02/11

/	CG-5 OPTIONS
/	Tide Correction:    YES
/	Cont. Tilt:         YES
/	Auto Rejection:     YES
/	Terrain Corr.:       NO
/	Seismic Filter:     YES
/	Raw Data:            NO
Line	   0.000S
/------LINE-----STATION-----ALT.------GRAV.---SD.--TILTX--TILTY-TEMP---TIDE---DUR-REJ-----TIME----DEC.TIME+DATE--TERRAIN---DATE
 0.0000000  10.0000000    0.0000   5071.863 0.016   -2.4   -0.8 -1.53 -0.095  40   0 08:45:41     43841.36447    0.0000  2020/02/12
 0.0000000  10.0000000    0.0000   5071.864 0.018   -2.5   -0.9 -1.53 -0.095  40   0 08:46:30     43841.36504    0.0000  2020/02/12
 0.0000000  10.0000000    0.0000   5071.863 0.018   -2.5   -1.0 -1.53 -0.096  40   0 08:47:14     43841.36555    0.0000  2020/02/12
 0.0000000  10.0000000    0.0000   5071.865 0.020   -2.5   -1.2 -1.53 -0.096  40   2 08:47:58     43841.36606    0.0000  2020/02/12
 0.0000000   2.0000000    0.0000   5073.384 0.026    2.2    5.2 -1.41 -0.098  40   0 09:03:19     43841.37670    0.0000  2020/02/12
 0.0000000   2.0000000    0.0000   5073.382 0.023    3.2    5.8 -1.39 -0.098  40   0 09:04:08     43841.37727    0.0000  2020/02/12
 0.0000000   2.0000000    0.0000   5073.382 0.016    4.1    6.6 -1.38 -0.099  40   0 09:04:52     43841.37777    0.0000  2020/02/12
 0.0000000   2.0000000    0.0000   5073.383 0.017    5.1    7.1 -1.38 -0.099  40   0 09:05:36     43841.37828    0.0000  2020/02/12
 0.0000000   1.0000000    0.0000   5091.461 0.022    3.1   -1.1 -1.31 -0.100  40   0 09:20:46     43841.38880    0.0000  2020/02/12
 0.0000000   1.0000000    0.0000   5091.461 0.013    4.3   -1.4 -1.30 -0.100  40   0 09:21:35     43841.38936    0.0000  2020/02/12
 0.0000000   1.0000000    0.0000   5091.461 0.018    5.2   -1.6 -1.29 -0.100  40   0 09:22:19     43841.38987    0.0000  2020/02/12
 0.0000000   1.0000000    0.0000   5091.462 0.022    6.3   -1.9 -1.28 -0.100  40   1 09:23:03     43841.39038    0.0000  2020/02/12
 0.0000000   2.0000000    0.0000   5073.383 0.021    0.0    2.2 -1.25 -0.099  40   0 09:38:12     43841.40089    0.0000  2020/02/12
 0.0000000   2.0000000    0.0000   5073.382 0.017    0.7    3.1 -1.25 -0.099  40   0 09:39:01     43841.40145    0.0000  2020/02/12
 0.0000000   2.0000000    0.0000   5073.382 0.018    1.1    3.1 -1.24 -0.099  40   0 09:39:45     43841.40196    0.0000  2020/02/12
 0.0000000   2.0000000    0.0000   5073.382 0.023    1.5    3.2 -1.24 -0.099  40   0 09:40:29     43841.40247    0.0000  2020/02/12
 0.0000000   1.0000000    0.0000   5091.456 0.022    0.1    1.7 -1.36 -0.096  40  31 10:02:47     43841.41793    0.0000  2020/02/12
 0.0000000   1.0000000    0.0000   5091.465 0.021   -1.2    1.6 -1.36 -0.096  40  11 10:03:36     43841.41850    0.0000  2020/02/12
 0.0000000   1.0000000    0.0000   5091.463 0.014   10.2    1.3 -1.36 -0.096  40   7 10:04:20     43841.41900    0.0000  2020/02/12
 0.0000000   1.0000000    0.0000   5091.464 0.017   -0.4    0.8 -1.36 -0.096  40  11 10:05:04     43841.41951    0.0000  2020/02/12
 0.0000000   1.0000000    0.0000   5091.462 0.019    7.2    0.3 -1.36 -0.096  40   1 10:05:48     43841.42002    0.0000  2020/02/12
 0.0000000   2.0000000    0.0000   5073.374 0.021   -0.2    0.9 -1.38 -0.093  40   0 10:19:44     43841.42968    0.0000  2020/02/12
 0.0000000   2.0000000    0.0000   5073.375 0.017    0.8    1.5 -1.37 -0.093  40   0 10:20:33     43841.43025    0.0000  2020/02/12
 0.0000000   2.0000000    0.0000   5073.375 0.022    1.8    2.1 -1.37 -0.092  40   0 10:21:17     43841.43076    0.0000  2020/02/12
 0.0000000   2.0000000    0.0000   5073.374 0.024    2.7    2.1 -1.36 -0.092  40   0 10:22:01     43841.43126    0.0000  2020/02/12
 0.0000000   2.0999999    0.0000   5061.477 0.018    3.8    0.5 -1.36 -0.089  40   0 10:32:38     43841.43863    0.0000  2020/02/12
 0.0000000   2.0999999    0.0000   5061.479 0.013    4.4    1.3 -1.36 -0.089  40   0 10:33:27     43841.43919    0.0000  2020/02/12
 0.0000000   2.0999999    0.0000   5061.479 0.019    5.7    1.8 -1.35 -0.089  40   0 10:34:11     43841.43970    0.0000  2020/02/12
 0.0000000   2.0999999    0.0000   5061.479 0.016    6.1    1.1 -1.35 -0.088  40   0 10:34:55     43841.44021    0.0000  2020/02/12
 0.0000000   2.0000000    0.0000   5073.375 0.021   -0.9   -2.8 -1.32 -0.085  40   1 10:44:28     43841.44683    0.0000  2020/02/12
 0.0000000   2.0000000    0.0000   5073.375 0.015   -0.2   -2.2 -1.31 -0.085  40   0 10:45:17     43841.44740    0.0000  2020/02/12
 0.0000000   2.0000000    0.0000   5073.375 0.018    0.1   -1.6 -1.30 -0.085  40   0 10:46:01     43841.44790    0.0000  2020/02/12
 0.0000000   2.0000000    0.0000   5073.377 0.019    0.7   -1.6 -1.30 -0.084  40   0 10:46:45     43841.44841    0.0000  2020/02/12
 0.0000000   2.0999999    0.0000   5061.478 0.035    3.1    1.4 -1.32 -0.081  40   0 10:56:15     43841.45500    0.0000  2020/02/12
 0.0000000   2.0999999    0.0000   5061.482 0.070    3.8    1.7 -1.32 -0.080  40   2 10:57:04     43841.45557    0.0000  2020/02/12
 0.0000000   2.0999999    0.0000   5061.479 0.030    4.4    1.7 -1.31 -0.080  40   0 10:57:48     43841.45607    0.0000  2020/02/12
 0.0000000   2.0999999    0.0000   5061.479 0.034    4.9    1.7 -1.31 -0.080  40   0 10:58:32     43841.45658    0.0000  2020/02/12
 0.0000000   3.0000000    0.0000   5049.743 0.027    0.1    2.6 -1.33 -0.077  40  11 11:05:01     43841.46108    0.0000  2020/02/12
 0.0000000   3.0000000    0.0000   5049.748 0.037    1.5    3.5 -1.33 -0.077  40   4 11:05:50     43841.46164    0.0000  2020/02/12
 0.0000000   3.0000000    0.0000   5049.742 0.025    2.1    3.7 -1.33 -0.077  40   0 11:06:34     43841.46215    0.0000  2020/02/12
 0.0000000   3.0000000    0.0000   5049.743 0.027    2.8    3.6 -1.33 -0.076  40   0 11:07:18     43841.46266    0.0000  2020/02/12
 0.0000000   3.0000000    0.0000   5049.742 0.022    3.6    3.6 -1.33 -0.076  40   0 11:08:02     43841.46317    0.0000  2020/02/12
 0.0000000   2.0999999    0.0000   5061.478 0.029    1.9    0.2 -1.34 -0.072  40   1 11:15:41     43841.46847    0.0000  2020/02/12
 0.0000000   2.0999999    0.0000   5061.478 0.026    2.6    0.5 -1.33 -0.072  40   0 11:16:30     43841.46904    0.0000  2020/02/12
 0.0000000   2.0999999    0.0000   5061.479 0.022    3.1    1.0 -1.33 -0.072  40   0 11:17:14     43841.46955    0.0000  2020/02/12
 0.0000000   2.0999999    0.0000   5061.481 0.024    3.5    0.9 -1.33 -0.072  40   0 11:17:58     43841.47006    0.0000  2020/02/12
 0.0000000   2.0999999    0.0000   5061.479 0.018    3.8    0.3 -1.33 -0.071  40   0 11:18:42     43841.47057    0.0000  2020/02/12
 0.0000000   3.0000000    0.0000   5049.737 0.033   -1.1   -3.3 -1.34 -0.068  40   0 11:25:21     43841.47518    0.0000  2020/02/12
 0.0000000   3.0000000    0.0000   5049.737 0.030    0.1   -3.1 -1.33 -0.068  40   0 11:26:10     43841.47574    0.0000  2020/02/12
 0.0000000   3.0000000    0.0000   5049.739 0.024    0.9   -2.8 -1.32 -0.067  40   0 11:26:54     43841.47625    0.0000  2020/02/12
 0.0000000   3.0000000    0.0000   5049.738 0.022    1.9   -2.9 -1.32 -0.067  40   0 11:27:38     43841.47676    0.0000  2020/02/12
 0.0000000   4.0000000    0.0000   5028.777 0.028    3.0    0.1 -1.32 -0.063  40   0 11:37:23     43841.48352    0.0000  2020/02/12
 0.0000000   4.0000000    0.0000   5028.777 0.022    4.4    1.1 -1.32 -0.062  40   0 11:38:12     43841.48409    0.0000  2020/02/12
 0.0000000   4.0000000    0.0000   5028.777 0.025    5.7    1.3 -1.31 -0.062  40   0 11:38:56     43841.48459    0.0000  2020/02/12
 0.0000000   4.0000000    0.0000   5028.777 0.025    7.1    2.1 -1.31 -0.061  40   0 11:39:40     43841.48510    0.0000  2020/02/12
 0.0000000   3.0000000    0.0000   5049.736 0.018   -3.6   -0.3 -1.34 -0.057  40   0 11:48:31     43841.49124    0.0000  2020/02/12
 0.0000000   3.0000000    0.0000   5049.738 0.024   -3.3    0.5 -1.34 -0.057  40   0 11:49:20     43841.49180    0.0000  2020/02/12
 0.0000000   3.0000000    0.0000   5049.738 0.022   -3.3    0.9 -1.34 -0.056  40   0 11:50:04     43841.49231    0.0000  2020/02/12
 0.0000000   3.0000000    0.0000   5049.741 0.027   -2.8    0.7 -1.34 -0.056  40   2 11:50:48     43841.49282    0.0000  2020/02/12
 0.0000000   3.0000000    0.0000   5049.736 0.028   -2.1    0.6 -1.35 -0.056  40   0 11:51:32     43841.49333    0.0000  2020/02/12
 0.0000000   4.0000000    0.0000   5028.771 0.026    0.0   -0.8 -1.38 -0.051  40   0 11:59:56     43841.49915    0.0000  2020/02/12
 0.0000000   4.0000000    0.0000   5028.771 0.030    0.5    0.0 -1.38 -0.051  40   0 12:00:45     43841.49972    0.0000  2020/02/12
 0.0000000   4.0000000    0.0000   5028.772 0.032    0.8    0.6 -1.38 -0.051  40   1 12:01:29     43841.50023    0.0000  2020/02/12
 0.0000000   4.0000000    0.0000   5028.770 0.045    0.9    1.2 -1.38 -0.050  40   0 12:02:13     43841.50074    0.0000  2020/02/12
 0.0000000   5.0000000    0.0000   5010.649 0.032    1.6    0.3 -1.30 -0.040  40   0 12:21:08     43841.51385    0.0000  2020/02/12
 0.0000000   5.0000000    0.0000   5010.651 0.027    1.5    1.4 -1.29 -0.040  40   0 12:21:57     43841.51442    0.0000  2020/02/12
 0.0000000   5.0000000    0.0000   5010.653 0.029    1.4    2.3 -1.29 -0.039  40   0 12:22:41     43841.51493    0.0000  2020/02/12
 0.0000000   5.0000000    0.0000   5010.657 0.046    1.2    2.7 -1.29 -0.039  40   1 12:23:25     43841.51544    0.0000  2020/02/12
 0.0000000   5.0000000    0.0000   5010.657 0.035    1.1    2.7 -1.29 -0.039  40   0 12:24:09     43841.51594    0.0000  2020/02/12
 0.0000000   5.0000000    0.0000   5010.653 0.033    1.6    2.5 -1.30 -0.038  40   0 12:24:53     43841.51645    0.0000  2020/02/12
 0.0000000   5.0000000    0.0000   5028.766 0.029    1.7   -0.9 -1.34 -0.034  40   0 12:34:29     43841.52311    0.0000  2020/02/12
 0.0000000   5.0000000    0.0000   5028.766 0.050    2.4   -0.5 -1.33 -0.033  40   0 12:35:18     43841.52367    0.0000  2020/02/12
 0.0000000   5.0000000    0.0000   5028.766 0.033    2.7   -0.4 -1.33 -0.033  40   0 12:36:02     43841.52418    0.0000  2020/02/12
 0.0000000   5.0000000    0.0000   5028.770 0.025    2.9   -0.6 -1.33 -0.032  40   0 12:36:46     43841.52469    0.0000  2020/02/12
 0.0000000   5.0000000    0.0000   5010.652 0.033   -2.5   -1.2 -1.31 -0.026  40   0 12:48:43     43841.53298    0.0000  2020/02/12
 0.0000000   5.0000000    0.0000   5010.652 0.036   -1.3   -0.5 -1.31 -0.026  40   0 12:49:32     43841.53354    0.0000  2020/02/12
 0.0000000   5.0000000    0.0000   5010.651 0.033   -0.2   -0.1 -1.30 -0.026  40   0 12:50:16     43841.53405    0.0000  2020/02/12
 0.0000000   5.0000000    0.0000   5010.654 0.028    0.9    0.1 -1.30 -0.025  40   0 12:51:00     43841.53456    0.0000  2020/02/12
 0.0000000   6.0000000    0.0000   4990.602 0.034   -0.4   -2.5 -1.35 -0.020  40   0 13:02:04     43841.54223    0.0000  2020/02/12
 0.0000000   6.0000000    0.0000   4990.604 0.038    0.2   -1.7 -1.34 -0.019  40   0 13:02:53     43841.54280    0.0000  2020/02/12
 0.0000000   6.0000000    0.0000   4990.603 0.032    1.2   -1.6 -1.34 -0.019  40   0 13:03:37     43841.54331    0.0000  2020/02/12
 0.0000000   6.0000000    0.0000   4990.602 0.033    1.7   -1.7 -1.34 -0.019  40   0 13:04:21     43841.54382    0.0000  2020/02/12
 0.0000000   5.0000000    0.0000   5010.653 0.031   -1.7   -2.2 -1.34 -0.013  40   0 13:15:49     43841.55177    0.0000  2020/02/12
 0.0000000   5.0000000    0.0000   5010.651 0.042   -1.3   -1.6 -1.34 -0.013  40   0 13:16:38     43841.55233    0.0000  2020/02/12
 0.0000000   5.0000000    0.0000   5010.652 0.042   -0.5   -1.4 -1.34 -0.013  40   0 13:17:22     43841.55284    0.0000  2020/02/12
 0.0000000   5.0000000    0.0000   5010.652 0.029    0.1   -1.6 -1.34 -0.013  40   0 13:18:06     43841.55335    0.0000  2020/02/12
 0.0000000   6.0000000    0.0000   4990.603 0.027    0.9   -1.8 -1.37 -0.007  40   0 13:29:56     43841.56155    0.0000  2020/02/12
 0.0000000   6.0000000    0.0000   4990.605 0.036    2.8   -1.3 -1.36 -0.007  40   0 13:30:45     43841.56212    0.0000  2020/02/12
 0.0000000   6.0000000    0.0000   4990.605 0.032    3.9   -0.8 -1.35 -0.007  40   0 13:31:29     43841.56263    0.0000  2020/02/12
 0.0000000   6.0000000    0.0000   4990.604 0.034    5.3   -0.7 -1.35 -0.007  40   0 13:32:13     43841.56314    0.0000  2020/02/12
 0.0000000   5.0000000    0.0000   5010.652 0.025    0.3   -1.0 -1.34 -0.002  40   0 13:43:52     43841.57121    0.0000  2020/02/12
 0.0000000   5.0000000    0.0000   5010.651 0.035    1.5   -0.1 -1.34 -0.001  40   0 13:44:41     43841.57178    0.0000  2020/02/12
 0.0000000   5.0000000    0.0000   5010.652 0.036    2.2    0.1 -1.34 -0.001  40   1 13:45:25     43841.57229    0.0000  2020/02/12
 0.0000000   5.0000000    0.0000   5010.652 0.027    2.9    0.3 -1.34 -0.001  40   0 13:46:09     43841.57280    0.0000  2020/02/12
 0.0000000   4.0000000    0.0000   5028.773 0.030    3.2    2.7 -1.38 0.002  40   4 13:56:53     43841.58024    0.0000  2020/02/12
 0.0000000   4.0000000    0.0000   5028.769 0.032    3.8    3.0 -1.38 0.002  40   0 13:57:42     43841.58081    0.0000  2020/02/12
 0.0000000   4.0000000    0.0000   5028.770 0.038    4.8    3.6 -1.37 0.002  40   0 13:58:26     43841.58131    0.0000  2020/02/12
 0.0000000   4.0000000    0.0000   5028.768 0.055    5.8    3.7 -1.37 0.002  40   0 13:59:10     43841.58182    0.0000  2020/02/12
 0.0000000   5.0000000    0.0000   5010.652 0.026   -3.4    0.9 -1.41 0.006  40   0 14:11:16     43841.59021    0.0000  2020/02/12
 0.0000000   5.0000000    0.0000   5010.651 0.030   -2.6    1.6 -1.40 0.006  40   0 14:12:05     43841.59078    0.0000  2020/02/12
 0.0000000   5.0000000    0.0000   5010.652 0.025   -1.4    1.8 -1.40 0.007  40   0 14:12:49     43841.59129    0.0000  2020/02/12
 0.0000000   5.0000000    0.0000   5010.651 0.028   -0.6    1.9 -1.39 0.007  40   0 14:13:33     43841.59179    0.0000  2020/02/12
 0.0000000   4.0000000    0.0000   5028.762 0.022    1.2   -3.9 -1.39 0.010  40   0 14:23:45     43841.59887    0.0000  2020/02/12
 0.0000000   4.0000000    0.0000   5028.764 0.035    2.8   -3.7 -1.38 0.010  40   0 14:24:34     43841.59943    0.0000  2020/02/12
 0.0000000   4.0000000    0.0000   5028.766 0.026    4.3   -3.8 -1.37 0.010  40   0 14:25:18     43841.59994    0.0000  2020/02/12
 0.0000000   4.0000000    0.0000   5028.766 0.025    5.3   -3.5 -1.37 0.010  40   0 14:26:02     43841.60045    0.0000  2020/02/12
 0.0000000   4.0000000    0.0000   5028.766 0.032    6.1   -3.9 -1.37 0.010  40   0 14:26:46     43841.60096    0.0000  2020/02/12
 0.0000000   3.0000000    0.0000   5049.729 0.025   -0.2   -1.3 -1.39 0.013  40   0 14:39:01     43841.60945    0.0000  2020/02/12
 0.0000000   3.0000000    0.0000   5049.731 0.048    0.1   -1.4 -1.39 0.013  40   2 14:39:50     43841.61002    0.0000  2020/02/12
 0.0000000   3.0000000    0.0000   5049.730 0.029    0.2   -1.6 -1.40 0.013  40   0 14:40:34     43841.61053    0.0000  2020/02/12
 0.0000000   3.0000000    0.0000   5049.729 0.028    0.1   -2.0 -1.41 0.013  40   1 14:41:18     43841.61103    0.0000  2020/02/12
 0.0000000   4.0000000    0.0000   5028.766 0.035    1.4   -1.7 -1.52 0.016  40   0 15:01:35     43841.62510    0.0000  2020/02/12
 0.0000000   4.0000000    0.0000   5028.768 0.060    3.0   -1.0 -1.51 0.016  40   1 15:02:24     43841.62566    0.0000  2020/02/12
 0.0000000   4.0000000    0.0000   5028.766 0.030    3.8   -0.6 -1.49 0.016  40   0 15:03:08     43841.62617    0.0000  2020/02/12
 0.0000000   4.0000000    0.0000   5028.765 0.028    4.5   -0.8 -1.49 0.016  40   0 15:03:52     43841.62668    0.0000  2020/02/12
 0.0000000   3.0000000    0.0000   5049.732 0.033    1.6    2.3 -1.46 0.017  40   4 15:12:41     43841.63279    0.0000  2020/02/12
 0.0000000   3.0000000    0.0000   5049.732 0.022    2.6    3.0 -1.45 0.017  40   0 15:13:30     43841.63336    0.0000  2020/02/12
 0.0000000   3.0000000    0.0000   5049.730 0.026    3.4    3.5 -1.45 0.017  40   0 15:14:14     43841.63387    0.0000  2020/02/12
 0.0000000   3.0000000    0.0000   5049.731 0.024    4.0    3.4 -1.45 0.017  40   0 15:14:58     43841.63438    0.0000  2020/02/12
 0.0000000   2.0999999    0.0000   5061.470 0.025   -0.9    1.6 -1.48 0.017  40   0 15:24:06     43841.64071    0.0000  2020/02/12
 0.0000000   2.0999999    0.0000   5061.469 0.024    0.2    2.5 -1.47 0.017  40   0 15:24:55     43841.64128    0.0000  2020/02/12
 0.0000000   2.0999999    0.0000   5061.470 0.020    0.8    3.0 -1.47 0.017  40   0 15:25:39     43841.64178    0.0000  2020/02/12
 0.0000000   2.0999999    0.0000   5061.471 0.024    1.5    3.2 -1.46 0.017  40   0 15:26:23     43841.64229    0.0000  2020/02/12
 0.0000000   3.0000000    0.0000   5049.730 0.031   -2.0    2.8 -1.49 0.016  40   0 15:35:39     43841.64872    0.0000  2020/02/12
 0.0000000   3.0000000    0.0000   5049.730 0.036   -1.7    3.3 -1.48 0.016  40   0 15:36:28     43841.64928    0.0000  2020/02/12
 0.0000000   3.0000000    0.0000   5049.729 0.042   -1.4    3.6 -1.48 0.016  40   0 15:37:12     43841.64979    0.0000  2020/02/12
 0.0000000   3.0000000    0.0000   5049.729 0.023   -1.1    3.7 -1.48 0.016  40   0 15:37:56     43841.65030    0.0000  2020/02/12
 0.0000000   2.0999999    0.0000   5061.465 0.020    1.1   -0.8 -1.47 0.016  40   0 15:45:55     43841.65584    0.0000  2020/02/12
 0.0000000   2.0999999    0.0000   5061.466 0.024    1.8    0.0 -1.46 0.016  40   0 15:46:44     43841.65640    0.0000  2020/02/12
 0.0000000   2.0999999    0.0000   5061.466 0.018    2.5    0.4 -1.46 0.016  40   0 15:47:28     43841.65691    0.0000  2020/02/12
 0.0000000   2.0999999    0.0000   5061.467 0.021    3.0    0.3 -1.46 0.015  40   0 15:48:12     43841.65742    0.0000  2020/02/12
 0.0000000   2.0999999    0.0000   5061.466 0.018    3.4    0.4 -1.45 0.015  40   0 15:48:56     43841.65793    0.0000  2020/02/12
 0.0000000   2.0000000    0.0000   5073.362 0.026    2.1   -2.4 -1.45 0.014  40   0 15:57:48     43841.66407    0.0000  2020/02/12
 0.0000000   2.0000000    0.0000   5073.363 0.022    3.4   -0.8 -1.45 0.014  40   0 15:58:37     43841.66464    0.0000  2020/02/12
 0.0000000   2.0000000    0.0000   5073.363 0.019    4.2   -0.2 -1.44 0.014  40   0 15:59:21     43841.66515    0.0000  2020/02/12
 0.0000000   2.0000000    0.0000   5073.364 0.020    4.4   -1.1 -1.44 0.014  40   0 16:00:05     43841.66566    0.0000  2020/02/12
 0.0000000   2.0000000    0.0000   5073.363 0.022    4.6   -1.9 -1.44 0.014  40   0 16:00:49     43841.66617    0.0000  2020/02/12
 0.0000000  10.0000000    0.0000   5071.853 0.017    0.8    3.2 -1.30 0.011  40   1 16:16:49     43841.67726    0.0000  2020/02/12
 0.0000000  10.0000000    0.0000   5071.853 0.015    1.1    3.1 -1.29 0.011  40   1 16:17:38     43841.67783    0.0000  2020/02/12
 0.0000000  10.0000000    0.0000   5071.852 0.025    1.4    2.7 -1.28 0.011  40   1 16:18:22     43841.67833    0.0000  2020/02/12
 0.0000000  10.0000000    0.0000   5071.851 0.025    1.4    2.6 -1.28 0.011  40   2 16:19:06     43841.67884    0.0000  2020/02/12
 -0.000  ,0   ,0.000   ,     0.000,21261029970054492000000.000,-128,  26,   0.000,   0.000,0.000   ,0.000   ,271536090779403110000000.000,1.769   