
/	CG-5 SURVEY
/	Survey name:   	pbz
/	Instrument S/N:	40824
/	Client:        	egmg
/	Operator:      	amanzan
/	Date:          	2020/ 2/15
/	Time:          	08:00:42
/	LONG:        	77.1000000 E
/	LAT:         	43.7000000 N
/	ZONE:        	43      
/	GMT DIFF.:   	-6.0

/	CG-5 SETUP PARAMETERS
/	Gref:			0.000   
/	Gcal1:		8394.709
/	TiltxS:		611.136 
/	TiltyS:		663.889 
/	TiltxO:		-82.610 
/	TiltyO:		65.978  
/	Tempco:		-0.130  
/	Drift:		0.575   
/	DriftTime Start:	08:00:44
/	DriftDate Start:	2020/02/15

/	CG-5 OPTIONS
/	Tide Correction:    YES
/	Cont. Tilt:         YES
/	Auto Rejection:     YES
/	Terrain Corr.:       NO
/	Seismic Filter:     YES
/	Raw Data:            NO
Line	   0.000S
/------LINE-----STATION-----ALT.------GRAV.---SD.--TILTX--TILTY-TEMP---TIDE---DUR-REJ-----TIME----DEC.TIME+DATE--TERRAIN---DATE
 0.0000000  10.0000000    0.0000   5073.896 0.014   -2.5   -2.8 -1.53 -0.056  40   0 08:02:46     43844.33472    0.0000  2020/02/15
 0.0000000  10.0000000    0.0000   5073.898 0.015   -2.5   -2.8 -1.53 -0.056  40   0 08:03:35     43844.33528    0.0000  2020/02/15
 0.0000000  10.0000000    0.0000   5073.898 0.012   -2.6   -2.8 -1.53 -0.056  40   0 08:04:19     43844.33579    0.0000  2020/02/15
 0.0000000  10.0000000    0.0000   5073.897 0.018   -2.5   -2.7 -1.53 -0.056  40   0 08:05:03     43844.33630    0.0000  2020/02/15
 0.0000000   2.0000000    0.0000   5075.461 0.019   -3.0   -2.8 -1.41 -0.060  40   0 08:17:21     43844.34483    0.0000  2020/02/15
 0.0000000   2.0000000    0.0000   5075.457 0.019   -2.3   -2.2 -1.39 -0.060  40   0 08:18:10     43844.34540    0.0000  2020/02/15
 0.0000000   2.0000000    0.0000   5075.453 0.016   -1.3   -1.7 -1.38 -0.060  40   0 08:18:54     43844.34590    0.0000  2020/02/15
 0.0000000   2.0000000    0.0000   5075.452 0.016   -0.5   -1.5 -1.37 -0.060  40   0 08:19:38     43844.34641    0.0000  2020/02/15
 0.0000000   2.0000000    0.0000   5075.451 0.015    0.3   -1.6 -1.37 -0.061  40   0 08:20:22     43844.34692    0.0000  2020/02/15
 0.0000000   2.0000000    0.0000   5075.447 0.012    0.6   -1.9 -1.37 -0.061  40   0 08:21:06     43844.34743    0.0000  2020/02/15
 0.0000000   2.0000000    0.0000   5075.446 0.017    1.1   -2.1 -1.37 -0.061  40   0 08:21:50     43844.34794    0.0000  2020/02/15
 0.0000000   2.0000000    0.0000   5075.447 0.013   -1.1    5.0 -1.38 -0.062  40   0 08:23:37     43844.34917    0.0000  2020/02/15
 0.0000000   1.0000000    0.0000   5093.486 0.026    2.6    0.7 -1.43 -0.065  40   2 08:37:00     43844.35845    0.0000  2020/02/15
 0.0000000   1.0000000    0.0000   5093.485 0.015    3.1    0.5 -1.44 -0.065  40   0 08:37:49     43844.35902    0.0000  2020/02/15
 0.0000000   1.0000000    0.0000   5093.485 0.021    3.0    0.5 -1.44 -0.065  40   0 08:38:33     43844.35953    0.0000  2020/02/15
 0.0000000   1.0000000    0.0000   5093.485 0.017    3.8    0.2 -1.44 -0.066  40   1 08:39:17     43844.36004    0.0000  2020/02/15
 0.0000000   2.0000000    0.0000   5075.402 0.019   -0.9    3.3 -1.43 -0.069  40   0 08:53:12     43844.36969    0.0000  2020/02/15
 0.0000000   2.0000000    0.0000   5075.403 0.016   -0.1    4.2 -1.43 -0.069  40   1 08:54:01     43844.37025    0.0000  2020/02/15
 0.0000000   2.0000000    0.0000   5075.404 0.017    0.6    4.8 -1.42 -0.070  40   0 08:54:45     43844.37076    0.0000  2020/02/15
 0.0000000   2.0000000    0.0000   5075.404 0.019    1.2    5.3 -1.41 -0.070  40   0 08:55:29     43844.37127    0.0000  2020/02/15
 0.0000000   2.0000000    0.0000   5075.404 0.015    1.7    5.3 -1.41 -0.070  40   0 08:56:13     43844.37178    0.0000  2020/02/15
 0.0000000   1.0000000    0.0000   5093.484 0.041   -2.5   -1.3 -1.41 -0.073  40   0 09:08:48     43844.38050    0.0000  2020/02/15
 0.0000000   1.0000000    0.0000   5093.489 0.050   -2.7   -0.4 -1.42 -0.073  40   0 09:09:37     43844.38107    0.0000  2020/02/15
 0.0000000   1.0000000    0.0000   5093.488 0.034   -2.7   -0.6 -1.43 -0.073  40   1 09:10:21     43844.38158    0.0000  2020/02/15
 0.0000000   1.0000000    0.0000   5093.487 0.045   -2.6   -1.3 -1.43 -0.073  40   0 09:11:05     43844.38208    0.0000  2020/02/15
 0.0000000   2.0000000    0.0000   5075.400 0.015    1.5   -0.8 -1.39 -0.077  40   0 09:27:34     43844.39351    0.0000  2020/02/15
 0.0000000   2.0000000    0.0000   5075.400 0.024    2.5    0.0 -1.38 -0.077  40   3 09:28:23     43844.39408    0.0000  2020/02/15
 0.0000000   2.0000000    0.0000   5075.401 0.021    3.5    0.7 -1.37 -0.077  40   1 09:29:07     43844.39459    0.0000  2020/02/15
 0.0000000   2.0000000    0.0000   5075.397 0.038    3.9    0.7 -1.37 -0.077  40  10 09:29:51     43844.39510    0.0000  2020/02/15
 0.0000000   2.0999999    0.0000   5063.500 0.034    2.9    0.5 -1.34 -0.079  40   0 09:43:15     43844.40439    0.0000  2020/02/15
 0.0000000   2.0999999    0.0000   5063.501 0.029    4.0    1.1 -1.33 -0.079  40   0 09:44:04     43844.40495    0.0000  2020/02/15
 0.0000000   2.0999999    0.0000   5063.503 0.033    4.6    1.0 -1.33 -0.079  40   0 09:44:48     43844.40546    0.0000  2020/02/15
 0.0000000   2.0999999    0.0000   5063.511 0.040    5.0    0.9 -1.33 -0.079  40   0 09:45:32     43844.40597    0.0000  2020/02/15
 0.0000000   2.0999999    0.0000   5063.503 0.044    5.8    1.1 -1.32 -0.079  40   0 09:46:16     43844.40648    0.0000  2020/02/15
 0.0000000   2.0999999    0.0000   5063.504 0.038   -0.8    1.3 -1.32 -0.079  40   7 09:47:00     43844.40699    0.0000  2020/02/15
 0.0000000   2.0999999    0.0000   5075.400 0.016   -1.4   -0.1 -1.33 -0.080  40   0 09:55:10     43844.41265    0.0000  2020/02/15
 0.0000000   2.0999999    0.0000   5075.402 0.018   -0.5    0.6 -1.32 -0.081  40   0 09:55:59     43844.41322    0.0000  2020/02/15
 0.0000000   2.0999999    0.0000   5075.401 0.021    0.0    0.9 -1.32 -0.081  40   0 09:56:43     43844.41372    0.0000  2020/02/15
 0.0000000   2.0999999    0.0000   5075.401 0.014    0.4    1.1 -1.32 -0.081  40   2 09:57:27     43844.41423    0.0000  2020/02/15
 0.0000000   2.0999999    0.0000   5063.502 0.072    1.5    3.6 -1.31 -0.082  40   9 10:06:43     43844.42066    0.0000  2020/02/15
 0.0000000   2.0999999    0.0000   5063.503 0.055    2.4    4.1 -1.31 -0.082  40   0 10:07:32     43844.42122    0.0000  2020/02/15
 0.0000000   2.0999999    0.0000   5063.504 0.049    3.0    4.8 -1.30 -0.082  40   0 10:08:16     43844.42173    0.0000  2020/02/15
 0.0000000   2.0999999    0.0000   5063.504 0.054    3.6    5.0 -1.30 -0.082  40   0 10:09:00     43844.42224    0.0000  2020/02/15
 0.0000000   2.0999999    0.0000   5063.504 0.040    4.0    5.1 -1.30 -0.082  40   1 10:09:44     43844.42275    0.0000  2020/02/15
 0.0000000   3.0000000    0.0000   5051.769 0.029    0.5    3.8 -1.33 -0.082  40   0 10:16:30     43844.42744    0.0000  2020/02/15
 0.0000000   3.0000000    0.0000   5051.768 0.022    1.0    4.5 -1.33 -0.082  40   0 10:17:19     43844.42801    0.0000  2020/02/15
 0.0000000   3.0000000    0.0000   5051.770 0.025    1.4    5.1 -1.33 -0.082  40   0 10:18:03     43844.42851    0.0000  2020/02/15
 0.0000000   3.0000000    0.0000   5051.769 0.031    1.4    5.0 -1.33 -0.082  40   1 10:18:47     43844.42902    0.0000  2020/02/15
 0.0000000   2.0999999    0.0000   5063.506 0.069   -4.0    0.8 -1.34 -0.083  40   0 10:30:43     43844.43730    0.0000  2020/02/15
 0.0000000   2.0999999    0.0000   5063.505 0.048   -3.8    1.5 -1.33 -0.083  40   0 10:31:32     43844.43786    0.0000  2020/02/15
 0.0000000   2.0999999    0.0000   5063.504 0.048   -3.4    2.0 -1.33 -0.083  40   0 10:32:16     43844.43837    0.0000  2020/02/15
 0.0000000   2.0999999    0.0000   5063.504 0.060   -3.1    1.8 -1.33 -0.083  40   0 10:33:00     43844.43888    0.0000  2020/02/15
 0.0000000   2.0999999    0.0000   5063.505 0.059   -3.0    1.6 -1.33 -0.083  40   2 10:33:44     43844.43939    0.0000  2020/02/15
 0.0000000   2.0999999    0.0000   5063.505 0.060   -2.8    1.6 -1.33 -0.083  40   0 10:34:28     43844.43990    0.0000  2020/02/15
 0.0000000   3.0000000    0.0000   5051.770 0.037    2.8   -3.1 -1.37 -0.083  40   2 10:41:33     43844.44481    0.0000  2020/02/15
 0.0000000   3.0000000    0.0000   5051.769 0.029    3.1   -2.3 -1.36 -0.083  40   0 10:42:22     43844.44537    0.0000  2020/02/15
 0.0000000   3.0000000    0.0000   5051.770 0.030    2.9   -2.1 -1.36 -0.083  40   0 10:43:06     43844.44588    0.0000  2020/02/15
 0.0000000   3.0000000    0.0000   5051.756 0.060    3.5   -2.0 -1.36 -0.083  40   9 10:43:50     43844.44639    0.0000  2020/02/15
 0.0000000   3.0000000    0.0000   5051.770 0.039    3.7   -2.1 -1.36 -0.083  40   0 10:44:34     43844.44690    0.0000  2020/02/15
 0.0000000   4.0000000    0.0000   5030.799 0.029    4.2   -1.2 -1.36 -0.082  40   0 10:53:09     43844.45285    0.0000  2020/02/15
 0.0000000   4.0000000    0.0000   5030.801 0.027    5.2    0.0 -1.36 -0.082  40   0 10:53:58     43844.45342    0.0000  2020/02/15
 0.0000000   4.0000000    0.0000   5030.803 0.026    5.9    0.4 -1.35 -0.082  40   0 10:54:42     43844.45393    0.0000  2020/02/15
 0.0000000   4.0000000    0.0000   5030.804 0.023    6.4    0.7 -1.35 -0.082  40   0 10:55:26     43844.45443    0.0000  2020/02/15
 0.0000000   4.0000000    0.0000   5030.805 0.028    7.1    0.7 -1.35 -0.082  40   0 10:56:10     43844.45494    0.0000  2020/02/15
 0.0000000   4.0000000    0.0000   5030.809 0.027    7.4    0.8 -1.35 -0.082  40   0 10:56:54     43844.45545    0.0000  2020/02/15
 0.0000000   4.0000000    0.0000   5030.803 0.026    7.6    0.8 -1.35 -0.082  40   0 10:57:38     43844.45596    0.0000  2020/02/15
 0.0000000   3.0000000    0.0000   5051.768 0.022   -1.5    1.4 -1.36 -0.081  40   0 11:05:46     43844.46160    0.0000  2020/02/15
 0.0000000   3.0000000    0.0000   5051.772 0.032    0.0    2.0 -1.35 -0.081  40   0 11:06:35     43844.46216    0.0000  2020/02/15
 0.0000000   3.0000000    0.0000   5051.776 0.055    1.1    2.4 -1.34 -0.081  40   3 11:07:19     43844.46267    0.0000  2020/02/15
 0.0000000   3.0000000    0.0000   5051.770 0.044    2.0    2.6 -1.34 -0.081  40   0 11:08:03     43844.46318    0.0000  2020/02/15
 0.0000000   3.0000000    0.0000   5051.771 0.033    2.6    2.6 -1.34 -0.081  40   0 11:08:47     43844.46369    0.0000  2020/02/15
 0.0000000   4.0000000    0.0000   5030.804 0.028    1.7    2.4 -1.34 -0.080  40   0 11:17:30     43844.46973    0.0000  2020/02/15
 0.0000000   4.0000000    0.0000   5030.804 0.035    2.9    3.4 -1.34 -0.080  40   0 11:18:19     43844.47030    0.0000  2020/02/15
 0.0000000   4.0000000    0.0000   5030.806 0.036    4.0    4.0 -1.33 -0.080  40   0 11:19:03     43844.47081    0.0000  2020/02/15
 0.0000000   4.0000000    0.0000   5030.803 0.038    4.7    4.3 -1.33 -0.080  40   0 11:19:47     43844.47132    0.0000  2020/02/15
 0.0000000   5.0000000    0.0000   5012.688 0.038   -5.3    2.7 -1.32 -0.079  40   0 11:29:55     43844.47834    0.0000  2020/02/15
 0.0000000   5.0000000    0.0000   5012.688 0.033   -4.5    3.8 -1.32 -0.078  40   0 11:30:44     43844.47891    0.0000  2020/02/15
 0.0000000   5.0000000    0.0000   5012.688 0.032   -3.9    4.4 -1.32 -0.078  40   0 11:31:28     43844.47942    0.0000  2020/02/15
 0.0000000   5.0000000    0.0000   5012.689 0.033   -3.4    4.4 -1.32 -0.078  40   0 11:32:12     43844.47993    0.0000  2020/02/15
 0.0000000   4.0000000    0.0000   5030.800 0.028   -2.7   -0.5 -1.34 -0.077  40   0 11:41:17     43844.48622    0.0000  2020/02/15
 0.0000000   4.0000000    0.0000   5030.799 0.024   -2.2    0.4 -1.34 -0.076  40   0 11:42:06     43844.48679    0.0000  2020/02/15
 0.0000000   4.0000000    0.0000   5030.798 0.039   -1.8    0.9 -1.34 -0.076  40   1 11:42:50     43844.48730    0.0000  2020/02/15
 0.0000000   4.0000000    0.0000   5030.799 0.028   -1.3    1.3 -1.34 -0.076  40   0 11:43:34     43844.48781    0.0000  2020/02/15
 0.0000000   5.0000000    0.0000   5012.688 0.032    3.5    2.4 -1.36 -0.074  40   0 11:53:05     43844.49440    0.0000  2020/02/15
 0.0000000   5.0000000    0.0000   5012.687 0.032    4.2    3.2 -1.36 -0.074  40   0 11:53:54     43844.49497    0.0000  2020/02/15
 0.0000000   5.0000000    0.0000   5012.688 0.027    4.7    3.7 -1.36 -0.074  40   0 11:54:38     43844.49548    0.0000  2020/02/15
 0.0000000   5.0000000    0.0000   5012.689 0.031    5.3    3.7 -1.36 -0.074  40   0 11:55:22     43844.49599    0.0000  2020/02/15
 0.0000000   5.0000000    0.0000   5012.688 0.030    6.4    3.3 -1.36 -0.073  40   0 11:56:06     43844.49650    0.0000  2020/02/15
 0.0000000   6.0000000    0.0000   4992.641 0.044    0.7    3.6 -1.41 -0.071  40   0 12:05:30     43844.50301    0.0000  2020/02/15
 0.0000000   6.0000000    0.0000   4992.642 0.052    1.9    4.4 -1.41 -0.071  40   0 12:06:19     43844.50358    0.0000  2020/02/15
 0.0000000   6.0000000    0.0000   4992.646 0.060    2.5    4.9 -1.41 -0.071  40   0 12:07:03     43844.50409    0.0000  2020/02/15
 0.0000000   6.0000000    0.0000   4992.642 0.047    2.8    4.9 -1.40 -0.070  40   1 12:07:47     43844.50460    0.0000  2020/02/15
 0.0000000   5.0000000    0.0000   5012.684 0.037   -3.5    1.1 -1.36 -0.068  40   0 12:17:57     43844.51165    0.0000  2020/02/15
 0.0000000   5.0000000    0.0000   5012.688 0.033   -2.7    1.9 -1.36 -0.067  40   0 12:18:46     43844.51221    0.0000  2020/02/15
 0.0000000   5.0000000    0.0000   5012.688 0.039   -2.6    2.6 -1.36 -0.067  40   0 12:19:30     43844.51272    0.0000  2020/02/15
 0.0000000   5.0000000    0.0000   5012.688 0.036   -2.6    2.4 -1.36 -0.067  40   0 12:20:14     43844.51323    0.0000  2020/02/15
 0.0000000   6.0000000    0.0000   4992.640 0.069   -1.2   -1.0 -1.35 -0.063  40   0 12:31:57     43844.52135    0.0000  2020/02/15
 0.0000000   6.0000000    0.0000   4992.640 0.051    0.2   -0.5 -1.35 -0.063  40   0 12:32:46     43844.52192    0.0000  2020/02/15
 0.0000000   6.0000000    0.0000   4992.641 0.054    0.8   -0.2 -1.35 -0.063  40   0 12:33:30     43844.52243    0.0000  2020/02/15
 0.0000000   6.0000000    0.0000   4992.646 0.047    1.6   -0.2 -1.35 -0.063  40   0 12:34:14     43844.52294    0.0000  2020/02/15
 0.0000000   6.0000000    0.0000   4992.640 0.044    2.4   -0.4 -1.35 -0.062  40   0 12:34:58     43844.52344    0.0000  2020/02/15
 0.0000000   5.0000000    0.0000   5012.686 0.053   -2.8   -2.8 -1.21 -0.056  40   0 12:53:36     43844.53636    0.0000  2020/02/15
 0.0000000   5.0000000    0.0000   5012.687 0.031   -2.4   -2.2 -1.21 -0.056  40   0 12:54:25     43844.53693    0.0000  2020/02/15
 0.0000000   5.0000000    0.0000   5012.686 0.040   -1.8   -1.8 -1.22 -0.055  40   0 12:55:09     43844.53744    0.0000  2020/02/15
 0.0000000   5.0000000    0.0000   5012.686 0.034   -1.4   -2.4 -1.23 -0.055  40   0 12:55:53     43844.53795    0.0000  2020/02/15
 0.0000000   4.0000000    0.0000   5030.806 0.041   -3.1    2.5 -1.36 -0.050  40   1 13:08:04     43844.54639    0.0000  2020/02/15
 0.0000000   4.0000000    0.0000   5030.806 0.039   -2.9    3.6 -1.36 -0.050  40   0 13:08:53     43844.54696    0.0000  2020/02/15
 0.0000000   4.0000000    0.0000   5030.805 0.043   -2.7    4.1 -1.36 -0.050  40   0 13:09:37     43844.54747    0.0000  2020/02/15
 0.0000000   4.0000000    0.0000   5030.805 0.040   -2.3    4.0 -1.35 -0.050  40   0 13:10:21     43844.54798    0.0000  2020/02/15
 0.0000000   5.0000000    0.0000   5012.686 0.032   -1.6   -2.7 -1.37 -0.045  40   0 13:21:31     43844.55572    0.0000  2020/02/15
 0.0000000   5.0000000    0.0000   5012.687 0.037   -1.8   -1.3 -1.37 -0.045  40   0 13:22:20     43844.55628    0.0000  2020/02/15
 0.0000000   5.0000000    0.0000   5012.688 0.044   -1.2   -0.9 -1.36 -0.044  40   0 13:23:04     43844.55679    0.0000  2020/02/15
 0.0000000   5.0000000    0.0000   5012.687 0.028   -1.2   -0.8 -1.37 -0.044  40   0 13:23:48     43844.55730    0.0000  2020/02/15
 0.0000000   4.0000000    0.0000   5030.799 0.039   -2.5   -2.1 -1.42 -0.039  40   0 13:36:32     43844.56613    0.0000  2020/02/15
 0.0000000   4.0000000    0.0000   5030.803 0.034   -1.3   -1.5 -1.42 -0.038  40   0 13:37:21     43844.56670    0.0000  2020/02/15
 0.0000000   4.0000000    0.0000   5030.801 0.040   -0.3   -0.8 -1.41 -0.038  40   0 13:38:05     43844.56720    0.0000  2020/02/15
 0.0000000   4.0000000    0.0000   5030.804 0.035    0.2   -0.6 -1.41 -0.037  40   0 13:38:49     43844.56771    0.0000  2020/02/15
 0.0000000   3.0000000    0.0000   5051.771 0.020   -0.5   -0.1 -1.35 -0.033  40   0 13:48:02     43844.57410    0.0000  2020/02/15
 0.0000000   3.0000000    0.0000   5051.771 0.025    0.0    1.3 -1.35 -0.033  40   0 13:48:51     43844.57467    0.0000  2020/02/15
 0.0000000   3.0000000    0.0000   5051.771 0.022    0.5    2.0 -1.34 -0.033  40   0 13:49:35     43844.57518    0.0000  2020/02/15
 0.0000000   3.0000000    0.0000   5051.771 0.017    0.8    2.2 -1.34 -0.033  40   0 13:50:19     43844.57569    0.0000  2020/02/15
 0.0000000   4.0000000    0.0000   5030.802 0.030   -2.1   -2.5 -1.36 -0.028  40   0 13:59:19     43844.58193    0.0000  2020/02/15
 0.0000000   4.0000000    0.0000   5030.802 0.032   -0.5   -1.4 -1.35 -0.028  40   0 14:00:08     43844.58249    0.0000  2020/02/15
 0.0000000   4.0000000    0.0000   5030.800 0.046    0.0   -0.8 -1.35 -0.027  40   0 14:00:52     43844.58300    0.0000  2020/02/15
 0.0000000   4.0000000    0.0000   5030.801 0.038    0.5   -1.1 -1.35 -0.027  40   0 14:01:36     43844.58351    0.0000  2020/02/15
 0.0000000   3.0000000    0.0000   5051.775 0.023   -1.6    1.1 -1.40 -0.023  40   0 14:11:32     43844.59040    0.0000  2020/02/15
 0.0000000   3.0000000    0.0000   5051.775 0.030   -1.3    1.4 -1.40 -0.022  40   0 14:12:21     43844.59096    0.0000  2020/02/15
 0.0000000   3.0000000    0.0000   5051.774 0.027   -1.0    1.6 -1.40 -0.022  40   0 14:13:05     43844.59147    0.0000  2020/02/15
 0.0000000   3.0000000    0.0000   5051.773 0.019   -0.9    1.5 -1.40 -0.021  40   0 14:13:49     43844.59198    0.0000  2020/02/15
 0.0000000   3.0000000    0.0000   5051.774 0.031   -0.2    1.5 -1.40 -0.021  40   0 14:14:33     43844.59249    0.0000  2020/02/15
 0.0000000   2.0999999    0.0000   5063.517 0.025    0.9    1.9 -1.41 -0.018  40   0 14:21:08     43844.59705    0.0000  2020/02/15
 0.0000000   2.0999999    0.0000   5063.517 0.022    1.7    3.1 -1.40 -0.018  40   0 14:21:57     43844.59762    0.0000  2020/02/15
 0.0000000   2.0999999    0.0000   5063.518 0.021    2.1    4.1 -1.40 -0.017  40   0 14:22:41     43844.59813    0.0000  2020/02/15
 0.0000000   2.0999999    0.0000   5063.517 0.022    2.1    4.6 -1.40 -0.017  40   0 14:23:25     43844.59864    0.0000  2020/02/15
 0.0000000   3.0000000    0.0000   5051.766 0.034   -2.7   -2.1 -1.42 -0.014  40   2 14:31:17     43844.60409    0.0000  2020/02/15
 0.0000000   3.0000000    0.0000   5051.768 0.021   -1.9   -1.4 -1.42 -0.013  40   0 14:32:06     43844.60466    0.0000  2020/02/15
 0.0000000   3.0000000    0.0000   5051.769 0.026   -1.4   -1.3 -1.41 -0.013  40   0 14:32:50     43844.60516    0.0000  2020/02/15
 0.0000000   3.0000000    0.0000   5051.770 0.026   -0.9   -1.7 -1.41 -0.013  40   0 14:33:34     43844.60567    0.0000  2020/02/15
 0.0000000   3.0000000    0.0000   5051.769 0.028   -0.5   -1.9 -1.41 -0.012  40   0 14:34:18     43844.60618    0.0000  2020/02/15
 0.0000000   2.0999999    0.0000   5063.511 0.021   -0.5   -0.8 -1.40 -0.008  40   2 14:41:35     43844.61123    0.0000  2020/02/15
 0.0000000   2.0999999    0.0000   5063.511 0.021    0.0   -0.2 -1.40 -0.008  40   0 14:42:24     43844.61180    0.0000  2020/02/15
 0.0000000   2.0999999    0.0000   5063.509 0.024    0.5    0.1 -1.40 -0.008  40   1 14:43:08     43844.61231    0.0000  2020/02/15
 0.0000000   2.0999999    0.0000   5063.509 0.019    0.8    0.0 -1.40 -0.007  40   0 14:43:52     43844.61281    0.0000  2020/02/15
 0.0000000   2.0000000    0.0000   5075.404 0.020    1.2   -3.3 -1.39 -0.003  40   1 14:54:26     43844.62014    0.0000  2020/02/15
 0.0000000   2.0000000    0.0000   5075.405 0.021    1.8   -1.1 -1.38 -0.002  40   0 14:55:15     43844.62071    0.0000  2020/02/15
 0.0000000   2.0000000    0.0000   5075.405 0.017    2.7   -0.2 -1.37 -0.002  40   0 14:55:59     43844.62122    0.0000  2020/02/15
 0.0000000   2.0000000    0.0000   5075.406 0.017    3.3   -0.4 -1.36 -0.001  40   0 14:56:43     43844.62172    0.0000  2020/02/15
 0.0000000   2.0000000    0.0000   5075.407 0.018    3.7   -0.4 -1.36 -0.001  40   0 14:57:27     43844.62223    0.0000  2020/02/15
 0.0000000   2.0000000    0.0000   5075.405 0.018    4.4   -0.5 -1.35 -0.001  40   1 14:58:11     43844.62274    0.0000  2020/02/15
 0.0000000   2.0999999    0.0000   5063.513 0.035    1.3    0.9 -1.36 0.003  40   9 15:08:13     43844.62970    0.0000  2020/02/15
 0.0000000   2.0999999    0.0000   5063.510 0.034    2.4    1.5 -1.35 0.003  40   0 15:09:02     43844.63026    0.0000  2020/02/15
 0.0000000   2.0999999    0.0000   5063.510 0.027    3.0    1.6 -1.35 0.004  40   0 15:09:46     43844.63077    0.0000  2020/02/15
 0.0000000   2.0999999    0.0000   5063.508 0.021    3.5    1.4 -1.35 0.004  40   1 15:10:30     43844.63128    0.0000  2020/02/15
 0.0000000   2.0999999    0.0000   5063.511 0.025    3.9    1.1 -1.35 0.004  40   3 15:11:14     43844.63179    0.0000  2020/02/15
 0.0000000   2.0000000    0.0000   5075.406 0.030    1.2    1.1 -1.40 0.008  40   0 15:19:04     43844.63722    0.0000  2020/02/15
 0.0000000   2.0000000    0.0000   5075.410 0.031    3.1    3.0 -1.40 0.008  40   1 15:19:53     43844.63779    0.0000  2020/02/15
 0.0000000   2.0000000    0.0000   5075.409 0.027    4.9    4.4 -1.40 0.008  40   0 15:20:37     43844.63829    0.0000  2020/02/15
 0.0000000   2.0000000    0.0000   5075.408 0.023    5.7    4.9 -1.40 0.009  40   0 15:21:21     43844.63880    0.0000  2020/02/15
 0.0000000  10.0000000    0.0000   5073.902 0.021    0.5   -3.1 -1.35 0.021  40   0 15:51:33     43844.65974    0.0000  2020/02/15
 0.0000000  10.0000000    0.0000   5073.902 0.022    1.3   -3.9 -1.35 0.022  40   0 15:52:22     43844.66031    0.0000  2020/02/15
 0.0000000  10.0000000    0.0000   5073.901 0.023    1.7   -4.5 -1.34 0.022  40   0 15:53:06     43844.66082    0.0000  2020/02/15
 0.0000000  10.0000000    0.0000   5073.900 0.024    1.9   -5.1 -1.34 0.022  40   0 15:53:50     43844.66132    0.0000  2020/02/15
 0.0000000  10.0000000    0.0000   5073.899 0.033    1.8   -5.3 -1.34 0.022  40   0 15:54:34     43844.66183    0.0000  2020/02/15
 0.0000000  10.0000000    0.0000   5073.898 0.032    1.7   -5.5 -1.34 0.023  40   0 15:55:18     43844.66234    0.0000  2020/02/15
 0.0000000  10.0000000    0.0000   5073.896 0.032    1.6   -5.6 -1.35 0.023  40   0 15:56:02     43844.66285    0.0000  2020/02/15
 0.0000000  10.0000000    0.0000   5073.899 0.024    1.3   -5.8 -1.35 0.024  40   0 15:56:47     43844.66337    0.0000  2020/02/15