
/	CG-5 SURVEY
/	Survey name:   	110a-zveb
/	Instrument S/N:	40443
/	Client:        	tsniigaik
/	Operator:      	epr
/	Date:          	2022/ 4/15
/	Time:          	05:45:21
/	LONG:        	37.5000000 E
/	LAT:         	55.8000000 N
/	ZONE:        	0       
/	GMT DIFF.:   	0.0 

/	CG-5 SETUP PARAMETERS
/	Gref:			0.000   
/	Gcal1:		8444.126
/	TiltxS:		621.286 
/	TiltyS:		641.192 
/	TiltxO:		-39.915 
/	TiltyO:		6.881   
/	Tempco:		-0.130  
/	Drift:		0.743   
/	DriftTime Start:	05:45:23
/	DriftDate Start:	2022/04/15

/	CG-5 OPTIONS
/	Tide Correction:    YES
/	Cont. Tilt:          NO
/	Auto Rejection:     YES
/	Terrain Corr.:       NO
/	Seismic Filter:     YES
/	Raw Data:           YES
Line	  12.000N
/------LINE-----STATION-----ALT.------GRAV.---SD.--TILTX--TILTY-TEMP---TIDE---DUR-REJ-----TIME----DEC.TIME+DATE--TERRAIN---DATE
12.0000000  14.0000000   29.1014   6843.649 0.107   -4.2    1.0 -2.11 -0.036  55   8 05:59:38     44634.24935    0.0000  2022/04/15
12.0000000  14.0000000   29.1014   6843.652 0.064   -4.5    0.8 -2.12 -0.035  55   0 06:00:43     44634.25010    0.0000  2022/04/15
12.0000000  14.0000000   29.1014   6843.652 0.063   -4.7    0.5 -2.13 -0.035  55   0 06:01:43     44634.25079    0.0000  2022/04/15
12.0000000  14.0000000   29.3455   6843.633 0.134   -4.9    0.4 -2.13 -0.035  55  10 06:02:43     44634.25148    0.0000  2022/04/15
12.0000000  14.0000000   29.1014   6843.651 0.048   -4.9    0.4 -2.14 -0.034  55   0 06:03:43     44634.25218    0.0000  2022/04/15
12.0000000  14.0000000   29.3455   6843.651 0.048   -5.1    0.1 -2.14 -0.034  55   0 06:04:43     44634.25287    0.0000  2022/04/15
12.0000000  14.0000000   29.1014   6843.651 0.115   -5.3    0.1 -2.15 -0.033  55   0 06:05:43     44634.25356    0.0000  2022/04/15
12.0000000  14.0000000   29.3455   6843.652 0.070   -5.4    0.0 -2.15 -0.033  55   0 06:06:43     44634.25426    0.0000  2022/04/15
12.0000000  14.0000000   29.3455   6843.650 0.077   -5.4   -0.1 -2.16 -0.033  55   0 06:07:43     44634.25495    0.0000  2022/04/15
12.0000000  14.0000000   29.1014   6843.651 0.062   -5.5   -0.2 -2.16 -0.032  55   0 06:08:43     44634.25564    0.0000  2022/04/15
12.0000000  14.0000000   29.3455   6843.651 0.063   -5.6   -0.3 -2.17 -0.032  55   0 06:09:43     44634.25634    0.0000  2022/04/15
12.0000000  14.0000000   29.3455   6843.651 0.066   -5.6   -0.4 -2.17 -0.031  55   1 06:10:43     44634.25703    0.0000  2022/04/15
12.0000000  14.0000000   29.3455   6843.650 0.064   -5.6   -0.5 -2.18 -0.031  55   0 06:11:43     44634.25772    0.0000  2022/04/15
12.0000000  14.0000000   29.3455   6843.652 0.051   -5.7   -0.6 -2.18 -0.031  55   0 06:12:43     44634.25842    0.0000  2022/04/15
12.0000000  14.0000000   29.5896   6843.652 0.078   -5.8   -0.6 -2.18 -0.030  55   0 06:13:43     44634.25911    0.0000  2022/04/15
12.0000000  14.0000000   29.3455   6843.651 0.046   -5.8   -0.7 -2.19 -0.030  55   0 06:14:43     44634.25980    0.0000  2022/04/15
12.0000000  14.0000000   29.3455   6843.652 0.062   -5.8   -0.8 -2.19 -0.029  55   0 06:15:43     44634.26050    0.0000  2022/04/15
12.0000000  14.0000000   29.1014   6843.650 0.047   -5.9   -0.9 -2.19 -0.029  55   0 06:16:43     44634.26119    0.0000  2022/04/15
12.0000000  14.0000000   29.3455   6843.651 0.056   -5.9   -1.0 -2.19 -0.029  55   0 06:17:43     44634.26188    0.0000  2022/04/15
12.0000000  14.0000000   29.3455   6843.649 0.062   -6.0   -1.1 -2.19 -0.028  55   0 06:18:43     44634.26258    0.0000  2022/04/15
12.0000000  14.0000000   29.1014   6843.652 0.068   -6.0   -1.2 -2.19 -0.028  55   0 06:19:43     44634.26327    0.0000  2022/04/15
12.0000000  14.0000000   29.3455   6843.649 0.157   -6.0   -1.2 -2.20 -0.027  55   0 06:20:43     44634.26396    0.0000  2022/04/15
12.0000000  14.0000000   29.3455   6843.660 0.066   -6.1   -1.4 -2.20 -0.027  55   5 06:21:43     44634.26466    0.0000  2022/04/15
12.0000000  14.0000000   29.3455   6843.651 0.056   -6.1   -1.5 -2.20 -0.027  55   0 06:22:43     44634.26535    0.0000  2022/04/15
12.0000000  14.0000000   29.3455   6843.650 0.048   -6.2   -1.6 -2.20 -0.026  55   0 06:23:43     44634.26604    0.0000  2022/04/15
12.0000000  14.0000000   29.3455   6843.649 0.074   -6.2   -1.6 -2.20 -0.026  55   0 06:24:43     44634.26674    0.0000  2022/04/15
12.0000000  14.0000000   29.3455   6843.650 0.063   -6.2   -1.9 -2.20 -0.025  55   0 06:25:43     44634.26743    0.0000  2022/04/15
12.0000000  14.0000000   29.3455   6843.650 0.078   -6.3   -1.8 -2.20 -0.025  55   0 06:26:43     44634.26812    0.0000  2022/04/15
12.0000000  14.0000000   29.3455   6843.651 0.061   -6.3   -1.9 -2.20 -0.025  55   0 06:27:43     44634.26882    0.0000  2022/04/15
12.0000000  14.0000000   29.3455   6843.650 0.051   -6.4   -2.0 -2.20 -0.024  55   0 06:28:43     44634.26951    0.0000  2022/04/15
12.0000000  14.0000000   29.3455   6843.650 0.057   -6.3   -2.0 -2.20 -0.024  55   0 06:29:43     44634.27020    0.0000  2022/04/15
12.0000000  14.0000000   29.3455   6843.650 0.055   -6.3   -2.2 -2.21 -0.023  55   0 06:30:43     44634.27090    0.0000  2022/04/15
12.0000000  14.0000000   29.3455   6843.651 0.051   -6.2   -2.3 -2.21 -0.023  55   0 06:31:43     44634.27159    0.0000  2022/04/15
12.0000000  14.0000000   29.3455   6843.651 0.075   -6.4   -2.4 -2.21 -0.023  55   3 06:32:43     44634.27228    0.0000  2022/04/15
12.0000000  14.0000000   29.3455   6843.650 0.056   -6.4   -2.5 -2.21 -0.022  55   0 06:33:43     44634.27298    0.0000  2022/04/15
12.0000000  14.0000000   29.3455   6843.648 0.062   -6.4   -2.6 -2.21 -0.022  55   0 06:34:43     44634.27367    0.0000  2022/04/15
12.0000000  14.0000000   29.3455   6843.651 0.042   -6.3   -2.6 -2.20 -0.022  55   0 06:35:43     44634.27436    0.0000  2022/04/15
12.0000000  14.0000000   29.3455   6843.650 0.045   -6.4   -2.6 -2.21 -0.021  55   0 06:36:43     44634.27506    0.0000  2022/04/15
12.0000000  14.0000000   29.3455   6843.649 0.053   -6.4   -2.8 -2.21 -0.021  55   4 06:37:43     44634.27575    0.0000  2022/04/15
12.0000000  14.0000000   29.3455   6843.648 0.064   -6.5   -2.9 -2.21 -0.020  55   1 06:38:43     44634.27644    0.0000  2022/04/15
12.0000000  14.0000000   29.5896   6843.649 0.061   -6.5   -3.0 -2.21 -0.020  55   1 06:39:43     44634.27714    0.0000  2022/04/15
12.0000000  14.0000000   29.3455   6843.650 0.053   -6.5   -3.1 -2.20 -0.020  55   0 06:40:43     44634.27783    0.0000  2022/04/15
12.0000000  14.0000000   29.3455   6843.649 0.057   -6.4   -3.0 -2.20 -0.019  55   0 06:41:43     44634.27852    0.0000  2022/04/15
12.0000000  14.0000000   29.3455   6843.649 0.056   -6.5   -3.1 -2.21 -0.019  55   0 06:42:43     44634.27922    0.0000  2022/04/15
12.0000000  14.0000000   29.5896   6843.649 0.053   -6.4   -3.1 -2.21 -0.019  55   0 06:43:43     44634.27991    0.0000  2022/04/15
12.0000000  14.0000000   29.3455   6843.651 0.064   -6.5   -3.3 -2.21 -0.018  55   0 06:44:43     44634.28060    0.0000  2022/04/15
12.0000000  14.0000000   29.3455   6843.649 0.049   -6.5   -3.4 -2.21 -0.018  55   0 06:45:43     44634.28130    0.0000  2022/04/15
12.0000000  14.0000000   29.3455   6843.650 0.072   -6.6   -3.5 -2.21 -0.018  55   0 06:46:43     44634.28199    0.0000  2022/04/15
12.0000000  14.0000000   29.3455   6843.650 0.051   -6.5   -3.5 -2.21 -0.017  55   2 06:47:43     44634.28268    0.0000  2022/04/15
12.0000000  14.0000000   29.3455   6843.649 0.074   -6.6   -3.6 -2.21 -0.017  55   0 06:48:43     44634.28338    0.0000  2022/04/15
12.0000000  14.0000000   29.3455   6843.649 0.052   -6.4   -3.7 -2.21 -0.016  55   0 06:49:43     44634.28407    0.0000  2022/04/15
12.0000000  14.0000000   29.3455   6843.647 0.087   -6.5   -3.7 -2.21 -0.016  55   0 06:50:43     44634.28476    0.0000  2022/04/15
12.0000000  14.0000000   29.3455   6843.649 0.067   -6.6   -3.7 -2.21 -0.016  55   0 06:51:43     44634.28546    0.0000  2022/04/15
12.0000000  14.0000000   29.3455   6843.648 0.097   -6.6   -3.8 -2.21 -0.015  55   0 06:52:43     44634.28615    0.0000  2022/04/15
12.0000000  14.0000000   29.5896   6843.649 0.082   -6.5   -3.9 -2.21 -0.015  55   0 06:53:43     44634.28684    0.0000  2022/04/15
12.0000000  14.0000000   29.3455   6843.662 0.120   -6.5   -4.0 -2.21 -0.015  55   3 06:54:43     44634.28754    0.0000  2022/04/15
12.0000000  14.0000000   29.3455   6843.649 0.061   -6.6   -4.0 -2.21 -0.014  55   0 06:55:43     44634.28823    0.0000  2022/04/15
12.0000000  14.0000000   29.3455   6843.648 0.063   -6.7   -4.1 -2.21 -0.014  55   0 06:56:43     44634.28892    0.0000  2022/04/15
12.0000000  14.0000000   29.3455   6843.650 0.077   -6.7   -4.1 -2.21 -0.014  55   0 06:57:43     44634.28962    0.0000  2022/04/15
12.0000000  14.0000000   28.1248   6843.649 0.056   -6.6   -4.4 -2.21 -0.013  55   0 06:58:44     44634.29032    0.0000  2022/04/15
12.0000000  24.0000000   24.4627   6798.035 0.014   -3.0   -0.1 -2.09 0.006  55   7 08:45:40     44634.36446    0.0000  2022/04/15
12.0000000  24.0000000   24.2186   6798.036 0.009   -3.1   -0.9 -2.10 0.006  55   0 08:46:45     44634.36521    0.0000  2022/04/15
12.0000000  24.0000000   23.7303   6798.036 0.008   -3.2   -1.6 -2.11 0.006  55   0 08:47:45     44634.36591    0.0000  2022/04/15
12.0000000  24.0000000   23.7303   6798.036 0.015   -3.3   -2.4 -2.11 0.006  55   0 08:48:45     44634.36660    0.0000  2022/04/15
12.0000000  24.0000000   23.2420   6798.036 0.012   -3.3   -3.1 -2.12 0.006  55   0 08:49:45     44634.36729    0.0000  2022/04/15
12.0000000  24.0000000   22.9979   6798.036 0.009   -3.7   -3.5 -2.12 0.006  55   0 08:50:45     44634.36799    0.0000  2022/04/15
12.0000000  24.0000000   22.9979   6798.037 0.012   -3.9   -3.9 -2.13 0.006  55   0 08:51:45     44634.36868    0.0000  2022/04/15
12.0000000  24.0000000   22.5096   6798.037 0.009   -4.0   -4.4 -2.13 0.006  55   0 08:52:45     44634.36937    0.0000  2022/04/15
12.0000000  24.0000000   22.2654   6798.036 0.010   -4.3   -4.8 -2.13 0.006  55   0 08:53:45     44634.37007    0.0000  2022/04/15
12.0000000  24.0000000   22.0213   6798.036 0.016   -4.5   -5.1 -2.14 0.006  55   0 08:54:45     44634.37076    0.0000  2022/04/15
12.0000000  24.0000000   22.0213   6798.037 0.011   -4.8   -5.3 -2.14 0.006  55   0 08:55:45     44634.37145    0.0000  2022/04/15
12.0000000  24.0000000   21.5330   6798.036 0.012   -5.1   -5.7 -2.14 0.006  55   0 08:56:45     44634.37215    0.0000  2022/04/15
12.0000000  24.0000000   20.8006   6798.037 0.014   -5.4   -5.9 -2.14 0.006  55   0 08:57:45     44634.37284    0.0000  2022/04/15
12.0000000  24.0000000   21.0447   6798.037 0.013   -5.7   -6.2 -2.14 0.006  55   0 08:58:45     44634.37353    0.0000  2022/04/15
12.0000000  24.0000000   21.0447   6798.036 0.011   -5.9   -6.5 -2.14 0.006  55   0 08:59:45     44634.37423    0.0000  2022/04/15
12.0000000  24.0000000   20.8006   6798.037 0.011   -6.3   -6.6 -2.14 0.006  55   0 09:00:45     44634.37492    0.0000  2022/04/15
12.0000000  24.0000000   20.5565   6798.037 0.008   -6.5   -7.0 -2.14 0.006  55   0 09:01:45     44634.37561    0.0000  2022/04/15
12.0000000  24.0000000   20.5565   6798.036 0.008   -6.7   -7.2 -2.14 0.006  55   0 09:02:45     44634.37631    0.0000  2022/04/15
12.0000000  24.0000000   20.3123   6798.036 0.010   -7.0   -7.4 -2.14 0.006  55   0 09:03:45     44634.37700    0.0000  2022/04/15
12.0000000  24.0000000   20.0682   6798.037 0.011   -7.2   -7.6 -2.14 0.006  55   0 09:04:45     44634.37769    0.0000  2022/04/15
12.0000000  24.0000000   20.0682   6798.038 0.010   -7.4   -7.8 -2.13 0.006  55   0 09:05:45     44634.37839    0.0000  2022/04/15
12.0000000  24.0000000   19.8240   6798.037 0.009   -7.6   -8.1 -2.13 0.006  55   0 09:06:45     44634.37908    0.0000  2022/04/15
12.0000000  24.0000000   19.5799   6798.037 0.011   -8.1   -8.3 -2.13 0.006  55   0 09:07:45     44634.37977    0.0000  2022/04/15
12.0000000  24.0000000   19.5799   6798.038 0.014   -8.1   -8.5 -2.13 0.006  55   0 09:08:45     44634.38047    0.0000  2022/04/15
12.0000000  24.0000000   19.3358   6798.038 0.012   -8.4   -8.7 -2.12 0.006  55   0 09:09:45     44634.38116    0.0000  2022/04/15
12.0000000  24.0000000   19.3358   6798.038 0.011   -9.7   -8.9 -2.12 0.006  55   0 09:10:45     44634.38185    0.0000  2022/04/15
12.0000000  24.0000000   19.0916   6798.037 0.015   -9.8   -8.9 -2.12 0.006  55   0 09:11:45     44634.38255    0.0000  2022/04/15
12.0000000  24.0000000   19.0916   6798.038 0.017  -10.2   -9.1 -2.12 0.006  55   0 09:12:45     44634.38324    0.0000  2022/04/15
12.0000000  24.0000000   18.8475   6798.037 0.018  -10.3   -9.3 -2.11 0.006  55   0 09:13:45     44634.38393    0.0000  2022/04/15
12.0000000  24.0000000   17.6268   6798.039 0.016  -10.5   -9.4 -2.11 0.006  55   0 09:14:46     44634.38464    0.0000  2022/04/15
12.0000000  24.0000000   18.1151   6798.037 0.018   -2.1    0.8 -2.10 0.006  55   0 09:18:01     44634.38689    0.0000  2022/04/15
12.0000000  24.0000000   18.1151   6798.037 0.013   -2.2    0.7 -2.10 0.005  55   0 09:19:06     44634.38764    0.0000  2022/04/15
12.0000000  24.0000000   18.1151   6798.036 0.010   -2.3    0.5 -2.09 0.005  55   0 09:20:06     44634.38834    0.0000  2022/04/15
12.0000000  24.0000000   17.8709   6798.037 0.012   -2.3    0.2 -2.09 0.005  55   0 09:21:06     44634.38903    0.0000  2022/04/15
12.0000000  24.0000000   17.6268   6798.036 0.011   -2.5    0.1 -2.09 0.005  55   0 09:22:06     44634.38972    0.0000  2022/04/15
12.0000000  24.0000000   17.8709   6798.037 0.014   -2.6    0.0 -2.08 0.005  55   0 09:23:06     44634.39042    0.0000  2022/04/15
12.0000000  24.0000000   17.6268   6798.036 0.011   -2.7   -0.2 -2.08 0.005  55   0 09:24:06     44634.39111    0.0000  2022/04/15
12.0000000  24.0000000   17.6268   6798.035 0.009   -2.9   -0.3 -2.08 0.005  55   0 09:25:06     44634.39180    0.0000  2022/04/15
12.0000000  24.0000000   17.6268   6798.036 0.012   -2.9   -0.4 -2.07 0.005  55   0 09:26:06     44634.39250    0.0000  2022/04/15
12.0000000  24.0000000   17.3826   6798.037 0.012   -2.9   -0.5 -2.07 0.005  55   0 09:27:06     44634.39319    0.0000  2022/04/15
12.0000000  24.0000000   17.3826   6798.036 0.011   -3.1   -0.7 -2.07 0.005  55   0 09:28:06     44634.39388    0.0000  2022/04/15
12.0000000  24.0000000   17.1385   6798.038 0.013   -3.1   -0.9 -2.07 0.004  55   0 09:29:06     44634.39458    0.0000  2022/04/15
12.0000000  24.0000000   17.1385   6798.037 0.012   -3.2   -0.9 -2.07 0.004  55   0 09:30:06     44634.39527    0.0000  2022/04/15
12.0000000  24.0000000   17.1385   6798.037 0.011   -3.4   -1.0 -2.06 0.004  55   0 09:31:06     44634.39596    0.0000  2022/04/15
12.0000000  24.0000000   16.8944   6798.037 0.011   -3.5   -1.2 -2.06 0.004  55   0 09:32:06     44634.39666    0.0000  2022/04/15
12.0000000  24.0000000   16.8944   6798.038 0.011   -3.5   -1.2 -2.06 0.004  55   0 09:33:06     44634.39735    0.0000  2022/04/15
12.0000000  24.0000000   16.6502   6798.039 0.013   -3.6   -1.4 -2.06 0.004  55   0 09:34:06     44634.39804    0.0000  2022/04/15
12.0000000  24.0000000   16.6502   6798.038 0.012   -3.7   -1.5 -2.05 0.004  55   0 09:35:06     44634.39874    0.0000  2022/04/15
12.0000000  24.0000000   16.6502   6798.038 0.011   -3.7   -1.6 -2.05 0.004  55   0 09:36:06     44634.39943    0.0000  2022/04/15
12.0000000  24.0000000   16.6502   6798.037 0.014   -3.8   -1.7 -2.05 0.003  55   0 09:37:06     44634.40012    0.0000  2022/04/15
12.0000000  24.0000000   16.4061   6798.038 0.011   -3.9   -1.8 -2.05 0.003  55   0 09:38:06     44634.40082    0.0000  2022/04/15
12.0000000  24.0000000   16.4061   6798.038 0.010   -4.0   -1.9 -2.04 0.003  55   0 09:39:06     44634.40151    0.0000  2022/04/15
12.0000000  24.0000000   16.4061   6798.038 0.014   -4.1   -2.1 -2.04 0.003  55   0 09:40:06     44634.40220    0.0000  2022/04/15
12.0000000  24.0000000   16.1619   6798.038 0.011   -4.2   -2.0 -2.04 0.003  55   0 09:41:06     44634.40290    0.0000  2022/04/15
12.0000000  24.0000000   16.4061   6798.037 0.011   -4.3   -2.2 -2.04 0.003  55   0 09:42:06     44634.40359    0.0000  2022/04/15
12.0000000  24.0000000   16.1619   6798.038 0.010   -4.3   -2.3 -2.04 0.002  55   0 09:43:06     44634.40428    0.0000  2022/04/15
12.0000000  24.0000000   16.1619   6798.038 0.010   -4.3   -2.3 -2.04 0.002  55   0 09:44:06     44634.40498    0.0000  2022/04/15
12.0000000  24.0000000   16.1619   6798.036 0.009   -4.4   -2.5 -2.03 0.002  55   0 09:45:06     44634.40567    0.0000  2022/04/15
12.0000000  24.0000000   15.9178   6798.038 0.012   -4.5   -2.5 -2.03 0.002  55   0 09:46:06     44634.40636    0.0000  2022/04/15
12.0000000  24.0000000   14.9412   6798.038 0.011   -4.5   -2.7 -2.03 0.002  55   0 09:47:07     44634.40707    0.0000  2022/04/15
12.0000000  14.0000000   27.6365   6843.652 0.119   -3.4    0.3 -1.93 -0.030  55  18 11:34:41     44634.48165    0.0000  2022/04/15
12.0000000  14.0000000   27.6365   6843.652 0.055   -3.6    0.0 -1.95 -0.031  55   0 11:35:46     44634.48240    0.0000  2022/04/15
12.0000000  14.0000000   27.8807   6843.646 0.091   -3.6   -0.1 -1.97 -0.031  55   3 11:36:46     44634.48309    0.0000  2022/04/15
12.0000000  14.0000000   27.8807   6843.651 0.044   -3.7   -0.4 -1.99 -0.032  55   1 11:37:46     44634.48378    0.0000  2022/04/15
12.0000000  14.0000000   27.8807   6843.651 0.069   -3.7   -0.7 -2.00 -0.032  55   0 11:38:46     44634.48448    0.0000  2022/04/15
12.0000000  14.0000000   28.1248   6843.656 0.059   -3.6   -0.9 -2.02 -0.032  55   1 11:39:46     44634.48517    0.0000  2022/04/15
12.0000000  14.0000000   28.1248   6843.652 0.067   -3.6   -1.2 -2.03 -0.033  55   1 11:40:46     44634.48586    0.0000  2022/04/15
12.0000000  14.0000000   28.1248   6843.637 0.157   -3.4   -1.3 -2.05 -0.033  55   4 11:41:46     44634.48656    0.0000  2022/04/15
12.0000000  14.0000000   27.8807   6843.650 0.057   -3.5   -1.5 -2.06 -0.034  55   0 11:42:46     44634.48725    0.0000  2022/04/15
12.0000000  14.0000000   28.1248   6843.651 0.048   -3.3   -1.7 -2.07 -0.034  55   0 11:43:46     44634.48794    0.0000  2022/04/15
12.0000000  14.0000000   28.1248   6843.651 0.045   -3.4   -1.9 -2.08 -0.034  55   0 11:44:46     44634.48864    0.0000  2022/04/15
12.0000000  14.0000000   28.3689   6843.651 0.062   -3.2   -2.1 -2.09 -0.035  55   0 11:45:46     44634.48933    0.0000  2022/04/15
12.0000000  14.0000000   28.1248   6843.650 0.052   -3.3   -2.2 -2.10 -0.035  55   1 11:46:46     44634.49002    0.0000  2022/04/15
12.0000000  14.0000000   28.1248   6843.650 0.044   -3.3   -2.3 -2.11 -0.036  55   0 11:47:46     44634.49072    0.0000  2022/04/15
12.0000000  14.0000000   28.1248   6843.650 0.049   -3.1   -2.6 -2.12 -0.036  55   0 11:48:46     44634.49141    0.0000  2022/04/15
12.0000000  14.0000000   28.3689   6843.651 0.090   -3.3   -2.7 -2.12 -0.036  55   0 11:49:46     44634.49210    0.0000  2022/04/15
12.0000000  14.0000000   28.3689   6843.650 0.071   -3.2   -2.9 -2.13 -0.037  55   2 11:50:46     44634.49280    0.0000  2022/04/15
12.0000000  14.0000000   28.3689   6843.651 0.103   -3.2   -3.0 -2.14 -0.037  55   1 11:51:46     44634.49349    0.0000  2022/04/15
12.0000000  14.0000000   28.3689   6843.648 0.056   -3.1   -3.1 -2.14 -0.038  55   1 11:52:46     44634.49418    0.0000  2022/04/15
12.0000000  14.0000000   28.3689   6843.649 0.114   -3.2   -3.2 -2.15 -0.038  55   2 11:53:46     44634.49488    0.0000  2022/04/15
12.0000000  14.0000000   28.3689   6843.650 0.050   -3.1   -3.3 -2.15 -0.038  55   0 11:54:46     44634.49557    0.0000  2022/04/15
12.0000000  14.0000000   28.6131   6843.649 0.037   -3.1   -3.5 -2.16 -0.039  55   0 11:55:46     44634.49626    0.0000  2022/04/15
12.0000000  14.0000000   28.6131   6843.648 0.101   -3.1   -3.6 -2.16 -0.039  55   0 11:56:46     44634.49696    0.0000  2022/04/15
12.0000000  14.0000000   28.6131   6843.650 0.058   -3.1   -3.6 -2.16 -0.040  55   0 11:57:46     44634.49765    0.0000  2022/04/15
12.0000000  14.0000000   28.6131   6843.648 0.084   -3.0   -3.7 -2.17 -0.040  55   2 11:58:46     44634.49834    0.0000  2022/04/15
12.0000000  14.0000000   28.6131   6843.649 0.057   -3.0   -3.8 -2.17 -0.041  55   0 11:59:46     44634.49904    0.0000  2022/04/15
12.0000000  14.0000000   28.6131   6843.648 0.083   -3.0   -4.0 -2.17 -0.041  55   0 12:00:46     44634.49973    0.0000  2022/04/15
12.0000000  14.0000000   28.6131   6843.649 0.063   -3.0   -4.0 -2.18 -0.041  55   0 12:01:46     44634.50042    0.0000  2022/04/15
12.0000000  14.0000000   28.6131   6843.650 0.073   -3.0   -4.1 -2.18 -0.042  55   4 12:02:46     44634.50112    0.0000  2022/04/15
12.0000000  14.0000000   28.6131   6843.649 0.082   -3.0   -4.3 -2.18 -0.042  55   0 12:03:46     44634.50181    0.0000  2022/04/15
12.0000000  14.0000000   28.6131   6843.651 0.075   -2.8   -4.3 -2.18 -0.043  55   0 12:04:46     44634.50250    0.0000  2022/04/15
12.0000000  14.0000000   28.8572   6843.649 0.074   -2.9   -4.4 -2.18 -0.043  55   0 12:05:46     44634.50320    0.0000  2022/04/15
12.0000000  14.0000000   28.8572   6843.655 0.068   -2.8   -4.3 -2.19 -0.043  55   2 12:06:46     44634.50389    0.0000  2022/04/15
12.0000000  14.0000000   28.8572   6843.650 0.063   -3.0   -4.5 -2.19 -0.044  55   0 12:07:46     44634.50458    0.0000  2022/04/15
12.0000000  14.0000000   28.8572   6843.649 0.061   -3.0   -4.5 -2.19 -0.044  55   0 12:08:46     44634.50528    0.0000  2022/04/15
12.0000000  14.0000000   28.8572   6843.649 0.065   -2.9   -4.5 -2.19 -0.045  55   0 12:09:46     44634.50597    0.0000  2022/04/15
12.0000000  14.0000000   28.6131   6843.648 0.073   -3.0   -4.7 -2.19 -0.045  55   3 12:10:46     44634.50666    0.0000  2022/04/15
12.0000000  14.0000000   28.8572   6843.649 0.060   -2.9   -4.7 -2.19 -0.045  55   0 12:11:46     44634.50736    0.0000  2022/04/15
12.0000000  14.0000000   28.8572   6843.647 0.064   -2.9   -4.8 -2.19 -0.046  55   4 12:12:46     44634.50805    0.0000  2022/04/15
12.0000000  14.0000000   28.8572   6843.648 0.074   -2.9   -4.7 -2.20 -0.046  55   1 12:13:46     44634.50874    0.0000  2022/04/15
12.0000000  14.0000000   28.8572   6843.648 0.139   -2.8   -4.8 -2.20 -0.047  55   0 12:14:46     44634.50944    0.0000  2022/04/15
12.0000000  14.0000000   28.8572   6843.649 0.099   -2.9   -5.0 -2.20 -0.047  55   0 12:15:46     44634.51013    0.0000  2022/04/15
12.0000000  14.0000000   28.8572   6843.647 0.133   -2.9   -5.1 -2.20 -0.047  55   0 12:16:46     44634.51082    0.0000  2022/04/15
12.0000000  14.0000000   28.8572   6843.649 0.090   -2.8   -5.1 -2.20 -0.048  55   0 12:17:46     44634.51152    0.0000  2022/04/15
12.0000000  14.0000000   28.8572   6843.647 0.053   -2.7   -5.1 -2.20 -0.048  55   2 12:18:46     44634.51221    0.0000  2022/04/15
12.0000000  14.0000000   28.8572   6843.648 0.064   -2.7   -5.2 -2.20 -0.049  55   0 12:19:46     44634.51290    0.0000  2022/04/15
12.0000000  14.0000000   29.1014   6843.648 0.083   -2.7   -5.2 -2.20 -0.049  55   0 12:20:46     44634.51360    0.0000  2022/04/15
12.0000000  14.0000000   29.1014   6843.646 0.090   -2.7   -5.4 -2.20 -0.050  55   0 12:21:46     44634.51429    0.0000  2022/04/15
12.0000000  14.0000000   29.1014   6843.646 0.116   -2.8   -5.4 -2.20 -0.050  55   0 12:22:46     44634.51498    0.0000  2022/04/15
12.0000000  14.0000000   28.8572   6843.648 0.077   -2.7   -5.5 -2.20 -0.050  55   0 12:23:46     44634.51568    0.0000  2022/04/15
12.0000000  14.0000000   29.1014   6843.646 0.187   -2.7   -5.6 -2.20 -0.051  55   0 12:24:46     44634.51637    0.0000  2022/04/15
12.0000000  14.0000000   28.8572   6843.648 0.081   -2.6   -5.5 -2.20 -0.051  55   0 12:25:46     44634.51706    0.0000  2022/04/15
12.0000000  14.0000000   29.3455   6843.648 0.082   -2.6   -5.6 -2.21 -0.052  55   0 12:26:46     44634.51776    0.0000  2022/04/15
12.0000000  14.0000000   29.1014   6843.662 0.132   -2.6   -5.5 -2.21 -0.052  55   5 12:27:46     44634.51845    0.0000  2022/04/15
12.0000000  14.0000000   29.1014   6843.648 0.059   -2.7   -5.6 -2.21 -0.052  55   0 12:28:46     44634.51914    0.0000  2022/04/15
12.0000000  14.0000000   29.1014   6843.648 0.054   -2.6   -5.7 -2.21 -0.053  55   0 12:29:46     44634.51984    0.0000  2022/04/15
12.0000000  14.0000000   29.1014   6843.648 0.042   -2.7   -5.7 -2.21 -0.053  55   0 12:30:46     44634.52053    0.0000  2022/04/15
12.0000000  14.0000000   29.1014   6843.649 0.062   -2.6   -5.8 -2.21 -0.054  55   1 12:31:46     44634.52122    0.0000  2022/04/15
12.0000000  14.0000000   29.1014   6843.647 0.052   -2.7   -5.9 -2.21 -0.054  55   0 12:32:46     44634.52192    0.0000  2022/04/15
12.0000000  14.0000000   27.6365   6843.647 0.049   -2.7   -5.9 -2.21 -0.054  55   0 12:33:47     44634.52262    0.0000  2022/04/15