/		CG-6 Survey
/		Survey Name:	110A-ZVEB
/		Instrument Serial Number:	000000021090374
/		Created:	2022-04-15 06:00:48
/
/		CG-6 Calibration
/		Operator:	MSG
/		Gcal1 [mGal]:	7875.071000
/		Goff [ADU]:	-8388608.000000
/		Gref [mGal]:	0.0000
/		X Scale [arc-sec/ADU]:	0.030951
/		Y Scale [arc-sec/ADU]:	0.030982
/		X Offset [ADU]:	-210247.717363
/		Y Offset [ADU]:	-244020.956834
/		Temperature Coefficient [mGal/mK]:	-0.125000
/		Temperature Scale [mK/ADU]:	-0.000111
/		Drift Rate [mGal/day]:	-0.015550
/		Drift Zero Time:	2021-08-25 15:22:03
/		Firmware Version:	CG6_2_20190125
/
/Station	Date	Time	CorrGrav	Line	StdDev	StdErr	RawGrav	X	Y	SensorTemp	TideCorr	TiltCorr	TempCorr	DriftCorr	MeasurDur	InstrHeight	LatUser	LonUser	ElevUser	LatGPS	LonGPS	ElevGPS	Corrections[drift-temp-na-tide-tilt]
11	2022-04-15	06:00:48	5646.8127	12	0.0391	0.0050	5643.2471	-0.8	1.6	-0.1224	-0.0364	0.0001	-0.0152	3.6171	60	0.000	55.855100	37.516100	0.00	--	--	--	11011
11	2022-04-15	06:01:48	5646.8131	12	0.0088	0.0011	5643.2472	-1.2	2.7	-0.1243	-0.0360	0.0001	-0.0154	3.6171	60	0.000	55.855100	37.516100	0.00	--	--	--	11011
11	2022-04-15	06:02:48	5646.8117	12	0.0089	0.0012	5643.2453	-2.7	3.0	-0.1204	-0.0356	0.0002	-0.0153	3.6171	60	0.000	55.855100	37.516100	0.00	--	--	--	11011
11	2022-04-15	06:03:48	5646.8129	12	0.0110	0.0014	5643.2463	-2.6	1.7	-0.1172	-0.0352	0.0001	-0.0155	3.6171	60	0.000	55.855100	37.516100	0.00	--	--	--	11011
11	2022-04-15	06:04:48	5646.8141	12	0.0090	0.0012	5643.2472	-2.1	2.0	-0.1232	-0.0348	0.0001	-0.0156	3.6171	60	0.000	55.855100	37.516100	0.00	--	--	--	11011
11	2022-04-15	06:05:48	5646.8136	12	0.0082	0.0011	5643.2464	-2.0	1.9	-0.1283	-0.0344	0.0001	-0.0157	3.6171	60	0.000	55.855100	37.516100	0.00	--	--	--	11011
11	2022-04-15	06:06:48	5646.8133	12	0.0097	0.0013	5643.2457	-1.9	2.3	-0.1330	-0.0340	0.0001	-0.0158	3.6172	60	0.000	55.855100	37.516100	0.00	--	--	--	11011
11	2022-04-15	06:07:48	5646.8125	12	0.0082	0.0011	5643.2444	-1.8	2.0	-0.1269	-0.0335	0.0001	-0.0156	3.6172	60	0.000	55.855100	37.516100	0.00	--	--	--	11011
11	2022-04-15	06:08:48	5646.8125	12	0.0106	0.0014	5643.2441	-2.3	2.3	-0.1289	-0.0331	0.0002	-0.0158	3.6172	60	0.000	55.855100	37.516100	0.00	--	--	--	11011
11	2022-04-15	06:09:48	5646.8131	12	0.0089	0.0012	5643.2442	-2.1	2.6	-0.1302	-0.0327	0.0002	-0.0158	3.6172	60	0.000	55.855100	37.516100	0.00	--	--	--	11011
11	2022-04-15	06:10:48	5646.8125	12	0.0104	0.0013	5643.2432	-2.9	2.1	-0.1279	-0.0323	0.0002	-0.0157	3.6172	60	0.000	55.855100	37.516100	0.00	--	--	--	11011
11	2022-04-15	06:11:48	5646.8134	12	0.0083	0.0011	5643.2434	-3.0	3.4	-0.1243	-0.0319	0.0004	-0.0157	3.6172	60	0.000	55.855100	37.516100	0.00	--	--	--	11011
11	2022-04-15	06:12:48	5646.8141	12	0.0091	0.0012	5643.2439	-1.7	4.1	-0.1242	-0.0315	0.0003	-0.0159	3.6172	60	0.000	55.855100	37.516100	0.00	--	--	--	11011
11	2022-04-15	06:13:48	5646.8129	12	0.0088	0.0011	5643.2420	-3.6	3.9	-0.1249	-0.0311	0.0004	-0.0156	3.6172	60	0.000	55.855100	37.516100	0.00	--	--	--	11011
11	2022-04-15	06:14:48	5646.8132	12	0.0093	0.0012	5643.2420	-3.2	3.7	-0.1275	-0.0307	0.0004	-0.0157	3.6172	60	0.000	55.855100	37.516100	0.00	--	--	--	11011
11	2022-04-15	06:15:48	5646.8126	12	0.0083	0.0011	5643.2410	-3.2	3.7	-0.1318	-0.0303	0.0003	-0.0157	3.6173	60	0.000	55.855100	37.516100	0.00	--	--	--	11011
11	2022-04-15	06:16:48	5646.8134	12	0.0095	0.0012	5643.2416	-2.5	4.0	-0.1279	-0.0299	0.0002	-0.0157	3.6173	60	0.000	55.855100	37.516100	0.00	--	--	--	11011
11	2022-04-15	06:17:48	5646.8128	12	0.0085	0.0011	5643.2405	-2.2	2.8	-0.1260	-0.0295	0.0002	-0.0157	3.6173	60	0.000	55.855100	37.516100	0.00	--	--	--	11011
11	2022-04-15	06:18:48	5646.8131	12	0.0084	0.0011	5643.2407	-1.0	2.9	-0.1229	-0.0291	0.0001	-0.0159	3.6173	60	0.000	55.855100	37.516100	0.00	--	--	--	11011
11	2022-04-15	06:19:48	5646.8133	12	0.0086	0.0011	5643.2403	-1.3	3.5	-0.1288	-0.0287	0.0001	-0.0158	3.6173	60	0.000	55.855100	37.516100	0.00	--	--	--	11011
11	2022-04-15	06:20:48	5646.8145	12	0.0117	0.0015	5643.2410	-2.4	4.0	-0.1291	-0.0283	0.0002	-0.0157	3.6173	60	0.000	55.855100	37.516100	0.00	--	--	--	11011
11	2022-04-15	06:21:48	5646.8140	12	0.0084	0.0011	5643.2401	-2.9	4.0	-0.1259	-0.0279	0.0003	-0.0158	3.6173	60	0.000	55.855100	37.516100	0.00	--	--	--	11011
11	2022-04-15	06:22:48	5646.8147	12	0.0092	0.0012	5643.2403	-2.6	3.5	-0.1259	-0.0275	0.0003	-0.0157	3.6173	60	0.000	55.855100	37.516100	0.00	--	--	--	11011
11	2022-04-15	06:23:48	5646.8155	12	0.0095	0.0012	5643.2408	-1.6	3.3	-0.1280	-0.0271	0.0002	-0.0157	3.6173	60	0.000	55.855100	37.516100	0.00	--	--	--	11011
11	2022-04-15	06:24:48	5646.8124	12	0.0089	0.0011	5643.2373	-1.8	4.2	-0.1285	-0.0267	0.0002	-0.0158	3.6173	60	0.000	55.855100	37.516100	0.00	--	--	--	11011
11	2022-04-15	06:25:48	5646.8141	12	0.0089	0.0012	5643.2386	-1.4	4.5	-0.1255	-0.0264	0.0003	-0.0158	3.6174	60	0.000	55.855100	37.516100	0.00	--	--	--	11011
11	2022-04-15	06:26:48	5646.8143	12	0.0099	0.0013	5643.2384	-1.6	4.5	-0.1227	-0.0260	0.0003	-0.0158	3.6174	60	0.000	55.855100	37.516100	0.00	--	--	--	11011
11	2022-04-15	06:27:48	5646.8139	12	0.0115	0.0015	5643.2375	-1.1	4.7	-0.1267	-0.0256	0.0003	-0.0157	3.6174	60	0.000	55.855100	37.516100	0.00	--	--	--	11011
11	2022-04-15	06:28:48	5646.8127	12	0.0095	0.0012	5643.2356	-2.4	4.7	-0.1285	-0.0252	0.0004	-0.0156	3.6174	60	0.000	55.855100	37.516100	0.00	--	--	--	11011
11	2022-04-15	06:29:48	5646.8137	12	0.0087	0.0011	5643.2366	-2.0	3.6	-0.1250	-0.0248	0.0002	-0.0156	3.6174	60	0.000	55.855100	37.516100	0.00	--	--	--	11011
11	2022-04-15	06:30:48	5646.8124	12	0.0101	0.0013	5643.2350	-2.2	3.4	-0.1272	-0.0244	0.0002	-0.0158	3.6174	60	0.000	55.855100	37.516100	0.00	--	--	--	11011
11	2022-04-15	06:31:48	5646.8126	12	0.0096	0.0012	5643.2348	-1.8	2.8	-0.1201	-0.0240	0.0002	-0.0157	3.6174	60	0.000	55.855100	37.516100	0.00	--	--	--	11011
11	2022-04-15	06:32:48	5646.8147	12	0.0103	0.0013	5643.2366	-0.8	1.5	-0.1243	-0.0237	0.0001	-0.0157	3.6174	60	0.000	55.855100	37.516100	0.00	--	--	--	11011
11	2022-04-15	06:33:48	5646.8131	12	0.0099	0.0013	5643.2346	-2.0	1.3	-0.1301	-0.0233	0.0001	-0.0157	3.6174	60	0.000	55.855100	37.516100	0.00	--	--	--	11011
11	2022-04-15	06:34:48	5646.8141	12	0.0086	0.0011	5643.2351	-2.7	1.7	-0.1255	-0.0229	0.0002	-0.0157	3.6175	60	0.000	55.855100	37.516100	0.00	--	--	--	11011
11	2022-04-15	06:35:48	5646.8139	12	0.0092	0.0012	5643.2346	-2.0	1.7	-0.1270	-0.0225	0.0001	-0.0157	3.6175	60	0.000	55.855100	37.516100	0.00	--	--	--	11011
11	2022-04-15	06:36:48	5646.8128	12	0.0081	0.0011	5643.2328	-1.7	3.9	-0.1302	-0.0221	0.0003	-0.0156	3.6175	60	0.000	55.855100	37.516100	0.00	--	--	--	11011
11	2022-04-15	06:37:48	5646.8139	12	0.0088	0.0011	5643.2337	-1.8	2.6	-0.1252	-0.0218	0.0001	-0.0157	3.6175	60	0.000	55.855100	37.516100	0.00	--	--	--	11011
11	2022-04-15	06:38:48	5646.8145	12	0.0099	0.0013	5643.2338	-2.2	2.4	-0.1236	-0.0214	0.0002	-0.0156	3.6175	60	0.000	55.855100	37.516100	0.00	--	--	--	11011
11	2022-04-15	06:39:48	5646.8140	12	0.0084	0.0011	5643.2331	-0.8	2.7	-0.1242	-0.0210	0.0001	-0.0157	3.6175	60	0.000	55.855100	37.516100	0.00	--	--	--	11011
11	2022-04-15	06:40:48	5646.8145	12	0.0095	0.0012	5643.2331	-1.4	3.0	-0.1238	-0.0207	0.0001	-0.0157	3.6175	60	0.000	55.855100	37.516100	0.00	--	--	--	11011
11	2022-04-15	06:41:48	5646.8144	12	0.0104	0.0013	5643.2328	-0.8	2.4	-0.1288	-0.0203	0.0001	-0.0158	3.6175	60	0.000	55.855100	37.516100	0.00	--	--	--	11011
11	2022-04-15	06:42:48	5646.8133	12	0.0110	0.0014	5643.2311	-1.5	2.6	-0.1260	-0.0199	0.0001	-0.0155	3.6175	60	0.000	55.855100	37.516100	0.00	--	--	--	11011
11	2022-04-15	06:43:48	5646.8137	12	0.0091	0.0012	5643.2313	-1.2	2.8	-0.1258	-0.0196	0.0001	-0.0156	3.6176	60	0.000	55.855100	37.516100	0.00	--	--	--	11011
11	2022-04-15	06:44:48	5646.8132	12	0.0092	0.0012	5643.2301	-2.1	3.5	-0.1245	-0.0192	0.0003	-0.0156	3.6176	60	0.000	55.855100	37.516100	0.00	--	--	--	11011
11	2022-04-15	06:45:48	5646.8133	12	0.0089	0.0012	5643.2298	-0.0	2.9	-0.1244	-0.0188	0.0002	-0.0155	3.6176	60	0.000	55.855100	37.516100	0.00	--	--	--	11011
11	2022-04-15	06:46:48	5646.8133	12	0.0096	0.0012	5643.2297	-1.2	2.1	-0.1268	-0.0185	0.0001	-0.0156	3.6176	60	0.000	55.855100	37.516100	0.00	--	--	--	11011
11	2022-04-15	06:47:48	5646.8128	12	0.0105	0.0014	5643.2289	-1.4	2.7	-0.1273	-0.0181	0.0001	-0.0157	3.6176	60	0.000	55.855100	37.516100	0.00	--	--	--	11011
11	2022-04-15	06:48:48	5646.8145	12	0.0099	0.0013	5643.2301	-2.7	1.8	-0.1208	-0.0177	0.0001	-0.0156	3.6176	60	0.000	55.855100	37.516100	0.00	--	--	--	11011
11	2022-04-15	06:49:48	5646.8130	12	0.0081	0.0010	5643.2281	-2.3	2.3	-0.1243	-0.0174	0.0001	-0.0155	3.6176	60	0.000	55.855100	37.516100	0.00	--	--	--	11011
11	2022-04-15	06:50:48	5646.8122	12	0.0092	0.0012	5643.2271	-1.6	2.3	-0.1236	-0.0170	0.0001	-0.0156	3.6176	60	0.000	55.855100	37.516100	0.00	--	--	--	11011
11	2022-04-15	06:51:48	5646.8134	12	0.0116	0.0015	5643.2280	-3.6	1.3	-0.1290	-0.0167	0.0002	-0.0157	3.6176	60	0.000	55.855100	37.516100	0.00	--	--	--	11011
11	2022-04-15	06:52:48	5646.8128	12	0.0096	0.0012	5643.2267	-5.5	1.9	-0.1217	-0.0163	0.0004	-0.0156	3.6177	60	0.000	55.855100	37.516100	0.00	--	--	--	11011
11	2022-04-15	06:53:48	5646.8141	12	0.0099	0.0013	5643.2276	-5.7	1.3	-0.1212	-0.0160	0.0004	-0.0157	3.6177	60	0.000	55.855100	37.516100	0.00	--	--	--	11011
11	2022-04-15	06:54:48	5646.8146	12	0.0090	0.0012	5643.2279	-3.8	0.9	-0.1275	-0.0156	0.0002	-0.0156	3.6177	60	0.000	55.855100	37.516100	0.00	--	--	--	11011
11	2022-04-15	06:55:48	5646.8139	12	0.0078	0.0010	5643.2269	-3.8	1.2	-0.1310	-0.0153	0.0002	-0.0155	3.6177	60	0.000	55.855100	37.516100	0.00	--	--	--	11011
11	2022-04-15	06:56:48	5646.8129	12	0.0081	0.0010	5643.2255	-3.3	1.3	-0.1172	-0.0150	0.0002	-0.0155	3.6177	60	0.000	55.855100	37.516100	0.00	--	--	--	11011
11	2022-04-15	06:57:48	5646.8128	12	0.0068	0.0009	5643.2252	-1.3	1.5	-0.1291	-0.0146	0.0001	-0.0156	3.6177	60	0.000	55.855100	37.516100	0.00	--	--	--	11011
11	2022-04-15	06:58:48	5646.8138	12	0.0081	0.0010	5643.2257	-2.6	1.6	-0.1272	-0.0143	0.0003	-0.0156	3.6177	60	0.000	55.855100	37.516100	0.00	--	--	--	11011
11	2022-04-15	06:59:48	5646.8129	12	0.0119	0.0015	5643.2245	-2.3	1.8	-0.1292	-0.0139	0.0001	-0.0155	3.6177	60	0.000	55.855100	37.516100	0.00	--	--	--	11011
21	2022-04-15	08:46:50	5601.0357	12	0.0093	0.0012	5597.4278	0.5	3.5	-0.1411	0.0066	0.0002	-0.0178	3.6189	60	0.000	55.855100	37.516100	0.00	55.699455	36.757801	197.3	11011
21	2022-04-15	08:47:50	5601.0341	12	0.0093	0.0012	5597.4274	0.2	3.2	-0.1587	0.0066	0.0001	-0.0189	3.6189	60	0.000	55.855100	37.516100	0.00	55.699501	36.757713	196.2	11011
21	2022-04-15	08:48:50	5601.0352	12	0.0087	0.0011	5597.4291	-0.2	3.7	-0.1603	0.0067	0.0002	-0.0196	3.6189	60	0.000	55.855100	37.516100	0.00	55.699425	36.757744	194.7	11011
21	2022-04-15	08:49:50	5601.0352	12	0.0097	0.0012	5597.4299	1.2	4.6	-0.1665	0.0067	0.0003	-0.0205	3.6189	60	0.000	55.855100	37.516100	0.00	55.699512	36.757687	194.2	11011
21	2022-04-15	08:50:50	5601.0348	12	0.0101	0.0013	5597.4302	0.8	5.0	-0.1783	0.0067	0.0004	-0.0214	3.6189	60	0.000	55.855100	37.516100	0.00	55.699253	36.757744	195.5	11011
21	2022-04-15	08:51:50	5601.0347	12	0.0095	0.0012	5597.4307	1.0	5.7	-0.1772	0.0067	0.0005	-0.0221	3.6189	60	0.000	55.855100	37.516100	0.00	55.699444	36.757797	194.3	11011
21	2022-04-15	08:52:50	5601.0344	12	0.0118	0.0015	5597.4314	0.0	5.7	-0.1785	0.0067	0.0004	-0.0230	3.6189	60	0.000	55.855100	37.516100	0.00	55.699741	36.757656	194.4	11011
21	2022-04-15	08:53:50	5601.0353	12	0.0097	0.0013	5597.4330	0.3	4.8	-0.1985	0.0067	0.0003	-0.0236	3.6190	60	0.000	55.855100	37.516100	0.00	55.699432	36.757801	194.4	11011
21	2022-04-15	08:54:50	5601.0350	12	0.0085	0.0011	5597.4330	-0.1	6.2	-0.1975	0.0067	0.0006	-0.0243	3.6190	60	0.000	55.855100	37.516100	0.00	55.699432	36.757847	194.6	11011
21	2022-04-15	08:55:50	5601.0344	12	0.0121	0.0016	5597.4331	-0.3	6.4	-0.1976	0.0067	0.0004	-0.0248	3.6190	60	0.000	55.855100	37.516100	0.00	55.699379	36.757820	194.7	11011
21	2022-04-15	08:56:50	5601.0360	12	0.0097	0.0013	5597.4351	-0.9	7.4	-0.2087	0.0067	0.0008	-0.0256	3.6190	60	0.000	55.855100	37.516100	0.00	55.699577	36.757950	194.3	11011
21	2022-04-15	08:57:50	5601.0349	12	0.0107	0.0014	5597.4344	1.1	6.9	-0.2079	0.0067	0.0006	-0.0259	3.6190	60	0.000	55.855100	37.516100	0.00	55.699398	36.757816	193.6	11011
21	2022-04-15	08:58:50	5601.0340	12	0.0098	0.0013	5597.4344	1.4	5.6	-0.2104	0.0067	0.0004	-0.0265	3.6190	60	0.000	55.855100	37.516100	0.00	55.699375	36.757809	192.3	11011
21	2022-04-15	08:59:50	5601.0351	12	0.0113	0.0015	5597.4358	1.7	6.7	-0.2187	0.0066	0.0005	-0.0269	3.6190	60	0.000	55.855100	37.516100	0.00	55.699379	36.757771	189.9	11011
21	2022-04-15	09:00:50	5601.0348	12	0.0096	0.0012	5597.4358	1.0	7.9	-0.2242	0.0066	0.0007	-0.0274	3.6190	60	0.000	55.855100	37.516100	0.00	55.699512	36.757759	187.2	11011
21	2022-04-15	09:01:50	5601.0347	12	0.0107	0.0014	5597.4363	1.0	8.2	-0.2287	0.0066	0.0008	-0.0281	3.6190	60	0.000	55.855100	37.516100	0.00	55.699512	36.757732	186.4	11011
21	2022-04-15	09:02:50	5601.0358	12	0.0093	0.0012	5597.4378	0.5	7.3	-0.2202	0.0066	0.0007	-0.0283	3.6191	60	0.000	55.855100	37.516100	0.00	55.699398	36.757706	185.0	11011
21	2022-04-15	09:03:50	5601.0352	12	0.0086	0.0011	5597.4377	-0.2	6.4	-0.2342	0.0065	0.0004	-0.0285	3.6191	60	0.000	55.855100	37.516100	0.00	55.699482	36.757744	179.8	11011
21	2022-04-15	09:04:50	5601.0345	12	0.0087	0.0011	5597.4374	0.8	7.4	-0.2350	0.0065	0.0006	-0.0291	3.6191	60	0.000	55.855100	37.516100	0.00	55.699455	36.757744	179.2	11011
21	2022-04-15	09:05:50	5601.0335	12	0.0098	0.0013	5597.4366	-1.1	8.1	-0.2324	0.0065	0.0008	-0.0295	3.6191	60	0.000	55.855100	37.516100	0.00	55.699299	36.757732	179.1	11011
21	2022-04-15	09:06:50	5601.0353	12	0.0089	0.0012	5597.4386	0.3	8.7	-0.2395	0.0064	0.0009	-0.0297	3.6191	60	0.000	55.855100	37.516100	0.00	55.699032	36.757725	180.2	11011
21	2022-04-15	09:07:50	5601.0347	12	0.0111	0.0014	5597.4388	-0.1	8.5	-0.2447	0.0064	0.0008	-0.0304	3.6191	60	0.000	55.855100	37.516100	0.00	55.699413	36.757740	180.6	11011
21	2022-04-15	09:08:50	5601.0341	12	0.0105	0.0014	5597.4383	-0.1	8.3	-0.2458	0.0063	0.0008	-0.0305	3.6191	60	0.000	55.855100	37.516100	0.00	55.699432	36.757763	177.5	11011
21	2022-04-15	09:09:50	5601.0340	12	0.0091	0.0012	5597.4385	0.1	8.5	-0.2458	0.0063	0.0009	-0.0308	3.6191	60	0.000	55.855100	37.516100	0.00	55.699432	36.757751	176.0	11011
21	2022-04-15	09:10:50	5601.0339	12	0.0102	0.0013	5597.4391	-0.4	7.2	-0.2542	0.0062	0.0007	-0.0312	3.6191	60	0.000	55.855100	37.516100	0.00	55.699341	36.757828	175.3	11011
21	2022-04-15	09:11:50	5601.0348	12	0.0100	0.0013	5597.4403	0.6	8.0	-0.2494	0.0062	0.0007	-0.0315	3.6192	60	0.000	55.855100	37.516100	0.00	55.699432	36.757790	174.3	11011
21	2022-04-15	09:12:50	5601.0338	12	0.0127	0.0016	5597.4393	-1.1	9.2	-0.2482	0.0061	0.0010	-0.0317	3.6192	60	0.000	55.855100	37.516100	0.00	55.699203	36.757828	175.6	11011
21	2022-04-15	09:13:50	5601.0348	12	0.0114	0.0015	5597.4405	-1.3	9.4	-0.2594	0.0060	0.0010	-0.0320	3.6192	60	0.000	55.855100	37.516100	0.00	55.699291	36.757847	177.9	11011
21	2022-04-15	09:14:50	5601.0347	12	0.0103	0.0013	5597.4407	-0.2	9.4	-0.2563	0.0060	0.0011	-0.0322	3.6192	60	0.000	55.855100	37.516100	0.00	55.699493	36.757759	175.4	11011
21	2022-04-15	09:15:50	5601.0337	12	0.0117	0.0015	5597.4404	-0.9	8.3	-0.2603	0.0059	0.0009	-0.0326	3.6192	60	0.000	55.855100	37.516100	0.00	55.699413	36.757740	172.1	11011
21	2022-04-15	09:19:11	5601.0328	12	0.0110	0.0014	5597.4408	-0.1	4.5	-0.2705	0.0056	0.0003	-0.0332	3.6192	60	0.000	55.855100	37.516100	0.00	55.699455	36.757713	169.8	11011
21	2022-04-15	09:20:11	5601.0341	12	0.0107	0.0014	5597.4423	1.5	4.9	-0.2686	0.0056	0.0004	-0.0334	3.6192	60	0.000	55.855100	37.516100	0.00	55.699577	36.757656	167.1	11011
21	2022-04-15	09:21:11	5601.0347	12	0.0105	0.0014	5597.4432	0.8	4.5	-0.2666	0.0055	0.0003	-0.0335	3.6193	60	0.000	55.855100	37.516100	0.00	55.699436	36.757725	162.7	11011
21	2022-04-15	09:22:11	5601.0345	12	0.0102	0.0013	5597.4434	1.2	4.3	-0.2744	0.0054	0.0002	-0.0337	3.6193	60	0.000	55.855100	37.516100	0.00	55.699184	36.757645	163.5	11011
21	2022-04-15	09:23:11	5601.0349	12	0.0086	0.0011	5597.4440	-0.4	5.5	-0.2777	0.0053	0.0004	-0.0340	3.6193	60	0.000	55.855100	37.516100	0.00	55.699387	36.757706	164.8	11011
21	2022-04-15	09:24:11	5601.0340	12	0.0105	0.0013	5597.4434	0.3	6.0	-0.2744	0.0052	0.0005	-0.0343	3.6193	60	0.000	55.855100	37.516100	0.00	55.699284	36.757687	164.4	11011
21	2022-04-15	09:25:11	5601.0338	12	0.0095	0.0012	5597.4434	-0.3	6.8	-0.2775	0.0051	0.0004	-0.0345	3.6193	60	0.000	55.855100	37.516100	0.00	55.699234	36.757809	165.7	11011
21	2022-04-15	09:26:11	5601.0335	12	0.0090	0.0012	5597.4434	1.8	6.7	-0.2819	0.0050	0.0006	-0.0348	3.6193	60	0.000	55.855100	37.516100	0.00	55.699337	36.757778	166.1	11011
21	2022-04-15	09:27:11	5601.0335	12	0.0123	0.0016	5597.4433	1.1	8.4	-0.2831	0.0049	0.0009	-0.0349	3.6193	60	0.000	55.855100	37.516100	0.00	55.699368	36.757820	164.0	11011
21	2022-04-15	09:28:11	5601.0344	12	0.0111	0.0014	5597.4446	2.6	7.8	-0.2851	0.0048	0.0008	-0.0351	3.6193	60	0.000	55.855100	37.516100	0.00	55.699165	36.757763	164.3	11011
21	2022-04-15	09:29:11	5601.0341	12	0.0115	0.0015	5597.4448	1.6	7.8	-0.2799	0.0046	0.0007	-0.0354	3.6193	60	0.000	55.855100	37.516100	0.00	55.699234	36.757725	166.3	11011
21	2022-04-15	09:30:11	5601.0351	12	0.0131	0.0017	5597.4462	1.9	7.6	-0.2858	0.0045	0.0007	-0.0357	3.6193	60	0.000	55.855100	37.516100	0.00	55.699223	36.757668	166.6	11011
21	2022-04-15	09:31:11	5601.0346	12	0.0091	0.0012	5597.4458	1.3	8.0	-0.2828	0.0044	0.0008	-0.0357	3.6194	60	0.000	55.855100	37.516100	0.00	55.699490	36.757702	165.4	11011
21	2022-04-15	09:32:11	5601.0353	12	0.0087	0.0011	5597.4469	2.1	7.2	-0.2862	0.0043	0.0007	-0.0359	3.6194	60	0.000	55.855100	37.516100	0.00	55.699455	36.757706	166.4	11011
21	2022-04-15	09:33:11	5601.0349	12	0.0119	0.0015	5597.4465	1.9	8.2	-0.2910	0.0041	0.0009	-0.0360	3.6194	60	0.000	55.855100	37.516100	0.00	55.699261	36.757790	170.0	11011
21	2022-04-15	09:34:11	5601.0346	12	0.0112	0.0014	5597.4464	1.8	9.1	-0.2895	0.0040	0.0011	-0.0362	3.6194	60	0.000	55.855100	37.516100	0.00	55.699017	36.757877	171.4	11011
21	2022-04-15	09:35:11	5601.0340	12	0.0092	0.0012	5597.4461	2.0	8.8	-0.2921	0.0039	0.0010	-0.0364	3.6194	60	0.000	55.855100	37.516100	0.00	55.699337	36.757763	174.8	11011
21	2022-04-15	09:36:11	5601.0346	12	0.0097	0.0012	5597.4471	2.0	8.9	-0.2892	0.0037	0.0009	-0.0365	3.6194	60	0.000	55.855100	37.516100	0.00	55.699520	36.757725	173.9	11011
21	2022-04-15	09:37:11	5601.0354	12	0.0091	0.0012	5597.4481	1.3	9.0	-0.2956	0.0036	0.0010	-0.0367	3.6194	60	0.000	55.855100	37.516100	0.00	55.699310	36.757820	173.4	11011
21	2022-04-15	09:38:11	5601.0334	12	0.0098	0.0013	5597.4463	1.5	9.5	-0.2887	0.0035	0.0011	-0.0369	3.6194	60	0.000	55.855100	37.516100	0.00	55.699318	36.757816	172.9	11011
21	2022-04-15	09:39:11	5601.0362	12	0.0101	0.0013	5597.4494	1.1	9.6	-0.2953	0.0033	0.0011	-0.0371	3.6194	60	0.000	55.855100	37.516100	0.00	55.699165	36.757702	172.7	11011
21	2022-04-15	09:40:11	5601.0356	12	0.0099	0.0013	5597.4490	0.7	9.3	-0.2993	0.0032	0.0011	-0.0371	3.6195	60	0.000	55.855100	37.516100	0.00	55.699490	36.757645	171.4	11011
21	2022-04-15	09:41:11	5601.0350	12	0.0116	0.0015	5597.4486	0.5	9.6	-0.3034	0.0030	0.0012	-0.0372	3.6195	60	0.000	55.855100	37.516100	0.00	55.699463	36.757706	172.2	11011
21	2022-04-15	09:42:11	5601.0356	12	0.0106	0.0014	5597.4497	0.6	8.8	-0.2980	0.0029	0.0011	-0.0375	3.6195	60	0.000	55.855100	37.516100	0.00	55.699398	36.757683	168.0	11011
21	2022-04-15	09:43:11	5601.0347	12	0.0088	0.0011	5597.4491	1.5	8.7	-0.2987	0.0027	0.0009	-0.0376	3.6195	60	0.000	55.855100	37.516100	0.00	55.699318	36.757763	170.1	11011
21	2022-04-15	09:44:11	5601.0367	12	0.0103	0.0013	5597.4515	0.8	8.7	-0.2956	0.0025	0.0009	-0.0377	3.6195	60	0.000	55.855100	37.516100	0.00	55.699310	36.757751	171.6	11011
21	2022-04-15	09:45:11	5601.0356	12	0.0093	0.0012	5597.4505	-0.2	8.9	-0.3061	0.0024	0.0009	-0.0377	3.6195	60	0.000	55.855100	37.516100	0.00	55.699253	36.757854	172.9	11011
21	2022-04-15	09:46:11	5601.0359	12	0.0097	0.0013	5597.4510	0.5	8.6	-0.2980	0.0022	0.0009	-0.0378	3.6195	60	0.000	55.855100	37.516100	0.00	55.699398	36.757816	173.1	11011
21	2022-04-15	09:47:11	5601.0357	12	0.0126	0.0016	5597.4516	-0.0	7.9	-0.2979	0.0020	0.0007	-0.0381	3.6195	60	0.000	55.855100	37.516100	0.00	55.699512	36.757847	174.2	11011
21	2022-04-15	09:48:11	5601.0351	12	0.0100	0.0013	5597.4508	0.5	9.2	-0.3036	0.0018	0.0010	-0.0381	3.6195	60	0.000	55.855100	37.516100	0.00	55.699615	36.757561	174.3	11011
11	2022-04-15	11:35:51	5646.8124	12	0.0448	0.0058	5643.2404	0.8	3.1	-0.1413	-0.0312	0.0001	-0.0176	3.6207	60	0.000	55.855100	37.516100	0.00	55.855141	37.516331	132.2	11011
11	2022-04-15	11:36:51	5646.8134	12	0.0094	0.0012	5643.2417	1.0	3.4	-0.1416	-0.0316	0.0002	-0.0176	3.6207	60	0.000	55.855100	37.516100	0.00	55.855331	37.516300	134.9	11011
11	2022-04-15	11:37:51	5646.8135	12	0.0085	0.0011	5643.2423	0.8	2.8	-0.1336	-0.0320	0.0001	-0.0175	3.6207	60	0.000	55.855100	37.516100	0.00	55.855122	37.516235	136.3	11011
11	2022-04-15	11:38:51	5646.8146	12	0.0087	0.0011	5643.2437	0.5	3.9	-0.1438	-0.0324	0.0002	-0.0176	3.6207	60	0.000	55.855100	37.516100	0.00	55.855076	37.516479	136.5	11011
11	2022-04-15	11:39:51	5646.8136	12	0.0096	0.0012	5643.2431	1.6	3.2	-0.1385	-0.0328	0.0002	-0.0176	3.6207	60	0.000	55.855100	37.516100	0.00	55.855186	37.516136	136.3	11011
11	2022-04-15	11:40:51	5646.8129	12	0.0086	0.0011	5643.2428	0.7	3.2	-0.1387	-0.0332	0.0001	-0.0176	3.6208	60	0.000	55.855100	37.516100	0.00	55.854919	37.516090	135.3	11011
11	2022-04-15	11:41:51	5646.8142	12	0.0098	0.0013	5643.2443	0.6	3.3	-0.1421	-0.0336	0.0002	-0.0174	3.6208	60	0.000	55.855100	37.516100	0.00	55.855103	37.516148	134.8	11011
11	2022-04-15	11:42:51	5646.8126	12	0.0093	0.0012	5643.2432	-0.7	2.6	-0.1396	-0.0340	0.0001	-0.0174	3.6208	60	0.000	55.855100	37.516100	0.00	55.855198	37.516434	134.9	11011
11	2022-04-15	11:43:51	5646.8142	12	0.0098	0.0013	5643.2451	-0.6	2.2	-0.1356	-0.0344	0.0001	-0.0174	3.6208	60	0.000	55.855100	37.516100	0.00	55.855072	37.516331	134.9	11011
11	2022-04-15	11:44:51	5646.8143	12	0.0098	0.0013	5643.2457	0.4	1.6	-0.1411	-0.0349	0.0001	-0.0174	3.6208	60	0.000	55.855100	37.516100	0.00	55.855076	37.516235	134.5	11011
11	2022-04-15	11:45:51	5646.8134	12	0.0092	0.0012	5643.2453	-0.2	2.2	-0.1493	-0.0353	0.0001	-0.0175	3.6208	60	0.000	55.855100	37.516100	0.00	55.855103	37.516090	135.3	11011
11	2022-04-15	11:46:51	5646.8132	12	0.0068	0.0009	5643.2454	0.4	2.2	-0.1350	-0.0357	0.0001	-0.0174	3.6208	60	0.000	55.855100	37.516100	0.00	55.855186	37.516090	135.0	11011
11	2022-04-15	11:47:51	5646.8138	12	0.0090	0.0012	5643.2462	0.1	3.2	-0.1437	-0.0361	0.0001	-0.0173	3.6208	60	0.000	55.855100	37.516100	0.00	55.855225	37.516109	135.2	11011
11	2022-04-15	11:48:51	5646.8134	12	0.0080	0.0010	5643.2464	-0.1	2.0	-0.1372	-0.0365	0.0001	-0.0174	3.6208	60	0.000	55.855100	37.516100	0.00	55.855141	37.516193	135.1	11011
11	2022-04-15	11:49:51	5646.8128	12	0.0096	0.0012	5643.2461	0.9	2.2	-0.1403	-0.0369	0.0001	-0.0174	3.6209	60	0.000	55.855100	37.516100	0.00	55.855198	37.516357	135.2	11011
11	2022-04-15	11:50:51	5646.8138	12	0.0079	0.0010	5643.2473	0.7	3.3	-0.1383	-0.0373	0.0002	-0.0173	3.6209	60	0.000	55.855100	37.516100	0.00	55.855209	37.516178	135.2	11011
11	2022-04-15	11:51:51	5646.8136	12	0.0084	0.0011	5643.2476	-0.4	2.6	-0.1408	-0.0377	0.0001	-0.0174	3.6209	60	0.000	55.855100	37.516100	0.00	55.855133	37.516281	134.9	11011
11	2022-04-15	11:52:51	5646.8130	12	0.0083	0.0011	5643.2477	-0.3	1.2	-0.1404	-0.0381	0.0000	-0.0176	3.6209	60	0.000	55.855100	37.516100	0.00	55.855083	37.516331	136.5	11011
11	2022-04-15	11:53:51	5646.8125	12	0.0102	0.0013	5643.2473	-0.5	2.8	-0.1362	-0.0385	0.0002	-0.0173	3.6209	60	0.000	55.855100	37.516100	0.00	55.855038	37.516529	137.4	11011
11	2022-04-15	11:54:51	5646.8126	12	0.0112	0.0014	5643.2478	0.1	3.1	-0.1433	-0.0389	0.0002	-0.0174	3.6209	60	0.000	55.855100	37.516100	0.00	55.854977	37.516464	138.6	11011
11	2022-04-15	11:55:51	5646.8123	12	0.0101	0.0013	5643.2476	-0.8	3.4	-0.1363	-0.0393	0.0002	-0.0172	3.6209	60	0.000	55.855100	37.516100	0.00	55.855141	37.516331	138.8	11011
11	2022-04-15	11:56:51	5646.8135	12	0.0106	0.0014	5643.2494	-0.4	2.6	-0.1360	-0.0397	0.0001	-0.0172	3.6209	60	0.000	55.855100	37.516100	0.00	55.855179	37.516434	139.6	11011
11	2022-04-15	11:57:51	5646.8118	12	0.0105	0.0014	5643.2480	0.1	3.1	-0.1417	-0.0401	0.0001	-0.0172	3.6209	60	0.000	55.855100	37.516100	0.00	55.855038	37.516186	140.1	11011
11	2022-04-15	11:58:51	5646.8129	12	0.0105	0.0014	5643.2493	-0.4	3.9	-0.1337	-0.0405	0.0002	-0.0171	3.6210	60	0.000	55.855100	37.516100	0.00	55.855064	37.516598	141.0	11011
11	2022-04-15	11:59:51	5646.8122	12	0.0091	0.0012	5643.2490	-0.3	3.6	-0.1318	-0.0409	0.0002	-0.0171	3.6210	60	0.000	55.855100	37.516100	0.00	55.855110	37.516098	141.0	11011
11	2022-04-15	12:00:51	5646.8129	12	0.0086	0.0011	5643.2501	-0.4	3.2	-0.1362	-0.0414	0.0002	-0.0170	3.6210	60	0.000	55.855100	37.516100	0.00	55.855072	37.516384	140.1	11011
11	2022-04-15	12:01:51	5646.8117	12	0.0107	0.0014	5643.2494	-0.2	3.3	-0.1349	-0.0418	0.0002	-0.0170	3.6210	60	0.000	55.855100	37.516100	0.00	55.855083	37.516033	139.5	11011
11	2022-04-15	12:02:51	5646.8130	12	0.0085	0.0011	5643.2510	-0.5	2.9	-0.1404	-0.0422	0.0001	-0.0170	3.6210	60	0.000	55.855100	37.516100	0.00	55.855179	37.516216	139.6	11011
11	2022-04-15	12:03:51	5646.8108	12	0.0105	0.0014	5643.2492	-0.8	2.4	-0.1376	-0.0426	0.0001	-0.0169	3.6210	60	0.000	55.855100	37.516100	0.00	55.855038	37.516155	139.7	11011
11	2022-04-15	12:04:51	5646.8117	12	0.0094	0.0012	5643.2505	0.0	2.4	-0.1353	-0.0430	0.0001	-0.0169	3.6210	60	0.000	55.855100	37.516100	0.00	55.855198	37.516327	140.0	11011
11	2022-04-15	12:05:51	5646.8111	12	0.0128	0.0017	5643.2503	0.2	2.0	-0.1374	-0.0434	0.0001	-0.0169	3.6210	60	0.000	55.855100	37.516100	0.00	55.855053	37.516510	139.9	11011
11	2022-04-15	12:06:51	5646.8132	12	0.0088	0.0011	5643.2526	0.1	3.3	-0.1355	-0.0438	0.0001	-0.0168	3.6210	60	0.000	55.855100	37.516100	0.00	55.855247	37.516319	139.4	11011
11	2022-04-15	12:07:51	5646.8115	12	0.0109	0.0014	5643.2514	0.9	2.8	-0.1355	-0.0442	0.0002	-0.0169	3.6211	60	0.000	55.855100	37.516100	0.00	55.855190	37.516060	138.9	11011
11	2022-04-15	12:08:51	5646.8120	12	0.0101	0.0013	5643.2522	1.0	2.0	-0.1366	-0.0446	0.0001	-0.0168	3.6211	60	0.000	55.855100	37.516100	0.00	55.854843	37.516689	138.6	11011
11	2022-04-15	12:09:51	5646.8126	12	0.0100	0.0013	5643.2532	1.2	2.1	-0.1340	-0.0450	0.0001	-0.0167	3.6211	60	0.000	55.855100	37.516100	0.00	55.855076	37.516594	139.1	11011
11	2022-04-15	12:10:51	5646.8130	12	0.0102	0.0013	5643.2540	0.1	1.9	-0.1331	-0.0454	0.0000	-0.0167	3.6211	60	0.000	55.855100	37.516100	0.00	55.855083	37.516216	138.3	11011
11	2022-04-15	12:11:51	5646.8137	12	0.0075	0.0010	5643.2551	1.4	1.9	-0.1337	-0.0458	0.0001	-0.0166	3.6211	60	0.000	55.855100	37.516100	0.00	55.855122	37.516026	137.9	11011
11	2022-04-15	12:12:51	5646.8128	12	0.0092	0.0012	5643.2543	1.5	2.2	-0.1349	-0.0463	0.0001	-0.0165	3.6211	60	0.000	55.855100	37.516100	0.00	55.855019	37.516098	137.3	11011
11	2022-04-15	12:13:51	5646.8116	12	0.0100	0.0013	5643.2536	1.3	3.4	-0.1301	-0.0467	0.0002	-0.0167	3.6211	60	0.000	55.855100	37.516100	0.00	--	--	--	11011
11	2022-04-15	12:14:51	5646.8136	12	0.0095	0.0012	5643.2561	0.9	2.1	-0.1315	-0.0471	0.0001	-0.0166	3.6211	60	0.000	55.855100	37.516100	0.00	55.855103	37.516117	137.0	11011
11	2022-04-15	12:15:51	5646.8132	12	0.0082	0.0011	5643.2561	0.5	2.8	-0.1320	-0.0475	0.0001	-0.0167	3.6211	60	0.000	55.855100	37.516100	0.00	55.855133	37.516102	136.9	11011
11	2022-04-15	12:16:51	5646.8139	12	0.0106	0.0014	5643.2569	0.5	3.2	-0.1314	-0.0479	0.0002	-0.0165	3.6211	60	0.000	55.855100	37.516100	0.00	55.855076	37.516109	136.8	11011
11	2022-04-15	12:17:51	5646.8121	12	0.0107	0.0014	5643.2556	0.9	3.0	-0.1292	-0.0483	0.0001	-0.0165	3.6212	60	0.000	55.855100	37.516100	0.00	55.855045	37.516117	135.5	11011
11	2022-04-15	12:18:51	5646.8141	12	0.0077	0.0010	5643.2577	1.0	3.5	-0.1386	-0.0487	0.0002	-0.0164	3.6212	60	0.000	55.855100	37.516100	0.00	55.855152	37.516060	135.3	11011
11	2022-04-15	12:19:51	5646.8139	12	0.0085	0.0011	5643.2582	0.6	3.1	-0.1361	-0.0491	0.0001	-0.0165	3.6212	60	0.000	55.855100	37.516100	0.00	55.855141	37.516033	135.2	11011
11	2022-04-15	12:20:51	5646.8130	12	0.0096	0.0012	5643.2576	0.3	4.2	-0.1377	-0.0495	0.0003	-0.0166	3.6212	60	0.000	55.855100	37.516100	0.00	55.854866	37.516521	135.8	11011
11	2022-04-15	12:21:51	5646.8132	12	0.0106	0.0014	5643.2583	0.3	3.0	-0.1277	-0.0499	0.0001	-0.0165	3.6212	60	0.000	55.855100	37.516100	0.00	55.855152	37.515976	136.6	11011
11	2022-04-15	12:22:51	5646.8116	12	0.0081	0.0010	5643.2571	0.3	4.2	-0.1272	-0.0503	0.0002	-0.0166	3.6212	60	0.000	55.855100	37.516100	0.00	55.855129	37.516033	135.5	11011
11	2022-04-15	12:23:51	5646.8128	12	0.0078	0.0010	5643.2585	-0.3	3.6	-0.1325	-0.0507	0.0002	-0.0164	3.6212	60	0.000	55.855100	37.516100	0.00	55.855019	37.516155	134.7	11011
11	2022-04-15	12:24:51	5646.8139	12	0.0105	0.0014	5643.2600	-0.5	3.6	-0.1330	-0.0511	0.0002	-0.0164	3.6212	60	0.000	55.855100	37.516100	0.00	55.854843	37.516491	133.6	11011
11	2022-04-15	12:25:51	5646.8121	12	0.0074	0.0010	5643.2585	0.9	3.3	-0.1311	-0.0515	0.0002	-0.0163	3.6212	60	0.000	55.855100	37.516100	0.00	55.855110	37.516022	131.7	11011
11	2022-04-15	12:26:51	5646.8134	12	0.0081	0.0010	5643.2602	-0.1	3.8	-0.1278	-0.0519	0.0002	-0.0164	3.6213	60	0.000	55.855100	37.516100	0.00	55.855198	37.516098	130.0	11011
11	2022-04-15	12:27:51	5646.8128	12	0.0078	0.0010	5643.2598	0.5	3.4	-0.1367	-0.0523	0.0002	-0.0162	3.6213	60	0.000	55.855100	37.516100	0.00	55.855038	37.516308	129.4	11011
11	2022-04-15	12:28:51	5646.8142	12	0.0099	0.0013	5643.2619	-0.3	2.4	-0.1252	-0.0527	0.0001	-0.0163	3.6213	60	0.000	55.855100	37.516100	0.00	55.854977	37.516083	127.6	11011
11	2022-04-15	12:29:51	5646.8125	12	0.0091	0.0012	5643.2605	-0.5	3.2	-0.1343	-0.0531	0.0002	-0.0163	3.6213	60	0.000	55.855100	37.516100	0.00	55.855072	37.516235	127.5	11011
11	2022-04-15	12:30:51	5646.8134	12	0.0098	0.0013	5643.2620	0.9	1.4	-0.1290	-0.0535	0.0000	-0.0164	3.6213	60	0.000	55.855100	37.516100	0.00	55.854961	37.516460	128.9	11011
11	2022-04-15	12:31:51	5646.8141	12	0.0090	0.0012	5643.2629	1.6	1.0	-0.1381	-0.0539	0.0001	-0.0163	3.6213	60	0.000	55.855100	37.516100	0.00	55.854980	37.516235	130.1	11011
11	2022-04-15	12:32:51	5646.8145	12	0.0115	0.0015	5643.2636	0.4	1.9	-0.1324	-0.0543	0.0001	-0.0162	3.6213	60	0.000	55.855100	37.516100	0.00	55.855141	37.515968	131.4	11011
11	2022-04-15	12:33:51	5646.8133	12	0.0101	0.0013	5643.2631	0.9	1.3	-0.1335	-0.0547	0.0000	-0.0164	3.6213	60	0.000	55.855100	37.516100	0.00	55.855225	37.515938	131.7	11011
11	2022-04-15	12:34:51	5646.8131	12	0.0098	0.0013	5643.2632	1.8	2.4	-0.1339	-0.0551	0.0001	-0.0164	3.6213	60	0.000	55.855100	37.516100	0.00	55.855110	37.516060	132.3	11011
