
/	CG-5 SURVEY
/	Survey name:   	geoken.
/	Instrument S/N:	49459
/	Client:        	GEOKEN..
/	Operator:      	geoken..
/	Date:          	2022/ 2/25
/	Time:          	15:00:50
/	LONG:        	77.1000000 E
/	LAT:         	43.7000000 N
/	ZONE:        	43      
/	GMT DIFF.:   	-6.0

/	CG-5 SETUP PARAMETERS
/	Gref:			1500.000
/	Gcal1:		8925.088
/	TiltxS:		655.885 
/	TiltyS:		638.389 
/	TiltxO:		14.834  
/	TiltyO:		-19.702 
/	Tempco:		-0.121  
/	Drift:		0.466   
/	DriftTime Start:	15:00:52
/	DriftDate Start:	2022/02/25

/	CG-5 OPTIONS
/	Tide Correction:    YES
/	Cont. Tilt:         YES
/	Auto Rejection:     YES
/	Terrain Corr.:       NO
/	Seismic Filter:     YES
/	Raw Data:            NO
Line	   0.000S
/------LINE-----STATION-----ALT.------GRAV.---SD.--TILTX--TILTY-TEMP---TIDE---DUR-REJ-----TIME----DEC.TIME+DATE--TERRAIN---DATE
 0.0000000  10.0000000    0.0000   5837.159 0.013    0.3   -3.7 -0.73 -0.075  40   0 08:57:46     44586.37285    0.0000  2022/02/26
 0.0000000  10.0000000    0.0000   5837.158 0.022    0.0   -3.4 -0.80 -0.075  40   0 08:58:35     44586.37342    0.0000  2022/02/26
 0.0000000  10.0000000    0.0000   5837.158 0.015   -0.2   -2.8 -0.91 -0.075  40   0 08:59:19     44586.37393    0.0000  2022/02/26
 0.0000000  10.0000000    0.0000   5837.158 0.014   -0.6   -2.4 -0.91 -0.075  40   0 09:00:03     44586.37443    0.0000  2022/02/26
 0.0000000   2.0000000    0.0000   5838.676 0.017   12.0    3.9 -2.15 -0.073  40   0 09:18:37     44586.38731    0.0000  2022/02/26
 0.0000000   2.0000000    0.0000   5838.679 0.013   14.1    4.4 -2.12 -0.073  40   0 09:19:26     44586.38787    0.0000  2022/02/26
 0.0000000   2.0000000    0.0000   5838.683 0.014    3.2    4.1 -2.07 -0.072  40  19 09:20:10     44586.38838    0.0000  2022/02/26
 0.0000000   2.0000000    0.0000   5838.681 0.014    4.0    3.8 -2.05 -0.072  40   0 09:20:54     44586.38889    0.0000  2022/02/26
 0.0000000   2.0000000    0.0000   5838.680 0.014    4.9    3.3 -2.08 -0.072  40   0 09:21:38     44586.38940    0.0000  2022/02/26
 0.0000000   2.0000000    0.0000   5838.680 0.013    5.6    2.7 -2.13 -0.072  40   0 09:22:22     44586.38991    0.0000  2022/02/26
 0.0000000   1.0000000    0.0000   5856.774 0.013   -0.1   -2.7 -1.54 -0.070  40   0 09:44:35     44586.40531    0.0000  2022/02/26
 0.0000000   1.0000000    0.0000   5856.774 0.016    0.7   -3.4 -1.49 -0.070  40   0 09:45:24     44586.40588    0.0000  2022/02/26
 0.0000000   1.0000000    0.0000   5856.774 0.011    2.3   -3.5 -1.50 -0.070  40   0 09:46:08     44586.40639    0.0000  2022/02/26
 0.0000000   1.0000000    0.0000   5856.774 0.025    2.3   -4.4 -1.55 -0.070  40   0 09:46:52     44586.40689    0.0000  2022/02/26
 0.0000000   2.0000000    0.0000   5838.678 0.010    2.3    3.5 -1.58 -0.069  40   0 10:00:26     44586.41630    0.0000  2022/02/26
 0.0000000   2.0000000    0.0000   5838.679 0.016    3.4    5.7 -1.52 -0.069  40   0 10:01:15     44586.41687    0.0000  2022/02/26
 0.0000000   2.0000000    0.0000   5838.681 0.009    4.0    6.9 -1.46 -0.069  40   0 10:01:59     44586.41738    0.0000  2022/02/26
 0.0000000   2.0000000    0.0000   5838.681 0.013    3.8    7.4 -1.46 -0.069  40   0 10:02:43     44586.41788    0.0000  2022/02/26
 0.0000000   2.0000000    0.0000   5838.681 0.015    3.9    7.5 -1.50 -0.069  40   0 10:03:27     44586.41839    0.0000  2022/02/26
 0.0000000   1.0000000    0.0000   5856.767 0.017    1.5    5.1 -1.41 -0.068  40   0 10:17:53     44586.42840    0.0000  2022/02/26
 0.0000000   1.0000000    0.0000   5856.767 0.015    1.3    5.1 -1.34 -0.068  40   0 10:18:42     44586.42897    0.0000  2022/02/26
 0.0000000   1.0000000    0.0000   5856.768 0.016    1.7    4.7 -1.33 -0.068  40   0 10:19:26     44586.42947    0.0000  2022/02/26
 0.0000000   1.0000000    0.0000   5856.768 0.014    2.6    4.0 -1.36 -0.068  40   0 10:20:10     44586.42998    0.0000  2022/02/26
 0.0000000   2.0000000    0.0000   5838.673 0.018    4.7   -4.9 -1.37 -0.067  40   0 10:35:04     44586.44031    0.0000  2022/02/26
 0.0000000   2.0000000    0.0000   5838.674 0.015    5.3   -3.3 -1.32 -0.067  40   0 10:35:53     44586.44088    0.0000  2022/02/26
 0.0000000   2.0000000    0.0000   5838.675 0.015    6.0   -2.3 -1.32 -0.067  40   1 10:36:37     44586.44139    0.0000  2022/02/26
 0.0000000   2.0000000    0.0000   5838.675 0.013    5.9   -2.1 -1.36 -0.067  40   0 10:37:21     44586.44190    0.0000  2022/02/26
 0.0000000   2.0999999    0.0000   5826.777 0.015    4.4    8.2 -1.35 -0.067  40   0 10:49:03     44586.45001    0.0000  2022/02/26
 0.0000000   2.0999999    0.0000   5826.778 0.021    5.5    9.4 -1.35 -0.067  40   0 10:49:52     44586.45057    0.0000  2022/02/26
 0.0000000   2.0999999    0.0000   5826.775 0.022    7.5    9.8 -1.38 -0.067  40   0 10:50:36     44586.45108    0.0000  2022/02/26
 0.0000000   2.0999999    0.0000   5826.777 0.019    7.4    9.7 -1.39 -0.067  40   0 10:51:20     44586.45159    0.0000  2022/02/26
 0.0000000   2.0000000    0.0000   5838.676 0.012   -5.6    6.8 -1.19 -0.067  40   9 11:01:28     44586.45862    0.0000  2022/02/26
 0.0000000   2.0000000    0.0000   5838.678 0.011   -5.6    7.1 -1.18 -0.067  40   0 11:02:17     44586.45918    0.0000  2022/02/26
 0.0000000   2.0000000    0.0000   5838.677 0.014   -5.7    7.2 -1.20 -0.067  40   0 11:03:01     44586.45969    0.0000  2022/02/26
 0.0000000   2.0000000    0.0000   5838.678 0.019   -5.7    7.0 -1.22 -0.067  40   0 11:03:45     44586.46020    0.0000  2022/02/26
 0.0000000   2.0999999    0.0000   5826.789 0.019    0.8    4.0 -1.11 -0.067  40   3 11:15:27     44586.46831    0.0000  2022/02/26
 0.0000000   2.0999999    0.0000   5826.779 0.016    1.1    4.6 -1.13 -0.067  40   0 11:16:16     44586.46888    0.0000  2022/02/26
 0.0000000   2.0999999    0.0000   5826.779 0.011    1.7    4.6 -1.14 -0.067  40   0 11:17:00     44586.46939    0.0000  2022/02/26
 0.0000000   2.0999999    0.0000   5826.778 0.013    1.7    4.5 -1.11 -0.067  40   0 11:17:44     44586.46990    0.0000  2022/02/26
 0.0000000   2.0999999    0.0000   5826.778 0.013    1.8    4.3 -1.07 -0.067  40   0 11:18:28     44586.47040    0.0000  2022/02/26
 0.0000000   3.0000000    0.0000   5815.031 0.024    0.9   -6.5 -1.08 -0.067  40   0 11:33:06     44586.48055    0.0000  2022/02/26
 0.0000000   3.0000000    0.0000   5815.031 0.018    0.0   -6.2 -1.09 -0.067  40   0 11:33:55     44586.48112    0.0000  2022/02/26
 0.0000000   3.0000000    0.0000   5815.033 0.017   -0.8   -6.1 -1.07 -0.067  40   0 11:34:39     44586.48162    0.0000  2022/02/26
 0.0000000   3.0000000    0.0000   5815.034 0.013   -1.3   -6.0 -1.04 -0.067  40   0 11:35:23     44586.48213    0.0000  2022/02/26
 0.0000000   3.0000000    0.0000   5815.032 0.019   -1.9   -6.0 -1.03 -0.067  40   0 11:36:07     44586.48264    0.0000  2022/02/26
 0.0000000   2.0999999    0.0000   5826.776 0.010    5.7    3.6 -1.14 -0.068  40   0 11:49:31     44586.49193    0.0000  2022/02/26
 0.0000000   2.0999999    0.0000   5826.777 0.016    5.9    4.5 -1.16 -0.068  40   0 11:50:20     44586.49250    0.0000  2022/02/26
 0.0000000   2.0999999    0.0000   5826.777 0.014    5.9    4.8 -1.18 -0.068  40   0 11:51:04     44586.49301    0.0000  2022/02/26
 0.0000000   2.0999999    0.0000   5826.778 0.013    6.0    4.8 -1.16 -0.068  40   0 11:51:48     44586.49351    0.0000  2022/02/26
 0.0000000   3.0000000    0.0000   5815.031 0.021   -6.2   -1.6 -1.18 -0.068  40   0 12:02:57     44586.50125    0.0000  2022/02/26
 0.0000000   3.0000000    0.0000   5815.036 0.021   -7.3   -0.5 -1.19 -0.068  40   0 12:03:46     44586.50181    0.0000  2022/02/26
 0.0000000   3.0000000    0.0000   5815.036 0.014   -8.1    0.1 -1.17 -0.068  40   0 12:04:30     44586.50232    0.0000  2022/02/26
 0.0000000   3.0000000    0.0000   5815.037 0.014   -8.9    0.5 -1.13 -0.068  40   0 12:05:14     44586.50283    0.0000  2022/02/26
 0.0000000   3.0000000    0.0000   5815.037 0.016   -9.4    0.5 -1.10 -0.068  40   0 12:05:58     44586.50334    0.0000  2022/02/26
 0.0000000   4.0000000    0.0000   5794.059 0.020   -2.6   -3.9 -1.11 -0.068  40   0 12:18:10     44586.51180    0.0000  2022/02/26
 0.0000000   4.0000000    0.0000   5794.058 0.019   -2.8   -2.7 -1.09 -0.068  40   0 12:18:59     44586.51236    0.0000  2022/02/26
 0.0000000   4.0000000    0.0000   5794.063 0.019   -2.5   -2.0 -1.10 -0.068  40   0 12:19:43     44586.51287    0.0000  2022/02/26
 0.0000000   4.0000000    0.0000   5794.060 0.017   -2.1   -1.3 -1.13 -0.068  40   0 12:20:27     44586.51338    0.0000  2022/02/26
 0.0000000   3.0000000    0.0000   5815.029 0.021    2.9   -3.6 -1.16 -0.069  40   0 12:30:53     44586.52061    0.0000  2022/02/26
 0.0000000   3.0000000    0.0000   5815.027 0.019    2.9   -3.4 -1.15 -0.069  40   0 12:31:42     44586.52118    0.0000  2022/02/26
 0.0000000   3.0000000    0.0000   5815.029 0.022    2.8   -3.1 -1.17 -0.069  40   0 12:32:26     44586.52169    0.0000  2022/02/26
 0.0000000   3.0000000    0.0000   5815.029 0.018    2.5   -2.8 -1.20 -0.069  40   0 12:33:10     44586.52220    0.0000  2022/02/26
 0.0000000   4.0000000    0.0000   5794.059 0.016    8.1    3.3 -1.28 -0.069  40   0 12:44:46     44586.53024    0.0000  2022/02/26
 0.0000000   4.0000000    0.0000   5794.060 0.017    8.3    4.3 -1.30 -0.069  40   0 12:45:35     44586.53080    0.0000  2022/02/26
 0.0000000   4.0000000    0.0000   5794.062 0.016    8.2    4.8 -1.32 -0.069  40   0 12:46:19     44586.53131    0.0000  2022/02/26
 0.0000000   4.0000000    0.0000   5794.061 0.016    8.4    5.0 -1.29 -0.069  40   0 12:47:03     44586.53182    0.0000  2022/02/26
 0.0000000   5.0000000    0.0000   5775.932 0.020    2.9   -4.3 -1.53 -0.070  40   0 13:11:10     44586.54854    0.0000  2022/02/26
 0.0000000   5.0000000    0.0000   5775.932 0.022    2.3   -2.8 -1.53 -0.070  40   0 13:11:59     44586.54911    0.0000  2022/02/26
 0.0000000   5.0000000    0.0000   5775.933 0.016    1.5   -1.7 -1.51 -0.070  40   0 13:12:43     44586.54962    0.0000  2022/02/26
 0.0000000   5.0000000    0.0000   5775.932 0.024    1.1   -1.0 -1.51 -0.070  40   0 13:13:27     44586.55013    0.0000  2022/02/26
 0.0000000   4.0000000    0.0000   5794.062 0.030    5.0    0.3 -1.62 -0.070  40   1 13:31:10     44586.56241    0.0000  2022/02/26
 0.0000000   4.0000000    0.0000   5794.063 0.026    5.3    0.4 -1.64 -0.070  40   0 13:31:59     44586.56298    0.0000  2022/02/26
 0.0000000   4.0000000    0.0000   5794.062 0.018    5.5    0.5 -1.63 -0.070  40   0 13:32:43     44586.56348    0.0000  2022/02/26
 0.0000000   4.0000000    0.0000   5794.071 0.026    5.5    0.6 -1.60 -0.070  40   0 13:33:27     44586.56399    0.0000  2022/02/26
 0.0000000   4.0000000    0.0000   5794.062 0.020    5.6    0.8 -1.56 -0.070  40   0 13:34:11     44586.56450    0.0000  2022/02/26
 0.0000000   5.0000000    0.0000   5775.927 0.019   -8.8   -4.8 -1.60 -0.069  40   0 13:47:11     44586.57351    0.0000  2022/02/26
 0.0000000   5.0000000    0.0000   5775.931 0.023   -7.9   -4.3 -1.61 -0.069  40   0 13:48:00     44586.57408    0.0000  2022/02/26
 0.0000000   5.0000000    0.0000   5775.932 0.021   -8.2   -4.0 -1.64 -0.069  40   0 13:48:44     44586.57459    0.0000  2022/02/26
 0.0000000   5.0000000    0.0000   5775.932 0.021   -8.3   -4.1 -1.65 -0.069  40   0 13:49:28     44586.57510    0.0000  2022/02/26
 0.0000000   6.0000000    0.0000   5755.884 0.024   -4.7    3.8 -1.72 -0.068  40   0 14:02:04     44586.58383    0.0000  2022/02/26
 0.0000000   6.0000000    0.0000   5755.885 0.024   -4.3    4.7 -1.68 -0.068  40   0 14:02:53     44586.58440    0.0000  2022/02/26
 0.0000000   6.0000000    0.0000   5755.884 0.027   -3.9    4.6 -1.64 -0.068  40   0 14:03:37     44586.58491    0.0000  2022/02/26
 0.0000000   6.0000000    0.0000   5755.885 0.031   -3.7    4.6 -1.64 -0.068  40   0 14:04:21     44586.58542    0.0000  2022/02/26
 0.0000000   5.0000000    0.0000   5775.934 0.021   -2.4   -3.8 -1.69 -0.067  40   0 14:22:25     44586.59794    0.0000  2022/02/26
 0.0000000   5.0000000    0.0000   5775.934 0.020   -1.6   -3.2 -1.69 -0.067  40   0 14:23:14     44586.59851    0.0000  2022/02/26
 0.0000000   5.0000000    0.0000   5775.934 0.027   -1.3   -2.9 -1.66 -0.067  40   0 14:23:58     44586.59902    0.0000  2022/02/26
 0.0000000   5.0000000    0.0000   5775.931 0.022   -0.9   -3.1 -1.62 -0.066  40   0 14:24:42     44586.59953    0.0000  2022/02/26
 0.0000000   5.0000000    0.0000   5775.934 0.019   -0.8   -3.4 -1.61 -0.066  40   0 14:25:26     44586.60003    0.0000  2022/02/26
 0.0000000   6.0000000    0.0000   5755.881 0.029    6.9   -5.5 -1.61 -0.064  40   0 14:41:51     44586.61142    0.0000  2022/02/26
 0.0000000   6.0000000    0.0000   5755.885 0.032    7.0   -5.0 -1.61 -0.064  40   0 14:42:40     44586.61198    0.0000  2022/02/26
 0.0000000   6.0000000    0.0000   5755.882 0.028    7.0   -5.1 -1.64 -0.064  40   0 14:43:24     44586.61249    0.0000  2022/02/26
 0.0000000   6.0000000    0.0000   5755.883 0.031    6.8   -5.2 -1.65 -0.064  40   0 14:44:08     44586.61300    0.0000  2022/02/26
 0.0000000   5.0000000    0.0000   5775.937 0.022   -5.7    3.2 -1.63 -0.062  40   0 14:58:19     44586.62283    0.0000  2022/02/26
 0.0000000   5.0000000    0.0000   5775.939 0.019   -5.6    4.0 -1.62 -0.062  40   0 14:59:08     44586.62340    0.0000  2022/02/26
 0.0000000   5.0000000    0.0000   5775.938 0.022   -5.5    4.4 -1.63 -0.061  40   0 14:59:52     44586.62391    0.0000  2022/02/26
 0.0000000   5.0000000    0.0000   5775.940 0.023   -5.5    4.5 -1.66 -0.061  40   0 15:00:36     44586.62442    0.0000  2022/02/26
 0.0000000   4.0000000    0.0000   5794.063 0.018    6.4    3.5 -1.70 -0.059  40   0 15:12:46     44586.63285    0.0000  2022/02/26
 0.0000000   4.0000000    0.0000   5794.063 0.020    6.4    4.7 -1.71 -0.059  40   0 15:13:35     44586.63342    0.0000  2022/02/26
 0.0000000   4.0000000    0.0000   5794.063 0.019    6.5    5.1 -1.69 -0.058  40   0 15:14:19     44586.63393    0.0000  2022/02/26
 0.0000000   4.0000000    0.0000   5794.061 0.023    6.5    5.2 -1.65 -0.058  40   0 15:15:03     44586.63443    0.0000  2022/02/26
 0.0000000   4.0000000    0.0000   5794.062 0.015    6.3    5.0 -1.64 -0.058  40   0 15:15:47     44586.63494    0.0000  2022/02/26
 0.0000000   5.0000000    0.0000   5775.935 0.022   -2.6    2.0 -1.74 -0.055  40   0 15:28:04     44586.64346    0.0000  2022/02/26
 0.0000000   5.0000000    0.0000   5775.934 0.018   -1.5    2.3 -1.76 -0.055  40   0 15:28:53     44586.64403    0.0000  2022/02/26
 0.0000000   5.0000000    0.0000   5775.935 0.020   -0.8    2.4 -1.79 -0.055  40   0 15:29:37     44586.64453    0.0000  2022/02/26
 0.0000000   5.0000000    0.0000   5775.933 0.019    0.3    2.1 -1.81 -0.055  40   0 15:30:21     44586.64504    0.0000  2022/02/26
 0.0000000   4.0000000    0.0000   5794.060 0.015    2.6    0.6 -1.95 -0.051  40   0 15:43:12     44586.65395    0.0000  2022/02/26
 0.0000000   4.0000000    0.0000   5794.060 0.015    2.9    0.9 -1.91 -0.051  40   0 15:44:01     44586.65452    0.0000  2022/02/26
 0.0000000   4.0000000    0.0000   5794.061 0.017    3.5    1.3 -1.89 -0.050  40   0 15:44:45     44586.65503    0.0000  2022/02/26
 0.0000000   4.0000000    0.0000   5794.060 0.021    3.4    1.1 -1.90 -0.050  40   0 15:45:29     44586.65554    0.0000  2022/02/26
 0.0000000   3.0000000    0.0000   5815.036 0.020   -4.3   -3.9 -2.00 -0.046  40   0 15:57:58     44586.66419    0.0000  2022/02/26
 0.0000000   3.0000000    0.0000   5815.031 0.024   -4.0   -3.6 -2.03 -0.046  40   0 15:58:47     44586.66476    0.0000  2022/02/26
 0.0000000   3.0000000    0.0000   5815.032 0.020   -3.3   -3.6 -2.04 -0.046  40   0 15:59:31     44586.66526    0.0000  2022/02/26
 0.0000000   3.0000000    0.0000   5815.032 0.025   -2.4   -3.7 -2.01 -0.045  40   0 16:00:15     44586.66577    0.0000  2022/02/26
 0.0000000   4.0000000    0.0000   5794.060 0.016   -4.6   -1.2 -2.16 -0.041  40   0 16:13:06     44586.67468    0.0000  2022/02/26
 0.0000000   4.0000000    0.0000   5794.062 0.018   -4.9   -0.9 -2.14 -0.040  40   0 16:13:55     44586.67525    0.0000  2022/02/26
 0.0000000   4.0000000    0.0000   5794.062 0.019   -5.2   -1.0 -2.16 -0.040  40   0 16:14:39     44586.67576    0.0000  2022/02/26
 0.0000000   4.0000000    0.0000   5794.060 0.019   -5.6   -1.3 -2.18 -0.040  40   0 16:15:23     44586.67627    0.0000  2022/02/26
 0.0000000   3.0000000    0.0000   5815.030 0.014   -3.5    4.1 -2.11 -0.035  40   0 16:26:51     44586.68422    0.0000  2022/02/26
 0.0000000   3.0000000    0.0000   5815.032 0.021   -3.0    4.8 -2.14 -0.035  40   1 16:27:40     44586.68478    0.0000  2022/02/26
 0.0000000   3.0000000    0.0000   5815.031 0.018   -2.9    5.0 -2.15 -0.035  40   0 16:28:24     44586.68529    0.0000  2022/02/26
 0.0000000   3.0000000    0.0000   5815.033 0.011   -2.7    4.9 -2.13 -0.034  40   0 16:29:08     44586.68580    0.0000  2022/02/26
 0.0000000   2.0999999    0.0000   5826.773 0.018    5.0    7.0 -2.17 -0.031  40   0 16:37:22     44586.69151    0.0000  2022/02/26
 0.0000000   2.0999999    0.0000   5826.775 0.025    5.5    7.8 -2.13 -0.031  40   0 16:38:11     44586.69207    0.0000  2022/02/26
 0.0000000   2.0999999    0.0000   5826.775 0.025    5.8    8.0 -2.11 -0.030  40   0 16:38:55     44586.69258    0.0000  2022/02/26
 0.0000000   2.0999999    0.0000   5826.773 0.038    6.0    7.8 -2.13 -0.030  40   0 16:39:39     44586.69309    0.0000  2022/02/26
 0.0000000   3.0000000    0.0000   5815.028 0.013   -1.4   -4.4 -2.15 -0.026  40   0 16:49:32     44586.69994    0.0000  2022/02/26
 0.0000000   3.0000000    0.0000   5815.031 0.016   -1.8   -3.8 -2.10 -0.025  40   0 16:50:21     44586.70051    0.0000  2022/02/26
 0.0000000   3.0000000    0.0000   5815.034 0.021   -2.2   -3.7 -2.05 -0.025  40   2 16:51:05     44586.70102    0.0000  2022/02/26
 0.0000000   3.0000000    0.0000   5815.034 0.017   -2.1   -3.8 -2.02 -0.024  40   1 16:51:49     44586.70153    0.0000  2022/02/26
 0.0000000   3.0000000    0.0000   5815.033 0.016   -2.3   -4.1 -2.03 -0.024  40   0 16:52:33     44586.70203    0.0000  2022/02/26
 0.0000000   2.0999999    0.0000   5826.775 0.025    8.3   -1.9 -2.00 -0.019  40   0 17:01:43     44586.70839    0.0000  2022/02/26
 0.0000000   2.0999999    0.0000   5826.775 0.023    8.4   -1.2 -1.99 -0.019  40   1 17:02:32     44586.70896    0.0000  2022/02/26
 0.0000000   2.0999999    0.0000   5826.775 0.014    8.4   -1.0 -1.95 -0.019  40   0 17:03:16     44586.70946    0.0000  2022/02/26
 0.0000000   2.0999999    0.0000   5826.774 0.017   -0.3   19.7 -1.92 -0.018  40   9 17:04:00     44586.70997    0.0000  2022/02/26
 0.0000000   2.0999999    0.0000   5826.775 0.030  -30.2   23.5 -1.93 -0.018  40  16 17:04:44     44586.71048    0.0000  2022/02/26
 0.0000000   2.0999999    0.0000   5826.771 0.063   -5.9    4.0 -1.95 -0.018  40  19 17:05:28     44586.71099    0.0000  2022/02/26
 0.0000000   2.0000000    0.0000   5838.673 0.011   -1.2    2.3 -1.92 -0.013  40   0 17:14:56     44586.71755    0.0000  2022/02/26
 0.0000000   2.0000000    0.0000   5838.673 0.010   -1.1    3.0 -1.88 -0.012  40   0 17:15:45     44586.71812    0.0000  2022/02/26
 0.0000000   2.0000000    0.0000   5838.672 0.010   -1.2    3.2 -1.84 -0.012  40   0 17:16:29     44586.71863    0.0000  2022/02/26
 0.0000000   2.0000000    0.0000   5838.673 0.012   -1.6    3.2 -1.82 -0.012  40   0 17:17:13     44586.71914    0.0000  2022/02/26
 0.0000000   2.0999999    0.0000   5826.773 0.013    1.1    2.9 -1.83 -0.005  40   0 17:28:44     44586.72712    0.0000  2022/02/26
 0.0000000   2.0999999    0.0000   5826.773 0.015    2.1    3.6 -1.80 -0.005  40   0 17:29:33     44586.72769    0.0000  2022/02/26
 0.0000000   2.0999999    0.0000   5826.773 0.017    2.3    3.7 -1.80 -0.005  40   0 17:30:17     44586.72820    0.0000  2022/02/26
 0.0000000   2.0999999    0.0000   5826.773 0.016    2.6    3.6 -1.82 -0.004  40   0 17:31:01     44586.72870    0.0000  2022/02/26
 0.0000000   2.0000000    0.0000   5838.671 0.012   -6.5   -2.0 -1.77 0.002  40   0 17:44:15     44586.73788    0.0000  2022/02/26
 0.0000000   2.0000000    0.0000   5838.672 0.015   -7.0   -1.9 -1.74 0.003  40   0 17:45:04     44586.73845    0.0000  2022/02/26
 0.0000000   2.0000000    0.0000   5838.674 0.009   -6.2   -1.2 -1.69 0.004  40   0 17:47:00     44586.73979    0.0000  2022/02/26
 0.0000000   2.0000000    0.0000   5838.672 0.017    0.4   -0.7 -1.72 0.005  40   0 17:48:53     44586.74109    0.0000  2022/02/26
 0.0000000  10.0000000    0.0000   5837.160 0.058   -0.4    4.7 -1.60 0.013  40   2 18:03:22     44586.75113    0.0000  2022/02/26
 0.0000000  10.0000000    0.0000   5837.158 0.032   -0.6    4.8 -1.49 0.014  40   0 18:04:11     44586.75170    0.0000  2022/02/26
 0.0000000  10.0000000    0.0000   5837.159 0.019   -0.8    4.6 -1.40 0.015  40   0 18:04:55     44586.75221    0.0000  2022/02/26
 0.0000000  10.0000000    0.0000   5837.159 0.015   -1.0    4.4 -1.36 0.015  40   0 18:05:39     44586.75272    0.0000  2022/02/26
 0.0000000  10.0000000    0.0000   5837.159 0.018   -1.0    4.2 -1.31 0.015  40   1 18:06:23     44586.75323    0.0000  2022/02/26
 -1293835507939193800000000000000000.000,0   ,0.000   ,     0.000,   0.000,3840,32255,   0.000,   0.000,0.000   ,0.000   ,-0.000  ,1.733   