
/	CG-5 SURVEY
/	Survey name:   	geoken.
/	Instrument S/N:	49459
/	Client:        	GEOKEN..
/	Operator:      	geoken..
/	Date:          	2022/ 2/26
/	Time:          	18:26:55
/	LONG:        	77.1000000 E
/	LAT:         	43.7000000 N
/	ZONE:        	43      
/	GMT DIFF.:   	-6.0

/	CG-5 SETUP PARAMETERS
/	Gref:			1500.000
/	Gcal1:		8925.088
/	TiltxS:		655.885 
/	TiltyS:		638.389 
/	TiltxO:		14.834  
/	TiltyO:		-19.702 
/	Tempco:		-0.121  
/	Drift:		0.466   
/	DriftTime Start:	18:26:57
/	DriftDate Start:	2022/02/26

/	CG-5 OPTIONS
/	Tide Correction:    YES
/	Cont. Tilt:         YES
/	Auto Rejection:     YES
/	Terrain Corr.:       NO
/	Seismic Filter:     YES
/	Raw Data:            NO
Line	   0.000S
/------LINE-----STATION-----ALT.------GRAV.---SD.--TILTX--TILTY-TEMP---TIDE---DUR-REJ-----TIME----DEC.TIME+DATE--TERRAIN---DATE
 0.0000000  10.0000000    0.0000   5837.676 0.011    0.7   -4.0 -0.71 -0.086  40   0 08:10:38     44587.34017    0.0000  2022/02/27
 0.0000000  10.0000000    0.0000   5837.673 0.015    0.6   -3.9 -0.68 -0.086  40   0 08:11:27     44587.34074    0.0000  2022/02/27
 0.0000000  10.0000000    0.0000   5837.675 0.018    0.6   -4.0 -0.79 -0.086  40   0 08:12:11     44587.34125    0.0000  2022/02/27
 0.0000000  10.0000000    0.0000   5837.677 0.014    0.7   -4.0 -0.90 -0.086  40   0 08:12:55     44587.34176    0.0000  2022/02/27
 0.0000000   2.0000000    0.0000   5839.184 0.014    9.7    5.9 -1.86 -0.084  40   0 08:22:45     44587.34857    0.0000  2022/02/27
 0.0000000   2.0000000    0.0000   5839.188 0.014    7.2    7.1 -1.85 -0.084  40  10 08:23:34     44587.34914    0.0000  2022/02/27
 0.0000000   2.0000000    0.0000   5839.187 0.016    8.5    6.8 -1.87 -0.084  40   0 08:24:18     44587.34965    0.0000  2022/02/27
 0.0000000   2.0000000    0.0000   5839.188 0.015    8.9    6.3 -1.94 -0.084  40   0 08:25:02     44587.35016    0.0000  2022/02/27
 0.0000000   1.0000000    0.0000   5857.292 0.011   -1.0   -1.3 -1.90 -0.080  40   0 08:39:54     44587.36046    0.0000  2022/02/27
 0.0000000   1.0000000    0.0000   5857.292 0.012    0.2   -1.7 -1.82 -0.080  40   0 08:40:43     44587.36103    0.0000  2022/02/27
 0.0000000   1.0000000    0.0000   5857.293 0.012    0.8   -2.3 -1.80 -0.080  40   0 08:41:27     44587.36154    0.0000  2022/02/27
 0.0000000   1.0000000    0.0000   5857.293 0.010    2.0   -2.8 -1.83 -0.080  40   0 08:42:11     44587.36205    0.0000  2022/02/27
 0.0000000   2.0000000    0.0000   5839.199 0.012    1.0    4.9 -1.58 -0.077  40   0 08:54:55     44587.37088    0.0000  2022/02/27
 0.0000000   2.0000000    0.0000   5839.200 0.013    2.4    5.9 -1.63 -0.077  40   0 08:55:44     44587.37144    0.0000  2022/02/27
 0.0000000   2.0000000    0.0000   5839.198 0.015    4.0    6.6 -1.68 -0.077  40   0 08:56:28     44587.37195    0.0000  2022/02/27
 0.0000000   2.0000000    0.0000   5839.199 0.012    4.2    6.4 -1.68 -0.076  40   0 08:57:12     44587.37246    0.0000  2022/02/27
 0.0000000   1.0000000    0.0000   5857.281 0.012    3.1   -2.1 -1.32 -0.073  40   0 09:12:02     44587.38274    0.0000  2022/02/27
 0.0000000   1.0000000    0.0000   5857.285 0.013    4.4   -2.7 -1.28 -0.073  40   0 09:12:51     44587.38331    0.0000  2022/02/27
 0.0000000   1.0000000    0.0000   5857.285 0.012    5.4   -2.8 -1.26 -0.073  40   0 09:13:35     44587.38382    0.0000  2022/02/27
 0.0000000   1.0000000    0.0000   5857.286 0.012    5.5   -3.6 -1.26 -0.073  40   0 09:14:19     44587.38433    0.0000  2022/02/27
 0.0000000   2.0000000    0.0000   5839.200 0.011    4.9    3.6 -1.00 -0.069  40   0 09:30:04     44587.39525    0.0000  2022/02/27
 0.0000000   2.0000000    0.0000   5839.199 0.025    6.2    4.0 -1.01 -0.069  40   0 09:30:53     44587.39581    0.0000  2022/02/27
 0.0000000   2.0000000    0.0000   5839.198 0.013    5.9    3.9 -1.03 -0.069  40   0 09:31:37     44587.39632    0.0000  2022/02/27
 0.0000000   2.0000000    0.0000   5839.197 0.012    5.7    3.5 -1.04 -0.069  40   0 09:32:21     44587.39683    0.0000  2022/02/27
 0.0000000   2.0999999    0.0000   5827.301 0.015   -2.6    7.9 -0.95 -0.067  40   0 09:41:14     44587.40299    0.0000  2022/02/27
 0.0000000   2.0999999    0.0000   5827.297 0.014   -1.1    8.6 -0.92 -0.067  40   0 09:42:03     44587.40355    0.0000  2022/02/27
 0.0000000   2.0999999    0.0000   5827.298 0.010   -0.8    8.8 -0.89 -0.067  40   0 09:42:47     44587.40406    0.0000  2022/02/27
 0.0000000   2.0999999    0.0000   5827.298 0.013   -0.5    8.9 -0.89 -0.067  40   0 09:43:31     44587.40457    0.0000  2022/02/27
 0.0000000   2.0000000    0.0000   5839.194 0.022   -2.0    0.3 -0.79 -0.064  40   0 09:55:21     44587.41278    0.0000  2022/02/27
 0.0000000   2.0000000    0.0000   5839.195 0.012   -1.7    0.6 -0.76 -0.064  40   0 09:56:10     44587.41334    0.0000  2022/02/27
 0.0000000   2.0000000    0.0000   5839.195 0.013   -1.7    0.8 -0.74 -0.064  40   0 09:56:54     44587.41385    0.0000  2022/02/27
 0.0000000   2.0000000    0.0000   5839.195 0.016   -2.4    0.4 -0.73 -0.064  40   0 09:57:38     44587.41436    0.0000  2022/02/27
 0.0000000   2.0999999    0.0000   5827.293 0.026    5.4   10.7 -0.70 -0.061  40  15 10:20:18     44587.43007    0.0000  2022/02/27
 0.0000000   2.0999999    0.0000   5827.293 0.014    6.9   11.2 -0.71 -0.060  40   0 10:21:07     44587.43064    0.0000  2022/02/27
 0.0000000   2.0999999    0.0000   5827.295 0.011    8.7    4.6 -0.73 -0.060  40  17 10:21:51     44587.43115    0.0000  2022/02/27
 0.0000000   2.0999999    0.0000   5827.292 0.012    5.7    4.7 -0.75 -0.060  40   0 10:22:35     44587.43166    0.0000  2022/02/27
 0.0000000   3.0000000    0.0000   5815.545 0.019    1.5   -2.3 -1.38 -0.059  40   0 10:31:04     44587.43754    0.0000  2022/02/27
 0.0000000   3.0000000    0.0000   5815.546 0.025    1.1   -1.4 -1.57 -0.059  40   0 10:32:44     44587.43870    0.0000  2022/02/27
 0.0000000   3.0000000    0.0000   5815.546 0.019    1.0   -1.4 -1.65 -0.059  40   0 10:33:33     44587.43926    0.0000  2022/02/27
 0.0000000   3.0000000    0.0000   5815.545 0.020    0.7   -1.6 -1.73 -0.059  40   0 10:34:17     44587.43977    0.0000  2022/02/27
 0.0000000   2.0999999    0.0000   5827.294 0.014   -0.1    5.5 -2.51 -0.058  40   0 10:42:00     44587.44512    0.0000  2022/02/27
 0.0000000   2.0999999    0.0000   5827.295 0.015    0.0    6.4 -2.58 -0.058  40   0 10:42:49     44587.44569    0.0000  2022/02/27
 0.0000000   2.0999999    0.0000   5827.294 0.018    0.0    6.5 -2.64 -0.058  40   0 10:43:33     44587.44619    0.0000  2022/02/27
 0.0000000   2.0999999    0.0000   5827.294 0.015    0.0    6.5 -2.70 -0.058  40   0 10:44:17     44587.44670    0.0000  2022/02/27
 0.0000000   3.0000000    0.0000   5815.558 0.012   -2.6   -3.2 -3.22 -0.057  40   0 10:52:48     44587.45261    0.0000  2022/02/27
 0.0000000   3.0000000    0.0000   5815.558 0.017   -2.4   -2.6 -3.25 -0.057  40   0 10:53:37     44587.45317    0.0000  2022/02/27
 0.0000000   3.0000000    0.0000   5815.564 0.016    5.9    8.7 -3.37 -0.057  40   0 10:56:13     44587.45498    0.0000  2022/02/27
 0.0000000   3.0000000    0.0000   5815.563 0.033    5.9    9.4 -3.40 -0.057  40   2 10:57:02     44587.45554    0.0000  2022/02/27
 0.0000000   3.0000000    0.0000   5815.567 0.020    6.1    9.7 -3.43 -0.057  40   0 10:57:46     44587.45605    0.0000  2022/02/27
 0.0000000   3.0000000    0.0000   5815.566 0.018    5.9    9.7 -3.45 -0.057  40   0 10:58:30     44587.45656    0.0000  2022/02/27
 0.0000000   4.0000000    0.0000   5794.606 0.018    1.5    6.3 -3.60 -0.056  40   8 11:08:45     44587.46367    0.0000  2022/02/27
 0.0000000   4.0000000    0.0000   5794.597 0.015    1.9    7.2 -3.58 -0.056  40   0 11:09:34     44587.46423    0.0000  2022/02/27
 0.0000000   4.0000000    0.0000   5794.598 0.017    2.3    7.5 -3.57 -0.056  40   0 11:10:18     44587.46474    0.0000  2022/02/27
 0.0000000   4.0000000    0.0000   5794.599 0.015    2.7    7.7 -3.56 -0.056  40   0 11:11:02     44587.46525    0.0000  2022/02/27
 0.0000000   4.0000000    0.0000   5794.599 0.017    3.2    7.8 -3.54 -0.056  40   0 11:11:46     44587.46576    0.0000  2022/02/27
 0.0000000   3.0000000    0.0000   5815.574 0.021   -8.1    2.1 -1.96 -0.056  40   0 11:23:22     44587.47380    0.0000  2022/02/27
 0.0000000   3.0000000    0.0000   5815.575 0.015   -4.2   -4.2 -1.83 -0.056  40  16 11:24:11     44587.47437    0.0000  2022/02/27
 0.0000000   3.0000000    0.0000   5815.574 0.029   -4.4   -4.5 -1.71 -0.056  40   0 11:24:55     44587.47488    0.0000  2022/02/27
 0.0000000   3.0000000    0.0000   5815.573 0.021   -4.4   -4.5 -1.60 -0.056  40   0 11:25:39     44587.47538    0.0000  2022/02/27
 0.0000000   4.0000000    0.0000   5794.588 0.016   -2.1    4.0 -1.03 -0.056  40   0 11:37:03     44587.48329    0.0000  2022/02/27
 0.0000000   4.0000000    0.0000   5794.588 0.015   -2.1    5.2 -1.00 -0.056  40   0 11:37:52     44587.48385    0.0000  2022/02/27
 0.0000000   4.0000000    0.0000   5794.586 0.014   -2.8    5.7 -0.98 -0.056  40   0 11:38:36     44587.48436    0.0000  2022/02/27
 0.0000000   4.0000000    0.0000   5794.589 0.014   -3.1    6.0 -0.96 -0.056  40   0 11:39:20     44587.48487    0.0000  2022/02/27
 0.0000000   5.0000000    0.0000   5776.456 0.020    3.6   -5.7 -1.03 -0.056  40   0 11:52:08     44587.49375    0.0000  2022/02/27
 0.0000000   5.0000000    0.0000   5776.455 0.017    4.2   -5.3 -1.03 -0.056  40   0 11:52:57     44587.49431    0.0000  2022/02/27
 0.0000000   5.0000000    0.0000   5776.453 0.013    4.6   -5.1 -1.03 -0.056  40   0 11:53:41     44587.49482    0.0000  2022/02/27
 0.0000000   5.0000000    0.0000   5776.454 0.019    4.8   -5.5 -1.04 -0.056  40   0 11:54:25     44587.49533    0.0000  2022/02/27
 0.0000000   4.0000000    0.0000   5794.580 0.017   -0.8    0.4 -1.25 -0.057  40   0 12:06:51     44587.50395    0.0000  2022/02/27
 0.0000000   4.0000000    0.0000   5794.579 0.020   -1.7    1.2 -1.27 -0.057  40   0 12:07:40     44587.50452    0.0000  2022/02/27
 0.0000000   4.0000000    0.0000   5794.583 0.015   -2.2    1.6 -1.28 -0.057  40   0 12:08:24     44587.50502    0.0000  2022/02/27
 0.0000000   4.0000000    0.0000   5794.581 0.019   -2.8    1.6 -1.28 -0.057  40   0 12:09:08     44587.50553    0.0000  2022/02/27
 0.0000000   5.0000000    0.0000   5776.453 0.019    4.1   -3.1 -1.44 -0.058  40   0 12:20:57     44587.51373    0.0000  2022/02/27
 0.0000000   5.0000000    0.0000   5776.456 0.018    4.4   -2.6 -1.44 -0.058  40   0 12:21:46     44587.51429    0.0000  2022/02/27
 0.0000000   5.0000000    0.0000   5776.456 0.020    3.5   -2.1 -1.43 -0.058  40   0 12:22:30     44587.51480    0.0000  2022/02/27
 0.0000000   5.0000000    0.0000   5776.455 0.024    4.1   -1.8 -1.42 -0.058  40   0 12:23:14     44587.51531    0.0000  2022/02/27
 0.0000000   6.0000000    0.0000   5756.405 0.030   -0.2    0.1 -1.62 -0.060  40   0 12:38:00     44587.52555    0.0000  2022/02/27
 0.0000000   6.0000000    0.0000   5756.404 0.024    0.2    0.8 -1.61 -0.060  40   0 12:38:49     44587.52611    0.0000  2022/02/27
 0.0000000   6.0000000    0.0000   5756.405 0.023    0.4    0.8 -1.58 -0.060  40   0 12:39:33     44587.52662    0.0000  2022/02/27
 0.0000000   6.0000000    0.0000   5756.405 0.021    0.4    0.8 -1.56 -0.060  40   0 12:40:17     44587.52713    0.0000  2022/02/27
 0.0000000   5.0000000    0.0000   5776.458 0.015    1.0    3.6 -1.63 -0.064  40   0 13:08:44     44587.54686    0.0000  2022/02/27
 0.0000000   5.0000000    0.0000   5776.458 0.014    2.0    4.2 -1.62 -0.064  40   0 13:09:33     44587.54742    0.0000  2022/02/27
 0.0000000   5.0000000    0.0000   5776.457 0.021    2.4    4.5 -1.62 -0.064  40   0 13:10:17     44587.54793    0.0000  2022/02/27
 0.0000000   5.0000000    0.0000   5776.458 0.017    2.6    4.5 -1.64 -0.064  40   0 13:11:01     44587.54844    0.0000  2022/02/27
 0.0000000   6.0000000    0.0000   5756.406 0.029    0.0    0.6 -1.80 -0.066  40   0 13:24:35     44587.55784    0.0000  2022/02/27
 0.0000000   6.0000000    0.0000   5756.408 0.022    0.0    1.4 -1.81 -0.066  40   0 13:25:24     44587.55841    0.0000  2022/02/27
 0.0000000   6.0000000    0.0000   5756.408 0.024   -0.3    1.5 -1.80 -0.066  40   1 13:26:08     44587.55892    0.0000  2022/02/27
 0.0000000   6.0000000    0.0000   5756.405 0.031   -0.4    1.5 -1.78 -0.066  40   2 13:26:52     44587.55943    0.0000  2022/02/27
 0.0000000   5.0000000    0.0000   5776.456 0.020    2.3   -0.3 -1.84 -0.068  40   0 13:40:12     44587.56867    0.0000  2022/02/27
 0.0000000   5.0000000    0.0000   5776.457 0.018    2.8    0.5 -1.84 -0.068  40   0 13:41:01     44587.56924    0.0000  2022/02/27
 0.0000000   5.0000000    0.0000   5776.456 0.017    3.1    0.6 -1.85 -0.068  40   0 13:41:45     44587.56975    0.0000  2022/02/27
 0.0000000   5.0000000    0.0000   5776.456 0.025    3.1    0.6 -1.86 -0.068  40   0 13:42:29     44587.57026    0.0000  2022/02/27
 0.0000000   4.0000000    0.0000   5794.582 0.014   -0.8    0.7 -1.86 -0.070  40   0 13:54:06     44587.57831    0.0000  2022/02/27
 0.0000000   4.0000000    0.0000   5794.583 0.020    0.0    1.7 -1.86 -0.070  40   0 13:54:55     44587.57888    0.0000  2022/02/27
 0.0000000   4.0000000    0.0000   5794.583 0.026    0.7    2.5 -1.85 -0.070  40   0 13:55:39     44587.57938    0.0000  2022/02/27
 0.0000000   4.0000000    0.0000   5794.583 0.022    1.2    2.9 -1.82 -0.070  40   0 13:56:23     44587.57989    0.0000  2022/02/27
 0.0000000   5.0000000    0.0000   5776.455 0.019   -1.1    0.6 -2.10 -0.072  40   0 14:11:15     44587.59020    0.0000  2022/02/27
 0.0000000   5.0000000    0.0000   5776.456 0.017    0.3    1.3 -2.10 -0.072  40   0 14:12:04     44587.59077    0.0000  2022/02/27
 0.0000000   5.0000000    0.0000   5776.455 0.025    0.8    1.6 -2.08 -0.072  40   0 14:12:48     44587.59127    0.0000  2022/02/27
 0.0000000   5.0000000    0.0000   5776.456 0.018    1.9    1.4 -2.09 -0.072  40   0 14:13:32     44587.59178    0.0000  2022/02/27
 0.0000000   4.0000000    0.0000   5794.581 0.016    3.5    1.7 -2.28 -0.073  40   0 14:26:34     44587.60082    0.0000  2022/02/27
 0.0000000   4.0000000    0.0000   5794.583 0.020    4.2    2.6 -2.30 -0.073  40   0 14:27:23     44587.60139    0.0000  2022/02/27
 0.0000000   4.0000000    0.0000   5794.583 0.020    4.8    3.4 -2.30 -0.074  40   0 14:28:07     44587.60189    0.0000  2022/02/27
 0.0000000   4.0000000    0.0000   5794.584 0.022    4.9    3.4 -2.28 -0.074  40   0 14:28:51     44587.60240    0.0000  2022/02/27
 0.0000000   3.0000000    0.0000   5815.552 0.022    1.0   -0.8 -2.39 -0.075  40   0 14:39:28     44587.60976    0.0000  2022/02/27
 0.0000000   3.0000000    0.0000   5815.555 0.037    2.0   -0.2 -2.42 -0.075  40   0 14:40:17     44587.61033    0.0000  2022/02/27
 0.0000000   3.0000000    0.0000   5815.552 0.022    2.0    0.0 -2.42 -0.075  40   0 14:41:01     44587.61084    0.0000  2022/02/27
 0.0000000   3.0000000    0.0000   5815.553 0.015    2.4   -0.2 -2.40 -0.075  40   1 14:41:45     44587.61135    0.0000  2022/02/27
 0.0000000   4.0000000    0.0000   5794.581 0.022    1.0   -4.1 -2.54 -0.075  40   0 14:52:33     44587.61883    0.0000  2022/02/27
 0.0000000   4.0000000    0.0000   5794.584 0.022    2.7   -2.8 -2.53 -0.075  40   0 14:53:22     44587.61940    0.0000  2022/02/27
 0.0000000   4.0000000    0.0000   5794.584 0.022    4.3   -2.0 -2.50 -0.075  40   0 14:54:06     44587.61991    0.0000  2022/02/27
 0.0000000   4.0000000    0.0000   5794.585 0.032    4.7   -1.8 -2.47 -0.075  40   0 14:54:50     44587.62042    0.0000  2022/02/27
 0.0000000   3.0000000    0.0000   5815.556 0.029    3.9   -1.1 -2.55 -0.076  40   1 15:05:47     44587.62801    0.0000  2022/02/27
 0.0000000   3.0000000    0.0000   5815.556 0.023    5.1   -0.5 -2.53 -0.076  40   1 15:06:36     44587.62858    0.0000  2022/02/27
 0.0000000   3.0000000    0.0000   5815.558 0.017    5.6   -0.5 -2.53 -0.076  40   0 15:07:20     44587.62908    0.0000  2022/02/27
 0.0000000   3.0000000    0.0000   5815.557 0.010    5.9   -0.9 -2.55 -0.076  40   0 15:08:04     44587.62959    0.0000  2022/02/27
 0.0000000   2.0999999    0.0000   5827.300 0.016    4.1   -2.9 -2.67 -0.076  40   0 15:17:34     44587.63618    0.0000  2022/02/27
 0.0000000   2.0999999    0.0000   5827.297 0.016    4.5   -2.3 -2.65 -0.076  40   0 15:18:23     44587.63675    0.0000  2022/02/27
 0.0000000   2.0999999    0.0000   5827.300 0.011    4.3   -2.3 -2.62 -0.076  40   0 15:19:07     44587.63725    0.0000  2022/02/27
 0.0000000   2.0999999    0.0000   5827.297 0.013    3.9   -2.5 -2.60 -0.076  40   0 15:19:51     44587.63776    0.0000  2022/02/27
 0.0000000   3.0000000    0.0000   5815.552 0.020    0.3    7.5 -2.46 -0.075  40   0 15:28:35     44587.64382    0.0000  2022/02/27
 0.0000000   3.0000000    0.0000   5815.555 0.025    0.1    8.7 -2.48 -0.075  40   0 15:29:24     44587.64438    0.0000  2022/02/27
 0.0000000   3.0000000    0.0000   5815.555 0.023    0.4    9.3 -2.49 -0.075  40   0 15:30:08     44587.64489    0.0000  2022/02/27
 0.0000000   3.0000000    0.0000   5815.558 0.017    0.0    9.5 -2.47 -0.075  40   0 15:30:52     44587.64540    0.0000  2022/02/27
 0.0000000   3.0000000    0.0000   5815.557 0.020    0.0    9.5 -2.42 -0.075  40   0 15:31:36     44587.64591    0.0000  2022/02/27
 0.0000000   2.0999999    0.0000   5827.295 0.031    2.2   -2.1 -2.37 -0.075  40   1 15:40:38     44587.65217    0.0000  2022/02/27
 0.0000000   2.0999999    0.0000   5827.296 0.025    2.4   -1.5 -2.33 -0.075  40   0 15:41:27     44587.65274    0.0000  2022/02/27
 0.0000000   2.0999999    0.0000   5827.296 0.018    2.3   -1.4 -2.32 -0.075  40   0 15:42:11     44587.65325    0.0000  2022/02/27
 0.0000000   2.0999999    0.0000   5827.297 0.017    2.3   -1.6 -2.31 -0.074  40   0 15:42:55     44587.65376    0.0000  2022/02/27
 0.0000000   2.0000000    0.0000   5839.197 0.020    3.6    2.1 -2.13 -0.073  40   0 15:53:12     44587.66089    0.0000  2022/02/27
 0.0000000   2.0000000    0.0000   5839.198 0.014    3.5    3.1 -2.10 -0.073  40   0 15:54:01     44587.66145    0.0000  2022/02/27
 0.0000000   2.0000000    0.0000   5839.196 0.013    3.3    3.7 -2.09 -0.073  40   0 15:54:45     44587.66196    0.0000  2022/02/27
 0.0000000   2.0000000    0.0000   5839.197 0.016    2.9    3.6 -2.09 -0.073  40   0 15:55:29     44587.66247    0.0000  2022/02/27
 0.0000000   2.0999999    0.0000   5827.295 0.019    2.6    1.9 -2.08 -0.071  40   0 16:08:39     44587.67160    0.0000  2022/02/27
 0.0000000   2.0999999    0.0000   5827.293 0.012    3.2    2.1 -2.08 -0.071  40   0 16:09:28     44587.67216    0.0000  2022/02/27
 0.0000000   2.0999999    0.0000   5827.298 0.017    3.7    1.8 -2.06 -0.071  40   0 16:10:12     44587.67267    0.0000  2022/02/27
 0.0000000   2.0999999    0.0000   5827.296 0.024    3.6    1.7 -2.05 -0.071  40   0 16:10:56     44587.67318    0.0000  2022/02/27
 0.0000000   2.0999999    0.0000   5827.297 0.014    4.0    1.3 -2.04 -0.071  40   0 16:11:40     44587.67369    0.0000  2022/02/27
 0.0000000   2.0000000    0.0000   5839.195 0.016   -3.5   -2.2 -2.13 -0.069  40   0 16:21:30     44587.68051    0.0000  2022/02/27
 0.0000000   2.0000000    0.0000   5839.196 0.016   -3.5   -1.1 -2.12 -0.069  40   0 16:22:19     44587.68107    0.0000  2022/02/27
 0.0000000   2.0000000    0.0000   5839.195 0.014   -4.1   -0.9 -2.11 -0.068  40   0 16:23:03     44587.68158    0.0000  2022/02/27
 0.0000000   2.0000000    0.0000   5839.195 0.021   -4.6   -1.1 -2.11 -0.068  40   0 16:23:47     44587.68209    0.0000  2022/02/27
 0.0000000  10.0000000    0.0000   5837.680 0.020   -8.6   -1.2 -2.28 -0.065  40   0 16:35:33     44587.69025    0.0000  2022/02/27
 0.0000000  10.0000000    0.0000   5837.683 0.018   -9.4   -1.5 -2.11 -0.065  40   0 16:36:22     44587.69081    0.0000  2022/02/27
 0.0000000  10.0000000    0.0000   5837.683 0.012   -9.9   -1.9 -1.97 -0.065  40   0 16:37:06     44587.69132    0.0000  2022/02/27
 0.0000000  10.0000000    0.0000   5837.685 0.015  -10.3   -2.2 -1.92 -0.065  40   0 16:37:50     44587.69183    0.0000  2022/02/27
 -0.000  ,0   ,0.000   ,     0.000,   0.000,-192,65514,  -1.#QO,   0.000,0.000   ,0.000   ,-0.000  ,1.733   