
/	CG-5 SURVEY
/	Survey name:   	geoken.
/	Instrument S/N:	49459
/	Client:        	GEOKEN..
/	Operator:      	geoken..
/	Date:          	2022/ 2/27
/	Time:          	16:52:16
/	LONG:        	77.1000000 E
/	LAT:         	43.7000000 N
/	ZONE:        	43      
/	GMT DIFF.:   	-6.0

/	CG-5 SETUP PARAMETERS
/	Gref:			1500.000
/	Gcal1:		8925.088
/	TiltxS:		655.885 
/	TiltyS:		638.389 
/	TiltxO:		14.834  
/	TiltyO:		-19.702 
/	Tempco:		-0.121  
/	Drift:		0.466   
/	DriftTime Start:	16:52:17
/	DriftDate Start:	2022/02/27

/	CG-5 OPTIONS
/	Tide Correction:    YES
/	Cont. Tilt:         YES
/	Auto Rejection:     YES
/	Terrain Corr.:       NO
/	Seismic Filter:     YES
/	Raw Data:            NO
Line	   0.000S
/------LINE-----STATION-----ALT.------GRAV.---SD.--TILTX--TILTY-TEMP---TIDE---DUR-REJ-----TIME----DEC.TIME+DATE--TERRAIN---DATE
 0.0000000  10.0000000    0.0000   5838.101 0.017   -3.5   -1.4 -1.04 -0.089  40   0 08:22:17     44588.34825    0.0000  2022/02/28
 0.0000000  10.0000000    0.0000   5838.100 0.019   -3.5   -1.3 -0.96 -0.089  40   1 08:23:06     44588.34882    0.0000  2022/02/28
 0.0000000  10.0000000    0.0000   5838.103 0.018   -3.5   -1.2 -0.83 -0.089  40   0 08:23:50     44588.34932    0.0000  2022/02/28
 0.0000000  10.0000000    0.0000   5838.103 0.023   -3.6   -1.2 -0.80 -0.089  40   0 08:24:34     44588.34983    0.0000  2022/02/28
 0.0000000   2.0000000    0.0000   5839.625 0.016    9.0    2.1 -2.09 -0.083  40   0 08:45:07     44588.36408    0.0000  2022/02/28
 0.0000000   2.0000000    0.0000   5839.625 0.018   11.1    2.8 -2.06 -0.082  40   0 08:45:56     44588.36465    0.0000  2022/02/28
 0.0000000   2.0000000    0.0000   5839.625 0.013    4.8   15.2 -2.09 -0.082  40  15 08:46:40     44588.36516    0.0000  2022/02/28
 0.0000000   2.0000000    0.0000   5839.625 0.015   11.8   14.9 -2.16 -0.082  40  21 08:47:24     44588.36566    0.0000  2022/02/28
 0.0000000   1.0000000    0.0000   5857.715 0.011    2.5   -4.1 -1.87 -0.077  40   0 09:02:57     44588.37645    0.0000  2022/02/28
 0.0000000   1.0000000    0.0000   5857.717 0.018    3.3   -4.3 -1.89 -0.077  40   0 09:03:46     44588.37701    0.0000  2022/02/28
 0.0000000   1.0000000    0.0000   5857.715 0.015    4.4   -5.1 -1.92 -0.077  40   0 09:04:30     44588.37752    0.0000  2022/02/28
 0.0000000   1.0000000    0.0000   5857.716 0.018    5.5   -5.9 -1.92 -0.077  40   0 09:05:14     44588.37803    0.0000  2022/02/28
 0.0000000   2.0000000    0.0000   5839.627 0.018    6.2    6.3 -1.74 -0.072  40   0 09:18:51     44588.38747    0.0000  2022/02/28
 0.0000000   2.0000000    0.0000   5839.627 0.010    7.1    7.1 -1.69 -0.072  40   0 09:19:40     44588.38804    0.0000  2022/02/28
 0.0000000   2.0000000    0.0000   5839.629 0.022    7.9    7.4 -1.67 -0.072  40   0 09:20:24     44588.38854    0.0000  2022/02/28
 0.0000000   2.0000000    0.0000   5839.627 0.015    8.0    7.6 -1.70 -0.072  40   0 09:21:08     44588.38905    0.0000  2022/02/28
 0.0000000   1.0000000    0.0000   5857.716 0.010    0.7    2.0 -1.38 -0.067  40   0 09:37:03     44588.40009    0.0000  2022/02/28
 0.0000000   1.0000000    0.0000   5857.718 0.017    0.9    2.5 -1.37 -0.066  40   0 09:37:52     44588.40065    0.0000  2022/02/28
 0.0000000   1.0000000    0.0000   5857.718 0.018    1.6    2.6 -1.38 -0.066  40   0 09:38:36     44588.40116    0.0000  2022/02/28
 0.0000000   1.0000000    0.0000   5857.719 0.012    2.4    2.3 -1.39 -0.066  40   0 09:39:20     44588.40167    0.0000  2022/02/28
 0.0000000   2.0000000    0.0000   5839.627 0.013   -1.0    2.7 -1.16 -0.061  40   0 09:56:49     44588.41379    0.0000  2022/02/28
 0.0000000   2.0000000    0.0000   5839.626 0.012   -0.4    4.1 -1.13 -0.061  40   0 09:57:38     44588.41436    0.0000  2022/02/28
 0.0000000   2.0000000    0.0000   5839.628 0.012   -0.3    4.9 -1.09 -0.061  40   4 09:58:22     44588.41487    0.0000  2022/02/28
 0.0000000   2.0000000    0.0000   5839.629 0.014    0.2    5.2 -1.07 -0.060  40   0 09:59:06     44588.41538    0.0000  2022/02/28
 0.0000000   2.0999999    0.0000   5827.724 0.017    6.5    0.0 -0.97 -0.056  40   0 10:16:26     44588.42739    0.0000  2022/02/28
 0.0000000   2.0999999    0.0000   5827.724 0.017    6.9    0.8 -0.97 -0.055  40   0 10:17:15     44588.42796    0.0000  2022/02/28
 0.0000000   2.0999999    0.0000   5827.724 0.017    7.4    1.0 -0.99 -0.055  40   0 10:17:59     44588.42847    0.0000  2022/02/28
 0.0000000   2.0999999    0.0000   5827.725 0.015    8.0    1.1 -1.00 -0.055  40   0 10:18:43     44588.42898    0.0000  2022/02/28
 0.0000000   2.0000000    0.0000   5839.622 0.013    2.8   -0.1 -1.05 -0.052  40   0 10:30:30     44588.43715    0.0000  2022/02/28
 0.0000000   2.0000000    0.0000   5839.622 0.012    3.0    0.7 -1.06 -0.052  40   0 10:31:19     44588.43771    0.0000  2022/02/28
 0.0000000   2.0000000    0.0000   5839.624 0.012    2.9    0.9 -1.05 -0.052  40   0 10:32:03     44588.43822    0.0000  2022/02/28
 0.0000000   2.0000000    0.0000   5839.622 0.014    2.5    0.8 -1.03 -0.051  40   0 10:32:47     44588.43873    0.0000  2022/02/28
 0.0000000   2.0999999    0.0000   5827.721 0.025   -1.7    3.5 -1.05 -0.049  40   0 10:45:26     44588.44750    0.0000  2022/02/28
 0.0000000   2.0999999    0.0000   5827.723 0.016   -1.5    4.1 -1.01 -0.049  40   0 10:46:15     44588.44807    0.0000  2022/02/28
 0.0000000   2.0999999    0.0000   5827.725 0.020   -1.6    4.4 -0.99 -0.048  40   0 10:46:59     44588.44858    0.0000  2022/02/28
 0.0000000   2.0999999    0.0000   5827.725 0.019   -1.9    4.4 -0.98 -0.048  40   0 10:47:43     44588.44908    0.0000  2022/02/28
 0.0000000   3.0000000    0.0000   5815.982 0.023   -1.9    3.0 -1.01 -0.046  40   0 10:59:58     44588.45758    0.0000  2022/02/28
 0.0000000   3.0000000    0.0000   5815.981 0.022   -2.3    3.6 -0.99 -0.046  40   0 11:00:47     44588.45814    0.0000  2022/02/28
 0.0000000   3.0000000    0.0000   5815.981 0.017   -3.2    3.7 -0.99 -0.046  40   0 11:01:31     44588.45865    0.0000  2022/02/28
 0.0000000   3.0000000    0.0000   5815.984 0.021   -3.3    3.6 -0.98 -0.046  40   0 11:02:15     44588.45916    0.0000  2022/02/28
 0.0000000   2.0999999    0.0000   5827.724 0.019   -2.3    5.4 -1.02 -0.044  40   0 11:15:07     44588.46808    0.0000  2022/02/28
 0.0000000   2.0999999    0.0000   5827.734 0.020   -2.7    5.7 -1.02 -0.044  40   0 11:15:56     44588.46865    0.0000  2022/02/28
 0.0000000   2.0999999    0.0000   5827.724 0.013   -2.9    5.6 -1.01 -0.044  40   0 11:16:40     44588.46916    0.0000  2022/02/28
 0.0000000   2.0999999    0.0000   5827.723 0.014   -3.1    5.5 -1.00 -0.044  40   0 11:17:24     44588.46966    0.0000  2022/02/28
 0.0000000   2.0999999    0.0000   5827.725 0.023   -3.4    5.3 -0.98 -0.044  40   0 11:18:08     44588.47017    0.0000  2022/02/28
 0.0000000   3.0000000    0.0000   5815.982 0.019    0.3    2.8 -0.98 -0.043  40   0 11:26:34     44588.47602    0.0000  2022/02/28
 0.0000000   3.0000000    0.0000   5815.983 0.018    0.2    3.3 -0.96 -0.043  40   0 11:27:23     44588.47659    0.0000  2022/02/28
 0.0000000   3.0000000    0.0000   5815.982 0.018    0.0    3.5 -0.95 -0.043  40   0 11:28:07     44588.47709    0.0000  2022/02/28
 0.0000000   3.0000000    0.0000   5815.983 0.015    0.0    3.4 -0.95 -0.042  40   0 11:28:51     44588.47760    0.0000  2022/02/28
 0.0000000   4.0000000    0.0000   5795.007 0.021    0.5    1.2 -0.94 -0.042  40   0 11:39:42     44588.48513    0.0000  2022/02/28
 0.0000000   4.0000000    0.0000   5795.007 0.024    0.1    2.7 -0.91 -0.042  40   0 11:40:31     44588.48569    0.0000  2022/02/28
 0.0000000   4.0000000    0.0000   5795.009 0.042    0.0    3.4 -0.90 -0.042  40   0 11:41:15     44588.48620    0.0000  2022/02/28
 0.0000000   4.0000000    0.0000   5795.010 0.022    0.6    3.9 -0.88 -0.042  40   0 11:42:52     44588.48732    0.0000  2022/02/28
 0.0000000   4.0000000    0.0000   5795.010 0.027   -1.1    4.0 -0.87 -0.042  40   0 11:43:41     44588.48789    0.0000  2022/02/28
 0.0000000   3.0000000    0.0000   5815.977 0.018   -5.0    5.0 -1.02 -0.041  40   0 11:54:24     44588.49532    0.0000  2022/02/28
 0.0000000   3.0000000    0.0000   5815.977 0.018   -4.5    5.8 -1.02 -0.041  40   0 11:55:13     44588.49588    0.0000  2022/02/28
 0.0000000   3.0000000    0.0000   5815.979 0.015   -4.4    5.8 -1.01 -0.041  40   0 11:55:57     44588.49639    0.0000  2022/02/28
 0.0000000   3.0000000    0.0000   5815.977 0.022   -4.4    5.7 -1.01 -0.041  40   0 11:56:41     44588.49690    0.0000  2022/02/28
 0.0000000   4.0000000    0.0000   5795.003 0.022   -5.1    1.2 -1.13 -0.041  40   0 12:06:59     44588.50404    0.0000  2022/02/28
 0.0000000   4.0000000    0.0000   5795.004 0.023   -8.2    2.4 -1.11 -0.041  40   0 12:07:48     44588.50461    0.0000  2022/02/28
 0.0000000   4.0000000    0.0000   5795.003 0.018  -11.1    3.5 -1.09 -0.041  40   0 12:08:32     44588.50512    0.0000  2022/02/28
 0.0000000   4.0000000    0.0000   5795.004 0.021  -13.3    4.1 -1.10 -0.041  40   0 12:09:16     44588.50562    0.0000  2022/02/28
 0.0000000   5.0000000    0.0000   5776.863 0.024   -3.5   -1.2 -1.63 -0.042  40   0 12:27:00     44588.51792    0.0000  2022/02/28
 0.0000000   5.0000000    0.0000   5776.864 0.028   -3.6   -1.1 -1.63 -0.043  40   0 12:27:49     44588.51849    0.0000  2022/02/28
 0.0000000   5.0000000    0.0000   5776.867 0.020   -2.8   -1.1 -1.61 -0.043  40   0 12:28:33     44588.51899    0.0000  2022/02/28
 0.0000000   5.0000000    0.0000   5776.868 0.017   -3.2   -1.3 -1.59 -0.043  40   0 12:29:17     44588.51950    0.0000  2022/02/28
 0.0000000   4.0000000    0.0000   5794.999 0.020    1.3    5.1 -1.73 -0.044  40   0 12:40:45     44588.52745    0.0000  2022/02/28
 0.0000000   4.0000000    0.0000   5795.001 0.020   -0.6    6.4 -1.70 -0.044  40   0 12:41:34     44588.52802    0.0000  2022/02/28
 0.0000000   4.0000000    0.0000   5795.001 0.018   -2.8    7.2 -1.70 -0.044  40   0 12:42:18     44588.52853    0.0000  2022/02/28
 0.0000000   4.0000000    0.0000   5795.000 0.017   -4.4    7.5 -1.72 -0.044  40   0 12:43:02     44588.52904    0.0000  2022/02/28
 0.0000000   5.0000000    0.0000   5776.875 0.021   -1.3   -2.8 -1.78 -0.046  40   0 12:54:11     44588.53677    0.0000  2022/02/28
 0.0000000   5.0000000    0.0000   5776.875 0.019   -0.5   -2.2 -1.79 -0.046  40   0 12:55:00     44588.53733    0.0000  2022/02/28
 0.0000000   5.0000000    0.0000   5776.874 0.022   -0.4   -2.5 -1.82 -0.046  40   0 12:55:44     44588.53784    0.0000  2022/02/28
 0.0000000   5.0000000    0.0000   5776.873 0.018    0.0   -2.6 -1.85 -0.046  40   0 12:56:28     44588.53835    0.0000  2022/02/28
 0.0000000   6.0000000    0.0000   5756.820 0.027   -1.4   -0.5 -2.00 -0.048  40   0 13:08:21     44588.54659    0.0000  2022/02/28
 0.0000000   6.0000000    0.0000   5756.830 0.045   -1.3   -0.1 -2.02 -0.048  40  17 13:09:10     44588.54716    0.0000  2022/02/28
 0.0000000   6.0000000    0.0000   5756.825 0.022   -1.2    0.0 -2.00 -0.048  40   0 13:09:54     44588.54766    0.0000  2022/02/28
 0.0000000   6.0000000    0.0000   5756.825 0.027   -1.5    0.0 -1.96 -0.048  40   0 13:10:38     44588.54817    0.0000  2022/02/28
 0.0000000   6.0000000    0.0000   5756.823 0.023   -1.6   -0.4 -1.94 -0.049  40   0 13:11:22     44588.54868    0.0000  2022/02/28
 0.0000000   5.0000000    0.0000   5776.880 0.028    8.2    2.7 -1.91 -0.051  40   0 13:24:55     44588.55808    0.0000  2022/02/28
 0.0000000   5.0000000    0.0000   5776.873 0.045    8.8    3.1 -1.94 -0.052  40   0 13:25:44     44588.55864    0.0000  2022/02/28
 0.0000000   5.0000000    0.0000   5776.878 0.037    9.4    3.2 -1.95 -0.052  40   0 13:26:28     44588.55915    0.0000  2022/02/28
 0.0000000   5.0000000    0.0000   5776.879 0.028    9.6    3.3 -1.93 -0.052  40   0 13:27:12     44588.55966    0.0000  2022/02/28
 0.0000000   5.0000000    0.0000   5776.873 0.030   10.0    3.0 -1.89 -0.052  40   0 13:27:56     44588.56017    0.0000  2022/02/28
 0.0000000   5.0000000    0.0000   5776.879 0.023    9.8    2.6 -1.89 -0.052  40   0 13:28:40     44588.56068    0.0000  2022/02/28
 0.0000000   6.0000000    0.0000   5756.826 0.030    5.6    0.9 -1.87 -0.055  40   0 13:40:30     44588.56888    0.0000  2022/02/28
 0.0000000   6.0000000    0.0000   5756.827 0.029    5.8    1.0 -1.84 -0.055  40   0 13:41:19     44588.56945    0.0000  2022/02/28
 0.0000000   6.0000000    0.0000   5756.828 0.023    5.9    1.0 -1.85 -0.055  40   0 13:42:03     44588.56995    0.0000  2022/02/28
 0.0000000   6.0000000    0.0000   5756.831 0.026    5.8    0.9 -1.87 -0.055  40   0 13:42:47     44588.57046    0.0000  2022/02/28
 0.0000000   5.0000000    0.0000   5776.877 0.026    2.8    4.5 -1.91 -0.059  40   0 13:55:46     44588.57946    0.0000  2022/02/28
 0.0000000   5.0000000    0.0000   5776.882 0.029    3.1    5.1 -1.90 -0.059  40   0 13:56:35     44588.58003    0.0000  2022/02/28
 0.0000000   5.0000000    0.0000   5776.883 0.030    3.9    5.2 -1.87 -0.059  40   0 13:57:19     44588.58054    0.0000  2022/02/28
 0.0000000   5.0000000    0.0000   5776.883 0.028    4.2    5.1 -1.84 -0.059  40   0 13:58:03     44588.58105    0.0000  2022/02/28
 0.0000000   5.0000000    0.0000   5776.883 0.025    4.3    4.9 -1.84 -0.059  40   0 13:58:47     44588.58156    0.0000  2022/02/28
 0.0000000   4.0000000    0.0000   5795.009 0.024   -0.5    0.1 -1.89 -0.062  40   0 14:08:17     44588.58814    0.0000  2022/02/28
 0.0000000   4.0000000    0.0000   5795.011 0.025    0.2    1.2 -1.90 -0.062  40   0 14:09:06     44588.58871    0.0000  2022/02/28
 0.0000000   4.0000000    0.0000   5795.009 0.023    0.2    2.0 -1.87 -0.062  40   0 14:09:50     44588.58922    0.0000  2022/02/28
 0.0000000   4.0000000    0.0000   5795.010 0.021    0.6    2.7 -1.84 -0.062  40   1 14:10:34     44588.58973    0.0000  2022/02/28
 0.0000000   5.0000000    0.0000   5776.882 0.032   -0.2   -1.9 -2.06 -0.066  40   0 14:23:35     44588.59875    0.0000  2022/02/28
 0.0000000   5.0000000    0.0000   5776.884 0.027   -0.5   -1.6 -2.09 -0.066  40   0 14:24:24     44588.59932    0.0000  2022/02/28
 0.0000000   5.0000000    0.0000   5776.885 0.018   -0.7   -1.5 -2.12 -0.066  40   0 14:25:08     44588.59983    0.0000  2022/02/28
 0.0000000   5.0000000    0.0000   5776.883 0.016   -0.5   -1.8 -2.13 -0.066  40   0 14:25:52     44588.60033    0.0000  2022/02/28
 0.0000000   4.0000000    0.0000   5795.009 0.023    0.0   -1.5 -2.42 -0.069  40   0 14:38:19     44588.60897    0.0000  2022/02/28
 0.0000000   4.0000000    0.0000   5795.011 0.021    0.7   -0.6 -2.38 -0.070  40   0 14:39:08     44588.60953    0.0000  2022/02/28
 0.0000000   4.0000000    0.0000   5795.009 0.029    1.2   -0.1 -2.35 -0.070  40   0 14:39:52     44588.61004    0.0000  2022/02/28
 0.0000000   4.0000000    0.0000   5795.012 0.036    1.3    0.0 -2.36 -0.070  40   2 14:40:36     44588.61055    0.0000  2022/02/28
 0.0000000   4.0000000    0.0000   5795.013 0.020    1.6    0.1 -2.40 -0.070  40   2 14:41:20     44588.61106    0.0000  2022/02/28
 0.0000000   3.0000000    0.0000   5815.978 0.022    3.2   -1.7 -2.60 -0.073  40   0 14:53:04     44588.61919    0.0000  2022/02/28
 0.0000000   3.0000000    0.0000   5815.978 0.023    3.8   -1.1 -2.64 -0.073  40   0 14:53:53     44588.61976    0.0000  2022/02/28
 0.0000000   3.0000000    0.0000   5815.979 0.016    3.7   -1.0 -2.66 -0.073  40   0 14:54:37     44588.62027    0.0000  2022/02/28
 0.0000000   3.0000000    0.0000   5815.980 0.018    4.1   -1.1 -2.64 -0.074  40  10 14:55:21     44588.62078    0.0000  2022/02/28
 0.0000000   4.0000000    0.0000   5795.012 0.046    3.2   -1.5 -2.81 -0.076  40   0 15:06:07     44588.62824    0.0000  2022/02/28
 0.0000000   4.0000000    0.0000   5795.012 0.043    3.2   -0.7 -2.81 -0.076  40   0 15:06:56     44588.62881    0.0000  2022/02/28
 0.0000000   4.0000000    0.0000   5795.010 0.031    2.6   -0.5 -2.77 -0.077  40   0 15:07:40     44588.62932    0.0000  2022/02/28
 0.0000000   4.0000000    0.0000   5795.012 0.045    3.2   -0.2 -2.73 -0.077  40   0 15:08:24     44588.62982    0.0000  2022/02/28
 0.0000000   3.0000000    0.0000   5815.981 0.021   -3.0    2.5 -2.75 -0.079  40   0 15:20:16     44588.63805    0.0000  2022/02/28
 0.0000000   3.0000000    0.0000   5815.982 0.020   -3.2    1.9 -2.75 -0.079  40   0 15:21:05     44588.63862    0.0000  2022/02/28
 0.0000000   3.0000000    0.0000   5815.983 0.024   -2.8    1.5 -2.80 -0.079  40   0 15:21:49     44588.63913    0.0000  2022/02/28
 0.0000000   3.0000000    0.0000   5815.981 0.025   -2.1    0.9 -2.85 -0.079  40   1 15:22:33     44588.63963    0.0000  2022/02/28
 0.0000000   2.0999999    0.0000   5827.723 0.021    7.5    4.5 -2.97 -0.081  40   0 15:30:28     44588.64512    0.0000  2022/02/28
 0.0000000   2.0999999    0.0000   5827.724 0.012    7.6    5.2 -2.97 -0.081  40   0 15:31:17     44588.64569    0.0000  2022/02/28
 0.0000000   2.0999999    0.0000   5827.724 0.019    7.6    5.7 -2.92 -0.081  40   0 15:32:01     44588.64620    0.0000  2022/02/28
 0.0000000   2.0999999    0.0000   5827.726 0.019    7.3    5.7 -2.87 -0.081  40   0 15:32:45     44588.64671    0.0000  2022/02/28
 0.0000000   3.0000000    0.0000   5815.983 0.019   -5.6    4.8 -2.82 -0.083  40   0 15:42:03     44588.65315    0.0000  2022/02/28
 0.0000000   3.0000000    0.0000   5815.986 0.015   -6.2    5.6 -2.84 -0.083  40   0 15:42:52     44588.65372    0.0000  2022/02/28
 0.0000000   3.0000000    0.0000   5815.989 0.013   -6.4    5.9 -2.84 -0.083  40   0 15:43:36     44588.65423    0.0000  2022/02/28
 0.0000000   3.0000000    0.0000   5815.987 0.016   -6.8    6.1 -2.78 -0.083  40   0 15:44:20     44588.65474    0.0000  2022/02/28
 0.0000000   3.0000000    0.0000   5815.987 0.016   -6.9    6.2 -2.72 -0.083  40   0 15:45:04     44588.65525    0.0000  2022/02/28
 0.0000000   2.0999999    0.0000   5827.725 0.018    1.0    1.3 -2.60 -0.084  40   0 15:53:25     44588.66104    0.0000  2022/02/28
 0.0000000   2.0999999    0.0000   5827.725 0.015    1.2    1.5 -2.58 -0.084  40   0 15:54:14     44588.66160    0.0000  2022/02/28
 0.0000000   2.0999999    0.0000   5827.726 0.023    1.1    1.4 -2.61 -0.085  40   0 15:54:58     44588.66211    0.0000  2022/02/28
 0.0000000   2.0999999    0.0000   5827.726 0.021    1.0    1.2 -2.63 -0.085  40   0 15:55:42     44588.66262    0.0000  2022/02/28
 0.0000000   2.0000000    0.0000   5839.624 0.013   -4.4    1.3 -2.47 -0.086  40   0 16:06:40     44588.67022    0.0000  2022/02/28
 0.0000000   2.0000000    0.0000   5839.625 0.013   -4.4    1.8 -2.49 -0.086  40   0 16:07:29     44588.67079    0.0000  2022/02/28
 0.0000000   2.0000000    0.0000   5839.625 0.017   -4.7    1.6 -2.51 -0.086  40   0 16:08:13     44588.67130    0.0000  2022/02/28
 0.0000000   2.0000000    0.0000   5839.624 0.014   -5.1    1.4 -2.49 -0.086  40   0 16:08:57     44588.67181    0.0000  2022/02/28
 0.0000000   2.0999999    0.0000   5827.721 0.017    5.2    2.6 -2.39 -0.086  40   0 16:18:48     44588.67863    0.0000  2022/02/28
 0.0000000   2.0999999    0.0000   5827.722 0.019    5.6    3.3 -2.39 -0.086  40   0 16:19:37     44588.67920    0.0000  2022/02/28
 0.0000000   2.0999999    0.0000   5827.725 0.020    7.5    3.8 -2.42 -0.086  40   0 16:20:21     44588.67971    0.0000  2022/02/28
 0.0000000   2.0999999    0.0000   5827.722 0.013    7.4    3.7 -2.42 -0.086  40   0 16:21:05     44588.68022    0.0000  2022/02/28
 0.0000000   2.0000000    0.0000   5839.618 0.016   -3.8    1.6 -2.47 -0.086  40   0 16:29:05     44588.68576    0.0000  2022/02/28
 0.0000000   2.0000000    0.0000   5839.619 0.013   -3.9    2.6 -2.45 -0.086  40   0 16:29:54     44588.68633    0.0000  2022/02/28
 0.0000000   2.0000000    0.0000   5839.622 0.014   -4.3    3.1 -2.41 -0.086  40   0 16:30:38     44588.68684    0.0000  2022/02/28
 0.0000000   2.0000000    0.0000   5839.620 0.020   -4.6    3.2 -2.38 -0.086  40   0 16:31:22     44588.68735    0.0000  2022/02/28
 0.0000000  10.0000000    0.0000   5838.107 0.013   -8.9   -2.5 -2.29 -0.086  40   1 16:45:54     44588.69742    0.0000  2022/02/28
 0.0000000  10.0000000    0.0000   5838.108 0.014   -9.5   -2.9 -2.08 -0.086  40   0 16:46:43     44588.69799    0.0000  2022/02/28
 0.0000000  10.0000000    0.0000   5838.109 0.018   -9.7   -3.2 -1.91 -0.086  40   0 16:47:27     44588.69850    0.0000  2022/02/28
 0.0000000  10.0000000    0.0000   5838.109 0.017  -10.1   -3.3 -1.88 -0.085  40   0 16:48:11     44588.69901    0.0000  2022/02/28
 0.000   ,0   ,0.000   ,     0.000,   0.000,-188,65503,  -1.#QO,   0.000,0.000   ,0.000   ,-0.000  ,1.733   