
/	CG-5 SURVEY
/	Survey name:   	geoken..
/	Instrument S/N:	40824
/	Client:        	GEOKEN...
/	Operator:      	geoken...
/	Date:          	2022/ 3/28
/	Time:          	15:13:24
/	LONG:        	77.1000000 E
/	LAT:         	43.7000000 N
/	ZONE:        	43      
/	GMT DIFF.:   	-6.0

/	CG-5 SETUP PARAMETERS
/	Gref:			0.000   
/	Gcal1:		8400.551
/	TiltxS:		617.512 
/	TiltyS:		666.795 
/	TiltxO:		-89.703 
/	TiltyO:		60.332  
/	Tempco:		-0.130  
/	Drift:		0.511   
/	DriftTime Start:	15:13:25
/	DriftDate Start:	2022/03/28

/	CG-5 OPTIONS
/	Tide Correction:    YES
/	Cont. Tilt:         YES
/	Auto Rejection:     YES
/	Terrain Corr.:       NO
/	Seismic Filter:     YES
/	Raw Data:            NO
Line	   0.000S
/------LINE-----STATION-----ALT.------GRAV.---SD.--TILTX--TILTY-TEMP---TIDE---DUR-REJ-----TIME----DEC.TIME+DATE--TERRAIN---DATE
 0.0000000  10.0000000    0.0000   5506.596 0.017    1.6   -2.6 -1.65 -0.058  40   0 08:31:35     44620.35470    0.0000  2022/03/29
 0.0000000  10.0000000    0.0000   5506.597 0.013    1.7   -2.6 -1.65 -0.058  40   0 08:32:24     44620.35526    0.0000  2022/03/29
 0.0000000  10.0000000    0.0000   5506.597 0.013    1.7   -2.7 -1.65 -0.057  40   3 08:33:08     44620.35577    0.0000  2022/03/29
 0.0000000  10.0000000    0.0000   5506.595 0.037    2.3   -2.4 -1.65 -0.049  40   0 08:52:52     44620.36945    0.0000  2022/03/29
 0.0000000  10.0000000    0.0000   5506.595 0.019    2.3   -2.4 -1.65 -0.048  40   0 08:53:41     44620.37002    0.0000  2022/03/29
 0.0000000  10.0000000    0.0000   5506.595 0.017    2.4   -2.4 -1.64 -0.048  40   0 08:54:25     44620.37053    0.0000  2022/03/29
 0.0000000   2.0000000    0.0000   5508.107 0.044    2.4   -4.4 -1.62 -0.031  40   0 09:33:55     44620.39792    0.0000  2022/03/29
 0.0000000   2.0000000    0.0000   5508.104 0.048    2.6   -4.7 -1.62 -0.031  40   0 09:34:44     44620.39848    0.0000  2022/03/29
 0.0000000   2.0000000    0.0000   5508.108 0.071    2.3   -5.0 -1.62 -0.031  40   0 09:35:28     44620.39899    0.0000  2022/03/29
 0.0000000   2.0000000    0.0000   5508.105 0.060    2.6   -5.1 -1.63 -0.031  40   0 09:36:12     44620.39950    0.0000  2022/03/29
 0.0000000   1.0000000    0.0000   5526.216 0.093   -7.9   -2.8 -1.53 -0.019  40   3 10:08:43     44620.42204    0.0000  2022/03/29
 0.0000000   1.0000000    0.0000   5526.202 0.074   -7.7   -3.6 -1.54 -0.019  40   0 10:09:32     44620.42261    0.0000  2022/03/29
 0.0000000   1.0000000    0.0000   5526.210 0.089   -8.3   -4.0 -1.55 -0.019  40   0 10:10:16     44620.42312    0.0000  2022/03/29
 0.0000000   1.0000000    0.0000   5526.214 0.096   -7.1   -3.5 -1.56 -0.018  40   5 10:11:00     44620.42363    0.0000  2022/03/29
 0.0000000   1.0000000    0.0000   5526.204 0.085   -6.2   -2.6 -1.56 -0.018  40   2 10:11:44     44620.42414    0.0000  2022/03/29
 0.0000000   1.0000000    0.0000   5526.210 0.091   -6.2   -3.2 -1.57 -0.018  40   1 10:12:28     44620.42464    0.0000  2022/03/29
 0.0000000   1.0000000    0.0000   5526.206 0.059   -9.2   -5.4 -1.58 -0.018  40   5 10:13:12     44620.42515    0.0000  2022/03/29
 0.0000000   1.0000000    0.0000   5526.209 0.059  -11.2   -6.2 -1.58 -0.017  40  10 10:13:56     44620.42566    0.0000  2022/03/29
 0.0000000   1.0000000    0.0000   5526.305 0.203    5.3    9.6 -1.59 -0.017  40   6 10:14:40     44620.42617    0.0000  2022/03/29
 0.0000000   1.0000000    0.0000   5526.287 0.169    6.0   11.6 -1.60 -0.017   7   0 10:15:25     44620.42669    0.0000  2022/03/29
 0.0000000   2.0000000    0.0000   5508.101 0.012   -0.1   -0.3 -1.57 -0.008  40   0 10:55:53     44620.45475    0.0000  2022/03/29
 0.0000000   2.0000000    0.0000   5508.101 0.013   -0.1   -0.5 -1.57 -0.007  40   0 10:56:42     44620.45531    0.0000  2022/03/29
 0.0000000   2.0000000    0.0000   5508.098 0.020   -0.1   -0.5 -1.58 -0.007  40   1 10:57:26     44620.45582    0.0000  2022/03/29
 0.0000000   2.0000000    0.0000   5508.101 0.018    0.0   -0.6 -1.59 -0.007  40   0 10:58:10     44620.45633    0.0000  2022/03/29
 0.0000000   1.0000000    0.0000   5526.195 0.048   -1.7   -6.6 -1.38 -0.004  40   1 11:26:05     44620.47568    0.0000  2022/03/29
 0.0000000   1.0000000    0.0000   5526.199 0.044   -1.9   -7.0 -1.38 -0.004  40   3 11:26:54     44620.47625    0.0000  2022/03/29
 0.0000000   1.0000000    0.0000   5526.194 0.033   -2.2   -7.1 -1.39 -0.004  40   1 11:27:38     44620.47676    0.0000  2022/03/29
 0.0000000   1.0000000    0.0000   5526.196 0.064   -3.0   -7.8 -1.40 -0.004  40   4 11:28:22     44620.47727    0.0000  2022/03/29
 0.0000000   1.0000000    0.0000   5526.195 0.044   -3.5   -7.8 -1.40 -0.004  40   0 11:29:06     44620.47778    0.0000  2022/03/29
 0.0000000   1.0000000    0.0000   5526.193 0.053   -4.0   -8.5 -1.42 -0.004  40   4 11:29:50     44620.47828    0.0000  2022/03/29
 0.0000000   2.0000000    0.0000   5508.100 0.015    3.3   -1.7 -1.50 -0.004  40   1 11:54:57     44620.49570    0.0000  2022/03/29
 0.0000000   2.0000000    0.0000   5508.101 0.025    3.4   -1.9 -1.50 -0.004  40   0 11:55:46     44620.49626    0.0000  2022/03/29
 0.0000000   2.0000000    0.0000   5508.100 0.015    3.3   -1.9 -1.51 -0.004  40   0 11:56:30     44620.49677    0.0000  2022/03/29
 0.0000000   2.0000000    0.0000   5508.099 0.015    3.4   -2.1 -1.52 -0.004  40   0 11:57:14     44620.49728    0.0000  2022/03/29
 0.0000000   2.0999999    0.0000   5496.198 0.061   -2.8   -0.7 -1.56 -0.006  40   0 12:14:05     44620.50896    0.0000  2022/03/29
 0.0000000   2.0999999    0.0000   5496.198 0.056   -2.8   -1.3 -1.56 -0.006  40   0 12:14:54     44620.50953    0.0000  2022/03/29
 0.0000000   2.0999999    0.0000   5496.199 0.049   -2.8   -1.5 -1.56 -0.006  40   0 12:15:38     44620.51004    0.0000  2022/03/29
 0.0000000   2.0999999    0.0000   5496.197 0.049   -3.0   -1.6 -1.57 -0.006  40   0 12:16:22     44620.51055    0.0000  2022/03/29
 0.0000000   2.0000000    0.0000   5508.104 0.012   11.7   21.9 -1.51 -0.010  40   0 12:42:45     44620.52884    0.0000  2022/03/29
 0.0000000   2.0000000    0.0000   5508.103 0.011   11.8   21.7 -1.52 -0.010  40   0 12:43:34     44620.52941    0.0000  2022/03/29
 0.0000000   2.0000000    0.0000   5508.104 0.010   11.6   21.7 -1.53 -0.011  40   0 12:44:18     44620.52991    0.0000  2022/03/29
 0.0000000   2.0000000    0.0000   5508.103 0.012   11.3   21.5 -1.54 -0.011  40   0 12:45:02     44620.53042    0.0000  2022/03/29
 0.0000000   2.0000000    0.0000   5508.093 0.020   11.4   21.4 -1.55 -0.011  40   1 12:45:46     44620.53093    0.0000  2022/03/29
 0.0000000   2.0999999    0.0000   5496.194 0.046    2.3   -2.0 -1.50 -0.021  40   0 13:22:11     44620.55618    0.0000  2022/03/29
 0.0000000   2.0999999    0.0000   5496.200 0.028    2.6   -2.3 -1.50 -0.021  40  13 13:23:00     44620.55675    0.0000  2022/03/29
 0.0000000   2.0999999    0.0000   5496.201 0.044    4.6   -3.9 -1.51 -0.021  40   9 13:23:44     44620.55726    0.0000  2022/03/29
 0.0000000   2.0999999    0.0000   5496.196 0.034    4.5   -4.0 -1.51 -0.021  40   0 13:24:28     44620.55776    0.0000  2022/03/29
 0.0000000   2.0999999    0.0000   5496.197 0.034    4.2   -4.2 -1.52 -0.021  40   0 13:25:12     44620.55827    0.0000  2022/03/29
 0.0000000   2.0000000    0.0000   5508.101 0.018    1.1   -3.4 -1.55 -0.027  40   2 13:43:16     44620.57080    0.0000  2022/03/29
 0.0000000   2.0000000    0.0000   5508.100 0.018    1.4   -3.3 -1.55 -0.028  40   1 13:44:05     44620.57136    0.0000  2022/03/29
 0.0000000   2.0000000    0.0000   5508.099 0.012    1.6   -3.4 -1.54 -0.028  40   0 13:44:49     44620.57187    0.0000  2022/03/29
 0.0000000   2.0000000    0.0000   5508.100 0.012    1.5   -3.4 -1.54 -0.028  40   1 13:45:33     44620.57238    0.0000  2022/03/29
 0.0000000   2.0999999    0.0000   5496.194 0.044    2.9   -3.3 -1.52 -0.033  40   0 13:59:21     44620.58195    0.0000  2022/03/29
 0.0000000   2.0999999    0.0000   5496.197 0.038    3.2   -3.5 -1.52 -0.033  40   0 14:00:10     44620.58252    0.0000  2022/03/29
 0.0000000   2.0999999    0.0000   5496.194 0.043    3.4   -3.9 -1.51 -0.034  40   0 14:00:54     44620.58302    0.0000  2022/03/29
 0.0000000   2.0999999    0.0000   5496.193 0.038    3.6   -4.4 -1.51 -0.034  40   0 14:01:38     44620.58353    0.0000  2022/03/29
 0.0000000   2.0999999    0.0000   5496.194 0.052    3.7   -4.6 -1.51 -0.034  40   0 14:02:22     44620.58404    0.0000  2022/03/29
 0.0000000   3.0000000    0.0000   5484.447 0.019   -0.4    2.9 -1.50 -0.039  40   1 14:17:10     44620.59430    0.0000  2022/03/29
 0.0000000   3.0000000    0.0000   5484.458 0.035   -0.8    2.6 -1.50 -0.040  40   3 14:17:59     44620.59487    0.0000  2022/03/29
 0.0000000   3.0000000    0.0000   5484.446 0.026   -1.0    2.1 -1.50 -0.040  40   0 14:18:43     44620.59538    0.0000  2022/03/29
 0.0000000   3.0000000    0.0000   5484.442 0.029   -0.9    2.0 -1.50 -0.040  40   2 14:19:27     44620.59589    0.0000  2022/03/29
 0.0000000   3.0000000    0.0000   5484.447 0.027    0.3    1.2 -1.50 -0.040  40   1 14:20:11     44620.59639    0.0000  2022/03/29
 0.0000000   3.0000000    0.0000   5484.446 0.030   -1.2    1.4 -1.50 -0.041  40   4 14:20:55     44620.59690    0.0000  2022/03/29
 0.0000000   2.0999999    0.0000   5496.193 0.026    2.8   -5.5 -1.49 -0.045  40   0 14:34:15     44620.60615    0.0000  2022/03/29
 0.0000000   2.0999999    0.0000   5496.192 0.020    2.8   -6.0 -1.49 -0.046  40   0 14:35:04     44620.60671    0.0000  2022/03/29
 0.0000000   2.0999999    0.0000   5496.191 0.015    2.7   -6.4 -1.49 -0.046  40   0 14:35:48     44620.60722    0.0000  2022/03/29
 0.0000000   2.0999999    0.0000   5496.192 0.016    2.8   -6.7 -1.50 -0.046  40   0 14:36:32     44620.60773    0.0000  2022/03/29
 0.0000000   3.0000000    0.0000   5484.449 0.024    1.0   -2.7 -1.55 -0.050  40   0 14:46:42     44620.61478    0.0000  2022/03/29
 0.0000000   3.0000000    0.0000   5484.449 0.025    1.3   -2.9 -1.55 -0.050  40   0 14:47:31     44620.61534    0.0000  2022/03/29
 0.0000000   3.0000000    0.0000   5484.450 0.052    1.4   -3.1 -1.54 -0.050  40   6 14:48:15     44620.61585    0.0000  2022/03/29
 0.0000000   3.0000000    0.0000   5484.448 0.039    1.0   -3.4 -1.54 -0.051  40   6 14:48:59     44620.61636    0.0000  2022/03/29
 0.0000000   4.0000000    0.0000   5463.470 0.135    3.0    1.3 -1.49 -0.055  40   0 15:00:50     44620.62458    0.0000  2022/03/29
 0.0000000   4.0000000    0.0000   5463.469 0.080    4.6    1.3 -1.49 -0.055  40   0 15:01:39     44620.62514    0.0000  2022/03/29
 0.0000000   4.0000000    0.0000   5463.472 0.061    8.2    1.4 -1.49 -0.055  40   0 15:02:23     44620.62565    0.0000  2022/03/29
 0.0000000   4.0000000    0.0000   5463.468 0.055   11.0    1.3 -1.49 -0.055  40   0 15:03:07     44620.62616    0.0000  2022/03/29
 0.0000000   4.0000000    0.0000   5463.470 0.054   12.2    1.1 -1.49 -0.056  40   0 15:03:51     44620.62667    0.0000  2022/03/29
 0.0000000   3.0000000    0.0000   5484.443 0.031   -1.9    2.4 -1.53 -0.060  40   2 15:16:17     44620.63529    0.0000  2022/03/29
 0.0000000   3.0000000    0.0000   5484.444 0.023   -0.5    1.8 -1.53 -0.060  40   1 15:17:06     44620.63586    0.0000  2022/03/29
 0.0000000   3.0000000    0.0000   5484.441 0.045    0.6    1.4 -1.54 -0.060  40   4 15:17:50     44620.63636    0.0000  2022/03/29
 0.0000000   3.0000000    0.0000   5484.442 0.029    0.9    1.1 -1.54 -0.060  40   2 15:18:34     44620.63687    0.0000  2022/03/29
 0.0000000   3.0000000    0.0000   5484.442 0.029    1.4    1.0 -1.54 -0.061  40   0 15:19:18     44620.63738    0.0000  2022/03/29
 0.0000000   4.0000000    0.0000   5463.464 0.050   -0.4   -1.4 -1.56 -0.064  40   0 15:31:59     44620.64618    0.0000  2022/03/29
 0.0000000   4.0000000    0.0000   5463.465 0.054   -1.0   -2.3 -1.56 -0.064  40   3 15:32:48     44620.64674    0.0000  2022/03/29
 0.0000000   4.0000000    0.0000   5463.466 0.038   -1.1   -3.0 -1.55 -0.064  40   0 15:33:32     44620.64725    0.0000  2022/03/29
 0.0000000   4.0000000    0.0000   5463.471 0.061    6.5   -3.6 -1.55 -0.065  40  13 15:34:16     44620.64776    0.0000  2022/03/29
 0.0000000   4.0000000    0.0000   5463.452 0.104   -1.4   -3.5 -1.55 -0.065  40  13 15:35:00     44620.64827    0.0000  2022/03/29
 0.0000000   4.0000000    0.0000   5463.473 0.079   -1.4   -4.3 -1.55 -0.065  40   2 15:35:44     44620.64878    0.0000  2022/03/29
 0.0000000   4.0000000    0.0000   5463.462 0.164   -2.0   -4.6 -1.55 -0.065  40   2 15:36:28     44620.64928    0.0000  2022/03/29
 0.0000000   5.0000000    0.0000   5445.338 0.104   -1.3   -0.5 -1.42 -0.071  40   2 16:04:31     44620.66873    0.0000  2022/03/29
 0.0000000   5.0000000    0.0000   5445.344 0.145   -2.1   -2.1 -1.42 -0.072  40   0 16:05:20     44620.66930    0.0000  2022/03/29
 0.0000000   5.0000000    0.0000   5445.343 0.141   -1.9   -2.4 -1.43 -0.072  40   2 16:06:04     44620.66981    0.0000  2022/03/29
 0.0000000   5.0000000    0.0000   5445.347 0.117   -2.1   -1.4 -1.45 -0.072  40   2 16:06:48     44620.67031    0.0000  2022/03/29
 0.0000000   5.0000000    0.0000   5445.397 0.157  -15.2   21.8 -1.46 -0.072  40  10 16:07:32     44620.67082    0.0000  2022/03/29
 0.0000000   5.0000000    0.0000   5445.342 0.110  -13.6   17.9 -1.48 -0.072  40   5 16:08:16     44620.67133    0.0000  2022/03/29
 0.0000000   5.0000000    0.0000   5445.336 0.106  -13.4   18.5 -1.49 -0.072  40   1 16:09:00     44620.67184    0.0000  2022/03/29
 0.0000000   5.0000000    0.0000   5445.338 0.128  -15.2   17.7 -1.51 -0.072  40   1 16:09:44     44620.67235    0.0000  2022/03/29
 0.0000000   5.0000000    0.0000   5445.350 0.080  -16.4   18.1 -1.52 -0.072  40   4 16:10:28     44620.67286    0.0000  2022/03/29
 0.0000000   5.0000000    0.0000   5445.329 0.092  -16.6   18.8 -1.54 -0.073  40   6 16:11:12     44620.67337    0.0000  2022/03/29
 0.0000000   5.0000000    0.0000   5445.339 0.082  -18.0   18.4 -1.55 -0.073  40   1 16:11:56     44620.67387    0.0000  2022/03/29
 0.0000000   5.0000000    0.0000   5445.333 0.104  -18.5   17.4 -1.56 -0.073  40   1 16:12:40     44620.67438    0.0000  2022/03/29
 0.0000000   6.0000000    0.0000   5425.278 0.093   -6.0   -6.0 -1.50 -0.075  40   0 16:33:23     44620.68875    0.0000  2022/03/29
 0.0000000   6.0000000    0.0000   5425.279 0.139   -7.5   -6.1 -1.51 -0.075  40   1 16:34:12     44620.68931    0.0000  2022/03/29
 0.0000000   6.0000000    0.0000   5425.280 0.066   -7.8   -6.0 -1.52 -0.075  40   0 16:34:56     44620.68982    0.0000  2022/03/29
 0.0000000   6.0000000    0.0000   5425.282 0.072   -8.4   -6.7 -1.53 -0.075  40   0 16:35:40     44620.69033    0.0000  2022/03/29
 0.0000000   5.0000000    0.0000   5445.337 0.033    2.7   -6.6 -1.31 -0.075  40   1 17:10:18     44620.71434    0.0000  2022/03/29
 0.0000000   5.0000000    0.0000   5445.333 0.026    3.1   -7.1 -1.31 -0.075  40   1 17:11:07     44620.71491    0.0000  2022/03/29
 0.0000000   5.0000000    0.0000   5445.336 0.044    3.2   -7.5 -1.31 -0.075  40   1 17:11:51     44620.71542    0.0000  2022/03/29
 0.0000000   5.0000000    0.0000   5445.333 0.038    3.2   -7.7 -1.31 -0.075  40   1 17:12:35     44620.71592    0.0000  2022/03/29
 0.0000000   5.0000000    0.0000   5445.331 0.043    2.9   -7.9 -1.32 -0.075  40   3 17:13:19     44620.71643    0.0000  2022/03/29
 0.0000000   6.0000000    0.0000   5425.284 0.032    3.6   -1.9 -1.38 -0.073  40   0 17:27:23     44620.72619    0.0000  2022/03/29
 0.0000000   6.0000000    0.0000   5425.284 0.039    4.2   -2.3 -1.38 -0.073  40   1 17:28:12     44620.72675    0.0000  2022/03/29
 0.0000000   6.0000000    0.0000   5425.285 0.043    3.9   -2.7 -1.39 -0.072  40   0 17:28:56     44620.72726    0.0000  2022/03/29
 0.0000000   6.0000000    0.0000   5425.281 0.039    4.2   -3.1 -1.39 -0.072  40   0 17:29:40     44620.72777    0.0000  2022/03/29
 0.0000000   6.0000000    0.0000   5425.285 0.042    4.2   -3.3 -1.40 -0.072  40   1 17:30:24     44620.72828    0.0000  2022/03/29
 0.0000000  10.0000000    0.0000   5506.539 0.011    5.3   -1.5 -1.64 -0.057  40   0 08:34:33     44621.35675    0.0000  2022/03/30
 0.0000000  10.0000000    0.0000   5506.538 0.011    5.5   -1.7 -1.64 -0.057  40   0 08:35:22     44621.35732    0.0000  2022/03/30
 0.0000000  10.0000000    0.0000   5506.539 0.013    5.6   -1.8 -1.64 -0.056  40   0 08:36:06     44621.35783    0.0000  2022/03/30
 0.0000000  10.0000000    0.0000   5506.538 0.016    5.6   -1.9 -1.65 -0.056  40   7 08:36:50     44621.35834    0.0000  2022/03/30
 0.0000000   2.0000000    0.0000   5508.055 0.012    0.1    3.8 -1.45 -0.046  40   2 08:56:13     44621.37178    0.0000  2022/03/30
 0.0000000   2.0000000    0.0000   5508.055 0.015    0.7    3.9 -1.46 -0.046  40   2 08:57:02     44621.37234    0.0000  2022/03/30
 0.0000000   2.0000000    0.0000   5508.055 0.011    0.7    3.9 -1.47 -0.045  40   0 08:57:46     44621.37285    0.0000  2022/03/30
 0.0000000   2.0000000    0.0000   5508.053 0.011    0.9    3.7 -1.47 -0.045  40   0 08:58:30     44621.37336    0.0000  2022/03/30
 0.0000000   1.0000000    0.0000   5526.149 0.022    0.0   -4.8 -1.51 -0.037  40   0 09:13:51     44621.38400    0.0000  2022/03/30
 0.0000000   1.0000000    0.0000   5526.148 0.025   -1.2   -5.8 -1.51 -0.036  40   0 09:14:40     44621.38457    0.0000  2022/03/30
 0.0000000   1.0000000    0.0000   5526.149 0.021   -1.1   -6.6 -1.51 -0.036  40   0 09:15:24     44621.38508    0.0000  2022/03/30
 0.0000000   1.0000000    0.0000   5526.150 0.020   -1.2   -7.0 -1.52 -0.036  40   0 09:16:08     44621.38559    0.0000  2022/03/30
 0.0000000   2.0000000    0.0000   5508.052 0.050    0.3    2.7 -1.55 -0.029  40   0 09:28:43     44621.39431    0.0000  2022/03/30
 0.0000000   2.0000000    0.0000   5508.047 0.040    0.6    3.4 -1.54 -0.029  40   0 09:29:32     44621.39488    0.0000  2022/03/30
 0.0000000   2.0000000    0.0000   5508.055 0.045    1.0    2.8 -1.54 -0.028  40   0 09:30:16     44621.39538    0.0000  2022/03/30
 0.0000000   2.0000000    0.0000   5508.056 0.040    1.0    3.1 -1.54 -0.028  40   0 09:31:00     44621.39589    0.0000  2022/03/30
 0.0000000   2.0000000    0.0000   5508.054 0.016    1.2    3.1 -1.55 -0.027  40   1 09:31:44     44621.39640    0.0000  2022/03/30
 0.0000000   1.0000000    0.0000   5526.149 0.039    6.0   -3.0 -1.54 -0.021  40   0 09:44:16     44621.40509    0.0000  2022/03/30
 0.0000000   1.0000000    0.0000   5526.149 0.038    6.1   -3.5 -1.53 -0.021  40   2 09:45:05     44621.40566    0.0000  2022/03/30
 0.0000000   1.0000000    0.0000   5526.151 0.036    7.0   -5.1 -1.53 -0.020  40   0 09:45:49     44621.40617    0.0000  2022/03/30
 0.0000000   1.0000000    0.0000   5526.150 0.045    6.6   -5.2 -1.53 -0.020  40   0 09:46:33     44621.40667    0.0000  2022/03/30
 0.0000000   2.0000000    0.0000   5508.055 0.023    1.4    4.1 -1.52 -0.013  40   5 10:00:07     44621.41608    0.0000  2022/03/30
 0.0000000   2.0000000    0.0000   5508.057 0.021    1.7    3.9 -1.51 -0.013  40   0 10:00:56     44621.41665    0.0000  2022/03/30
 0.0000000   2.0000000    0.0000   5508.055 0.015    2.1    3.8 -1.51 -0.012  40   0 10:01:40     44621.41716    0.0000  2022/03/30
 0.0000000   2.0000000    0.0000   5508.055 0.015    2.3    4.0 -1.51 -0.012  40   0 10:02:24     44621.41766    0.0000  2022/03/30
 0.0000000   2.0999999    0.0000   5496.157 0.047    3.2    2.6 -1.36 -0.004  40   2 10:20:19     44621.43009    0.0000  2022/03/30
 0.0000000   2.0999999    0.0000   5496.156 0.036    4.0    2.4 -1.36 -0.004  40   0 10:21:08     44621.43065    0.0000  2022/03/30
 0.0000000   2.0999999    0.0000   5496.157 0.030    4.4    2.1 -1.36 -0.004  40   0 10:21:52     44621.43116    0.0000  2022/03/30
 0.0000000   2.0999999    0.0000   5496.155 0.026    4.5    1.8 -1.36 -0.004  40   0 10:22:36     44621.43167    0.0000  2022/03/30
 0.0000000   2.0000000    0.0000   5508.053 0.051    1.8    1.1 -1.47 0.002  40   0 10:38:31     44621.44270    0.0000  2022/03/30
 0.0000000   2.0000000    0.0000   5508.054 0.010    2.0    0.8 -1.47 0.002  40   0 10:39:20     44621.44327    0.0000  2022/03/30
 0.0000000   2.0000000    0.0000   5508.050 0.017    2.2    0.7 -1.47 0.003  40   5 10:40:04     44621.44378    0.0000  2022/03/30
 0.0000000   2.0000000    0.0000   5508.053 0.015    2.3    0.7 -1.47 0.003  40   3 10:40:48     44621.44429    0.0000  2022/03/30
 0.0000000   2.0000000    0.0000   5508.050 0.015    2.5    0.6 -1.48 0.003  20  13 10:41:33     44621.44481    0.0000  2022/03/30
 0.0000000   2.0999999    0.0000   5496.154 0.027    2.2    4.1 -1.50 0.006  40   0 10:51:21     44621.45160    0.0000  2022/03/30
 0.0000000   2.0999999    0.0000   5496.153 0.031    2.6    3.9 -1.50 0.007  40   1 10:52:10     44621.45217    0.0000  2022/03/30
 0.0000000   2.0999999    0.0000   5496.153 0.027    2.9    3.8 -1.49 0.007  40   1 10:52:54     44621.45268    0.0000  2022/03/30
 0.0000000   2.0999999    0.0000   5496.154 0.023    3.0    3.5 -1.49 0.007  40   0 10:53:38     44621.45319    0.0000  2022/03/30
 0.0000000   3.0000000    0.0000   5484.407 0.027   -0.7    4.4 -1.53 0.010  40   1 11:02:24     44621.45926    0.0000  2022/03/30
 0.0000000   3.0000000    0.0000   5484.407 0.022   -0.6    4.0 -1.53 0.010  40   1 11:03:13     44621.45983    0.0000  2022/03/30
 0.0000000   3.0000000    0.0000   5484.408 0.040   -0.2    4.0 -1.52 0.010  40   4 11:03:57     44621.46034    0.0000  2022/03/30
 0.0000000   3.0000000    0.0000   5484.408 0.023   -0.2    3.8 -1.52 0.011  40   0 11:04:41     44621.46085    0.0000  2022/03/30
 0.0000000   2.0999999    0.0000   5496.154 0.033    4.3    2.0 -1.54 0.012  40   0 11:12:32     44621.46629    0.0000  2022/03/30
 0.0000000   2.0999999    0.0000   5496.159 0.034    4.6    1.9 -1.54 0.013  40   0 11:13:21     44621.46686    0.0000  2022/03/30
 0.0000000   2.0999999    0.0000   5496.151 0.030    4.8    1.6 -1.54 0.013  40   0 11:14:05     44621.46736    0.0000  2022/03/30
 0.0000000   2.0999999    0.0000   5496.151 0.019    4.7    1.3 -1.54 0.013  40   1 11:14:49     44621.46787    0.0000  2022/03/30
 0.0000000   2.0999999    0.0000   5496.152 0.031    4.8    1.2 -1.55 0.013  40   0 11:15:33     44621.46838    0.0000  2022/03/30
 0.0000000   3.0000000    0.0000   5484.409 0.063    1.2    6.0 -1.55 0.015  40   0 11:23:44     44621.47406    0.0000  2022/03/30
 0.0000000   3.0000000    0.0000   5484.414 0.047    1.3    5.9 -1.54 0.015  40   8 11:24:33     44621.47462    0.0000  2022/03/30
 0.0000000   3.0000000    0.0000   5484.410 0.158    1.6    5.8 -1.54 0.015  40   4 11:25:17     44621.47513    0.0000  2022/03/30
 0.0000000   3.0000000    0.0000   5484.408 0.054    1.8    5.6 -1.54 0.016  40   0 11:26:01     44621.47564    0.0000  2022/03/30
 0.0000000   3.0000000    0.0000   5484.404 0.057    2.3    5.6 -1.53 0.016  40   0 11:26:45     44621.47615    0.0000  2022/03/30
 0.0000000   3.0000000    0.0000   5484.407 0.049    2.3    5.5 -1.54 0.016  40   0 11:27:29     44621.47666    0.0000  2022/03/30
 0.0000000  44.0000000    0.0000   5463.428 0.038   -1.0    1.4 -1.54 0.017  40   0 11:36:37     44621.48299    0.0000  2022/03/30
 0.0000000  44.0000000    0.0000   5463.427 0.036   -1.5    1.1 -1.54 0.017  40   0 11:37:26     44621.48355    0.0000  2022/03/30
 0.0000000  44.0000000    0.0000   5463.428 0.032   -2.1    1.1 -1.54 0.017  40   0 11:38:10     44621.48406    0.0000  2022/03/30
 0.0000000  44.0000000    0.0000   5463.427 0.035   -2.7    1.3 -1.54 0.018  40   1 11:38:54     44621.48457    0.0000  2022/03/30
 0.0000000   3.0000000    0.0000   5484.404 0.052    8.5    0.1 -1.55 0.019  40   0 11:48:29     44621.49122    0.0000  2022/03/30
 0.0000000   3.0000000    0.0000   5484.401 0.052    9.4    0.1 -1.54 0.019  40   0 11:49:18     44621.49178    0.0000  2022/03/30
 0.0000000   3.0000000    0.0000   5484.405 0.039   10.6    0.0 -1.53 0.019  40   0 11:50:02     44621.49229    0.0000  2022/03/30
 0.0000000   3.0000000    0.0000   5484.405 0.033   11.5    0.0 -1.53 0.019  40   0 11:50:46     44621.49280    0.0000  2022/03/30
 0.0000000   4.0000000    0.0000   5463.424 0.037   -2.7   -4.3 -1.55 0.019  40   0 12:00:43     44621.49970    0.0000  2022/03/30
 0.0000000   4.0000000    0.0000   5463.423 0.030   -3.5   -4.5 -1.55 0.019  40   0 12:01:32     44621.50026    0.0000  2022/03/30
 0.0000000   4.0000000    0.0000   5463.423 0.053   -4.0   -3.8 -1.55 0.019  40   0 12:02:16     44621.50077    0.0000  2022/03/30
 0.0000000   4.0000000    0.0000   5463.423 0.042   -4.4   -3.8 -1.55 0.019  40   0 12:03:00     44621.50128    0.0000  2022/03/30
 0.0000000   5.0000000    0.0000   5445.295 0.039    2.2   -3.3 -1.56 0.019  40   0 12:14:14     44621.50907    0.0000  2022/03/30
 0.0000000   5.0000000    0.0000   5445.294 0.038    2.7   -3.4 -1.56 0.019  40   0 12:15:03     44621.50963    0.0000  2022/03/30
 0.0000000   5.0000000    0.0000   5445.293 0.044    3.2   -3.3 -1.56 0.019  40   0 12:15:47     44621.51014    0.0000  2022/03/30
 0.0000000   5.0000000    0.0000   5445.295 0.038    3.3   -3.6 -1.56 0.019  40   0 12:16:31     44621.51065    0.0000  2022/03/30
 0.0000000   4.0000000    0.0000   5463.424 0.040   -3.2    0.3 -1.58 0.019  40   0 12:26:05     44621.51728    0.0000  2022/03/30
 0.0000000   4.0000000    0.0000   5463.424 0.033   -4.2    1.1 -1.58 0.019  40   0 12:26:54     44621.51785    0.0000  2022/03/30
 0.0000000   4.0000000    0.0000   5463.424 0.045   -4.7    1.2 -1.57 0.019  40   1 12:27:38     44621.51836    0.0000  2022/03/30
 0.0000000   4.0000000    0.0000   5463.424 0.042   -5.6    0.6 -1.57 0.019  40   0 12:28:22     44621.51887    0.0000  2022/03/30
 0.0000000   5.0000000    0.0000   5445.293 0.035    4.6   -3.3 -1.55 0.017  40   0 12:38:21     44621.52579    0.0000  2022/03/30
 0.0000000   5.0000000    0.0000   5445.294 0.030    5.1   -3.5 -1.55 0.017  40   0 12:39:10     44621.52636    0.0000  2022/03/30
 0.0000000   5.0000000    0.0000   5445.293 0.029    5.4   -3.6 -1.55 0.017  40   0 12:39:54     44621.52686    0.0000  2022/03/30
 0.0000000   5.0000000    0.0000   5445.293 0.030    5.9   -3.7 -1.55 0.017  40   0 12:40:38     44621.52737    0.0000  2022/03/30
 0.0000000   6.0000000    0.0000   5425.237 0.045    2.6   -2.7 -1.56 0.015  40   1 12:52:15     44621.53543    0.0000  2022/03/30
 0.0000000   6.0000000    0.0000   5425.236 0.037    2.9   -2.4 -1.56 0.015  40   0 12:53:04     44621.53599    0.0000  2022/03/30
 0.0000000   6.0000000    0.0000   5425.236 0.046    3.5   -2.7 -1.56 0.015  40   0 12:53:48     44621.53650    0.0000  2022/03/30
 0.0000000   6.0000000    0.0000   5425.236 0.047    3.7   -2.7 -1.55 0.015  40   0 12:54:32     44621.53701    0.0000  2022/03/30
 0.0000000   5.0000000    0.0000   5445.296 0.037    1.5    4.9 -1.39 0.007  40   0 13:23:32     44621.55712    0.0000  2022/03/30
 0.0000000   5.0000000    0.0000   5445.294 0.039    2.1    5.0 -1.39 0.007  40   0 13:24:21     44621.55768    0.0000  2022/03/30
 0.0000000   5.0000000    0.0000   5445.296 0.048    2.8    5.1 -1.39 0.006  40   0 13:25:05     44621.55819    0.0000  2022/03/30
 0.0000000   5.0000000    0.0000   5445.296 0.035    3.6    5.4 -1.39 0.006  40   0 13:25:49     44621.55870    0.0000  2022/03/30
 0.0000000   6.0000000    0.0000   5425.232 0.133    1.7    1.1 -1.51 0.003  40   0 13:36:03     44621.56579    0.0000  2022/03/30
 0.0000000   6.0000000    0.0000   5425.233 0.083    2.5    1.3 -1.51 0.002  40   0 13:36:52     44621.56636    0.0000  2022/03/30
 0.0000000   6.0000000    0.0000   5425.235 0.101    3.3    1.3 -1.51 0.002  40   1 13:37:36     44621.56687    0.0000  2022/03/30
 0.0000000   6.0000000    0.0000   5425.231 0.067    4.1    1.3 -1.51 0.002  40   0 13:38:20     44621.56738    0.0000  2022/03/30
 0.0000000   5.0000000    0.0000   5445.293 0.028    1.5   -2.2 -1.54 -0.001  40   1 13:49:18     44621.57498    0.0000  2022/03/30
 0.0000000   5.0000000    0.0000   5445.293 0.028    1.5   -2.5 -1.54 -0.002  40   0 13:50:07     44621.57555    0.0000  2022/03/30
 0.0000000   5.0000000    0.0000   5445.293 0.031    1.7   -2.7 -1.54 -0.002  40   0 13:50:51     44621.57606    0.0000  2022/03/30
 0.0000000   5.0000000    0.0000   5445.292 0.031    1.9   -2.7 -1.55 -0.002  40   0 13:51:35     44621.57656    0.0000  2022/03/30
 0.0000000   4.0000000    0.0000   5463.423 0.072    7.8    0.4 -1.55 -0.007  40   0 14:02:34     44621.58418    0.0000  2022/03/30
 0.0000000   4.0000000    0.0000   5463.424 0.052    9.6    0.9 -1.55 -0.007  40   0 14:03:23     44621.58475    0.0000  2022/03/30
 0.0000000   4.0000000    0.0000   5463.422 0.052   10.6    1.0 -1.55 -0.008  40   0 14:04:07     44621.58525    0.0000  2022/03/30
 0.0000000   4.0000000    0.0000   5463.423 0.050   11.2    1.2 -1.55 -0.008  40   1 14:04:51     44621.58576    0.0000  2022/03/30
 0.0000000   5.0000000    0.0000   5445.293 0.029   -2.1   -0.3 -1.54 -0.012  40   0 14:14:22     44621.59236    0.0000  2022/03/30
 0.0000000   5.0000000    0.0000   5445.292 0.031   -1.9   -0.7 -1.53 -0.012  40   0 14:15:11     44621.59293    0.0000  2022/03/30
 0.0000000   5.0000000    0.0000   5445.292 0.039   -1.4   -1.0 -1.53 -0.013  40   0 14:15:55     44621.59344    0.0000  2022/03/30
 0.0000000   5.0000000    0.0000   5445.293 0.032   -1.1   -1.2 -1.53 -0.013  40   0 14:16:39     44621.59394    0.0000  2022/03/30
 0.0000000   4.0000000    0.0000   5463.421 0.051    5.3    5.2 -1.54 -0.018  40   0 14:27:21     44621.60136    0.0000  2022/03/30
 0.0000000   4.0000000    0.0000   5463.420 0.088    7.0    6.8 -1.53 -0.018  40   0 14:28:10     44621.60193    0.0000  2022/03/30
 0.0000000   4.0000000    0.0000   5463.420 0.051    8.1    6.9 -1.53 -0.019  40   0 14:28:54     44621.60244    0.0000  2022/03/30
 0.0000000   4.0000000    0.0000   5463.410 0.050    9.7    7.5 -1.53 -0.019  40   4 14:29:38     44621.60295    0.0000  2022/03/30
 0.0000000   4.0000000    0.0000   5463.421 0.065   11.1    7.6 -1.53 -0.019  40   0 14:30:22     44621.60345    0.0000  2022/03/30
 0.0000000   3.0000000    0.0000   5484.397 0.030    1.4    5.0 -1.55 -0.024  40   0 14:39:05     44621.60950    0.0000  2022/03/30
 0.0000000   3.0000000    0.0000   5484.396 0.028    2.2    4.6 -1.55 -0.024  40   4 14:39:54     44621.61006    0.0000  2022/03/30
 0.0000000   3.0000000    0.0000   5484.397 0.024    2.6    4.5 -1.55 -0.024  40   0 14:40:38     44621.61057    0.0000  2022/03/30
 0.0000000   3.0000000    0.0000   5484.397 0.033    2.8    4.0 -1.55 -0.025  40   0 14:41:22     44621.61108    0.0000  2022/03/30
 0.0000000   4.0000000    0.0000   5463.419 0.030    9.3   -1.7 -1.57 -0.030  40   1 14:50:57     44621.61773    0.0000  2022/03/30
 0.0000000   4.0000000    0.0000   5463.419 0.028   11.5   -1.7 -1.57 -0.030  40   0 14:51:46     44621.61829    0.0000  2022/03/30
 0.0000000   4.0000000    0.0000   5463.419 0.041   13.0   -1.2 -1.57 -0.030  40   0 14:52:30     44621.61880    0.0000  2022/03/30
 0.0000000   4.0000000    0.0000   5463.419 0.048   13.7   -0.8 -1.57 -0.031  40   0 14:53:14     44621.61931    0.0000  2022/03/30
 0.0000000   3.0000000    0.0000   5484.396 0.048    1.8   -0.9 -1.58 -0.035  40   2 15:01:21     44621.62494    0.0000  2022/03/30
 0.0000000   3.0000000    0.0000   5484.396 0.061    3.0   -0.9 -1.58 -0.035  40   0 15:02:10     44621.62550    0.0000  2022/03/30
 0.0000000   3.0000000    0.0000   5484.396 0.032    4.0   -1.1 -1.58 -0.036  40   0 15:02:54     44621.62601    0.0000  2022/03/30
 0.0000000   3.0000000    0.0000   5484.391 0.187    4.4   -1.2 -1.58 -0.036  40  14 15:03:38     44621.62652    0.0000  2022/03/30
 0.0000000   3.0000000    0.0000   5484.397 0.060    4.6   -1.3 -1.59 -0.036  40   2 15:04:22     44621.62703    0.0000  2022/03/30
 0.0000000   2.0999999    0.0000   5496.141 0.080    3.7    0.6 -1.62 -0.039  40   0 15:10:52     44621.63153    0.0000  2022/03/30
 0.0000000   2.0999999    0.0000   5496.141 0.078    3.6    1.1 -1.62 -0.040  40   0 15:11:41     44621.63210    0.0000  2022/03/30
 0.0000000   2.0999999    0.0000   5496.138 0.177    4.1    0.4 -1.63 -0.040  40   0 15:12:25     44621.63261    0.0000  2022/03/30
 0.0000000   2.0999999    0.0000   5496.143 0.073    3.8    0.0 -1.63 -0.040  40   0 15:13:09     44621.63312    0.0000  2022/03/30
 0.0000000   2.0999999    0.0000   5496.143 0.070    3.5   -0.4 -1.63 -0.041  40   0 15:13:53     44621.63363    0.0000  2022/03/30
 0.0000000   3.0000000    0.0000   5484.402 0.052    5.1    5.2 -1.64 -0.044  40   0 15:21:02     44621.63858    0.0000  2022/03/30
 0.0000000   3.0000000    0.0000   5484.398 0.035    6.2    5.9 -1.63 -0.045  40   2 15:21:51     44621.63915    0.0000  2022/03/30
 0.0000000   3.0000000    0.0000   5484.395 0.042    7.1    6.1 -1.63 -0.045  40   2 15:22:35     44621.63966    0.0000  2022/03/30
 0.0000000   3.0000000    0.0000   5484.398 0.039    7.9    6.4 -1.62 -0.045  40   0 15:23:19     44621.64017    0.0000  2022/03/30
 0.0000000   3.0000000    0.0000   5484.399 0.039    8.3    6.3 -1.62 -0.046  40   1 15:24:03     44621.64067    0.0000  2022/03/30
 0.0000000   2.0999999    0.0000   5496.143 0.066    0.2    2.3 -1.62 -0.049  40   0 15:30:34     44621.64519    0.0000  2022/03/30
 0.0000000   2.0999999    0.0000   5496.141 0.075    0.7    2.1 -1.62 -0.049  40   1 15:31:23     44621.64576    0.0000  2022/03/30
 0.0000000   2.0999999    0.0000   5496.145 0.070    0.6    1.6 -1.62 -0.050  40   0 15:32:07     44621.64627    0.0000  2022/03/30
 0.0000000   2.0999999    0.0000   5496.143 0.069    0.6    1.0 -1.62 -0.050  40   0 15:32:51     44621.64678    0.0000  2022/03/30
 0.0000000   2.0000000    0.0000   5508.044 0.014    6.6    5.9 -1.62 -0.054  40   0 15:41:17     44621.65262    0.0000  2022/03/30
 0.0000000   2.0000000    0.0000   5508.044 0.016    9.2    7.0 -1.61 -0.054  40   1 15:42:06     44621.65319    0.0000  2022/03/30
 0.0000000   2.0000000    0.0000   5508.044 0.013   11.6    7.6 -1.61 -0.055  40   0 15:42:50     44621.65370    0.0000  2022/03/30
 0.0000000   2.0000000    0.0000   5508.045 0.015   12.2    7.7 -1.61 -0.055  40   0 15:43:34     44621.65421    0.0000  2022/03/30
 0.0000000   2.0999999    0.0000   5496.137 0.108    3.7    4.5 -1.60 -0.059  40   0 15:51:49     44621.65993    0.0000  2022/03/30
 0.0000000   2.0999999    0.0000   5496.139 0.075    4.2    4.7 -1.60 -0.059  40   0 15:52:38     44621.66049    0.0000  2022/03/30
 0.0000000   2.0999999    0.0000   5496.137 0.083    4.5    4.8 -1.60 -0.059  40   1 15:53:22     44621.66100    0.0000  2022/03/30
 0.0000000   2.0999999    0.0000   5496.139 0.061    4.6    4.6 -1.60 -0.059  40   0 15:54:06     44621.66151    0.0000  2022/03/30
 0.0000000   2.0000000    0.0000   5508.038 0.026    1.2   -1.2 -1.62 -0.063  40   6 16:01:46     44621.66682    0.0000  2022/03/30
 0.0000000   2.0000000    0.0000   5508.039 0.016    2.7    0.1 -1.62 -0.063  40   0 16:02:35     44621.66739    0.0000  2022/03/30
 0.0000000   2.0000000    0.0000   5508.039 0.013    3.8    0.9 -1.62 -0.063  40   0 16:03:19     44621.66790    0.0000  2022/03/30
 0.0000000   2.0000000    0.0000   5508.040 0.015    4.0   -0.7 -1.62 -0.064  40   0 16:04:03     44621.66841    0.0000  2022/03/30
 0.0000000  10.0000000    0.0000   5506.526 0.034    2.3   -6.1 -1.51 -0.069  40   0 16:18:30     44621.67843    0.0000  2022/03/30
 0.0000000  10.0000000    0.0000   5506.523 0.029    1.8   -6.6 -1.50 -0.069  40   0 16:19:20     44621.67900    0.0000  2022/03/30
 0.0000000  10.0000000    0.0000   5506.524 0.029    1.6   -7.1 -1.50 -0.070  40   0 16:20:04     44621.67951    0.0000  2022/03/30
 0.0000000  10.0000000    0.0000   5506.525 0.033    1.2   -7.3 -1.49 -0.070  40   1 16:20:48     44621.68002    0.0000  2022/03/30
 2867529546465280.000,0   ,0.000   ,     0.000,-10212394816565482000000000000000.000,-149,65463,  -1.#QO,   0.000,0.000   ,0.000   ,-0.000  ,1.753   