
/	CG-5 SURVEY
/	Survey name:   	110A-KPRE-ZVRB
/	Instrument S/N:	41262
/	Client:        	tsniigaik
/	Operator:      	IASK
/	Date:          	2022/ 4/14
/	Time:          	05:17:09
/	LONG:        	37.5000000 E
/	LAT:         	55.8000000 N
/	ZONE:        	0       
/	GMT DIFF.:   	0.0 

/	CG-5 SETUP PARAMETERS
/	Gref:			0.000   
/	Gcal1:		8489.254
/	TiltxS:		714.166 
/	TiltyS:		708.889 
/	TiltxO:		17.920  
/	TiltyO:		-24.094 
/	Tempco:		-0.131  
/	Drift:		0.141   
/	DriftTime Start:	05:17:11
/	DriftDate Start:	2022/04/14

/	CG-5 OPTIONS
/	Tide Correction:    YES
/	Cont. Tilt:          NO
/	Auto Rejection:     YES
/	Terrain Corr.:       NO
/	Seismic Filter:     YES
/	Raw Data:           YES
Line	 132.000N
/------LINE-----STATION-----ALT.------GRAV.---SD.--TILTX--TILTY-TEMP---TIDE---DUR-REJ-----TIME----DEC.TIME+DATE--TERRAIN---DATE
132.0000000  10.0000000   30.5662   5307.601 0.068   -3.2   -2.3 2.42 -0.052  55   4 05:27:54     44633.22734    0.0000  2022/04/14
132.0000000  10.0000000   30.5662   5307.602 0.044   -3.4   -2.5 2.42 -0.051  55   0 05:28:59     44633.22810    0.0000  2022/04/14
132.0000000  10.0000000   30.5662   5307.601 0.044   -3.6   -2.8 2.42 -0.051  55   0 05:29:59     44633.22879    0.0000  2022/04/14
132.0000000  10.0000000   30.5662   5307.601 0.047   -3.8   -2.9 2.42 -0.051  55   0 05:30:59     44633.22948    0.0000  2022/04/14
132.0000000  10.0000000   30.5662   5307.602 0.032   -4.0   -2.9 2.41 -0.050  55   0 05:31:59     44633.23018    0.0000  2022/04/14
132.0000000  10.0000000   30.5662   5307.601 0.042   -4.1   -3.0 2.41 -0.050  55   0 05:32:59     44633.23087    0.0000  2022/04/14
132.0000000  10.0000000   30.3221   5307.601 0.038   -4.0   -3.1 2.41 -0.050  55   0 05:33:59     44633.23156    0.0000  2022/04/14
132.0000000  10.0000000   30.8103   5307.601 0.049   -4.0   -3.1 2.40 -0.049  55   0 05:34:59     44633.23226    0.0000  2022/04/14
132.0000000  10.0000000   30.5662   5307.603 0.034   -4.1   -3.2 2.40 -0.049  55   0 05:35:59     44633.23295    0.0000  2022/04/14
132.0000000  10.0000000   30.5662   5307.602 0.107   -4.0   -3.3 2.39 -0.049  55   0 05:36:59     44633.23364    0.0000  2022/04/14
132.0000000  10.0000000   30.8103   5307.604 0.076   -4.0   -3.4 2.39 -0.048  55   1 05:37:59     44633.23434    0.0000  2022/04/14
132.0000000  10.0000000   30.5662   5307.601 0.038   -4.1   -3.6 2.38 -0.048  55   0 05:38:59     44633.23503    0.0000  2022/04/14
132.0000000  10.0000000   30.8103   5307.602 0.035   -4.2   -3.6 2.38 -0.048  55   0 05:39:59     44633.23572    0.0000  2022/04/14
132.0000000  10.0000000   30.8103   5307.602 0.031   -4.2   -3.6 2.38 -0.047  55   0 05:40:59     44633.23642    0.0000  2022/04/14
132.0000000  10.0000000   30.8103   5307.602 0.034   -4.2   -3.8 2.37 -0.047  55   0 05:41:59     44633.23711    0.0000  2022/04/14
132.0000000  10.0000000   30.8103   5307.602 0.042   -4.2   -3.9 2.37 -0.047  55   0 05:42:59     44633.23780    0.0000  2022/04/14
132.0000000  10.0000000   30.8103   5307.602 0.033   -4.4   -4.0 2.37 -0.046  55   0 05:43:59     44633.23850    0.0000  2022/04/14
132.0000000  10.0000000   30.8103   5307.602 0.039   -4.4   -4.1 2.36 -0.046  55   0 05:44:59     44633.23919    0.0000  2022/04/14
132.0000000  10.0000000   30.8103   5307.603 0.045   -4.3   -4.3 2.36 -0.046  55   1 05:45:59     44633.23988    0.0000  2022/04/14
132.0000000  10.0000000   30.8103   5307.602 0.035   -4.3   -4.5 2.36 -0.045  55   0 05:46:59     44633.24058    0.0000  2022/04/14
132.0000000  10.0000000   30.8103   5307.602 0.037   -4.4   -4.6 2.36 -0.045  55   1 05:47:59     44633.24127    0.0000  2022/04/14
132.0000000  10.0000000   30.8103   5307.603 0.060   -4.4   -4.7 2.35 -0.045  55   1 05:48:59     44633.24196    0.0000  2022/04/14
132.0000000  10.0000000   31.0545   5307.603 0.045   -4.3   -5.1 2.35 -0.044  55   0 05:49:59     44633.24266    0.0000  2022/04/14
132.0000000  10.0000000   30.8103   5307.602 0.065   -4.5   -5.0 2.35 -0.044  55   0 05:50:59     44633.24335    0.0000  2022/04/14
132.0000000  10.0000000   30.8103   5307.602 0.060   -4.5   -5.2 2.35 -0.044  55   0 05:51:59     44633.24404    0.0000  2022/04/14
132.0000000  10.0000000   30.8103   5307.604 0.036   -4.6   -5.4 2.35 -0.043  55   0 05:52:59     44633.24474    0.0000  2022/04/14
132.0000000  10.0000000   30.8103   5307.597 0.046   -4.6   -5.4 2.35 -0.043  55   4 05:53:59     44633.24543    0.0000  2022/04/14
132.0000000  10.0000000   30.8103   5307.602 0.043   -4.6   -5.4 2.35 -0.043  55   0 05:54:59     44633.24612    0.0000  2022/04/14
132.0000000  10.0000000   30.8103   5307.602 0.042   -4.7   -5.5 2.35 -0.042  55   0 05:55:59     44633.24682    0.0000  2022/04/14
132.0000000  10.0000000   30.8103   5307.601 0.049   -4.6   -5.7 2.35 -0.042  55   0 05:56:59     44633.24751    0.0000  2022/04/14
132.0000000  10.0000000   30.8103   5307.602 0.039   -4.7   -5.8 2.35 -0.042  55   0 05:57:59     44633.24820    0.0000  2022/04/14
132.0000000  10.0000000   30.8103   5307.602 0.045   -4.7   -5.8 2.34 -0.041  55   0 05:58:59     44633.24890    0.0000  2022/04/14
132.0000000  10.0000000   30.8103   5307.602 0.034   -4.9   -5.9 2.34 -0.041  55   0 05:59:59     44633.24959    0.0000  2022/04/14
132.0000000  10.0000000   30.8103   5307.602 0.034   -4.8   -6.2 2.34 -0.041  55   0 06:00:59     44633.25028    0.0000  2022/04/14
132.0000000  10.0000000   30.8103   5307.602 0.045   -4.9   -6.2 2.34 -0.041  55   0 06:01:59     44633.25098    0.0000  2022/04/14
132.0000000  10.0000000   30.8103   5307.603 0.040   -4.9   -6.3 2.34 -0.040  55   1 06:02:59     44633.25167    0.0000  2022/04/14
132.0000000  10.0000000   30.8103   5307.603 0.037   -5.0   -6.4 2.34 -0.040  55   0 06:03:59     44633.25236    0.0000  2022/04/14
132.0000000  10.0000000   30.8103   5307.603 0.034   -4.9   -6.5 2.34 -0.040  55   0 06:04:59     44633.25306    0.0000  2022/04/14
132.0000000  10.0000000   31.0545   5307.604 0.059   -4.8   -6.6 2.34 -0.039  55   0 06:05:59     44633.25375    0.0000  2022/04/14
132.0000000  10.0000000   30.8103   5307.604 0.039   -4.9   -6.7 2.34 -0.039  55   0 06:06:59     44633.25444    0.0000  2022/04/14
132.0000000  10.0000000   31.0545   5307.604 0.036   -5.0   -6.7 2.34 -0.039  55   0 06:07:59     44633.25514    0.0000  2022/04/14
132.0000000  10.0000000   30.8103   5307.604 0.032   -5.0   -6.8 2.34 -0.038  55   0 06:08:59     44633.25583    0.0000  2022/04/14
132.0000000  10.0000000   30.8103   5307.603 0.036   -5.0   -6.8 2.34 -0.038  55   1 06:09:59     44633.25652    0.0000  2022/04/14
132.0000000  10.0000000   30.8103   5307.604 0.040   -5.1   -6.9 2.34 -0.038  55   0 06:10:59     44633.25722    0.0000  2022/04/14
132.0000000  10.0000000   30.8103   5307.605 0.056   -5.1   -7.0 2.34 -0.037  55   0 06:11:59     44633.25791    0.0000  2022/04/14
132.0000000  10.0000000   30.8103   5307.604 0.061   -5.0   -7.2 2.34 -0.037  55   3 06:12:59     44633.25860    0.0000  2022/04/14
132.0000000  10.0000000   31.0545   5307.605 0.040   -5.1   -7.3 2.34 -0.037  55   0 06:13:59     44633.25930    0.0000  2022/04/14
132.0000000  10.0000000   30.8103   5307.604 0.060   -5.3   -7.2 2.34 -0.036  55   0 06:14:59     44633.25999    0.0000  2022/04/14
132.0000000  10.0000000   30.8103   5307.604 0.035   -5.2   -7.5 2.34 -0.036  55   0 06:15:59     44633.26068    0.0000  2022/04/14
132.0000000  10.0000000   30.8103   5307.604 0.039   -5.3   -7.5 2.34 -0.036  55   0 06:16:59     44633.26138    0.0000  2022/04/14
132.0000000  10.0000000   31.0545   5307.604 0.042   -5.2   -7.5 2.34 -0.036  55   2 06:17:59     44633.26207    0.0000  2022/04/14
132.0000000  10.0000000   30.8103   5307.603 0.036   -5.2   -7.7 2.34 -0.035  55   0 06:18:59     44633.26276    0.0000  2022/04/14
132.0000000  10.0000000   31.0545   5307.604 0.038   -5.2   -7.7 2.34 -0.035  55   0 06:19:59     44633.26346    0.0000  2022/04/14
132.0000000  10.0000000   30.8103   5307.604 0.038   -5.2   -7.9 2.34 -0.035  55   0 06:20:59     44633.26415    0.0000  2022/04/14
132.0000000  10.0000000   31.0545   5307.604 0.039   -5.4   -7.8 2.34 -0.034  55   0 06:21:59     44633.26484    0.0000  2022/04/14
132.0000000  10.0000000   30.8103   5307.604 0.034   -5.4   -7.9 2.34 -0.034  55   0 06:22:59     44633.26554    0.0000  2022/04/14
132.0000000  10.0000000   30.8103   5307.604 0.035   -5.4   -8.0 2.34 -0.034  55   0 06:23:59     44633.26623    0.0000  2022/04/14
132.0000000  10.0000000   31.0545   5307.604 0.053   -5.4   -8.0 2.34 -0.034  55   0 06:24:59     44633.26692    0.0000  2022/04/14
132.0000000  10.0000000   31.0545   5307.604 0.097   -5.4   -8.2 2.34 -0.033  55   0 06:25:59     44633.26762    0.0000  2022/04/14
132.0000000  10.0000000   29.5896   5307.607 0.053   -5.5   -8.3 2.34 -0.033  55   0 06:27:00     44633.26832    0.0000  2022/04/14
132.0000000  30.0000000   32.0310   5281.103 0.019   -1.7    0.2 2.54 -0.016  55   0 07:44:59     44633.32239    0.0000  2022/04/14
132.0000000  30.0000000   32.0310   5281.103 0.016   -1.9    0.1 2.53 -0.016  55   0 07:46:04     44633.32314    0.0000  2022/04/14
132.0000000  30.0000000   32.0310   5281.104 0.014   -1.9    0.1 2.51 -0.016  55   0 07:47:04     44633.32383    0.0000  2022/04/14
132.0000000  30.0000000   32.0310   5281.104 0.015   -2.2    0.2 2.49 -0.016  55   0 07:48:04     44633.32453    0.0000  2022/04/14
132.0000000  30.0000000   32.0310   5281.104 0.014   -2.4    0.1 2.48 -0.016  55   0 07:49:04     44633.32522    0.0000  2022/04/14
132.0000000  30.0000000   31.7869   5281.105 0.017   -2.5    0.1 2.46 -0.016  55   0 07:50:04     44633.32591    0.0000  2022/04/14
132.0000000  30.0000000   31.5428   5281.105 0.014   -2.7    0.2 2.45 -0.016  55   0 07:51:04     44633.32661    0.0000  2022/04/14
132.0000000  30.0000000   31.2986   5281.105 0.018   -2.8    0.2 2.44 -0.016  55   0 07:52:04     44633.32730    0.0000  2022/04/14
132.0000000  30.0000000   31.5428   5281.105 0.017   -3.2    0.3 2.43 -0.015  55   0 07:53:04     44633.32799    0.0000  2022/04/14
132.0000000  30.0000000   31.2986   5281.105 0.016   -3.1    0.1 2.42 -0.015  55   0 07:54:04     44633.32869    0.0000  2022/04/14
132.0000000  30.0000000   31.2986   5281.106 0.016   -3.3    0.1 2.41 -0.015  55   0 07:55:04     44633.32938    0.0000  2022/04/14
132.0000000  30.0000000   31.2986   5281.107 0.016   -3.4    0.0 2.40 -0.015  55   0 07:56:04     44633.33007    0.0000  2022/04/14
132.0000000  30.0000000   31.2986   5281.106 0.016   -3.6    0.0 2.39 -0.015  55   0 07:57:04     44633.33077    0.0000  2022/04/14
132.0000000  30.0000000   31.0545   5281.105 0.016   -3.7   -0.1 2.38 -0.015  55   0 07:58:04     44633.33146    0.0000  2022/04/14
132.0000000  30.0000000   31.0545   5281.105 0.017   -4.0    0.0 2.37 -0.015  55   0 07:59:04     44633.33215    0.0000  2022/04/14
132.0000000  30.0000000   31.0545   5281.106 0.015   -4.0   -0.1 2.37 -0.015  55   0 08:00:04     44633.33285    0.0000  2022/04/14
132.0000000  30.0000000   31.0545   5281.107 0.019   -4.2   -0.2 2.36 -0.015  55   0 08:01:04     44633.33354    0.0000  2022/04/14
132.0000000  30.0000000   31.0545   5281.107 0.015   -4.2   -0.2 2.36 -0.015  55   0 08:02:04     44633.33423    0.0000  2022/04/14
132.0000000  30.0000000   30.8103   5281.107 0.018   -4.4   -0.1 2.36 -0.015  55   0 08:03:04     44633.33493    0.0000  2022/04/14
132.0000000  30.0000000   30.8103   5281.107 0.017   -4.5   -0.2 2.35 -0.015  55   0 08:04:04     44633.33562    0.0000  2022/04/14
132.0000000  30.0000000   30.8103   5281.108 0.017   -4.8   -0.1 2.35 -0.014  55   0 08:05:04     44633.33631    0.0000  2022/04/14
132.0000000  30.0000000   30.8103   5281.108 0.016   -4.8   -0.3 2.34 -0.014  55   0 08:06:04     44633.33701    0.0000  2022/04/14
132.0000000  30.0000000   30.8103   5281.109 0.014   -4.9   -0.3 2.34 -0.014  55   0 08:07:04     44633.33770    0.0000  2022/04/14
132.0000000  30.0000000   30.5662   5281.109 0.017   -5.1   -0.3 2.34 -0.014  55   0 08:08:04     44633.33839    0.0000  2022/04/14
132.0000000  30.0000000   30.5662   5281.107 0.015   -5.0   -0.5 2.34 -0.014  55   0 08:09:04     44633.33909    0.0000  2022/04/14
132.0000000  30.0000000   30.5662   5281.109 0.017   -5.1   -0.6 2.33 -0.014  55   0 08:10:04     44633.33978    0.0000  2022/04/14
132.0000000  30.0000000   30.3221   5281.108 0.017   -5.3   -0.7 2.33 -0.014  55   0 08:11:04     44633.34047    0.0000  2022/04/14
132.0000000  30.0000000   30.8103   5281.108 0.014   -5.6   -0.4 2.33 -0.014  55   0 08:12:04     44633.34117    0.0000  2022/04/14
132.0000000  30.0000000   30.3221   5281.107 0.014   -5.5   -0.7 2.33 -0.014  55   0 08:13:04     44633.34186    0.0000  2022/04/14
132.0000000  30.0000000   30.5662   5281.108 0.015   -5.4   -0.8 2.33 -0.014  55   0 08:14:04     44633.34255    0.0000  2022/04/14
132.0000000  30.0000000   30.3221   5281.108 0.015   -5.6   -0.9 2.33 -0.014  55   0 08:15:04     44633.34325    0.0000  2022/04/14
132.0000000  30.0000000   30.3221   5281.109 0.016   -5.6   -1.0 2.33 -0.014  55   0 08:16:04     44633.34394    0.0000  2022/04/14
132.0000000  30.0000000   30.3221   5281.109 0.016   -5.5   -1.1 2.33 -0.014  55   0 08:17:04     44633.34463    0.0000  2022/04/14
132.0000000  30.0000000   30.3221   5281.111 0.017   -5.7   -1.3 2.32 -0.014  55   0 08:18:04     44633.34533    0.0000  2022/04/14
132.0000000  30.0000000   30.3221   5281.111 0.015   -5.8   -1.4 2.32 -0.014  55   0 08:19:04     44633.34602    0.0000  2022/04/14
132.0000000  30.0000000   30.3221   5281.110 0.017   -5.8   -1.4 2.32 -0.014  55   0 08:20:04     44633.34671    0.0000  2022/04/14
132.0000000  30.0000000   30.0779   5281.110 0.017   -6.0   -1.3 2.32 -0.014  55   0 08:21:04     44633.34741    0.0000  2022/04/14
132.0000000  30.0000000   30.0779   5281.111 0.018   -6.4   -1.5 2.32 -0.014  55   0 08:22:04     44633.34810    0.0000  2022/04/14
132.0000000  30.0000000   30.0779   5281.110 0.015   -6.4   -1.8 2.32 -0.014  55   0 08:23:04     44633.34879    0.0000  2022/04/14
132.0000000  30.0000000   29.8338   5281.109 0.014   -6.3   -1.9 2.32 -0.014  55   0 08:24:04     44633.34949    0.0000  2022/04/14
132.0000000  30.0000000   30.0779   5281.109 0.015   -6.2   -2.0 2.32 -0.014  55   0 08:25:04     44633.35018    0.0000  2022/04/14
132.0000000  30.0000000   29.8338   5281.110 0.016   -6.3   -2.1 2.32 -0.014  55   0 08:26:04     44633.35087    0.0000  2022/04/14
132.0000000  30.0000000   29.8338   5281.109 0.014   -6.3   -2.1 2.32 -0.014  55   0 08:27:04     44633.35157    0.0000  2022/04/14
132.0000000  30.0000000   29.8338   5281.109 0.017   -6.2   -2.1 2.32 -0.014  55   0 08:28:04     44633.35226    0.0000  2022/04/14
132.0000000  30.0000000   29.8338   5281.110 0.015   -6.3   -2.2 2.32 -0.014  55   0 08:29:04     44633.35295    0.0000  2022/04/14
132.0000000  30.0000000   29.8338   5281.110 0.015   -6.3   -2.2 2.32 -0.014  55   0 08:30:04     44633.35365    0.0000  2022/04/14
132.0000000  30.0000000   29.8338   5281.110 0.015   -6.4   -2.2 2.32 -0.014  55   0 08:31:04     44633.35434    0.0000  2022/04/14
132.0000000  30.0000000   29.8338   5281.111 0.015   -6.7   -2.3 2.32 -0.014  55   0 08:32:04     44633.35503    0.0000  2022/04/14
132.0000000  30.0000000   29.8338   5281.110 0.014   -6.9   -2.1 2.32 -0.014  55   0 08:33:04     44633.35573    0.0000  2022/04/14
132.0000000  30.0000000   29.8338   5281.109 0.015   -6.9   -2.2 2.32 -0.014  55   0 08:34:04     44633.35642    0.0000  2022/04/14
132.0000000  30.0000000   29.5896   5281.110 0.015   -6.9   -2.3 2.32 -0.014  55   0 08:35:04     44633.35711    0.0000  2022/04/14
132.0000000  30.0000000   29.5896   5281.110 0.015   -6.9   -2.3 2.32 -0.014  55   0 08:36:04     44633.35781    0.0000  2022/04/14
132.0000000  30.0000000   29.5896   5281.111 0.016   -7.1   -2.4 2.32 -0.014  55   0 08:37:04     44633.35850    0.0000  2022/04/14
132.0000000  30.0000000   29.5896   5281.111 0.018   -7.1   -2.5 2.32 -0.014  55   0 08:38:04     44633.35919    0.0000  2022/04/14
132.0000000  30.0000000   29.8338   5281.111 0.018   -7.2   -2.5 2.32 -0.014  55   0 08:39:04     44633.35989    0.0000  2022/04/14
132.0000000  30.0000000   29.5896   5281.111 0.015   -7.3   -2.7 2.32 -0.014  55   0 08:40:04     44633.36058    0.0000  2022/04/14
132.0000000  30.0000000   29.5896   5281.111 0.014   -7.4   -2.5 2.32 -0.014  55   0 08:41:04     44633.36127    0.0000  2022/04/14
132.0000000  30.0000000   29.5896   5281.112 0.018   -7.3   -2.8 2.32 -0.014  55   0 08:42:04     44633.36197    0.0000  2022/04/14
132.0000000  30.0000000   29.5896   5281.111 0.015   -7.4   -2.8 2.32 -0.014  55   0 08:43:04     44633.36266    0.0000  2022/04/14
132.0000000  30.0000000   28.3689   5281.110 0.017   -7.4   -2.9 2.32 -0.014  55   0 08:44:05     44633.36336    0.0000  2022/04/14
132.0000000  20.0000000   26.9041   5261.825 0.014   -3.1   -1.7 2.40 -0.029  55   0 10:20:25     44633.43016    0.0000  2022/04/14
132.0000000  20.0000000   26.4158   5261.825 0.013   -3.3   -1.6 2.39 -0.029  55   0 10:21:30     44633.43091    0.0000  2022/04/14
132.0000000  20.0000000   26.1717   5261.825 0.013   -3.4   -1.9 2.38 -0.029  55   0 10:22:30     44633.43160    0.0000  2022/04/14
132.0000000  20.0000000   25.9275   5261.826 0.011   -3.5   -2.0 2.38 -0.030  55   0 10:23:30     44633.43229    0.0000  2022/04/14
132.0000000  20.0000000   25.6834   5261.827 0.009   -3.5   -1.9 2.37 -0.030  55   0 10:24:30     44633.43299    0.0000  2022/04/14
132.0000000  20.0000000   25.4393   5261.826 0.010   -3.4   -2.2 2.36 -0.030  55   0 10:25:30     44633.43368    0.0000  2022/04/14
132.0000000  20.0000000   25.1951   5261.826 0.011   -3.5   -2.3 2.36 -0.031  55   0 10:26:30     44633.43437    0.0000  2022/04/14
132.0000000  20.0000000   24.7068   5261.826 0.016   -3.8   -2.3 2.35 -0.031  55   0 10:27:30     44633.43507    0.0000  2022/04/14
132.0000000  20.0000000   24.7068   5261.826 0.011   -3.9   -2.5 2.34 -0.031  55   0 10:28:30     44633.43576    0.0000  2022/04/14
132.0000000  20.0000000   24.2186   5261.827 0.013   -3.8   -2.8 2.34 -0.031  55   0 10:29:30     44633.43645    0.0000  2022/04/14
132.0000000  20.0000000   24.2186   5261.827 0.012   -4.2   -2.7 2.34 -0.032  55   0 10:30:30     44633.43715    0.0000  2022/04/14
132.0000000  20.0000000   23.7303   5261.829 0.012   -4.3   -2.8 2.33 -0.032  55   0 10:31:30     44633.43784    0.0000  2022/04/14
132.0000000  20.0000000   23.7303   5261.828 0.011   -4.4   -3.0 2.33 -0.032  55   0 10:32:30     44633.43853    0.0000  2022/04/14
132.0000000  20.0000000   23.4861   5261.829 0.013   -4.6   -3.1 2.33 -0.032  55   0 10:33:30     44633.43923    0.0000  2022/04/14
132.0000000  20.0000000   23.2420   5261.829 0.013   -4.9   -3.2 2.32 -0.033  55   0 10:34:30     44633.43992    0.0000  2022/04/14
132.0000000  20.0000000   22.9979   5261.830 0.014   -4.9   -3.4 2.32 -0.033  55   0 10:35:30     44633.44061    0.0000  2022/04/14
132.0000000  20.0000000   22.7537   5261.828 0.010   -5.2   -3.4 2.32 -0.033  55   0 10:36:30     44633.44131    0.0000  2022/04/14
132.0000000  20.0000000   22.5096   5261.830 0.013   -5.5   -3.4 2.32 -0.033  55   0 10:37:30     44633.44200    0.0000  2022/04/14
132.0000000  20.0000000   22.5096   5261.828 0.015   -5.5   -3.7 2.32 -0.034  55   0 10:38:30     44633.44269    0.0000  2022/04/14
132.0000000  20.0000000   21.0447   5261.829 0.012   -5.8   -3.6 2.32 -0.034  55   0 10:39:31     44633.44340    0.0000  2022/04/14
132.0000000  20.0000000   21.5330   5261.831 0.019   -1.9   -0.9 2.31 -0.035  55   1 10:43:12     44633.44595    0.0000  2022/04/14
132.0000000  20.0000000   21.2889   5261.830 0.012   -2.1   -0.8 2.31 -0.035  55   0 10:44:17     44633.44670    0.0000  2022/04/14
132.0000000  20.0000000   21.2889   5261.831 0.014   -2.3   -0.6 2.32 -0.036  55   0 10:45:17     44633.44740    0.0000  2022/04/14
132.0000000  20.0000000   21.0447   5261.831 0.011   -2.4   -0.8 2.32 -0.036  55   0 10:46:17     44633.44809    0.0000  2022/04/14
132.0000000  20.0000000   21.0447   5261.831 0.012   -2.4   -0.8 2.32 -0.036  55   0 10:47:17     44633.44878    0.0000  2022/04/14
132.0000000  20.0000000   20.8006   5261.831 0.008   -2.4   -1.0 2.32 -0.037  55   0 10:48:17     44633.44948    0.0000  2022/04/14
132.0000000  20.0000000   20.8006   5261.831 0.010   -2.5   -1.0 2.32 -0.037  55   0 10:49:17     44633.45017    0.0000  2022/04/14
132.0000000  20.0000000   20.5565   5261.831 0.011   -2.4   -1.4 2.32 -0.037  55   0 10:50:17     44633.45086    0.0000  2022/04/14
132.0000000  20.0000000   20.5565   5261.833 0.011   -2.3   -1.9 2.32 -0.037  55   0 10:51:17     44633.45156    0.0000  2022/04/14
132.0000000  20.0000000   20.3123   5261.832 0.011   -2.3   -2.2 2.32 -0.038  55   0 10:52:17     44633.45225    0.0000  2022/04/14
132.0000000  20.0000000   20.3123   5261.831 0.012   -2.5   -2.1 2.32 -0.038  55   0 10:53:17     44633.45294    0.0000  2022/04/14
132.0000000  20.0000000   20.0682   5261.833 0.015   -2.5   -2.3 2.32 -0.038  55   0 10:54:17     44633.45364    0.0000  2022/04/14
132.0000000  20.0000000   20.0682   5261.832 0.009   -2.8   -2.2 2.32 -0.039  55   0 10:55:17     44633.45433    0.0000  2022/04/14
132.0000000  20.0000000   19.8240   5261.833 0.010   -2.7   -2.3 2.32 -0.039  55   1 10:56:17     44633.45502    0.0000  2022/04/14
132.0000000  20.0000000   19.8240   5261.833 0.014   -2.8   -2.4 2.32 -0.039  55   0 10:57:17     44633.45572    0.0000  2022/04/14
132.0000000  20.0000000   19.5799   5261.833 0.015   -3.0   -2.4 2.32 -0.040  55   0 10:58:17     44633.45641    0.0000  2022/04/14
132.0000000  20.0000000   19.5799   5261.833 0.015   -3.1   -2.5 2.32 -0.040  55   0 10:59:17     44633.45710    0.0000  2022/04/14
132.0000000  20.0000000   19.3358   5261.832 0.013   -3.2   -2.6 2.32 -0.040  55   0 11:00:17     44633.45780    0.0000  2022/04/14
132.0000000  20.0000000   19.3358   5261.832 0.011   -3.3   -2.7 2.32 -0.040  55   0 11:01:17     44633.45849    0.0000  2022/04/14
132.0000000  20.0000000   18.1151   5261.833 0.014   -3.4   -2.7 2.32 -0.041  55   0 11:02:18     44633.45919    0.0000  2022/04/14
132.0000000  20.0000000   18.6033   5261.833 0.011   -1.6    0.5 2.33 -0.042  55   2 11:07:26     44633.46275    0.0000  2022/04/14
132.0000000  20.0000000   18.6033   5261.834 0.012   -1.7    0.6 2.33 -0.043  55   0 11:08:31     44633.46350    0.0000  2022/04/14
132.0000000  20.0000000   18.3592   5261.833 0.011   -1.7    0.6 2.33 -0.043  55   0 11:09:31     44633.46420    0.0000  2022/04/14
132.0000000  20.0000000   18.3592   5261.834 0.013   -1.8    0.8 2.33 -0.043  55   0 11:10:31     44633.46489    0.0000  2022/04/14
132.0000000  20.0000000   18.3592   5261.834 0.011   -1.7    0.8 2.33 -0.043  55   0 11:11:31     44633.46558    0.0000  2022/04/14
132.0000000  20.0000000   18.3592   5261.834 0.013   -1.8    0.8 2.33 -0.044  55   0 11:12:31     44633.46628    0.0000  2022/04/14
132.0000000  20.0000000   18.3592   5261.834 0.009   -1.7    0.7 2.33 -0.044  55   0 11:13:31     44633.46697    0.0000  2022/04/14
132.0000000  20.0000000   18.1151   5261.834 0.016   -1.7    0.6 2.33 -0.044  55   0 11:14:31     44633.46766    0.0000  2022/04/14
132.0000000  20.0000000   18.1151   5261.834 0.009   -1.8    0.6 2.33 -0.045  55   0 11:15:31     44633.46836    0.0000  2022/04/14
132.0000000  20.0000000   18.1151   5261.834 0.015   -1.8    0.6 2.33 -0.045  55   0 11:16:31     44633.46905    0.0000  2022/04/14
132.0000000  20.0000000   17.8709   5261.834 0.014   -1.9    0.5 2.33 -0.045  55   0 11:17:31     44633.46974    0.0000  2022/04/14
132.0000000  20.0000000   17.8709   5261.834 0.011   -1.9    0.5 2.33 -0.046  55   0 11:18:31     44633.47044    0.0000  2022/04/14
132.0000000  20.0000000   17.8709   5261.836 0.013   -1.9    0.4 2.33 -0.046  55   0 11:19:31     44633.47113    0.0000  2022/04/14
132.0000000  20.0000000   17.8709   5261.834 0.010   -2.0    0.3 2.33 -0.046  55   0 11:20:31     44633.47182    0.0000  2022/04/14
132.0000000  20.0000000   17.8709   5261.834 0.012   -2.0    0.3 2.33 -0.047  55   0 11:21:31     44633.47252    0.0000  2022/04/14
132.0000000  20.0000000   17.6268   5261.835 0.012   -2.1    0.2 2.33 -0.047  55   1 11:22:31     44633.47321    0.0000  2022/04/14
132.0000000  20.0000000   17.6268   5261.834 0.012   -2.1    0.1 2.33 -0.047  55   0 11:23:31     44633.47390    0.0000  2022/04/14
132.0000000  20.0000000   17.6268   5261.834 0.012   -2.1    0.1 2.33 -0.047  55   0 11:24:31     44633.47460    0.0000  2022/04/14
132.0000000  20.0000000   17.3826   5261.835 0.011   -2.1    0.0 2.33 -0.048  55   0 11:25:31     44633.47529    0.0000  2022/04/14
132.0000000  20.0000000   16.4061   5261.835 0.013   -2.1    0.0 2.33 -0.048  55   0 11:26:32     44633.47600    0.0000  2022/04/14
132.0000000  30.0000000   28.8572   5281.122 0.017    0.3    0.8 2.50 -0.075  55   1 13:04:56     44633.54422    0.0000  2022/04/14
132.0000000  30.0000000   28.8572   5281.122 0.018    0.2    0.6 2.49 -0.075  55   0 13:06:01     44633.54497    0.0000  2022/04/14
132.0000000  30.0000000   28.8572   5281.124 0.015    0.1    0.4 2.47 -0.075  55   0 13:07:01     44633.54566    0.0000  2022/04/14
132.0000000  30.0000000   28.8572   5281.123 0.016    0.4    0.2 2.46 -0.075  55   0 13:08:01     44633.54636    0.0000  2022/04/14
132.0000000  30.0000000   28.8572   5281.124 0.014    0.5    0.1 2.45 -0.075  55   0 13:09:01     44633.54705    0.0000  2022/04/14
132.0000000  30.0000000   28.8572   5281.124 0.013    0.5    0.0 2.44 -0.076  55   0 13:10:01     44633.54774    0.0000  2022/04/14
132.0000000  30.0000000   28.8572   5281.124 0.013    0.6   -0.1 2.43 -0.076  55   0 13:11:01     44633.54844    0.0000  2022/04/14
132.0000000  30.0000000   28.8572   5281.124 0.014    0.7   -0.4 2.42 -0.076  55   0 13:12:01     44633.54913    0.0000  2022/04/14
132.0000000  30.0000000   28.6131   5281.124 0.015    0.8   -0.5 2.41 -0.076  55   0 13:13:01     44633.54982    0.0000  2022/04/14
132.0000000  30.0000000   28.6131   5281.125 0.015    0.8   -0.8 2.41 -0.076  55   0 13:14:01     44633.55052    0.0000  2022/04/14
132.0000000  30.0000000   28.6131   5281.125 0.013    0.8   -0.8 2.40 -0.077  55   0 13:15:01     44633.55121    0.0000  2022/04/14
132.0000000  30.0000000   28.6131   5281.125 0.014    0.9   -1.0 2.39 -0.077  55   0 13:16:01     44633.55190    0.0000  2022/04/14
132.0000000  30.0000000   28.3689   5281.124 0.015    0.7   -1.1 2.38 -0.077  55   0 13:17:01     44633.55260    0.0000  2022/04/14
132.0000000  30.0000000   28.3689   5281.125 0.015    0.9   -1.3 2.38 -0.077  55   0 13:18:01     44633.55329    0.0000  2022/04/14
132.0000000  30.0000000   28.6131   5281.124 0.012    0.8   -1.2 2.37 -0.077  55   0 13:19:01     44633.55398    0.0000  2022/04/14
132.0000000  30.0000000   28.6131   5281.125 0.012    0.9   -1.6 2.37 -0.077  55   0 13:20:01     44633.55468    0.0000  2022/04/14
132.0000000  30.0000000   28.3689   5281.125 0.016    0.9   -1.7 2.36 -0.078  55   0 13:21:01     44633.55537    0.0000  2022/04/14
132.0000000  30.0000000   28.6131   5281.126 0.013    0.8   -1.9 2.36 -0.078  55   0 13:22:01     44633.55606    0.0000  2022/04/14
132.0000000  30.0000000   28.3689   5281.125 0.015    0.9   -2.0 2.36 -0.078  55   0 13:23:01     44633.55676    0.0000  2022/04/14
132.0000000  30.0000000   28.3689   5281.125 0.013    0.8   -2.1 2.35 -0.078  55   0 13:24:01     44633.55745    0.0000  2022/04/14
132.0000000  30.0000000   28.3689   5281.126 0.019    0.8   -2.2 2.35 -0.078  55   0 13:25:01     44633.55814    0.0000  2022/04/14
132.0000000  30.0000000   28.3689   5281.126 0.014    0.7   -2.2 2.35 -0.078  55   0 13:26:01     44633.55884    0.0000  2022/04/14
132.0000000  30.0000000   28.1248   5281.125 0.015    0.6   -2.3 2.34 -0.078  55   0 13:27:01     44633.55953    0.0000  2022/04/14
132.0000000  30.0000000   28.1248   5281.127 0.016    0.6   -2.4 2.34 -0.079  55   0 13:28:01     44633.56022    0.0000  2022/04/14
132.0000000  30.0000000   28.3689   5281.125 0.012    0.3   -2.3 2.34 -0.079  55   0 13:29:01     44633.56092    0.0000  2022/04/14
132.0000000  30.0000000   28.1248   5281.126 0.014    0.5   -2.5 2.34 -0.079  55   0 13:30:01     44633.56161    0.0000  2022/04/14
132.0000000  30.0000000   28.1248   5281.126 0.017    0.4   -2.6 2.33 -0.079  55   0 13:31:01     44633.56230    0.0000  2022/04/14
132.0000000  30.0000000   28.1248   5281.126 0.016    0.2   -2.7 2.33 -0.079  55   0 13:32:01     44633.56300    0.0000  2022/04/14
132.0000000  30.0000000   28.1248   5281.126 0.016    0.2   -2.7 2.33 -0.079  55   0 13:33:01     44633.56369    0.0000  2022/04/14
132.0000000  30.0000000   27.1482   5281.126 0.016    0.0   -2.8 2.33 -0.079  55   0 13:34:02     44633.56440    0.0000  2022/04/14
132.0000000  30.0000000   28.1248   5281.128 0.019   -0.6   -1.7 2.33 -0.080  55   0 13:36:12     44633.56590    0.0000  2022/04/14
132.0000000  30.0000000   28.1248   5281.127 0.017   -0.8   -1.5 2.33 -0.080  55   0 13:37:17     44633.56665    0.0000  2022/04/14
132.0000000  30.0000000   28.1248   5281.126 0.015   -0.7   -1.7 2.33 -0.080  55   0 13:38:17     44633.56734    0.0000  2022/04/14
132.0000000  30.0000000   28.1248   5281.126 0.015   -0.8   -1.9 2.33 -0.080  55   0 13:39:17     44633.56804    0.0000  2022/04/14
132.0000000  30.0000000   28.1248   5281.127 0.019   -0.8   -2.0 2.33 -0.080  55   0 13:40:17     44633.56873    0.0000  2022/04/14
132.0000000  30.0000000   28.1248   5281.128 0.014   -0.8   -2.1 2.32 -0.080  55   0 13:41:17     44633.56942    0.0000  2022/04/14
132.0000000  30.0000000   28.1248   5281.126 0.015   -1.1   -2.1 2.32 -0.080  55   0 13:42:17     44633.57012    0.0000  2022/04/14
132.0000000  30.0000000   28.1248   5281.126 0.014   -1.1   -2.2 2.32 -0.081  55   0 13:43:17     44633.57081    0.0000  2022/04/14
132.0000000  30.0000000   28.1248   5281.128 0.013   -1.0   -2.3 2.32 -0.081  55   0 13:44:17     44633.57150    0.0000  2022/04/14
132.0000000  30.0000000   27.8807   5281.127 0.014   -1.1   -2.3 2.32 -0.081  55   0 13:45:17     44633.57220    0.0000  2022/04/14
132.0000000  30.0000000   28.1248   5281.126 0.014   -1.0   -2.4 2.32 -0.081  55   0 13:46:17     44633.57289    0.0000  2022/04/14
132.0000000  30.0000000   28.1248   5281.127 0.020   -1.2   -2.2 2.32 -0.081  55   0 13:47:17     44633.57358    0.0000  2022/04/14
132.0000000  30.0000000   27.8807   5281.127 0.014   -1.0   -2.5 2.32 -0.081  55   0 13:48:17     44633.57428    0.0000  2022/04/14
132.0000000  30.0000000   27.8807   5281.126 0.014   -1.2   -2.6 2.32 -0.081  55   0 13:49:17     44633.57497    0.0000  2022/04/14
132.0000000  30.0000000   27.8807   5281.128 0.015   -1.0   -2.8 2.32 -0.081  55   0 13:50:17     44633.57566    0.0000  2022/04/14
132.0000000  30.0000000   27.8807   5281.127 0.016   -1.0   -2.9 2.32 -0.081  55   0 13:51:17     44633.57636    0.0000  2022/04/14
132.0000000  30.0000000   27.8807   5281.129 0.015   -1.2   -2.9 2.32 -0.081  55   0 13:52:17     44633.57705    0.0000  2022/04/14
132.0000000  30.0000000   27.8807   5281.127 0.014   -1.1   -3.0 2.32 -0.081  55   0 13:53:17     44633.57774    0.0000  2022/04/14
132.0000000  30.0000000   27.8807   5281.129 0.015   -1.0   -3.1 2.32 -0.082  55   0 13:54:17     44633.57844    0.0000  2022/04/14
132.0000000  30.0000000   27.8807   5281.128 0.015   -1.1   -3.2 2.32 -0.082  55   0 13:55:17     44633.57913    0.0000  2022/04/14
132.0000000  30.0000000   27.8807   5281.128 0.013   -1.2   -3.4 2.32 -0.082  55   0 13:56:17     44633.57982    0.0000  2022/04/14
132.0000000  30.0000000   27.8807   5281.129 0.014   -1.4   -3.2 2.32 -0.082  55   0 13:57:17     44633.58052    0.0000  2022/04/14
132.0000000  30.0000000   27.8807   5281.128 0.014   -1.2   -3.4 2.32 -0.082  55   0 13:58:17     44633.58121    0.0000  2022/04/14
132.0000000  30.0000000   27.8807   5281.128 0.014   -1.2   -3.5 2.32 -0.082  55   0 13:59:17     44633.58190    0.0000  2022/04/14
132.0000000  30.0000000   27.8807   5281.127 0.015   -1.4   -3.4 2.32 -0.082  55   0 14:00:17     44633.58260    0.0000  2022/04/14
132.0000000  30.0000000   27.6365   5281.127 0.013   -1.2   -3.5 2.32 -0.082  55   0 14:01:17     44633.58329    0.0000  2022/04/14
132.0000000  30.0000000   27.8807   5281.127 0.014   -1.3   -3.6 2.32 -0.082  55   0 14:02:17     44633.58398    0.0000  2022/04/14
132.0000000  30.0000000   27.8807   5281.128 0.015   -1.4   -3.6 2.32 -0.082  55   0 14:03:17     44633.58468    0.0000  2022/04/14
132.0000000  30.0000000   27.6365   5281.128 0.014   -1.3   -3.7 2.32 -0.082  55   0 14:04:17     44633.58537    0.0000  2022/04/14
132.0000000  30.0000000   26.6600   5281.130 0.015   -1.5   -3.7 2.32 -0.082  55   0 14:05:18     44633.58607    0.0000  2022/04/14
132.0000000  10.0000000   31.5428   5307.621 0.088   -1.9   -0.7 2.57 -0.080  55   1 15:05:14     44633.62763    0.0000  2022/04/14
132.0000000  10.0000000   31.2986   5307.619 0.031   -2.0   -1.0 2.56 -0.080  55   0 15:06:19     44633.62838    0.0000  2022/04/14
132.0000000  10.0000000   31.2986   5307.620 0.030   -2.0   -1.3 2.54 -0.080  55   0 15:07:19     44633.62907    0.0000  2022/04/14
132.0000000  10.0000000   31.2986   5307.620 0.033   -2.0   -1.6 2.52 -0.080  55   0 15:08:19     44633.62977    0.0000  2022/04/14
132.0000000  10.0000000   31.2986   5307.618 0.037   -2.1   -1.7 2.51 -0.080  55   1 15:09:19     44633.63046    0.0000  2022/04/14
132.0000000  10.0000000   31.2986   5307.620 0.030   -2.1   -1.8 2.49 -0.079  55   0 15:10:19     44633.63115    0.0000  2022/04/14
132.0000000  10.0000000   31.2986   5307.621 0.043   -2.2   -2.0 2.48 -0.079  55   0 15:11:19     44633.63185    0.0000  2022/04/14
132.0000000  10.0000000   31.2986   5307.622 0.060   -2.4   -1.9 2.47 -0.079  55   0 15:12:19     44633.63254    0.0000  2022/04/14
132.0000000  10.0000000   31.2986   5307.620 0.044   -2.2   -2.2 2.46 -0.079  55   0 15:13:19     44633.63323    0.0000  2022/04/14
132.0000000  10.0000000   31.2986   5307.619 0.037   -2.1   -2.3 2.44 -0.079  55   2 15:14:19     44633.63393    0.0000  2022/04/14
132.0000000  10.0000000   31.2986   5307.621 0.043   -2.2   -2.5 2.43 -0.079  55   2 15:15:19     44633.63462    0.0000  2022/04/14
132.0000000  10.0000000   31.2986   5307.619 0.034   -2.2   -2.7 2.42 -0.079  55   1 15:16:19     44633.63531    0.0000  2022/04/14
132.0000000  10.0000000   31.0545   5307.621 0.031   -2.2   -2.8 2.42 -0.078  55   0 15:17:19     44633.63601    0.0000  2022/04/14
132.0000000  10.0000000   31.2986   5307.621 0.038   -2.3   -3.0 2.41 -0.078  55   0 15:18:19     44633.63670    0.0000  2022/04/14
132.0000000  10.0000000   31.2986   5307.621 0.043   -2.5   -2.9 2.40 -0.078  55   0 15:19:19     44633.63739    0.0000  2022/04/14
132.0000000  10.0000000   31.2986   5307.621 0.045   -2.3   -3.2 2.40 -0.078  55   0 15:20:19     44633.63809    0.0000  2022/04/14
132.0000000  10.0000000   31.5428   5307.622 0.039   -2.4   -3.5 2.39 -0.078  55   0 15:21:19     44633.63878    0.0000  2022/04/14
132.0000000  10.0000000   31.2986   5307.622 0.036   -2.4   -3.6 2.38 -0.078  55   0 15:22:19     44633.63947    0.0000  2022/04/14
132.0000000  10.0000000   31.2986   5307.622 0.041   -2.5   -3.7 2.38 -0.077  55   1 15:23:19     44633.64017    0.0000  2022/04/14
132.0000000  10.0000000   31.2986   5307.624 0.033   -2.5   -3.9 2.37 -0.077  55   0 15:24:19     44633.64086    0.0000  2022/04/14
132.0000000  10.0000000   31.2986   5307.623 0.029   -2.6   -4.0 2.37 -0.077  55   0 15:25:19     44633.64155    0.0000  2022/04/14
132.0000000  10.0000000   31.2986   5307.623 0.033   -2.5   -4.2 2.37 -0.077  55   0 15:26:19     44633.64225    0.0000  2022/04/14
132.0000000  10.0000000   31.2986   5307.624 0.030   -2.6   -4.3 2.36 -0.077  55   0 15:27:19     44633.64294    0.0000  2022/04/14
132.0000000  10.0000000   31.0545   5307.623 0.039   -2.7   -4.4 2.36 -0.077  55   0 15:28:19     44633.64363    0.0000  2022/04/14
132.0000000  10.0000000   31.2986   5307.622 0.050   -2.7   -4.6 2.36 -0.076  55   1 15:29:19     44633.64433    0.0000  2022/04/14
132.0000000  10.0000000   31.0545   5307.623 0.030   -2.8   -4.7 2.36 -0.076  55   0 15:30:19     44633.64502    0.0000  2022/04/14
132.0000000  10.0000000   31.2986   5307.624 0.039   -2.7   -4.8 2.35 -0.076  55   0 15:31:19     44633.64571    0.0000  2022/04/14
132.0000000  10.0000000   31.2986   5307.624 0.073   -2.7   -5.0 2.35 -0.076  55   0 15:32:19     44633.64641    0.0000  2022/04/14
132.0000000  10.0000000   31.0545   5307.623 0.037   -2.8   -5.0 2.35 -0.076  55   0 15:33:19     44633.64710    0.0000  2022/04/14
132.0000000  10.0000000   31.2986   5307.623 0.034   -2.9   -5.1 2.35 -0.075  55   0 15:34:19     44633.64779    0.0000  2022/04/14
132.0000000  10.0000000   31.2986   5307.623 0.029   -3.0   -5.3 2.34 -0.075  55   0 15:35:19     44633.64849    0.0000  2022/04/14
132.0000000  10.0000000   31.2986   5307.624 0.032   -2.9   -5.3 2.34 -0.075  55   0 15:36:19     44633.64918    0.0000  2022/04/14
132.0000000  10.0000000   31.2986   5307.624 0.036   -3.0   -5.5 2.34 -0.075  55   0 15:37:19     44633.64987    0.0000  2022/04/14
132.0000000  10.0000000   31.2986   5307.624 0.042   -3.0   -5.4 2.34 -0.075  55   1 15:38:19     44633.65057    0.0000  2022/04/14
132.0000000  10.0000000   31.0545   5307.625 0.070   -3.2   -5.3 2.34 -0.074  55   0 15:39:19     44633.65126    0.0000  2022/04/14
132.0000000  10.0000000   31.2986   5307.625 0.062   -3.0   -5.8 2.34 -0.074  55   2 15:40:19     44633.65195    0.0000  2022/04/14
132.0000000  10.0000000   31.2986   5307.623 0.065   -3.1   -5.8 2.34 -0.074  55   2 15:41:19     44633.65265    0.0000  2022/04/14
132.0000000  10.0000000   31.2986   5307.624 0.086   -3.3   -5.7 2.34 -0.074  55   9 15:42:19     44633.65334    0.0000  2022/04/14
132.0000000  10.0000000   31.2986   5307.625 0.034   -3.1   -6.0 2.34 -0.074  55   0 15:43:19     44633.65403    0.0000  2022/04/14
132.0000000  10.0000000   31.2986   5307.625 0.058   -3.3   -5.9 2.34 -0.073  55   0 15:44:19     44633.65473    0.0000  2022/04/14
132.0000000  10.0000000   31.2986   5307.624 0.033   -3.2   -6.2 2.34 -0.073  55   0 15:45:19     44633.65542    0.0000  2022/04/14
132.0000000  10.0000000   31.0545   5307.625 0.037   -3.1   -6.2 2.34 -0.073  55   0 15:46:19     44633.65611    0.0000  2022/04/14
132.0000000  10.0000000   31.2986   5307.624 0.055   -3.2   -6.3 2.33 -0.073  55   0 15:47:19     44633.65681    0.0000  2022/04/14
132.0000000  10.0000000   31.2986   5307.625 0.052   -3.2   -6.4 2.33 -0.073  55   0 15:48:19     44633.65750    0.0000  2022/04/14
132.0000000  10.0000000   31.2986   5307.624 0.038   -3.3   -6.5 2.33 -0.072  55   0 15:49:19     44633.65819    0.0000  2022/04/14
132.0000000  10.0000000   31.0545   5307.625 0.050   -3.3   -6.5 2.33 -0.072  55   0 15:50:19     44633.65889    0.0000  2022/04/14
132.0000000  10.0000000   31.0545   5307.626 0.025   -3.3   -6.6 2.33 -0.072  55   1 15:51:19     44633.65958    0.0000  2022/04/14
132.0000000  10.0000000   31.2986   5307.625 0.037   -3.3   -6.8 2.33 -0.072  55   2 15:52:19     44633.66027    0.0000  2022/04/14
132.0000000  10.0000000   31.0545   5307.625 0.041   -3.4   -6.8 2.33 -0.071  55   0 15:53:19     44633.66097    0.0000  2022/04/14
132.0000000  10.0000000   31.2986   5307.624 0.033   -3.5   -6.6 2.33 -0.071  55   1 15:54:19     44633.66166    0.0000  2022/04/14
132.0000000  10.0000000   31.0545   5307.625 0.079   -3.4   -7.0 2.33 -0.071  55   3 15:55:19     44633.66235    0.0000  2022/04/14
132.0000000  10.0000000   31.2986   5307.625 0.051   -3.4   -7.0 2.33 -0.071  55   0 15:56:19     44633.66305    0.0000  2022/04/14
132.0000000  10.0000000   31.0545   5307.625 0.037   -3.4   -7.1 2.33 -0.070  55   0 15:57:19     44633.66374    0.0000  2022/04/14
132.0000000  10.0000000   31.2986   5307.625 0.036   -3.4   -7.2 2.33 -0.070  55   0 15:58:19     44633.66443    0.0000  2022/04/14
132.0000000  10.0000000   31.0545   5307.627 0.033   -3.4   -7.2 2.33 -0.070  55   0 15:59:19     44633.66513    0.0000  2022/04/14
132.0000000  10.0000000   31.0545   5307.625 0.041   -3.4   -7.3 2.33 -0.070  55   0 16:00:19     44633.66582    0.0000  2022/04/14
132.0000000  10.0000000   31.2986   5307.622 0.072   -3.5   -7.4 2.33 -0.069  55   1 16:01:19     44633.66651    0.0000  2022/04/14
132.0000000  10.0000000   31.2986   5307.624 0.054   -3.4   -7.5 2.33 -0.069  55   2 16:02:19     44633.66721    0.0000  2022/04/14
132.0000000  10.0000000   31.2986   5307.626 0.038   -3.7   -7.2 2.33 -0.069  55   0 16:03:19     44633.66790    0.0000  2022/04/14
132.0000000  10.0000000   29.3455   5307.625 0.108   -3.5   -7.6 2.33 -0.069  55   6 16:04:20     44633.66860    0.0000  2022/04/14