/		CG-6 Survey
/		Survey Name:	110A-KPRE-ZVEB
/		Instrument Serial Number:	000000021080368
/		Created:	2022-04-14 05:29:03
/
/		CG-6 Calibration
/		Operator:	AKE
/		Gcal1 [mGal]:	7960.246000
/		Goff [ADU]:	-8388608.000000
/		Gref [mGal]:	0.0000
/		X Scale [arc-sec/ADU]:	0.030913
/		Y Scale [arc-sec/ADU]:	0.031179
/		X Offset [ADU]:	-198388.746919
/		Y Offset [ADU]:	-94188.153940
/		Temperature Coefficient [mGal/mK]:	-0.129000
/		Temperature Scale [mK/ADU]:	-0.000111
/		Drift Rate [mGal/day]:	-0.021437
/		Drift Zero Time:	2021-08-16 18:07:31
/		Firmware Version:	CG6_2_20190125
/
/Station	Date	Time	CorrGrav	Line	StdDev	StdErr	RawGrav	X	Y	SensorTemp	TideCorr	TiltCorr	TempCorr	DriftCorr	MeasurDur	InstrHeight	LatUser	LonUser	ElevUser	LatGPS	LonGPS	ElevGPS	Corrections[drift-temp-na-tide-tilt]
13	2022-04-14	05:29:03	5490.6746	132	0.0256	0.0033	5485.5004	4.6	-1.3	0.5485	-0.0521	0.0003	0.0708	5.1551	60	0.000	55.800000	37.500000	0.00	55.854988	37.515949	147.5	11011
13	2022-04-14	05:30:03	5490.6739	132	0.0142	0.0018	5485.4995	4.0	-1.1	0.5476	-0.0517	0.0002	0.0708	5.1551	60	0.000	55.800000	37.500000	0.00	55.855015	37.515854	147.4	11011
13	2022-04-14	05:31:03	5490.6714	132	0.0155	0.0020	5485.4968	3.4	-0.5	0.5491	-0.0514	0.0002	0.0706	5.1551	60	0.000	55.800000	37.500000	0.00	55.855026	37.516060	147.3	11011
13	2022-04-14	05:32:03	5490.6716	132	0.0137	0.0018	5485.4967	3.7	1.1	0.5426	-0.0511	0.0002	0.0706	5.1552	60	0.000	55.800000	37.500000	0.00	55.855026	37.516136	147.4	11011
13	2022-04-14	05:33:03	5490.6727	132	0.0131	0.0017	5485.4972	5.0	-0.9	0.5523	-0.0507	0.0003	0.0707	5.1552	60	0.000	55.800000	37.500000	0.00	55.855186	37.516712	147.4	11011
13	2022-04-14	05:34:03	5490.6733	132	0.0127	0.0016	5485.4977	4.6	-0.3	0.5456	-0.0504	0.0003	0.0706	5.1552	60	0.000	55.800000	37.500000	0.00	55.855209	37.516556	147.6	11011
13	2022-04-14	05:35:03	5490.6719	132	0.0112	0.0014	5485.4960	5.1	-0.1	0.5469	-0.0500	0.0003	0.0705	5.1552	60	0.000	55.800000	37.500000	0.00	55.855038	37.516060	147.7	11011
13	2022-04-14	05:36:03	5490.6729	132	0.0127	0.0016	5485.4964	4.8	-0.5	0.5469	-0.0497	0.0003	0.0706	5.1552	60	0.000	55.800000	37.500000	0.00	55.855026	37.515945	147.3	11011
13	2022-04-14	05:37:03	5490.6720	132	0.0109	0.0014	5485.4952	5.5	-0.9	0.5495	-0.0494	0.0004	0.0706	5.1552	60	0.000	55.800000	37.500000	0.00	55.855083	37.516064	147.6	11011
13	2022-04-14	05:38:03	5490.6722	132	0.0134	0.0017	5485.4950	5.4	-1.8	0.5520	-0.0490	0.0005	0.0706	5.1552	60	0.000	55.800000	37.500000	0.00	55.855133	37.516121	147.9	11011
13	2022-04-14	05:39:03	5490.6722	132	0.0117	0.0015	5485.4949	4.2	-1.2	0.5456	-0.0487	0.0002	0.0706	5.1553	60	0.000	55.800000	37.500000	0.00	55.855122	37.516071	148.2	11011
13	2022-04-14	05:40:03	5490.6732	132	0.0115	0.0015	5485.4953	4.4	-3.5	0.5497	-0.0484	0.0004	0.0706	5.1553	60	0.000	55.800000	37.500000	0.00	55.855110	37.516060	148.3	11011
13	2022-04-14	05:41:03	5490.6727	132	0.0132	0.0017	5485.4943	4.4	-2.4	0.5496	-0.0480	0.0004	0.0708	5.1553	60	0.000	55.800000	37.500000	0.00	55.855110	37.516064	148.0	11011
13	2022-04-14	05:42:03	5490.6723	132	0.0113	0.0015	5485.4938	4.8	-2.4	0.5505	-0.0477	0.0004	0.0705	5.1553	60	0.000	55.800000	37.500000	0.00	55.855015	37.515881	148.1	11011
13	2022-04-14	05:43:03	5490.6718	132	0.0132	0.0017	5485.4927	4.7	-2.2	0.5475	-0.0474	0.0003	0.0709	5.1553	60	0.000	55.800000	37.500000	0.00	55.855122	37.516071	148.8	11011
13	2022-04-14	05:44:03	5490.6711	132	0.0135	0.0017	5485.4915	5.8	-1.1	0.5434	-0.0470	0.0005	0.0708	5.1553	60	0.000	55.800000	37.500000	0.00	55.855072	37.516079	148.9	11011
13	2022-04-14	05:45:03	5490.6732	132	0.0141	0.0018	5485.4935	5.2	-2.2	0.5424	-0.0467	0.0004	0.0706	5.1554	60	0.000	55.800000	37.500000	0.00	55.855064	37.516041	149.1	11011
13	2022-04-14	05:46:03	5490.6720	132	0.0120	0.0016	5485.4922	5.1	-1.5	0.5486	-0.0464	0.0004	0.0705	5.1554	60	0.000	55.800000	37.500000	0.00	55.855053	37.516033	148.7	11011
13	2022-04-14	05:47:03	5490.6731	132	0.0163	0.0021	5485.4927	6.5	-1.8	0.5475	-0.0461	0.0005	0.0706	5.1554	60	0.000	55.800000	37.500000	0.00	55.855076	37.516167	148.7	11011
13	2022-04-14	05:48:03	5490.6727	132	0.0137	0.0018	5485.4917	7.1	-0.7	0.5523	-0.0457	0.0005	0.0708	5.1554	60	0.000	55.800000	37.500000	0.00	55.855076	37.516102	149.0	11011
13	2022-04-14	05:49:03	5490.6730	132	0.0114	0.0015	5485.4918	7.2	-2.2	0.5446	-0.0454	0.0006	0.0706	5.1554	60	0.000	55.800000	37.500000	0.00	55.855015	37.515835	148.1	11011
13	2022-04-14	05:50:03	5490.6728	132	0.0151	0.0020	5485.4909	7.7	-3.1	0.5504	-0.0451	0.0008	0.0707	5.1554	60	0.000	55.800000	37.500000	0.00	55.855038	37.515835	147.9	11011
13	2022-04-14	05:51:03	5490.6734	132	0.0133	0.0017	5485.4913	6.5	-3.5	0.5445	-0.0447	0.0007	0.0707	5.1554	60	0.000	55.800000	37.500000	0.00	55.855133	37.516079	147.7	11011
13	2022-04-14	05:52:03	5490.6720	132	0.0146	0.0019	5485.4898	5.7	-3.0	0.5481	-0.0444	0.0006	0.0706	5.1555	60	0.000	55.800000	37.500000	0.00	55.855160	37.516174	147.6	11011
13	2022-04-14	05:53:03	5490.6730	132	0.0114	0.0015	5485.4902	6.3	-3.5	0.5507	-0.0441	0.0006	0.0708	5.1555	60	0.000	55.800000	37.500000	0.00	55.855083	37.516365	148.0	11011
13	2022-04-14	05:54:03	5490.6727	132	0.0117	0.0015	5485.4899	4.5	-3.8	0.5440	-0.0438	0.0005	0.0707	5.1555	60	0.000	55.800000	37.500000	0.00	55.855095	37.516243	148.1	11011
13	2022-04-14	05:55:03	5490.6725	132	0.0120	0.0015	5485.4894	4.6	-2.8	0.5488	-0.0434	0.0004	0.0707	5.1555	60	0.000	55.800000	37.500000	0.00	55.855083	37.516426	148.0	11011
13	2022-04-14	05:56:03	5490.6722	132	0.0135	0.0017	5485.4888	3.2	-2.9	0.5426	-0.0431	0.0002	0.0707	5.1555	60	0.000	55.800000	37.500000	0.00	55.855083	37.516365	148.9	11011
13	2022-04-14	05:57:03	5490.6726	132	0.0118	0.0015	5485.4887	4.2	-2.5	0.5425	-0.0428	0.0004	0.0708	5.1555	60	0.000	55.800000	37.500000	0.00	55.855103	37.516186	149.2	11011
13	2022-04-14	05:58:03	5490.6723	132	0.0115	0.0015	5485.4883	3.4	-3.4	0.5487	-0.0425	0.0003	0.0706	5.1555	60	0.000	55.800000	37.500000	0.00	55.854904	37.516331	149.7	11011
13	2022-04-14	05:59:03	5490.6716	132	0.0117	0.0015	5485.4872	3.3	-2.3	0.5488	-0.0421	0.0003	0.0707	5.1556	60	0.000	55.800000	37.500000	0.00	55.855141	37.516308	151.6	11011
13	2022-04-14	06:00:03	5490.6721	132	0.0125	0.0016	5485.4873	3.8	-1.6	0.5477	-0.0418	0.0003	0.0708	5.1556	60	0.000	55.800000	37.500000	0.00	55.855110	37.516041	151.7	11011
13	2022-04-14	06:01:03	5490.6722	132	0.0134	0.0017	5485.4872	2.1	-3.0	0.5488	-0.0415	0.0002	0.0707	5.1556	60	0.000	55.800000	37.500000	0.00	55.855019	37.516197	152.0	11011
13	2022-04-14	06:02:03	5490.6727	132	0.0103	0.0013	5485.4872	3.5	-2.6	0.5526	-0.0412	0.0003	0.0708	5.1556	60	0.000	55.800000	37.500000	0.00	55.855103	37.516148	152.2	11011
13	2022-04-14	06:03:03	5490.6723	132	0.0127	0.0016	5485.4867	3.9	-1.0	0.5566	-0.0409	0.0002	0.0706	5.1556	60	0.000	55.800000	37.500000	0.00	55.855007	37.516174	150.7	11011
13	2022-04-14	06:04:03	5490.6724	132	0.0110	0.0014	5485.4863	3.7	-1.0	0.5457	-0.0406	0.0002	0.0708	5.1556	60	0.000	55.800000	37.500000	0.00	55.855064	37.516159	152.0	11011
13	2022-04-14	06:05:03	5490.6721	132	0.0108	0.0014	5485.4857	5.1	-0.4	0.5476	-0.0402	0.0003	0.0707	5.1556	60	0.000	55.800000	37.500000	0.00	55.855053	37.516243	152.4	11011
13	2022-04-14	06:06:03	5490.6735	132	0.0144	0.0019	5485.4869	4.4	-1.8	0.5417	-0.0399	0.0003	0.0706	5.1557	60	0.000	55.800000	37.500000	0.00	55.855053	37.516273	152.7	11011
13	2022-04-14	06:07:03	5490.6731	132	0.0134	0.0017	5485.4860	5.3	-1.7	0.5524	-0.0396	0.0004	0.0707	5.1557	60	0.000	55.800000	37.500000	0.00	55.855110	37.516121	152.2	11011
13	2022-04-14	06:08:03	5490.6729	132	0.0136	0.0018	5485.4856	4.9	-1.3	0.5438	-0.0393	0.0003	0.0707	5.1557	60	0.000	55.800000	37.500000	0.00	55.854950	37.516262	152.7	11011
13	2022-04-14	06:09:03	5490.6718	132	0.0127	0.0016	5485.4841	4.9	-1.5	0.5441	-0.0390	0.0003	0.0707	5.1557	60	0.000	55.800000	37.500000	0.00	55.855095	37.516293	153.7	11011
13	2022-04-14	06:10:03	5490.6712	132	0.0141	0.0018	5485.4830	5.0	-2.9	0.5509	-0.0387	0.0005	0.0707	5.1557	60	0.000	55.800000	37.500000	0.00	55.855103	37.516178	153.1	11011
13	2022-04-14	06:11:03	5490.6723	132	0.0123	0.0016	5485.4835	5.6	-1.5	0.5488	-0.0384	0.0005	0.0709	5.1557	60	0.000	55.800000	37.500000	0.00	55.855026	37.516453	152.7	11011
13	2022-04-14	06:12:03	5490.6715	132	0.0140	0.0018	5485.4828	5.2	-1.3	0.5504	-0.0381	0.0003	0.0708	5.1558	60	0.000	55.800000	37.500000	0.00	55.855019	37.516235	154.1	11011
13	2022-04-14	06:13:03	5490.6723	132	0.0144	0.0019	5485.4830	5.3	-2.1	0.5523	-0.0377	0.0005	0.0708	5.1558	60	0.000	55.800000	37.500000	0.00	55.855045	37.516136	154.0	11011
13	2022-04-14	06:14:03	5490.6713	132	0.0108	0.0014	5485.4819	4.9	-1.8	0.5506	-0.0374	0.0004	0.0707	5.1558	60	0.000	55.800000	37.500000	0.00	55.855026	37.516224	155.5	11011
13	2022-04-14	06:15:03	5490.6737	132	0.0124	0.0016	5485.4836	6.2	-2.1	0.5463	-0.0371	0.0006	0.0708	5.1558	60	0.000	55.800000	37.500000	0.00	55.854988	37.516216	155.9	11011
13	2022-04-14	06:16:03	5490.6721	132	0.0128	0.0017	5485.4817	6.3	-2.4	0.5477	-0.0368	0.0006	0.0707	5.1558	60	0.000	55.800000	37.500000	0.00	55.854996	37.516232	156.7	11011
13	2022-04-14	06:17:03	5490.6721	132	0.0108	0.0014	5485.4817	5.1	-2.2	0.5476	-0.0365	0.0004	0.0708	5.1558	60	0.000	55.800000	37.500000	0.00	55.854980	37.516060	157.2	11011
13	2022-04-14	06:18:03	5490.6720	132	0.0146	0.0019	5485.4811	5.4	-3.6	0.5509	-0.0362	0.0004	0.0707	5.1558	60	0.000	55.800000	37.500000	0.00	55.855026	37.516197	158.3	11011
13	2022-04-14	06:19:03	5490.6715	132	0.0135	0.0017	5485.4802	5.8	-4.8	0.5491	-0.0359	0.0008	0.0706	5.1559	60	0.000	55.800000	37.500000	0.00	55.854988	37.516346	160.9	11011
13	2022-04-14	06:20:03	5490.6726	132	0.0113	0.0015	5485.4808	6.1	-3.7	0.5544	-0.0356	0.0007	0.0709	5.1559	60	0.000	55.800000	37.500000	0.00	55.854874	37.516891	166.1	11011
13	2022-04-14	06:21:03	5490.6725	132	0.0123	0.0016	5485.4805	6.6	-3.0	0.5504	-0.0353	0.0007	0.0707	5.1559	60	0.000	55.800000	37.500000	0.00	55.855026	37.516262	166.5	11011
13	2022-04-14	06:22:03	5490.6720	132	0.0131	0.0017	5485.4798	6.2	-2.5	0.5432	-0.0350	0.0006	0.0707	5.1559	60	0.000	55.800000	37.500000	0.00	55.855122	37.516026	166.6	11011
13	2022-04-14	06:23:03	5490.6722	132	0.0126	0.0016	5485.4797	5.2	-2.1	0.5458	-0.0347	0.0004	0.0709	5.1559	60	0.000	55.800000	37.500000	0.00	55.855129	37.516117	170.2	11011
13	2022-04-14	06:24:03	5490.6728	132	0.0130	0.0017	5485.4801	5.6	-1.4	0.5537	-0.0344	0.0004	0.0708	5.1559	60	0.000	55.800000	37.500000	0.00	55.855133	37.515907	170.9	11011
13	2022-04-14	06:25:03	5490.6726	132	0.0121	0.0016	5485.4796	5.5	-2.3	0.5589	-0.0342	0.0004	0.0708	5.1559	60	0.000	55.800000	37.500000	0.00	55.855129	37.515984	169.5	11011
13	2022-04-14	06:26:03	5490.6729	132	0.0139	0.0018	5485.4797	4.8	-1.2	0.5472	-0.0339	0.0003	0.0709	5.1560	60	0.000	55.800000	37.500000	0.00	55.855053	37.516148	171.6	11011
13	2022-04-14	06:27:03	5490.6710	132	0.0120	0.0015	5485.4774	4.2	-1.9	0.5528	-0.0336	0.0003	0.0708	5.1560	60	0.000	55.800000	37.500000	0.00	55.855053	37.516319	175.2	11011
13	2022-04-14	06:28:03	5490.6724	132	0.0134	0.0017	5485.4786	4.6	-2.6	0.5432	-0.0333	0.0004	0.0707	5.1560	60	0.000	55.800000	37.500000	0.00	55.855026	37.516121	173.1	11011
33	2022-04-14	07:46:08	5464.1523	132	0.0122	0.0016	5458.9390	1.1	-0.6	0.5629	-0.0168	0.0001	0.0729	5.1572	60	0.000	55.800000	37.500000	0.00	55.758202	37.568207	142.9	11011
33	2022-04-14	07:47:08	5464.1497	132	0.0129	0.0017	5458.9365	1.7	0.9	0.5658	-0.0167	0.0001	0.0727	5.1572	60	0.000	55.800000	37.500000	0.00	55.757950	37.568378	143.1	11011
33	2022-04-14	07:48:08	5464.1503	132	0.0130	0.0017	5458.9371	0.8	1.2	0.5612	-0.0166	0.0000	0.0725	5.1572	60	0.000	55.800000	37.500000	0.00	55.758076	37.568230	143.0	11011
33	2022-04-14	07:49:08	5464.1515	132	0.0140	0.0018	5458.9385	-0.1	1.3	0.5566	-0.0165	0.0000	0.0722	5.1572	60	0.000	55.800000	37.500000	0.00	55.758049	37.568333	143.2	11011
33	2022-04-14	07:50:08	5464.1509	132	0.0148	0.0019	5458.9381	-0.3	0.6	0.5482	-0.0164	0.0000	0.0720	5.1572	60	0.000	55.800000	37.500000	0.00	55.758286	37.568115	145.2	11011
33	2022-04-14	07:51:08	5464.1519	132	0.0144	0.0019	5458.9390	0.6	1.4	0.5599	-0.0163	0.0001	0.0719	5.1572	60	0.000	55.800000	37.500000	0.00	55.758083	37.568161	145.2	11011
33	2022-04-14	07:52:08	5464.1519	132	0.0129	0.0017	5458.9391	0.5	1.5	0.5606	-0.0161	0.0001	0.0716	5.1572	60	0.000	55.800000	37.500000	0.00	55.758133	37.568153	145.1	11011
33	2022-04-14	07:53:08	5464.1526	132	0.0140	0.0018	5458.9396	0.5	1.1	0.5594	-0.0160	0.0000	0.0717	5.1573	60	0.000	55.800000	37.500000	0.00	55.758198	37.568161	145.5	11011
33	2022-04-14	07:54:08	5464.1509	132	0.0130	0.0017	5458.9380	0.9	1.2	0.5522	-0.0159	0.0001	0.0715	5.1573	60	0.000	55.800000	37.500000	0.00	55.758488	37.568077	146.7	11011
33	2022-04-14	07:55:08	5464.1513	132	0.0124	0.0016	5458.9386	1.3	0.7	0.5580	-0.0158	0.0000	0.0712	5.1573	60	0.000	55.800000	37.500000	0.00	55.758312	37.568245	147.5	11011
33	2022-04-14	07:56:08	5464.1513	132	0.0136	0.0018	5458.9386	0.8	-0.2	0.5446	-0.0158	0.0000	0.0712	5.1573	60	0.000	55.800000	37.500000	0.00	55.758106	37.568245	147.4	11011
33	2022-04-14	07:57:08	5464.1502	132	0.0101	0.0013	5458.9374	0.7	1.4	0.5486	-0.0157	0.0001	0.0711	5.1573	60	0.000	55.800000	37.500000	0.00	55.758163	37.568169	147.3	11011
33	2022-04-14	07:58:08	5464.1518	132	0.0130	0.0017	5458.9388	2.0	2.1	0.5494	-0.0156	0.0002	0.0710	5.1573	60	0.000	55.800000	37.500000	0.00	55.757942	37.568390	147.8	11011
33	2022-04-14	07:59:08	5464.1519	132	0.0144	0.0019	5458.9390	2.5	2.3	0.5422	-0.0155	0.0002	0.0708	5.1573	60	0.000	55.800000	37.500000	0.00	--	--	--	11011
33	2022-04-14	08:00:08	5464.1512	132	0.0140	0.0018	5458.9381	2.8	2.2	0.5481	-0.0154	0.0002	0.0709	5.1574	60	0.000	55.800000	37.500000	0.00	55.757992	37.568722	146.5	11011
33	2022-04-14	08:01:08	5464.1516	132	0.0127	0.0016	5458.9388	2.2	1.5	0.5447	-0.0153	0.0001	0.0706	5.1574	60	0.000	55.800000	37.500000	0.00	--	--	--	11011
33	2022-04-14	08:02:08	5464.1488	132	0.0150	0.0019	5458.9359	2.0	1.1	0.5563	-0.0152	0.0001	0.0706	5.1574	60	0.000	55.800000	37.500000	0.00	55.758541	37.567818	148.2	11011
33	2022-04-14	08:03:08	5464.1528	132	0.0111	0.0014	5458.9399	2.1	1.9	0.5422	-0.0152	0.0001	0.0705	5.1574	60	0.000	55.800000	37.500000	0.00	55.757961	37.568478	148.6	11011
33	2022-04-14	08:04:08	5464.1508	132	0.0151	0.0020	5458.9377	1.8	1.9	0.5467	-0.0151	0.0001	0.0707	5.1574	60	0.000	55.800000	37.500000	0.00	--	--	--	11011
33	2022-04-14	08:05:08	5464.1509	132	0.0131	0.0017	5458.9379	0.7	2.2	0.5505	-0.0150	0.0001	0.0705	5.1574	60	0.000	55.800000	37.500000	0.00	55.758114	37.568314	146.9	11011
33	2022-04-14	08:06:08	5464.1525	132	0.0150	0.0019	5458.9395	2.2	3.4	0.5436	-0.0149	0.0002	0.0703	5.1575	60	0.000	55.800000	37.500000	0.00	55.758141	37.568161	146.3	11011
33	2022-04-14	08:07:08	5464.1505	132	0.0129	0.0017	5458.9374	1.2	2.4	0.5505	-0.0149	0.0001	0.0704	5.1575	60	0.000	55.800000	37.500000	0.00	55.758087	37.568295	148.3	11011
33	2022-04-14	08:08:08	5464.1507	132	0.0133	0.0017	5458.9375	0.9	3.0	0.5496	-0.0148	0.0002	0.0704	5.1575	60	0.000	55.800000	37.500000	0.00	55.758095	37.568169	148.1	11011
33	2022-04-14	08:09:08	5464.1521	132	0.0114	0.0015	5458.9388	0.5	1.9	0.5504	-0.0148	0.0001	0.0705	5.1575	60	0.000	55.800000	37.500000	0.00	55.757999	37.568340	150.1	11011
33	2022-04-14	08:10:08	5464.1522	132	0.0140	0.0018	5458.9388	1.5	2.4	0.5461	-0.0147	0.0001	0.0704	5.1575	60	0.000	55.800000	37.500000	0.00	55.758106	37.568245	150.9	11011
33	2022-04-14	08:11:08	5464.1510	132	0.0126	0.0016	5458.9377	0.8	2.1	0.5442	-0.0147	0.0001	0.0704	5.1575	60	0.000	55.800000	37.500000	0.00	55.758541	37.568039	148.7	11011
33	2022-04-14	08:12:08	5464.1533	132	0.0158	0.0020	5458.9400	1.2	3.4	0.5417	-0.0146	0.0002	0.0701	5.1575	60	0.000	55.800000	37.500000	0.00	55.758259	37.568333	148.7	11011
33	2022-04-14	08:13:08	5464.1520	132	0.0122	0.0016	5458.9388	1.6	2.4	0.5442	-0.0146	0.0001	0.0701	5.1576	60	0.000	55.800000	37.500000	0.00	55.758198	37.568172	149.5	11011
33	2022-04-14	08:14:08	5464.1494	132	0.0123	0.0016	5458.9361	1.4	2.1	0.5472	-0.0145	0.0001	0.0701	5.1576	60	0.000	55.800000	37.500000	0.00	55.758179	37.568016	150.3	11011
33	2022-04-14	08:15:08	5464.1520	132	0.0127	0.0016	5458.9388	0.7	2.1	0.5514	-0.0145	0.0001	0.0700	5.1576	60	0.000	55.800000	37.500000	0.00	55.758667	37.568008	148.1	11011
33	2022-04-14	08:16:08	5464.1521	132	0.0147	0.0019	5458.9387	0.9	1.5	0.5454	-0.0144	0.0000	0.0702	5.1576	60	0.000	55.800000	37.500000	0.00	55.758121	37.568264	149.1	11011
33	2022-04-14	08:17:08	5464.1518	132	0.0118	0.0015	5458.9382	2.4	2.6	0.5446	-0.0144	0.0002	0.0701	5.1576	60	0.000	55.800000	37.500000	0.00	55.758083	37.568226	149.3	11011
33	2022-04-14	08:18:08	5464.1501	132	0.0135	0.0017	5458.9367	1.7	1.9	0.5391	-0.0143	0.0001	0.0700	5.1576	60	0.000	55.800000	37.500000	0.00	55.758381	37.568142	144.2	11011
33	2022-04-14	08:19:08	5464.1518	132	0.0152	0.0020	5458.9379	2.8	3.2	0.5437	-0.0143	0.0003	0.0702	5.1576	60	0.000	55.800000	37.500000	0.00	55.758236	37.568115	150.2	11011
33	2022-04-14	08:20:08	5464.1499	132	0.0138	0.0018	5458.9364	1.0	3.0	0.5389	-0.0143	0.0001	0.0700	5.1577	60	0.000	55.800000	37.500000	0.00	55.758183	37.568153	152.3	11011
33	2022-04-14	08:21:08	5464.1520	132	0.0138	0.0018	5458.9385	1.3	3.1	0.5396	-0.0143	0.0001	0.0699	5.1577	60	0.000	55.800000	37.500000	0.00	55.758381	37.568153	154.2	11011
33	2022-04-14	08:22:08	5464.1523	132	0.0162	0.0021	5458.9387	0.9	2.8	0.5405	-0.0142	0.0002	0.0699	5.1577	60	0.000	55.800000	37.500000	0.00	--	--	--	11011
33	2022-04-14	08:23:08	5464.1524	132	0.0186	0.0024	5458.9388	-0.5	1.4	0.5414	-0.0142	0.0000	0.0701	5.1577	60	0.000	55.800000	37.500000	0.00	--	--	--	11011
33	2022-04-14	08:24:08	5464.1515	132	0.0125	0.0016	5458.9380	0.7	1.3	0.5477	-0.0142	0.0001	0.0699	5.1577	60	0.000	55.800000	37.500000	0.00	55.758236	37.568153	142.9	11011
33	2022-04-14	08:25:08	5464.1511	132	0.0144	0.0019	5458.9374	0.7	2.2	0.5381	-0.0142	0.0001	0.0700	5.1577	60	0.000	55.800000	37.500000	0.00	55.758236	37.568153	153.5	11011
33	2022-04-14	08:26:08	5464.1521	132	0.0117	0.0015	5458.9386	0.9	2.4	0.5428	-0.0142	0.0001	0.0698	5.1577	60	0.000	55.800000	37.500000	0.00	55.758183	37.568161	148.4	11011
33	2022-04-14	08:27:08	5464.1512	132	0.0138	0.0018	5458.9375	-0.6	3.3	0.5431	-0.0142	0.0002	0.0699	5.1578	60	0.000	55.800000	37.500000	0.00	55.758141	37.568230	149.7	11011
33	2022-04-14	08:28:08	5464.1517	132	0.0114	0.0015	5458.9379	-0.4	3.0	0.5395	-0.0142	0.0001	0.0700	5.1578	60	0.000	55.800000	37.500000	0.00	55.758198	37.568188	152.5	11011
33	2022-04-14	08:29:08	5464.1521	132	0.0111	0.0014	5458.9384	0.4	2.3	0.5412	-0.0141	0.0001	0.0699	5.1578	60	0.000	55.800000	37.500000	0.00	55.758221	37.568161	151.6	11011
33	2022-04-14	08:30:08	5464.1509	132	0.0113	0.0015	5458.9371	-0.8	4.6	0.5389	-0.0141	0.0003	0.0698	5.1578	60	0.000	55.800000	37.500000	0.00	55.757961	37.568230	149.1	11011
33	2022-04-14	08:31:08	5464.1525	132	0.0121	0.0016	5458.9386	0.8	5.3	0.5354	-0.0141	0.0003	0.0699	5.1578	60	0.000	55.800000	37.500000	0.00	55.757992	37.568207	150.1	11011
33	2022-04-14	08:32:08	5464.1519	132	0.0140	0.0018	5458.9381	0.6	4.4	0.5393	-0.0141	0.0002	0.0699	5.1578	60	0.000	55.800000	37.500000	0.00	55.758076	37.568207	155.1	11011
33	2022-04-14	08:33:08	5464.1506	132	0.0141	0.0018	5458.9369	-0.1	4.5	0.5400	-0.0142	0.0003	0.0697	5.1579	60	0.000	55.800000	37.500000	0.00	55.758171	37.568245	156.7	11011
33	2022-04-14	08:34:08	5464.1523	132	0.0117	0.0015	5458.9384	0.0	5.2	0.5409	-0.0142	0.0004	0.0698	5.1579	60	0.000	55.800000	37.500000	0.00	55.758259	37.568211	156.2	11011
33	2022-04-14	08:35:08	5464.1512	132	0.0118	0.0015	5458.9377	0.1	3.8	0.5383	-0.0142	0.0002	0.0696	5.1579	60	0.000	55.800000	37.500000	0.00	55.758202	37.568211	155.8	11011
33	2022-04-14	08:36:08	5464.1525	132	0.0131	0.0017	5458.9388	-1.0	3.8	0.5421	-0.0142	0.0002	0.0697	5.1579	60	0.000	55.800000	37.500000	0.00	55.757874	37.568466	154.1	11011
33	2022-04-14	08:37:08	5464.1519	132	0.0119	0.0015	5458.9384	-0.4	4.2	0.5407	-0.0142	0.0003	0.0695	5.1579	60	0.000	55.800000	37.500000	0.00	55.757915	37.568554	153.1	11011
33	2022-04-14	08:38:08	5464.1520	132	0.0129	0.0017	5458.9388	0.3	3.7	0.5440	-0.0142	0.0002	0.0694	5.1579	60	0.000	55.800000	37.500000	0.00	55.758030	37.568352	152.7	11011
33	2022-04-14	08:39:08	5464.1511	132	0.0158	0.0020	5458.9378	0.6	3.6	0.5406	-0.0143	0.0002	0.0694	5.1579	60	0.000	55.800000	37.500000	0.00	55.758152	37.568153	151.8	11011
33	2022-04-14	08:40:08	5464.1516	132	0.0172	0.0022	5458.9382	-0.7	5.1	0.5356	-0.0143	0.0003	0.0694	5.1580	60	0.000	55.800000	37.500000	0.00	55.758312	37.567924	151.9	11011
33	2022-04-14	08:41:08	5464.1528	132	0.0146	0.0019	5458.9394	0.4	2.7	0.5399	-0.0143	0.0001	0.0696	5.1580	60	0.000	55.800000	37.500000	0.00	55.758114	37.568256	151.8	11011
33	2022-04-14	08:42:08	5464.1524	132	0.0120	0.0016	5458.9391	0.9	1.8	0.5434	-0.0143	0.0001	0.0696	5.1580	60	0.000	55.800000	37.500000	0.00	55.758389	37.568115	151.4	11011
33	2022-04-14	08:43:08	5464.1509	132	0.0175	0.0023	5458.9376	0.8	3.0	0.5375	-0.0144	0.0002	0.0695	5.1580	60	0.000	55.800000	37.500000	0.00	55.758202	37.568153	151.1	11011
33	2022-04-14	08:44:08	5464.1521	132	0.0145	0.0019	5458.9388	1.5	3.7	0.5372	-0.0144	0.0003	0.0695	5.1580	60	0.000	55.800000	37.500000	0.00	55.758163	37.568035	151.9	11011
33	2022-04-14	08:45:08	5464.1527	132	0.0111	0.0014	5458.9393	1.6	3.6	0.5385	-0.0144	0.0002	0.0696	5.1580	60	0.000	55.800000	37.500000	0.00	55.758427	37.568230	151.7	11011
23	2022-04-14	10:21:33	5444.8476	132	0.0158	0.0020	5439.6475	-1.4	3.1	0.5423	-0.0298	0.0001	0.0702	5.1595	60	0.000	55.800000	37.500000	0.00	55.699356	36.757687	195.2	11011
23	2022-04-14	10:22:33	5444.8498	132	0.0144	0.0019	5439.6504	-2.9	1.5	0.5438	-0.0300	0.0002	0.0697	5.1595	60	0.000	55.800000	37.500000	0.00	55.699577	36.757683	200.3	11011
23	2022-04-14	10:23:33	5444.8481	132	0.0154	0.0020	5439.6496	-1.5	2.5	0.5313	-0.0303	0.0001	0.0692	5.1595	60	0.000	55.800000	37.500000	0.00	55.699471	36.757599	202.0	11011
23	2022-04-14	10:24:33	5444.8482	132	0.0128	0.0017	5439.6500	-2.0	5.0	0.5362	-0.0305	0.0004	0.0688	5.1595	60	0.000	55.800000	37.500000	0.00	55.699493	36.757629	200.6	11011
23	2022-04-14	10:25:33	5444.8480	132	0.0112	0.0014	5439.6505	-0.9	4.6	0.5253	-0.0308	0.0003	0.0684	5.1595	60	0.000	55.800000	37.500000	0.00	55.699520	36.757568	198.5	11011
23	2022-04-14	10:26:33	5444.8477	132	0.0136	0.0018	5439.6508	-2.3	4.4	0.5237	-0.0311	0.0003	0.0681	5.1595	60	0.000	55.800000	37.500000	0.00	55.699493	36.757542	197.4	11011
23	2022-04-14	10:27:33	5444.8472	132	0.0125	0.0016	5439.6512	-1.6	2.7	0.5273	-0.0313	0.0001	0.0677	5.1596	60	0.000	55.800000	37.500000	0.00	55.699455	36.757530	197.7	11011
23	2022-04-14	10:28:33	5444.8463	132	0.0166	0.0021	5439.6509	-1.9	2.3	0.5205	-0.0316	0.0001	0.0673	5.1596	60	0.000	55.800000	37.500000	0.00	55.699387	36.757610	195.9	11011
23	2022-04-14	10:29:33	5444.8467	132	0.0128	0.0017	5439.6516	-1.8	2.7	0.5160	-0.0319	0.0002	0.0672	5.1596	60	0.000	55.800000	37.500000	0.00	55.699512	36.757740	192.2	11011
23	2022-04-14	10:30:33	5444.8467	132	0.0147	0.0019	5439.6522	-3.5	2.0	0.5159	-0.0321	0.0002	0.0669	5.1596	60	0.000	55.800000	37.500000	0.00	55.699455	36.757732	192.0	11011
23	2022-04-14	10:31:33	5444.8470	132	0.0156	0.0020	5439.6531	-2.9	3.1	0.5231	-0.0324	0.0002	0.0665	5.1596	60	0.000	55.800000	37.500000	0.00	55.699471	36.757702	190.8	11011
23	2022-04-14	10:32:33	5444.8462	132	0.0138	0.0018	5439.6528	-2.8	3.2	0.5167	-0.0327	0.0003	0.0662	5.1596	60	0.000	55.800000	37.500000	0.00	55.699375	36.757683	189.9	11011
23	2022-04-14	10:33:33	5444.8480	132	0.0141	0.0018	5439.6552	-2.3	2.7	0.5128	-0.0329	0.0002	0.0660	5.1596	60	0.000	55.800000	37.500000	0.00	55.699432	36.757664	190.5	11011
23	2022-04-14	10:34:33	5444.8466	132	0.0149	0.0019	5439.6543	-2.4	3.2	0.4986	-0.0332	0.0002	0.0656	5.1597	60	0.000	55.800000	37.500000	0.00	55.699406	36.757626	190.7	11011
23	2022-04-14	10:35:33	5444.8466	132	0.0164	0.0021	5439.6546	-3.7	2.9	0.5083	-0.0335	0.0003	0.0655	5.1597	60	0.000	55.800000	37.500000	0.00	55.699387	36.757668	189.1	11011
23	2022-04-14	10:36:33	5444.8479	132	0.0139	0.0018	5439.6561	-4.0	3.8	0.5064	-0.0338	0.0005	0.0653	5.1597	60	0.000	55.800000	37.500000	0.00	55.699368	36.757683	187.7	11011
23	2022-04-14	10:37:33	5444.8470	132	0.0111	0.0014	5439.6558	-4.6	4.3	0.5021	-0.0340	0.0005	0.0650	5.1597	60	0.000	55.800000	37.500000	0.00	55.699318	36.757618	188.7	11011
23	2022-04-14	10:38:33	5444.8459	132	0.0141	0.0018	5439.6551	-4.3	3.4	0.5043	-0.0343	0.0004	0.0649	5.1597	60	0.000	55.800000	37.500000	0.00	55.699337	36.757626	185.6	11011
23	2022-04-14	10:39:33	5444.8469	132	0.0165	0.0021	5439.6564	-4.7	4.5	0.5011	-0.0346	0.0005	0.0649	5.1597	60	0.000	55.800000	37.500000	0.00	55.699299	36.757713	183.7	11011
23	2022-04-14	10:40:33	5444.8460	132	0.0139	0.0018	5439.6558	-5.6	4.6	0.5028	-0.0349	0.0006	0.0646	5.1597	60	0.000	55.800000	37.500000	0.00	55.699207	36.757763	181.5	11011
23	2022-04-14	10:44:21	5444.8475	132	0.0309	0.0040	5439.6591	3.5	3.0	0.4991	-0.0359	0.0003	0.0642	5.1598	60	0.000	55.800000	37.500000	0.00	55.699261	36.757801	180.6	11011
23	2022-04-14	10:45:21	5444.8464	132	0.0156	0.0020	5439.6585	3.8	2.5	0.4981	-0.0362	0.0002	0.0641	5.1598	60	0.000	55.800000	37.500000	0.00	55.699348	36.757778	180.6	11011
23	2022-04-14	10:46:21	5444.8456	132	0.0143	0.0019	5439.6580	4.5	3.0	0.4940	-0.0365	0.0004	0.0639	5.1598	60	0.000	55.800000	37.500000	0.00	55.699436	36.757706	180.5	11011
23	2022-04-14	10:47:21	5444.8469	132	0.0123	0.0016	5439.6595	4.8	3.8	0.4959	-0.0368	0.0005	0.0638	5.1599	60	0.000	55.800000	37.500000	0.00	55.699318	36.757835	179.8	11011
23	2022-04-14	10:48:21	5444.8464	132	0.0126	0.0016	5439.6597	4.1	3.5	0.4924	-0.0371	0.0003	0.0636	5.1599	60	0.000	55.800000	37.500000	0.00	55.699406	36.757904	179.8	11011
23	2022-04-14	10:49:21	5444.8476	132	0.0105	0.0014	5439.6613	3.3	3.3	0.4910	-0.0374	0.0003	0.0635	5.1599	60	0.000	55.800000	37.500000	0.00	55.699368	36.757725	179.3	11011
23	2022-04-14	10:50:21	5444.8449	132	0.0139	0.0018	5439.6593	2.7	2.1	0.4920	-0.0377	0.0001	0.0633	5.1599	60	0.000	55.800000	37.500000	0.00	55.699348	36.757931	178.0	11011
23	2022-04-14	10:51:21	5444.8466	132	0.0113	0.0015	5439.6612	3.4	2.7	0.4930	-0.0380	0.0002	0.0632	5.1599	60	0.000	55.800000	37.500000	0.00	55.699299	36.757706	177.6	11011
23	2022-04-14	10:52:21	5444.8459	132	0.0149	0.0019	5439.6610	4.0	3.4	0.4802	-0.0383	0.0003	0.0629	5.1599	60	0.000	55.800000	37.500000	0.00	55.699234	36.757763	178.7	11011
23	2022-04-14	10:53:21	5444.8457	132	0.0115	0.0015	5439.6613	4.5	3.5	0.4867	-0.0386	0.0004	0.0627	5.1599	60	0.000	55.800000	37.500000	0.00	55.699291	36.757801	179.2	11011
23	2022-04-14	10:54:21	5444.8485	132	0.0142	0.0018	5439.6641	4.7	4.4	0.4871	-0.0388	0.0006	0.0627	5.1600	60	0.000	55.800000	37.500000	0.00	55.699299	36.757713	178.8	11011
23	2022-04-14	10:55:21	5444.8476	132	0.0168	0.0022	5439.6640	3.8	3.8	0.4878	-0.0391	0.0004	0.0624	5.1600	60	0.000	55.800000	37.500000	0.00	55.699310	36.757702	178.7	11011
23	2022-04-14	10:56:21	5444.8469	132	0.0117	0.0015	5439.6636	4.1	2.7	0.4807	-0.0394	0.0003	0.0625	5.1600	60	0.000	55.800000	37.500000	0.00	55.699261	36.757648	178.3	11011
23	2022-04-14	10:57:21	5444.8475	132	0.0139	0.0018	5439.6644	4.6	2.9	0.4832	-0.0397	0.0003	0.0625	5.1600	60	0.000	55.800000	37.500000	0.00	55.699280	36.757648	178.5	11011
23	2022-04-14	10:58:21	5444.8466	132	0.0143	0.0018	5439.6638	4.1	3.1	0.4775	-0.0400	0.0004	0.0624	5.1600	60	0.000	55.800000	37.500000	0.00	55.699348	36.757687	178.0	11011
23	2022-04-14	10:59:21	5444.8475	132	0.0152	0.0020	5439.6651	3.9	3.3	0.4841	-0.0403	0.0004	0.0622	5.1600	60	0.000	55.800000	37.500000	0.00	55.699318	36.757580	178.1	11011
23	2022-04-14	11:00:21	5444.8475	132	0.0159	0.0021	5439.6658	3.4	3.0	0.4788	-0.0406	0.0002	0.0621	5.1600	60	0.000	55.800000	37.500000	0.00	55.699341	36.757629	180.1	11011
23	2022-04-14	11:01:21	5444.8462	132	0.0121	0.0016	5439.6648	2.6	4.3	0.4778	-0.0409	0.0004	0.0619	5.1601	60	0.000	55.800000	37.500000	0.00	55.699368	36.757626	180.6	11011
23	2022-04-14	11:02:21	5444.8481	132	0.0116	0.0015	5439.6669	3.3	2.5	0.4707	-0.0412	0.0003	0.0621	5.1601	60	0.000	55.800000	37.500000	0.00	55.699570	36.757744	181.1	11011
23	2022-04-14	11:03:21	5444.8474	132	0.0136	0.0018	5439.6667	3.6	2.5	0.4850	-0.0415	0.0002	0.0619	5.1601	60	0.000	55.800000	37.500000	0.00	55.699463	36.757668	182.4	11011
23	2022-04-14	11:08:35	5444.8457	132	0.0122	0.0016	5439.6668	-0.1	-1.0	0.4801	-0.0431	0.0000	0.0617	5.1602	60	0.000	55.800000	37.500000	0.00	55.699490	36.757816	180.3	11011
23	2022-04-14	11:09:35	5444.8456	132	0.0135	0.0017	5439.6669	-0.7	-2.0	0.4756	-0.0434	0.0001	0.0618	5.1602	60	0.000	55.800000	37.500000	0.00	55.699322	36.757629	177.9	11011
23	2022-04-14	11:10:35	5444.8463	132	0.0127	0.0016	5439.6679	-0.8	-1.5	0.4749	-0.0437	0.0000	0.0618	5.1602	60	0.000	55.800000	37.500000	0.00	55.699261	36.757668	178.1	11011
23	2022-04-14	11:11:35	5444.8477	132	0.0145	0.0019	5439.6697	-0.8	-2.3	0.4827	-0.0440	0.0001	0.0617	5.1602	60	0.000	55.800000	37.500000	0.00	55.699318	36.757687	178.6	11011
23	2022-04-14	11:12:35	5444.8470	132	0.0158	0.0020	5439.6693	-1.1	-2.8	0.4802	-0.0443	0.0001	0.0616	5.1602	60	0.000	55.800000	37.500000	0.00	55.699406	36.757530	179.2	11011
23	2022-04-14	11:13:35	5444.8467	132	0.0127	0.0016	5439.6696	-1.3	-2.2	0.4800	-0.0446	0.0001	0.0613	5.1602	60	0.000	55.800000	37.500000	0.00	55.699444	36.757599	179.3	11011
23	2022-04-14	11:14:35	5444.8478	132	0.0124	0.0016	5439.6711	-2.7	-0.9	0.4700	-0.0449	0.0001	0.0612	5.1603	60	0.000	55.800000	37.500000	0.00	55.699398	36.757702	179.4	11011
23	2022-04-14	11:15:35	5444.8475	132	0.0113	0.0015	5439.6711	-1.5	-0.5	0.4705	-0.0452	0.0001	0.0613	5.1603	60	0.000	55.800000	37.500000	0.00	55.699368	36.757751	178.1	11011
23	2022-04-14	11:16:35	5444.8481	132	0.0127	0.0016	5439.6721	-0.6	-2.7	0.4678	-0.0455	0.0001	0.0611	5.1603	60	0.000	55.800000	37.500000	0.00	55.699387	36.757702	177.5	11011
23	2022-04-14	11:17:35	5444.8470	132	0.0152	0.0020	5439.6715	-0.7	-1.5	0.4772	-0.0458	0.0001	0.0610	5.1603	60	0.000	55.800000	37.500000	0.00	55.699379	36.757759	178.6	11011
23	2022-04-14	11:18:35	5444.8466	132	0.0144	0.0019	5439.6714	-0.5	-1.2	0.4757	-0.0461	0.0001	0.0610	5.1603	60	0.000	55.800000	37.500000	0.00	55.699299	36.757797	180.1	11011
23	2022-04-14	11:19:35	5444.8469	132	0.0135	0.0017	5439.6719	-0.0	-2.4	0.4716	-0.0464	0.0001	0.0610	5.1603	60	0.000	55.800000	37.500000	0.00	55.699413	36.757610	180.5	11011
23	2022-04-14	11:20:35	5444.8470	132	0.0121	0.0016	5439.6725	-1.2	-1.9	0.4717	-0.0467	0.0001	0.0608	5.1603	60	0.000	55.800000	37.500000	0.00	55.699455	36.757683	180.9	11011
23	2022-04-14	11:21:35	5444.8467	132	0.0115	0.0015	5439.6725	1.1	-1.0	0.4698	-0.0471	0.0001	0.0608	5.1604	60	0.000	55.800000	37.500000	0.00	55.699341	36.757668	181.3	11011
23	2022-04-14	11:22:35	5444.8464	132	0.0154	0.0020	5439.6725	0.0	-1.7	0.4707	-0.0474	0.0001	0.0608	5.1604	60	0.000	55.800000	37.500000	0.00	55.699291	36.757427	181.3	11011
23	2022-04-14	11:23:35	5444.8471	132	0.0121	0.0016	5439.6736	-1.0	-4.0	0.4649	-0.0477	0.0002	0.0606	5.1604	60	0.000	55.800000	37.500000	0.00	55.699261	36.757496	180.5	11011
23	2022-04-14	11:24:35	5444.8489	132	0.0136	0.0018	5439.6756	-1.0	-3.3	0.4682	-0.0480	0.0001	0.0607	5.1604	60	0.000	55.800000	37.500000	0.00	55.699337	36.757816	180.2	11011
23	2022-04-14	11:25:35	5444.8476	132	0.0138	0.0018	5439.6747	0.6	-1.5	0.4736	-0.0483	0.0001	0.0607	5.1604	60	0.000	55.800000	37.500000	0.00	55.699348	36.757675	179.9	11011
23	2022-04-14	11:26:35	5444.8471	132	0.0122	0.0016	5439.6747	0.0	-2.0	0.4692	-0.0486	0.0001	0.0605	5.1604	60	0.000	55.800000	37.500000	0.00	55.699413	36.757656	179.3	11011
23	2022-04-14	11:27:35	5444.8471	132	0.0147	0.0019	5439.6748	-2.0	-2.2	0.4684	-0.0489	0.0001	0.0606	5.1604	60	0.000	55.800000	37.500000	0.00	55.699432	36.757675	178.6	11011
33	2022-04-14	13:06:04	5464.1537	132	0.0132	0.0017	5458.9978	1.4	0.2	0.5292	-0.0753	0.0001	0.0692	5.1619	60	0.000	55.800000	37.500000	0.00	55.758152	37.568211	138.8	11011
33	2022-04-14	13:07:04	5464.1537	132	0.0134	0.0017	5458.9982	1.4	1.3	0.5359	-0.0755	0.0001	0.0690	5.1619	60	0.000	55.800000	37.500000	0.00	55.758144	37.568188	139.2	11011
33	2022-04-14	13:08:04	5464.1530	132	0.0131	0.0017	5458.9978	1.7	0.2	0.5380	-0.0757	0.0000	0.0689	5.1619	60	0.000	55.800000	37.500000	0.00	55.758183	37.568188	139.0	11011
33	2022-04-14	13:09:04	5464.1538	132	0.0142	0.0018	5458.9989	1.9	0.5	0.5375	-0.0759	0.0001	0.0688	5.1620	60	0.000	55.800000	37.500000	0.00	55.758106	37.568287	139.2	11011
33	2022-04-14	13:10:04	5464.1528	132	0.0114	0.0015	5458.9981	1.3	1.1	0.5372	-0.0761	0.0001	0.0688	5.1620	60	0.000	55.800000	37.500000	0.00	55.757847	37.568199	139.5	11011
33	2022-04-14	13:11:04	5464.1547	132	0.0118	0.0015	5459.0002	1.3	1.6	0.5349	-0.0763	0.0001	0.0687	5.1620	60	0.000	55.800000	37.500000	0.00	55.758038	37.568302	139.8	11011
33	2022-04-14	13:12:04	5464.1528	132	0.0122	0.0016	5458.9987	1.6	1.6	0.5396	-0.0764	0.0001	0.0685	5.1620	60	0.000	55.800000	37.500000	0.00	55.758095	37.568058	139.9	11011
33	2022-04-14	13:13:04	5464.1535	132	0.0133	0.0017	5458.9995	1.7	1.7	0.5288	-0.0766	0.0001	0.0685	5.1620	60	0.000	55.800000	37.500000	0.00	55.758087	37.568359	139.9	11011
33	2022-04-14	13:14:04	5464.1541	132	0.0150	0.0019	5459.0001	1.5	2.5	0.5335	-0.0768	0.0001	0.0686	5.1620	60	0.000	55.800000	37.500000	0.00	55.758389	37.568104	140.0	11011
33	2022-04-14	13:15:04	5464.1522	132	0.0110	0.0014	5458.9985	1.8	2.6	0.5237	-0.0770	0.0002	0.0684	5.1620	60	0.000	55.800000	37.500000	0.00	55.758259	37.568188	140.1	11011
33	2022-04-14	13:16:04	5464.1546	132	0.0129	0.0017	5459.0010	3.1	1.4	0.5350	-0.0772	0.0002	0.0684	5.1621	60	0.000	55.800000	37.500000	0.00	55.758297	37.568218	140.3	11011
33	2022-04-14	13:17:04	5464.1538	132	0.0120	0.0015	5459.0006	0.8	0.4	0.5340	-0.0773	0.0000	0.0684	5.1621	60	0.000	55.800000	37.500000	0.00	55.758202	37.568264	140.3	11011
33	2022-04-14	13:18:04	5464.1525	132	0.0130	0.0017	5458.9996	0.4	-0.1	0.5344	-0.0775	0.0000	0.0683	5.1621	60	0.000	55.800000	37.500000	0.00	55.758228	37.568420	141.3	11011
33	2022-04-14	13:19:04	5464.1547	132	0.0123	0.0016	5459.0019	-0.0	-0.2	0.5313	-0.0777	0.0000	0.0683	5.1621	60	0.000	55.800000	37.500000	0.00	55.758286	37.568390	141.4	11011
33	2022-04-14	13:20:04	5464.1535	132	0.0105	0.0014	5459.0008	0.5	-0.1	0.5293	-0.0778	0.0000	0.0683	5.1621	60	0.000	55.800000	37.500000	0.00	55.758133	37.568161	142.0	11011
33	2022-04-14	13:21:04	5464.1540	132	0.0113	0.0015	5459.0014	-0.0	0.4	0.5335	-0.0780	0.0000	0.0684	5.1621	60	0.000	55.800000	37.500000	0.00	55.758144	37.568249	142.5	11011
33	2022-04-14	13:22:04	5464.1535	132	0.0152	0.0020	5459.0011	-0.5	0.5	0.5299	-0.0781	0.0000	0.0683	5.1622	60	0.000	55.800000	37.500000	0.00	55.758083	37.568275	142.4	11011
33	2022-04-14	13:23:04	5464.1547	132	0.0105	0.0014	5459.0024	0.8	2.6	0.5272	-0.0783	0.0001	0.0683	5.1622	60	0.000	55.800000	37.500000	0.00	55.758171	37.568359	142.3	11011
33	2022-04-14	13:24:04	5464.1536	132	0.0134	0.0017	5459.0014	1.5	2.6	0.5296	-0.0785	0.0001	0.0683	5.1622	60	0.000	55.800000	37.500000	0.00	55.758183	37.568401	142.1	11011
33	2022-04-14	13:25:04	5464.1538	132	0.0104	0.0013	5459.0019	0.5	1.5	0.5307	-0.0786	0.0001	0.0682	5.1622	60	0.000	55.800000	37.500000	0.00	55.758278	37.568211	142.2	11011
33	2022-04-14	13:26:04	5464.1538	132	0.0123	0.0016	5459.0020	0.5	2.6	0.5324	-0.0788	0.0001	0.0683	5.1622	60	0.000	55.800000	37.500000	0.00	55.758083	37.568447	141.7	11011
33	2022-04-14	13:27:04	5464.1531	132	0.0130	0.0017	5459.0016	0.2	2.2	0.5270	-0.0789	0.0000	0.0682	5.1622	60	0.000	55.800000	37.500000	0.00	55.758163	37.568283	141.6	11011
33	2022-04-14	13:28:04	5464.1539	132	0.0108	0.0014	5459.0024	0.1	2.4	0.5266	-0.0791	0.0001	0.0683	5.1622	60	0.000	55.800000	37.500000	0.00	55.758179	37.568218	141.6	11011
33	2022-04-14	13:29:04	5464.1542	132	0.0127	0.0016	5459.0028	-1.0	2.8	0.5287	-0.0792	0.0001	0.0682	5.1623	60	0.000	55.800000	37.500000	0.00	55.758018	37.568512	141.8	11011
33	2022-04-14	13:30:04	5464.1539	132	0.0107	0.0014	5459.0025	0.6	2.5	0.5300	-0.0793	0.0001	0.0683	5.1623	60	0.000	55.800000	37.500000	0.00	55.757961	37.568741	142.4	11011
33	2022-04-14	13:31:04	5464.1546	132	0.0124	0.0016	5459.0035	0.4	1.2	0.5269	-0.0795	0.0000	0.0683	5.1623	60	0.000	55.800000	37.500000	0.00	55.757935	37.568153	142.5	11011
33	2022-04-14	13:32:04	5464.1539	132	0.0159	0.0020	5459.0030	-0.4	2.2	0.5328	-0.0796	0.0001	0.0681	5.1623	60	0.000	55.800000	37.500000	0.00	55.757973	37.568264	142.5	11011
33	2022-04-14	13:33:04	5464.1534	132	0.0134	0.0017	5459.0025	0.3	1.7	0.5252	-0.0798	0.0001	0.0682	5.1623	60	0.000	55.800000	37.500000	0.00	55.758171	37.568180	142.7	11011
33	2022-04-14	13:34:04	5464.1533	132	0.0120	0.0015	5459.0026	0.9	0.8	0.5294	-0.0799	0.0000	0.0682	5.1623	60	0.000	55.800000	37.500000	0.00	55.758198	37.568325	143.5	11011
33	2022-04-14	13:35:04	5464.1536	132	0.0143	0.0019	5459.0031	-0.3	-0.2	0.5239	-0.0800	0.0000	0.0681	5.1623	60	0.000	55.800000	37.500000	0.00	55.758221	37.568153	143.7	11011
33	2022-04-14	13:37:21	5464.1534	132	0.0124	0.0016	5459.0030	0.7	0.4	0.5379	-0.0803	0.0000	0.0683	5.1624	60	0.000	55.800000	37.500000	0.00	55.758152	37.568153	143.5	11011
33	2022-04-14	13:38:21	5464.1544	132	0.0142	0.0018	5459.0039	1.8	-0.3	0.5239	-0.0804	0.0001	0.0684	5.1624	60	0.000	55.800000	37.500000	0.00	55.758114	37.568226	143.6	11011
33	2022-04-14	13:39:21	5464.1543	132	0.0108	0.0014	5459.0038	2.0	-1.2	0.5328	-0.0805	0.0001	0.0685	5.1624	60	0.000	55.800000	37.500000	0.00	55.758457	37.568314	143.6	11011
33	2022-04-14	13:40:21	5464.1544	132	0.0130	0.0017	5459.0042	1.4	0.4	0.5283	-0.0806	0.0000	0.0684	5.1624	60	0.000	55.800000	37.500000	0.00	55.757801	37.568211	143.8	11011
33	2022-04-14	13:41:21	5464.1554	132	0.0137	0.0018	5459.0053	1.6	-0.5	0.5329	-0.0808	0.0001	0.0684	5.1624	60	0.000	55.800000	37.500000	0.00	55.758221	37.568321	142.9	11011
33	2022-04-14	13:42:21	5464.1538	132	0.0120	0.0015	5459.0040	2.9	-0.9	0.5252	-0.0809	0.0002	0.0680	5.1625	60	0.000	55.800000	37.500000	0.00	55.758114	37.568016	143.2	11011
33	2022-04-14	13:43:21	5464.1543	132	0.0125	0.0016	5459.0042	2.8	-1.6	0.5258	-0.0810	0.0002	0.0684	5.1625	60	0.000	55.800000	37.500000	0.00	55.758183	37.566666	144.7	11011
33	2022-04-14	13:44:21	5464.1517	132	0.0130	0.0017	5459.0020	1.8	-0.8	0.5307	-0.0811	0.0001	0.0682	5.1625	60	0.000	55.800000	37.500000	0.00	55.758297	37.567825	144.4	11011
33	2022-04-14	13:45:21	5464.1547	132	0.0108	0.0014	5459.0050	2.4	-0.4	0.5259	-0.0812	0.0001	0.0684	5.1625	60	0.000	55.800000	37.500000	0.00	55.758133	37.568287	145.1	11011
33	2022-04-14	13:46:21	5464.1547	132	0.0123	0.0016	5459.0051	1.5	-0.3	0.5284	-0.0813	0.0001	0.0684	5.1625	60	0.000	55.800000	37.500000	0.00	55.758202	37.568211	145.5	11011
33	2022-04-14	13:47:21	5464.1527	132	0.0127	0.0016	5459.0031	2.8	-0.4	0.5262	-0.0814	0.0001	0.0683	5.1625	60	0.000	55.800000	37.500000	0.00	55.758553	37.568153	145.5	11011
33	2022-04-14	13:48:21	5464.1543	132	0.0151	0.0020	5459.0047	3.5	0.7	0.5253	-0.0815	0.0002	0.0683	5.1625	60	0.000	55.800000	37.500000	0.00	55.758133	37.568302	145.5	11011
33	2022-04-14	13:49:21	5464.1544	132	0.0117	0.0015	5459.0050	2.2	0.9	0.5343	-0.0816	0.0001	0.0683	5.1626	60	0.000	55.800000	37.500000	0.00	55.758209	37.568161	145.5	11011
33	2022-04-14	13:50:21	5464.1536	132	0.0129	0.0017	5459.0043	3.6	1.0	0.5303	-0.0817	0.0003	0.0682	5.1626	60	0.000	55.800000	37.500000	0.00	55.758163	37.568268	145.7	11011
33	2022-04-14	13:51:21	5464.1545	132	0.0127	0.0016	5459.0055	1.6	0.7	0.5344	-0.0817	0.0000	0.0681	5.1626	60	0.000	55.800000	37.500000	0.00	55.758553	37.568783	145.7	11011
33	2022-04-14	13:52:21	5464.1536	132	0.0136	0.0018	5459.0045	1.4	0.7	0.5303	-0.0818	0.0001	0.0683	5.1626	60	0.000	55.800000	37.500000	0.00	55.758163	37.568302	145.5	11011
33	2022-04-14	13:53:21	5464.1541	132	0.0108	0.0014	5459.0050	1.4	1.1	0.5268	-0.0819	0.0001	0.0683	5.1626	60	0.000	55.800000	37.500000	0.00	55.758255	37.568073	148.1	11011
33	2022-04-14	13:54:21	5464.1542	132	0.0132	0.0017	5459.0052	0.5	0.2	0.5333	-0.0820	0.0000	0.0683	5.1626	60	0.000	55.800000	37.500000	0.00	55.758183	37.568077	147.1	11011
33	2022-04-14	13:55:21	5464.1547	132	0.0133	0.0017	5459.0059	-0.1	0.8	0.5309	-0.0821	0.0000	0.0682	5.1626	60	0.000	55.800000	37.500000	0.00	55.757999	37.568436	145.6	11011
33	2022-04-14	13:56:21	5464.1529	132	0.0123	0.0016	5459.0041	-0.3	0.7	0.5262	-0.0821	0.0001	0.0682	5.1627	60	0.000	55.800000	37.500000	0.00	55.758400	37.568066	143.4	11011
33	2022-04-14	13:57:21	5464.1539	132	0.0111	0.0014	5459.0053	0.3	1.6	0.5211	-0.0822	0.0001	0.0681	5.1627	60	0.000	55.800000	37.500000	0.00	55.757973	37.567551	141.0	11011
33	2022-04-14	13:58:21	5464.1554	132	0.0114	0.0015	5459.0068	1.3	1.7	0.5287	-0.0823	0.0001	0.0681	5.1627	60	0.000	55.800000	37.500000	0.00	55.758629	37.567711	138.6	11011
33	2022-04-14	13:59:21	5464.1539	132	0.0131	0.0017	5459.0053	1.7	1.3	0.5342	-0.0823	0.0001	0.0680	5.1627	60	0.000	55.800000	37.500000	0.00	55.758038	37.568401	135.5	11011
33	2022-04-14	14:00:21	5464.1534	132	0.0123	0.0016	5459.0048	1.3	1.2	0.5287	-0.0824	0.0001	0.0682	5.1627	60	0.000	55.800000	37.500000	0.00	55.758286	37.568363	137.2	11011
33	2022-04-14	14:01:21	5464.1550	132	0.0121	0.0016	5459.0066	1.3	1.6	0.5279	-0.0825	0.0001	0.0681	5.1627	60	0.000	55.800000	37.500000	0.00	55.758278	37.568077	138.8	11011
33	2022-04-14	14:02:21	5464.1539	132	0.0110	0.0014	5459.0057	1.2	1.1	0.5372	-0.0825	0.0001	0.0679	5.1628	60	0.000	55.800000	37.500000	0.00	55.758209	37.568302	139.0	11011
33	2022-04-14	14:03:21	5464.1546	132	0.0120	0.0015	5459.0061	0.9	1.8	0.5348	-0.0826	0.0001	0.0682	5.1628	60	0.000	55.800000	37.500000	0.00	55.758209	37.568130	138.8	11011
33	2022-04-14	14:04:21	5464.1548	132	0.0114	0.0015	5459.0066	0.4	1.8	0.5283	-0.0826	0.0001	0.0680	5.1628	60	0.000	55.800000	37.500000	0.00	55.758133	37.568161	138.8	11011
33	2022-04-14	14:05:21	5464.1530	132	0.0116	0.0015	5459.0048	0.6	1.4	0.5342	-0.0827	0.0001	0.0681	5.1628	60	0.000	55.800000	37.500000	0.00	55.758354	37.568344	139.0	11011
33	2022-04-14	14:06:21	5464.1541	132	0.0132	0.0017	5459.0057	1.4	1.9	0.5263	-0.0827	0.0001	0.0681	5.1628	60	0.000	55.800000	37.500000	0.00	--	--	--	11011
13	2022-04-14	15:06:22	5490.6788	132	0.0467	0.0060	5485.5242	1.4	-2.4	0.5493	-0.0804	0.0001	0.0712	5.1637	60	0.000	55.800000	37.500000	0.00	55.855076	37.516273	151.8	11011
13	2022-04-14	15:07:22	5490.6759	132	0.0102	0.0013	5485.5211	1.3	-2.7	0.5586	-0.0802	0.0001	0.0713	5.1637	60	0.000	55.800000	37.500000	0.00	55.855045	37.516262	151.1	11011
13	2022-04-14	15:08:22	5490.6753	132	0.0116	0.0015	5485.5204	2.0	-2.3	0.5544	-0.0801	0.0002	0.0712	5.1637	60	0.000	55.800000	37.500000	0.00	55.855095	37.516071	150.4	11011
13	2022-04-14	15:09:22	5490.6762	132	0.0099	0.0013	5485.5213	1.8	-2.7	0.5547	-0.0800	0.0001	0.0711	5.1638	60	0.000	55.800000	37.500000	0.00	55.855076	37.516235	150.6	11011
13	2022-04-14	15:10:22	5490.6746	132	0.0114	0.0015	5485.5195	2.0	-1.0	0.5448	-0.0799	0.0001	0.0711	5.1638	60	0.000	55.800000	37.500000	0.00	55.855053	37.516319	151.0	11011
13	2022-04-14	15:11:22	5490.6759	132	0.0104	0.0013	5485.5208	2.8	-2.0	0.5493	-0.0797	0.0001	0.0709	5.1638	60	0.000	55.800000	37.500000	0.00	55.855015	37.516357	150.7	11011
13	2022-04-14	15:12:22	5490.6757	132	0.0097	0.0013	5485.5205	1.9	-2.2	0.5534	-0.0796	0.0001	0.0709	5.1638	60	0.000	55.800000	37.500000	0.00	55.854988	37.516338	149.8	11011
13	2022-04-14	15:13:22	5490.6750	132	0.0088	0.0011	5485.5197	1.7	-1.6	0.5437	-0.0794	0.0001	0.0708	5.1638	60	0.000	55.800000	37.500000	0.00	55.855007	37.516384	150.1	11011
13	2022-04-14	15:14:22	5490.6753	132	0.0100	0.0013	5485.5199	2.0	-1.5	0.5475	-0.0793	0.0001	0.0707	5.1638	60	0.000	55.800000	37.500000	0.00	55.855045	37.516441	151.1	11011
13	2022-04-14	15:15:22	5490.6755	132	0.0106	0.0014	5485.5199	3.5	-2.0	0.5428	-0.0792	0.0002	0.0707	5.1638	60	0.000	55.800000	37.500000	0.00	55.855026	37.516396	151.3	11011
13	2022-04-14	15:16:22	5490.6758	132	0.0103	0.0013	5485.5199	3.6	-2.5	0.5455	-0.0790	0.0003	0.0708	5.1639	60	0.000	55.800000	37.500000	0.00	55.855019	37.516350	151.4	11011
13	2022-04-14	15:17:22	5490.6753	132	0.0103	0.0013	5485.5194	2.5	-1.9	0.5535	-0.0789	0.0001	0.0708	5.1639	60	0.000	55.800000	37.500000	0.00	55.855038	37.516365	151.1	11011
13	2022-04-14	15:18:22	5490.6756	132	0.0110	0.0014	5485.5194	2.0	-2.2	0.5452	-0.0787	0.0002	0.0708	5.1639	60	0.000	55.800000	37.500000	0.00	55.855015	37.516350	151.3	11011
13	2022-04-14	15:19:22	5490.6754	132	0.0125	0.0016	5485.5191	2.4	-2.5	0.5458	-0.0786	0.0002	0.0708	5.1639	60	0.000	55.800000	37.500000	0.00	55.854958	37.516422	151.5	11011
13	2022-04-14	15:20:22	5490.6755	132	0.0127	0.0016	5485.5187	2.5	-4.5	0.5518	-0.0784	0.0003	0.0709	5.1639	60	0.000	55.800000	37.500000	0.00	55.854977	37.516384	151.1	11011
13	2022-04-14	15:21:22	5490.6747	132	0.0092	0.0012	5485.5182	3.1	-2.5	0.5489	-0.0782	0.0002	0.0706	5.1639	60	0.000	55.800000	37.500000	0.00	55.854977	37.516331	150.9	11011
13	2022-04-14	15:22:22	5490.6748	132	0.0105	0.0014	5485.5180	3.4	-2.1	0.5504	-0.0781	0.0002	0.0707	5.1639	60	0.000	55.800000	37.500000	0.00	55.855045	37.516232	150.9	11011
13	2022-04-14	15:23:22	5490.6744	132	0.0087	0.0011	5485.5173	2.0	-3.0	0.5509	-0.0779	0.0002	0.0709	5.1640	60	0.000	55.800000	37.500000	0.00	55.855038	37.516281	151.1	11011
13	2022-04-14	15:24:22	5490.6738	132	0.0102	0.0013	5485.5165	2.8	-3.2	0.5421	-0.0778	0.0002	0.0708	5.1640	60	0.000	55.800000	37.500000	0.00	55.855103	37.516186	149.8	11011
13	2022-04-14	15:25:22	5490.6747	132	0.0107	0.0014	5485.5172	3.3	-3.8	0.5459	-0.0776	0.0003	0.0708	5.1640	60	0.000	55.800000	37.500000	0.00	55.855045	37.516338	150.6	11011
13	2022-04-14	15:26:22	5490.6740	132	0.0093	0.0012	5485.5163	3.3	-1.7	0.5516	-0.0774	0.0002	0.0709	5.1640	60	0.000	55.800000	37.500000	0.00	55.855026	37.516293	150.4	11011
13	2022-04-14	15:27:22	5490.6754	132	0.0092	0.0012	5485.5177	3.1	-1.9	0.5419	-0.0772	0.0002	0.0708	5.1640	60	0.000	55.800000	37.500000	0.00	55.855026	37.516281	152.2	11011
13	2022-04-14	15:28:22	5490.6763	132	0.0119	0.0015	5485.5183	2.8	-1.9	0.5454	-0.0771	0.0002	0.0709	5.1640	60	0.000	55.800000	37.500000	0.00	55.855072	37.516338	153.5	11011
13	2022-04-14	15:29:22	5490.6736	132	0.0120	0.0016	5485.5155	2.6	-1.2	0.5524	-0.0769	0.0001	0.0708	5.1640	60	0.000	55.800000	37.500000	0.00	55.855064	37.516293	153.0	11011
13	2022-04-14	15:30:22	5490.6748	132	0.0096	0.0012	5485.5165	2.3	-2.1	0.5565	-0.0767	0.0001	0.0708	5.1641	60	0.000	55.800000	37.500000	0.00	55.854939	37.516464	154.5	11011
13	2022-04-14	15:31:22	5490.6745	132	0.0096	0.0012	5485.5160	1.2	-2.7	0.5509	-0.0765	0.0002	0.0708	5.1641	60	0.000	55.800000	37.500000	0.00	55.855007	37.516384	153.7	11011
13	2022-04-14	15:32:22	5490.6742	132	0.0122	0.0016	5485.5154	2.2	-3.3	0.5473	-0.0763	0.0002	0.0708	5.1641	60	0.000	55.800000	37.500000	0.00	55.855038	37.516346	154.7	11011
13	2022-04-14	15:33:22	5490.6757	132	0.0111	0.0014	5485.5166	2.0	-4.3	0.5491	-0.0761	0.0004	0.0708	5.1641	60	0.000	55.800000	37.500000	0.00	55.855038	37.516331	155.3	11011
13	2022-04-14	15:34:22	5490.6748	132	0.0092	0.0012	5485.5154	3.0	-3.4	0.5494	-0.0760	0.0003	0.0710	5.1641	60	0.000	55.800000	37.500000	0.00	55.855038	37.516338	155.3	11011
13	2022-04-14	15:35:22	5490.6756	132	0.0128	0.0016	5485.5160	2.4	-4.4	0.5463	-0.0758	0.0003	0.0709	5.1641	60	0.000	55.800000	37.500000	0.00	55.855045	37.516365	155.4	11011
13	2022-04-14	15:36:22	5490.6745	132	0.0121	0.0016	5485.5151	1.9	-2.8	0.5469	-0.0756	0.0001	0.0707	5.1642	60	0.000	55.800000	37.500000	0.00	55.855045	37.516365	155.3	11011
13	2022-04-14	15:37:22	5490.6761	132	0.0119	0.0015	5485.5160	2.4	-4.2	0.5474	-0.0754	0.0003	0.0710	5.1642	60	0.000	55.800000	37.500000	0.00	55.855076	37.516403	155.7	11011
13	2022-04-14	15:38:22	5490.6747	132	0.0103	0.0013	5485.5148	2.1	-3.8	0.5442	-0.0752	0.0002	0.0707	5.1642	60	0.000	55.800000	37.500000	0.00	55.855129	37.516479	155.8	11011
13	2022-04-14	15:39:22	5490.6756	132	0.0109	0.0014	5485.5153	3.3	-3.5	0.5559	-0.0750	0.0003	0.0708	5.1642	60	0.000	55.800000	37.500000	0.00	55.855129	37.516426	155.9	11011
13	2022-04-14	15:40:22	5490.6750	132	0.0111	0.0014	5485.5141	4.9	-4.6	0.5505	-0.0748	0.0005	0.0709	5.1642	60	0.000	55.800000	37.500000	0.00	55.855103	37.516357	156.3	11011
13	2022-04-14	15:41:22	5490.6751	132	0.0101	0.0013	5485.5144	3.9	-4.3	0.5515	-0.0746	0.0004	0.0707	5.1642	60	0.000	55.800000	37.500000	0.00	55.855095	37.516453	156.3	11011
13	2022-04-14	15:42:22	5490.6762	132	0.0106	0.0014	5485.5151	4.1	-3.9	0.5565	-0.0743	0.0004	0.0708	5.1642	60	0.000	55.800000	37.500000	0.00	55.855072	37.516376	156.2	11011
13	2022-04-14	15:43:22	5490.6744	132	0.0083	0.0011	5485.5130	3.9	-5.3	0.5550	-0.0741	0.0005	0.0708	5.1643	60	0.000	55.800000	37.500000	0.00	55.855095	37.516300	155.4	11011
13	2022-04-14	15:44:22	5490.6741	132	0.0115	0.0015	5485.5125	3.9	-4.8	0.5457	-0.0739	0.0005	0.0708	5.1643	60	0.000	55.800000	37.500000	0.00	55.855064	37.516262	155.3	11011
13	2022-04-14	15:45:22	5490.6734	132	0.0107	0.0014	5485.5115	3.1	-4.5	0.5454	-0.0737	0.0004	0.0709	5.1643	60	0.000	55.800000	37.500000	0.00	55.855038	37.516232	155.4	11011
13	2022-04-14	15:46:22	5490.6747	132	0.0106	0.0014	5485.5128	3.1	-4.5	0.5455	-0.0735	0.0004	0.0707	5.1643	60	0.000	55.800000	37.500000	0.00	55.855083	37.516319	155.1	11011
13	2022-04-14	15:47:22	5490.6738	132	0.0105	0.0014	5485.5114	3.2	-5.5	0.5496	-0.0733	0.0006	0.0708	5.1643	60	0.000	55.800000	37.500000	0.00	55.855167	37.516350	154.9	11011
13	2022-04-14	15:48:22	5490.6746	132	0.0097	0.0013	5485.5121	2.3	-5.7	0.5471	-0.0730	0.0004	0.0708	5.1643	60	0.000	55.800000	37.500000	0.00	55.855045	37.516453	154.8	11011
13	2022-04-14	15:49:22	5490.6739	132	0.0107	0.0014	5485.5111	2.9	-4.7	0.5465	-0.0728	0.0003	0.0709	5.1643	60	0.000	55.800000	37.500000	0.00	55.855083	37.516327	154.2	11011
13	2022-04-14	15:50:22	5490.6756	132	0.0111	0.0014	5485.5124	3.1	-5.3	0.5486	-0.0726	0.0005	0.0709	5.1644	60	0.000	55.800000	37.500000	0.00	55.855026	37.516491	154.0	11011
13	2022-04-14	15:51:22	5490.6742	132	0.0086	0.0011	5485.5111	2.0	-4.0	0.5447	-0.0724	0.0003	0.0708	5.1644	60	0.000	55.800000	37.500000	0.00	55.855083	37.516293	154.0	11011
13	2022-04-14	15:52:22	5490.6739	132	0.0101	0.0013	5485.5105	2.9	-2.5	0.5568	-0.0721	0.0002	0.0709	5.1644	60	0.000	55.800000	37.500000	0.00	55.855095	37.516396	154.1	11011
13	2022-04-14	15:53:22	5490.6748	132	0.0100	0.0013	5485.5113	2.4	-3.0	0.5525	-0.0719	0.0002	0.0708	5.1644	60	0.000	55.800000	37.500000	0.00	55.854866	37.516598	154.0	11011
13	2022-04-14	15:54:22	5490.6745	132	0.0093	0.0012	5485.5106	2.9	-3.8	0.5475	-0.0717	0.0003	0.0709	5.1644	60	0.000	55.800000	37.500000	0.00	55.855122	37.516216	154.5	11011
13	2022-04-14	15:55:22	5490.6735	132	0.0102	0.0013	5485.5092	2.3	-3.7	0.5493	-0.0714	0.0003	0.0710	5.1644	60	0.000	55.800000	37.500000	0.00	55.855045	37.516216	154.1	11011
13	2022-04-14	15:56:22	5490.6750	132	0.0122	0.0016	5485.5104	3.4	-4.1	0.5586	-0.0712	0.0004	0.0709	5.1645	60	0.000	55.800000	37.500000	0.00	55.855103	37.516193	154.5	11011
13	2022-04-14	15:57:22	5490.6744	132	0.0133	0.0017	5485.5096	3.0	-3.9	0.5539	-0.0710	0.0003	0.0709	5.1645	60	0.000	55.800000	37.500000	0.00	55.855244	37.516537	154.5	11011
13	2022-04-14	15:58:22	5490.6730	132	0.0109	0.0014	5485.5080	2.9	-4.0	0.5549	-0.0707	0.0003	0.0709	5.1645	60	0.000	55.800000	37.500000	0.00	55.855110	37.516365	154.9	11011
13	2022-04-14	15:59:22	5490.6738	132	0.0103	0.0013	5485.5084	4.5	-3.3	0.5513	-0.0705	0.0004	0.0709	5.1645	60	0.000	55.800000	37.500000	0.00	55.855133	37.516350	155.3	11011
13	2022-04-14	16:00:22	5490.6751	132	0.0117	0.0015	5485.5093	3.2	-5.5	0.5518	-0.0702	0.0006	0.0709	5.1645	60	0.000	55.800000	37.500000	0.00	55.855198	37.516193	156.1	11011
13	2022-04-14	16:01:22	5490.6743	132	0.0097	0.0013	5485.5081	3.6	-6.5	0.5534	-0.0700	0.0009	0.0708	5.1645	60	0.000	55.800000	37.500000	0.00	55.855122	37.516331	152.3	11011
13	2022-04-14	16:02:22	5490.6746	132	0.0133	0.0017	5485.5085	3.3	-5.1	0.5448	-0.0697	0.0004	0.0710	5.1645	60	0.000	55.800000	37.500000	0.00	55.855019	37.516521	153.0	11011
13	2022-04-14	16:03:22	5490.6757	132	0.0086	0.0011	5485.5090	3.0	-6.9	0.5497	-0.0695	0.0007	0.0709	5.1646	60	0.000	55.800000	37.500000	0.00	55.855167	37.516464	153.1	11011
13	2022-04-14	16:04:22	5490.6753	132	0.0099	0.0013	5485.5082	2.9	-6.5	0.5469	-0.0692	0.0007	0.0711	5.1646	60	0.000	55.800000	37.500000	0.00	55.855064	37.516293	151.3	11011
13	2022-04-14	16:05:22	5490.6744	132	0.0091	0.0012	5485.5075	3.8	-4.4	0.5540	-0.0690	0.0004	0.0708	5.1646	60	0.000	55.800000	37.500000	0.00	55.855141	37.516235	152.6	11011
