
/	CG-5 SURVEY
/	Survey name:   	110a-kpre-zveb
/	Instrument S/N:	40443
/	Client:        	tsniigaik
/	Operator:      	epr
/	Date:          	2022/ 4/14
/	Time:          	05:17:09
/	LONG:        	37.5000000 E
/	LAT:         	55.8000000 N
/	ZONE:        	0       
/	GMT DIFF.:   	0.0 

/	CG-5 SETUP PARAMETERS
/	Gref:			0.000   
/	Gcal1:		8444.126
/	TiltxS:		621.286 
/	TiltyS:		641.192 
/	TiltxO:		-39.915 
/	TiltyO:		6.881   
/	Tempco:		-0.130  
/	Drift:		0.743   
/	DriftTime Start:	05:17:11
/	DriftDate Start:	2022/04/14

/	CG-5 OPTIONS
/	Tide Correction:    YES
/	Cont. Tilt:          NO
/	Auto Rejection:     YES
/	Terrain Corr.:       NO
/	Seismic Filter:     YES
/	Raw Data:           YES
Line	 132.000N
/------LINE-----STATION-----ALT.------GRAV.---SD.--TILTX--TILTY-TEMP---TIDE---DUR-REJ-----TIME----DEC.TIME+DATE--TERRAIN---DATE
132.0000000  14.0000000   28.6131   6842.935 0.075   -3.5    0.3 -2.13 -0.052  55   9 05:27:55     44633.22736    0.0000  2022/04/14
132.0000000  14.0000000   28.8572   6842.931 0.059   -3.9    0.0 -2.13 -0.051  55   1 05:29:00     44633.22811    0.0000  2022/04/14
132.0000000  14.0000000   28.8572   6842.934 0.057   -4.1   -0.1 -2.13 -0.051  55   0 05:30:00     44633.22880    0.0000  2022/04/14
132.0000000  14.0000000   28.8572   6842.932 0.068   -4.4   -0.2 -2.13 -0.051  55   0 05:31:00     44633.22949    0.0000  2022/04/14
132.0000000  14.0000000   28.8572   6842.934 0.045   -4.5   -0.4 -2.14 -0.050  55   0 05:32:00     44633.23019    0.0000  2022/04/14
132.0000000  14.0000000   29.1014   6842.933 0.056   -4.7   -0.3 -2.14 -0.050  55   0 05:33:00     44633.23088    0.0000  2022/04/14
132.0000000  14.0000000   28.8572   6842.931 0.050   -4.8   -0.5 -2.15 -0.050  55   0 05:34:00     44633.23157    0.0000  2022/04/14
132.0000000  14.0000000   29.1014   6842.929 0.074   -5.0   -0.7 -2.16 -0.049  55   1 05:35:00     44633.23227    0.0000  2022/04/14
132.0000000  14.0000000   29.1014   6842.932 0.043   -5.0   -0.8 -2.16 -0.049  55   1 05:36:00     44633.23296    0.0000  2022/04/14
132.0000000  14.0000000   29.1014   6842.932 0.140   -5.1   -0.7 -2.16 -0.049  55   0 05:37:00     44633.23365    0.0000  2022/04/14
132.0000000  14.0000000   28.8572   6842.933 0.108   -5.3   -0.9 -2.17 -0.048  55   1 05:38:00     44633.23435    0.0000  2022/04/14
132.0000000  14.0000000   28.8572   6842.931 0.060   -5.3   -1.1 -2.17 -0.048  55   0 05:39:00     44633.23504    0.0000  2022/04/14
132.0000000  14.0000000   29.1014   6842.931 0.047   -5.3   -1.2 -2.18 -0.048  55   0 05:40:00     44633.23573    0.0000  2022/04/14
132.0000000  14.0000000   28.8572   6842.931 0.035   -5.4   -1.2 -2.18 -0.047  55   0 05:41:00     44633.23643    0.0000  2022/04/14
132.0000000  14.0000000   29.1014   6842.929 0.040   -5.5   -1.5 -2.18 -0.047  55   1 05:42:00     44633.23712    0.0000  2022/04/14
132.0000000  14.0000000   29.1014   6842.927 0.067   -5.4   -1.5 -2.19 -0.047  55   1 05:43:00     44633.23781    0.0000  2022/04/14
132.0000000  14.0000000   29.1014   6842.929 0.049   -5.5   -1.6 -2.19 -0.046  55   0 05:44:00     44633.23851    0.0000  2022/04/14
132.0000000  14.0000000   28.8572   6842.929 0.041   -5.5   -1.7 -2.19 -0.046  55   0 05:45:00     44633.23920    0.0000  2022/04/14
132.0000000  14.0000000   29.1014   6842.929 0.066   -5.7   -1.7 -2.20 -0.046  55   0 05:46:00     44633.23989    0.0000  2022/04/14
132.0000000  14.0000000   29.1014   6842.931 0.053   -5.7   -1.7 -2.20 -0.045  55   0 05:47:00     44633.24059    0.0000  2022/04/14
132.0000000  14.0000000   29.1014   6842.931 0.053   -5.7   -1.9 -2.20 -0.045  55   0 05:48:00     44633.24128    0.0000  2022/04/14
132.0000000  14.0000000   29.1014   6842.928 0.071   -5.7   -2.0 -2.20 -0.045  55   2 05:49:00     44633.24197    0.0000  2022/04/14
132.0000000  14.0000000   28.8572   6842.929 0.061   -5.8   -2.1 -2.20 -0.044  55   0 05:50:00     44633.24267    0.0000  2022/04/14
132.0000000  14.0000000   29.1014   6842.929 0.084   -5.8   -2.2 -2.20 -0.044  55   0 05:51:00     44633.24336    0.0000  2022/04/14
132.0000000  14.0000000   29.1014   6842.929 0.066   -5.9   -2.2 -2.20 -0.044  55   1 05:52:00     44633.24405    0.0000  2022/04/14
132.0000000  14.0000000   29.1014   6842.929 0.050   -5.8   -2.4 -2.20 -0.043  55   0 05:53:00     44633.24475    0.0000  2022/04/14
132.0000000  14.0000000   29.1014   6842.929 0.064   -5.9   -2.5 -2.21 -0.043  55   0 05:54:00     44633.24544    0.0000  2022/04/14
132.0000000  14.0000000   29.1014   6842.930 0.045   -6.0   -2.5 -2.20 -0.043  55   0 05:55:00     44633.24613    0.0000  2022/04/14
132.0000000  14.0000000   29.1014   6842.928 0.053   -6.1   -2.7 -2.21 -0.042  55   0 05:56:00     44633.24683    0.0000  2022/04/14
132.0000000  14.0000000   29.1014   6842.928 0.055   -6.0   -2.7 -2.21 -0.042  55   1 05:57:00     44633.24752    0.0000  2022/04/14
132.0000000  14.0000000   29.1014   6842.928 0.050   -6.0   -2.8 -2.21 -0.042  55   0 05:58:00     44633.24821    0.0000  2022/04/14
132.0000000  14.0000000   29.1014   6842.929 0.056   -6.0   -2.9 -2.21 -0.041  55   0 05:59:00     44633.24891    0.0000  2022/04/14
132.0000000  14.0000000   29.1014   6842.928 0.048   -6.0   -2.9 -2.21 -0.041  55   0 06:00:00     44633.24960    0.0000  2022/04/14
132.0000000  14.0000000   29.1014   6842.929 0.046   -6.1   -3.0 -2.21 -0.041  55   0 06:01:00     44633.25029    0.0000  2022/04/14
132.0000000  14.0000000   29.1014   6842.928 0.069   -6.1   -3.1 -2.21 -0.041  55   0 06:02:00     44633.25099    0.0000  2022/04/14
132.0000000  14.0000000   29.1014   6842.929 0.058   -6.1   -3.2 -2.21 -0.040  55   2 06:03:00     44633.25168    0.0000  2022/04/14
132.0000000  14.0000000   29.1014   6842.927 0.048   -6.1   -3.3 -2.21 -0.040  55   0 06:04:00     44633.25237    0.0000  2022/04/14
132.0000000  14.0000000   29.1014   6842.929 0.052   -6.1   -3.3 -2.21 -0.040  55   0 06:05:00     44633.25307    0.0000  2022/04/14
132.0000000  14.0000000   29.1014   6842.929 0.079   -6.1   -3.3 -2.21 -0.039  55   1 06:06:00     44633.25376    0.0000  2022/04/14
132.0000000  14.0000000   29.1014   6842.927 0.049   -6.2   -3.5 -2.21 -0.039  55   0 06:07:00     44633.25445    0.0000  2022/04/14
132.0000000  14.0000000   29.1014   6842.928 0.046   -6.1   -3.5 -2.21 -0.039  55   0 06:08:00     44633.25515    0.0000  2022/04/14
132.0000000  14.0000000   29.1014   6842.927 0.040   -6.0   -3.6 -2.21 -0.038  55   1 06:09:00     44633.25584    0.0000  2022/04/14
132.0000000  14.0000000   29.1014   6842.928 0.048   -6.1   -3.7 -2.21 -0.038  55   0 06:10:00     44633.25653    0.0000  2022/04/14
132.0000000  14.0000000   29.1014   6842.929 0.054   -6.2   -3.7 -2.21 -0.038  55   0 06:11:00     44633.25723    0.0000  2022/04/14
132.0000000  14.0000000   29.3455   6842.928 0.072   -6.2   -3.9 -2.21 -0.037  55   0 06:12:00     44633.25792    0.0000  2022/04/14
132.0000000  14.0000000   29.1014   6842.925 0.077   -6.3   -3.9 -2.21 -0.037  55   5 06:13:00     44633.25861    0.0000  2022/04/14
132.0000000  14.0000000   29.1014   6842.928 0.051   -6.2   -4.0 -2.21 -0.037  55   0 06:14:00     44633.25931    0.0000  2022/04/14
132.0000000  14.0000000   29.1014   6842.926 0.078   -6.3   -4.0 -2.21 -0.036  55   0 06:15:00     44633.26000    0.0000  2022/04/14
132.0000000  14.0000000   29.1014   6842.928 0.044   -6.2   -4.0 -2.21 -0.036  55   0 06:16:00     44633.26069    0.0000  2022/04/14
132.0000000  14.0000000   29.1014   6842.927 0.060   -6.2   -4.2 -2.21 -0.036  55   0 06:17:00     44633.26139    0.0000  2022/04/14
132.0000000  14.0000000   29.1014   6842.928 0.058   -6.3   -4.2 -2.21 -0.036  55   0 06:18:00     44633.26208    0.0000  2022/04/14
132.0000000  14.0000000   29.1014   6842.927 0.045   -6.3   -4.3 -2.21 -0.035  55   0 06:19:00     44633.26277    0.0000  2022/04/14
132.0000000  14.0000000   29.1014   6842.927 0.045   -6.2   -4.4 -2.21 -0.035  55   0 06:20:00     44633.26347    0.0000  2022/04/14
132.0000000  14.0000000   29.1014   6842.926 0.056   -6.2   -4.5 -2.21 -0.035  55   0 06:21:00     44633.26416    0.0000  2022/04/14
132.0000000  14.0000000   29.1014   6842.927 0.047   -6.3   -4.5 -2.21 -0.034  55   0 06:22:00     44633.26485    0.0000  2022/04/14
132.0000000  14.0000000   29.1014   6842.926 0.044   -6.2   -4.6 -2.21 -0.034  55   1 06:23:00     44633.26555    0.0000  2022/04/14
132.0000000  14.0000000   29.1014   6842.929 0.046   -6.4   -4.7 -2.21 -0.034  55   0 06:24:00     44633.26624    0.0000  2022/04/14
132.0000000  14.0000000   29.1014   6842.927 0.062   -6.2   -4.7 -2.21 -0.034  55   0 06:25:00     44633.26693    0.0000  2022/04/14
132.0000000  14.0000000   29.1014   6842.924 0.123   -6.2   -4.8 -2.21 -0.033  55   1 06:26:00     44633.26763    0.0000  2022/04/14
132.0000000  14.0000000   27.8807   6842.930 0.074   -6.3   -4.9 -2.21 -0.033  55   0 06:27:01     44633.26833    0.0000  2022/04/14
132.0000000  34.0000000   31.5428   6816.529 0.023   -0.6    0.0 -2.05 -0.016  55   1 07:45:00     44633.32240    0.0000  2022/04/14
132.0000000  34.0000000   31.5428   6816.528 0.020   -0.6   -0.6 -2.07 -0.016  55   0 07:46:05     44633.32315    0.0000  2022/04/14
132.0000000  34.0000000   31.2986   6816.528 0.017   -0.8   -1.2 -2.09 -0.016  55   0 07:47:05     44633.32384    0.0000  2022/04/14
132.0000000  34.0000000   31.2986   6816.527 0.018   -0.7   -1.7 -2.11 -0.016  55   0 07:48:05     44633.32454    0.0000  2022/04/14
132.0000000  34.0000000   31.0545   6816.527 0.017   -0.8   -2.5 -2.13 -0.016  55   0 07:49:05     44633.32523    0.0000  2022/04/14
132.0000000  34.0000000   31.0545   6816.529 0.020   -1.0   -2.9 -2.15 -0.016  55   1 07:50:05     44633.32592    0.0000  2022/04/14
132.0000000  34.0000000   30.8103   6816.527 0.017   -1.1   -3.3 -2.16 -0.016  55   0 07:51:05     44633.32662    0.0000  2022/04/14
132.0000000  34.0000000   30.5662   6816.527 0.021   -1.2   -3.7 -2.17 -0.016  55   0 07:52:05     44633.32731    0.0000  2022/04/14
132.0000000  34.0000000   30.5662   6816.526 0.020   -1.4   -4.4 -2.19 -0.015  55   0 07:53:05     44633.32800    0.0000  2022/04/14
132.0000000  34.0000000   30.5662   6816.527 0.019   -1.6   -4.8 -2.20 -0.015  55   0 07:54:05     44633.32870    0.0000  2022/04/14
132.0000000  34.0000000   30.3221   6816.527 0.019   -1.6   -4.9 -2.20 -0.015  55   0 07:55:05     44633.32939    0.0000  2022/04/14
132.0000000  34.0000000   30.3221   6816.526 0.018   -1.9   -5.5 -2.21 -0.015  55   0 07:56:05     44633.33008    0.0000  2022/04/14
132.0000000  34.0000000   30.3221   6816.527 0.019   -2.1   -5.8 -2.22 -0.015  55   0 07:57:05     44633.33078    0.0000  2022/04/14
132.0000000  34.0000000   30.0779   6816.526 0.019   -2.2   -6.3 -2.23 -0.015  55   0 07:58:05     44633.33147    0.0000  2022/04/14
132.0000000  34.0000000   30.0779   6816.525 0.020   -2.3   -6.6 -2.23 -0.015  55   0 07:59:05     44633.33216    0.0000  2022/04/14
132.0000000  34.0000000   29.8338   6816.526 0.018   -2.5   -6.9 -2.24 -0.015  55   0 08:00:05     44633.33286    0.0000  2022/04/14
132.0000000  34.0000000   29.8338   6816.524 0.020   -2.7   -7.2 -2.24 -0.015  55   0 08:01:05     44633.33355    0.0000  2022/04/14
132.0000000  34.0000000   29.8338   6816.528 0.018   -2.9   -7.5 -2.24 -0.015  55   0 08:02:05     44633.33424    0.0000  2022/04/14
132.0000000  34.0000000   29.5896   6816.526 0.020   -3.1   -7.9 -2.25 -0.015  55   0 08:03:05     44633.33494    0.0000  2022/04/14
132.0000000  34.0000000   29.5896   6816.526 0.020   -3.3   -8.1 -2.25 -0.015  55   0 08:04:05     44633.33563    0.0000  2022/04/14
132.0000000  34.0000000   29.5896   6816.527 0.020   -3.4   -8.3 -2.25 -0.014  55   0 08:05:05     44633.33632    0.0000  2022/04/14
132.0000000  34.0000000   29.5896   6816.526 0.021   -3.6   -8.6 -2.25 -0.014  55   0 08:06:05     44633.33702    0.0000  2022/04/14
132.0000000  34.0000000   29.3455   6816.526 0.016   -3.7   -8.6 -2.25 -0.014  55   0 08:07:05     44633.33771    0.0000  2022/04/14
132.0000000  34.0000000   29.5896   6816.526 0.019   -3.9   -8.9 -2.25 -0.014  55   0 08:08:05     44633.33840    0.0000  2022/04/14
132.0000000  34.0000000   29.3455   6816.526 0.020   -4.0   -9.2 -2.25 -0.014  55   0 08:09:05     44633.33910    0.0000  2022/04/14
132.0000000  34.0000000   29.3455   6816.528 0.019   -4.0   -9.4 -2.26 -0.014  55   1 08:10:05     44633.33979    0.0000  2022/04/14
132.0000000  34.0000000   29.3455   6816.526 0.019   -4.2   -9.6 -2.26 -0.014  55   0 08:11:05     44633.34048    0.0000  2022/04/14
132.0000000  34.0000000   29.3455   6816.527 0.017   -4.4   -9.8 -2.26 -0.014  55   0 08:12:05     44633.34118    0.0000  2022/04/14
132.0000000  34.0000000   29.1014   6816.525 0.017   -4.6   -9.9 -2.26 -0.014  55   0 08:13:05     44633.34187    0.0000  2022/04/14
132.0000000  34.0000000   29.1014   6816.525 0.021   -4.8  -10.0 -2.26 -0.014  55   0 08:14:05     44633.34256    0.0000  2022/04/14
132.0000000  34.0000000   29.1014   6816.525 0.019   -4.8  -10.3 -2.26 -0.014  55   0 08:15:05     44633.34326    0.0000  2022/04/14
132.0000000  34.0000000   28.8572   6816.526 0.018   -4.7  -10.4 -2.25 -0.014  55   0 08:16:05     44633.34395    0.0000  2022/04/14
132.0000000  34.0000000   28.8572   6816.526 0.019   -5.0  -10.5 -2.25 -0.014  55   0 08:17:05     44633.34464    0.0000  2022/04/14
132.0000000  34.0000000   28.8572   6816.525 0.020   -5.0  -10.6 -2.25 -0.014  55   0 08:18:05     44633.34534    0.0000  2022/04/14
132.0000000  34.0000000   28.8572   6816.526 0.018   -5.1  -10.7 -2.25 -0.014  55   0 08:19:05     44633.34603    0.0000  2022/04/14
132.0000000  34.0000000   28.8572   6816.525 0.021   -5.1  -10.8 -2.25 -0.014  55   2 08:20:05     44633.34672    0.0000  2022/04/14
132.0000000  34.0000000   28.8572   6816.525 0.020   -5.2  -10.8 -2.25 -0.014  55   0 08:21:05     44633.34742    0.0000  2022/04/14
132.0000000  34.0000000   28.6131   6816.527 0.020   -5.6  -10.9 -2.25 -0.014  55   0 08:22:05     44633.34811    0.0000  2022/04/14
132.0000000  34.0000000   28.6131   6816.526 0.019   -5.6  -11.0 -2.25 -0.014  55   0 08:23:05     44633.34880    0.0000  2022/04/14
132.0000000  34.0000000   28.6131   6816.526 0.018   -5.4  -11.3 -2.25 -0.014  55   0 08:24:05     44633.34950    0.0000  2022/04/14
132.0000000  34.0000000   28.3689   6816.527 0.019   -5.4  -11.4 -2.25 -0.014  55   0 08:25:05     44633.35019    0.0000  2022/04/14
132.0000000  34.0000000   28.3689   6816.527 0.020   -5.2  -11.6 -2.25 -0.014  55   0 08:26:05     44633.35088    0.0000  2022/04/14
132.0000000  34.0000000   28.3689   6816.526 0.018   -5.2  -11.7 -2.24 -0.014  55   0 08:27:05     44633.35158    0.0000  2022/04/14
132.0000000  34.0000000   28.3689   6816.526 0.018   -5.2  -11.9 -2.24 -0.014  55   1 08:28:05     44633.35227    0.0000  2022/04/14
132.0000000  34.0000000   28.3689   6816.527 0.017   -5.4  -12.1 -2.24 -0.014  55   0 08:29:05     44633.35296    0.0000  2022/04/14
132.0000000  34.0000000   28.1248   6816.526 0.020   -5.6  -12.3 -2.24 -0.014  55   0 08:30:05     44633.35366    0.0000  2022/04/14
132.0000000  34.0000000   28.1248   6816.526 0.019   -5.7  -12.3 -2.24 -0.014  55   0 08:31:05     44633.35435    0.0000  2022/04/14
132.0000000  34.0000000   28.1248   6816.525 0.019   -5.8  -12.4 -2.24 -0.014  55   0 08:32:05     44633.35504    0.0000  2022/04/14
132.0000000  34.0000000   28.1248   6816.527 0.018   -5.9  -12.6 -2.24 -0.014  55   0 08:33:05     44633.35574    0.0000  2022/04/14
132.0000000  34.0000000   28.1248   6816.526 0.019   -6.1  -12.6 -2.24 -0.014  55   0 08:34:05     44633.35643    0.0000  2022/04/14
132.0000000  34.0000000   28.1248   6816.526 0.018   -6.1  -12.7 -2.24 -0.014  55   0 08:35:05     44633.35712    0.0000  2022/04/14
132.0000000  34.0000000   28.1248   6816.525 0.017   -6.3  -12.8 -2.24 -0.014  55   0 08:36:05     44633.35782    0.0000  2022/04/14
132.0000000  34.0000000   28.1248   6816.525 0.019   -6.2  -12.8 -2.23 -0.014  55   0 08:37:05     44633.35851    0.0000  2022/04/14
132.0000000  34.0000000   27.6365   6816.526 0.022   -6.4  -12.9 -2.23 -0.014  55   0 08:38:05     44633.35920    0.0000  2022/04/14
132.0000000  34.0000000   28.1248   6816.525 0.021   -6.4  -13.0 -2.23 -0.014  55   0 08:39:05     44633.35990    0.0000  2022/04/14
132.0000000  34.0000000   28.1248   6816.526 0.018   -6.5  -13.1 -2.23 -0.014  55   0 08:40:05     44633.36059    0.0000  2022/04/14
132.0000000  34.0000000   28.1248   6816.526 0.016   -6.5  -13.2 -2.23 -0.014  55   0 08:41:05     44633.36128    0.0000  2022/04/14
132.0000000  34.0000000   28.1248   6816.525 0.021   -6.6  -13.2 -2.23 -0.014  55   0 08:42:05     44633.36198    0.0000  2022/04/14
132.0000000  34.0000000   28.1248   6816.527 0.019   -6.7  -13.3 -2.23 -0.014  55   0 08:43:05     44633.36267    0.0000  2022/04/14
132.0000000  34.0000000   26.9041   6816.526 0.020   -6.8  -13.2 -2.23 -0.014  55   0 08:44:06     44633.36338    0.0000  2022/04/14
132.0000000  24.0000000   25.1951   6797.310 0.017   -2.4   -0.9 -2.13 -0.029  55   0 10:20:25     44633.43016    0.0000  2022/04/14
132.0000000  24.0000000   24.9510   6797.310 0.014   -2.3   -1.7 -2.14 -0.029  55   0 10:21:30     44633.43091    0.0000  2022/04/14
132.0000000  24.0000000   24.7068   6797.312 0.016   -2.5   -2.5 -2.14 -0.029  55   0 10:22:30     44633.43160    0.0000  2022/04/14
132.0000000  24.0000000   24.2186   6797.310 0.013   -2.7   -3.3 -2.15 -0.030  55   0 10:23:30     44633.43229    0.0000  2022/04/14
132.0000000  24.0000000   23.9744   6797.311 0.010   -2.8   -4.0 -2.16 -0.030  55   0 10:24:30     44633.43299    0.0000  2022/04/14
132.0000000  24.0000000   23.7303   6797.312 0.012   -3.0   -4.5 -2.16 -0.030  55   0 10:25:30     44633.43368    0.0000  2022/04/14
132.0000000  24.0000000   23.4861   6797.312 0.013   -3.2   -5.0 -2.16 -0.031  55   0 10:26:30     44633.43437    0.0000  2022/04/14
132.0000000  24.0000000   23.2420   6797.311 0.019   -3.6   -5.4 -2.17 -0.031  55   0 10:27:30     44633.43507    0.0000  2022/04/14
132.0000000  24.0000000   22.9979   6797.311 0.014   -3.9   -6.0 -2.17 -0.031  55   0 10:28:30     44633.43576    0.0000  2022/04/14
132.0000000  24.0000000   22.5096   6797.311 0.015   -4.2   -6.4 -2.17 -0.031  55   0 10:29:30     44633.43645    0.0000  2022/04/14
132.0000000  24.0000000   22.2654   6797.313 0.014   -4.5   -6.8 -2.18 -0.032  55   0 10:30:30     44633.43715    0.0000  2022/04/14
132.0000000  24.0000000   22.2654   6797.312 0.014   -4.8   -7.1 -2.18 -0.032  55   0 10:31:30     44633.43784    0.0000  2022/04/14
132.0000000  24.0000000   22.0213   6797.312 0.012   -5.0   -7.4 -2.18 -0.032  55   0 10:32:30     44633.43853    0.0000  2022/04/14
132.0000000  24.0000000   21.7772   6797.312 0.017   -5.4   -7.7 -2.18 -0.032  55   0 10:33:30     44633.43923    0.0000  2022/04/14
132.0000000  24.0000000   21.5330   6797.313 0.015   -5.8   -8.0 -2.17 -0.033  55   0 10:34:30     44633.43992    0.0000  2022/04/14
132.0000000  24.0000000   21.2889   6797.313 0.017   -6.1   -8.3 -2.17 -0.033  55   0 10:35:30     44633.44061    0.0000  2022/04/14
132.0000000  24.0000000   21.0447   6797.312 0.012   -6.4   -8.5 -2.17 -0.033  55   0 10:36:30     44633.44131    0.0000  2022/04/14
132.0000000  24.0000000   20.8006   6797.313 0.015   -6.7   -8.7 -2.17 -0.033  55   0 10:37:30     44633.44200    0.0000  2022/04/14
132.0000000  24.0000000   20.8006   6797.311 0.018   -6.9   -8.9 -2.17 -0.034  55   0 10:38:30     44633.44269    0.0000  2022/04/14
132.0000000  24.0000000   19.5799   6797.313 0.013   -7.2   -9.2 -2.16 -0.034  55   0 10:39:31     44633.44340    0.0000  2022/04/14
132.0000000  24.0000000   19.8240   6797.313 0.021   -3.1    1.8 -2.15 -0.035  55   0 10:43:13     44633.44596    0.0000  2022/04/14
132.0000000  24.0000000   19.8240   6797.312 0.013   -3.2    1.7 -2.15 -0.035  55   0 10:44:18     44633.44671    0.0000  2022/04/14
132.0000000  24.0000000   19.3358   6797.310 0.015   -3.3    1.4 -2.14 -0.036  55   0 10:45:18     44633.44741    0.0000  2022/04/14
132.0000000  24.0000000   19.3358   6797.312 0.013   -3.3    1.1 -2.14 -0.036  55   0 10:46:18     44633.44810    0.0000  2022/04/14
132.0000000  24.0000000   19.0916   6797.312 0.013   -3.5    0.8 -2.13 -0.036  55   0 10:47:18     44633.44879    0.0000  2022/04/14
132.0000000  24.0000000   19.0916   6797.311 0.011   -3.6    0.5 -2.13 -0.037  55   0 10:48:18     44633.44949    0.0000  2022/04/14
132.0000000  24.0000000   19.0916   6797.311 0.012   -3.7    0.4 -2.13 -0.037  55   0 10:49:18     44633.45018    0.0000  2022/04/14
132.0000000  24.0000000   18.8475   6797.312 0.013   -3.9    0.1 -2.12 -0.037  55   0 10:50:18     44633.45087    0.0000  2022/04/14
132.0000000  24.0000000   18.8475   6797.311 0.013   -4.0    0.0 -2.12 -0.037  55   0 10:51:18     44633.45157    0.0000  2022/04/14
132.0000000  24.0000000   18.6033   6797.311 0.013   -4.2    0.0 -2.12 -0.038  55   0 10:52:18     44633.45226    0.0000  2022/04/14
132.0000000  24.0000000   18.3592   6797.312 0.013   -4.4   -0.3 -2.12 -0.038  55   0 10:53:18     44633.45295    0.0000  2022/04/14
132.0000000  24.0000000   18.3592   6797.311 0.017   -4.5   -0.5 -2.11 -0.038  55   0 10:54:18     44633.45365    0.0000  2022/04/14
132.0000000  24.0000000   18.1151   6797.313 0.011   -4.6   -0.6 -2.11 -0.039  55   0 10:55:18     44633.45434    0.0000  2022/04/14
132.0000000  24.0000000   17.8709   6797.311 0.012   -4.6   -0.7 -2.10 -0.039  55   0 10:56:18     44633.45503    0.0000  2022/04/14
132.0000000  24.0000000   18.1151   6797.311 0.017   -4.7   -0.9 -2.10 -0.039  55   0 10:57:18     44633.45573    0.0000  2022/04/14
132.0000000  24.0000000   17.8709   6797.311 0.018   -4.9   -1.0 -2.10 -0.040  55   0 10:58:18     44633.45642    0.0000  2022/04/14
132.0000000  24.0000000   17.6268   6797.313 0.017   -5.0   -1.2 -2.09 -0.040  55   0 10:59:18     44633.45711    0.0000  2022/04/14
132.0000000  24.0000000   17.8709   6797.313 0.016   -5.2   -1.3 -2.09 -0.040  55   0 11:00:18     44633.45781    0.0000  2022/04/14
132.0000000  24.0000000   17.3826   6797.311 0.015   -5.3   -1.3 -2.09 -0.040  55   0 11:01:18     44633.45850    0.0000  2022/04/14
132.0000000  24.0000000   16.4061   6797.312 0.016   -5.4   -1.4 -2.09 -0.041  55   0 11:02:19     44633.45921    0.0000  2022/04/14
132.0000000  24.0000000   16.8944   6797.311 0.012   -1.1   -1.0 -2.07 -0.043  55   1 11:07:27     44633.46277    0.0000  2022/04/14
132.0000000  24.0000000   16.8944   6797.312 0.014   -1.3   -1.2 -2.07 -0.043  55   0 11:08:32     44633.46352    0.0000  2022/04/14
132.0000000  24.0000000   16.8944   6797.312 0.013   -1.2   -1.4 -2.06 -0.043  55   0 11:09:32     44633.46421    0.0000  2022/04/14
132.0000000  24.0000000   16.6502   6797.312 0.015   -1.1   -1.5 -2.06 -0.043  55   0 11:10:32     44633.46490    0.0000  2022/04/14
132.0000000  24.0000000   16.6502   6797.312 0.013   -1.1   -1.6 -2.06 -0.044  55   0 11:11:32     44633.46560    0.0000  2022/04/14
132.0000000  24.0000000   16.6502   6797.312 0.014   -1.2   -1.8 -2.05 -0.044  55   0 11:12:32     44633.46629    0.0000  2022/04/14
132.0000000  24.0000000   16.4061   6797.312 0.011   -1.3   -1.8 -2.05 -0.044  55   0 11:13:32     44633.46698    0.0000  2022/04/14
132.0000000  24.0000000   16.4061   6797.312 0.019   -1.2   -2.1 -2.05 -0.045  55   0 11:14:32     44633.46768    0.0000  2022/04/14
132.0000000  24.0000000   16.1619   6797.312 0.011   -1.3   -2.1 -2.05 -0.045  55   0 11:15:32     44633.46837    0.0000  2022/04/14
132.0000000  24.0000000   16.4061   6797.312 0.016   -1.3   -2.2 -2.05 -0.045  55   0 11:16:32     44633.46906    0.0000  2022/04/14
132.0000000  24.0000000   16.1619   6797.311 0.018   -1.4   -2.4 -2.04 -0.046  55   0 11:17:32     44633.46976    0.0000  2022/04/14
132.0000000  24.0000000   16.1619   6797.311 0.012   -1.5   -2.5 -2.04 -0.046  55   0 11:18:32     44633.47045    0.0000  2022/04/14
132.0000000  24.0000000   16.1619   6797.312 0.014   -1.5   -2.5 -2.04 -0.046  55   0 11:19:32     44633.47114    0.0000  2022/04/14
132.0000000  24.0000000   15.9178   6797.312 0.011   -1.6   -2.7 -2.04 -0.047  55   0 11:20:32     44633.47184    0.0000  2022/04/14
132.0000000  24.0000000   15.9178   6797.313 0.013   -1.7   -2.8 -2.04 -0.047  55   0 11:21:32     44633.47253    0.0000  2022/04/14
132.0000000  24.0000000   15.9178   6797.310 0.013   -1.7   -3.0 -2.04 -0.047  55   0 11:22:32     44633.47322    0.0000  2022/04/14
132.0000000  24.0000000   15.9178   6797.312 0.013   -1.7   -3.0 -2.04 -0.047  55   0 11:23:32     44633.47392    0.0000  2022/04/14
132.0000000  24.0000000   15.6737   6797.312 0.013   -1.8   -3.1 -2.03 -0.048  55   0 11:24:32     44633.47461    0.0000  2022/04/14
132.0000000  24.0000000   15.9178   6797.312 0.013   -1.8   -3.2 -2.03 -0.048  55   0 11:25:32     44633.47530    0.0000  2022/04/14
132.0000000  24.0000000   14.4530   6797.313 0.014   -1.9   -3.3 -2.03 -0.048  55   0 11:26:33     44633.47601    0.0000  2022/04/14
132.0000000  34.0000000   27.1482   6816.525 0.020    0.0   -1.0 -2.01 -0.075  55   1 13:04:57     44633.54423    0.0000  2022/04/14
132.0000000  34.0000000   26.9041   6816.527 0.022   -0.2   -1.1 -2.03 -0.075  55   0 13:06:02     44633.54498    0.0000  2022/04/14
132.0000000  34.0000000   27.1482   6816.524 0.018   -0.1   -1.3 -2.04 -0.075  55   0 13:07:02     44633.54568    0.0000  2022/04/14
132.0000000  34.0000000   26.9041   6816.525 0.018   -0.1   -1.6 -2.06 -0.075  55   0 13:08:02     44633.54637    0.0000  2022/04/14
132.0000000  34.0000000   26.9041   6816.525 0.017   -0.1   -1.6 -2.07 -0.075  55   0 13:09:02     44633.54706    0.0000  2022/04/14
132.0000000  34.0000000   26.9041   6816.526 0.016    0.0   -1.9 -2.08 -0.076  55   0 13:10:02     44633.54776    0.0000  2022/04/14
132.0000000  34.0000000   26.9041   6816.526 0.016   -0.1   -2.0 -2.09 -0.076  55   0 13:11:02     44633.54845    0.0000  2022/04/14
132.0000000  34.0000000   26.9041   6816.525 0.019    0.0   -2.2 -2.10 -0.076  55   0 13:12:02     44633.54914    0.0000  2022/04/14
132.0000000  34.0000000   26.9041   6816.525 0.019    0.0   -2.4 -2.11 -0.076  55   0 13:13:02     44633.54984    0.0000  2022/04/14
132.0000000  34.0000000   26.9041   6816.526 0.017    0.0   -2.5 -2.12 -0.076  55   0 13:14:02     44633.55053    0.0000  2022/04/14
132.0000000  34.0000000   26.9041   6816.525 0.016    0.0   -2.7 -2.13 -0.077  55   0 13:15:02     44633.55122    0.0000  2022/04/14
132.0000000  34.0000000   26.6600   6816.525 0.017    0.0   -2.9 -2.14 -0.077  55   0 13:16:02     44633.55192    0.0000  2022/04/14
132.0000000  34.0000000   26.6600   6816.524 0.018    0.0   -2.9 -2.15 -0.077  55   0 13:17:02     44633.55261    0.0000  2022/04/14
132.0000000  34.0000000   26.6600   6816.524 0.017    0.0   -3.1 -2.15 -0.077  55   0 13:18:02     44633.55330    0.0000  2022/04/14
132.0000000  34.0000000   26.6600   6816.524 0.015    0.0   -3.3 -2.16 -0.077  55   0 13:19:02     44633.55400    0.0000  2022/04/14
132.0000000  34.0000000   26.6600   6816.524 0.016    0.1   -3.4 -2.16 -0.077  55   0 13:20:02     44633.55469    0.0000  2022/04/14
132.0000000  34.0000000   26.6600   6816.523 0.019    0.0   -3.6 -2.17 -0.078  55   0 13:21:02     44633.55538    0.0000  2022/04/14
132.0000000  34.0000000   26.4158   6816.524 0.015    0.0   -3.7 -2.17 -0.078  55   0 13:22:02     44633.55608    0.0000  2022/04/14
132.0000000  34.0000000   26.6600   6816.524 0.017   -0.1   -3.7 -2.17 -0.078  55   0 13:23:02     44633.55677    0.0000  2022/04/14
132.0000000  34.0000000   26.6600   6816.523 0.017    0.0   -3.9 -2.18 -0.078  55   0 13:24:02     44633.55746    0.0000  2022/04/14
132.0000000  34.0000000   26.4158   6816.524 0.024    0.0   -4.1 -2.18 -0.078  55   0 13:25:02     44633.55816    0.0000  2022/04/14
132.0000000  34.0000000   26.4158   6816.524 0.018   -0.1   -4.2 -2.18 -0.078  55   0 13:26:02     44633.55885    0.0000  2022/04/14
132.0000000  34.0000000   26.6600   6816.523 0.018    0.0   -4.3 -2.19 -0.078  55   0 13:27:02     44633.55954    0.0000  2022/04/14
132.0000000  34.0000000   26.4158   6816.522 0.019   -0.1   -4.4 -2.19 -0.079  55   0 13:28:02     44633.56024    0.0000  2022/04/14
132.0000000  34.0000000   26.4158   6816.523 0.015   -0.2   -4.5 -2.19 -0.079  55   0 13:29:02     44633.56093    0.0000  2022/04/14
132.0000000  34.0000000   26.4158   6816.523 0.019   -0.2   -4.5 -2.19 -0.079  55   0 13:30:02     44633.56162    0.0000  2022/04/14
132.0000000  34.0000000   26.6600   6816.523 0.019   -0.3   -4.7 -2.19 -0.079  55   0 13:31:02     44633.56232    0.0000  2022/04/14
132.0000000  34.0000000   26.4158   6816.524 0.020   -0.5   -4.8 -2.19 -0.079  55   0 13:32:02     44633.56301    0.0000  2022/04/14
132.0000000  34.0000000   26.4158   6816.525 0.019   -0.4   -4.8 -2.20 -0.079  55   0 13:33:02     44633.56370    0.0000  2022/04/14
132.0000000  34.0000000   25.4393   6816.523 0.020   -0.6   -4.8 -2.20 -0.079  55   0 13:34:03     44633.56441    0.0000  2022/04/14
132.0000000  34.0000000   26.4158   6816.522 0.023    0.7    0.2 -2.20 -0.080  55   0 13:36:13     44633.56591    0.0000  2022/04/14
132.0000000  34.0000000   26.4158   6816.521 0.021    0.8    0.2 -2.20 -0.080  55   0 13:37:18     44633.56666    0.0000  2022/04/14
132.0000000  34.0000000   26.4158   6816.522 0.016    0.6    0.1 -2.20 -0.080  55   0 13:38:18     44633.56735    0.0000  2022/04/14
132.0000000  34.0000000   26.4158   6816.521 0.019    0.5    0.1 -2.20 -0.080  55   0 13:39:18     44633.56805    0.0000  2022/04/14
132.0000000  34.0000000   26.4158   6816.522 0.022    0.6    0.1 -2.20 -0.080  55   1 13:40:18     44633.56874    0.0000  2022/04/14
132.0000000  34.0000000   26.4158   6816.521 0.016    0.4    0.0 -2.20 -0.080  55   0 13:41:18     44633.56943    0.0000  2022/04/14
132.0000000  34.0000000   26.4158   6816.521 0.019    0.4    0.0 -2.20 -0.080  55   0 13:42:18     44633.57013    0.0000  2022/04/14
132.0000000  34.0000000   26.4158   6816.521 0.017    0.4    0.0 -2.20 -0.081  55   0 13:43:18     44633.57082    0.0000  2022/04/14
132.0000000  34.0000000   26.4158   6816.521 0.016    0.4   -0.1 -2.20 -0.081  55   0 13:44:18     44633.57151    0.0000  2022/04/14
132.0000000  34.0000000   26.4158   6816.521 0.018    0.3   -0.2 -2.20 -0.081  55   0 13:45:18     44633.57221    0.0000  2022/04/14
132.0000000  34.0000000   26.4158   6816.522 0.017    0.4   -0.2 -2.20 -0.081  55   2 13:46:18     44633.57290    0.0000  2022/04/14
132.0000000  34.0000000   26.4158   6816.521 0.026    0.4   -0.3 -2.20 -0.081  55   1 13:47:18     44633.57359    0.0000  2022/04/14
132.0000000  34.0000000   26.4158   6816.521 0.018    0.3   -0.4 -2.20 -0.081  55   0 13:48:18     44633.57429    0.0000  2022/04/14
132.0000000  34.0000000   26.4158   6816.521 0.018    0.2   -0.4 -2.20 -0.081  55   0 13:49:18     44633.57498    0.0000  2022/04/14
132.0000000  34.0000000   26.1717   6816.521 0.017    0.2   -0.2 -2.20 -0.081  55   0 13:50:18     44633.57567    0.0000  2022/04/14
132.0000000  34.0000000   26.1717   6816.521 0.020    0.2   -0.4 -2.20 -0.081  55   0 13:51:18     44633.57637    0.0000  2022/04/14
132.0000000  34.0000000   26.1717   6816.520 0.017    0.3   -0.5 -2.20 -0.081  55   0 13:52:18     44633.57706    0.0000  2022/04/14
132.0000000  34.0000000   26.1717   6816.521 0.018    0.2   -0.5 -2.20 -0.081  55   0 13:53:18     44633.57775    0.0000  2022/04/14
132.0000000  34.0000000   26.1717   6816.521 0.018    0.3   -0.6 -2.20 -0.082  55   0 13:54:18     44633.57845    0.0000  2022/04/14
132.0000000  34.0000000   26.1717   6816.521 0.017    0.4   -0.7 -2.20 -0.082  55   0 13:55:18     44633.57914    0.0000  2022/04/14
132.0000000  34.0000000   26.1717   6816.521 0.017    0.4   -0.8 -2.20 -0.082  55   0 13:56:18     44633.57983    0.0000  2022/04/14
132.0000000  34.0000000   26.1717   6816.521 0.017    0.3   -1.0 -2.20 -0.082  55   0 13:57:18     44633.58053    0.0000  2022/04/14
132.0000000  34.0000000   26.1717   6816.521 0.017    0.3   -1.1 -2.20 -0.082  55   0 13:58:18     44633.58122    0.0000  2022/04/14
132.0000000  34.0000000   26.1717   6816.520 0.018    0.2   -1.1 -2.20 -0.082  55   0 13:59:18     44633.58191    0.0000  2022/04/14
132.0000000  34.0000000   26.1717   6816.521 0.017    0.2   -1.2 -2.20 -0.082  55   0 14:00:18     44633.58261    0.0000  2022/04/14
132.0000000  34.0000000   25.9275   6816.521 0.016    0.4   -1.3 -2.20 -0.082  55   0 14:01:18     44633.58330    0.0000  2022/04/14
132.0000000  34.0000000   26.1717   6816.521 0.017    0.3   -1.3 -2.20 -0.082  55   0 14:02:18     44633.58399    0.0000  2022/04/14
132.0000000  34.0000000   26.1717   6816.521 0.018    0.2   -1.5 -2.20 -0.082  55   0 14:03:18     44633.58469    0.0000  2022/04/14
132.0000000  34.0000000   25.9275   6816.521 0.017    0.2   -1.6 -2.20 -0.082  55   0 14:04:18     44633.58538    0.0000  2022/04/14
132.0000000  34.0000000   25.1951   6816.522 0.018    0.2   -1.7 -2.20 -0.082  55   0 14:05:19     44633.58609    0.0000  2022/04/14
132.0000000  14.0000000   29.5896   6842.921 0.134   -2.7    1.3 -1.93 -0.080  55   4 15:05:14     44633.62763    0.0000  2022/04/14
132.0000000  14.0000000   29.8338   6842.920 0.041   -3.0    0.9 -1.96 -0.080  55   0 15:06:19     44633.62838    0.0000  2022/04/14
132.0000000  14.0000000   29.5896   6842.920 0.038   -2.9    0.7 -1.98 -0.080  55   0 15:07:19     44633.62907    0.0000  2022/04/14
132.0000000  14.0000000   29.8338   6842.919 0.041   -3.0    0.4 -2.00 -0.080  55   0 15:08:19     44633.62977    0.0000  2022/04/14
132.0000000  14.0000000   29.8338   6842.919 0.046   -3.0    0.1 -2.02 -0.080  55   0 15:09:19     44633.63046    0.0000  2022/04/14
132.0000000  14.0000000   29.8338   6842.919 0.040   -3.0    0.0 -2.04 -0.079  55   0 15:10:19     44633.63115    0.0000  2022/04/14
132.0000000  14.0000000   29.8338   6842.919 0.056   -3.0   -0.2 -2.06 -0.079  55   0 15:11:19     44633.63185    0.0000  2022/04/14
132.0000000  14.0000000   29.8338   6842.918 0.075   -3.0   -0.5 -2.08 -0.079  55   0 15:12:19     44633.63254    0.0000  2022/04/14
132.0000000  14.0000000   29.8338   6842.918 0.060   -2.9   -0.6 -2.09 -0.079  55   0 15:13:19     44633.63323    0.0000  2022/04/14
132.0000000  14.0000000   29.8338   6842.919 0.043   -3.0   -0.8 -2.11 -0.079  55   0 15:14:19     44633.63393    0.0000  2022/04/14
132.0000000  14.0000000   29.8338   6842.917 0.057   -3.0   -1.0 -2.12 -0.079  55   0 15:15:19     44633.63462    0.0000  2022/04/14
132.0000000  14.0000000   29.8338   6842.918 0.045   -3.0   -1.4 -2.13 -0.079  55   0 15:16:19     44633.63531    0.0000  2022/04/14
132.0000000  14.0000000   29.5896   6842.918 0.041   -3.0   -1.4 -2.14 -0.078  55   0 15:17:19     44633.63601    0.0000  2022/04/14
132.0000000  14.0000000   29.8338   6842.918 0.048   -3.1   -1.6 -2.15 -0.078  55   0 15:18:19     44633.63670    0.0000  2022/04/14
132.0000000  14.0000000   29.5896   6842.917 0.053   -3.1   -1.8 -2.16 -0.078  55   0 15:19:19     44633.63739    0.0000  2022/04/14
132.0000000  14.0000000   29.5896   6842.917 0.060   -3.0   -1.9 -2.17 -0.078  55   0 15:20:19     44633.63809    0.0000  2022/04/14
132.0000000  14.0000000   29.8338   6842.918 0.046   -3.1   -2.1 -2.18 -0.078  55   0 15:21:19     44633.63878    0.0000  2022/04/14
132.0000000  14.0000000   29.5896   6842.916 0.048   -3.0   -2.4 -2.19 -0.078  55   0 15:22:19     44633.63947    0.0000  2022/04/14
132.0000000  14.0000000   29.5896   6842.917 0.057   -3.2   -2.5 -2.19 -0.077  55   0 15:23:19     44633.64017    0.0000  2022/04/14
132.0000000  14.0000000   29.8338   6842.918 0.044   -3.2   -2.6 -2.20 -0.077  55   0 15:24:19     44633.64086    0.0000  2022/04/14
132.0000000  14.0000000   29.5896   6842.917 0.039   -3.3   -2.7 -2.20 -0.077  55   0 15:25:19     44633.64155    0.0000  2022/04/14
132.0000000  14.0000000   29.5896   6842.919 0.042   -3.3   -2.9 -2.21 -0.077  55   1 15:26:19     44633.64225    0.0000  2022/04/14
132.0000000  14.0000000   29.5896   6842.917 0.041   -3.3   -3.1 -2.21 -0.077  55   0 15:27:19     44633.64294    0.0000  2022/04/14
132.0000000  14.0000000   29.5896   6842.918 0.051   -3.3   -3.2 -2.21 -0.077  55   0 15:28:19     44633.64363    0.0000  2022/04/14
132.0000000  14.0000000   29.5896   6842.919 0.067   -3.3   -3.4 -2.22 -0.076  55   0 15:29:19     44633.64433    0.0000  2022/04/14
132.0000000  14.0000000   29.5896   6842.918 0.041   -3.5   -3.4 -2.22 -0.076  55   0 15:30:19     44633.64502    0.0000  2022/04/14
132.0000000  14.0000000   29.5896   6842.918 0.051   -3.5   -3.6 -2.22 -0.076  55   0 15:31:19     44633.64571    0.0000  2022/04/14
132.0000000  14.0000000   29.5896   6842.917 0.091   -3.4   -3.6 -2.23 -0.076  55   0 15:32:19     44633.64641    0.0000  2022/04/14
132.0000000  14.0000000   29.5896   6842.918 0.045   -3.5   -3.8 -2.23 -0.076  55   0 15:33:19     44633.64710    0.0000  2022/04/14
132.0000000  14.0000000   29.5896   6842.917 0.047   -3.5   -3.7 -2.23 -0.075  55   0 15:34:19     44633.64779    0.0000  2022/04/14
132.0000000  14.0000000   29.5896   6842.917 0.036   -3.6   -3.8 -2.23 -0.075  55   0 15:35:19     44633.64849    0.0000  2022/04/14
132.0000000  14.0000000   29.5896   6842.917 0.043   -3.6   -3.9 -2.23 -0.075  55   0 15:36:19     44633.64918    0.0000  2022/04/14
132.0000000  14.0000000   29.5896   6842.917 0.038   -3.6   -4.1 -2.24 -0.075  55   0 15:37:19     44633.64987    0.0000  2022/04/14
132.0000000  14.0000000   29.5896   6842.918 0.051   -3.7   -4.1 -2.24 -0.075  55   1 15:38:19     44633.65057    0.0000  2022/04/14
132.0000000  14.0000000   29.5896   6842.916 0.098   -3.7   -4.1 -2.24 -0.074  55   0 15:39:19     44633.65126    0.0000  2022/04/14
132.0000000  14.0000000   29.3455   6842.914 0.083   -3.6   -4.4 -2.24 -0.074  55   3 15:40:19     44633.65195    0.0000  2022/04/14
132.0000000  14.0000000   29.5896   6842.914 0.073   -3.7   -4.4 -2.24 -0.074  55   3 15:41:19     44633.65265    0.0000  2022/04/14
132.0000000  14.0000000   29.3455   6842.917 0.112   -3.7   -4.4 -2.24 -0.074  55   4 15:42:19     44633.65334    0.0000  2022/04/14
132.0000000  14.0000000   29.5896   6842.917 0.044   -3.7   -4.5 -2.24 -0.074  55   0 15:43:19     44633.65403    0.0000  2022/04/14
132.0000000  14.0000000   29.5896   6842.918 0.071   -3.8   -4.6 -2.24 -0.073  55   1 15:44:19     44633.65473    0.0000  2022/04/14
132.0000000  14.0000000   29.5896   6842.917 0.041   -3.9   -4.7 -2.24 -0.073  55   0 15:45:19     44633.65542    0.0000  2022/04/14
132.0000000  14.0000000   29.5896   6842.915 0.051   -3.8   -4.8 -2.24 -0.073  55   0 15:46:19     44633.65611    0.0000  2022/04/14
132.0000000  14.0000000   29.5896   6842.915 0.067   -3.9   -4.8 -2.24 -0.073  55   0 15:47:19     44633.65681    0.0000  2022/04/14
132.0000000  14.0000000   29.5896   6842.916 0.067   -4.0   -4.8 -2.24 -0.073  55   0 15:48:19     44633.65750    0.0000  2022/04/14
132.0000000  14.0000000   29.5896   6842.917 0.047   -3.9   -4.9 -2.24 -0.072  55   0 15:49:19     44633.65819    0.0000  2022/04/14
132.0000000  14.0000000   29.5896   6842.915 0.061   -3.9   -5.1 -2.24 -0.072  55   0 15:50:19     44633.65889    0.0000  2022/04/14
132.0000000  14.0000000   29.3455   6842.917 0.032   -3.9   -5.0 -2.24 -0.072  55   1 15:51:19     44633.65958    0.0000  2022/04/14
132.0000000  14.0000000   29.5896   6842.915 0.048   -3.9   -5.2 -2.24 -0.072  55   2 15:52:19     44633.66027    0.0000  2022/04/14
132.0000000  14.0000000   29.5896   6842.917 0.053   -3.9   -5.3 -2.24 -0.071  55   0 15:53:19     44633.66097    0.0000  2022/04/14
132.0000000  14.0000000   29.3455   6842.917 0.041   -3.9   -5.3 -2.24 -0.071  55   1 15:54:19     44633.66166    0.0000  2022/04/14
132.0000000  14.0000000   29.5896   6842.917 0.108   -3.9   -5.4 -2.25 -0.071  55   2 15:55:19     44633.66235    0.0000  2022/04/14
132.0000000  14.0000000   29.3455   6842.913 0.068   -4.0   -5.4 -2.25 -0.071  55   1 15:56:19     44633.66305    0.0000  2022/04/14
132.0000000  14.0000000   29.5896   6842.915 0.050   -4.0   -5.5 -2.25 -0.070  55   0 15:57:19     44633.66374    0.0000  2022/04/14
132.0000000  14.0000000   29.5896   6842.915 0.048   -4.0   -5.6 -2.25 -0.070  55   0 15:58:19     44633.66443    0.0000  2022/04/14
132.0000000  14.0000000   29.5896   6842.915 0.051   -4.0   -5.7 -2.25 -0.070  55   0 15:59:19     44633.66513    0.0000  2022/04/14
132.0000000  14.0000000   29.5896   6842.915 0.048   -4.0   -5.7 -2.25 -0.070  55   2 16:00:19     44633.66582    0.0000  2022/04/14
132.0000000  14.0000000   29.5896   6842.916 0.093   -4.1   -5.9 -2.25 -0.069  55   0 16:01:19     44633.66651    0.0000  2022/04/14
132.0000000  14.0000000   29.5896   6842.915 0.065   -4.1   -5.9 -2.25 -0.069  55   2 16:02:19     44633.66721    0.0000  2022/04/14
132.0000000  14.0000000   29.3455   6842.915 0.053   -4.0   -5.9 -2.25 -0.069  55   0 16:03:19     44633.66790    0.0000  2022/04/14
132.0000000  14.0000000   28.1248   6842.915 0.149   -4.1   -6.0 -2.25 -0.069  55   0 16:04:20     44633.66860    0.0000  2022/04/14