
/	CG-5 SURVEY
/	Survey name:   	pbz
/	Instrument S/N:	49459
/	Client:        	geoken
/	Operator:      	geoken
/	Date:          	2021/ 9/20
/	Time:          	07:59:08
/	LONG:        	77.1000000 E
/	LAT:         	43.7000000 N
/	ZONE:        	43      
/	GMT DIFF.:   	-6.0

/	CG-5 SETUP PARAMETERS
/	Gref:			1500.000
/	Gcal1:		8925.088
/	TiltxS:		655.885 
/	TiltyS:		638.389 
/	TiltxO:		0.173   
/	TiltyO:		-10.679 
/	Tempco:		-0.121  
/	Drift:		0.531   
/	DriftTime Start:	07:59:10
/	DriftDate Start:	2021/09/20

/	CG-5 OPTIONS
/	Tide Correction:    YES
/	Cont. Tilt:         YES
/	Auto Rejection:     YES
/	Terrain Corr.:       NO
/	Seismic Filter:     YES
/	Raw Data:            NO
Line	   0.000S
/------LINE-----STATION-----ALT.------GRAV.---SD.--TILTX--TILTY-TEMP---TIDE---DUR-REJ-----TIME----DEC.TIME+DATE--TERRAIN---DATE
 0.0000000  10.0000000    0.0000   5757.478 0.015    0.3   -1.7 -4.07 -0.047  40   1 08:02:19     44427.33441    0.0000  2021/09/20
 0.0000000  10.0000000    0.0000   5757.479 0.009   -0.7   -1.7 -4.06 -0.047  40   0 08:03:07     44427.33496    0.0000  2021/09/20
 0.0000000  10.0000000    0.0000   5757.479 0.008    0.2   -1.8 -4.04 -0.046  40   0 08:03:51     44427.33547    0.0000  2021/09/20
 0.0000000  10.0000000    0.0000   5757.479 0.009   -0.2   -1.7 -4.04 -0.046  40   0 08:04:35     44427.33598    0.0000  2021/09/20
 0.0000000  10.0000000    0.0000   5757.479 0.008    0.1   -1.9 -4.02 -0.045  40   0 08:05:19     44427.33649    0.0000  2021/09/20
 0.0000000   2.0000000    0.0000   5758.986 0.010    0.6   -2.8 -4.34 -0.037  40   0 08:19:28     44427.34630    0.0000  2021/09/20
 0.0000000   2.0000000    0.0000   5758.986 0.009    0.6   -3.8 -4.35 -0.036  40   0 08:20:16     44427.34685    0.0000  2021/09/20
 0.0000000   2.0000000    0.0000   5758.985 0.009    0.7   -4.3 -4.35 -0.036  40   0 08:21:00     44427.34736    0.0000  2021/09/20
 0.0000000   2.0000000    0.0000   5758.986 0.009    1.5   -4.6 -4.36 -0.035  40   0 08:21:44     44427.34787    0.0000  2021/09/20
 0.0000000   2.0000000    0.0000   5758.986 0.010    1.2   -5.0 -4.36 -0.035  40   0 08:22:28     44427.34838    0.0000  2021/09/20
 0.0000000   1.0000000    0.0000   5777.077 0.010    1.8    2.2 -4.16 -0.020  40   0 08:46:12     44427.36483    0.0000  2021/09/20
 0.0000000   1.0000000    0.0000   5777.076 0.010    2.2    1.5 -4.16 -0.019  40   0 08:47:00     44427.36539    0.0000  2021/09/20
 0.0000000   1.0000000    0.0000   5777.077 0.010    2.1    0.3 -4.16 -0.018  40   0 08:47:44     44427.36590    0.0000  2021/09/20
 0.0000000   1.0000000    0.0000   5777.076 0.009    2.3    0.0 -4.16 -0.018  40   0 08:48:28     44427.36640    0.0000  2021/09/20
 0.0000000   1.0000000    0.0000   5777.078 0.010    2.5    0.1 -4.16 -0.018  40   0 08:49:12     44427.36691    0.0000  2021/09/20
 0.0000000   2.0000000    0.0000   5758.988 0.008    0.0   -0.4 -3.96 -0.001  40   0 09:13:37     44427.38384    0.0000  2021/09/20
 0.0000000   2.0000000    0.0000   5758.989 0.007    0.2   -1.0 -3.96 -0.001  40   0 09:14:25     44427.38440    0.0000  2021/09/20
 0.0000000   2.0000000    0.0000   5758.988 0.009    0.4   -1.0 -3.97 0.000  40   0 09:15:09     44427.38490    0.0000  2021/09/20
 0.0000000   2.0000000    0.0000   5758.989 0.009    0.4   -1.0 -3.97 0.000  40   0 09:15:53     44427.38541    0.0000  2021/09/20
 0.0000000   2.0000000    0.0000   5758.989 0.009    0.1   -1.3 -3.98 0.000  40   0 09:16:37     44427.38592    0.0000  2021/09/20
 0.0000000   1.0000000    0.0000   5777.078 0.011    1.0    3.0 -3.84 0.012  40   0 09:34:48     44427.39853    0.0000  2021/09/20
 0.0000000   1.0000000    0.0000   5777.074 0.010    1.2    3.1 -3.84 0.012  40   0 09:35:36     44427.39908    0.0000  2021/09/20
 0.0000000   1.0000000    0.0000   5777.073 0.009    1.7    2.8 -3.85 0.013  40   0 09:36:20     44427.39959    0.0000  2021/09/20
 0.0000000   1.0000000    0.0000   5777.077 0.010    1.4    2.2 -3.86 0.013  40   0 09:37:04     44427.40010    0.0000  2021/09/20
 0.0000000   1.0000000    0.0000   5777.076 0.010    1.3    1.8 -3.87 0.014  40   0 09:37:48     44427.40061    0.0000  2021/09/20
 0.0000000   2.0000000    0.0000   5758.985 0.014    0.4   -2.1 -3.76 0.026  40   0 09:57:03     44427.41395    0.0000  2021/09/20
 0.0000000   2.0000000    0.0000   5758.985 0.014    0.4   -2.3 -3.77 0.027  40   0 09:57:51     44427.41451    0.0000  2021/09/20
 0.0000000   2.0000000    0.0000   5758.984 0.014    0.6   -2.7 -3.78 0.027  40   0 09:58:35     44427.41502    0.0000  2021/09/20
 0.0000000   2.0000000    0.0000   5758.984 0.015    0.6   -2.9 -3.78 0.027  40   0 09:59:19     44427.41553    0.0000  2021/09/20
 0.0000000   2.0000000    0.0000   5758.984 0.019    0.7   -2.9 -3.79 0.028  40   0 10:00:03     44427.41603    0.0000  2021/09/20
 0.0000000   2.0999999    0.0000   5747.093 0.019   -1.3    1.4 -3.79 0.037  40   0 10:13:38     44427.42545    0.0000  2021/09/20
 0.0000000   2.0999999    0.0000   5747.090 0.015   -0.7    1.0 -3.79 0.037  40   0 10:14:26     44427.42601    0.0000  2021/09/20
 0.0000000   2.0999999    0.0000   5747.091 0.012   -1.1    0.7 -3.80 0.037  40   0 10:15:10     44427.42652    0.0000  2021/09/20
 0.0000000   2.0999999    0.0000   5747.091 0.012   -1.0    0.8 -3.80 0.038  40   0 10:15:54     44427.42702    0.0000  2021/09/20
 0.0000000   2.0999999    0.0000   5747.090 0.013   -0.1    0.4 -3.81 0.038  40   0 10:16:38     44427.42753    0.0000  2021/09/20
 0.0000000   2.0000000    0.0000   5758.983 0.008   -1.9   -0.4 -3.83 0.046  40   3 10:29:40     44427.43657    0.0000  2021/09/20
 0.0000000   2.0000000    0.0000   5758.982 0.008   -2.3   -0.8 -3.82 0.046  40   0 10:30:28     44427.43712    0.0000  2021/09/20
 0.0000000   2.0000000    0.0000   5758.981 0.007   -2.2   -1.0 -3.82 0.046  40   0 10:31:12     44427.43763    0.0000  2021/09/20
 0.0000000   2.0000000    0.0000   5758.982 0.020   -2.3   -1.3 -3.82 0.047  40   8 10:31:56     44427.43814    0.0000  2021/09/20
 0.0000000   2.0000000    0.0000   5758.984 0.010   -2.5   -1.3 -3.82 0.047  40   1 10:32:40     44427.43865    0.0000  2021/09/20
 0.0000000   2.0999999    0.0000   5747.085 0.054    2.7   -1.8 -3.90 0.057  40   0 10:51:33     44427.45174    0.0000  2021/09/20
 0.0000000   2.0999999    0.0000   5747.085 0.022    2.7   -1.8 -3.91 0.057  40   0 10:52:21     44427.45230    0.0000  2021/09/20
 0.0000000   2.0999999    0.0000   5747.086 0.024    2.9   -2.6 -3.93 0.057  40   0 10:53:05     44427.45280    0.0000  2021/09/20
 0.0000000   2.0999999    0.0000   5747.087 0.027    3.2   -2.7 -3.94 0.058  40   0 10:53:49     44427.45331    0.0000  2021/09/20
 0.0000000   2.0999999    0.0000   5747.085 0.022    3.6   -2.6 -3.95 0.058  40   0 10:54:33     44427.45382    0.0000  2021/09/20
 0.0000000   3.0000000    0.0000   5735.358 0.019    5.0   -1.6 -3.99 0.064  40   0 11:07:15     44427.46263    0.0000  2021/09/20
 0.0000000   3.0000000    0.0000   5735.353 0.016    5.5   -1.8 -3.98 0.064  40   3 11:08:03     44427.46318    0.0000  2021/09/20
 0.0000000   3.0000000    0.0000   5735.358 0.014    5.4   -2.0 -3.98 0.064  40   0 11:08:47     44427.46369    0.0000  2021/09/20
 0.0000000   3.0000000    0.0000   5735.354 0.029    5.6   -2.4 -3.99 0.064  40   6 11:09:31     44427.46420    0.0000  2021/09/20
 0.0000000   3.0000000    0.0000   5735.351 0.025    6.0   -2.4 -3.99 0.065  40   0 11:10:15     44427.46471    0.0000  2021/09/20
 0.0000000   3.0000000    0.0000   5735.356 0.020    5.7   -2.6 -3.99 0.065  40   0 11:10:59     44427.46522    0.0000  2021/09/20
 0.0000000   3.0000000    0.0000   5735.357 0.020    5.8   -2.5 -3.99 0.065   6   0 11:11:44     44427.46574    0.0000  2021/09/20
 0.0000000   2.0999999    0.0000   5747.086 0.023    1.0   -1.6 -3.99 0.069  40   0 11:22:12     44427.47299    0.0000  2021/09/20
 0.0000000   2.0999999    0.0000   5747.087 0.020    0.9   -2.0 -3.98 0.069  40   0 11:23:00     44427.47355    0.0000  2021/09/20
 0.0000000   2.0999999    0.0000   5747.086 0.024    0.4   -2.3 -3.98 0.070  40   1 11:23:44     44427.47406    0.0000  2021/09/20
 0.0000000   2.0999999    0.0000   5747.085 0.019    0.8   -2.3 -3.98 0.070  40   0 11:24:28     44427.47456    0.0000  2021/09/20
 0.0000000   2.0999999    0.0000   5747.086 0.014    0.4   -2.7 -3.98 0.070  40   0 11:25:12     44427.47507    0.0000  2021/09/20
 0.0000000   3.0000000    0.0000   5735.354 0.037    2.1   -3.3 -3.91 0.074  40   1 11:38:17     44427.48414    0.0000  2021/09/20
 0.0000000   3.0000000    0.0000   5735.354 0.025    2.5   -3.5 -3.91 0.074  40   0 11:39:05     44427.48470    0.0000  2021/09/20
 0.0000000   3.0000000    0.0000   5735.352 0.023    2.5   -3.0 -3.91 0.074  40   0 11:39:49     44427.48521    0.0000  2021/09/20
 0.0000000   3.0000000    0.0000   5735.353 0.024    2.1   -3.2 -3.92 0.074  40   0 11:40:33     44427.48571    0.0000  2021/09/20
 0.0000000   3.0000000    0.0000   5735.353 0.017    1.8   -3.0 -3.92 0.075  40   0 11:41:17     44427.48622    0.0000  2021/09/20
 0.0000000   4.0000000    0.0000   5714.375 0.022   -2.5    2.4 -3.97 0.078  40   0 11:58:12     44427.49795    0.0000  2021/09/20
 0.0000000   4.0000000    0.0000   5714.376 0.021    1.2    1.4 -3.99 0.078  40   0 11:59:00     44427.49851    0.0000  2021/09/20
 0.0000000   4.0000000    0.0000   5714.375 0.019    4.5    0.9 -4.01 0.078  40   0 11:59:44     44427.49902    0.0000  2021/09/20
 0.0000000   4.0000000    0.0000   5714.376 0.017    6.4    1.2 -4.02 0.078  40   0 12:00:28     44427.49952    0.0000  2021/09/20
 0.0000000   4.0000000    0.0000   5714.378 0.021    7.7    0.3 -4.04 0.079  40   0 12:01:12     44427.50003    0.0000  2021/09/20
 0.0000000   3.0000000    0.0000   5735.352 0.010    3.4   -1.0 -4.31 0.080  40   6 12:14:59     44427.50959    0.0000  2021/09/20
 0.0000000   3.0000000    0.0000   5735.353 0.013    3.5   -1.5 -4.32 0.080  40   0 12:15:47     44427.51014    0.0000  2021/09/20
 0.0000000   3.0000000    0.0000   5735.352 0.013    2.8   -2.0 -4.34 0.080  40   3 12:16:31     44427.51065    0.0000  2021/09/20
 0.0000000   3.0000000    0.0000   5735.351 0.014    3.4   -2.5 -4.36 0.080  40   0 12:17:15     44427.51116    0.0000  2021/09/20
 0.0000000   3.0000000    0.0000   5735.352 0.012    3.8   -2.9 -4.38 0.080  40   0 12:17:59     44427.51167    0.0000  2021/09/20
 0.0000000   4.0000000    0.0000   5714.373 0.022    2.8    0.4 -4.46 0.080  40   0 12:32:05     44427.52144    0.0000  2021/09/20
 0.0000000   4.0000000    0.0000   5714.372 0.024    1.6    0.5 -4.46 0.080  40   0 12:32:53     44427.52200    0.0000  2021/09/20
 0.0000000   4.0000000    0.0000   5714.372 0.026    2.7    0.2 -4.46 0.080  40   0 12:33:37     44427.52251    0.0000  2021/09/20
 0.0000000   4.0000000    0.0000   5714.372 0.030    1.8    0.4 -4.47 0.080  40   0 12:34:21     44427.52302    0.0000  2021/09/20
 0.0000000   4.0000000    0.0000   5714.372 0.025    0.3    0.2 -4.47 0.080  40   0 12:35:05     44427.52352    0.0000  2021/09/20
 0.0000000   5.0000000    0.0000   5696.242 0.024    2.7    0.2 -4.88 0.070  40   0 13:27:17     44427.55972    0.0000  2021/09/20
 0.0000000   5.0000000    0.0000   5696.246 0.020    2.7   -0.7 -4.89 0.070  40   0 13:28:05     44427.56027    0.0000  2021/09/20
 0.0000000   5.0000000    0.0000   5696.245 0.023    2.8   -0.9 -4.90 0.070  40   0 13:28:49     44427.56078    0.0000  2021/09/20
 0.0000000   5.0000000    0.0000   5696.245 0.023    2.9   -1.1 -4.91 0.070  40   0 13:29:33     44427.56129    0.0000  2021/09/20
 0.0000000   5.0000000    0.0000   5696.246 0.027    3.2   -0.6 -4.92 0.069  40   0 13:30:17     44427.56180    0.0000  2021/09/20
 0.0000000   4.0000000    0.0000   5714.385 0.030   -4.2   -1.3 -4.83 0.064  40   0 13:45:22     44427.57225    0.0000  2021/09/20
 0.0000000   4.0000000    0.0000   5714.375 0.024   -4.8   -1.6 -4.82 0.063  40   0 13:46:10     44427.57281    0.0000  2021/09/20
 0.0000000   4.0000000    0.0000   5714.375 0.020   -5.4   -1.1 -4.82 0.063  40   0 13:46:54     44427.57332    0.0000  2021/09/20
 0.0000000   4.0000000    0.0000   5714.375 0.019   -6.5   -1.2 -4.82 0.063  40   0 13:47:38     44427.57383    0.0000  2021/09/20
 0.0000000   4.0000000    0.0000   5714.373 0.017   -7.4   -1.3 -4.82 0.063  40   0 13:48:22     44427.57433    0.0000  2021/09/20
 0.0000000   4.0000000    0.0000   5714.375 0.018   -8.3   -0.8 -4.82 0.062  40   0 13:49:06     44427.57484    0.0000  2021/09/20
 0.0000000   5.0000000    0.0000   5696.242 0.039   -1.7   -1.5 -4.70 0.055  40   1 14:05:23     44427.58613    0.0000  2021/09/20
 0.0000000   5.0000000    0.0000   5696.248 0.021   -1.2   -2.2 -4.70 0.054  40   0 14:06:11     44427.58669    0.0000  2021/09/20
 0.0000000   5.0000000    0.0000   5696.247 0.019   -0.8   -2.5 -4.70 0.054  40   0 14:06:55     44427.58720    0.0000  2021/09/20
 0.0000000   5.0000000    0.0000   5696.244 0.030   -0.1   -2.5 -4.70 0.053  40   1 14:07:39     44427.58770    0.0000  2021/09/20
 0.0000000   5.0000000    0.0000   5696.245 0.027   -0.7   -2.9 -4.70 0.053  40   0 14:08:23     44427.58821    0.0000  2021/09/20
 0.0000000   6.0000000    0.0000   5676.200 0.031   -2.3    2.0 -4.55 0.042  40   0 14:29:10     44427.60262    0.0000  2021/09/20
 0.0000000   6.0000000    0.0000   5676.202 0.029   -2.7    1.7 -4.56 0.042  40   0 14:29:58     44427.60318    0.0000  2021/09/20
 0.0000000   6.0000000    0.0000   5676.200 0.030   -2.7    1.7 -4.57 0.041  40   0 14:30:42     44427.60369    0.0000  2021/09/20
 0.0000000   6.0000000    0.0000   5676.201 0.031   -2.8    1.4 -4.57 0.041  40   0 14:31:26     44427.60419    0.0000  2021/09/20
 0.0000000   6.0000000    0.0000   5676.200 0.038   -3.1    1.0 -4.58 0.040  40   0 14:32:10     44427.60470    0.0000  2021/09/20
 0.0000000   6.0000000    0.0000   5676.198 0.036   -2.4    0.5 -4.58 0.040  11   3 14:32:55     44427.60522    0.0000  2021/09/20
 0.0000000   5.0000000    0.0000   5696.245 0.020   -6.7   -1.1 -4.46 0.031  40   0 14:48:16     44427.61586    0.0000  2021/09/20
 0.0000000   5.0000000    0.0000   5696.242 0.018   -6.9   -0.9 -4.47 0.030  40   0 14:49:04     44427.61642    0.0000  2021/09/20
 0.0000000   5.0000000    0.0000   5696.241 0.025   -7.8   -1.4 -4.47 0.029  40   0 14:49:48     44427.61693    0.0000  2021/09/20
 0.0000000   5.0000000    0.0000   5696.243 0.024   -8.7   -1.8 -4.48 0.029  40   0 14:50:32     44427.61744    0.0000  2021/09/20
 0.0000000   5.0000000    0.0000   5696.242 0.033   -9.5   -2.1 -4.49 0.029  40   0 14:51:16     44427.61794    0.0000  2021/09/20
 0.0000000   6.0000000    0.0000   5676.197 0.037    0.9    0.3 -4.61 0.018  40   0 15:07:41     44427.62933    0.0000  2021/09/20
 0.0000000   6.0000000    0.0000   5676.198 0.029    1.3    0.0 -4.62 0.018  40   0 15:08:29     44427.62988    0.0000  2021/09/20
 0.0000000   6.0000000    0.0000   5676.200 0.044    1.9    0.3 -4.63 0.017  40  14 15:09:13     44427.63039    0.0000  2021/09/20
 0.0000000   6.0000000    0.0000   5676.197 0.026    2.5    0.2 -4.64 0.017  40   0 15:09:57     44427.63090    0.0000  2021/09/20
 0.0000000   6.0000000    0.0000   5676.198 0.023    3.1    0.0 -4.65 0.016  40   0 15:10:41     44427.63141    0.0000  2021/09/20
 0.0000000   5.0000000    0.0000   5696.245 0.015    3.3   -3.0 -4.57 0.002  40   0 15:31:55     44427.64613    0.0000  2021/09/20
 0.0000000   5.0000000    0.0000   5696.242 0.018    2.8   -2.9 -4.58 0.001  40   0 15:32:43     44427.64668    0.0000  2021/09/20
 0.0000000   5.0000000    0.0000   5696.244 0.019    3.3   -3.4 -4.59 0.001  40   0 15:33:27     44427.64719    0.0000  2021/09/20
 0.0000000   5.0000000    0.0000   5696.245 0.019    3.3   -3.4 -4.59 0.000  40   0 15:34:11     44427.64770    0.0000  2021/09/20
 0.0000000   5.0000000    0.0000   5696.247 0.015    3.2   -3.2 -4.60 0.000  40   0 15:34:55     44427.64821    0.0000  2021/09/20
 0.0000000   4.0000000    0.0000   5714.373 0.020   -1.7    1.9 -4.54 -0.011  40   0 15:51:55     44427.66000    0.0000  2021/09/20
 0.0000000   4.0000000    0.0000   5714.375 0.020   -1.5    4.5 -4.55 -0.012  40   0 15:52:43     44427.66055    0.0000  2021/09/20
 0.0000000   4.0000000    0.0000   5714.374 0.024   -0.3    6.0 -4.57 -0.012  40   0 15:53:27     44427.66106    0.0000  2021/09/20
 0.0000000   4.0000000    0.0000   5714.377 0.025    1.2    5.8 -4.59 -0.012  40   0 15:54:11     44427.66157    0.0000  2021/09/20
 0.0000000   4.0000000    0.0000   5714.374 0.028    3.3    5.3 -4.61 -0.013  40   0 15:54:55     44427.66208    0.0000  2021/09/20
 0.0000000   5.0000000    0.0000   5696.247 0.022    1.2   -1.5 -4.79 -0.025  40   0 16:12:27     44427.67423    0.0000  2021/09/20
 0.0000000   5.0000000    0.0000   5696.245 0.020    0.9   -1.6 -4.80 -0.025  40   0 16:13:15     44427.67479    0.0000  2021/09/20
 0.0000000   5.0000000    0.0000   5696.245 0.026    1.4   -1.8 -4.81 -0.026  40   0 16:13:59     44427.67530    0.0000  2021/09/20
 0.0000000   5.0000000    0.0000   5696.248 0.036    1.3   -1.8 -4.81 -0.027  40   0 16:14:43     44427.67580    0.0000  2021/09/20
 0.0000000   5.0000000    0.0000   5696.249 0.031    1.2   -1.6 -4.82 -0.027  40   0 16:15:27     44427.67631    0.0000  2021/09/20
 0.0000000   4.0000000    0.0000   5714.371 0.028    1.1   -1.0 -4.78 -0.038  40   0 16:32:26     44427.68809    0.0000  2021/09/20
 0.0000000   4.0000000    0.0000   5714.394 0.024    2.4   -0.6 -4.79 -0.038  40   0 16:33:14     44427.68864    0.0000  2021/09/20
 0.0000000   4.0000000    0.0000   5714.376 0.019    2.6   -0.2 -4.81 -0.039  40   0 16:33:58     44427.68915    0.0000  2021/09/20
 0.0000000   4.0000000    0.0000   5714.374 0.021    3.3    0.0 -4.82 -0.040  40   0 16:34:42     44427.68966    0.0000  2021/09/20
 0.0000000   4.0000000    0.0000   5714.375 0.016    4.5    0.2 -4.83 -0.040  40   0 16:35:26     44427.69017    0.0000  2021/09/20
 0.0000000   4.0000000    0.0000   5714.371 0.024    4.5    0.2 -4.84 -0.040  40   7 16:36:10     44427.69068    0.0000  2021/09/20
 0.0000000   3.0000000    0.0000   5735.353 0.014    3.7    1.9 -4.89 -0.049  40   0 16:49:55     44427.70021    0.0000  2021/09/20
 0.0000000   3.0000000    0.0000   5735.353 0.015    4.1    1.3 -4.89 -0.049  40   0 16:50:43     44427.70076    0.0000  2021/09/20
 0.0000000   3.0000000    0.0000   5735.353 0.014    4.1    0.9 -4.89 -0.049  40   0 16:51:27     44427.70127    0.0000  2021/09/20
 0.0000000   3.0000000    0.0000   5735.351 0.024    4.8    1.0 -4.90 -0.050  40   0 16:52:11     44427.70178    0.0000  2021/09/20
 0.0000000   3.0000000    0.0000   5735.354 0.026    5.0    0.6 -4.91 -0.050  40   0 16:52:55     44427.70229    0.0000  2021/09/20
 0.0000000   4.0000000    0.0000   5714.371 0.021   -6.0   -0.7 -4.89 -0.059  40   0 17:09:18     44427.71365    0.0000  2021/09/20
 0.0000000   4.0000000    0.0000   5714.375 0.017   -5.7   -0.6 -4.90 -0.060  40   0 17:10:06     44427.71420    0.0000  2021/09/20
 0.0000000   4.0000000    0.0000   5714.370 0.019   -5.5   -0.2 -4.90 -0.060  40   0 17:10:50     44427.71471    0.0000  2021/09/20
 0.0000000   4.0000000    0.0000   5714.374 0.016   -5.7   -0.5 -4.90 -0.060  40   0 17:11:34     44427.71522    0.0000  2021/09/20
 0.0000000   4.0000000    0.0000   5714.371 0.019   -5.7   -0.5 -4.90 -0.061  40   0 17:12:18     44427.71573    0.0000  2021/09/20
 0.0000000   3.0000000    0.0000   5735.350 0.013   -3.2   -1.7 -4.85 -0.068  40   0 17:25:41     44427.72501    0.0000  2021/09/20
 0.0000000   3.0000000    0.0000   5735.350 0.013   -3.1   -1.6 -4.85 -0.068  40   0 17:26:29     44427.72556    0.0000  2021/09/20
 0.0000000   3.0000000    0.0000   5735.349 0.013   -3.1   -1.2 -4.85 -0.068  40   0 17:27:13     44427.72607    0.0000  2021/09/20
 0.0000000   3.0000000    0.0000   5735.350 0.012   -3.2   -1.8 -4.85 -0.068  40   0 17:27:57     44427.72658    0.0000  2021/09/20
 0.0000000   3.0000000    0.0000   5735.351 0.016   -3.0   -2.5 -4.84 -0.069  40   0 17:28:41     44427.72709    0.0000  2021/09/20
 0.0000000   2.0999999    0.0000   5747.084 0.012    0.7    0.9 -4.80 -0.072  40   0 17:37:07     44427.73293    0.0000  2021/09/20
 0.0000000   2.0999999    0.0000   5747.083 0.019    0.9    0.7 -4.79 -0.073  40   1 17:37:55     44427.73349    0.0000  2021/09/20
 0.0000000   2.0999999    0.0000   5747.082 0.028    0.9    0.7 -4.79 -0.073  40   0 17:38:39     44427.73400    0.0000  2021/09/20
 0.0000000   2.0999999    0.0000   5747.083 0.086    0.4    0.5 -4.78 -0.073  40   0 17:39:23     44427.73451    0.0000  2021/09/20
 0.0000000   2.0999999    0.0000   5747.081 0.019    0.3    0.3 -4.78 -0.074  40   0 17:40:07     44427.73501    0.0000  2021/09/20
 0.0000000   3.0000000    0.0000   5735.345 0.017   -1.8   -1.0 -4.74 -0.077  40   0 17:49:10     44427.74129    0.0000  2021/09/20
 0.0000000   3.0000000    0.0000   5735.349 0.013   -1.0   -0.9 -4.73 -0.077  40   0 17:49:58     44427.74184    0.0000  2021/09/20
 0.0000000   3.0000000    0.0000   5735.349 0.017    0.1   -1.1 -4.71 -0.078  40   0 17:50:42     44427.74235    0.0000  2021/09/20
 0.0000000   3.0000000    0.0000   5735.346 0.024    0.4   -1.1 -4.71 -0.078  40   0 17:51:26     44427.74286    0.0000  2021/09/20
 0.0000000   3.0000000    0.0000   5735.350 0.018    0.2   -1.6 -4.70 -0.078  40   0 17:52:10     44427.74337    0.0000  2021/09/20
 0.0000000   2.0999999    0.0000   5747.077 0.025    0.9    0.0 -4.66 -0.082  40   0 18:02:55     44427.75082    0.0000  2021/09/20
 0.0000000   2.0999999    0.0000   5747.080 0.016    1.3   -0.2 -4.65 -0.082  40   0 18:03:43     44427.75138    0.0000  2021/09/20
 0.0000000   2.0999999    0.0000   5747.082 0.020    1.0   -0.4 -4.65 -0.082  40   0 18:04:27     44427.75189    0.0000  2021/09/20
 0.0000000   2.0999999    0.0000   5747.077 0.014    1.0   -0.6 -4.65 -0.082  40   0 18:05:11     44427.75239    0.0000  2021/09/20
 0.0000000   2.0999999    0.0000   5747.082 0.014    1.2   -1.0 -4.65 -0.082  40   0 18:05:55     44427.75290    0.0000  2021/09/20
 0.0000000   2.0999999    0.0000   5747.080 0.015    1.0   -1.0 -4.65 -0.083  40   0 18:06:39     44427.75341    0.0000  2021/09/20
 0.0000000   2.0999999    0.0000   5747.081 0.016    1.2   -1.2 -4.65 -0.083   7   1 18:07:24     44427.75393    0.0000  2021/09/20
 0.0000000   2.0000000    0.0000   5758.977 0.007    0.9   -1.9 -4.54 -0.086  40   0 18:19:42     44427.76246    0.0000  2021/09/20
 0.0000000   2.0000000    0.0000   5758.976 0.010    1.1   -2.4 -4.54 -0.086  40   1 18:20:30     44427.76301    0.0000  2021/09/20
 0.0000000   2.0000000    0.0000   5758.976 0.006    1.1   -2.5 -4.53 -0.086  40   0 18:21:14     44427.76352    0.0000  2021/09/20
 0.0000000   2.0000000    0.0000   5758.974 0.007    1.0   -2.7 -4.53 -0.086  40   0 18:21:58     44427.76403    0.0000  2021/09/20
 0.0000000   2.0000000    0.0000   5758.976 0.007    1.1   -3.1 -4.53 -0.086  40   0 18:22:42     44427.76454    0.0000  2021/09/20
 0.0000000   2.0999999    0.0000   5747.082 0.010    1.3    2.4 -4.46 -0.088  40   0 18:33:14     44427.77184    0.0000  2021/09/20
 0.0000000   2.0999999    0.0000   5747.081 0.013    1.1    2.3 -4.45 -0.088  40   0 18:34:02     44427.77240    0.0000  2021/09/20
 0.0000000   2.0999999    0.0000   5747.083 0.009    1.2    2.1 -4.44 -0.088  40   0 18:34:46     44427.77290    0.0000  2021/09/20
 0.0000000   2.0999999    0.0000   5747.083 0.010    1.0    1.7 -4.43 -0.088  40   0 18:35:30     44427.77341    0.0000  2021/09/20
 0.0000000   2.0999999    0.0000   5747.083 0.009    0.7    1.3 -4.43 -0.088  40   0 18:36:14     44427.77392    0.0000  2021/09/20
 0.0000000   2.0000000    0.0000   5758.974 0.010    4.6   -0.2 -4.43 -0.090  40   0 18:47:00     44427.78139    0.0000  2021/09/20
 0.0000000   2.0000000    0.0000   5758.976 0.009    4.8   -0.2 -4.43 -0.090  40   0 18:47:48     44427.78194    0.0000  2021/09/20
 0.0000000   2.0000000    0.0000   5758.977 0.010    5.0   -0.2 -4.42 -0.090  40   0 18:48:32     44427.78245    0.0000  2021/09/20
 0.0000000   2.0000000    0.0000   5758.978 0.008    5.5   -0.2 -4.42 -0.090  40   3 18:49:16     44427.78296    0.0000  2021/09/20
 0.0000000   2.0000000    0.0000   5758.975 0.019    5.3   -0.5 -4.42 -0.090  40   1 18:50:00     44427.78347    0.0000  2021/09/20
 0.0000000  10.0000000    0.0000   5757.464 0.007   -2.5   -2.2 -4.31 -0.089  40   0 19:20:43     44427.80476    0.0000  2021/09/20
 0.0000000  10.0000000    0.0000   5757.464 0.010   -2.5   -2.5 -4.26 -0.089  40   1 19:21:31     44427.80532    0.0000  2021/09/20
 0.0000000  10.0000000    0.0000   5757.463 0.011   -2.5   -2.6 -4.21 -0.089  40   0 19:22:15     44427.80583    0.0000  2021/09/20
 0.0000000  10.0000000    0.0000   5757.464 0.009   -2.4   -2.8 -4.17 -0.089  40   0 19:22:59     44427.80634    0.0000  2021/09/20
 0.0000000  10.0000000    0.0000   5757.465 0.008   -2.5   -3.0 -4.13 -0.088  40   0 19:23:43     44427.80684    0.0000  2021/09/20
 0.0000000  10.0000000    0.0000   5757.464 0.010   -2.4   -2.9 -4.10 -0.088  40   0 19:24:27     44427.80735    0.0000  2021/09/20
 -4833636954891885100000000.000,0   ,0.000   ,-12101631406838949000000000000000000.000,   0.000,-22273,26366,   0.000,   0.000,0.000   ,0.000   ,-0.000  ,1.758   