
/	CG-5 SURVEY
/	Survey name:   	pbz
/	Instrument S/N:	49459
/	Client:        	geoken
/	Operator:      	geoken
/	Date:          	2021/ 9/18
/	Time:          	09:01:38
/	LONG:        	77.1000000 E
/	LAT:         	43.7000000 N
/	ZONE:        	43      
/	GMT DIFF.:   	-6.0

/	CG-5 SETUP PARAMETERS
/	Gref:			1500.000
/	Gcal1:		8925.088
/	TiltxS:		655.885 
/	TiltyS:		638.389 
/	TiltxO:		0.173   
/	TiltyO:		-10.679 
/	Tempco:		-0.121  
/	Drift:		0.531   
/	DriftTime Start:	09:01:40
/	DriftDate Start:	2021/09/18

/	CG-5 OPTIONS
/	Tide Correction:    YES
/	Cont. Tilt:         YES
/	Auto Rejection:     YES
/	Terrain Corr.:       NO
/	Seismic Filter:     YES
/	Raw Data:            NO
Line	   0.000S
/------LINE-----STATION-----ALT.------GRAV.---SD.--TILTX--TILTY-TEMP---TIDE---DUR-REJ-----TIME----DEC.TIME+DATE--TERRAIN---DATE
 0.0000000  10.0000000    0.0000   5756.435 0.019    3.8   -1.4 -4.61 0.063  40   4 09:03:59     44425.37716    0.0000  2021/09/18
 0.0000000  10.0000000    0.0000   5756.436 0.010    3.4   -1.5 -4.61 0.064  40   0 09:04:47     44425.37772    0.0000  2021/09/18
 0.0000000  10.0000000    0.0000   5756.432 0.017    3.3   -1.2 -4.61 0.064  40   6 09:05:31     44425.37822    0.0000  2021/09/18
 0.0000000  10.0000000    0.0000   5756.433 0.010    3.0   -1.5 -4.62 0.064  40   4 09:06:15     44425.37873    0.0000  2021/09/18
 0.0000000  10.0000000    0.0000   5756.433 0.018    3.2   -1.6 -4.62 0.065  40   4 09:06:59     44425.37924    0.0000  2021/09/18
 0.0000000   2.0000000    0.0000   5757.950 0.007   -4.6   -3.0 -4.55 0.081  40   0 09:36:59     44425.40004    0.0000  2021/09/18
 0.0000000   2.0000000    0.0000   5757.949 0.007   -4.5   -2.9 -4.56 0.081  40   0 09:37:47     44425.40060    0.0000  2021/09/18
 0.0000000   2.0000000    0.0000   5757.951 0.008   -4.7   -3.2 -4.58 0.081  40   0 09:38:31     44425.40110    0.0000  2021/09/18
 0.0000000   2.0000000    0.0000   5757.951 0.008   -4.7   -3.3 -4.58 0.081  40   0 09:39:15     44425.40161    0.0000  2021/09/18
 0.0000000   2.0000000    0.0000   5757.952 0.012   -4.6   -3.6 -4.59 0.082  40   4 09:39:59     44425.40212    0.0000  2021/09/18
 0.0000000   1.0000000    0.0000   5776.044 0.014   -3.9    2.0 -4.61 0.093  40   1 10:07:25     44425.42114    0.0000  2021/09/18
 0.0000000   1.0000000    0.0000   5776.044 0.012   -3.8    1.4 -4.61 0.093  40   0 10:08:13     44425.42170    0.0000  2021/09/18
 0.0000000   1.0000000    0.0000   5776.043 0.023   -3.9    1.7 -4.62 0.093  40   0 10:08:57     44425.42221    0.0000  2021/09/18
 0.0000000   1.0000000    0.0000   5776.046 0.013   -3.9    1.3 -4.62 0.094  40   1 10:09:41     44425.42271    0.0000  2021/09/18
 0.0000000   1.0000000    0.0000   5776.044 0.009   -3.9    1.0 -4.63 0.094  40   0 10:10:25     44425.42322    0.0000  2021/09/18
 0.0000000   2.0000000    0.0000   5757.949 0.010   -3.7   -2.2 -4.58 0.100  40   0 10:31:18     44425.43770    0.0000  2021/09/18
 0.0000000   2.0000000    0.0000   5757.948 0.010   -3.7   -2.3 -4.59 0.100  40   0 10:32:06     44425.43826    0.0000  2021/09/18
 0.0000000   2.0000000    0.0000   5757.950 0.008   -3.8   -2.3 -4.60 0.100  40   0 10:32:50     44425.43876    0.0000  2021/09/18
 0.0000000   2.0000000    0.0000   5757.949 0.006   -4.1   -2.5 -4.61 0.100  40   0 10:33:34     44425.43927    0.0000  2021/09/18
 0.0000000   2.0000000    0.0000   5757.949 0.009   -4.0   -2.4 -4.62 0.101  40   1 10:34:18     44425.43978    0.0000  2021/09/18
 0.0000000   1.0000000    0.0000   5776.033 0.012    0.7   -3.5 -4.74 0.104  40   0 10:54:35     44425.45384    0.0000  2021/09/18
 0.0000000   1.0000000    0.0000   5776.035 0.020    0.8   -3.9 -4.75 0.104  40   1 10:55:23     44425.45440    0.0000  2021/09/18
 0.0000000   1.0000000    0.0000   5776.033 0.011    0.9   -4.3 -4.76 0.104  40   0 10:56:07     44425.45491    0.0000  2021/09/18
 0.0000000   1.0000000    0.0000   5776.032 0.015    0.5   -4.7 -4.77 0.104  40   0 10:56:51     44425.45542    0.0000  2021/09/18
 0.0000000   1.0000000    0.0000   5776.033 0.018    1.0   -4.5 -4.79 0.104  40   0 10:57:35     44425.45592    0.0000  2021/09/18
 0.0000000   2.0000000    0.0000   5757.950 0.008   -4.9    0.5 -4.97 0.105  40   0 11:16:02     44425.46872    0.0000  2021/09/18
 0.0000000   2.0000000    0.0000   5757.951 0.007   -4.5    0.0 -4.98 0.105  40   0 11:16:50     44425.46927    0.0000  2021/09/18
 0.0000000   2.0000000    0.0000   5757.952 0.008   -4.4   -0.3 -4.98 0.105  40   0 11:17:34     44425.46978    0.0000  2021/09/18
 0.0000000   2.0000000    0.0000   5757.949 0.009   -4.2   -0.7 -4.99 0.105  40   0 11:18:18     44425.47029    0.0000  2021/09/18
 0.0000000   2.0000000    0.0000   5757.950 0.008   -4.3   -1.3 -5.00 0.105  40   0 11:19:02     44425.47080    0.0000  2021/09/18
 0.0000000   2.0999999    0.0000   5746.056 0.013   -4.5   -2.9 -5.03 0.105  40   0 11:33:26     44425.48078    0.0000  2021/09/18
 0.0000000   2.0999999    0.0000   5746.056 0.012   -4.6   -3.1 -5.04 0.105  40   0 11:34:14     44425.48134    0.0000  2021/09/18
 0.0000000   2.0999999    0.0000   5746.057 0.010   -4.4   -3.3 -5.04 0.104  40   0 11:34:58     44425.48184    0.0000  2021/09/18
 0.0000000   2.0999999    0.0000   5746.055 0.010   -4.6   -3.4 -5.05 0.104  40   0 11:35:42     44425.48235    0.0000  2021/09/18
 0.0000000   2.0999999    0.0000   5746.057 0.014   -4.3   -3.6 -5.06 0.104  40   0 11:36:26     44425.48286    0.0000  2021/09/18
 0.0000000   2.0000000    0.0000   5757.949 0.005    0.3   -3.9 -5.07 0.103  40   0 11:48:09     44425.49098    0.0000  2021/09/18
 0.0000000   2.0000000    0.0000   5757.951 0.009    0.2   -4.0 -5.06 0.103  40   0 11:48:57     44425.49154    0.0000  2021/09/18
 0.0000000   2.0000000    0.0000   5757.950 0.008    0.1   -3.9 -5.06 0.102  40   0 11:49:41     44425.49205    0.0000  2021/09/18
 0.0000000   2.0000000    0.0000   5757.952 0.008   -0.9   -4.1 -5.06 0.102  40   0 11:50:25     44425.49256    0.0000  2021/09/18
 0.0000000   2.0000000    0.0000   5757.949 0.008   -1.6   -4.2 -5.06 0.102  40   0 11:51:09     44425.49306    0.0000  2021/09/18
 0.0000000   2.0999999    0.0000   5746.053 0.019   -5.6   -2.5 -5.18 0.097  40   0 12:12:47     44425.50806    0.0000  2021/09/18
 0.0000000   2.0999999    0.0000   5746.055 0.015   -5.4   -2.8 -5.20 0.097  40   0 12:13:35     44425.50862    0.0000  2021/09/18
 0.0000000   2.0999999    0.0000   5746.054 0.011   -5.5   -3.1 -5.21 0.097  40   0 12:14:19     44425.50913    0.0000  2021/09/18
 0.0000000   2.0999999    0.0000   5746.053 0.018   -5.4   -3.2 -5.23 0.096  40   0 12:15:03     44425.50963    0.0000  2021/09/18
 0.0000000   2.0999999    0.0000   5746.054 0.013   -5.3   -3.5 -5.25 0.096  40   0 12:15:47     44425.51014    0.0000  2021/09/18
 0.0000000   3.0000000    0.0000   5734.324 0.025   -2.6   -0.1 -5.35 0.091  40   1 12:29:46     44425.51984    0.0000  2021/09/18
 0.0000000   3.0000000    0.0000   5734.329 0.027   -2.2   -0.4 -5.36 0.091  40   6 12:30:34     44425.52039    0.0000  2021/09/18
 0.0000000   3.0000000    0.0000   5734.326 0.025   -2.6   -0.5 -5.36 0.091  40   0 12:31:18     44425.52090    0.0000  2021/09/18
 0.0000000   3.0000000    0.0000   5734.327 0.020   -2.9   -0.9 -5.36 0.091  40   0 12:32:02     44425.52141    0.0000  2021/09/18
 0.0000000   3.0000000    0.0000   5734.328 0.018   -3.0   -1.1 -5.37 0.090  40   0 12:32:46     44425.52192    0.0000  2021/09/18
 0.0000000   3.0000000    0.0000   5734.327 0.017   -2.8   -1.3 -5.38 0.090  40   0 12:33:30     44425.52243    0.0000  2021/09/18
 0.0000000   2.0999999    0.0000   5746.051 0.009  -13.9  -23.5 -5.35 0.084  40   0 12:47:45     44425.53231    0.0000  2021/09/18
 0.0000000   2.0999999    0.0000   5746.052 0.016  -14.1  -23.7 -5.35 0.084  40   0 12:48:33     44425.53286    0.0000  2021/09/18
 0.0000000   2.0999999    0.0000   5746.054 0.012  -14.0  -24.2 -5.36 0.083  40   0 12:49:17     44425.53337    0.0000  2021/09/18
 0.0000000   2.0999999    0.0000   5746.052 0.014  -14.2  -24.3 -5.36 0.083  40   0 12:50:01     44425.53388    0.0000  2021/09/18
 0.0000000   2.0999999    0.0000   5746.053 0.015  -14.3  -24.5 -5.37 0.082  40   0 12:50:45     44425.53439    0.0000  2021/09/18
 0.0000000   3.0000000    0.0000   5734.325 0.014   -2.6   -2.9 -5.37 0.077  40   0 13:02:33     44425.54257    0.0000  2021/09/18
 0.0000000   3.0000000    0.0000   5734.325 0.017   -2.6   -3.2 -5.37 0.076  40   0 13:03:21     44425.54312    0.0000  2021/09/18
 0.0000000   3.0000000    0.0000   5734.328 0.013   -2.6   -3.6 -5.38 0.076  40   1 13:04:05     44425.54363    0.0000  2021/09/18
 0.0000000   3.0000000    0.0000   5734.324 0.021   -2.8   -3.8 -5.38 0.075  40   0 13:04:49     44425.54414    0.0000  2021/09/18
 0.0000000   3.0000000    0.0000   5734.327 0.013   -3.0   -3.6 -5.39 0.075  40   0 13:05:33     44425.54465    0.0000  2021/09/18
 0.0000000   4.0000000    0.0000   5713.348 0.014   -2.1    4.8 -5.46 0.066  40   0 13:20:56     44425.55531    0.0000  2021/09/18
 0.0000000   4.0000000    0.0000   5713.348 0.012   -3.4    5.0 -5.47 0.066  40   0 13:21:44     44425.55587    0.0000  2021/09/18
 0.0000000   4.0000000    0.0000   5713.348 0.010   -5.2    4.8 -5.48 0.066  40   0 13:22:28     44425.55638    0.0000  2021/09/18
 0.0000000   4.0000000    0.0000   5713.348 0.012   -6.3    4.7 -5.49 0.065  40   0 13:23:12     44425.55689    0.0000  2021/09/18
 0.0000000   4.0000000    0.0000   5713.347 0.014   -7.8    5.1 -5.51 0.065  40   0 13:23:56     44425.55739    0.0000  2021/09/18
 0.0000000   3.0000000    0.0000   5734.313 0.028  -12.5  -18.7 -5.86 0.057  40   1 13:36:37     44425.56619    0.0000  2021/09/18
 0.0000000   3.0000000    0.0000   5734.311 0.033  -12.5  -18.9 -5.87 0.057  40   1 13:37:25     44425.56674    0.0000  2021/09/18
 0.0000000   3.0000000    0.0000   5734.306 0.016  -12.4  -19.5 -5.88 0.056  40  12 13:38:09     44425.56725    0.0000  2021/09/18
 0.0000000   3.0000000    0.0000   5734.315 0.030  -12.3  -19.7 -5.90 0.055  40   3 13:38:53     44425.56776    0.0000  2021/09/18
 0.0000000   3.0000000    0.0000   5734.315 0.033  -12.2  -20.1 -5.91 0.055  40   1 13:39:37     44425.56827    0.0000  2021/09/18
 0.0000000   3.0000000    0.0000   5734.316 0.014  -12.2  -20.1 -5.92 0.055  40   0 13:40:21     44425.56878    0.0000  2021/09/18
 0.0000000   4.0000000    0.0000   5713.351 0.022   -6.2    2.3 -6.00 0.043  40   0 13:57:36     44425.58074    0.0000  2021/09/18
 0.0000000   4.0000000    0.0000   5713.351 0.030   -7.1    2.6 -6.01 0.043  40   1 13:58:24     44425.58129    0.0000  2021/09/18
 0.0000000   4.0000000    0.0000   5713.350 0.026   -8.8    2.8 -6.03 0.042  40   0 13:59:08     44425.58180    0.0000  2021/09/18
 0.0000000   4.0000000    0.0000   5713.350 0.049   -9.7    2.7 -6.04 0.041  40   0 13:59:52     44425.58231    0.0000  2021/09/18
 0.0000000   4.0000000    0.0000   5713.350 0.034  -10.0    2.8 -6.06 0.041  40   0 14:00:36     44425.58282    0.0000  2021/09/18
 0.0000000   5.0000000    0.0000   5695.220 0.017   -4.6   -6.2 -6.44 0.026  40   0 14:21:46     44425.59749    0.0000  2021/09/18
 0.0000000   5.0000000    0.0000   5695.221 0.023   -5.0   -6.0 -6.45 0.026  40   0 14:22:34     44425.59805    0.0000  2021/09/18
 0.0000000   5.0000000    0.0000   5695.219 0.014   -5.4   -6.3 -6.46 0.025  40   0 14:23:18     44425.59855    0.0000  2021/09/18
 0.0000000   5.0000000    0.0000   5695.220 0.017   -6.1   -6.7 -6.47 0.024  40   0 14:24:02     44425.59906    0.0000  2021/09/18
 0.0000000   5.0000000    0.0000   5695.222 0.017   -7.2   -7.2 -6.48 0.024  40   0 14:24:46     44425.59957    0.0000  2021/09/18
 0.0000000   4.0000000    0.0000   5713.353 0.019   -7.7    5.8 -6.46 0.014  40   0 14:38:28     44425.60907    0.0000  2021/09/18
 0.0000000   4.0000000    0.0000   5713.353 0.028   -8.3    5.5 -6.46 0.013  40   0 14:39:16     44425.60962    0.0000  2021/09/18
 0.0000000   4.0000000    0.0000   5713.352 0.033   -9.4    5.4 -6.46 0.013  40   0 14:40:00     44425.61013    0.0000  2021/09/18
 0.0000000   4.0000000    0.0000   5713.351 0.025  -10.1    4.7 -6.46 0.012  40   0 14:40:44     44425.61064    0.0000  2021/09/18
 0.0000000   4.0000000    0.0000   5713.351 0.044  -11.0    4.3 -6.47 0.012  40   0 14:41:28     44425.61115    0.0000  2021/09/18
 0.0000000   5.0000000    0.0000   5695.223 0.021   -2.9   -4.3 -6.61 -0.002  40   0 15:02:33     44425.62577    0.0000  2021/09/18
 0.0000000   5.0000000    0.0000   5695.222 0.019   -2.7   -4.3 -6.62 -0.003  40   0 15:03:21     44425.62632    0.0000  2021/09/18
 0.0000000   5.0000000    0.0000   5695.206 0.026   -2.0   -4.5 -6.63 -0.004  40   0 15:04:05     44425.62683    0.0000  2021/09/18
 0.0000000   5.0000000    0.0000   5695.221 0.024   -0.8   -4.4 -6.64 -0.005  40   0 15:04:49     44425.62734    0.0000  2021/09/18
 0.0000000   5.0000000    0.0000   5695.223 0.024    1.3   -4.2 -6.65 -0.005  40   0 15:05:33     44425.62785    0.0000  2021/09/18
 0.0000000   5.0000000    0.0000   5695.226 0.023    3.7   -3.7 -6.66 -0.005  40   0 15:06:17     44425.62836    0.0000  2021/09/18
 0.0000000   6.0000000    0.0000   5675.180 0.047    2.1   -4.8 -6.61 -0.019  40   0 15:25:29     44425.64167    0.0000  2021/09/18
 0.0000000   6.0000000    0.0000   5675.172 0.093    2.5   -5.4 -6.61 -0.020  40   1 15:26:17     44425.64222    0.0000  2021/09/18
 0.0000000   6.0000000    0.0000   5675.179 0.035    2.9   -5.6 -6.61 -0.020  40   0 15:27:01     44425.64273    0.0000  2021/09/18
 0.0000000   6.0000000    0.0000   5675.179 0.027    3.3   -5.9 -6.61 -0.021  40   0 15:27:45     44425.64324    0.0000  2021/09/18
 0.0000000   6.0000000    0.0000   5675.180 0.035    3.5   -6.3 -6.61 -0.021  40   0 15:28:29     44425.64375    0.0000  2021/09/18
 0.0000000   6.0000000    0.0000   5675.181 0.053    3.6   -6.4 -6.61 -0.022  40   0 15:29:13     44425.64426    0.0000  2021/09/18
 0.0000000   5.0000000    0.0000   5695.224 0.021   -2.7   -6.3 -6.36 -0.035  40   0 15:47:47     44425.65713    0.0000  2021/09/18
 0.0000000   5.0000000    0.0000   5695.228 0.023   -2.8   -6.6 -6.35 -0.035  40   0 15:48:35     44425.65768    0.0000  2021/09/18
 0.0000000   5.0000000    0.0000   5695.222 0.030   -2.9   -7.2 -6.34 -0.036  40   0 15:49:19     44425.65819    0.0000  2021/09/18
 0.0000000   5.0000000    0.0000   5695.223 0.020   -2.9   -7.5 -6.33 -0.036  40   0 15:50:03     44425.65870    0.0000  2021/09/18
 0.0000000   5.0000000    0.0000   5695.226 0.023   -2.7   -7.7 -6.32 -0.037  40   0 15:50:47     44425.65921    0.0000  2021/09/18
 0.0000000   5.0000000    0.0000   5695.226 0.018   -2.8   -8.1 -6.32 -0.037  40   0 15:51:31     44425.65972    0.0000  2021/09/18
 0.0000000   6.0000000    0.0000   5675.181 0.024    2.1   -4.1 -6.11 -0.046  40   0 16:06:11     44425.66989    0.0000  2021/09/18
 0.0000000   6.0000000    0.0000   5675.184 0.029    2.2   -4.5 -6.11 -0.047  40   0 16:06:59     44425.67044    0.0000  2021/09/18
 0.0000000   6.0000000    0.0000   5675.180 0.034    2.5   -4.7 -6.11 -0.048  40   1 16:07:43     44425.67095    0.0000  2021/09/18
 0.0000000   6.0000000    0.0000   5675.180 0.047    2.3   -5.2 -6.11 -0.048  40   0 16:08:27     44425.67146    0.0000  2021/09/18
 0.0000000   6.0000000    0.0000   5675.179 0.057    2.5   -5.5 -6.11 -0.048  40   0 16:09:11     44425.67197    0.0000  2021/09/18
 0.0000000   5.0000000    0.0000   5695.224 0.022   -7.0  -14.2 -6.12 -0.057  40   0 16:24:07     44425.68232    0.0000  2021/09/18
 0.0000000   5.0000000    0.0000   5695.224 0.016   -7.3  -14.7 -6.12 -0.058  40   0 16:24:55     44425.68288    0.0000  2021/09/18
 0.0000000   5.0000000    0.0000   5695.224 0.013   -7.4  -15.1 -6.12 -0.058  40   0 16:25:39     44425.68338    0.0000  2021/09/18
 0.0000000   5.0000000    0.0000   5695.223 0.015   -7.3  -15.5 -6.12 -0.058  40   0 16:26:23     44425.68389    0.0000  2021/09/18
 0.0000000   5.0000000    0.0000   5695.224 0.017   -7.4  -16.0 -6.12 -0.059  40   0 16:27:07     44425.68440    0.0000  2021/09/18
 0.0000000   4.0000000    0.0000   5713.358 0.017    1.1    1.3 -6.09 -0.067  40   0 16:43:20     44425.69564    0.0000  2021/09/18
 0.0000000   4.0000000    0.0000   5713.360 0.017    0.0    2.8 -6.09 -0.067  40   0 16:44:08     44425.69620    0.0000  2021/09/18
 0.0000000   4.0000000    0.0000   5713.355 0.020   -1.0    4.3 -6.09 -0.068  40   0 16:44:52     44425.69671    0.0000  2021/09/18
 0.0000000   4.0000000    0.0000   5713.357 0.030   -0.4    5.1 -6.10 -0.068  40   0 16:45:36     44425.69722    0.0000  2021/09/18
 0.0000000   4.0000000    0.0000   5713.357 0.018   -1.6    5.8 -6.11 -0.068  40   0 16:46:20     44425.69772    0.0000  2021/09/18
 0.0000000   4.0000000    0.0000   5713.359 0.021   -1.8    6.4 -6.12 -0.069  40   1 16:47:04     44425.69823    0.0000  2021/09/18
 0.0000000   5.0000000    0.0000   5695.226 0.045    3.7   -0.7 -6.24 -0.075  40   0 17:01:03     44425.70793    0.0000  2021/09/18
 0.0000000   5.0000000    0.0000   5695.226 0.030    3.4   -1.0 -6.24 -0.075  40   0 17:01:51     44425.70848    0.0000  2021/09/18
 0.0000000   5.0000000    0.0000   5695.228 0.025    3.8   -1.4 -6.25 -0.075  40   0 17:02:35     44425.70899    0.0000  2021/09/18
 0.0000000   5.0000000    0.0000   5695.229 0.024    4.1   -2.0 -6.25 -0.076  40   0 17:03:19     44425.70950    0.0000  2021/09/18
 0.0000000   5.0000000    0.0000   5695.229 0.021    4.3   -2.4 -6.26 -0.076  40   0 17:04:03     44425.71001    0.0000  2021/09/18
 0.0000000   4.0000000    0.0000   5713.357 0.020    0.4    1.0 -6.19 -0.081  40   0 17:17:51     44425.71958    0.0000  2021/09/18
 0.0000000   4.0000000    0.0000   5713.357 0.017    0.5    1.4 -6.19 -0.082  40   2 17:18:39     44425.72013    0.0000  2021/09/18
 0.0000000   4.0000000    0.0000   5713.358 0.024    0.6    1.8 -6.18 -0.082  40   0 17:19:23     44425.72064    0.0000  2021/09/18
 0.0000000   4.0000000    0.0000   5713.360 0.020    1.0    1.5 -6.18 -0.082  40   0 17:20:07     44425.72115    0.0000  2021/09/18
 0.0000000   4.0000000    0.0000   5713.358 0.017    0.7    1.5 -6.18 -0.082  40   0 17:20:51     44425.72166    0.0000  2021/09/18
 0.0000000   3.0000000    0.0000   5734.333 0.014   -1.7   -2.4 -6.13 -0.086  40   0 17:33:46     44425.73061    0.0000  2021/09/18
 0.0000000   3.0000000    0.0000   5734.334 0.015   -1.5   -3.5 -6.13 -0.086  40   0 17:34:34     44425.73117    0.0000  2021/09/18
 0.0000000   3.0000000    0.0000   5734.335 0.013   -1.1   -4.0 -6.12 -0.086  40   0 17:35:18     44425.73167    0.0000  2021/09/18
 0.0000000   3.0000000    0.0000   5734.334 0.018   -0.1   -4.4 -6.12 -0.087  40   0 17:36:02     44425.73218    0.0000  2021/09/18
 0.0000000   3.0000000    0.0000   5734.336 0.029    0.6   -5.3 -6.12 -0.087  40   0 17:36:46     44425.73269    0.0000  2021/09/18
 0.0000000   4.0000000    0.0000   5713.357 0.028    2.7    1.1 -5.99 -0.090  40   0 17:51:17     44425.74276    0.0000  2021/09/18
 0.0000000   4.0000000    0.0000   5713.360 0.025    2.7    1.0 -5.98 -0.090  40   0 17:52:05     44425.74331    0.0000  2021/09/18
 0.0000000   4.0000000    0.0000   5713.358 0.021    2.7    0.9 -5.98 -0.090  40   0 17:52:49     44425.74382    0.0000  2021/09/18
 0.0000000   4.0000000    0.0000   5713.357 0.018    3.5    1.1 -5.98 -0.090  40   0 17:53:33     44425.74433    0.0000  2021/09/18
 0.0000000   4.0000000    0.0000   5713.361 0.021    3.7    0.9 -5.98 -0.090  40   0 17:54:17     44425.74484    0.0000  2021/09/18
 0.0000000   3.0000000    0.0000   5734.335 0.011   -3.3    0.3 -5.88 -0.092  40   0 18:08:10     44425.75446    0.0000  2021/09/18
 0.0000000   3.0000000    0.0000   5734.335 0.013   -3.1   -0.1 -5.87 -0.092  40   0 18:08:58     44425.75502    0.0000  2021/09/18
 0.0000000   3.0000000    0.0000   5734.335 0.012   -3.2   -0.5 -5.87 -0.092  40   0 18:09:42     44425.75553    0.0000  2021/09/18
 0.0000000   3.0000000    0.0000   5734.333 0.012   -3.2   -0.7 -5.87 -0.092  40   0 18:10:26     44425.75603    0.0000  2021/09/18
 0.0000000   3.0000000    0.0000   5734.334 0.018   -2.9   -1.3 -5.87 -0.092  40   0 18:11:10     44425.75654    0.0000  2021/09/18
 0.0000000   2.0999999    0.0000   5746.064 0.013   -4.7   -4.0 -5.76 -0.093  40   0 18:21:51     44425.76395    0.0000  2021/09/18
 0.0000000   2.0999999    0.0000   5746.064 0.010   -4.7   -4.5 -5.75 -0.093  40   0 18:22:39     44425.76450    0.0000  2021/09/18
 0.0000000   2.0999999    0.0000   5746.064 0.010   -4.6   -5.1 -5.74 -0.093  40   0 18:23:23     44425.76501    0.0000  2021/09/18
 0.0000000   2.0999999    0.0000   5746.063 0.011   -4.6   -5.2 -5.73 -0.093  40   1 18:24:07     44425.76552    0.0000  2021/09/18
 0.0000000   2.0999999    0.0000   5746.065 0.011   -4.8   -5.8 -5.73 -0.093  40   0 18:24:51     44425.76603    0.0000  2021/09/18
 0.0000000   3.0000000    0.0000   5734.333 0.010    2.2    2.2 -5.67 -0.093  40   0 18:35:37     44425.77349    0.0000  2021/09/18
 0.0000000   3.0000000    0.0000   5734.336 0.009    2.2    1.4 -5.66 -0.093  40   0 18:36:25     44425.77405    0.0000  2021/09/18
 0.0000000   3.0000000    0.0000   5734.337 0.011    2.0    1.1 -5.65 -0.093  40   0 18:37:09     44425.77456    0.0000  2021/09/18
 0.0000000   3.0000000    0.0000   5734.336 0.010    2.2    1.2 -5.65 -0.093  40   0 18:37:53     44425.77507    0.0000  2021/09/18
 0.0000000   3.0000000    0.0000   5734.338 0.012    2.0    0.6 -5.64 -0.093  40   0 18:38:37     44425.77557    0.0000  2021/09/18
 0.0000000   2.0999999    0.0000   5746.066 0.009    2.1    1.1 -5.51 -0.092  40   0 18:50:22     44425.78372    0.0000  2021/09/18
 0.0000000   2.0999999    0.0000   5746.068 0.008    2.0    0.6 -5.50 -0.092  40   0 18:51:10     44425.78428    0.0000  2021/09/18
 0.0000000   2.0999999    0.0000   5746.067 0.011    1.9    0.3 -5.49 -0.092  40   0 18:51:54     44425.78478    0.0000  2021/09/18
 0.0000000   2.0999999    0.0000   5746.066 0.013    1.8    0.1 -5.49 -0.092  40   1 18:52:38     44425.78529    0.0000  2021/09/18
 0.0000000   2.0999999    0.0000   5746.067 0.012    1.8   -0.1 -5.48 -0.092  40   0 18:53:22     44425.78580    0.0000  2021/09/18
 0.0000000   2.0000000    0.0000   5757.961 0.009    2.9    0.8 -5.36 -0.090  40   0 19:05:41     44425.79434    0.0000  2021/09/18
 0.0000000   2.0000000    0.0000   5757.960 0.011    2.9    0.2 -5.35 -0.090  40   0 19:06:29     44425.79490    0.0000  2021/09/18
 0.0000000   2.0000000    0.0000   5757.958 0.007    2.6    0.0 -5.34 -0.090  40   0 19:07:13     44425.79540    0.0000  2021/09/18
 0.0000000   2.0000000    0.0000   5757.959 0.007    2.5   -0.2 -5.34 -0.090  40   0 19:07:57     44425.79591    0.0000  2021/09/18
 0.0000000   2.0000000    0.0000   5757.960 0.006    2.5   -0.7 -5.34 -0.090  40   0 19:08:41     44425.79642    0.0000  2021/09/18
 0.0000000   2.0999999    0.0000   5746.059 0.014   -3.6   -5.0 -5.31 -0.087  40  13 19:23:37     44425.80677    0.0000  2021/09/18
 0.0000000   2.0999999    0.0000   5746.057 0.009   -3.2   -5.2 -5.31 -0.087  40   2 19:24:25     44425.80733    0.0000  2021/09/18
 0.0000000   2.0999999    0.0000   5746.058 0.008   -3.5   -5.6 -5.31 -0.086  40   0 19:25:09     44425.80784    0.0000  2021/09/18
 0.0000000   2.0999999    0.0000   5746.057 0.011   -3.6   -5.9 -5.31 -0.086  40   0 19:25:53     44425.80835    0.0000  2021/09/18
 0.0000000   2.0999999    0.0000   5746.058 0.012   -3.3   -6.1 -5.31 -0.086  40   0 19:26:37     44425.80885    0.0000  2021/09/18
 0.0000000   2.0000000    0.0000   5757.958 0.009    4.6    0.5 -5.20 -0.082  40   0 19:40:53     44425.81875    0.0000  2021/09/18
 0.0000000   2.0000000    0.0000   5757.955 0.018    4.8    0.4 -5.20 -0.082  40   4 19:41:41     44425.81930    0.0000  2021/09/18
 0.0000000   2.0000000    0.0000   5757.958 0.010    4.6    0.0 -5.20 -0.082  40   4 19:42:25     44425.81981    0.0000  2021/09/18
 0.0000000   2.0000000    0.0000   5757.956 0.028    4.6    0.0 -5.20 -0.082  40   0 19:43:09     44425.82032    0.0000  2021/09/18
 0.0000000   2.0000000    0.0000   5757.957 0.040    4.7   -0.5 -5.20 -0.081  40   2 19:43:53     44425.82083    0.0000  2021/09/18
 0.0000000   2.0000000    0.0000   5757.955 0.026    4.8   -0.7 -5.20 -0.081  40   0 19:44:37     44425.82133    0.0000  2021/09/18
 0.0000000  10.0000000    0.0000   5756.443 0.010   -4.7    4.0 -5.10 -0.075  40   0 20:04:03     44425.83481    0.0000  2021/09/18
 0.0000000  10.0000000    0.0000   5756.442 0.007   -4.9    3.5 -5.08 -0.075  40   0 20:04:51     44425.83536    0.0000  2021/09/18
 0.0000000  10.0000000    0.0000   5756.442 0.008   -4.9    3.2 -5.05 -0.075  40   1 20:05:35     44425.83587    0.0000  2021/09/18
 0.0000000  10.0000000    0.0000   5756.443 0.009   -5.2    3.0 -5.02 -0.074  40   0 20:06:19     44425.83638    0.0000  2021/09/18
 -66877440.000,0   ,0.000   ,19009693352782685000000000000000000.000,   0.000,-18689,2814,   0.000,   0.000,0.000   ,0.000   ,-0.000  ,1.758   