
/	CG-5 SURVEY
/	Survey name:   	pbz
/	Instrument S/N:	49459
/	Client:        	geoken
/	Operator:      	geoken
/	Date:          	2021/ 9/19
/	Time:          	07:40:46
/	LONG:        	77.1000000 E
/	LAT:         	43.7000000 N
/	ZONE:        	43      
/	GMT DIFF.:   	-6.0

/	CG-5 SETUP PARAMETERS
/	Gref:			1500.000
/	Gcal1:		8925.088
/	TiltxS:		655.885 
/	TiltyS:		638.389 
/	TiltxO:		0.173   
/	TiltyO:		-10.679 
/	Tempco:		-0.121  
/	Drift:		0.531   
/	DriftTime Start:	07:40:48
/	DriftDate Start:	2021/09/19

/	CG-5 OPTIONS
/	Tide Correction:    YES
/	Cont. Tilt:         YES
/	Auto Rejection:     YES
/	Terrain Corr.:       NO
/	Seismic Filter:     YES
/	Raw Data:            NO
Line	   0.000S
/------LINE-----STATION-----ALT.------GRAV.---SD.--TILTX--TILTY-TEMP---TIDE---DUR-REJ-----TIME----DEC.TIME+DATE--TERRAIN---DATE
 0.0000000  10.0000000    0.0000   5756.941 0.015   -2.0   -1.2 -4.33 -0.025  40   5 07:43:45     44426.32153    0.0000  2021/09/19
 0.0000000  10.0000000    0.0000   5756.941 0.007   -2.2   -1.3 -4.32 -0.025  40   0 07:44:33     44426.32209    0.0000  2021/09/19
 0.0000000  10.0000000    0.0000   5756.943 0.012   -2.1   -1.4 -4.32 -0.024  40   2 07:45:17     44426.32260    0.0000  2021/09/19
 0.0000000  10.0000000    0.0000   5756.943 0.009   -2.2   -1.4 -4.31 -0.024  40   0 07:46:01     44426.32310    0.0000  2021/09/19
 0.0000000  10.0000000    0.0000   5756.945 0.017   -1.9   -1.3 -4.31 -0.023  40   5 07:46:45     44426.32361    0.0000  2021/09/19
 0.0000000   2.0000000    0.0000   5758.452 0.007    0.8   -2.0 -4.58 -0.011  40   0 08:04:40     44426.33604    0.0000  2021/09/19
 0.0000000   2.0000000    0.0000   5758.450 0.009    0.9   -2.7 -4.58 -0.011  40   0 08:05:28     44426.33659    0.0000  2021/09/19
 0.0000000   2.0000000    0.0000   5758.451 0.014    0.9   -2.9 -4.58 -0.011  40   4 08:06:12     44426.33710    0.0000  2021/09/19
 0.0000000   2.0000000    0.0000   5758.451 0.008    1.4   -3.2 -4.58 -0.010  40   0 08:06:56     44426.33761    0.0000  2021/09/19
 0.0000000   2.0000000    0.0000   5758.452 0.008    1.1   -3.9 -4.58 -0.009  40   0 08:07:40     44426.33812    0.0000  2021/09/19
 0.0000000   1.0000000    0.0000   5776.540 0.007    2.0    0.0 -4.32 0.004  40   0 08:28:49     44426.35278    0.0000  2021/09/19
 0.0000000   1.0000000    0.0000   5776.539 0.010    2.6    0.1 -4.32 0.004  40   3 08:29:37     44426.35333    0.0000  2021/09/19
 0.0000000   1.0000000    0.0000   5776.540 0.007    2.7    0.0 -4.32 0.005  40   0 08:30:21     44426.35384    0.0000  2021/09/19
 0.0000000   1.0000000    0.0000   5776.541 0.006    2.5   -1.4 -4.33 0.005  40   0 08:31:05     44426.35435    0.0000  2021/09/19
 0.0000000   1.0000000    0.0000   5776.539 0.008    3.0   -1.5 -4.33 0.006  40   0 08:31:49     44426.35486    0.0000  2021/09/19
 0.0000000   2.0000000    0.0000   5758.455 0.006   -2.0    2.1 -4.26 0.017  40   0 08:48:13     44426.36623    0.0000  2021/09/19
 0.0000000   2.0000000    0.0000   5758.453 0.007   -2.2    1.9 -4.25 0.018  40   0 08:49:01     44426.36678    0.0000  2021/09/19
 0.0000000   2.0000000    0.0000   5758.455 0.007   -2.2    1.7 -4.24 0.018  40   0 08:49:45     44426.36729    0.0000  2021/09/19
 0.0000000   2.0000000    0.0000   5758.454 0.007   -2.5    1.2 -4.23 0.018  40   0 08:50:29     44426.36780    0.0000  2021/09/19
 0.0000000   2.0000000    0.0000   5758.453 0.008   -2.7    0.8 -4.23 0.019  40   6 08:51:13     44426.36831    0.0000  2021/09/19
 0.0000000   1.0000000    0.0000   5776.539 0.007   -2.0    0.0 -4.27 0.032  40   0 09:10:02     44426.38136    0.0000  2021/09/19
 0.0000000   1.0000000    0.0000   5776.540 0.007   -1.8    0.2 -4.26 0.032  40   0 09:10:50     44426.38191    0.0000  2021/09/19
 0.0000000   1.0000000    0.0000   5776.539 0.006   -1.6    0.1 -4.26 0.032  40   0 09:11:34     44426.38242    0.0000  2021/09/19
 0.0000000   1.0000000    0.0000   5776.541 0.007   -0.6    0.1 -4.25 0.033  40   0 09:12:18     44426.38293    0.0000  2021/09/19
 0.0000000   1.0000000    0.0000   5776.540 0.008   -0.1    0.6 -4.24 0.034  40   0 09:13:02     44426.38344    0.0000  2021/09/19
 0.0000000   2.0000000    0.0000   5758.450 0.009   -2.6    2.6 -4.22 0.047  40   0 09:32:37     44426.39701    0.0000  2021/09/19
 0.0000000   2.0000000    0.0000   5758.451 0.005   -2.7    2.0 -4.22 0.047  40   0 09:33:25     44426.39757    0.0000  2021/09/19
 0.0000000   2.0000000    0.0000   5758.451 0.005   -2.8    1.9 -4.23 0.047  40   0 09:34:09     44426.39808    0.0000  2021/09/19
 0.0000000   2.0000000    0.0000   5758.452 0.007   -2.9    1.8 -4.24 0.048  40   7 09:34:53     44426.39859    0.0000  2021/09/19
 0.0000000   2.0000000    0.0000   5758.450 0.009   -3.0    1.4 -4.24 0.048  40   0 09:35:37     44426.39909    0.0000  2021/09/19
 0.0000000   2.0999999    0.0000   5746.551 0.010   -2.0   -2.5 -4.27 0.055  40   0 09:47:33     44426.40737    0.0000  2021/09/19
 0.0000000   2.0999999    0.0000   5746.555 0.014   -2.0   -3.1 -4.27 0.056  40   0 09:48:21     44426.40792    0.0000  2021/09/19
 0.0000000   2.0999999    0.0000   5746.554 0.012   -2.1   -3.4 -4.27 0.056  40   0 09:49:05     44426.40843    0.0000  2021/09/19
 0.0000000   2.0999999    0.0000   5746.552 0.011   -1.7   -3.7 -4.27 0.057  40   0 09:49:49     44426.40894    0.0000  2021/09/19
 0.0000000   2.0999999    0.0000   5746.553 0.015   -2.1   -4.1 -4.27 0.057  40   0 09:50:33     44426.40945    0.0000  2021/09/19
 0.0000000   2.0000000    0.0000   5758.448 0.006   -2.7   -0.8 -4.29 0.064  40   0 10:03:49     44426.41865    0.0000  2021/09/19
 0.0000000   2.0000000    0.0000   5758.448 0.011   -2.7   -0.9 -4.29 0.064  40   0 10:04:37     44426.41920    0.0000  2021/09/19
 0.0000000   2.0000000    0.0000   5758.447 0.008   -3.2   -1.3 -4.30 0.065  40   0 10:05:21     44426.41971    0.0000  2021/09/19
 0.0000000   2.0000000    0.0000   5758.447 0.007   -3.4   -1.5 -4.30 0.065  40   0 10:06:05     44426.42022    0.0000  2021/09/19
 0.0000000   2.0000000    0.0000   5758.447 0.008   -3.2   -1.6 -4.31 0.066  40   0 10:06:49     44426.42073    0.0000  2021/09/19
 0.0000000   2.0999999    0.0000   5746.555 0.020   -1.4   -3.2 -4.41 0.073  40   0 10:20:45     44426.43039    0.0000  2021/09/19
 0.0000000   2.0999999    0.0000   5746.551 0.016   -1.7   -3.2 -4.42 0.073  40   1 10:21:33     44426.43094    0.0000  2021/09/19
 0.0000000   2.0999999    0.0000   5746.553 0.017   -1.6   -3.1 -4.43 0.073  40   0 10:22:17     44426.43145    0.0000  2021/09/19
 0.0000000   2.0999999    0.0000   5746.553 0.013   -1.7   -3.7 -4.44 0.074  40   0 10:23:01     44426.43196    0.0000  2021/09/19
 0.0000000   2.0999999    0.0000   5746.552 0.011   -1.7   -3.8 -4.46 0.074  40   0 10:23:45     44426.43247    0.0000  2021/09/19
 0.0000000   3.0000000    0.0000   5734.822 0.012    2.3    2.3 -4.57 0.078  40   0 10:33:16     44426.43906    0.0000  2021/09/19
 0.0000000   3.0000000    0.0000   5734.823 0.011    2.4    2.4 -4.57 0.079  40   4 10:34:04     44426.43962    0.0000  2021/09/19
 0.0000000   3.0000000    0.0000   5734.823 0.018    2.6    1.7 -4.57 0.079  40   0 10:34:48     44426.44013    0.0000  2021/09/19
 0.0000000   3.0000000    0.0000   5734.822 0.012    2.5    1.4 -4.57 0.079  40   0 10:35:32     44426.44064    0.0000  2021/09/19
 0.0000000   3.0000000    0.0000   5734.823 0.013    2.7    1.2 -4.58 0.079  40   0 10:36:16     44426.44114    0.0000  2021/09/19
 0.0000000   2.0999999    0.0000   5746.556 0.023    1.5    2.8 -4.55 0.083  40   0 10:45:24     44426.44748    0.0000  2021/09/19
 0.0000000   2.0999999    0.0000   5746.557 0.016    1.5    2.5 -4.55 0.083  40   0 10:46:12     44426.44803    0.0000  2021/09/19
 0.0000000   2.0999999    0.0000   5746.555 0.020    1.5    2.4 -4.56 0.083  40   0 10:46:56     44426.44854    0.0000  2021/09/19
 0.0000000   2.0999999    0.0000   5746.554 0.024    1.3    2.3 -4.56 0.084  40   0 10:47:40     44426.44905    0.0000  2021/09/19
 0.0000000   2.0999999    0.0000   5746.554 0.029    1.2    1.8 -4.56 0.084  40   0 10:48:24     44426.44956    0.0000  2021/09/19
 0.0000000   3.0000000    0.0000   5734.819 0.013    0.7   -0.4 -4.63 0.087  40   0 10:58:46     44426.45674    0.0000  2021/09/19
 0.0000000   3.0000000    0.0000   5734.819 0.017    0.8   -0.6 -4.63 0.087  40   0 10:59:34     44426.45730    0.0000  2021/09/19
 0.0000000   3.0000000    0.0000   5734.819 0.019    0.7   -0.9 -4.63 0.088  40   2 11:00:18     44426.45781    0.0000  2021/09/19
 0.0000000   3.0000000    0.0000   5734.819 0.015    0.9   -1.1 -4.63 0.088  40   0 11:01:02     44426.45832    0.0000  2021/09/19
 0.0000000   3.0000000    0.0000   5734.820 0.017    0.4   -1.3 -4.63 0.088  40   6 11:01:46     44426.45882    0.0000  2021/09/19
 0.0000000   4.0000000    0.0000   5713.844 0.014    4.2    4.1 -4.66 0.091  40   0 11:13:08     44426.46671    0.0000  2021/09/19
 0.0000000   4.0000000    0.0000   5713.840 0.017    5.3    4.1 -4.65 0.091  40  12 11:13:56     44426.46726    0.0000  2021/09/19
 0.0000000   4.0000000    0.0000   5713.845 0.024    5.4    4.8 -4.66 0.091  40   0 11:14:40     44426.46777    0.0000  2021/09/19
 0.0000000   4.0000000    0.0000   5713.844 0.023    5.5    4.5 -4.66 0.091  40   0 11:15:24     44426.46828    0.0000  2021/09/19
 0.0000000   4.0000000    0.0000   5713.844 0.023    5.9    4.4 -4.67 0.092  40   0 11:16:08     44426.46879    0.0000  2021/09/19
 0.0000000   4.0000000    0.0000   5713.844 0.022    6.3    4.1 -4.69 0.092  40   0 11:16:52     44426.46929    0.0000  2021/09/19
 0.0000000   3.0000000    0.0000   5734.819 0.012    2.4    0.3 -4.97 0.094  40   1 11:29:05     44426.47776    0.0000  2021/09/19
 0.0000000   3.0000000    0.0000   5734.819 0.011    1.9   -0.1 -4.99 0.094  40   0 11:29:53     44426.47832    0.0000  2021/09/19
 0.0000000   3.0000000    0.0000   5734.818 0.015    1.7   -0.3 -5.01 0.094  40   0 11:30:37     44426.47883    0.0000  2021/09/19
 0.0000000   3.0000000    0.0000   5734.821 0.011    1.5   -0.9 -5.02 0.094  40   0 11:31:21     44426.47934    0.0000  2021/09/19
 0.0000000   3.0000000    0.0000   5734.826 0.013    1.5   -1.1 -5.04 0.094  40   7 11:32:05     44426.47984    0.0000  2021/09/19
 0.0000000   4.0000000    0.0000   5713.846 0.012    4.5    1.1 -5.23 0.095  40   0 11:46:22     44426.48975    0.0000  2021/09/19
 0.0000000   4.0000000    0.0000   5713.847 0.013    4.9    0.4 -5.24 0.095  40   0 11:47:10     44426.49030    0.0000  2021/09/19
 0.0000000   4.0000000    0.0000   5713.850 0.015    4.4    0.4 -5.26 0.095  40   0 11:47:54     44426.49081    0.0000  2021/09/19
 0.0000000   4.0000000    0.0000   5713.845 0.011    4.2    0.6 -5.27 0.095  40   0 11:48:38     44426.49132    0.0000  2021/09/19
 0.0000000   4.0000000    0.0000   5713.846 0.012    4.3    0.4 -5.29 0.095  40   0 11:49:22     44426.49183    0.0000  2021/09/19
 0.0000000   5.0000000    0.0000   5695.716 0.011    0.4   -2.9 -6.17 0.092  40   0 12:31:20     44426.52092    0.0000  2021/09/19
 0.0000000   5.0000000    0.0000   5695.716 0.011    0.9   -3.5 -6.19 0.091  40   0 12:32:08     44426.52148    0.0000  2021/09/19
 0.0000000   5.0000000    0.0000   5695.716 0.014    0.8   -3.9 -6.20 0.091  40   0 12:32:52     44426.52199    0.0000  2021/09/19
 0.0000000   5.0000000    0.0000   5695.716 0.020    1.1   -4.3 -6.22 0.091  40   1 12:33:36     44426.52250    0.0000  2021/09/19
 0.0000000   5.0000000    0.0000   5695.716 0.011    1.3   -4.8 -6.23 0.091  40   0 12:34:20     44426.52300    0.0000  2021/09/19
 0.0000000   4.0000000    0.0000   5713.854 0.013   -3.1    5.1 -6.15 0.087  40   0 12:50:03     44426.53390    0.0000  2021/09/19
 0.0000000   4.0000000    0.0000   5713.852 0.016   -3.5    4.9 -6.15 0.087  40   0 12:50:51     44426.53446    0.0000  2021/09/19
 0.0000000   4.0000000    0.0000   5713.853 0.013   -4.3    4.7 -6.15 0.087  40   0 12:51:35     44426.53496    0.0000  2021/09/19
 0.0000000   4.0000000    0.0000   5713.855 0.019   -5.2    4.9 -6.15 0.086  40   0 12:52:19     44426.53547    0.0000  2021/09/19
 0.0000000   4.0000000    0.0000   5713.852 0.020   -6.1    4.9 -6.16 0.086  40   0 12:53:03     44426.53598    0.0000  2021/09/19
 0.0000000   5.0000000    0.0000   5695.718 0.023   -4.1   -4.7 -6.27 0.078  40   0 13:15:10     44426.55132    0.0000  2021/09/19
 0.0000000   5.0000000    0.0000   5695.720 0.013   -4.0   -4.7 -6.29 0.077  40   0 13:15:58     44426.55187    0.0000  2021/09/19
 0.0000000   5.0000000    0.0000   5695.719 0.012   -3.8   -5.1 -6.30 0.077  40   0 13:16:42     44426.55238    0.0000  2021/09/19
 0.0000000   5.0000000    0.0000   5695.717 0.013   -3.9   -5.6 -6.31 0.077  40   0 13:17:26     44426.55289    0.0000  2021/09/19
 0.0000000   5.0000000    0.0000   5695.720 0.012   -4.2   -5.6 -6.32 0.076  40   0 13:18:10     44426.55340    0.0000  2021/09/19
 0.0000000   6.0000000    0.0000   5675.677 0.020    0.3   -2.4 -6.18 0.068  40   0 13:34:42     44426.56486    0.0000  2021/09/19
 0.0000000   6.0000000    0.0000   5675.677 0.021    0.0   -2.8 -6.18 0.068  40   0 13:35:30     44426.56541    0.0000  2021/09/19
 0.0000000   6.0000000    0.0000   5675.678 0.018    0.0   -3.1 -6.18 0.068  40   0 13:36:14     44426.56592    0.0000  2021/09/19
 0.0000000   6.0000000    0.0000   5675.680 0.017    0.2   -3.5 -6.18 0.067  40  14 13:36:58     44426.56643    0.0000  2021/09/19
 0.0000000   6.0000000    0.0000   5675.678 0.018    0.2   -3.9 -6.18 0.067  40   0 13:37:42     44426.56694    0.0000  2021/09/19
 0.0000000   5.0000000    0.0000   5695.722 0.029   -4.6    1.4 -6.12 0.057  40   0 13:54:58     44426.57891    0.0000  2021/09/19
 0.0000000   5.0000000    0.0000   5695.723 0.032   -4.5    1.2 -6.12 0.057  40   0 13:55:46     44426.57946    0.0000  2021/09/19
 0.0000000   5.0000000    0.0000   5695.722 0.034   -4.7    1.0 -6.13 0.057  40   0 13:56:30     44426.57997    0.0000  2021/09/19
 0.0000000   5.0000000    0.0000   5695.721 0.040   -5.1    0.7 -6.13 0.056  40   0 13:57:14     44426.58048    0.0000  2021/09/19
 0.0000000   5.0000000    0.0000   5695.722 0.048   -5.1    0.3 -6.13 0.056  40   0 13:57:58     44426.58099    0.0000  2021/09/19
 0.0000000   6.0000000    0.0000   5675.672 0.029   -5.3   -5.0 -6.11 0.044  40   0 14:16:25     44426.59378    0.0000  2021/09/19
 0.0000000   6.0000000    0.0000   5675.675 0.026   -5.7   -5.1 -6.12 0.044  40   0 14:17:13     44426.59434    0.0000  2021/09/19
 0.0000000   6.0000000    0.0000   5675.674 0.022   -6.2   -5.2 -6.13 0.043  40   0 14:17:57     44426.59485    0.0000  2021/09/19
 0.0000000   6.0000000    0.0000   5675.674 0.018   -6.6   -5.1 -6.14 0.042  40   0 14:18:41     44426.59535    0.0000  2021/09/19
 0.0000000   6.0000000    0.0000   5675.675 0.015   -7.0   -5.4 -6.15 0.042  40   0 14:19:25     44426.59586    0.0000  2021/09/19
 0.0000000   5.0000000    0.0000   5695.728 0.017   -3.7    0.3 -6.21 0.016  40   0 14:57:24     44426.62220    0.0000  2021/09/19
 0.0000000   5.0000000    0.0000   5695.727 0.016   -3.9    0.1 -6.22 0.015  40   0 14:58:12     44426.62275    0.0000  2021/09/19
 0.0000000   5.0000000    0.0000   5695.726 0.017   -5.0   -0.2 -6.23 0.015  40   0 14:58:56     44426.62326    0.0000  2021/09/19
 0.0000000   5.0000000    0.0000   5695.726 0.019   -5.3   -0.6 -6.24 0.014  40   0 14:59:40     44426.62377    0.0000  2021/09/19
 0.0000000   5.0000000    0.0000   5695.727 0.019   -5.6   -0.7 -6.26 0.014  40   1 15:00:24     44426.62428    0.0000  2021/09/19
 0.0000000   4.0000000    0.0000   5713.857 0.014    3.1    1.5 -6.35 0.002  40   0 15:16:15     44426.63527    0.0000  2021/09/19
 0.0000000   4.0000000    0.0000   5713.859 0.016    4.0    1.6 -6.37 0.002  40   0 15:17:03     44426.63582    0.0000  2021/09/19
 0.0000000   4.0000000    0.0000   5713.858 0.016    5.8    1.0 -6.38 0.001  40   0 15:17:47     44426.63633    0.0000  2021/09/19
 0.0000000   4.0000000    0.0000   5713.859 0.017    6.4    0.3 -6.40 0.001  40   0 15:18:31     44426.63684    0.0000  2021/09/19
 0.0000000   4.0000000    0.0000   5713.857 0.017    7.2   -0.3 -6.41 0.000  40   0 15:19:15     44426.63735    0.0000  2021/09/19
 0.0000000   5.0000000    0.0000   5695.728 0.015    3.6   -1.8 -6.62 -0.010  40   1 15:34:13     44426.64772    0.0000  2021/09/19
 0.0000000   5.0000000    0.0000   5695.728 0.016    3.8   -2.2 -6.62 -0.010  40   0 15:35:01     44426.64828    0.0000  2021/09/19
 0.0000000   5.0000000    0.0000   5695.729 0.013    4.0   -2.8 -6.63 -0.011  40   0 15:35:45     44426.64879    0.0000  2021/09/19
 0.0000000   5.0000000    0.0000   5695.730 0.015    4.0   -3.3 -6.63 -0.011  40   0 15:36:29     44426.64930    0.0000  2021/09/19
 0.0000000   5.0000000    0.0000   5695.731 0.014    4.2   -3.7 -6.63 -0.012  40   0 15:37:13     44426.64980    0.0000  2021/09/19
 0.0000000   5.0000000    0.0000   5695.730 0.019    4.1   -3.7 -6.64 -0.013  40   3 15:37:57     44426.65031    0.0000  2021/09/19
 0.0000000   4.0000000    0.0000   5713.862 0.012   -1.1   -0.5 -6.54 -0.023  40   0 15:53:21     44426.66099    0.0000  2021/09/19
 0.0000000   4.0000000    0.0000   5713.860 0.015    0.5   -0.7 -6.54 -0.024  40   0 15:54:09     44426.66154    0.0000  2021/09/19
 0.0000000   4.0000000    0.0000   5713.862 0.013    1.9   -1.7 -6.55 -0.025  40   0 15:54:53     44426.66205    0.0000  2021/09/19
 0.0000000   4.0000000    0.0000   5713.862 0.018    3.1   -2.8 -6.56 -0.025  40   1 15:55:37     44426.66256    0.0000  2021/09/19
 0.0000000   4.0000000    0.0000   5713.862 0.018    3.4   -3.2 -6.57 -0.025  40   0 15:56:21     44426.66307    0.0000  2021/09/19
 0.0000000   3.0000000    0.0000   5734.837 0.016   -4.6   -0.3 -6.61 -0.034  40   0 16:09:22     44426.67209    0.0000  2021/09/19
 0.0000000   3.0000000    0.0000   5734.837 0.015   -6.1   -1.0 -6.61 -0.035  40   0 16:10:10     44426.67265    0.0000  2021/09/19
 0.0000000   3.0000000    0.0000   5734.837 0.022   -7.2   -1.4 -6.62 -0.035  40   0 16:10:54     44426.67316    0.0000  2021/09/19
 0.0000000   3.0000000    0.0000   5734.838 0.020   -8.7   -2.1 -6.62 -0.035  40   0 16:11:38     44426.67367    0.0000  2021/09/19
 0.0000000   3.0000000    0.0000   5734.837 0.018   -9.7   -2.5 -6.63 -0.036  40   0 16:12:22     44426.67417    0.0000  2021/09/19
 0.0000000   4.0000000    0.0000   5713.864 0.015    3.6    3.1 -6.62 -0.044  40   0 16:25:02     44426.68296    0.0000  2021/09/19
 0.0000000   4.0000000    0.0000   5713.862 0.015    4.4    2.2 -6.62 -0.045  40   0 16:25:50     44426.68351    0.0000  2021/09/19
 0.0000000   4.0000000    0.0000   5713.865 0.016    4.9    1.8 -6.62 -0.045  40   0 16:26:34     44426.68402    0.0000  2021/09/19
 0.0000000   4.0000000    0.0000   5713.861 0.013    5.2    1.5 -6.63 -0.046  40   0 16:27:18     44426.68453    0.0000  2021/09/19
 0.0000000   4.0000000    0.0000   5713.864 0.013    5.5    1.9 -6.63 -0.046  40   2 16:28:02     44426.68504    0.0000  2021/09/19
 0.0000000   3.0000000    0.0000   5734.836 0.013    1.6   -4.0 -6.65 -0.055  40   0 16:42:52     44426.69532    0.0000  2021/09/19
 0.0000000   3.0000000    0.0000   5734.835 0.010    1.0   -4.3 -6.65 -0.056  40   0 16:43:40     44426.69588    0.0000  2021/09/19
 0.0000000   3.0000000    0.0000   5734.836 0.010    0.5   -4.8 -6.65 -0.056  40   0 16:44:24     44426.69638    0.0000  2021/09/19
 0.0000000   3.0000000    0.0000   5734.835 0.010   -1.6   -4.8 -6.65 -0.056  40   0 16:45:08     44426.69689    0.0000  2021/09/19
 0.0000000   3.0000000    0.0000   5734.836 0.009   -1.9   -5.0 -6.65 -0.057  40   0 16:45:52     44426.69740    0.0000  2021/09/19
 0.0000000   2.0999999    0.0000   5746.571 0.014   -1.2    0.0 -6.55 -0.062  40   0 16:55:54     44426.70436    0.0000  2021/09/19
 0.0000000   2.0999999    0.0000   5746.571 0.013   -2.0   -0.3 -6.54 -0.063  40   0 16:56:42     44426.70491    0.0000  2021/09/19
 0.0000000   2.0999999    0.0000   5746.569 0.010   -1.8   -0.8 -6.53 -0.063  40   0 16:57:26     44426.70542    0.0000  2021/09/19
 0.0000000   2.0999999    0.0000   5746.570 0.012   -1.8   -1.5 -6.52 -0.063  40   0 16:58:10     44426.70593    0.0000  2021/09/19
 0.0000000   2.0999999    0.0000   5746.569 0.012   -1.3   -2.1 -6.51 -0.064  40   0 16:58:54     44426.70644    0.0000  2021/09/19
 0.0000000   3.0000000    0.0000   5734.835 0.015   -3.5   -0.3 -6.32 -0.069  40   0 17:09:59     44426.71412    0.0000  2021/09/19
 0.0000000   3.0000000    0.0000   5734.838 0.013   -4.3   -0.9 -6.31 -0.070  40   1 17:10:47     44426.71468    0.0000  2021/09/19
 0.0000000   3.0000000    0.0000   5734.837 0.012   -5.1   -1.6 -6.30 -0.070  40   0 17:11:31     44426.71518    0.0000  2021/09/19
 0.0000000   3.0000000    0.0000   5734.837 0.016   -5.3   -1.9 -6.29 -0.070  40   2 17:12:15     44426.71569    0.0000  2021/09/19
 0.0000000   3.0000000    0.0000   5734.837 0.013   -5.7   -2.4 -6.28 -0.071  40   0 17:12:59     44426.71620    0.0000  2021/09/19
 0.0000000   2.0999999    0.0000   5746.572 0.018    1.0   -0.3 -6.12 -0.075  40   0 17:24:03     44426.72387    0.0000  2021/09/19
 0.0000000   2.0999999    0.0000   5746.571 0.021    0.8   -0.8 -6.11 -0.076  40   0 17:24:51     44426.72443    0.0000  2021/09/19
 0.0000000   2.0999999    0.0000   5746.570 0.018    1.0   -1.1 -6.10 -0.076  40   0 17:25:35     44426.72494    0.0000  2021/09/19
 0.0000000   2.0999999    0.0000   5746.569 0.024    1.1   -1.4 -6.10 -0.076  40   0 17:26:19     44426.72545    0.0000  2021/09/19
 0.0000000   2.0999999    0.0000   5746.572 0.027    0.6   -2.1 -6.09 -0.077  40   2 17:27:03     44426.72595    0.0000  2021/09/19
 0.0000000   2.0999999    0.0000   5746.568 0.034    0.7   -2.2 -6.09 -0.077  40   0 17:27:47     44426.72646    0.0000  2021/09/19
 0.0000000   2.0000000    0.0000   5758.462 0.016    3.4   -5.1 -5.95 -0.081  40   0 17:39:35     44426.73464    0.0000  2021/09/19
 0.0000000   2.0000000    0.0000   5758.463 0.022    3.5   -5.6 -5.94 -0.081  40   0 17:40:23     44426.73520    0.0000  2021/09/19
 0.0000000   2.0000000    0.0000   5758.461 0.025    3.3   -5.7 -5.93 -0.082  40   0 17:41:07     44426.73571    0.0000  2021/09/19
 0.0000000   2.0000000    0.0000   5758.462 0.028    3.5   -5.8 -5.92 -0.082  40   0 17:41:51     44426.73622    0.0000  2021/09/19
 0.0000000   2.0000000    0.0000   5758.462 0.027    3.3   -6.5 -5.92 -0.082  40   0 17:42:35     44426.73672    0.0000  2021/09/19
 0.0000000   2.0999999    0.0000   5746.571 0.021    3.2   -1.1 -5.78 -0.085  40   0 17:54:31     44426.74500    0.0000  2021/09/19
 0.0000000   2.0999999    0.0000   5746.573 0.016    2.4   -0.7 -5.77 -0.086  40   0 17:55:19     44426.74555    0.0000  2021/09/19
 0.0000000   2.0999999    0.0000   5746.571 0.015    2.5   -1.1 -5.76 -0.086  40   0 17:56:03     44426.74606    0.0000  2021/09/19
 0.0000000   2.0999999    0.0000   5746.571 0.026    3.0   -1.6 -5.75 -0.086  40   0 17:56:47     44426.74657    0.0000  2021/09/19
 0.0000000   2.0999999    0.0000   5746.571 0.022    2.5   -1.7 -5.75 -0.086  40   0 17:57:31     44426.74708    0.0000  2021/09/19
 0.0000000   2.0000000    0.0000   5758.465 0.022   -0.1   -2.4 -5.69 -0.089  40   5 18:09:05     44426.75510    0.0000  2021/09/19
 0.0000000   2.0000000    0.0000   5758.464 0.012    0.1   -2.9 -5.68 -0.089  40   1 18:09:53     44426.75565    0.0000  2021/09/19
 0.0000000   2.0000000    0.0000   5758.464 0.016   -0.2   -3.0 -5.68 -0.089  40   5 18:10:37     44426.75616    0.0000  2021/09/19
 0.0000000   2.0000000    0.0000   5758.465 0.008   -0.7   -2.8 -5.67 -0.089  40   0 18:11:21     44426.75667    0.0000  2021/09/19
 0.0000000   2.0000000    0.0000   5758.463 0.012   -1.0   -3.4 -5.67 -0.089  40   2 18:12:05     44426.75718    0.0000  2021/09/19
 0.0000000  10.0000000    0.0000   5756.952 0.012    2.1   -1.3 -5.46 -0.092  40   0 18:32:15     44426.77116    0.0000  2021/09/19
 0.0000000  10.0000000    0.0000   5756.952 0.011    2.0   -1.3 -5.44 -0.092  40   0 18:33:03     44426.77171    0.0000  2021/09/19
 0.0000000  10.0000000    0.0000   5756.952 0.011    1.9   -1.4 -5.42 -0.092  40   2 18:33:47     44426.77222    0.0000  2021/09/19
 0.0000000  10.0000000    0.0000   5756.953 0.009    2.0   -1.6 -5.39 -0.092  40   0 18:34:31     44426.77273    0.0000  2021/09/19
 0.0000000  10.0000000    0.0000   5756.953 0.015    2.2   -1.7 -5.37 -0.092  40   1 18:35:15     44426.77324    0.0000  2021/09/19
 0.000   ,0   ,-0.000  ,    -0.000,   0.000,-23297,59389,   0.000,   0.000,0.000   ,0.000   ,-0.000  ,1.758   