
/	CG-5 SURVEY
/	Survey name:   	pbz
/	Instrument S/N:	40823
/	Client:        	geoken
/	Operator:      	ggg
/	Date:          	2021/ 9/18
/	Time:          	09:02:41
/	LONG:        	77.1000000 E
/	LAT:         	43.7000000 N
/	ZONE:        	43      
/	GMT DIFF.:   	-6.0

/	CG-5 SETUP PARAMETERS
/	Gref:			0.000   
/	Gcal1:		8505.171
/	TiltxS:		627.565 
/	TiltyS:		624.755 
/	TiltxO:		7.325   
/	TiltyO:		18.835  
/	Tempco:		-0.134  
/	Drift:		-0.002  
/	DriftTime Start:	09:02:43
/	DriftDate Start:	2021/09/18

/	CG-5 OPTIONS
/	Tide Correction:    YES
/	Cont. Tilt:         YES
/	Auto Rejection:     YES
/	Terrain Corr.:       NO
/	Seismic Filter:     YES
/	Raw Data:            NO
Line	   0.000S
/------LINE-----STATION-----ALT.------GRAV.---SD.--TILTX--TILTY-TEMP---TIDE---DUR-REJ-----TIME----DEC.TIME+DATE--TERRAIN---DATE
 0.0000000  10.0000000    0.0000   3835.367 0.014    0.5   -3.4 -3.54 0.063  40   1 09:04:23     44425.37744    0.0000  2021/09/18
 0.0000000  10.0000000    0.0000   3835.366 0.008    0.2   -3.5 -3.54 0.064  40   0 09:05:11     44425.37799    0.0000  2021/09/18
 0.0000000  10.0000000    0.0000   3835.366 0.014    0.0   -3.7 -3.54 0.064  40   1 09:05:55     44425.37850    0.0000  2021/09/18
 0.0000000  10.0000000    0.0000   3835.366 0.009    0.0   -3.6 -3.55 0.065  40   0 09:06:39     44425.37901    0.0000  2021/09/18
 0.0000000  10.0000000    0.0000   3835.365 0.012    0.0   -3.8 -3.55 0.065  40   0 09:07:23     44425.37952    0.0000  2021/09/18
 0.0000000  10.0000000    0.0000   3835.365 0.009    0.0   -3.8 -3.55 0.066  40   2 09:08:07     44425.38003    0.0000  2021/09/18
 0.0000000   2.0000000    0.0000   3836.882 0.006   -3.6   -1.3 -3.24 0.081  40   1 09:37:14     44425.40022    0.0000  2021/09/18
 0.0000000   2.0000000    0.0000   3836.882 0.009   -3.3   -1.5 -3.25 0.081  40   0 09:38:02     44425.40077    0.0000  2021/09/18
 0.0000000   2.0000000    0.0000   3836.883 0.008   -3.4   -1.7 -3.27 0.081  40   0 09:38:46     44425.40128    0.0000  2021/09/18
 0.0000000   2.0000000    0.0000   3836.882 0.007   -3.2   -1.8 -3.28 0.081  40   0 09:39:30     44425.40179    0.0000  2021/09/18
 0.0000000   2.0000000    0.0000   3836.882 0.007   -3.1   -1.9 -3.30 0.082  40   0 09:40:14     44425.40230    0.0000  2021/09/18
 0.0000000   1.0000000    0.0000   3854.982 0.013   -1.5   -5.0 -3.23 0.093  40   0 10:07:25     44425.42114    0.0000  2021/09/18
 0.0000000   1.0000000    0.0000   3854.980 0.009   -1.5   -5.1 -3.25 0.093  40   0 10:08:13     44425.42170    0.0000  2021/09/18
 0.0000000   1.0000000    0.0000   3854.980 0.011   -1.4   -5.2 -3.27 0.093  40   0 10:08:57     44425.42221    0.0000  2021/09/18
 0.0000000   1.0000000    0.0000   3854.978 0.010   -1.5   -5.4 -3.28 0.094  40   0 10:09:41     44425.42271    0.0000  2021/09/18
 0.0000000   1.0000000    0.0000   3854.977 0.010   -1.4   -5.7 -3.30 0.094  40   0 10:10:25     44425.42322    0.0000  2021/09/18
 0.0000000   2.0000000    0.0000   3836.887 0.008    4.3   -1.3 -3.29 0.100  40   0 10:31:38     44425.43793    0.0000  2021/09/18
 0.0000000   2.0000000    0.0000   3836.887 0.007    4.4   -1.4 -3.30 0.100  40   2 10:32:26     44425.43849    0.0000  2021/09/18
 0.0000000   2.0000000    0.0000   3836.885 0.008    4.4   -1.7 -3.31 0.100  40   0 10:33:10     44425.43900    0.0000  2021/09/18
 0.0000000   2.0000000    0.0000   3836.885 0.007    4.2   -1.8 -3.33 0.101  40   0 10:33:54     44425.43950    0.0000  2021/09/18
 0.0000000   2.0000000    0.0000   3836.884 0.009    3.9   -2.0 -3.34 0.101  40   0 10:34:38     44425.44001    0.0000  2021/09/18
 0.0000000   1.0000000    0.0000   3854.984 0.013   -3.4    4.5 -3.33 0.104  40   0 10:54:51     44425.45403    0.0000  2021/09/18
 0.0000000   1.0000000    0.0000   3854.982 0.015   -3.5    4.5 -3.34 0.104  40   1 10:55:39     44425.45458    0.0000  2021/09/18
 0.0000000   1.0000000    0.0000   3854.983 0.012   -3.4    4.3 -3.34 0.104  40   0 10:56:23     44425.45509    0.0000  2021/09/18
 0.0000000   1.0000000    0.0000   3854.982 0.014   -3.1    3.9 -3.35 0.104  40   0 10:57:07     44425.45560    0.0000  2021/09/18
 0.0000000   1.0000000    0.0000   3854.982 0.014   -3.7    4.2 -3.37 0.104  40   2 10:57:51     44425.45611    0.0000  2021/09/18
 0.0000000   2.0000000    0.0000   3836.890 0.007   -0.8    2.9 -3.32 0.105  40   0 11:16:19     44425.46891    0.0000  2021/09/18
 0.0000000   2.0000000    0.0000   3836.889 0.006   -0.5    2.7 -3.33 0.105  40   0 11:17:07     44425.46947    0.0000  2021/09/18
 0.0000000   2.0000000    0.0000   3836.888 0.007   -0.2    2.6 -3.33 0.105  40   0 11:17:51     44425.46998    0.0000  2021/09/18
 0.0000000   2.0000000    0.0000   3836.893 0.008    0.0    2.6 -3.34 0.105  40   8 11:18:35     44425.47048    0.0000  2021/09/18
 0.0000000   2.0000000    0.0000   3836.889 0.008    0.1    2.6 -3.35 0.105  40   0 11:19:19     44425.47099    0.0000  2021/09/18
 0.0000000   2.0999999    0.0000   3824.985 0.014   -1.9   -3.1 -3.34 0.105  40   1 11:33:42     44425.48097    0.0000  2021/09/18
 0.0000000   2.0999999    0.0000   3824.985 0.012   -1.5   -3.1 -3.34 0.105  40   0 11:34:30     44425.48152    0.0000  2021/09/18
 0.0000000   2.0999999    0.0000   3824.987 0.012   -1.3   -3.2 -3.34 0.104  40   0 11:35:14     44425.48203    0.0000  2021/09/18
 0.0000000   2.0999999    0.0000   3824.984 0.012   -1.1   -3.1 -3.35 0.104  40   0 11:35:58     44425.48254    0.0000  2021/09/18
 0.0000000   2.0999999    0.0000   3824.984 0.016   -1.0   -3.2 -3.36 0.104  40   0 11:36:42     44425.48305    0.0000  2021/09/18
 0.0000000   2.0000000    0.0000   3836.889 0.005    1.9    4.4 -3.36 0.103  40   0 11:48:24     44425.49116    0.0000  2021/09/18
 0.0000000   2.0000000    0.0000   3836.889 0.006    2.2    4.3 -3.35 0.103  40   0 11:49:12     44425.49171    0.0000  2021/09/18
 0.0000000   2.0000000    0.0000   3836.888 0.007    2.5    4.1 -3.35 0.102  40   0 11:49:56     44425.49222    0.0000  2021/09/18
 0.0000000   2.0000000    0.0000   3836.889 0.007    2.7    4.0 -3.35 0.102  40   0 11:50:40     44425.49273    0.0000  2021/09/18
 0.0000000   2.0000000    0.0000   3836.887 0.007    2.9    3.9 -3.36 0.102  40   0 11:51:24     44425.49324    0.0000  2021/09/18
 0.0000000   2.0999999    0.0000   3824.984 0.018    2.0    1.2 -3.31 0.097  40   1 12:13:02     44425.50824    0.0000  2021/09/18
 0.0000000   2.0999999    0.0000   3824.984 0.016    2.3    1.1 -3.31 0.097  40   0 12:13:50     44425.50879    0.0000  2021/09/18
 0.0000000   2.0999999    0.0000   3824.981 0.013    2.6    1.1 -3.32 0.097  40   0 12:14:34     44425.50930    0.0000  2021/09/18
 0.0000000   2.0999999    0.0000   3824.983 0.016    2.8    0.9 -3.33 0.096  40   0 12:15:18     44425.50981    0.0000  2021/09/18
 0.0000000   2.0999999    0.0000   3824.983 0.014    2.9    0.9 -3.35 0.096  40   0 12:16:02     44425.51032    0.0000  2021/09/18
 0.0000000   3.0000000    0.0000   3813.249 0.026    1.5   -1.4 -3.37 0.091  40   3 12:30:03     44425.52003    0.0000  2021/09/18
 0.0000000   3.0000000    0.0000   3813.253 0.027    1.8   -1.4 -3.37 0.091  40   4 12:30:51     44425.52059    0.0000  2021/09/18
 0.0000000   3.0000000    0.0000   3813.249 0.026    1.6   -1.5 -3.37 0.091  40   0 12:31:35     44425.52110    0.0000  2021/09/18
 0.0000000   3.0000000    0.0000   3813.248 0.023    1.4   -1.6 -3.38 0.091  40   0 12:32:19     44425.52161    0.0000  2021/09/18
 0.0000000   3.0000000    0.0000   3813.248 0.019    1.2   -1.6 -3.39 0.090  40   0 12:33:03     44425.52211    0.0000  2021/09/18
 0.0000000   3.0000000    0.0000   3813.247 0.021    1.0   -1.5 -3.40 0.090  40   0 12:33:47     44425.52262    0.0000  2021/09/18
 0.0000000   3.0000000    0.0000   3813.244 0.051    1.0   -1.6 -3.41 0.090  40   6 12:34:31     44425.52313    0.0000  2021/09/18
 0.0000000   2.0999999    0.0000   3824.986 0.010   -1.9    3.2 -3.42 0.084  40   0 12:48:00     44425.53248    0.0000  2021/09/18
 0.0000000   2.0999999    0.0000   3824.984 0.020   -1.7    2.9 -3.43 0.083  40   1 12:48:48     44425.53303    0.0000  2021/09/18
 0.0000000   2.0999999    0.0000   3824.985 0.015   -1.8    2.9 -3.43 0.083  40   0 12:49:32     44425.53354    0.0000  2021/09/18
 0.0000000   2.0999999    0.0000   3824.983 0.018   -1.5    2.8 -3.44 0.083  40   1 12:50:16     44425.53405    0.0000  2021/09/18
 0.0000000   2.0999999    0.0000   3824.981 0.017   -1.5    2.7 -3.45 0.082  40   0 12:51:00     44425.53456    0.0000  2021/09/18
 0.0000000   3.0000000    0.0000   3813.250 0.017    0.1    0.5 -3.43 0.076  40   0 13:02:49     44425.54275    0.0000  2021/09/18
 0.0000000   3.0000000    0.0000   3813.250 0.018    0.1    0.9 -3.43 0.076  40   0 13:03:37     44425.54331    0.0000  2021/09/18
 0.0000000   3.0000000    0.0000   3813.252 0.015    0.1    1.3 -3.43 0.076  40   0 13:04:21     44425.54382    0.0000  2021/09/18
 0.0000000   3.0000000    0.0000   3813.248 0.024   -0.1    1.4 -3.44 0.075  40   2 13:05:05     44425.54432    0.0000  2021/09/18
 0.0000000   3.0000000    0.0000   3813.247 0.015   -0.6    1.3 -3.45 0.075  40   1 13:05:49     44425.54483    0.0000  2021/09/18
 0.0000000   4.0000000    0.0000   3792.258 0.016    4.5    0.8 -3.41 0.066  40   0 13:21:12     44425.55550    0.0000  2021/09/18
 0.0000000   4.0000000    0.0000   3792.258 0.013    4.4    1.4 -3.42 0.066  40   0 13:22:00     44425.55605    0.0000  2021/09/18
 0.0000000   4.0000000    0.0000   3792.256 0.012    4.2    2.2 -3.42 0.065  40   0 13:22:44     44425.55656    0.0000  2021/09/18
 0.0000000   4.0000000    0.0000   3792.257 0.013    4.2    2.9 -3.43 0.065  40   0 13:23:29     44425.55708    0.0000  2021/09/18
 0.0000000   4.0000000    0.0000   3792.258 0.014    4.1    3.1 -3.43 0.065  40   0 13:24:13     44425.55759    0.0000  2021/09/18
 0.0000000   3.0000000    0.0000   3813.251 0.035    2.6    4.6 -3.38 0.057  40   1 13:36:51     44425.56635    0.0000  2021/09/18
 0.0000000   3.0000000    0.0000   3813.249 0.042    2.9    4.3 -3.38 0.056  40   0 13:37:39     44425.56690    0.0000  2021/09/18
 0.0000000   3.0000000    0.0000   3813.253 0.022    3.5    4.0 -3.38 0.056  40  23 13:38:23     44425.56741    0.0000  2021/09/18
 0.0000000   3.0000000    0.0000   3813.247 0.033    3.9    3.5 -3.38 0.055  40   0 13:39:07     44425.56792    0.0000  2021/09/18
 0.0000000   3.0000000    0.0000   3813.247 0.037    3.9    3.2 -3.39 0.055  40   0 13:39:51     44425.56843    0.0000  2021/09/18
 0.0000000   3.0000000    0.0000   3813.245 0.018    3.4    3.0 -3.40 0.055  40   0 13:40:35     44425.56894    0.0000  2021/09/18
 0.0000000   4.0000000    0.0000   3792.257 0.025   -1.8    1.5 -3.45 0.043  40   0 13:57:53     44425.58093    0.0000  2021/09/18
 0.0000000   4.0000000    0.0000   3792.255 0.038   -1.2    1.8 -3.45 0.042  40   1 13:58:41     44425.58149    0.0000  2021/09/18
 0.0000000   4.0000000    0.0000   3792.255 0.032   -1.4    1.5 -3.46 0.042  40   0 13:59:25     44425.58200    0.0000  2021/09/18
 0.0000000   4.0000000    0.0000   3792.255 0.061   -1.4    1.7 -3.47 0.041  40   0 14:00:09     44425.58250    0.0000  2021/09/18
 0.0000000   4.0000000    0.0000   3792.254 0.033   -1.7    1.2 -3.48 0.041  40   0 14:00:53     44425.58301    0.0000  2021/09/18
 0.0000000   4.4000001    0.0000   3774.124 0.018    1.9   -2.2 -3.39 0.026  40   0 14:22:03     44425.59769    0.0000  2021/09/18
 0.0000000   4.4000001    0.0000   3774.121 0.022    1.9   -2.4 -3.40 0.025  40   0 14:22:51     44425.59824    0.0000  2021/09/18
 0.0000000   4.4000001    0.0000   3774.123 0.017    1.9   -2.6 -3.42 0.025  40   0 14:23:35     44425.59875    0.0000  2021/09/18
 0.0000000   4.4000001    0.0000   3774.123 0.018    2.0   -2.9 -3.43 0.024  40   0 14:24:19     44425.59926    0.0000  2021/09/18
 0.0000000   4.4000001    0.0000   3774.121 0.020    2.2   -3.2 -3.44 0.024  40   0 14:25:03     44425.59977    0.0000  2021/09/18
 0.0000000   4.0000000    0.0000   3792.257 0.021   -2.9   -0.1 -3.45 0.013  40   0 14:38:44     44425.60926    0.0000  2021/09/18
 0.0000000   4.0000000    0.0000   3792.256 0.026   -2.1    0.4 -3.45 0.013  40   0 14:39:32     44425.60981    0.0000  2021/09/18
 0.0000000   4.0000000    0.0000   3792.257 0.044   -2.5    0.8 -3.45 0.013  40   0 14:40:16     44425.61032    0.0000  2021/09/18
 0.0000000   4.0000000    0.0000   3792.257 0.027   -2.2    1.7 -3.46 0.012  40   0 14:41:00     44425.61083    0.0000  2021/09/18
 0.0000000   4.0000000    0.0000   3792.257 0.048   -1.7    2.3 -3.46 0.011  40   0 14:41:44     44425.61134    0.0000  2021/09/18
 0.0000000   4.4000001    0.0000   3774.121 0.024   -3.0   -4.3 -3.37 -0.003  40   0 15:02:50     44425.62596    0.0000  2021/09/18
 0.0000000   4.4000001    0.0000   3774.122 0.022   -2.3   -4.6 -3.37 -0.003  40   0 15:03:38     44425.62652    0.0000  2021/09/18
 0.0000000   4.4000001    0.0000   3774.121 0.030   -2.0   -5.0 -3.39 -0.004  40   0 15:04:22     44425.62703    0.0000  2021/09/18
 0.0000000   4.4000001    0.0000   3774.121 0.028   -1.4   -5.1 -3.40 -0.005  40   0 15:05:06     44425.62754    0.0000  2021/09/18
 0.0000000   4.4000001    0.0000   3774.120 0.028   -0.8   -5.1 -3.41 -0.005  40   0 15:05:50     44425.62804    0.0000  2021/09/18
 0.0000000   4.4000001    0.0000   3774.121 0.026   -0.4   -5.1 -3.43 -0.005  40   0 15:06:34     44425.62855    0.0000  2021/09/18
 0.0000000   6.0000000    0.0000   3754.067 0.063    0.0   -0.4 -3.36 -0.020  40   0 15:25:46     44425.64186    0.0000  2021/09/18
 0.0000000   6.0000000    0.0000   3754.069 0.115    0.1   -0.6 -3.37 -0.020  40   0 15:26:34     44425.64242    0.0000  2021/09/18
 0.0000000   6.0000000    0.0000   3754.066 0.039    0.0   -0.8 -3.38 -0.020  40   0 15:27:18     44425.64293    0.0000  2021/09/18
 0.0000000   6.0000000    0.0000   3754.065 0.035   -0.1   -1.1 -3.39 -0.021  40   0 15:28:02     44425.64344    0.0000  2021/09/18
 0.0000000   6.0000000    0.0000   3754.063 0.042   -0.4   -1.5 -3.40 -0.022  40   0 15:28:46     44425.64394    0.0000  2021/09/18
 0.0000000   6.0000000    0.0000   3754.064 0.059   -0.4   -1.4 -3.41 -0.022  40   0 15:29:30     44425.64445    0.0000  2021/09/18
 0.0000000   4.4000001    0.0000   3774.132 0.025    2.9    0.0 -3.28 -0.035  40   0 15:48:03     44425.65731    0.0000  2021/09/18
 0.0000000   4.4000001    0.0000   3774.132 0.026    2.9   -0.3 -3.29 -0.036  40   0 15:48:51     44425.65787    0.0000  2021/09/18
 0.0000000   4.4000001    0.0000   3774.130 0.029    3.3   -0.4 -3.29 -0.036  40   0 15:49:35     44425.65838    0.0000  2021/09/18
 0.0000000   4.4000001    0.0000   3774.129 0.024    3.5   -0.6 -3.30 -0.036  40   0 15:50:19     44425.65889    0.0000  2021/09/18
 0.0000000   4.4000001    0.0000   3774.128 0.026    3.6   -0.9 -3.30 -0.037  40   0 15:51:03     44425.65939    0.0000  2021/09/18
 0.0000000   4.4000001    0.0000   3774.127 0.020    3.5   -1.0 -3.32 -0.037  40   0 15:51:47     44425.65990    0.0000  2021/09/18
 0.0000000   6.0000000    0.0000   3754.075 0.027    1.7    1.7 -3.30 -0.046  40   0 16:06:28     44425.67008    0.0000  2021/09/18
 0.0000000   6.0000000    0.0000   3754.072 0.034    2.0    1.5 -3.30 -0.047  40   0 16:07:16     44425.67064    0.0000  2021/09/18
 0.0000000   6.0000000    0.0000   3754.072 0.039    2.2    1.4 -3.30 -0.048  40   0 16:08:00     44425.67115    0.0000  2021/09/18
 0.0000000   6.0000000    0.0000   3754.072 0.048    2.2    1.0 -3.30 -0.048  40   0 16:08:44     44425.67166    0.0000  2021/09/18
 0.0000000   6.0000000    0.0000   3754.073 0.068    2.3    1.0 -3.31 -0.048  40   0 16:09:28     44425.67216    0.0000  2021/09/18
 0.0000000   4.4000001    0.0000   3774.131 0.024    1.2    2.6 -3.31 -0.057  40   0 16:24:22     44425.68249    0.0000  2021/09/18
 0.0000000   4.4000001    0.0000   3774.130 0.017    1.3    2.2 -3.31 -0.058  40   0 16:25:10     44425.68305    0.0000  2021/09/18
 0.0000000   4.4000001    0.0000   3774.128 0.015    1.3    2.1 -3.31 -0.058  40   0 16:25:54     44425.68356    0.0000  2021/09/18
 0.0000000   4.4000001    0.0000   3774.129 0.017    1.5    1.9 -3.32 -0.058  40   0 16:26:38     44425.68407    0.0000  2021/09/18
 0.0000000   4.4000001    0.0000   3774.126 0.019    1.5    1.7 -3.33 -0.059  40   2 16:27:22     44425.68457    0.0000  2021/09/18
 0.0000000   4.4000001    0.0000   3774.128 0.019    1.7    1.6 -3.34 -0.059  40   1 16:28:06     44425.68508    0.0000  2021/09/18
 0.0000000   4.0000000    0.0000   3792.261 0.020    2.2    0.9 -3.33 -0.067  40   0 16:43:37     44425.69584    0.0000  2021/09/18
 0.0000000   4.0000000    0.0000   3792.262 0.017    2.7    1.5 -3.34 -0.067  40   0 16:44:25     44425.69640    0.0000  2021/09/18
 0.0000000   4.0000000    0.0000   3792.260 0.023    2.2    2.1 -3.35 -0.068  40   0 16:45:09     44425.69690    0.0000  2021/09/18
 0.0000000   4.0000000    0.0000   3792.260 0.033    2.2    2.4 -3.35 -0.068  40   0 16:45:53     44425.69741    0.0000  2021/09/18
 0.0000000   4.0000000    0.0000   3792.259 0.022    1.9    2.9 -3.36 -0.068  40   0 16:46:37     44425.69792    0.0000  2021/09/18
 0.0000000   4.0000000    0.0000   3792.261 0.024    1.7    3.3 -3.38 -0.069  40   0 16:47:21     44425.69843    0.0000  2021/09/18
 0.0000000   4.4000001    0.0000   3774.130 0.051    1.8   -3.4 -3.34 -0.075  40   0 17:01:19     44425.70811    0.0000  2021/09/18
 0.0000000   4.4000001    0.0000   3774.128 0.035    1.7   -3.6 -3.35 -0.075  40   0 17:02:07     44425.70867    0.0000  2021/09/18
 0.0000000   4.4000001    0.0000   3774.126 0.028    2.4   -3.8 -3.35 -0.076  40   0 17:02:51     44425.70918    0.0000  2021/09/18
 0.0000000   4.4000001    0.0000   3774.127 0.029    2.5   -4.1 -3.35 -0.076  40   0 17:03:35     44425.70968    0.0000  2021/09/18
 0.0000000   4.4000001    0.0000   3774.126 0.025    2.7   -4.3 -3.36 -0.076  40   0 17:04:19     44425.71019    0.0000  2021/09/18
 0.0000000   4.4000001    0.0000   3774.126 0.022    2.5   -4.9 -3.37 -0.077  40   0 17:05:03     44425.71070    0.0000  2021/09/18
 0.0000000   4.0000000    0.0000   3792.258 0.021   -1.1    0.8 -3.30 -0.081  40   0 17:18:08     44425.71977    0.0000  2021/09/18
 0.0000000   4.0000000    0.0000   3792.257 0.018   -0.5    1.3 -3.29 -0.082  40   0 17:18:56     44425.72033    0.0000  2021/09/18
 0.0000000   4.0000000    0.0000   3792.256 0.028   -0.3    1.6 -3.29 -0.082  40   0 17:19:40     44425.72084    0.0000  2021/09/18
 0.0000000   4.0000000    0.0000   3792.256 0.021    0.0    2.0 -3.30 -0.082  40   0 17:20:24     44425.72134    0.0000  2021/09/18
 0.0000000   4.0000000    0.0000   3792.257 0.018    0.3    2.0 -3.30 -0.082  40   0 17:21:08     44425.72185    0.0000  2021/09/18
 0.0000000   3.0000000    0.0000   3813.250 0.015    1.4   -0.8 -3.32 -0.086  40   0 17:34:03     44425.73081    0.0000  2021/09/18
 0.0000000   3.0000000    0.0000   3813.249 0.017    2.0   -1.2 -3.32 -0.086  40   0 17:34:51     44425.73136    0.0000  2021/09/18
 0.0000000   3.0000000    0.0000   3813.248 0.015    2.2   -1.2 -3.32 -0.086  40   0 17:35:35     44425.73187    0.0000  2021/09/18
 0.0000000   3.0000000    0.0000   3813.247 0.019    2.4   -1.2 -3.33 -0.087  40   0 17:36:19     44425.73238    0.0000  2021/09/18
 0.0000000   3.0000000    0.0000   3813.249 0.038    2.8   -1.1 -3.34 -0.087  40   0 17:37:03     44425.73289    0.0000  2021/09/18
 0.0000000   4.0000000    0.0000   3792.261 0.031    1.7    2.3 -3.32 -0.090  40   0 17:51:34     44425.74295    0.0000  2021/09/18
 0.0000000   4.0000000    0.0000   3792.260 0.027    1.4    2.2 -3.33 -0.090  40   0 17:52:22     44425.74351    0.0000  2021/09/18
 0.0000000   4.0000000    0.0000   3792.259 0.024    1.2    2.2 -3.33 -0.090  40   0 17:53:06     44425.74402    0.0000  2021/09/18
 0.0000000   4.0000000    0.0000   3792.258 0.020    0.6    1.9 -3.34 -0.090  40   0 17:53:50     44425.74452    0.0000  2021/09/18
 0.0000000   4.0000000    0.0000   3792.258 0.023    0.5    1.7 -3.35 -0.090  40   0 17:54:34     44425.74503    0.0000  2021/09/18
 0.0000000   3.0000000    0.0000   3813.249 0.011   -1.5   -0.2 -3.33 -0.092  40   0 18:08:27     44425.75466    0.0000  2021/09/18
 0.0000000   3.0000000    0.0000   3813.247 0.013   -1.5   -0.4 -3.34 -0.092  40   0 18:09:15     44425.75521    0.0000  2021/09/18
 0.0000000   3.0000000    0.0000   3813.247 0.014   -1.5   -0.8 -3.35 -0.092  40   0 18:09:59     44425.75572    0.0000  2021/09/18
 0.0000000   3.0000000    0.0000   3813.246 0.013   -1.7   -0.9 -3.35 -0.092  40   0 18:10:43     44425.75623    0.0000  2021/09/18
 0.0000000   3.0000000    0.0000   3813.247 0.019   -1.6   -1.3 -3.36 -0.092  40   0 18:11:27     44425.75674    0.0000  2021/09/18
 0.0000000   2.0999999    0.0000   3824.982 0.014    2.7    3.8 -3.39 -0.093  40   0 18:22:08     44425.76415    0.0000  2021/09/18
 0.0000000   2.0999999    0.0000   3824.981 0.012    2.8    3.5 -3.40 -0.093  40   0 18:22:56     44425.76470    0.0000  2021/09/18
 0.0000000   2.0999999    0.0000   3824.981 0.012    2.8    3.3 -3.40 -0.093  40   0 18:23:40     44425.76521    0.0000  2021/09/18
 0.0000000   2.0999999    0.0000   3824.980 0.013    2.5    3.3 -3.40 -0.093  40   0 18:24:24     44425.76572    0.0000  2021/09/18
 0.0000000   2.0999999    0.0000   3824.977 0.012    2.6    3.0 -3.41 -0.093  40   0 18:25:08     44425.76623    0.0000  2021/09/18
 0.0000000   3.0000000    0.0000   3813.248 0.010    1.7    0.6 -3.41 -0.093  40   0 18:35:54     44425.77369    0.0000  2021/09/18
 0.0000000   3.0000000    0.0000   3813.247 0.011    1.9    0.3 -3.40 -0.093  40   0 18:36:42     44425.77425    0.0000  2021/09/18
 0.0000000   3.0000000    0.0000   3813.246 0.012    2.1    0.1 -3.40 -0.093  40   0 18:37:26     44425.77475    0.0000  2021/09/18
 0.0000000   3.0000000    0.0000   3813.245 0.010    2.1    0.0 -3.40 -0.093  40   0 18:38:10     44425.77526    0.0000  2021/09/18
 0.0000000   3.0000000    0.0000   3813.247 0.016    2.1   -0.2 -3.41 -0.093  40   2 18:38:54     44425.77577    0.0000  2021/09/18
 0.0000000   3.0000000    0.0000   3813.245 0.014    2.2   -0.3 -3.41 -0.093  40   0 18:39:38     44425.77628    0.0000  2021/09/18
 0.0000000   2.0999999    0.0000   3824.979 0.011   -3.0    0.9 -3.41 -0.092  40   0 18:50:38     44425.78391    0.0000  2021/09/18
 0.0000000   2.0999999    0.0000   3824.979 0.010   -2.9    0.6 -3.41 -0.092  40   0 18:51:26     44425.78446    0.0000  2021/09/18
 0.0000000   2.0999999    0.0000   3824.978 0.012   -2.8    0.4 -3.41 -0.092  40   0 18:52:10     44425.78497    0.0000  2021/09/18
 0.0000000   2.0999999    0.0000   3824.979 0.015   -2.8    0.4 -3.41 -0.092  40   0 18:52:54     44425.78548    0.0000  2021/09/18
 0.0000000   2.0999999    0.0000   3824.978 0.012   -2.9    0.3 -3.41 -0.092  40   0 18:53:38     44425.78599    0.0000  2021/09/18
 0.0000000   2.0000000    0.0000   3836.883 0.009    3.5   -3.6 -3.38 -0.090  40   0 19:05:57     44425.79453    0.0000  2021/09/18
 0.0000000   2.0000000    0.0000   3836.883 0.010    3.6   -3.8 -3.37 -0.090  40   0 19:06:45     44425.79508    0.0000  2021/09/18
 0.0000000   2.0000000    0.0000   3836.881 0.007    3.7   -4.0 -3.37 -0.090  40   0 19:07:29     44425.79559    0.0000  2021/09/18
 0.0000000   2.0000000    0.0000   3836.880 0.007    3.7   -4.1 -3.37 -0.090  40   0 19:08:13     44425.79610    0.0000  2021/09/18
 0.0000000   2.0000000    0.0000   3836.882 0.007    3.7   -4.0 -3.38 -0.090  40   0 19:08:57     44425.79661    0.0000  2021/09/18
 0.0000000   2.0999999    0.0000   3824.979 0.010    2.2    0.0 -3.36 -0.087  40   0 19:23:54     44425.80697    0.0000  2021/09/18
 0.0000000   2.0999999    0.0000   3824.980 0.009    2.1   -0.1 -3.37 -0.086  40   2 19:24:42     44425.80753    0.0000  2021/09/18
 0.0000000   2.0999999    0.0000   3824.979 0.009    2.1   -0.3 -3.38 -0.086  40   0 19:25:26     44425.80803    0.0000  2021/09/18
 0.0000000   2.0999999    0.0000   3824.978 0.011    2.3   -0.4 -3.39 -0.086  40   0 19:26:10     44425.80854    0.0000  2021/09/18
 0.0000000   2.0999999    0.0000   3824.978 0.014    2.2   -0.6 -3.40 -0.086  40   0 19:26:54     44425.80905    0.0000  2021/09/18
 0.0000000   2.0999999    0.0000   3824.977 0.010    2.1   -0.8 -3.41 -0.086  40   0 19:27:38     44425.80956    0.0000  2021/09/18
 0.0000000   2.0000000    0.0000   3836.884 0.008    4.6    0.0 -3.36 -0.082  40   0 19:41:09     44425.81893    0.0000  2021/09/18
 0.0000000   2.0000000    0.0000   3836.884 0.012    4.7   -0.1 -3.36 -0.082  40   4 19:41:57     44425.81949    0.0000  2021/09/18
 0.0000000   2.0000000    0.0000   3836.882 0.011    4.8   -0.2 -3.37 -0.082  40   3 19:42:41     44425.81999    0.0000  2021/09/18
 0.0000000   2.0000000    0.0000   3836.882 0.029    4.7   -0.2 -3.37 -0.082  40   0 19:43:25     44425.82050    0.0000  2021/09/18
 0.0000000   2.0000000    0.0000   3836.882 0.047    5.0   -0.2 -3.38 -0.081  40   0 19:44:09     44425.82101    0.0000  2021/09/18
 0.0000000   2.0000000    0.0000   3836.880 0.035    4.8   -0.1 -3.39 -0.081  40   0 19:44:53     44425.82152    0.0000  2021/09/18
 0.0000000  10.0000000    0.0000   3835.373 0.009   -3.4    5.8 -3.25 -0.075  40   0 20:04:21     44425.83502    0.0000  2021/09/18
 0.0000000  10.0000000    0.0000   3835.372 0.006   -3.3    5.7 -3.25 -0.075  40   0 20:05:09     44425.83557    0.0000  2021/09/18
 0.0000000  10.0000000    0.0000   3835.372 0.007   -3.2    5.5 -3.25 -0.074  40   0 20:05:53     44425.83608    0.0000  2021/09/18
 0.0000000  10.0000000    0.0000   3835.371 0.008   -3.1    5.4 -3.26 -0.074  40   0 20:06:37     44425.83659    0.0000  2021/09/18
 0.000   ,0   ,0.000   ,-361088.125,   0.000,-326,  54,   0.000,   0.000,0.000   ,0.000   ,-517543591936.000,-0.876  