
/	CG-5 SURVEY
/	Survey name:   	pbz
/	Instrument S/N:	40823
/	Client:        	geoken
/	Operator:      	ggg
/	Date:          	2021/ 9/19
/	Time:          	07:43:17
/	LONG:        	77.1000000 E
/	LAT:         	43.7000000 N
/	ZONE:        	43      
/	GMT DIFF.:   	-6.0

/	CG-5 SETUP PARAMETERS
/	Gref:			0.000   
/	Gcal1:		8505.171
/	TiltxS:		627.565 
/	TiltyS:		624.755 
/	TiltxO:		7.325   
/	TiltyO:		18.835  
/	Tempco:		-0.134  
/	Drift:		-0.002  
/	DriftTime Start:	07:43:19
/	DriftDate Start:	2021/09/19

/	CG-5 OPTIONS
/	Tide Correction:    YES
/	Cont. Tilt:         YES
/	Auto Rejection:     YES
/	Terrain Corr.:       NO
/	Seismic Filter:     YES
/	Raw Data:            NO
Line	   0.000S
/------LINE-----STATION-----ALT.------GRAV.---SD.--TILTX--TILTY-TEMP---TIDE---DUR-REJ-----TIME----DEC.TIME+DATE--TERRAIN---DATE
 0.0000000  10.0000000    0.0000   3835.363 0.009    2.3   -1.3 -3.57 -0.025  40   1 07:44:08     44426.32180    0.0000  2021/09/19
 0.0000000  10.0000000    0.0000   3835.364 0.006    2.3   -1.3 -3.57 -0.024  40   0 07:44:56     44426.32235    0.0000  2021/09/19
 0.0000000  10.0000000    0.0000   3835.364 0.011    2.5   -1.2 -3.57 -0.024  40   0 07:45:40     44426.32286    0.0000  2021/09/19
 0.0000000  10.0000000    0.0000   3835.363 0.008    2.6   -1.1 -3.57 -0.024  40   0 07:46:24     44426.32337    0.0000  2021/09/19
 0.0000000  10.0000000    0.0000   3835.364 0.012    2.3   -1.0 -3.57 -0.023  40   3 07:47:08     44426.32388    0.0000  2021/09/19
 0.0000000   2.0000000    0.0000   3836.876 0.007    3.1   -2.2 -3.38 -0.011  40   0 08:04:57     44426.33623    0.0000  2021/09/19
 0.0000000   2.0000000    0.0000   3836.875 0.008    3.5   -2.6 -3.38 -0.011  40   0 08:05:45     44426.33679    0.0000  2021/09/19
 0.0000000   2.0000000    0.0000   3836.876 0.012    3.6   -3.0 -3.39 -0.011  40   2 08:06:29     44426.33730    0.0000  2021/09/19
 0.0000000   2.0000000    0.0000   3836.877 0.008    3.7   -3.1 -3.39 -0.010  40   0 08:07:13     44426.33780    0.0000  2021/09/19
 0.0000000   2.0000000    0.0000   3836.877 0.009    3.7   -3.5 -3.40 -0.009  40   0 08:07:57     44426.33831    0.0000  2021/09/19
 0.0000000   1.0000000    0.0000   3854.990 0.007   -1.7    3.5 -3.18 0.004  40   0 08:29:05     44426.35296    0.0000  2021/09/19
 0.0000000   1.0000000    0.0000   3854.989 0.010   -1.5    3.3 -3.19 0.005  40   2 08:29:53     44426.35352    0.0000  2021/09/19
 0.0000000   1.0000000    0.0000   3854.989 0.006   -1.1    3.0 -3.20 0.005  40   0 08:30:37     44426.35403    0.0000  2021/09/19
 0.0000000   1.0000000    0.0000   3854.987 0.006   -0.1    2.9 -3.21 0.005  40   0 08:31:21     44426.35454    0.0000  2021/09/19
 0.0000000   1.0000000    0.0000   3854.988 0.007    0.0    2.7 -3.22 0.006  40   1 08:32:05     44426.35504    0.0000  2021/09/19
 0.0000000   2.0000000    0.0000   3836.887 0.006    5.1   -3.3 -3.35 0.017  40   0 08:48:29     44426.36642    0.0000  2021/09/19
 0.0000000   2.0000000    0.0000   3836.889 0.006    5.9   -3.5 -3.35 0.018  40   0 08:49:17     44426.36697    0.0000  2021/09/19
 0.0000000   2.0000000    0.0000   3836.888 0.007    6.6   -3.9 -3.35 0.018  40   1 08:50:01     44426.36748    0.0000  2021/09/19
 0.0000000   2.0000000    0.0000   3836.887 0.007    7.2   -4.1 -3.35 0.019  40   0 08:50:45     44426.36799    0.0000  2021/09/19
 0.0000000   2.0000000    0.0000   3836.886 0.006    7.4   -4.2 -3.36 0.019  40   3 08:51:29     44426.36850    0.0000  2021/09/19
 0.0000000   1.0000000    0.0000   3854.981 0.007   -3.1    2.6 -3.32 0.032  40   0 09:10:18     44426.38154    0.0000  2021/09/19
 0.0000000   1.0000000    0.0000   3854.980 0.007   -3.0    2.5 -3.33 0.032  40   0 09:11:06     44426.38210    0.0000  2021/09/19
 0.0000000   1.0000000    0.0000   3854.981 0.006   -2.7    2.4 -3.34 0.033  40   0 09:11:50     44426.38260    0.0000  2021/09/19
 0.0000000   1.0000000    0.0000   3854.980 0.007   -2.7    2.4 -3.35 0.033  40   0 09:12:34     44426.38311    0.0000  2021/09/19
 0.0000000   1.0000000    0.0000   3854.981 0.007   -2.7    2.3 -3.37 0.034  40   0 09:13:18     44426.38362    0.0000  2021/09/19
 0.0000000   2.0000000    0.0000   3836.889 0.008    4.0    0.1 -3.32 0.047  40   0 09:32:53     44426.39720    0.0000  2021/09/19
 0.0000000   2.0000000    0.0000   3836.887 0.006    4.3    0.0 -3.32 0.047  40   4 09:33:41     44426.39775    0.0000  2021/09/19
 0.0000000   2.0000000    0.0000   3836.887 0.005    4.4   -0.1 -3.33 0.047  40   0 09:34:25     44426.39826    0.0000  2021/09/19
 0.0000000   2.0000000    0.0000   3836.886 0.008    4.6   -0.2 -3.34 0.048  40   4 09:35:09     44426.39877    0.0000  2021/09/19
 0.0000000   2.0000000    0.0000   3836.888 0.007    4.6   -0.3 -3.35 0.048  40   2 09:35:53     44426.39928    0.0000  2021/09/19
 0.0000000   2.0999999    0.0000   3824.984 0.010    0.4   -3.8 -3.36 0.056  40   0 09:47:50     44426.40756    0.0000  2021/09/19
 0.0000000   2.0999999    0.0000   3824.983 0.013    0.6   -4.1 -3.36 0.056  40   0 09:48:38     44426.40812    0.0000  2021/09/19
 0.0000000   2.0999999    0.0000   3824.984 0.013    0.9   -4.3 -3.36 0.056  40   0 09:49:22     44426.40863    0.0000  2021/09/19
 0.0000000   2.0999999    0.0000   3824.982 0.011    0.9   -4.5 -3.37 0.057  40   0 09:50:06     44426.40914    0.0000  2021/09/19
 0.0000000   2.0999999    0.0000   3824.981 0.016    1.0   -4.8 -3.37 0.057  40   0 09:50:50     44426.40964    0.0000  2021/09/19
 0.0000000   2.0000000    0.0000   3836.887 0.006   -0.9   -0.5 -3.37 0.064  40   0 10:04:06     44426.41884    0.0000  2021/09/19
 0.0000000   2.0000000    0.0000   3836.886 0.008   -0.7   -0.6 -3.37 0.065  40   0 10:04:54     44426.41940    0.0000  2021/09/19
 0.0000000   2.0000000    0.0000   3836.886 0.007   -0.5   -0.6 -3.37 0.065  40   0 10:05:38     44426.41991    0.0000  2021/09/19
 0.0000000   2.0000000    0.0000   3836.885 0.007   -0.4   -0.8 -3.38 0.065  40   0 10:06:22     44426.42041    0.0000  2021/09/19
 0.0000000   2.0000000    0.0000   3836.885 0.008   -0.4   -0.9 -3.38 0.066  40   0 10:07:06     44426.42092    0.0000  2021/09/19
 0.0000000   2.0999999    0.0000   3824.987 0.023    4.0    0.9 -3.35 0.073  40   1 10:21:02     44426.43058    0.0000  2021/09/19
 0.0000000   2.0999999    0.0000   3824.986 0.019    4.1    0.6 -3.35 0.073  40   0 10:21:50     44426.43114    0.0000  2021/09/19
 0.0000000   2.0999999    0.0000   3824.985 0.020    4.3    0.6 -3.36 0.073  40   0 10:22:34     44426.43165    0.0000  2021/09/19
 0.0000000   2.0999999    0.0000   3824.985 0.015    4.4    0.5 -3.37 0.074  40   0 10:23:18     44426.43215    0.0000  2021/09/19
 0.0000000   2.0999999    0.0000   3824.986 0.013    4.4    0.4 -3.38 0.074  40   0 10:24:02     44426.43266    0.0000  2021/09/19
 0.0000000   3.0000000    0.0000   3813.247 0.013    2.6    0.1 -3.43 0.078  40   2 10:33:33     44426.43926    0.0000  2021/09/19
 0.0000000   3.0000000    0.0000   3813.246 0.012    2.9    0.2 -3.42 0.079  40   3 10:34:21     44426.43982    0.0000  2021/09/19
 0.0000000   3.0000000    0.0000   3813.247 0.019    3.1    0.0 -3.42 0.079  40   2 10:35:05     44426.44032    0.0000  2021/09/19
 0.0000000   3.0000000    0.0000   3813.248 0.013    3.1    0.1 -3.42 0.079  40   0 10:35:49     44426.44083    0.0000  2021/09/19
 0.0000000   3.0000000    0.0000   3813.246 0.011    3.2    0.0 -3.43 0.079  40   1 10:36:33     44426.44134    0.0000  2021/09/19
 0.0000000   2.0999999    0.0000   3824.983 0.027    2.1   -0.1 -3.43 0.083  40   0 10:45:41     44426.44767    0.0000  2021/09/19
 0.0000000   2.0999999    0.0000   3824.982 0.018    2.0   -0.2 -3.42 0.083  40   0 10:46:29     44426.44823    0.0000  2021/09/19
 0.0000000   2.0999999    0.0000   3824.980 0.025    2.0   -0.6 -3.42 0.083  40   0 10:47:13     44426.44874    0.0000  2021/09/19
 0.0000000   2.0999999    0.0000   3824.984 0.030    2.2   -0.7 -3.42 0.084  40   0 10:47:57     44426.44925    0.0000  2021/09/19
 0.0000000   2.0999999    0.0000   3824.983 0.038    2.0   -1.0 -3.42 0.084  40   0 10:48:41     44426.44975    0.0000  2021/09/19
 0.0000000   3.0000000    0.0000   3813.250 0.014    3.0   -0.9 -3.39 0.087  40   1 10:59:03     44426.45694    0.0000  2021/09/19
 0.0000000   3.0000000    0.0000   3813.248 0.014    3.0   -0.5 -3.39 0.088  40   0 10:59:51     44426.45750    0.0000  2021/09/19
 0.0000000   3.0000000    0.0000   3813.248 0.026    3.1   -0.6 -3.39 0.088  40   3 11:00:35     44426.45800    0.0000  2021/09/19
 0.0000000   3.0000000    0.0000   3813.248 0.017    3.0   -0.6 -3.39 0.088  40   0 11:01:19     44426.45851    0.0000  2021/09/19
 0.0000000   3.0000000    0.0000   3813.241 0.019    3.1   -0.6 -3.39 0.088  40   8 11:02:03     44426.45902    0.0000  2021/09/19
 0.0000000   4.0000000    0.0000   3792.263 0.016   -2.1    0.6 -3.35 0.091  40   0 11:13:24     44426.46689    0.0000  2021/09/19
 0.0000000   4.0000000    0.0000   3792.258 0.019   -4.5    1.1 -3.34 0.091  40  23 11:14:12     44426.46745    0.0000  2021/09/19
 0.0000000   4.0000000    0.0000   3792.260 0.027   -5.7    2.1 -3.33 0.091  40   0 11:14:56     44426.46795    0.0000  2021/09/19
 0.0000000   4.0000000    0.0000   3792.261 0.028   -7.0    2.8 -3.33 0.092  40   0 11:15:40     44426.46846    0.0000  2021/09/19
 0.0000000   4.0000000    0.0000   3792.260 0.027   -9.2    3.4 -3.33 0.092  40   0 11:16:24     44426.46897    0.0000  2021/09/19
 0.0000000   4.0000000    0.0000   3792.259 0.025  -10.1    4.0 -3.34 0.092  40   0 11:17:08     44426.46948    0.0000  2021/09/19
 0.0000000   3.0000000    0.0000   3813.248 0.012   -0.4    3.7 -3.33 0.094  40   1 11:29:23     44426.47797    0.0000  2021/09/19
 0.0000000   3.0000000    0.0000   3813.247 0.011    0.0    3.4 -3.33 0.094  40   0 11:30:11     44426.47853    0.0000  2021/09/19
 0.0000000   3.0000000    0.0000   3813.246 0.017    0.5    3.3 -3.34 0.094  40   0 11:30:55     44426.47904    0.0000  2021/09/19
 0.0000000   3.0000000    0.0000   3813.245 0.011    0.9    3.2 -3.34 0.094  40   0 11:31:39     44426.47954    0.0000  2021/09/19
 0.0000000   3.0000000    0.0000   3813.246 0.014    1.4    3.0 -3.35 0.094  40   0 11:32:23     44426.48005    0.0000  2021/09/19
 0.0000000   4.0000000    0.0000   3792.259 0.012   -5.3    5.5 -3.39 0.095  40   0 11:46:39     44426.48994    0.0000  2021/09/19
 0.0000000   4.0000000    0.0000   3792.258 0.014   -6.1    6.0 -3.39 0.095  40   0 11:47:27     44426.49050    0.0000  2021/09/19
 0.0000000   4.0000000    0.0000   3792.257 0.014   -7.1    6.2 -3.39 0.095  40   0 11:48:11     44426.49101    0.0000  2021/09/19
 0.0000000   4.0000000    0.0000   3792.255 0.011   -9.0    6.8 -3.40 0.095  40   0 11:48:55     44426.49152    0.0000  2021/09/19
 0.0000000   4.0000000    0.0000   3792.256 0.012   -9.7    7.0 -3.41 0.095  40   1 11:49:39     44426.49202    0.0000  2021/09/19
 0.0000000   4.4000001    0.0000   3774.138 0.012    3.1    4.2 -3.20 0.091  40   0 12:31:36     44426.52111    0.0000  2021/09/19
 0.0000000   4.4000001    0.0000   3774.135 0.011    3.3    4.0 -3.21 0.091  40   0 12:32:24     44426.52166    0.0000  2021/09/19
 0.0000000   4.4000001    0.0000   3774.136 0.014    3.5    4.1 -3.23 0.091  40   1 12:33:08     44426.52217    0.0000  2021/09/19
 0.0000000   4.4000001    0.0000   3774.134 0.022    3.9    4.0 -3.25 0.091  40   1 12:33:52     44426.52268    0.0000  2021/09/19
 0.0000000   4.4000001    0.0000   3774.133 0.012    3.9    4.0 -3.27 0.091  40   0 12:34:36     44426.52319    0.0000  2021/09/19
 0.0000000   4.0000000    0.0000   3792.261 0.013    1.4    6.4 -3.43 0.087  40   0 12:50:20     44426.53410    0.0000  2021/09/19
 0.0000000   4.0000000    0.0000   3792.262 0.017    1.2    7.4 -3.43 0.087  40   0 12:51:08     44426.53465    0.0000  2021/09/19
 0.0000000   4.0000000    0.0000   3792.261 0.015    0.8    7.9 -3.44 0.086  40   0 12:51:52     44426.53516    0.0000  2021/09/19
 0.0000000   4.0000000    0.0000   3792.262 0.018    0.6    8.3 -3.45 0.086  40   0 12:52:36     44426.53567    0.0000  2021/09/19
 0.0000000   4.0000000    0.0000   3792.259 0.021    0.4    8.7 -3.45 0.086  40   0 12:53:20     44426.53618    0.0000  2021/09/19
 0.0000000   5.0000000    0.0000   3774.116 0.024    1.4   -2.1 -3.43 0.078  40   0 13:15:28     44426.55152    0.0000  2021/09/19
 0.0000000   5.0000000    0.0000   3774.117 0.014    1.7   -2.0 -3.44 0.077  40   0 13:16:16     44426.55208    0.0000  2021/09/19
 0.0000000   5.0000000    0.0000   3774.117 0.013    2.2   -1.8 -3.45 0.077  40   0 13:17:00     44426.55259    0.0000  2021/09/19
 0.0000000   5.0000000    0.0000   3774.117 0.014    2.3   -1.7 -3.46 0.076  40   0 13:17:44     44426.55310    0.0000  2021/09/19
 0.0000000   5.0000000    0.0000   3774.117 0.013    2.3   -1.5 -3.47 0.076  40   0 13:18:28     44426.55360    0.0000  2021/09/19
 0.0000000   6.0000000    0.0000   3754.068 0.020    0.5    1.2 -3.40 0.068  40   0 13:34:59     44426.56506    0.0000  2021/09/19
 0.0000000   6.0000000    0.0000   3754.064 0.022    0.6    1.0 -3.40 0.068  40   0 13:35:47     44426.56561    0.0000  2021/09/19
 0.0000000   6.0000000    0.0000   3754.064 0.020    0.5    0.9 -3.41 0.068  40   0 13:36:31     44426.56612    0.0000  2021/09/19
 0.0000000   6.0000000    0.0000   3754.067 0.018    0.5    0.9 -3.42 0.067  40   0 13:37:15     44426.56663    0.0000  2021/09/19
 0.0000000   6.0000000    0.0000   3754.066 0.018    0.4    1.0 -3.43 0.067  40   0 13:37:59     44426.56714    0.0000  2021/09/19
 0.0000000   5.0000000    0.0000   3774.125 0.032    3.0   -1.7 -3.36 0.057  40   0 13:55:15     44426.57911    0.0000  2021/09/19
 0.0000000   5.0000000    0.0000   3774.125 0.037    3.1   -1.9 -3.36 0.057  40   0 13:56:03     44426.57966    0.0000  2021/09/19
 0.0000000   5.0000000    0.0000   3774.123 0.038    3.3   -2.1 -3.36 0.056  40   0 13:56:47     44426.58017    0.0000  2021/09/19
 0.0000000   5.0000000    0.0000   3774.124 0.048    3.4   -2.1 -3.37 0.056  40   0 13:57:31     44426.58068    0.0000  2021/09/19
 0.0000000   5.0000000    0.0000   3774.124 0.055    3.5   -2.1 -3.37 0.056  40   0 13:58:15     44426.58119    0.0000  2021/09/19
 0.0000000   6.0000000    0.0000   3754.071 0.033    1.7    2.6 -3.36 0.044  40   0 14:16:42     44426.59398    0.0000  2021/09/19
 0.0000000   6.0000000    0.0000   3754.066 0.027    1.8    2.6 -3.37 0.044  40   0 14:17:30     44426.59453    0.0000  2021/09/19
 0.0000000   6.0000000    0.0000   3754.066 0.024    1.8    2.4 -3.38 0.043  40   0 14:18:14     44426.59504    0.0000  2021/09/19
 0.0000000   6.0000000    0.0000   3754.066 0.018    2.0    2.3 -3.39 0.042  40   0 14:18:58     44426.59555    0.0000  2021/09/19
 0.0000000   6.0000000    0.0000   3754.064 0.016    1.8    2.3 -3.40 0.042  40   0 14:19:42     44426.59606    0.0000  2021/09/19
 0.0000000   5.0000000    0.0000   3774.129 0.019    3.1   -5.3 -3.20 0.015  40   0 14:57:41     44426.62239    0.0000  2021/09/19
 0.0000000   5.0000000    0.0000   3774.129 0.017    3.5   -5.5 -3.21 0.015  40   0 14:58:29     44426.62295    0.0000  2021/09/19
 0.0000000   5.0000000    0.0000   3774.126 0.018    3.7   -5.8 -3.22 0.015  40   0 14:59:13     44426.62346    0.0000  2021/09/19
 0.0000000   5.0000000    0.0000   3774.126 0.019    3.7   -5.9 -3.24 0.014  40   0 14:59:57     44426.62397    0.0000  2021/09/19
 0.0000000   5.0000000    0.0000   3774.127 0.021    3.9   -6.0 -3.25 0.013  40   1 15:00:41     44426.62447    0.0000  2021/09/19
 0.0000000   4.0000000    0.0000   3792.253 0.016    1.5    1.6 -3.36 0.002  40   0 15:16:31     44426.63545    0.0000  2021/09/19
 0.0000000   4.0000000    0.0000   3792.254 0.016    1.5    1.8 -3.37 0.002  40   0 15:17:19     44426.63601    0.0000  2021/09/19
 0.0000000   4.0000000    0.0000   3792.252 0.018    1.5    2.2 -3.38 0.001  40   0 15:18:03     44426.63651    0.0000  2021/09/19
 0.0000000   4.0000000    0.0000   3792.252 0.019    1.7    2.5 -3.39 0.000  40   0 15:18:47     44426.63702    0.0000  2021/09/19
 0.0000000   4.0000000    0.0000   3792.251 0.018    2.2    2.8 -3.40 0.000  40   0 15:19:31     44426.63753    0.0000  2021/09/19
 0.0000000   5.0000000    0.0000   3774.126 0.017    1.2    2.5 -3.39 -0.010  40   1 15:34:30     44426.64792    0.0000  2021/09/19
 0.0000000   5.0000000    0.0000   3774.125 0.017    1.2    2.4 -3.40 -0.010  40   0 15:35:18     44426.64847    0.0000  2021/09/19
 0.0000000   5.0000000    0.0000   3774.123 0.015    1.5    2.1 -3.41 -0.011  40   0 15:36:02     44426.64898    0.0000  2021/09/19
 0.0000000   5.0000000    0.0000   3774.122 0.017    1.1    1.8 -3.42 -0.012  40   0 15:36:46     44426.64949    0.0000  2021/09/19
 0.0000000   5.0000000    0.0000   3774.123 0.015    1.0    1.6 -3.43 -0.012  40   0 15:37:30     44426.65000    0.0000  2021/09/19
 0.0000000   4.0000000    0.0000   3792.258 0.013    0.6   -0.3 -3.43 -0.024  40   0 15:53:37     44426.66117    0.0000  2021/09/19
 0.0000000   4.0000000    0.0000   3792.259 0.015    0.8   -0.3 -3.43 -0.024  40   0 15:54:25     44426.66173    0.0000  2021/09/19
 0.0000000   4.0000000    0.0000   3792.256 0.016    1.2   -0.2 -3.44 -0.025  40   0 15:55:09     44426.66224    0.0000  2021/09/19
 0.0000000   4.0000000    0.0000   3792.257 0.020    1.5    0.2 -3.44 -0.025  40   0 15:55:53     44426.66275    0.0000  2021/09/19
 0.0000000   4.0000000    0.0000   3792.258 0.020    1.2    0.5 -3.45 -0.025  40   0 15:56:37     44426.66325    0.0000  2021/09/19
 0.0000000   3.0000000    0.0000   3813.246 0.018    0.5   -0.5 -3.40 -0.035  40   0 16:09:38     44426.67228    0.0000  2021/09/19
 0.0000000   3.0000000    0.0000   3813.246 0.018    0.6   -1.1 -3.40 -0.035  40   0 16:10:26     44426.67283    0.0000  2021/09/19
 0.0000000   3.0000000    0.0000   3813.246 0.026    0.8   -1.6 -3.41 -0.035  40   0 16:11:10     44426.67334    0.0000  2021/09/19
 0.0000000   3.0000000    0.0000   3813.244 0.024    0.8   -2.2 -3.41 -0.036  40   0 16:11:54     44426.67385    0.0000  2021/09/19
 0.0000000   3.0000000    0.0000   3813.245 0.020    0.6   -2.5 -3.42 -0.036  40   0 16:12:38     44426.67436    0.0000  2021/09/19
 0.0000000   4.0000000    0.0000   3792.262 0.016    3.4   -4.7 -3.41 -0.044  40   1 16:25:18     44426.68314    0.0000  2021/09/19
 0.0000000   4.0000000    0.0000   3792.261 0.015    3.9   -4.4 -3.41 -0.045  40   0 16:26:06     44426.68370    0.0000  2021/09/19
 0.0000000   4.0000000    0.0000   3792.261 0.017    3.8   -4.3 -3.41 -0.046  40   0 16:26:50     44426.68420    0.0000  2021/09/19
 0.0000000   4.0000000    0.0000   3792.259 0.015    3.8   -3.6 -3.41 -0.046  40   0 16:27:34     44426.68471    0.0000  2021/09/19
 0.0000000   4.0000000    0.0000   3792.258 0.014    3.5   -3.5 -3.42 -0.046  40   0 16:28:18     44426.68522    0.0000  2021/09/19
 0.0000000   3.0000000    0.0000   3813.245 0.012    3.7   -1.1 -3.41 -0.055  40   0 16:43:10     44426.69553    0.0000  2021/09/19
 0.0000000   3.0000000    0.0000   3813.244 0.010    3.5   -1.5 -3.42 -0.056  40   0 16:43:58     44426.69608    0.0000  2021/09/19
 0.0000000   3.0000000    0.0000   3813.244 0.010    2.9   -1.6 -3.42 -0.056  40   0 16:44:42     44426.69659    0.0000  2021/09/19
 0.0000000   3.0000000    0.0000   3813.244 0.010    2.9   -2.2 -3.43 -0.056  40   0 16:45:26     44426.69710    0.0000  2021/09/19
 0.0000000   3.0000000    0.0000   3813.243 0.009    2.9   -2.6 -3.44 -0.057  40   0 16:46:10     44426.69761    0.0000  2021/09/19
 0.0000000   2.0999999    0.0000   3824.982 0.014   -2.5   -0.1 -3.45 -0.062  40   1 16:56:10     44426.70454    0.0000  2021/09/19
 0.0000000   2.0999999    0.0000   3824.981 0.012   -2.7   -0.4 -3.44 -0.063  40   2 16:56:58     44426.70510    0.0000  2021/09/19
 0.0000000   2.0999999    0.0000   3824.981 0.009   -2.6   -0.7 -3.44 -0.063  40   0 16:57:42     44426.70561    0.0000  2021/09/19
 0.0000000   2.0999999    0.0000   3824.980 0.013   -2.8   -1.0 -3.44 -0.063  40   0 16:58:26     44426.70611    0.0000  2021/09/19
 0.0000000   2.0999999    0.0000   3824.981 0.012   -2.8   -1.5 -3.44 -0.064  40   0 16:59:10     44426.70662    0.0000  2021/09/19
 0.0000000   3.0000000    0.0000   3813.250 0.016    2.9    1.7 -3.41 -0.069  40   0 17:10:16     44426.71432    0.0000  2021/09/19
 0.0000000   3.0000000    0.0000   3813.250 0.015    3.7    1.8 -3.41 -0.070  40   3 17:11:04     44426.71487    0.0000  2021/09/19
 0.0000000   3.0000000    0.0000   3813.249 0.015    4.3    2.4 -3.41 -0.070  40   0 17:11:48     44426.71538    0.0000  2021/09/19
 0.0000000   3.0000000    0.0000   3813.248 0.020    4.8    2.6 -3.42 -0.070  40   2 17:12:32     44426.71589    0.0000  2021/09/19
 0.0000000   3.0000000    0.0000   3813.247 0.013    5.2    2.9 -3.43 -0.071  40   0 17:13:16     44426.71640    0.0000  2021/09/19
 0.0000000   2.0999999    0.0000   3824.989 0.019   -2.9    2.2 -3.40 -0.075  40   0 17:24:19     44426.72406    0.0000  2021/09/19
 0.0000000   2.0999999    0.0000   3824.984 0.024   -2.9    1.9 -3.40 -0.076  40   1 17:25:07     44426.72461    0.0000  2021/09/19
 0.0000000   2.0999999    0.0000   3824.985 0.021   -3.2    1.4 -3.40 -0.076  40   0 17:25:51     44426.72512    0.0000  2021/09/19
 0.0000000   2.0999999    0.0000   3824.985 0.025   -3.2    0.8 -3.40 -0.076  40   0 17:26:35     44426.72563    0.0000  2021/09/19
 0.0000000   2.0999999    0.0000   3824.984 0.030   -3.0    0.8 -3.40 -0.077  40   4 17:27:19     44426.72614    0.0000  2021/09/19
 0.0000000   2.0999999    0.0000   3824.981 0.039   -3.5    0.4 -3.41 -0.077  40   0 17:28:03     44426.72665    0.0000  2021/09/19
 0.0000000   2.0000000    0.0000   3836.886 0.017   -0.4    3.8 -3.39 -0.081  40   0 17:39:51     44426.73483    0.0000  2021/09/19
 0.0000000   2.0000000    0.0000   3836.884 0.027   -0.2    3.5 -3.39 -0.082  40   0 17:40:39     44426.73538    0.0000  2021/09/19
 0.0000000   2.0000000    0.0000   3836.883 0.030    0.0    3.4 -3.39 -0.082  40   0 17:41:23     44426.73589    0.0000  2021/09/19
 0.0000000   2.0000000    0.0000   3836.886 0.031   -0.1    3.5 -3.39 -0.082  40   0 17:42:07     44426.73640    0.0000  2021/09/19
 0.0000000   2.0000000    0.0000   3836.885 0.033   -0.1    3.5 -3.39 -0.082  40   0 17:42:51     44426.73691    0.0000  2021/09/19
 0.0000000   2.0999999    0.0000   3824.994 0.021   -2.1   -1.7 -3.39 -0.086  40   0 17:54:48     44426.74519    0.0000  2021/09/19
 0.0000000   2.0999999    0.0000   3824.991 0.014   -2.0   -2.1 -3.39 -0.086  40   0 17:55:36     44426.74575    0.0000  2021/09/19
 0.0000000   2.0999999    0.0000   3824.990 0.015   -2.0   -2.6 -3.39 -0.086  40   3 17:56:20     44426.74626    0.0000  2021/09/19
 0.0000000   2.0999999    0.0000   3824.990 0.023   -2.1   -2.5 -3.39 -0.086  40   0 17:57:04     44426.74677    0.0000  2021/09/19
 0.0000000   2.0999999    0.0000   3824.986 0.024   -1.9   -3.0 -3.39 -0.086  40   0 17:57:48     44426.74727    0.0000  2021/09/19
 0.0000000   2.0000000    0.0000   3836.886 0.011   -2.6    4.2 -3.39 -0.089  40   3 18:09:22     44426.75529    0.0000  2021/09/19
 0.0000000   2.0000000    0.0000   3836.885 0.009   -2.5    4.1 -3.39 -0.089  40   0 18:10:10     44426.75585    0.0000  2021/09/19
 0.0000000   2.0000000    0.0000   3836.883 0.010   -2.4    3.9 -3.39 -0.089  40   5 18:10:54     44426.75636    0.0000  2021/09/19
 0.0000000   2.0000000    0.0000   3836.884 0.008   -2.3    3.8 -3.39 -0.089  40   0 18:11:38     44426.75687    0.0000  2021/09/19
 0.0000000   2.0000000    0.0000   3836.884 0.009   -2.9    3.8 -3.39 -0.089  40   0 18:12:22     44426.75737    0.0000  2021/09/19
 0.0000000  10.0000000    0.0000   3835.369 0.010   -0.5   -1.6 -3.31 -0.092  40   0 18:32:33     44426.77137    0.0000  2021/09/19
 0.0000000  10.0000000    0.0000   3835.412 0.016    5.8    2.4 -3.36 -0.092  40   3 18:37:20     44426.77468    0.0000  2021/09/19
 0.0000000  10.0000000    0.0000   3835.408 0.017    6.2    2.4 -3.37 -0.092  40   0 18:38:08     44426.77524    0.0000  2021/09/19
 0.0000000  10.0000000    0.0000   3835.406 0.013    6.4    2.4 -3.38 -0.092  40   0 18:38:52     44426.77575    0.0000  2021/09/19
 0.0000000  10.0000000    0.0000   3835.405 0.016    6.5    2.3 -3.39 -0.092  40   1 18:39:36     44426.77626    0.0000  2021/09/19
 0.0000000  10.0000000    0.0000   3835.404 0.020    6.3    2.3 -3.40 -0.092  40   0 18:40:20     44426.77676    0.0000  2021/09/19
 0.0000000  10.0000000    0.0000   3835.399 0.016    6.4    2.3 -3.41 -0.092  40   0 18:41:04     44426.77727    0.0000  2021/09/19
 0.0000000  10.0000000    0.0000   3835.400 0.017    6.2    2.3 -3.42 -0.092  40   5 18:41:48     44426.77778    0.0000  2021/09/19
 0.063   ,0   ,0.000   ,-39490956824691081000.000,   0.000,-23297,43774,   0.000,   0.000,0.000   ,0.000   ,-517543591936.000,-0.876  