
/	CG-5 SURVEY
/	Survey name:   	pbz
/	Instrument S/N:	40823
/	Client:        	geoken
/	Operator:      	ggg
/	Date:          	2021/ 9/20
/	Time:          	08:01:56
/	LONG:        	77.1000000 E
/	LAT:         	43.7000000 N
/	ZONE:        	43      
/	GMT DIFF.:   	-6.0

/	CG-5 SETUP PARAMETERS
/	Gref:			0.000   
/	Gcal1:		8505.171
/	TiltxS:		627.565 
/	TiltyS:		624.755 
/	TiltxO:		7.325   
/	TiltyO:		18.835  
/	Tempco:		-0.134  
/	Drift:		-0.002  
/	DriftTime Start:	08:01:58
/	DriftDate Start:	2021/09/20

/	CG-5 OPTIONS
/	Tide Correction:    YES
/	Cont. Tilt:         YES
/	Auto Rejection:     YES
/	Terrain Corr.:       NO
/	Seismic Filter:     YES
/	Raw Data:            NO
Line	   0.000S
/------LINE-----STATION-----ALT.------GRAV.---SD.--TILTX--TILTY-TEMP---TIDE---DUR-REJ-----TIME----DEC.TIME+DATE--TERRAIN---DATE
 0.0000000  10.0000000    0.0000   3835.360 0.014    1.0    1.0 -3.58 -0.047  40   0 08:02:29     44427.33452    0.0000  2021/09/20
 0.0000000  10.0000000    0.0000   3835.360 0.008    1.1    1.0 -3.58 -0.047  40   0 08:03:17     44427.33508    0.0000  2021/09/20
 0.0000000  10.0000000    0.0000   3835.360 0.008    1.0    0.9 -3.58 -0.046  40   0 08:04:01     44427.33558    0.0000  2021/09/20
 0.0000000  10.0000000    0.0000   3835.359 0.009    1.0    0.8 -3.57 -0.045  40   0 08:04:45     44427.33609    0.0000  2021/09/20
 0.0000000  10.0000000    0.0000   3835.360 0.008    1.0    0.8 -3.57 -0.045  40   0 08:05:29     44427.33660    0.0000  2021/09/20
 0.0000000   2.0000000    0.0000   3836.878 0.008    2.2   -4.1 -3.36 -0.036  40   0 08:19:44     44427.34648    0.0000  2021/09/20
 0.0000000   2.0000000    0.0000   3836.877 0.009    2.8   -4.0 -3.36 -0.036  40   0 08:20:32     44427.34704    0.0000  2021/09/20
 0.0000000   2.0000000    0.0000   3836.875 0.009    3.2   -4.7 -3.36 -0.036  40   0 08:21:16     44427.34754    0.0000  2021/09/20
 0.0000000   2.0000000    0.0000   3836.875 0.009    3.4   -4.9 -3.37 -0.035  40   0 08:22:00     44427.34805    0.0000  2021/09/20
 0.0000000   2.0000000    0.0000   3836.875 0.009    3.5   -4.9 -3.37 -0.035  40   0 08:22:44     44427.34856    0.0000  2021/09/20
 0.0000000   2.0000000    0.0000   3836.875 0.008    4.6   -4.6 -3.38 -0.035  40   0 08:23:28     44427.34907    0.0000  2021/09/20
 0.0000000   1.0000000    0.0000   3854.978 0.012    1.4    0.3 -3.27 -0.020  40   1 08:46:28     44427.36502    0.0000  2021/09/20
 0.0000000   1.0000000    0.0000   3854.979 0.011    1.8   -0.4 -3.27 -0.019  40   0 08:47:16     44427.36557    0.0000  2021/09/20
 0.0000000   1.0000000    0.0000   3854.979 0.009    1.8   -1.0 -3.28 -0.018  40   0 08:48:00     44427.36608    0.0000  2021/09/20
 0.0000000   1.0000000    0.0000   3854.977 0.008    2.1   -1.6 -3.29 -0.018  40   0 08:48:44     44427.36659    0.0000  2021/09/20
 0.0000000   1.0000000    0.0000   3854.976 0.011    2.0   -1.8 -3.30 -0.018  40   0 08:49:28     44427.36710    0.0000  2021/09/20
 0.0000000   2.0000000    0.0000   3836.885 0.008    3.3   -3.6 -3.11 -0.001  40   0 09:13:54     44427.38404    0.0000  2021/09/20
 0.0000000   2.0000000    0.0000   3836.884 0.007    3.4   -4.2 -3.13 0.000  40   0 09:14:42     44427.38459    0.0000  2021/09/20
 0.0000000   2.0000000    0.0000   3836.882 0.008    3.5   -4.4 -3.15 0.000  40   0 09:15:26     44427.38510    0.0000  2021/09/20
 0.0000000   2.0000000    0.0000   3836.882 0.008    3.4   -4.3 -3.16 0.000  40   0 09:16:10     44427.38561    0.0000  2021/09/20
 0.0000000   2.0000000    0.0000   3836.882 0.007    3.0   -4.3 -3.19 0.000  40   0 09:16:54     44427.38612    0.0000  2021/09/20
 0.0000000   1.0000000    0.0000   3854.971 0.011   -3.0    2.0 -3.29 0.012  40   0 09:35:02     44427.39869    0.0000  2021/09/20
 0.0000000   1.0000000    0.0000   3854.970 0.011   -2.2    2.1 -3.30 0.013  40   0 09:35:50     44427.39924    0.0000  2021/09/20
 0.0000000   1.0000000    0.0000   3854.970 0.009   -2.5    1.7 -3.31 0.013  40   0 09:36:34     44427.39975    0.0000  2021/09/20
 0.0000000   1.0000000    0.0000   3854.970 0.010   -2.4    1.3 -3.32 0.013  40   0 09:37:18     44427.40026    0.0000  2021/09/20
 0.0000000   1.0000000    0.0000   3854.971 0.011   -2.6    0.9 -3.33 0.014  40   1 09:38:02     44427.40077    0.0000  2021/09/20
 0.0000000   2.0000000    0.0000   3836.884 0.016   -2.3    5.3 -3.23 0.026  40   0 09:57:20     44427.41415    0.0000  2021/09/20
 0.0000000   2.0000000    0.0000   3836.884 0.017   -2.2    5.1 -3.24 0.027  40   0 09:58:08     44427.41471    0.0000  2021/09/20
 0.0000000   2.0000000    0.0000   3836.883 0.016   -2.0    5.1 -3.26 0.027  40   0 09:58:52     44427.41521    0.0000  2021/09/20
 0.0000000   2.0000000    0.0000   3836.882 0.017   -1.7    4.9 -3.27 0.027  40   0 09:59:36     44427.41572    0.0000  2021/09/20
 0.0000000   2.0000000    0.0000   3836.881 0.023   -1.7    4.5 -3.28 0.028  40   0 10:00:20     44427.41623    0.0000  2021/09/20
 0.0000000   2.0999999    0.0000   3824.977 0.022    5.5   -0.2 -3.33 0.037  40   0 10:13:54     44427.42564    0.0000  2021/09/20
 0.0000000   2.0999999    0.0000   3824.978 0.017    5.8   -0.4 -3.34 0.037  40   0 10:14:42     44427.42619    0.0000  2021/09/20
 0.0000000   2.0999999    0.0000   3824.976 0.013    5.9   -0.5 -3.34 0.037  40   0 10:15:26     44427.42670    0.0000  2021/09/20
 0.0000000   2.0999999    0.0000   3824.976 0.013    5.9   -0.5 -3.35 0.038  40   0 10:16:10     44427.42721    0.0000  2021/09/20
 0.0000000   2.0999999    0.0000   3824.978 0.015    5.9   -0.7 -3.35 0.038  40   0 10:16:54     44427.42772    0.0000  2021/09/20
 0.0000000   2.0000000    0.0000   3836.881 0.008   -1.2    3.9 -3.40 0.046  40   7 10:29:57     44427.43677    0.0000  2021/09/20
 0.0000000   2.0000000    0.0000   3836.882 0.008   -1.1    3.6 -3.40 0.046  40   0 10:30:45     44427.43732    0.0000  2021/09/20
 0.0000000   2.0000000    0.0000   3836.881 0.007   -0.8    3.5 -3.40 0.046  40   0 10:31:29     44427.43783    0.0000  2021/09/20
 0.0000000   2.0000000    0.0000   3836.879 0.013   -0.9    3.2 -3.41 0.047  40   4 10:32:13     44427.43834    0.0000  2021/09/20
 0.0000000   2.0000000    0.0000   3836.879 0.009   -1.1    3.4 -3.41 0.047  40   0 10:32:57     44427.43885    0.0000  2021/09/20
 0.0000000   2.0999999    0.0000   3824.963 0.066    0.9   -5.1 -3.35 0.057  40   0 10:51:51     44427.45195    0.0000  2021/09/20
 0.0000000   2.0999999    0.0000   3824.969 0.025    1.1   -5.3 -3.36 0.057  40   0 10:52:39     44427.45250    0.0000  2021/09/20
 0.0000000   2.0999999    0.0000   3824.970 0.027    1.3   -5.4 -3.36 0.057  40   0 10:53:23     44427.45301    0.0000  2021/09/20
 0.0000000   2.0999999    0.0000   3824.967 0.031    1.7   -5.6 -3.37 0.058  40   0 10:54:07     44427.45352    0.0000  2021/09/20
 0.0000000   2.0999999    0.0000   3824.968 0.026    1.8   -5.7 -3.38 0.058  40   0 10:54:51     44427.45403    0.0000  2021/09/20
 0.0000000   3.0000000    0.0000   3813.238 0.020    1.1   -2.5 -3.35 0.064  40   0 11:07:31     44427.46281    0.0000  2021/09/20
 0.0000000   3.0000000    0.0000   3813.237 0.018    1.1   -2.5 -3.35 0.064  40   1 11:08:19     44427.46337    0.0000  2021/09/20
 0.0000000   3.0000000    0.0000   3813.237 0.015    1.0   -2.4 -3.35 0.064  40   0 11:09:03     44427.46387    0.0000  2021/09/20
 0.0000000   3.0000000    0.0000   3813.237 0.026    1.0   -2.4 -3.36 0.065  40   0 11:09:47     44427.46438    0.0000  2021/09/20
 0.0000000   3.0000000    0.0000   3813.232 0.026    0.9   -2.3 -3.37 0.065  40   1 11:10:31     44427.46489    0.0000  2021/09/20
 0.0000000   3.0000000    0.0000   3813.236 0.024    0.9   -2.3 -3.38 0.065  40   0 11:11:15     44427.46540    0.0000  2021/09/20
 0.0000000   2.0999999    0.0000   3824.973 0.026    1.9   -1.1 -3.37 0.069  40   0 11:22:30     44427.47320    0.0000  2021/09/20
 0.0000000   2.0999999    0.0000   3824.971 0.023    1.8   -1.2 -3.37 0.069  40   0 11:23:18     44427.47375    0.0000  2021/09/20
 0.0000000   2.0999999    0.0000   3824.973 0.025    1.3   -0.9 -3.38 0.070  40   0 11:24:02     44427.47426    0.0000  2021/09/20
 0.0000000   2.0999999    0.0000   3824.971 0.020    1.9   -1.3 -3.38 0.070  40   0 11:24:46     44427.47477    0.0000  2021/09/20
 0.0000000   2.0999999    0.0000   3824.971 0.015    1.7   -1.6 -3.39 0.070  40   0 11:25:30     44427.47528    0.0000  2021/09/20
 0.0000000   3.0000000    0.0000   3813.238 0.041    3.7   -0.1 -3.39 0.074  40   1 11:38:33     44427.48433    0.0000  2021/09/20
 0.0000000   3.0000000    0.0000   3813.239 0.029    3.9   -0.3 -3.39 0.074  40   1 11:39:21     44427.48488    0.0000  2021/09/20
 0.0000000   3.0000000    0.0000   3813.237 0.024    3.8   -0.3 -3.39 0.074  40   0 11:40:05     44427.48539    0.0000  2021/09/20
 0.0000000   3.0000000    0.0000   3813.237 0.027    3.6   -0.6 -3.40 0.075  40   0 11:40:49     44427.48590    0.0000  2021/09/20
 0.0000000   3.0000000    0.0000   3813.237 0.019    3.5   -0.4 -3.41 0.075  40   0 11:41:33     44427.48641    0.0000  2021/09/20
 0.0000000   4.0000000    0.0000   3792.252 0.024    5.3    0.7 -3.37 0.078  40   0 11:58:30     44427.49816    0.0000  2021/09/20
 0.0000000   4.0000000    0.0000   3792.251 0.026    6.2    2.0 -3.38 0.078  40   0 11:59:18     44427.49871    0.0000  2021/09/20
 0.0000000   4.0000000    0.0000   3792.253 0.022    7.3    3.0 -3.39 0.078  40   0 12:00:02     44427.49922    0.0000  2021/09/20
 0.0000000   4.0000000    0.0000   3792.252 0.018    8.0    3.9 -3.40 0.079  40   0 12:00:46     44427.49973    0.0000  2021/09/20
 0.0000000   4.0000000    0.0000   3792.253 0.023    8.3    4.8 -3.41 0.079  40   0 12:01:30     44427.50024    0.0000  2021/09/20
 0.0000000   3.0000000    0.0000   3813.237 0.011    1.6    2.7 -3.41 0.080  40   6 12:15:16     44427.50978    0.0000  2021/09/20
 0.0000000   3.0000000    0.0000   3813.237 0.014    1.7    2.5 -3.41 0.080  40   0 12:16:04     44427.51034    0.0000  2021/09/20
 0.0000000   3.0000000    0.0000   3813.237 0.014    1.5    1.7 -3.42 0.080  40   5 12:16:48     44427.51085    0.0000  2021/09/20
 0.0000000   3.0000000    0.0000   3813.237 0.015    2.4    1.7 -3.43 0.080  40   0 12:17:32     44427.51136    0.0000  2021/09/20
 0.0000000   3.0000000    0.0000   3813.237 0.013    2.3    1.2 -3.43 0.080  40   0 12:18:16     44427.51186    0.0000  2021/09/20
 0.0000000   3.0000000    0.0000   3813.234 0.012    2.3    0.4 -3.45 0.080  40   0 12:19:00     44427.51237    0.0000  2021/09/20
 0.0000000   4.0000000    0.0000   3792.248 0.026    3.4    2.2 -3.43 0.080  40   0 12:32:22     44427.52164    0.0000  2021/09/20
 0.0000000   4.0000000    0.0000   3792.247 0.027    2.9    1.9 -3.43 0.080  40   0 12:33:10     44427.52220    0.0000  2021/09/20
 0.0000000   4.0000000    0.0000   3792.247 0.030    3.5    2.5 -3.43 0.080  40   0 12:33:54     44427.52270    0.0000  2021/09/20
 0.0000000   4.0000000    0.0000   3792.248 0.034    2.9    2.4 -3.44 0.080  40   0 12:34:38     44427.52321    0.0000  2021/09/20
 0.0000000   4.0000000    0.0000   3792.247 0.029    3.2    2.1 -3.44 0.080  40   0 12:35:22     44427.52372    0.0000  2021/09/20
 0.0000000   5.0000000    0.0000   3774.128 0.028   -2.1   -1.5 -3.13 0.070  40   0 13:27:34     44427.55991    0.0000  2021/09/20
 0.0000000   5.0000000    0.0000   3774.128 0.023   -1.7   -1.8 -3.15 0.070  40   0 13:28:22     44427.56047    0.0000  2021/09/20
 0.0000000   5.0000000    0.0000   3774.126 0.027   -1.5   -2.1 -3.17 0.070  40   0 13:29:06     44427.56098    0.0000  2021/09/20
 0.0000000   5.0000000    0.0000   3774.125 0.027   -1.4   -2.3 -3.19 0.069  40   0 13:29:50     44427.56148    0.0000  2021/09/20
 0.0000000   5.0000000    0.0000   3774.124 0.032   -1.8   -1.8 -3.21 0.069  40   0 13:30:34     44427.56199    0.0000  2021/09/20
 0.0000000   4.0000000    0.0000   3792.260 0.033    1.1    1.1 -3.31 0.063  40   0 13:45:39     44427.57245    0.0000  2021/09/20
 0.0000000   4.0000000    0.0000   3792.260 0.028    0.5    0.5 -3.32 0.063  40   0 13:46:27     44427.57301    0.0000  2021/09/20
 0.0000000   4.0000000    0.0000   3792.259 0.022   -0.2    0.0 -3.33 0.063  40   0 13:47:11     44427.57351    0.0000  2021/09/20
 0.0000000   4.0000000    0.0000   3792.257 0.020   -1.7    0.2 -3.34 0.063  40   0 13:47:55     44427.57402    0.0000  2021/09/20
 0.0000000   4.0000000    0.0000   3792.255 0.018   -2.8   -0.4 -3.35 0.062  40   1 13:48:39     44427.57453    0.0000  2021/09/20
 0.0000000   4.0000000    0.0000   3792.256 0.020   -3.8   -0.9 -3.36 0.062  40   0 13:49:23     44427.57504    0.0000  2021/09/20
 0.0000000   5.0000000    0.0000   3774.118 0.043   -0.8   -4.2 -3.37 0.054  40   1 14:05:41     44427.58634    0.0000  2021/09/20
 0.0000000   5.0000000    0.0000   3774.120 0.022   -0.7   -4.5 -3.38 0.054  40   0 14:06:29     44427.58690    0.0000  2021/09/20
 0.0000000   5.0000000    0.0000   3774.121 0.020   -0.3   -4.8 -3.39 0.054  40   1 14:07:13     44427.58740    0.0000  2021/09/20
 0.0000000   5.0000000    0.0000   3774.120 0.033   -0.7   -5.1 -3.40 0.053  40   1 14:07:57     44427.58791    0.0000  2021/09/20
 0.0000000   5.0000000    0.0000   3774.119 0.032   -0.6   -5.3 -3.41 0.053  40   0 14:08:41     44427.58842    0.0000  2021/09/20
 0.0000000   6.0000000    0.0000   3754.061 0.036    4.0    0.3 -3.41 0.042  40   0 14:29:27     44427.60282    0.0000  2021/09/20
 0.0000000   6.0000000    0.0000   3754.062 0.033    4.1    0.0 -3.42 0.042  40   3 14:30:15     44427.60337    0.0000  2021/09/20
 0.0000000   6.0000000    0.0000   3754.062 0.035    3.9   -0.2 -3.43 0.041  40   0 14:30:59     44427.60388    0.0000  2021/09/20
 0.0000000   6.0000000    0.0000   3754.061 0.035    3.5   -0.4 -3.44 0.040  40   0 14:31:43     44427.60439    0.0000  2021/09/20
 0.0000000   6.0000000    0.0000   3754.063 0.044    3.5   -0.4 -3.45 0.040  40   0 14:32:27     44427.60490    0.0000  2021/09/20
 0.0000000   5.0000000    0.0000   3774.121 0.022    4.4   -1.8 -3.36 0.031  40   0 14:48:32     44427.61605    0.0000  2021/09/20
 0.0000000   5.0000000    0.0000   3774.121 0.020    4.6   -1.9 -3.36 0.030  40   0 14:49:20     44427.61660    0.0000  2021/09/20
 0.0000000   5.0000000    0.0000   3774.122 0.028    5.0   -2.1 -3.36 0.029  40   0 14:50:04     44427.61711    0.0000  2021/09/20
 0.0000000   5.0000000    0.0000   3774.122 0.028    5.3   -2.0 -3.37 0.029  40   0 14:50:48     44427.61762    0.0000  2021/09/20
 0.0000000   5.0000000    0.0000   3774.122 0.038    5.4   -2.1 -3.38 0.029  40   0 14:51:32     44427.61813    0.0000  2021/09/20
 0.0000000   6.0000000    0.0000   3754.069 0.042    1.8   -1.0 -3.28 0.018  40   0 15:07:58     44427.62952    0.0000  2021/09/20
 0.0000000   6.0000000    0.0000   3754.064 0.032    2.1   -1.3 -3.28 0.017  40   0 15:08:46     44427.63008    0.0000  2021/09/20
 0.0000000   6.0000000    0.0000   3754.067 0.041    2.0   -1.6 -3.29 0.017  40   1 15:09:30     44427.63059    0.0000  2021/09/20
 0.0000000   6.0000000    0.0000   3754.063 0.031    1.7   -1.5 -3.29 0.017  40   0 15:10:14     44427.63110    0.0000  2021/09/20
 0.0000000   6.0000000    0.0000   3754.064 0.026    1.7   -1.6 -3.30 0.016  40   0 15:10:58     44427.63160    0.0000  2021/09/20
 0.0000000   5.0000000    0.0000   3774.128 0.017   -0.5   -0.9 -3.31 0.002  40   0 15:32:12     44427.64633    0.0000  2021/09/20
 0.0000000   5.0000000    0.0000   3774.128 0.018    0.1   -1.2 -3.32 0.001  40   0 15:33:00     44427.64688    0.0000  2021/09/20
 0.0000000   5.0000000    0.0000   3774.125 0.022   -0.1   -1.1 -3.33 0.000  40   0 15:33:44     44427.64739    0.0000  2021/09/20
 0.0000000   5.0000000    0.0000   3774.126 0.021   -0.2   -1.1 -3.34 0.000  40   0 15:34:28     44427.64790    0.0000  2021/09/20
 0.0000000   5.0000000    0.0000   3774.125 0.016   -0.3   -1.0 -3.36 0.000  40   0 15:35:12     44427.64841    0.0000  2021/09/20
 0.0000000   4.0000000    0.0000   3792.255 0.023    3.9    0.2 -3.36 -0.011  40   0 15:52:13     44427.66020    0.0000  2021/09/20
 0.0000000   4.0000000    0.0000   3792.254 0.020    4.6    1.2 -3.37 -0.012  40   0 15:53:01     44427.66076    0.0000  2021/09/20
 0.0000000   4.0000000    0.0000   3792.254 0.023    4.2    1.6 -3.38 -0.012  40   1 15:53:45     44427.66127    0.0000  2021/09/20
 0.0000000   4.0000000    0.0000   3792.255 0.028    4.6    2.3 -3.39 -0.012  40   0 15:54:29     44427.66178    0.0000  2021/09/20
 0.0000000   4.0000000    0.0000   3792.254 0.033    5.9    2.5 -3.40 -0.013  40   0 15:55:13     44427.66228    0.0000  2021/09/20
 0.0000000   5.0000000    0.0000   3774.121 0.024   -1.7   -0.3 -3.37 -0.025  40   0 16:12:43     44427.67442    0.0000  2021/09/20
 0.0000000   5.0000000    0.0000   3774.122 0.022   -1.5   -0.1 -3.38 -0.025  40   0 16:13:31     44427.67497    0.0000  2021/09/20
 0.0000000   5.0000000    0.0000   3774.121 0.031   -1.9   -0.2 -3.40 -0.026  40   0 16:14:15     44427.67548    0.0000  2021/09/20
 0.0000000   5.0000000    0.0000   3774.122 0.040   -1.9   -0.5 -3.41 -0.027  40   0 16:14:59     44427.67599    0.0000  2021/09/20
 0.0000000   5.0000000    0.0000   3774.119 0.034   -2.4   -0.9 -3.42 -0.027  40   0 16:15:43     44427.67650    0.0000  2021/09/20
 0.0000000   4.0000000    0.0000   3792.252 0.033    0.0    2.2 -3.41 -0.038  40   0 16:32:43     44427.68828    0.0000  2021/09/20
 0.0000000   4.0000000    0.0000   3792.255 0.023    0.1    2.8 -3.42 -0.038  40   0 16:33:31     44427.68884    0.0000  2021/09/20
 0.0000000   4.0000000    0.0000   3792.252 0.023    0.6    2.9 -3.43 -0.039  40   0 16:34:15     44427.68935    0.0000  2021/09/20
 0.0000000   4.0000000    0.0000   3792.250 0.022    1.0    3.1 -3.44 -0.040  40   0 16:34:59     44427.68986    0.0000  2021/09/20
 0.0000000   4.0000000    0.0000   3792.251 0.018    0.6    3.6 -3.45 -0.040  40   0 16:35:43     44427.69036    0.0000  2021/09/20
 0.0000000   4.0000000    0.0000   3792.253 0.021    0.9    3.9 -3.46 -0.040  40   3 16:36:27     44427.69087    0.0000  2021/09/20
 0.0000000   3.0000000    0.0000   3813.239 0.015   -1.2   -2.4 -3.38 -0.049  40   0 16:50:12     44427.70041    0.0000  2021/09/20
 0.0000000   3.0000000    0.0000   3813.238 0.016   -1.1   -2.6 -3.39 -0.049  40   1 16:51:00     44427.70096    0.0000  2021/09/20
 0.0000000   3.0000000    0.0000   3813.237 0.015   -1.2   -2.9 -3.39 -0.050  40   0 16:51:44     44427.70147    0.0000  2021/09/20
 0.0000000   3.0000000    0.0000   3813.240 0.029   -1.5   -3.0 -3.39 -0.050  40   0 16:52:28     44427.70198    0.0000  2021/09/20
 0.0000000   3.0000000    0.0000   3813.237 0.031   -1.6   -3.2 -3.40 -0.050  40   0 16:53:12     44427.70249    0.0000  2021/09/20
 0.0000000   4.0000000    0.0000   3792.255 0.024   -2.5   -3.8 -3.37 -0.059  40   0 17:09:34     44427.71383    0.0000  2021/09/20
 0.0000000   4.0000000    0.0000   3792.254 0.019   -2.6   -3.5 -3.38 -0.060  40   0 17:10:22     44427.71439    0.0000  2021/09/20
 0.0000000   4.0000000    0.0000   3792.254 0.022   -2.4   -3.7 -3.39 -0.060  40   0 17:11:06     44427.71490    0.0000  2021/09/20
 0.0000000   4.0000000    0.0000   3792.253 0.017   -2.6   -3.5 -3.40 -0.061  40   0 17:11:50     44427.71540    0.0000  2021/09/20
 0.0000000   4.0000000    0.0000   3792.253 0.022   -3.2   -3.3 -3.41 -0.061  40   0 17:12:34     44427.71591    0.0000  2021/09/20
 0.0000000   3.0000000    0.0000   3813.239 0.014   -1.1    0.0 -3.34 -0.068  40   0 17:25:57     44427.72519    0.0000  2021/09/20
 0.0000000   3.0000000    0.0000   3813.237 0.014   -2.0   -0.5 -3.34 -0.068  40   0 17:26:45     44427.72575    0.0000  2021/09/20
 0.0000000   3.0000000    0.0000   3813.238 0.014   -2.5   -0.8 -3.34 -0.068  40   0 17:27:29     44427.72626    0.0000  2021/09/20
 0.0000000   3.0000000    0.0000   3813.238 0.013   -2.2   -0.7 -3.35 -0.068  40   0 17:28:13     44427.72676    0.0000  2021/09/20
 0.0000000   3.0000000    0.0000   3813.236 0.017   -0.5    0.0 -3.35 -0.069  40   0 17:28:57     44427.72727    0.0000  2021/09/20
 0.0000000   2.0999999    0.0000   3824.972 0.012   -2.2    0.7 -3.39 -0.072  40   0 17:37:24     44427.73313    0.0000  2021/09/20
 0.0000000   2.0999999    0.0000   3824.973 0.021   -2.2    0.7 -3.39 -0.073  40   1 17:38:12     44427.73369    0.0000  2021/09/20
 0.0000000   2.0999999    0.0000   3824.974 0.034   -2.2    0.4 -3.39 -0.073  40   0 17:38:56     44427.73419    0.0000  2021/09/20
 0.0000000   2.0999999    0.0000   3824.971 0.102   -2.4    0.0 -3.38 -0.074  40   0 17:39:40     44427.73470    0.0000  2021/09/20
 0.0000000   2.0999999    0.0000   3824.971 0.021   -2.4   -0.3 -3.39 -0.074  40   0 17:40:24     44427.73521    0.0000  2021/09/20
 0.0000000   3.0000000    0.0000   3813.239 0.017    3.9   -0.1 -3.39 -0.077  40   1 17:49:26     44427.74147    0.0000  2021/09/20
 0.0000000   3.0000000    0.0000   3813.240 0.015    4.6   -0.2 -3.39 -0.077  40   0 17:50:14     44427.74203    0.0000  2021/09/20
 0.0000000   3.0000000    0.0000   3813.240 0.018    4.8   -0.2 -3.38 -0.078  40   0 17:50:58     44427.74254    0.0000  2021/09/20
 0.0000000   3.0000000    0.0000   3813.239 0.025    4.2   -0.3 -3.38 -0.078  40   0 17:51:42     44427.74305    0.0000  2021/09/20
 0.0000000   3.0000000    0.0000   3813.237 0.020    3.5   -0.8 -3.38 -0.078  40   0 17:52:26     44427.74355    0.0000  2021/09/20
 0.0000000   2.0999999    0.0000   3824.974 0.029    0.6   -0.3 -3.40 -0.082  40   0 18:03:11     44427.75101    0.0000  2021/09/20
 0.0000000   2.0999999    0.0000   3824.974 0.020    0.8   -0.7 -3.39 -0.082  40   0 18:03:59     44427.75156    0.0000  2021/09/20
 0.0000000   2.0999999    0.0000   3824.973 0.023    0.7   -0.9 -3.39 -0.082  40   1 18:04:43     44427.75207    0.0000  2021/09/20
 0.0000000   2.0999999    0.0000   3824.972 0.015    0.7   -1.3 -3.39 -0.082  40   0 18:05:27     44427.75258    0.0000  2021/09/20
 0.0000000   2.0999999    0.0000   3824.965 0.018    0.7   -1.5 -3.39 -0.082  40   0 18:06:11     44427.75309    0.0000  2021/09/20
 0.0000000   2.0999999    0.0000   3824.971 0.017    0.8   -1.8 -3.39 -0.083  40   0 18:06:55     44427.75360    0.0000  2021/09/20
 0.0000000   2.0000000    0.0000   3836.876 0.008    1.0   -1.7 -3.38 -0.086  40   0 18:19:59     44427.76266    0.0000  2021/09/20
 0.0000000   2.0000000    0.0000   3836.877 0.009    1.2   -1.8 -3.38 -0.086  40   1 18:20:47     44427.76321    0.0000  2021/09/20
 0.0000000   2.0000000    0.0000   3836.875 0.007    1.3   -2.1 -3.39 -0.086  40   0 18:21:31     44427.76372    0.0000  2021/09/20
 0.0000000   2.0000000    0.0000   3836.875 0.008    1.2   -2.1 -3.40 -0.086  40   0 18:22:15     44427.76423    0.0000  2021/09/20
 0.0000000   2.0000000    0.0000   3836.873 0.007    1.2   -2.1 -3.40 -0.086  40   0 18:22:59     44427.76474    0.0000  2021/09/20
 0.0000000   2.0999999    0.0000   3824.981 0.012    0.9   -2.8 -3.35 -0.088  40   0 18:33:30     44427.77203    0.0000  2021/09/20
 0.0000000   2.0999999    0.0000   3824.979 0.016    1.1   -3.0 -3.34 -0.088  40   2 18:34:18     44427.77258    0.0000  2021/09/20
 0.0000000   2.0999999    0.0000   3824.978 0.009    1.1   -3.4 -3.33 -0.088  40   0 18:35:02     44427.77309    0.0000  2021/09/20
 0.0000000   2.0999999    0.0000   3824.979 0.011    1.3   -3.6 -3.33 -0.088  40   0 18:35:46     44427.77360    0.0000  2021/09/20
 0.0000000   2.0999999    0.0000   3824.978 0.010    1.4   -3.7 -3.33 -0.088  40   0 18:36:30     44427.77411    0.0000  2021/09/20
 0.0000000   2.0000000    0.0000   3836.881 0.010   -1.7    3.3 -3.37 -0.090  40   0 18:47:17     44427.78158    0.0000  2021/09/20
 0.0000000   2.0000000    0.0000   3836.880 0.010   -1.6    3.0 -3.37 -0.090  40   2 18:48:05     44427.78214    0.0000  2021/09/20
 0.0000000   2.0000000    0.0000   3836.882 0.009   -1.5    3.0 -3.37 -0.090  40   0 18:48:49     44427.78265    0.0000  2021/09/20
 0.0000000   2.0000000    0.0000   3836.880 0.007   -1.6    2.9 -3.37 -0.090  40   2 18:49:33     44427.78315    0.0000  2021/09/20
 0.0000000   2.0000000    0.0000   3836.879 0.016   -1.3    3.0 -3.38 -0.090  40   7 18:50:17     44427.78366    0.0000  2021/09/20
 0.0000000   2.0000000    0.0000   3836.879 0.010    2.4    7.9 -3.38 -0.090  17   8 18:51:02     44427.78418    0.0000  2021/09/20
 0.0000000  10.0000000    0.0000   3835.363 0.008   -2.9    4.8 -3.44 -0.089  40   0 19:21:00     44427.80496    0.0000  2021/09/20
 0.0000000  10.0000000    0.0000   3835.362 0.010   -3.0    4.8 -3.44 -0.089  40   0 19:21:48     44427.80551    0.0000  2021/09/20
 0.0000000  10.0000000    0.0000   3835.361 0.011   -3.0    4.9 -3.44 -0.089  40   0 19:22:32     44427.80602    0.0000  2021/09/20
 0.0000000  10.0000000    0.0000   3835.361 0.009   -3.0    5.0 -3.44 -0.089  40   0 19:23:16     44427.80653    0.0000  2021/09/20
 0.0000000  10.0000000    0.0000   3835.360 0.009   -3.1    5.1 -3.45 -0.088  40   0 19:24:00     44427.80704    0.0000  2021/09/20
 -294224667255741870000.000,0   ,0.000   ,    -0.000,   0.000,-22273,43006,   0.000,   0.000,0.000   ,0.000   ,-517543591936.000,-0.876  