
/	CG-5 SURVEY
/	Survey name:   	pbz
/	Instrument S/N:	40824
/	Client:        	geoken
/	Operator:      	geoken
/	Date:          	2021/ 9/20
/	Time:          	08:00:08
/	LONG:        	77.1000000 E
/	LAT:         	43.7000000 N
/	ZONE:        	43      
/	GMT DIFF.:   	-6.0

/	CG-5 SETUP PARAMETERS
/	Gref:			0.000   
/	Gcal1:		8400.551
/	TiltxS:		614.256 
/	TiltyS:		662.421 
/	TiltxO:		-89.230 
/	TiltyO:		72.402  
/	Tempco:		-0.130  
/	Drift:		0.655   
/	DriftTime Start:	08:00:10
/	DriftDate Start:	2021/09/20

/	CG-5 OPTIONS
/	Tide Correction:    YES
/	Cont. Tilt:         YES
/	Auto Rejection:     YES
/	Terrain Corr.:       NO
/	Seismic Filter:     YES
/	Raw Data:            NO
Line	   0.000S
/------LINE-----STATION-----ALT.------GRAV.---SD.--TILTX--TILTY-TEMP---TIDE---DUR-REJ-----TIME----DEC.TIME+DATE--TERRAIN---DATE
 0.0000000  10.0000000    0.0000   5397.871 0.022   -4.6   -1.5 -2.08 -0.047  40   0 08:02:29     44427.33452    0.0000  2021/09/20
 0.0000000  10.0000000    0.0000   5397.869 0.013   -4.7   -1.5 -2.08 -0.047  40   0 08:03:17     44427.33508    0.0000  2021/09/20
 0.0000000  10.0000000    0.0000   5397.870 0.011   -4.7   -1.6 -2.08 -0.046  40   0 08:04:01     44427.33558    0.0000  2021/09/20
 0.0000000  10.0000000    0.0000   5397.870 0.014   -4.8   -1.6 -2.08 -0.045  40   0 08:04:45     44427.33609    0.0000  2021/09/20
 0.0000000  10.0000000    0.0000   5397.870 0.010   -4.7   -1.7 -2.08 -0.045  40   0 08:05:29     44427.33660    0.0000  2021/09/20
 0.0000000   2.0000000    0.0000   5399.386 0.013    2.9    1.8 -1.93 -0.036  40   0 08:19:37     44427.34640    0.0000  2021/09/20
 0.0000000   2.0000000    0.0000   5399.384 0.014    3.3    1.4 -1.93 -0.036  40   0 08:20:25     44427.34696    0.0000  2021/09/20
 0.0000000   2.0000000    0.0000   5399.384 0.013    3.5    1.3 -1.93 -0.036  40   0 08:21:09     44427.34746    0.0000  2021/09/20
 0.0000000   2.0000000    0.0000   5399.385 0.012    3.8    1.2 -1.94 -0.035  40   1 08:21:53     44427.34797    0.0000  2021/09/20
 0.0000000   2.0000000    0.0000   5399.384 0.014    3.8    0.8 -1.94 -0.035  40   0 08:22:37     44427.34848    0.0000  2021/09/20
 0.0000000   1.0000000    0.0000   5417.479 0.016    2.7   -1.4 -1.88 -0.020  40   0 08:46:21     44427.36494    0.0000  2021/09/20
 0.0000000   1.0000000    0.0000   5417.479 0.014    2.6   -2.0 -1.89 -0.019  40   0 08:47:09     44427.36549    0.0000  2021/09/20
 0.0000000   1.0000000    0.0000   5417.479 0.014    2.5   -2.5 -1.90 -0.018  40   0 08:47:53     44427.36600    0.0000  2021/09/20
 0.0000000   1.0000000    0.0000   5417.479 0.012    2.2   -3.0 -1.91 -0.018  40   0 08:48:37     44427.36651    0.0000  2021/09/20
 0.0000000   1.0000000    0.0000   5417.478 0.014    2.1   -3.5 -1.92 -0.018  40   0 08:49:21     44427.36702    0.0000  2021/09/20
 0.0000000   2.0000000    0.0000   5399.383 0.011    2.6    2.1 -1.82 -0.001  40   2 09:13:46     44427.38394    0.0000  2021/09/20
 0.0000000   2.0000000    0.0000   5399.379 0.009    2.9    1.9 -1.82 -0.001  40   0 09:14:34     44427.38450    0.0000  2021/09/20
 0.0000000   2.0000000    0.0000   5399.378 0.009    3.2    1.7 -1.84 0.000  40   0 09:15:18     44427.38501    0.0000  2021/09/20
 0.0000000   2.0000000    0.0000   5399.380 0.010    3.0    1.7 -1.85 0.000  40   0 09:16:02     44427.38552    0.0000  2021/09/20
 0.0000000   2.0000000    0.0000   5399.381 0.010    3.0    1.6 -1.86 0.000  40   0 09:16:46     44427.38602    0.0000  2021/09/20
 0.0000000   1.0000000    0.0000   5417.479 0.016    4.5   -1.5 -1.90 0.012  40   0 09:34:57     44427.39863    0.0000  2021/09/20
 0.0000000   1.0000000    0.0000   5417.479 0.014    4.9   -1.5 -1.91 0.013  40   0 09:35:45     44427.39919    0.0000  2021/09/20
 0.0000000   1.0000000    0.0000   5417.479 0.014    4.9   -1.9 -1.91 0.013  40   0 09:36:29     44427.39970    0.0000  2021/09/20
 0.0000000   1.0000000    0.0000   5417.477 0.013    4.6   -2.2 -1.92 0.013  40   0 09:37:13     44427.40020    0.0000  2021/09/20
 0.0000000   1.0000000    0.0000   5417.479 0.014    4.5   -2.1 -1.92 0.014  40   0 09:37:57     44427.40071    0.0000  2021/09/20
 0.0000000   2.0000000    0.0000   5399.381 0.027   -1.3    0.8 -1.85 0.026  40   0 09:57:12     44427.41406    0.0000  2021/09/20
 0.0000000   2.0000000    0.0000   5399.381 0.029   -1.1    0.5 -1.85 0.027  40   0 09:58:00     44427.41461    0.0000  2021/09/20
 0.0000000   2.0000000    0.0000   5399.380 0.026   -0.7    0.4 -1.86 0.027  40   0 09:58:44     44427.41512    0.0000  2021/09/20
 0.0000000   2.0000000    0.0000   5399.383 0.029   -0.8    0.1 -1.87 0.027  40   1 09:59:28     44427.41563    0.0000  2021/09/20
 0.0000000   2.0000000    0.0000   5399.380 0.041   -0.7    0.0 -1.88 0.028  40   0 10:00:12     44427.41614    0.0000  2021/09/20
 0.0000000   2.0999999    0.0000   5387.480 0.037    2.6   -1.1 -1.90 0.037  40   1 10:13:47     44427.42556    0.0000  2021/09/20
 0.0000000   2.0999999    0.0000   5387.478 0.027    2.6   -1.5 -1.90 0.037  40   0 10:14:35     44427.42611    0.0000  2021/09/20
 0.0000000   2.0999999    0.0000   5387.479 0.021    2.7   -1.6 -1.90 0.037  40   0 10:15:19     44427.42662    0.0000  2021/09/20
 0.0000000   2.0999999    0.0000   5387.479 0.022    2.6   -1.9 -1.90 0.038  40   0 10:16:03     44427.42713    0.0000  2021/09/20
 0.0000000   2.0999999    0.0000   5387.479 0.024    2.7   -1.8 -1.90 0.038  40   0 10:16:47     44427.42764    0.0000  2021/09/20
 0.0000000   2.0000000    0.0000   5399.377 0.010    0.1   -3.5 -1.94 0.046  40   4 10:29:49     44427.43667    0.0000  2021/09/20
 0.0000000   2.0000000    0.0000   5399.377 0.013    0.1   -3.7 -1.93 0.046  40   0 10:30:37     44427.43723    0.0000  2021/09/20
 0.0000000   2.0000000    0.0000   5399.378 0.010    0.1   -3.9 -1.93 0.046  40   0 10:31:21     44427.43774    0.0000  2021/09/20
 0.0000000   2.0000000    0.0000   5399.377 0.022    0.2   -3.9 -1.93 0.047  40   8 10:32:05     44427.43824    0.0000  2021/09/20
 0.0000000   2.0000000    0.0000   5399.377 0.012    0.0   -3.9 -1.94 0.047  40   1 10:32:49     44427.43875    0.0000  2021/09/20
 0.0000000   2.0999999    0.0000   5387.463 0.117    0.4   -1.5 -1.85 0.057  40   0 10:51:42     44427.45185    0.0000  2021/09/20
 0.0000000   2.0999999    0.0000   5387.481 0.043    0.7   -1.8 -1.85 0.057  40   0 10:52:30     44427.45240    0.0000  2021/09/20
 0.0000000   2.0999999    0.0000   5387.481 0.044    0.9   -1.9 -1.86 0.057  40   0 10:53:14     44427.45291    0.0000  2021/09/20
 0.0000000   2.0999999    0.0000   5387.480 0.053    1.1   -2.2 -1.86 0.058  40   0 10:53:58     44427.45342    0.0000  2021/09/20
 0.0000000   2.0999999    0.0000   5387.483 0.049    1.0   -2.1 -1.88 0.058  40   1 10:54:42     44427.45393    0.0000  2021/09/20
 0.0000000   3.0000000    0.0000   5375.749 0.030    4.1    2.8 -1.90 0.064  40   0 11:07:24     44427.46273    0.0000  2021/09/20
 0.0000000   3.0000000    0.0000   5375.745 0.028    4.4    2.7 -1.90 0.064  40   1 11:08:12     44427.46329    0.0000  2021/09/20
 0.0000000   3.0000000    0.0000   5375.748 0.022    4.4    2.5 -1.90 0.064  40   0 11:08:56     44427.46379    0.0000  2021/09/20
 0.0000000   3.0000000    0.0000   5375.745 0.046    4.5    2.2 -1.91 0.065  40   6 11:09:40     44427.46430    0.0000  2021/09/20
 0.0000000   3.0000000    0.0000   5375.747 0.045    4.6    2.1 -1.91 0.065  40   1 11:10:24     44427.46481    0.0000  2021/09/20
 0.0000000   3.0000000    0.0000   5375.747 0.039    4.5    2.1 -1.92 0.065  40   0 11:11:08     44427.46532    0.0000  2021/09/20
 0.0000000   2.0999999    0.0000   5387.483 0.044   -3.0    0.5 -1.99 0.069  40   0 11:22:23     44427.47312    0.0000  2021/09/20
 0.0000000   2.0999999    0.0000   5387.481 0.036   -3.0    0.3 -1.99 0.069  40   0 11:23:11     44427.47367    0.0000  2021/09/20
 0.0000000   2.0999999    0.0000   5387.481 0.042   -2.9    0.3 -1.99 0.070  40   0 11:23:55     44427.47418    0.0000  2021/09/20
 0.0000000   2.0999999    0.0000   5387.481 0.032   -2.9    0.0 -1.99 0.070  40   0 11:24:39     44427.47469    0.0000  2021/09/20
 0.0000000   2.0999999    0.0000   5387.480 0.024   -3.1    0.0 -1.99 0.070  40   0 11:25:23     44427.47520    0.0000  2021/09/20
 0.0000000   3.0000000    0.0000   5375.743 0.065    1.1   -1.7 -1.93 0.074  40   0 11:38:26     44427.48425    0.0000  2021/09/20
 0.0000000   3.0000000    0.0000   5375.745 0.047    1.3   -2.0 -1.93 0.074  40   1 11:39:14     44427.48480    0.0000  2021/09/20
 0.0000000   3.0000000    0.0000   5375.746 0.040    1.2   -1.9 -1.94 0.074  40   0 11:39:58     44427.48531    0.0000  2021/09/20
 0.0000000   3.0000000    0.0000   5375.741 0.044    1.1   -1.9 -1.94 0.075  40   0 11:40:42     44427.48582    0.0000  2021/09/20
 0.0000000   3.0000000    0.0000   5375.744 0.030    1.1   -1.9 -1.94 0.075  40   0 11:41:26     44427.48633    0.0000  2021/09/20
 0.0000000   4.0000000    0.0000   5354.753 0.040   -1.1    1.3 -1.96 0.078  40   0 11:58:21     44427.49806    0.0000  2021/09/20
 0.0000000   4.0000000    0.0000   5354.754 0.041    1.3    0.9 -1.96 0.078  40   0 11:59:09     44427.49861    0.0000  2021/09/20
 0.0000000   4.0000000    0.0000   5354.754 0.035    4.9    0.0 -1.97 0.078  40   0 11:59:53     44427.49912    0.0000  2021/09/20
 0.0000000   4.0000000    0.0000   5354.756 0.028    7.4    0.0 -1.98 0.078  40   0 12:00:37     44427.49963    0.0000  2021/09/20
 0.0000000   4.0000000    0.0000   5354.754 0.038    9.1   -0.4 -1.98 0.079  40   0 12:01:21     44427.50014    0.0000  2021/09/20
 0.0000000   3.0000000    0.0000   5375.744 0.015    3.0    4.5 -2.01 0.080  40   4 12:15:08     44427.50969    0.0000  2021/09/20
 0.0000000   3.0000000    0.0000   5375.746 0.022    3.1    4.5 -2.01 0.080  40   0 12:15:56     44427.51025    0.0000  2021/09/20
 0.0000000   3.0000000    0.0000   5375.744 0.023    2.8    5.1 -2.01 0.080  40   5 12:16:40     44427.51076    0.0000  2021/09/20
 0.0000000   3.0000000    0.0000   5375.745 0.025    2.9    4.3 -2.01 0.080  40   0 12:17:24     44427.51126    0.0000  2021/09/20
 0.0000000   3.0000000    0.0000   5375.745 0.021    2.8    4.2 -2.02 0.080  40   0 12:18:08     44427.51177    0.0000  2021/09/20
 0.0000000   4.0000000    0.0000   5354.758 0.041    1.3   -0.7 -2.01 0.080  40   0 12:32:14     44427.52155    0.0000  2021/09/20
 0.0000000   4.0000000    0.0000   5354.758 0.044    0.9   -0.9 -2.00 0.080  40   0 12:33:02     44427.52210    0.0000  2021/09/20
 0.0000000   4.0000000    0.0000   5354.759 0.050    2.0   -0.9 -2.00 0.080  40   0 12:33:46     44427.52261    0.0000  2021/09/20
 0.0000000   4.0000000    0.0000   5354.758 0.055    1.2   -0.9 -2.00 0.080  40   0 12:34:30     44427.52312    0.0000  2021/09/20
 0.0000000   4.0000000    0.0000   5354.757 0.047    0.0   -1.0 -2.00 0.080  40   0 12:35:14     44427.52363    0.0000  2021/09/20
 0.0000000   5.0000000    0.0000   5336.593 0.044    4.2    0.1 -1.83 0.070  40   0 13:27:26     44427.55982    0.0000  2021/09/20
 0.0000000   5.0000000    0.0000   5336.596 0.037    4.6   -0.6 -1.83 0.070  40   0 13:28:14     44427.56038    0.0000  2021/09/20
 0.0000000   5.0000000    0.0000   5336.595 0.044    4.7   -0.8 -1.84 0.070  40   0 13:28:58     44427.56088    0.0000  2021/09/20
 0.0000000   5.0000000    0.0000   5336.595 0.045    4.7   -0.8 -1.85 0.069  40   0 13:29:42     44427.56139    0.0000  2021/09/20
 0.0000000   5.0000000    0.0000   5336.594 0.052    5.5   -1.2 -1.87 0.069  40   0 13:30:26     44427.56190    0.0000  2021/09/20
 0.0000000   4.0000000    0.0000   5354.731 0.055    2.4   -1.3 -1.93 0.064  40   0 13:45:31     44427.57236    0.0000  2021/09/20
 0.0000000   4.0000000    0.0000   5354.737 0.045    2.0   -1.6 -1.94 0.063  40   0 13:46:19     44427.57291    0.0000  2021/09/20
 0.0000000   4.0000000    0.0000   5354.735 0.035    1.6   -1.7 -1.95 0.063  40   0 13:47:03     44427.57342    0.0000  2021/09/20
 0.0000000   4.0000000    0.0000   5354.736 0.033    0.7   -1.7 -1.95 0.063  40   0 13:47:47     44427.57393    0.0000  2021/09/20
 0.0000000   4.0000000    0.0000   5354.734 0.029   -0.2   -2.0 -1.96 0.063  40   1 13:48:31     44427.57444    0.0000  2021/09/20
 0.0000000   4.0000000    0.0000   5354.736 0.033   -1.2   -1.7 -1.97 0.062  40   0 13:49:15     44427.57495    0.0000  2021/09/20
 0.0000000   5.0000000    0.0000   5336.594 0.069   -3.5   -3.8 -1.97 0.055  40   1 14:05:32     44427.58624    0.0000  2021/09/20
 0.0000000   5.0000000    0.0000   5336.600 0.034   -3.5   -4.0 -1.97 0.054  40   0 14:06:20     44427.58679    0.0000  2021/09/20
 0.0000000   5.0000000    0.0000   5336.601 0.031   -3.1   -4.5 -1.98 0.054  40   0 14:07:04     44427.58730    0.0000  2021/09/20
 0.0000000   5.0000000    0.0000   5336.600 0.055   -3.5   -4.1 -1.99 0.053  40   0 14:07:48     44427.58781    0.0000  2021/09/20
 0.0000000   5.0000000    0.0000   5336.601 0.050   -3.4   -4.4 -2.00 0.053  40   0 14:08:32     44427.58832    0.0000  2021/09/20
 0.0000000   6.0000000    0.0000   5316.549 0.060   -2.4   -0.1 -1.99 0.042  40   0 14:29:19     44427.60273    0.0000  2021/09/20
 0.0000000   6.0000000    0.0000   5316.542 0.054   -2.6   -0.2 -2.00 0.042  40   3 14:30:07     44427.60328    0.0000  2021/09/20
 0.0000000   6.0000000    0.0000   5316.550 0.056   -2.6   -0.2 -2.00 0.041  40   0 14:30:51     44427.60379    0.0000  2021/09/20
 0.0000000   6.0000000    0.0000   5316.551 0.057   -2.7    0.0 -2.01 0.041  40   0 14:31:35     44427.60430    0.0000  2021/09/20
 0.0000000   6.0000000    0.0000   5316.551 0.073   -2.7   -0.1 -2.01 0.040  40   0 14:32:19     44427.60481    0.0000  2021/09/20
 0.0000000   5.0000000    0.0000   5336.602 0.035   -6.1   -6.9 -1.95 0.031  40   0 14:48:25     44427.61597    0.0000  2021/09/20
 0.0000000   5.0000000    0.0000   5336.600 0.032   -6.5   -6.9 -1.95 0.030  40   0 14:49:13     44427.61652    0.0000  2021/09/20
 0.0000000   5.0000000    0.0000   5336.600 0.043   -8.1   -6.7 -1.95 0.029  40   0 14:49:57     44427.61703    0.0000  2021/09/20
 0.0000000   5.0000000    0.0000   5336.600 0.044   -8.7   -6.5 -1.96 0.029  40   0 14:50:41     44427.61754    0.0000  2021/09/20
 0.0000000   5.0000000    0.0000   5336.602 0.060  -10.0   -6.4 -1.96 0.029  40   0 14:51:25     44427.61805    0.0000  2021/09/20
 0.0000000   6.0000000    0.0000   5316.551 0.071    1.2   -3.6 -1.95 0.018  40   0 15:07:50     44427.62943    0.0000  2021/09/20
 0.0000000   6.0000000    0.0000   5316.551 0.054    1.8   -3.9 -1.95 0.018  40   0 15:08:38     44427.62999    0.0000  2021/09/20
 0.0000000   6.0000000    0.0000   5316.547 0.070    2.0   -3.6 -1.96 0.017  40   1 15:09:22     44427.63049    0.0000  2021/09/20
 0.0000000   6.0000000    0.0000   5316.549 0.049    2.4   -3.2 -1.96 0.017  40   0 15:10:06     44427.63100    0.0000  2021/09/20
 0.0000000   6.0000000    0.0000   5316.550 0.042    2.5   -3.1 -1.97 0.016  40   0 15:10:50     44427.63151    0.0000  2021/09/20
 0.0000000   5.0000000    0.0000   5336.606 0.026    3.7   -5.1 -1.93 0.002  40   0 15:32:04     44427.64623    0.0000  2021/09/20
 0.0000000   5.0000000    0.0000   5336.604 0.030    3.3   -5.4 -1.93 0.001  40   0 15:32:52     44427.64679    0.0000  2021/09/20
 0.0000000   5.0000000    0.0000   5336.605 0.034    3.5   -5.4 -1.94 0.001  40   0 15:33:36     44427.64730    0.0000  2021/09/20
 0.0000000   5.0000000    0.0000   5336.607 0.033    3.4   -5.6 -1.95 0.000  40   0 15:34:20     44427.64780    0.0000  2021/09/20
 0.0000000   5.0000000    0.0000   5336.606 0.026    3.2   -5.5 -1.96 0.000  40   0 15:35:04     44427.64831    0.0000  2021/09/20
 0.0000000   4.0000000    0.0000   5354.743 0.036   -3.1   -3.9 -1.96 -0.011  40   0 15:52:04     44427.66010    0.0000  2021/09/20
 0.0000000   4.0000000    0.0000   5354.740 0.033   -4.1   -4.2 -1.97 -0.012  40   0 15:52:52     44427.66065    0.0000  2021/09/20
 0.0000000   4.0000000    0.0000   5354.742 0.040   -4.1   -4.1 -1.97 -0.012  40   1 15:53:36     44427.66116    0.0000  2021/09/20
 0.0000000   4.0000000    0.0000   5354.742 0.042   -4.5   -4.6 -1.98 -0.012  40   0 15:54:20     44427.66167    0.0000  2021/09/20
 0.0000000   4.0000000    0.0000   5354.741 0.057   -4.0   -5.5 -1.99 -0.013  40   0 15:55:04     44427.66218    0.0000  2021/09/20
 0.0000000   5.0000000    0.0000   5336.611 0.038    2.7    3.6 -2.00 -0.025  40   0 16:12:36     44427.67434    0.0000  2021/09/20
 0.0000000   5.0000000    0.0000   5336.611 0.037    2.7    3.5 -2.01 -0.025  40   0 16:13:24     44427.67489    0.0000  2021/09/20
 0.0000000   5.0000000    0.0000   5336.610 0.048    2.8    3.4 -2.02 -0.026  40   0 16:14:08     44427.67540    0.0000  2021/09/20
 0.0000000   5.0000000    0.0000   5336.611 0.067    2.8    3.6 -2.02 -0.027  40   0 16:14:52     44427.67591    0.0000  2021/09/20
 0.0000000   5.0000000    0.0000   5336.611 0.053    2.8    3.5 -2.03 -0.027  40   0 16:15:36     44427.67642    0.0000  2021/09/20
 0.0000000   4.0000000    0.0000   5354.745 0.055   -1.4   -2.3 -1.96 -0.038  40   0 16:32:35     44427.68819    0.0000  2021/09/20
 0.0000000   4.0000000    0.0000   5354.746 0.038   -1.8   -3.1 -1.97 -0.038  40   0 16:33:23     44427.68875    0.0000  2021/09/20
 0.0000000   4.0000000    0.0000   5354.746 0.036   -2.6   -3.9 -1.97 -0.039  40   0 16:34:07     44427.68925    0.0000  2021/09/20
 0.0000000   4.0000000    0.0000   5354.745 0.035   -2.7   -4.4 -1.98 -0.040  40   0 16:34:51     44427.68976    0.0000  2021/09/20
 0.0000000   4.0000000    0.0000   5354.746 0.029   -2.6   -4.6 -1.98 -0.040  40   0 16:35:35     44427.69027    0.0000  2021/09/20
 0.0000000   3.0000000    0.0000   5375.737 0.022    4.3    3.2 -1.92 -0.049  40   0 16:50:04     44427.70031    0.0000  2021/09/20
 0.0000000   3.0000000    0.0000   5375.737 0.026    4.1    3.1 -1.92 -0.049  40   0 16:50:52     44427.70087    0.0000  2021/09/20
 0.0000000   3.0000000    0.0000   5375.737 0.024    4.7    3.3 -1.92 -0.049  40   0 16:51:36     44427.70138    0.0000  2021/09/20
 0.0000000   3.0000000    0.0000   5375.737 0.049    5.3    3.6 -1.92 -0.050  40   0 16:52:20     44427.70188    0.0000  2021/09/20
 0.0000000   3.0000000    0.0000   5375.737 0.051    5.7    3.7 -1.93 -0.050  40   0 16:53:04     44427.70239    0.0000  2021/09/20
 0.0000000   4.0000000    0.0000   5354.748 0.039   -1.3   -0.4 -1.96 -0.059  40   0 17:09:27     44427.71375    0.0000  2021/09/20
 0.0000000   4.0000000    0.0000   5354.749 0.031   -1.1   -0.5 -1.97 -0.060  40   0 17:10:15     44427.71431    0.0000  2021/09/20
 0.0000000   4.0000000    0.0000   5354.746 0.035   -0.9   -0.6 -1.98 -0.060  40   0 17:10:59     44427.71482    0.0000  2021/09/20
 0.0000000   4.0000000    0.0000   5354.749 0.026   -0.8   -0.7 -1.98 -0.061  40   1 17:11:43     44427.71532    0.0000  2021/09/20
 0.0000000   4.0000000    0.0000   5354.749 0.033   -1.2   -0.6 -1.99 -0.061  40   1 17:12:27     44427.71583    0.0000  2021/09/20
 0.0000000   3.0000000    0.0000   5375.735 0.023    0.4   -3.2 -1.97 -0.068  40   0 17:25:50     44427.72511    0.0000  2021/09/20
 0.0000000   3.0000000    0.0000   5375.734 0.021    0.8   -2.9 -1.97 -0.068  40   0 17:26:38     44427.72567    0.0000  2021/09/20
 0.0000000   3.0000000    0.0000   5375.736 0.022    0.7   -2.4 -1.97 -0.068  40   0 17:27:22     44427.72617    0.0000  2021/09/20
 0.0000000   3.0000000    0.0000   5375.736 0.021    0.5   -2.3 -1.98 -0.068  40   0 17:28:06     44427.72668    0.0000  2021/09/20
 0.0000000   3.0000000    0.0000   5375.735 0.029    0.5   -2.6 -1.98 -0.069  40   0 17:28:50     44427.72719    0.0000  2021/09/20
 0.0000000   2.0999999    0.0000   5387.472 0.019   -0.5   -1.8 -1.98 -0.072  40   0 17:37:17     44427.73305    0.0000  2021/09/20
 0.0000000   2.0999999    0.0000   5387.472 0.035    0.0   -2.0 -1.98 -0.073  40   1 17:38:05     44427.73360    0.0000  2021/09/20
 0.0000000   2.0999999    0.0000   5387.473 0.054    0.3   -2.4 -1.97 -0.073  40   0 17:38:49     44427.73411    0.0000  2021/09/20
 0.0000000   2.0999999    0.0000   5387.471 0.172    0.3   -2.5 -1.97 -0.073  40   0 17:39:33     44427.73462    0.0000  2021/09/20
 0.0000000   2.0999999    0.0000   5387.473 0.034    0.3   -2.5 -1.97 -0.074  40   0 17:40:17     44427.73513    0.0000  2021/09/20
 0.0000000   3.0000000    0.0000   5375.740 0.025    3.5    3.2 -1.92 -0.077  40   1 17:49:19     44427.74139    0.0000  2021/09/20
 0.0000000   3.0000000    0.0000   5375.739 0.023    3.7    3.5 -1.91 -0.077  40   0 17:50:07     44427.74195    0.0000  2021/09/20
 0.0000000   3.0000000    0.0000   5375.739 0.028    3.9    3.7 -1.90 -0.078  40   0 17:50:51     44427.74246    0.0000  2021/09/20
 0.0000000   3.0000000    0.0000   5375.740 0.041    4.1    3.9 -1.90 -0.078  40   0 17:51:35     44427.74296    0.0000  2021/09/20
 0.0000000   3.0000000    0.0000   5375.740 0.032    3.8    3.7 -1.89 -0.078  40   0 17:52:19     44427.74347    0.0000  2021/09/20
 0.0000000   2.0999999    0.0000   5387.471 0.047    0.6   -0.9 -1.96 -0.082  40   0 18:03:04     44427.75093    0.0000  2021/09/20
 0.0000000   2.0999999    0.0000   5387.473 0.033    1.1   -1.0 -1.96 -0.082  40   1 18:03:52     44427.75148    0.0000  2021/09/20
 0.0000000   2.0999999    0.0000   5387.472 0.038    1.1   -1.3 -1.96 -0.082  40   1 18:04:36     44427.75199    0.0000  2021/09/20
 0.0000000   2.0999999    0.0000   5387.470 0.024    1.2   -1.7 -1.97 -0.082  40   0 18:05:20     44427.75250    0.0000  2021/09/20
 0.0000000   2.0999999    0.0000   5387.446 0.040    1.1   -1.9 -1.97 -0.082  40  13 18:06:04     44427.75301    0.0000  2021/09/20
 0.0000000   2.0999999    0.0000   5387.471 0.029    1.1   -2.0 -1.97 -0.083  40   0 18:06:48     44427.75351    0.0000  2021/09/20
 0.0000000   2.0000000    0.0000   5399.371 0.010   -3.7   -3.2 -1.96 -0.086  40   0 18:19:51     44427.76256    0.0000  2021/09/20
 0.0000000   2.0000000    0.0000   5399.370 0.014   -3.6   -3.4 -1.96 -0.086  40   0 18:20:39     44427.76312    0.0000  2021/09/20
 0.0000000   2.0000000    0.0000   5399.372 0.009   -3.4   -3.6 -1.97 -0.086  40   0 18:21:23     44427.76363    0.0000  2021/09/20
 0.0000000   2.0000000    0.0000   5399.370 0.012   -3.5   -3.7 -1.97 -0.086  40   0 18:22:07     44427.76413    0.0000  2021/09/20
 0.0000000   2.0000000    0.0000   5399.369 0.010   -3.4   -4.0 -1.97 -0.086  40   0 18:22:51     44427.76464    0.0000  2021/09/20
 0.0000000   2.0999999    0.0000   5387.474 0.018    3.2   -3.3 -1.99 -0.088  40   0 18:33:23     44427.77195    0.0000  2021/09/20
 0.0000000   2.0999999    0.0000   5387.470 0.025    3.6   -3.4 -1.99 -0.088  40   0 18:34:11     44427.77250    0.0000  2021/09/20
 0.0000000   2.0999999    0.0000   5387.469 0.014    3.7   -3.6 -1.99 -0.088  40   0 18:34:55     44427.77301    0.0000  2021/09/20
 0.0000000   2.0999999    0.0000   5387.473 0.016    3.9   -3.7 -1.98 -0.088  40   0 18:35:39     44427.77352    0.0000  2021/09/20
 0.0000000   2.0999999    0.0000   5387.472 0.015    3.8   -3.8 -1.98 -0.088  40   0 18:36:23     44427.77403    0.0000  2021/09/20
 0.0000000   2.0000000    0.0000   5399.370 0.016    1.3   -2.8 -1.93 -0.090  40   0 18:47:09     44427.78149    0.0000  2021/09/20
 0.0000000   2.0000000    0.0000   5399.368 0.014    1.7   -2.7 -1.93 -0.090  40   0 18:47:57     44427.78205    0.0000  2021/09/20
 0.0000000   2.0000000    0.0000   5399.370 0.013    2.0   -2.8 -1.93 -0.090  40   0 18:48:41     44427.78255    0.0000  2021/09/20
 0.0000000   2.0000000    0.0000   5399.370 0.009    2.5   -2.8 -1.92 -0.090  40   6 18:49:25     44427.78306    0.0000  2021/09/20
 0.0000000   2.0000000    0.0000   5399.371 0.022    2.4   -3.0 -1.93 -0.090  40   9 18:50:09     44427.78357    0.0000  2021/09/20
 0.0000000  10.0000000    0.0000   5397.854 0.011   -1.9   -2.1 -1.95 -0.089  40   0 19:20:52     44427.80487    0.0000  2021/09/20
 0.0000000  10.0000000    0.0000   5397.854 0.017   -1.9   -2.1 -1.96 -0.089  40   0 19:21:40     44427.80542    0.0000  2021/09/20
 0.0000000  10.0000000    0.0000   5397.854 0.015   -1.9   -2.1 -1.96 -0.089  40   0 19:22:24     44427.80593    0.0000  2021/09/20
 0.0000000  10.0000000    0.0000   5397.853 0.013   -2.0   -2.2 -1.96 -0.089  40   0 19:23:08     44427.80644    0.0000  2021/09/20
 0.0000000  10.0000000    0.0000   5397.854 0.015   -2.1   -2.3 -1.97 -0.088  40   0 19:23:52     44427.80695    0.0000  2021/09/20
 0.0000000  10.0000000    0.0000   5397.853 0.014   -2.1   -2.4 -1.97 -0.088  40   0 19:24:36     44427.80746    0.0000  2021/09/20
 -309376376945494990000000000.000,0   ,-1500294807552.000,     0.000,   0.000,-22273,15359,   0.000,   0.000,0.000   ,0.000   ,-0.000  ,1.789   