
/	CG-5 SURVEY
/	Survey name:   	pbz
/	Instrument S/N:	40824
/	Client:        	geoken
/	Operator:      	geoken
/	Date:          	2021/ 9/18
/	Time:          	09:01:35
/	LONG:        	77.1000000 E
/	LAT:         	43.7000000 N
/	ZONE:        	43      
/	GMT DIFF.:   	-6.0

/	CG-5 SETUP PARAMETERS
/	Gref:			0.000   
/	Gcal1:		8400.551
/	TiltxS:		614.256 
/	TiltyS:		662.421 
/	TiltxO:		-89.230 
/	TiltyO:		72.402  
/	Tempco:		-0.130  
/	Drift:		0.655   
/	DriftTime Start:	09:01:37
/	DriftDate Start:	2021/09/18

/	CG-5 OPTIONS
/	Tide Correction:    YES
/	Cont. Tilt:         YES
/	Auto Rejection:     YES
/	Terrain Corr.:       NO
/	Seismic Filter:     YES
/	Raw Data:            NO
Line	   0.000S
/------LINE-----STATION-----ALT.------GRAV.---SD.--TILTX--TILTY-TEMP---TIDE---DUR-REJ-----TIME----DEC.TIME+DATE--TERRAIN---DATE
 0.0000000  10.0000000    0.0000   5396.591 0.023   -0.2   -2.1 -2.05 0.063  40   2 09:04:09     44425.37728    0.0000  2021/09/18
 0.0000000  10.0000000    0.0000   5396.591 0.014   -0.4   -2.2 -2.05 0.064  40   0 09:04:57     44425.37783    0.0000  2021/09/18
 0.0000000  10.0000000    0.0000   5396.588 0.024   -0.4   -2.2 -2.05 0.064  40   0 09:05:41     44425.37834    0.0000  2021/09/18
 0.0000000  10.0000000    0.0000   5396.589 0.013   -0.6   -2.2 -2.06 0.064  40   0 09:06:25     44425.37885    0.0000  2021/09/18
 0.0000000  10.0000000    0.0000   5396.590 0.022   -0.6   -2.3 -2.06 0.065  40   0 09:07:09     44425.37936    0.0000  2021/09/18
 0.0000000   2.0000000    0.0000   5398.103 0.011   -4.5   -3.6 -1.91 0.081  40   0 09:37:07     44425.40013    0.0000  2021/09/18
 0.0000000   2.0000000    0.0000   5398.102 0.012   -4.4   -3.6 -1.92 0.081  40   0 09:37:55     44425.40069    0.0000  2021/09/18
 0.0000000   2.0000000    0.0000   5398.104 0.009   -4.5   -3.6 -1.93 0.081  40   0 09:38:39     44425.40120    0.0000  2021/09/18
 0.0000000   2.0000000    0.0000   5398.103 0.011   -4.5   -3.7 -1.95 0.081  40   0 09:39:23     44425.40171    0.0000  2021/09/18
 0.0000000   2.0000000    0.0000   5398.103 0.010   -4.6   -3.7 -1.96 0.082  40   0 09:40:07     44425.40221    0.0000  2021/09/18
 0.0000000   1.0000000    0.0000   5416.202 0.021   -0.8    3.0 -1.92 0.093  40   0 10:07:19     44425.42107    0.0000  2021/09/18
 0.0000000   1.0000000    0.0000   5416.203 0.014   -1.0    2.8 -1.93 0.093  40   0 10:08:07     44425.42163    0.0000  2021/09/18
 0.0000000   1.0000000    0.0000   5416.204 0.019   -1.1    2.7 -1.94 0.093  40   1 10:08:51     44425.42214    0.0000  2021/09/18
 0.0000000   1.0000000    0.0000   5416.203 0.017   -1.1    2.6 -1.95 0.093  40   0 10:09:35     44425.42264    0.0000  2021/09/18
 0.0000000   1.0000000    0.0000   5416.204 0.016   -1.1    2.6 -1.96 0.094  40   1 10:10:19     44425.42315    0.0000  2021/09/18
 0.0000000   2.0000000    0.0000   5398.106 0.009   -1.5    2.6 -1.90 0.100  40   0 10:31:28     44425.43782    0.0000  2021/09/18
 0.0000000   2.0000000    0.0000   5398.106 0.009   -1.6    2.4 -1.90 0.100  40   0 10:32:16     44425.43837    0.0000  2021/09/18
 0.0000000   2.0000000    0.0000   5398.106 0.009   -1.7    2.5 -1.91 0.100  40   0 10:33:00     44425.43888    0.0000  2021/09/18
 0.0000000   2.0000000    0.0000   5398.108 0.007   -1.8    2.5 -1.92 0.101  40   0 10:33:44     44425.43939    0.0000  2021/09/18
 0.0000000   2.0000000    0.0000   5398.106 0.010   -1.8    2.6 -1.93 0.101  40   0 10:34:28     44425.43990    0.0000  2021/09/18
 0.0000000   1.0000000    0.0000   5416.205 0.016    4.7    0.0 -1.86 0.104  40   0 10:54:45     44425.45396    0.0000  2021/09/18
 0.0000000   1.0000000    0.0000   5416.204 0.024    4.8    0.0 -1.86 0.104  40   0 10:55:33     44425.45451    0.0000  2021/09/18
 0.0000000   1.0000000    0.0000   5416.205 0.015    4.9   -0.1 -1.87 0.104  40   0 10:56:17     44425.45502    0.0000  2021/09/18
 0.0000000   1.0000000    0.0000   5416.204 0.019    5.1   -0.3 -1.88 0.104  40   0 10:57:01     44425.45553    0.0000  2021/09/18
 0.0000000   1.0000000    0.0000   5416.205 0.026    5.1   -0.2 -1.89 0.104  40   0 10:57:45     44425.45604    0.0000  2021/09/18
 0.0000000   2.0000000    0.0000   5398.102 0.009   -4.4   -9.2 -1.93 0.105  40   1 11:16:12     44425.46883    0.0000  2021/09/18
 0.0000000   2.0000000    0.0000   5398.102 0.008   -4.1   -9.4 -1.93 0.105  40   0 11:17:00     44425.46939    0.0000  2021/09/18
 0.0000000   2.0000000    0.0000   5398.102 0.009   -4.0   -9.6 -1.93 0.105  40   0 11:17:44     44425.46990    0.0000  2021/09/18
 0.0000000   2.0000000    0.0000   5398.102 0.010   -4.0  -10.0 -1.94 0.105  40   0 11:18:28     44425.47040    0.0000  2021/09/18
 0.0000000   2.0000000    0.0000   5398.103 0.010   -3.8  -10.2 -1.94 0.105  40   4 11:19:12     44425.47091    0.0000  2021/09/18
 0.0000000   2.0999999    0.0000   5386.210 0.022    2.2   -4.2 -1.90 0.105  40   1 11:33:35     44425.48088    0.0000  2021/09/18
 0.0000000   2.0999999    0.0000   5386.206 0.021    2.3   -4.5 -1.90 0.105  40   0 11:34:23     44425.48144    0.0000  2021/09/18
 0.0000000   2.0999999    0.0000   5386.207 0.018    2.2   -4.6 -1.90 0.104  40   0 11:35:07     44425.48195    0.0000  2021/09/18
 0.0000000   2.0999999    0.0000   5386.208 0.018    2.2   -4.7 -1.91 0.104  40   0 11:35:51     44425.48246    0.0000  2021/09/18
 0.0000000   2.0999999    0.0000   5386.207 0.023    2.2   -4.7 -1.91 0.104  40   0 11:36:35     44425.48296    0.0000  2021/09/18
 0.0000000   2.0000000    0.0000   5398.104 0.008   -2.4   -4.9 -1.93 0.103  40   0 11:48:17     44425.49108    0.0000  2021/09/18
 0.0000000   2.0000000    0.0000   5398.103 0.010   -2.6   -5.0 -1.93 0.103  40   0 11:49:05     44425.49163    0.0000  2021/09/18
 0.0000000   2.0000000    0.0000   5398.104 0.009   -2.5   -5.1 -1.92 0.102  40   0 11:49:49     44425.49214    0.0000  2021/09/18
 0.0000000   2.0000000    0.0000   5398.103 0.009   -2.5   -5.1 -1.92 0.102  40   0 11:50:33     44425.49265    0.0000  2021/09/18
 0.0000000   2.0000000    0.0000   5398.104 0.008   -2.5   -5.3 -1.92 0.102  40   0 11:51:17     44425.49316    0.0000  2021/09/18
 0.0000000   2.0999999    0.0000   5386.205 0.031   -2.4   -4.5 -1.81 0.097  40   0 12:12:55     44425.50816    0.0000  2021/09/18
 0.0000000   2.0999999    0.0000   5386.206 0.026   -2.0   -4.8 -1.82 0.097  40   0 12:13:43     44425.50871    0.0000  2021/09/18
 0.0000000   2.0999999    0.0000   5386.208 0.019   -1.6   -4.7 -1.82 0.097  40   0 12:14:27     44425.50922    0.0000  2021/09/18
 0.0000000   2.0999999    0.0000   5386.204 0.027   -1.3   -4.8 -1.83 0.096  40   1 12:15:11     44425.50973    0.0000  2021/09/18
 0.0000000   2.0999999    0.0000   5386.205 0.022   -1.1   -4.9 -1.84 0.096  40   0 12:15:55     44425.51024    0.0000  2021/09/18
 0.0000000   3.0000000    0.0000   5374.468 0.050   -3.1   -4.1 -1.86 0.091  40   0 12:29:55     44425.51994    0.0000  2021/09/18
 0.0000000   3.0000000    0.0000   5374.470 0.043   -2.7   -4.7 -1.86 0.091  40   7 12:30:43     44425.52050    0.0000  2021/09/18
 0.0000000   3.0000000    0.0000   5374.469 0.047   -2.7   -4.9 -1.87 0.091  40   0 12:31:27     44425.52101    0.0000  2021/09/18
 0.0000000   3.0000000    0.0000   5374.466 0.038   -2.6   -5.0 -1.87 0.091  40   0 12:32:11     44425.52151    0.0000  2021/09/18
 0.0000000   3.0000000    0.0000   5374.466 0.032   -2.6   -5.1 -1.88 0.090  40   0 12:32:55     44425.52202    0.0000  2021/09/18
 0.0000000   3.0000000    0.0000   5374.468 0.033   -2.5   -5.5 -1.89 0.090  40   0 12:33:39     44425.52253    0.0000  2021/09/18
 0.0000000   2.0999999    0.0000   5386.208 0.017    1.8   -1.7 -1.93 0.084  40   0 12:47:55     44425.53242    0.0000  2021/09/18
 0.0000000   2.0999999    0.0000   5386.210 0.030    1.8   -1.8 -1.93 0.083  40   0 12:48:43     44425.53298    0.0000  2021/09/18
 0.0000000   2.0999999    0.0000   5386.207 0.021    1.8   -1.9 -1.93 0.083  40   0 12:49:27     44425.53349    0.0000  2021/09/18
 0.0000000   2.0999999    0.0000   5386.207 0.028    1.8   -2.0 -1.94 0.083  40   0 12:50:11     44425.53399    0.0000  2021/09/18
 0.0000000   2.0999999    0.0000   5386.207 0.029    1.8   -2.1 -1.95 0.082  40   0 12:50:55     44425.53450    0.0000  2021/09/18
 0.0000000   3.0000000    0.0000   5374.469 0.025   -1.5   -4.2 -1.93 0.076  40   0 13:02:42     44425.54267    0.0000  2021/09/18
 0.0000000   3.0000000    0.0000   5374.468 0.030   -1.2   -4.7 -1.93 0.076  40   1 13:03:30     44425.54323    0.0000  2021/09/18
 0.0000000   3.0000000    0.0000   5374.471 0.024   -0.9   -5.4 -1.93 0.076  40   0 13:04:14     44425.54374    0.0000  2021/09/18
 0.0000000   3.0000000    0.0000   5374.471 0.037   -0.5   -6.2 -1.92 0.075  40   4 13:04:58     44425.54424    0.0000  2021/09/18
 0.0000000   3.0000000    0.0000   5374.466 0.022   -0.1   -6.7 -1.93 0.075  40   0 13:05:42     44425.54475    0.0000  2021/09/18
 0.0000000   4.0000000    0.0000   5353.480 0.025   -1.7   -3.4 -1.84 0.066  40   0 13:21:06     44425.55543    0.0000  2021/09/18
 0.0000000   4.0000000    0.0000   5353.479 0.018   -2.6   -3.5 -1.84 0.066  40   0 13:21:54     44425.55598    0.0000  2021/09/18
 0.0000000   4.0000000    0.0000   5353.480 0.016   -3.3   -3.6 -1.84 0.066  40   0 13:22:38     44425.55649    0.0000  2021/09/18
 0.0000000   4.0000000    0.0000   5353.480 0.019   -4.0   -3.4 -1.84 0.065  40   0 13:23:22     44425.55700    0.0000  2021/09/18
 0.0000000   4.0000000    0.0000   5353.479 0.022   -4.8   -3.0 -1.85 0.065  40   0 13:24:06     44425.55751    0.0000  2021/09/18
 0.0000000   3.0000000    0.0000   5374.469 0.047    2.2    1.2 -1.93 0.057  40   0 13:36:46     44425.56629    0.0000  2021/09/18
 0.0000000   3.0000000    0.0000   5374.470 0.068    2.6    1.0 -1.93 0.057  40   0 13:37:34     44425.56685    0.0000  2021/09/18
 0.0000000   3.0000000    0.0000   5374.483 0.031    3.1    0.7 -1.94 0.056  40  16 13:38:18     44425.56735    0.0000  2021/09/18
 0.0000000   3.0000000    0.0000   5374.475 0.067    3.9    0.5 -1.94 0.055  40   3 13:39:02     44425.56786    0.0000  2021/09/18
 0.0000000   3.0000000    0.0000   5374.470 0.060    3.5    0.4 -1.95 0.055  40   0 13:39:46     44425.56837    0.0000  2021/09/18
 0.0000000   3.0000000    0.0000   5374.475 0.027    3.8    0.5 -1.96 0.055  40   0 13:40:30     44425.56888    0.0000  2021/09/18
 0.0000000   3.0000000    0.0000   5374.469 0.026    4.0    0.5 -1.97 0.054  40   0 13:41:14     44425.56939    0.0000  2021/09/18
 0.0000000   4.0000000    0.0000   5353.480 0.036   -6.1   -1.3 -1.89 0.043  40   0 13:57:46     44425.58085    0.0000  2021/09/18
 0.0000000   4.0000000    0.0000   5353.477 0.060   -7.5   -1.3 -1.89 0.043  40   0 13:58:34     44425.58141    0.0000  2021/09/18
 0.0000000   4.0000000    0.0000   5353.481 0.052   -8.6   -1.4 -1.89 0.042  40   0 13:59:18     44425.58191    0.0000  2021/09/18
 0.0000000   4.0000000    0.0000   5353.479 0.101   -9.2   -1.7 -1.90 0.041  40   0 14:00:02     44425.58242    0.0000  2021/09/18
 0.0000000   4.0000000    0.0000   5353.479 0.066   -9.3   -1.5 -1.91 0.041  40   0 14:00:46     44425.58293    0.0000  2021/09/18
 0.0000000   5.0000000    0.0000   5335.347 0.028   -5.0    4.7 -1.97 0.026  40   0 14:21:56     44425.59761    0.0000  2021/09/18
 0.0000000   5.0000000    0.0000   5335.345 0.034   -5.4    4.6 -1.98 0.025  40   0 14:22:44     44425.59816    0.0000  2021/09/18
 0.0000000   5.0000000    0.0000   5335.347 0.028   -5.9    4.3 -1.99 0.025  40   0 14:23:28     44425.59867    0.0000  2021/09/18
 0.0000000   5.0000000    0.0000   5335.347 0.028   -6.4    4.4 -2.00 0.024  40   0 14:24:12     44425.59918    0.0000  2021/09/18
 0.0000000   5.0000000    0.0000   5335.347 0.029   -7.1    4.3 -2.01 0.024  40   0 14:24:56     44425.59969    0.0000  2021/09/18
 0.0000000   4.0000000    0.0000   5353.482 0.034   -6.3   -3.9 -1.94 0.013  40   0 14:38:38     44425.60919    0.0000  2021/09/18
 0.0000000   4.0000000    0.0000   5353.479 0.054   -7.6   -4.3 -1.94 0.013  40   0 14:39:26     44425.60974    0.0000  2021/09/18
 0.0000000   4.0000000    0.0000   5353.479 0.062   -8.4   -4.2 -1.94 0.013  40   0 14:40:10     44425.61025    0.0000  2021/09/18
 0.0000000   4.0000000    0.0000   5353.478 0.049   -9.1   -4.5 -1.95 0.012  40   0 14:40:54     44425.61076    0.0000  2021/09/18
 0.0000000   4.0000000    0.0000   5353.479 0.086   -9.8   -4.9 -1.96 0.012  40   0 14:41:38     44425.61127    0.0000  2021/09/18
 0.0000000   5.0000000    0.0000   5335.346 0.038    0.1    2.0 -1.93 -0.003  40   0 15:02:43     44425.62588    0.0000  2021/09/18
 0.0000000   5.0000000    0.0000   5335.345 0.036   -0.7    1.7 -1.93 -0.003  40   0 15:03:31     44425.62644    0.0000  2021/09/18
 0.0000000   5.0000000    0.0000   5335.337 0.050   -0.3    1.7 -1.94 -0.004  40   0 15:04:15     44425.62695    0.0000  2021/09/18
 0.0000000   5.0000000    0.0000   5335.342 0.044    0.4    1.4 -1.95 -0.005  40   0 15:04:59     44425.62746    0.0000  2021/09/18
 0.0000000   5.0000000    0.0000   5335.344 0.047    1.3    1.2 -1.96 -0.005  40   0 15:05:43     44425.62796    0.0000  2021/09/18
 0.0000000   5.0000000    0.0000   5335.345 0.044    2.3    1.0 -1.97 -0.005  40   0 15:06:27     44425.62847    0.0000  2021/09/18
 0.0000000   6.0000000    0.0000   5315.293 0.090    4.5    3.1 -1.96 -0.020  40   0 15:25:38     44425.64177    0.0000  2021/09/18
 0.0000000   6.0000000    0.0000   5315.281 0.184    4.4    3.0 -1.97 -0.020  40   1 15:26:26     44425.64233    0.0000  2021/09/18
 0.0000000   6.0000000    0.0000   5315.292 0.058    4.3    3.1 -1.97 -0.020  40   0 15:27:10     44425.64284    0.0000  2021/09/18
 0.0000000   6.0000000    0.0000   5315.292 0.055    4.2    3.1 -1.98 -0.021  40   0 15:27:54     44425.64334    0.0000  2021/09/18
 0.0000000   6.0000000    0.0000   5315.293 0.069    3.9    3.2 -1.99 -0.021  40   0 15:28:38     44425.64385    0.0000  2021/09/18
 0.0000000   6.0000000    0.0000   5315.290 0.098    4.0    3.3 -2.00 -0.022  40   0 15:29:22     44425.64436    0.0000  2021/09/18
 0.0000000   5.0000000    0.0000   5335.341 0.039   -4.0   -8.1 -1.91 -0.035  40   0 15:47:56     44425.65723    0.0000  2021/09/18
 0.0000000   5.0000000    0.0000   5335.339 0.043   -4.2   -8.4 -1.92 -0.036  40   0 15:48:44     44425.65779    0.0000  2021/09/18
 0.0000000   5.0000000    0.0000   5335.337 0.066   -4.2   -8.8 -1.92 -0.036  40   1 15:49:28     44425.65830    0.0000  2021/09/18
 0.0000000   5.0000000    0.0000   5335.341 0.036   -4.2   -9.1 -1.93 -0.036  40   0 15:50:12     44425.65881    0.0000  2021/09/18
 0.0000000   5.0000000    0.0000   5335.341 0.042   -4.4   -9.1 -1.94 -0.037  40   0 15:50:56     44425.65931    0.0000  2021/09/18
 0.0000000   5.0000000    0.0000   5335.340 0.032   -4.6   -9.4 -1.95 -0.037  40   0 15:51:40     44425.65982    0.0000  2021/09/18
 0.0000000   6.0000000    0.0000   5315.292 0.038    1.4    0.0 -1.98 -0.046  40   0 16:06:21     44425.67000    0.0000  2021/09/18
 0.0000000   6.0000000    0.0000   5315.292 0.059    1.6    0.0 -1.98 -0.047  40   0 16:07:09     44425.67056    0.0000  2021/09/18
 0.0000000   6.0000000    0.0000   5315.291 0.066    1.6   -0.1 -1.97 -0.048  40   0 16:07:53     44425.67107    0.0000  2021/09/18
 0.0000000   6.0000000    0.0000   5315.290 0.092    1.7   -0.1 -1.97 -0.048  40   0 16:08:37     44425.67157    0.0000  2021/09/18
 0.0000000   6.0000000    0.0000   5315.289 0.104    2.0   -0.2 -1.98 -0.048  40   0 16:09:21     44425.67208    0.0000  2021/09/18
 0.0000000   5.0000000    0.0000   5335.342 0.038   -3.1   -6.7 -1.91 -0.057  40   0 16:24:16     44425.68242    0.0000  2021/09/18
 0.0000000   5.0000000    0.0000   5335.342 0.026   -3.0   -7.0 -1.92 -0.058  40   0 16:25:04     44425.68298    0.0000  2021/09/18
 0.0000000   5.0000000    0.0000   5335.341 0.022   -3.1   -7.0 -1.92 -0.058  40   0 16:25:48     44425.68349    0.0000  2021/09/18
 0.0000000   5.0000000    0.0000   5335.341 0.026   -2.8   -7.4 -1.92 -0.058  40   0 16:26:32     44425.68400    0.0000  2021/09/18
 0.0000000   5.0000000    0.0000   5335.344 0.033   -2.9   -7.6 -1.93 -0.059  40   1 16:27:16     44425.68450    0.0000  2021/09/18
 0.0000000   4.0000000    0.0000   5353.480 0.032    1.3   -6.2 -1.87 -0.067  40   0 16:43:30     44425.69576    0.0000  2021/09/18
 0.0000000   4.0000000    0.0000   5353.479 0.032    2.0   -7.3 -1.88 -0.067  40   0 16:44:18     44425.69631    0.0000  2021/09/18
 0.0000000   4.0000000    0.0000   5353.479 0.042    2.2   -8.2 -1.88 -0.068  40   0 16:45:02     44425.69682    0.0000  2021/09/18
 0.0000000   4.0000000    0.0000   5353.478 0.055    1.7   -8.9 -1.89 -0.068  40   0 16:45:46     44425.69733    0.0000  2021/09/18
 0.0000000   4.0000000    0.0000   5353.479 0.036    1.9   -9.5 -1.90 -0.068  40   0 16:46:30     44425.69784    0.0000  2021/09/18
 0.0000000   4.0000000    0.0000   5353.476 0.038    2.1   -9.6 -1.91 -0.069  40   1 16:47:14     44425.69835    0.0000  2021/09/18
 0.0000000   5.0000000    0.0000   5335.347 0.086    2.4    1.1 -1.90 -0.075  40   0 17:01:12     44425.70803    0.0000  2021/09/18
 0.0000000   5.0000000    0.0000   5335.346 0.064    1.9    1.1 -1.90 -0.075  40   0 17:02:00     44425.70859    0.0000  2021/09/18
 0.0000000   5.0000000    0.0000   5335.346 0.050    1.7    1.0 -1.90 -0.076  40   0 17:02:44     44425.70910    0.0000  2021/09/18
 0.0000000   5.0000000    0.0000   5335.347 0.052    1.9    1.0 -1.90 -0.076  40   0 17:03:28     44425.70960    0.0000  2021/09/18
 0.0000000   5.0000000    0.0000   5335.346 0.040    1.9    1.2 -1.91 -0.076  40   0 17:04:12     44425.71011    0.0000  2021/09/18
 0.0000000   4.0000000    0.0000   5353.479 0.039    2.5   -7.7 -1.91 -0.081  40   0 17:18:01     44425.71969    0.0000  2021/09/18
 0.0000000   4.0000000    0.0000   5353.480 0.030    3.2   -8.8 -1.91 -0.082  40   0 17:18:49     44425.72025    0.0000  2021/09/18
 0.0000000   4.0000000    0.0000   5353.479 0.034    3.6   -9.6 -1.91 -0.082  40   0 17:19:33     44425.72075    0.0000  2021/09/18
 0.0000000   4.0000000    0.0000   5353.479 0.032    3.9  -10.3 -1.91 -0.082  40   0 17:20:17     44425.72126    0.0000  2021/09/18
 0.0000000   4.0000000    0.0000   5353.478 0.031    3.8  -10.7 -1.92 -0.082  40   0 17:21:01     44425.72177    0.0000  2021/09/18
 0.0000000   3.0000000    0.0000   5374.471 0.022   -2.0    2.5 -1.93 -0.086  40   1 17:33:55     44425.73072    0.0000  2021/09/18
 0.0000000   3.0000000    0.0000   5374.472 0.028   -2.6    2.1 -1.93 -0.086  40   0 17:34:43     44425.73127    0.0000  2021/09/18
 0.0000000   3.0000000    0.0000   5374.471 0.026   -2.7    1.7 -1.93 -0.086  40   0 17:35:27     44425.73178    0.0000  2021/09/18
 0.0000000   3.0000000    0.0000   5374.471 0.029   -2.7    1.6 -1.94 -0.087  40   0 17:36:11     44425.73229    0.0000  2021/09/18
 0.0000000   3.0000000    0.0000   5374.470 0.064   -3.3    1.1 -1.94 -0.087  40   0 17:36:55     44425.73280    0.0000  2021/09/18
 0.0000000   4.0000000    0.0000   5353.481 0.056    0.9   -4.0 -1.91 -0.090  40   0 17:51:26     44425.74286    0.0000  2021/09/18
 0.0000000   4.0000000    0.0000   5353.480 0.043    1.0   -4.2 -1.92 -0.090  40   0 17:52:14     44425.74342    0.0000  2021/09/18
 0.0000000   4.0000000    0.0000   5353.479 0.037    1.0   -4.4 -1.92 -0.090  40   0 17:52:58     44425.74392    0.0000  2021/09/18
 0.0000000   4.0000000    0.0000   5353.480 0.030    0.8   -4.3 -1.93 -0.090  40   0 17:53:42     44425.74443    0.0000  2021/09/18
 0.0000000   4.0000000    0.0000   5353.481 0.039    0.6   -4.6 -1.94 -0.090  40   0 17:54:26     44425.74494    0.0000  2021/09/18
 0.0000000   3.0000000    0.0000   5374.468 0.017    5.0   -1.3 -1.95 -0.092  40   1 18:08:20     44425.75458    0.0000  2021/09/18
 0.0000000   3.0000000    0.0000   5374.472 0.019    5.2   -1.3 -1.95 -0.092  40   2 18:09:08     44425.75513    0.0000  2021/09/18
 0.0000000   3.0000000    0.0000   5374.472 0.020    5.1   -1.4 -1.95 -0.092  40   0 18:09:52     44425.75564    0.0000  2021/09/18
 0.0000000   3.0000000    0.0000   5374.470 0.021    5.2   -1.6 -1.96 -0.092  40   0 18:10:36     44425.75615    0.0000  2021/09/18
 0.0000000   3.0000000    0.0000   5374.470 0.032    5.0   -1.7 -1.96 -0.092  40   0 18:11:20     44425.75666    0.0000  2021/09/18
 0.0000000   2.0999999    0.0000   5386.208 0.022   -0.8   -3.1 -1.95 -0.093  40   0 18:22:01     44425.76406    0.0000  2021/09/18
 0.0000000   2.0999999    0.0000   5386.208 0.017   -0.7   -3.3 -1.94 -0.093  40   0 18:22:49     44425.76462    0.0000  2021/09/18
 0.0000000   2.0999999    0.0000   5386.208 0.015   -0.4   -3.6 -1.94 -0.093  40   1 18:23:33     44425.76513    0.0000  2021/09/18
 0.0000000   2.0999999    0.0000   5386.207 0.018   -0.4   -3.7 -1.94 -0.093  40   1 18:24:17     44425.76564    0.0000  2021/09/18
 0.0000000   2.0999999    0.0000   5386.205 0.022   -0.6   -3.9 -1.94 -0.093  40   2 18:25:01     44425.76614    0.0000  2021/09/18
 0.0000000   3.0000000    0.0000   5374.475 0.016    0.1   -1.9 -1.89 -0.093  40   0 18:35:47     44425.77361    0.0000  2021/09/18
 0.0000000   3.0000000    0.0000   5374.473 0.015    0.4   -2.1 -1.89 -0.093  40   0 18:36:35     44425.77416    0.0000  2021/09/18
 0.0000000   3.0000000    0.0000   5374.477 0.019    0.5   -2.3 -1.88 -0.093  40   0 18:37:19     44425.77467    0.0000  2021/09/18
 0.0000000   3.0000000    0.0000   5374.474 0.016    0.8   -2.4 -1.88 -0.093  40   0 18:38:03     44425.77518    0.0000  2021/09/18
 0.0000000   3.0000000    0.0000   5374.472 0.025    0.9   -2.7 -1.88 -0.093  40   5 18:38:47     44425.77569    0.0000  2021/09/18
 0.0000000   2.0999999    0.0000   5386.210 0.015    0.1   -1.0 -1.91 -0.092  40   0 18:50:31     44425.78382    0.0000  2021/09/18
 0.0000000   2.0999999    0.0000   5386.210 0.014    0.1   -1.2 -1.91 -0.092  40   0 18:51:19     44425.78438    0.0000  2021/09/18
 0.0000000   2.0999999    0.0000   5386.210 0.019    0.1   -1.6 -1.91 -0.092  40   0 18:52:03     44425.78489    0.0000  2021/09/18
 0.0000000   2.0999999    0.0000   5386.211 0.021    0.1   -1.5 -1.91 -0.092  40   0 18:52:47     44425.78540    0.0000  2021/09/18
 0.0000000   2.0999999    0.0000   5386.208 0.021    0.1   -1.6 -1.91 -0.092  40   0 18:53:31     44425.78590    0.0000  2021/09/18
 0.0000000   2.0000000    0.0000   5398.107 0.011    2.9   -2.8 -1.95 -0.090  40   1 19:05:50     44425.79444    0.0000  2021/09/18
 0.0000000   2.0000000    0.0000   5398.107 0.014    3.3   -2.8 -1.95 -0.090  40   0 19:06:38     44425.79500    0.0000  2021/09/18
 0.0000000   2.0000000    0.0000   5398.106 0.009    3.5   -2.9 -1.95 -0.090  40   0 19:07:22     44425.79551    0.0000  2021/09/18
 0.0000000   2.0000000    0.0000   5398.106 0.009    3.5   -3.2 -1.95 -0.090  40   0 19:08:06     44425.79602    0.0000  2021/09/18
 0.0000000   2.0000000    0.0000   5398.106 0.009    3.7   -3.3 -1.95 -0.090  40   0 19:08:50     44425.79652    0.0000  2021/09/18
 0.0000000   2.0999999    0.0000   5386.259 0.056    4.5   -1.7 -1.91 -0.087  40  20 19:23:46     44425.80688    0.0000  2021/09/18
 0.0000000   2.0999999    0.0000   5386.208 0.015    4.7   -1.7 -1.91 -0.087  40   0 19:24:34     44425.80743    0.0000  2021/09/18
 0.0000000   2.0999999    0.0000   5386.209 0.013    4.8   -1.9 -1.91 -0.086  40   0 19:25:18     44425.80794    0.0000  2021/09/18
 0.0000000   2.0999999    0.0000   5386.209 0.014    4.8   -2.0 -1.92 -0.086  40   0 19:26:02     44425.80845    0.0000  2021/09/18
 0.0000000   2.0999999    0.0000   5386.209 0.023    4.8   -2.1 -1.92 -0.086  40   1 19:26:46     44425.80896    0.0000  2021/09/18
 0.0000000   2.0999999    0.0000   5386.208 0.015    4.6   -2.1 -1.93 -0.086  40   0 19:27:30     44425.80947    0.0000  2021/09/18
 0.0000000   2.0000000    0.0000   5398.111 0.011   -1.3    4.2 -1.95 -0.082  40   0 19:41:01     44425.81884    0.0000  2021/09/18
 0.0000000   2.0000000    0.0000   5398.108 0.021   -1.1    4.1 -1.95 -0.082  40   9 19:41:49     44425.81939    0.0000  2021/09/18
 0.0000000   2.0000000    0.0000   5398.110 0.015   -1.0    4.0 -1.95 -0.082  40  10 19:42:33     44425.81990    0.0000  2021/09/18
 0.0000000   2.0000000    0.0000   5398.110 0.046   -1.1    3.9 -1.95 -0.082  40   0 19:43:17     44425.82041    0.0000  2021/09/18
 0.0000000   2.0000000    0.0000   5398.108 0.096   -0.8    3.7 -1.95 -0.081  40   0 19:44:01     44425.82092    0.0000  2021/09/18
 0.0000000   2.0000000    0.0000   5398.110 0.058   -1.0    3.8 -1.96 -0.081  40   0 19:44:45     44425.82143    0.0000  2021/09/18
 0.0000000  10.0000000    0.0000   5396.594 0.012    0.5   -1.0 -1.89 -0.075  40   0 20:04:12     44425.83491    0.0000  2021/09/18
 0.0000000  10.0000000    0.0000   5396.595 0.009    0.7   -1.2 -1.89 -0.075  40   0 20:05:00     44425.83547    0.0000  2021/09/18
 0.0000000  10.0000000    0.0000   5396.593 0.011    0.9   -1.4 -1.88 -0.074  40   0 20:05:44     44425.83598    0.0000  2021/09/18
 0.0000000  10.0000000    0.0000   5396.595 0.010    0.9   -1.5 -1.89 -0.074  40   1 20:06:28     44425.83648    0.0000  2021/09/18
 0.000   ,0   ,0.000   ,    -0.000,   0.000,-18689,17407,   0.000,   0.000,0.000   ,0.000   ,-0.000  ,1.789   