
/	CG-5 SURVEY
/	Survey name:   	pbz
/	Instrument S/N:	40824
/	Client:        	geoken
/	Operator:      	geoken
/	Date:          	2021/ 9/19
/	Time:          	07:40:29
/	LONG:        	77.1000000 E
/	LAT:         	43.7000000 N
/	ZONE:        	43      
/	GMT DIFF.:   	-6.0

/	CG-5 SETUP PARAMETERS
/	Gref:			0.000   
/	Gcal1:		8400.551
/	TiltxS:		614.256 
/	TiltyS:		662.421 
/	TiltxO:		-89.230 
/	TiltyO:		72.402  
/	Tempco:		-0.130  
/	Drift:		0.655   
/	DriftTime Start:	07:40:30
/	DriftDate Start:	2021/09/19

/	CG-5 OPTIONS
/	Tide Correction:    YES
/	Cont. Tilt:         YES
/	Auto Rejection:     YES
/	Terrain Corr.:       NO
/	Seismic Filter:     YES
/	Raw Data:            NO
Line	   0.000S
/------LINE-----STATION-----ALT.------GRAV.---SD.--TILTX--TILTY-TEMP---TIDE---DUR-REJ-----TIME----DEC.TIME+DATE--TERRAIN---DATE
 0.0000000  10.0000000    0.0000   5397.214 0.016   -2.4    0.7 -2.07 -0.025  40   6 07:43:53     44426.32163    0.0000  2021/09/19
 0.0000000  10.0000000    0.0000   5397.216 0.008   -2.3    0.6 -2.07 -0.024  40   1 07:44:41     44426.32218    0.0000  2021/09/19
 0.0000000  10.0000000    0.0000   5397.215 0.013   -2.3    0.5 -2.07 -0.024  40   3 07:45:25     44426.32269    0.0000  2021/09/19
 0.0000000  10.0000000    0.0000   5397.215 0.012   -2.3    0.5 -2.07 -0.024  40   0 07:46:09     44426.32320    0.0000  2021/09/19
 0.0000000  10.0000000    0.0000   5397.214 0.016   -2.2    0.6 -2.07 -0.023  40   4 07:46:53     44426.32371    0.0000  2021/09/19
 0.0000000   2.0000000    0.0000   5398.732 0.011    3.1    2.9 -1.95 -0.011  40   0 08:04:50     44426.33615    0.0000  2021/09/19
 0.0000000   2.0000000    0.0000   5398.731 0.011    3.7    2.6 -1.95 -0.011  40   0 08:05:38     44426.33671    0.0000  2021/09/19
 0.0000000   2.0000000    0.0000   5398.731 0.018    3.9    2.5 -1.95 -0.011  40   5 08:06:22     44426.33721    0.0000  2021/09/19
 0.0000000   2.0000000    0.0000   5398.732 0.011    4.0    2.4 -1.95 -0.010  40   0 08:07:06     44426.33772    0.0000  2021/09/19
 0.0000000   2.0000000    0.0000   5398.730 0.013    4.2    2.2 -1.96 -0.009  40   0 08:07:50     44426.33823    0.0000  2021/09/19
 0.0000000   1.0000000    0.0000   5416.824 0.008    2.3    4.3 -1.99 0.004  40   0 08:28:58     44426.35288    0.0000  2021/09/19
 0.0000000   1.0000000    0.0000   5416.826 0.015    2.7    4.3 -2.00 0.005  40   1 08:29:46     44426.35344    0.0000  2021/09/19
 0.0000000   1.0000000    0.0000   5416.826 0.008    2.9    4.2 -2.00 0.005  40   0 08:30:30     44426.35395    0.0000  2021/09/19
 0.0000000   1.0000000    0.0000   5416.826 0.007    2.6    3.2 -2.00 0.005  40   0 08:31:14     44426.35446    0.0000  2021/09/19
 0.0000000   1.0000000    0.0000   5416.825 0.010    2.8    3.2 -2.00 0.006  40   0 08:31:58     44426.35496    0.0000  2021/09/19
 0.0000000   2.0000000    0.0000   5398.723 0.009    0.0   -3.9 -1.91 0.017  40   0 08:48:22     44426.36633    0.0000  2021/09/19
 0.0000000   2.0000000    0.0000   5398.723 0.008    0.0   -4.1 -1.91 0.018  40   0 08:49:10     44426.36689    0.0000  2021/09/19
 0.0000000   2.0000000    0.0000   5398.723 0.009    0.0   -4.1 -1.91 0.018  40   0 08:49:54     44426.36740    0.0000  2021/09/19
 0.0000000   2.0000000    0.0000   5398.722 0.008    0.0   -4.4 -1.91 0.018  40   0 08:50:38     44426.36791    0.0000  2021/09/19
 0.0000000   2.0000000    0.0000   5398.723 0.007   -0.1   -4.6 -1.92 0.019  40   7 08:51:22     44426.36841    0.0000  2021/09/19
 0.0000000   1.0000000    0.0000   5416.819 0.009    7.2    1.7 -1.97 0.032  40   0 09:10:11     44426.38146    0.0000  2021/09/19
 0.0000000   1.0000000    0.0000   5416.817 0.010    7.2    1.7 -1.97 0.032  40   0 09:10:59     44426.38202    0.0000  2021/09/19
 0.0000000   1.0000000    0.0000   5416.820 0.007    7.1    1.1 -1.97 0.033  40   0 09:11:43     44426.38252    0.0000  2021/09/19
 0.0000000   1.0000000    0.0000   5416.819 0.008    7.2    0.9 -1.98 0.033  40   0 09:12:27     44426.38303    0.0000  2021/09/19
 0.0000000   1.0000000    0.0000   5416.817 0.009    7.1    1.4 -1.98 0.034  40   0 09:13:11     44426.38354    0.0000  2021/09/19
 0.0000000   2.0000000    0.0000   5398.719 0.010   -2.6   -4.7 -1.97 0.047  40   0 09:32:46     44426.39712    0.0000  2021/09/19
 0.0000000   2.0000000    0.0000   5398.718 0.007   -2.6   -4.8 -1.97 0.047  40   2 09:33:34     44426.39767    0.0000  2021/09/19
 0.0000000   2.0000000    0.0000   5398.718 0.008   -2.6   -4.8 -1.97 0.047  40   0 09:34:18     44426.39818    0.0000  2021/09/19
 0.0000000   2.0000000    0.0000   5398.718 0.010   -2.7   -5.0 -1.97 0.048  40   8 09:35:02     44426.39869    0.0000  2021/09/19
 0.0000000   2.0000000    0.0000   5398.718 0.010   -2.7   -5.1 -1.98 0.048  40   0 09:35:46     44426.39920    0.0000  2021/09/19
 0.0000000   2.0999999    0.0000   5386.822 0.017    2.7   -2.7 -1.92 0.056  40   0 09:47:42     44426.40747    0.0000  2021/09/19
 0.0000000   2.0999999    0.0000   5386.822 0.021    3.0   -2.8 -1.91 0.056  40   0 09:48:30     44426.40803    0.0000  2021/09/19
 0.0000000   2.0999999    0.0000   5386.826 0.022    3.2   -3.1 -1.91 0.056  40   0 09:49:14     44426.40854    0.0000  2021/09/19
 0.0000000   2.0999999    0.0000   5386.821 0.014    3.2   -3.2 -1.91 0.057  40   0 09:49:58     44426.40904    0.0000  2021/09/19
 0.0000000   2.0999999    0.0000   5386.821 0.032    3.2   -3.4 -1.91 0.057  40   0 09:50:42     44426.40955    0.0000  2021/09/19
 0.0000000   2.0000000    0.0000   5398.722 0.008    1.7    2.1 -1.96 0.064  40   0 10:03:58     44426.41875    0.0000  2021/09/19
 0.0000000   2.0000000    0.0000   5398.723 0.010    1.5    2.1 -1.96 0.065  40   0 10:04:46     44426.41930    0.0000  2021/09/19
 0.0000000   2.0000000    0.0000   5398.722 0.010    1.4    2.0 -1.96 0.065  40   0 10:05:30     44426.41981    0.0000  2021/09/19
 0.0000000   2.0000000    0.0000   5398.722 0.008    1.3    1.9 -1.96 0.065  40   0 10:06:14     44426.42032    0.0000  2021/09/19
 0.0000000   2.0000000    0.0000   5398.722 0.009    1.3    1.8 -1.96 0.066  40   0 10:06:58     44426.42083    0.0000  2021/09/19
 0.0000000   2.0999999    0.0000   5386.822 0.038    5.6   -0.6 -1.91 0.073  40   0 10:20:54     44426.43049    0.0000  2021/09/19
 0.0000000   2.0999999    0.0000   5386.824 0.034    5.9   -0.7 -1.91 0.073  40   0 10:21:42     44426.43105    0.0000  2021/09/19
 0.0000000   2.0999999    0.0000   5386.822 0.028    5.9   -0.7 -1.91 0.073  40   0 10:22:26     44426.43155    0.0000  2021/09/19
 0.0000000   2.0999999    0.0000   5386.821 0.024    5.9   -0.8 -1.91 0.074  40   0 10:23:10     44426.43206    0.0000  2021/09/19
 0.0000000   2.0999999    0.0000   5386.821 0.022    5.9   -0.9 -1.92 0.074  40   0 10:23:54     44426.43257    0.0000  2021/09/19
 0.0000000   3.0000000    0.0000   5375.086 0.021    3.0    0.8 -1.95 0.078  40   0 10:33:25     44426.43917    0.0000  2021/09/19
 0.0000000   3.0000000    0.0000   5375.086 0.021    3.2    0.7 -1.94 0.079  40   1 10:34:13     44426.43972    0.0000  2021/09/19
 0.0000000   3.0000000    0.0000   5375.087 0.030    3.6    0.5 -1.94 0.079  40   1 10:34:57     44426.44023    0.0000  2021/09/19
 0.0000000   3.0000000    0.0000   5375.086 0.021    3.8    0.4 -1.94 0.079  40   0 10:35:41     44426.44074    0.0000  2021/09/19
 0.0000000   3.0000000    0.0000   5375.087 0.017    4.0    0.3 -1.94 0.079  40   0 10:36:25     44426.44125    0.0000  2021/09/19
 0.0000000   2.0999999    0.0000   5386.822 0.039    4.8    0.0 -1.93 0.083  40   0 10:45:33     44426.44758    0.0000  2021/09/19
 0.0000000   2.0999999    0.0000   5386.824 0.025    5.0    0.0 -1.92 0.083  40   0 10:46:21     44426.44814    0.0000  2021/09/19
 0.0000000   2.0999999    0.0000   5386.823 0.039    5.4    0.0 -1.92 0.083  40   0 10:47:05     44426.44864    0.0000  2021/09/19
 0.0000000   2.0999999    0.0000   5386.822 0.055    5.7    0.0 -1.92 0.084  40   0 10:47:49     44426.44915    0.0000  2021/09/19
 0.0000000   2.0999999    0.0000   5386.823 0.061    5.7    0.0 -1.92 0.084  40   0 10:48:33     44426.44966    0.0000  2021/09/19
 0.0000000   3.0000000    0.0000   5375.084 0.023    1.7   -2.6 -1.91 0.087  40   0 10:58:55     44426.45685    0.0000  2021/09/19
 0.0000000   3.0000000    0.0000   5375.085 0.024    2.0   -2.4 -1.91 0.088  40   0 10:59:43     44426.45740    0.0000  2021/09/19
 0.0000000   3.0000000    0.0000   5375.078 0.042    2.3   -2.6 -1.90 0.088  40   1 11:00:27     44426.45791    0.0000  2021/09/19
 0.0000000   3.0000000    0.0000   5375.084 0.027    2.5   -2.6 -1.90 0.088  40   0 11:01:11     44426.45842    0.0000  2021/09/19
 0.0000000   3.0000000    0.0000   5375.085 0.031    2.6   -2.8 -1.90 0.088  40   9 11:01:55     44426.45893    0.0000  2021/09/19
 0.0000000   4.0000000    0.0000   5354.096 0.025    1.2   -5.0 -1.90 0.091  40   0 11:13:17     44426.46681    0.0000  2021/09/19
 0.0000000   4.0000000    0.0000   5354.096 0.029    3.4   -5.8 -1.90 0.091  40  14 11:14:05     44426.46736    0.0000  2021/09/19
 0.0000000   4.0000000    0.0000   5354.095 0.043    4.5   -6.0 -1.90 0.091  40   0 11:14:49     44426.46787    0.0000  2021/09/19
 0.0000000   4.0000000    0.0000   5354.094 0.041    5.4   -6.3 -1.91 0.091  40   0 11:15:33     44426.46838    0.0000  2021/09/19
 0.0000000   4.0000000    0.0000   5354.094 0.045    6.6   -6.6 -1.91 0.092  40   0 11:16:17     44426.46889    0.0000  2021/09/19
 0.0000000   4.0000000    0.0000   5354.093 0.040    7.4   -6.8 -1.92 0.092  40   0 11:17:01     44426.46940    0.0000  2021/09/19
 0.0000000   3.0000000    0.0000   5375.084 0.019    2.5   -0.4 -1.94 0.094  40   0 11:29:14     44426.47787    0.0000  2021/09/19
 0.0000000   3.0000000    0.0000   5375.082 0.018    2.9   -0.5 -1.94 0.094  40   0 11:30:02     44426.47842    0.0000  2021/09/19
 0.0000000   3.0000000    0.0000   5375.083 0.027    3.1   -0.6 -1.95 0.094  40   0 11:30:46     44426.47893    0.0000  2021/09/19
 0.0000000   3.0000000    0.0000   5375.084 0.018    3.3   -0.8 -1.95 0.094  40   0 11:31:30     44426.47944    0.0000  2021/09/19
 0.0000000   3.0000000    0.0000   5375.083 0.020    3.8   -0.6 -1.96 0.094  40   0 11:32:14     44426.47995    0.0000  2021/09/19
 0.0000000   4.0000000    0.0000   5354.093 0.016    4.2   -4.0 -1.93 0.095  40   1 11:46:31     44426.48985    0.0000  2021/09/19
 0.0000000   4.0000000    0.0000   5354.093 0.021    5.1   -4.3 -1.93 0.095  40   0 11:47:19     44426.49041    0.0000  2021/09/19
 0.0000000   4.0000000    0.0000   5354.094 0.023    5.5   -4.3 -1.94 0.095  40   0 11:48:03     44426.49091    0.0000  2021/09/19
 0.0000000   4.0000000    0.0000   5354.093 0.020    5.6   -4.2 -1.94 0.095  40   0 11:48:47     44426.49142    0.0000  2021/09/19
 0.0000000   4.0000000    0.0000   5354.093 0.018    5.8   -4.0 -1.95 0.095  40   1 11:49:31     44426.49193    0.0000  2021/09/19
 0.0000000   5.0000000    0.0000   5335.958 0.019    1.4    1.4 -1.88 0.092  40   0 12:31:29     44426.52103    0.0000  2021/09/19
 0.0000000   5.0000000    0.0000   5335.957 0.016    1.9    1.1 -1.89 0.091  40   0 12:32:17     44426.52158    0.0000  2021/09/19
 0.0000000   5.0000000    0.0000   5335.957 0.022    2.2    0.9 -1.90 0.091  40   0 12:33:01     44426.52209    0.0000  2021/09/19
 0.0000000   5.0000000    0.0000   5335.957 0.032    2.5    0.5 -1.91 0.091  40   1 12:33:45     44426.52260    0.0000  2021/09/19
 0.0000000   5.0000000    0.0000   5335.957 0.019    2.7    0.9 -1.92 0.091  40   0 12:34:29     44426.52311    0.0000  2021/09/19
 0.0000000   4.0000000    0.0000   5354.095 0.020    1.4    0.5 -1.98 0.087  40   0 12:50:12     44426.53401    0.0000  2021/09/19
 0.0000000   4.0000000    0.0000   5354.094 0.024    1.5    0.3 -1.99 0.087  40   0 12:51:00     44426.53456    0.0000  2021/09/19
 0.0000000   4.0000000    0.0000   5354.094 0.022    1.3    0.3 -1.99 0.086  40   0 12:51:44     44426.53507    0.0000  2021/09/19
 0.0000000   4.0000000    0.0000   5354.095 0.028    0.9    0.6 -2.00 0.086  40   0 12:52:28     44426.53558    0.0000  2021/09/19
 0.0000000   4.0000000    0.0000   5354.095 0.033    0.4    0.7 -2.00 0.086  40   0 12:53:12     44426.53609    0.0000  2021/09/19
 0.0000000   5.0000000    0.0000   5335.956 0.036   -0.4   -1.7 -1.96 0.078  40   0 13:15:19     44426.55142    0.0000  2021/09/19
 0.0000000   5.0000000    0.0000   5335.956 0.021   -0.4   -1.8 -1.98 0.077  40   0 13:16:07     44426.55197    0.0000  2021/09/19
 0.0000000   5.0000000    0.0000   5335.955 0.020   -0.4   -1.9 -1.98 0.077  40   0 13:16:51     44426.55248    0.0000  2021/09/19
 0.0000000   5.0000000    0.0000   5335.956 0.024   -0.4   -2.0 -1.99 0.077  40   0 13:17:35     44426.55299    0.0000  2021/09/19
 0.0000000   5.0000000    0.0000   5335.954 0.019   -0.7   -2.1 -2.00 0.076  40   0 13:18:19     44426.55350    0.0000  2021/09/19
 0.0000000   6.0000000    0.0000   5315.903 0.032    1.1    3.4 -2.02 0.068  40   0 13:34:51     44426.56496    0.0000  2021/09/19
 0.0000000   6.0000000    0.0000   5315.902 0.031    0.9    3.3 -2.02 0.068  40   0 13:35:39     44426.56552    0.0000  2021/09/19
 0.0000000   6.0000000    0.0000   5315.903 0.030    0.7    3.1 -2.02 0.068  40   0 13:36:23     44426.56603    0.0000  2021/09/19
 0.0000000   6.0000000    0.0000   5315.901 0.030    0.7    3.0 -2.02 0.067  40   0 13:37:07     44426.56653    0.0000  2021/09/19
 0.0000000   6.0000000    0.0000   5315.903 0.026    0.7    2.6 -2.03 0.067  40   0 13:37:51     44426.56704    0.0000  2021/09/19
 0.0000000   5.0000000    0.0000   5335.956 0.050   -4.3   -1.9 -1.96 0.057  40   0 13:55:07     44426.57901    0.0000  2021/09/19
 0.0000000   5.0000000    0.0000   5335.954 0.055   -4.3   -2.2 -1.97 0.057  40   0 13:55:55     44426.57957    0.0000  2021/09/19
 0.0000000   5.0000000    0.0000   5335.956 0.061   -4.5   -2.3 -1.97 0.056  40   0 13:56:39     44426.58008    0.0000  2021/09/19
 0.0000000   5.0000000    0.0000   5335.954 0.083   -4.7   -2.3 -1.98 0.056  40   0 13:57:23     44426.58059    0.0000  2021/09/19
 0.0000000   5.0000000    0.0000   5335.957 0.092   -4.9   -2.7 -1.98 0.056  40   0 13:58:07     44426.58109    0.0000  2021/09/19
 0.0000000   6.0000000    0.0000   5315.899 0.053   -2.3    0.9 -1.93 0.044  40   0 14:16:34     44426.59389    0.0000  2021/09/19
 0.0000000   6.0000000    0.0000   5315.898 0.047   -2.9    0.8 -1.94 0.044  40   0 14:17:22     44426.59444    0.0000  2021/09/19
 0.0000000   6.0000000    0.0000   5315.899 0.037   -3.6    0.8 -1.95 0.043  40   0 14:18:06     44426.59495    0.0000  2021/09/19
 0.0000000   6.0000000    0.0000   5315.897 0.032   -4.3    0.7 -1.96 0.042  40   0 14:18:50     44426.59546    0.0000  2021/09/19
 0.0000000   6.0000000    0.0000   5315.899 0.025   -5.0    0.7 -1.97 0.042  40   0 14:19:34     44426.59597    0.0000  2021/09/19
 0.0000000   5.0000000    0.0000   5335.952 0.029   -9.6   -7.2 -1.82 0.016  40   0 14:57:34     44426.62231    0.0000  2021/09/19
 0.0000000   5.0000000    0.0000   5335.950 0.029  -11.2   -7.3 -1.83 0.015  40   0 14:58:22     44426.62287    0.0000  2021/09/19
 0.0000000   5.0000000    0.0000   5335.951 0.027  -11.9   -7.1 -1.84 0.015  40   0 14:59:06     44426.62338    0.0000  2021/09/19
 0.0000000   5.0000000    0.0000   5335.950 0.027  -12.7   -6.9 -1.85 0.014  40   0 14:59:50     44426.62388    0.0000  2021/09/19
 0.0000000   5.0000000    0.0000   5335.950 0.033  -13.0   -6.6 -1.86 0.014  40   0 15:00:34     44426.62439    0.0000  2021/09/19
 0.0000000   4.0000000    0.0000   5354.087 0.024   -4.8   -8.7 -1.95 0.002  40   0 15:16:24     44426.63537    0.0000  2021/09/19
 0.0000000   4.0000000    0.0000   5354.087 0.023   -5.4   -9.4 -1.96 0.002  40   0 15:17:12     44426.63593    0.0000  2021/09/19
 0.0000000   4.0000000    0.0000   5354.086 0.029   -6.1   -9.7 -1.97 0.001  40   0 15:17:56     44426.63643    0.0000  2021/09/19
 0.0000000   4.0000000    0.0000   5354.083 0.029   -7.4   -9.9 -1.97 0.000  40   0 15:18:40     44426.63694    0.0000  2021/09/19
 0.0000000   4.0000000    0.0000   5354.084 0.027   -8.0  -10.4 -1.98 0.000  40   0 15:19:24     44426.63745    0.0000  2021/09/19
 0.0000000   5.0000000    0.0000   5335.957 0.029    2.9   -1.9 -1.98 -0.010  40   0 15:34:22     44426.64783    0.0000  2021/09/19
 0.0000000   5.0000000    0.0000   5335.958 0.024    2.9   -2.2 -1.98 -0.010  40   0 15:35:10     44426.64838    0.0000  2021/09/19
 0.0000000   5.0000000    0.0000   5335.957 0.022    2.8   -2.8 -1.99 -0.011  40   0 15:35:54     44426.64889    0.0000  2021/09/19
 0.0000000   5.0000000    0.0000   5335.957 0.027    2.8   -2.8 -2.00 -0.011  40   0 15:36:38     44426.64940    0.0000  2021/09/19
 0.0000000   5.0000000    0.0000   5335.957 0.021    2.8   -3.0 -2.00 -0.012  40   0 15:37:22     44426.64991    0.0000  2021/09/19
 0.0000000   4.0000000    0.0000   5354.093 0.021   -0.9   -2.9 -1.99 -0.023  40   0 15:53:30     44426.66109    0.0000  2021/09/19
 0.0000000   4.0000000    0.0000   5354.093 0.022   -1.2   -3.7 -2.00 -0.024  40   0 15:54:18     44426.66165    0.0000  2021/09/19
 0.0000000   4.0000000    0.0000   5354.094 0.025   -1.6   -4.4 -2.00 -0.025  40   0 15:55:02     44426.66216    0.0000  2021/09/19
 0.0000000   4.0000000    0.0000   5354.091 0.030   -2.3   -4.9 -2.00 -0.025  40   0 15:55:46     44426.66266    0.0000  2021/09/19
 0.0000000   4.0000000    0.0000   5354.092 0.030   -3.0   -5.1 -2.00 -0.025  40   0 15:56:30     44426.66317    0.0000  2021/09/19
 0.0000000   3.0000000    0.0000   5375.086 0.027    1.7    4.7 -1.90 -0.034  40   0 16:09:31     44426.67220    0.0000  2021/09/19
 0.0000000   3.0000000    0.0000   5375.084 0.030    0.2    4.2 -1.90 -0.035  40   0 16:10:19     44426.67275    0.0000  2021/09/19
 0.0000000   3.0000000    0.0000   5375.084 0.042   -0.9    4.1 -1.90 -0.035  40   0 16:11:03     44426.67326    0.0000  2021/09/19
 0.0000000   3.0000000    0.0000   5375.083 0.038   -2.0    4.0 -1.91 -0.036  40   0 16:11:47     44426.67377    0.0000  2021/09/19
 0.0000000   3.0000000    0.0000   5375.084 0.030   -3.0    3.9 -1.91 -0.036  40   0 16:12:31     44426.67428    0.0000  2021/09/19
 0.0000000   4.0000000    0.0000   5354.093 0.025    1.6   -4.9 -1.98 -0.044  40   0 16:25:10     44426.68305    0.0000  2021/09/19
 0.0000000   4.0000000    0.0000   5354.092 0.022    1.5   -6.2 -1.98 -0.045  40   0 16:25:58     44426.68360    0.0000  2021/09/19
 0.0000000   4.0000000    0.0000   5354.089 0.024    0.7   -6.6 -1.99 -0.046  40   1 16:26:42     44426.68411    0.0000  2021/09/19
 0.0000000   4.0000000    0.0000   5354.090 0.020    0.0   -6.4 -1.99 -0.046  40   0 16:27:26     44426.68462    0.0000  2021/09/19
 0.0000000   4.0000000    0.0000   5354.087 0.021   -0.1   -6.6 -1.99 -0.046  40   0 16:28:10     44426.68513    0.0000  2021/09/19
 0.0000000   3.0000000    0.0000   5375.083 0.019    3.0    1.4 -1.98 -0.055  40   0 16:43:01     44426.69542    0.0000  2021/09/19
 0.0000000   3.0000000    0.0000   5375.082 0.015    2.6    1.5 -1.99 -0.056  40   0 16:43:49     44426.69598    0.0000  2021/09/19
 0.0000000   3.0000000    0.0000   5375.082 0.014    2.0    1.7 -2.00 -0.056  40   0 16:44:33     44426.69649    0.0000  2021/09/19
 0.0000000   3.0000000    0.0000   5375.082 0.014    1.4    1.8 -2.00 -0.056  40   0 16:45:17     44426.69700    0.0000  2021/09/19
 0.0000000   3.0000000    0.0000   5375.082 0.015    0.7    1.8 -2.01 -0.057  40   0 16:46:01     44426.69750    0.0000  2021/09/19
 0.0000000   2.0999999    0.0000   5386.817 0.019   -1.8   -6.0 -2.00 -0.062  40   0 16:56:03     44426.70446    0.0000  2021/09/19
 0.0000000   2.0999999    0.0000   5386.815 0.014   -1.9   -6.3 -2.00 -0.063  40   0 16:56:51     44426.70502    0.0000  2021/09/19
 0.0000000   2.0999999    0.0000   5386.817 0.013   -1.5   -6.7 -2.00 -0.063  40   0 16:57:35     44426.70552    0.0000  2021/09/19
 0.0000000   2.0999999    0.0000   5386.817 0.014   -2.0   -7.2 -1.99 -0.063  40   0 16:58:19     44426.70603    0.0000  2021/09/19
 0.0000000   2.0999999    0.0000   5386.816 0.017   -2.3   -7.6 -1.99 -0.064  40   0 16:59:03     44426.70654    0.0000  2021/09/19
 0.0000000   3.0000000    0.0000   5375.093 0.023   -1.9    1.7 -1.99 -0.069  40   1 17:10:09     44426.71424    0.0000  2021/09/19
 0.0000000   3.0000000    0.0000   5375.094 0.023   -3.0    1.5 -1.98 -0.070  40   2 17:10:57     44426.71479    0.0000  2021/09/19
 0.0000000   3.0000000    0.0000   5375.094 0.026   -3.7    1.3 -1.98 -0.070  40   2 17:11:41     44426.71530    0.0000  2021/09/19
 0.0000000   3.0000000    0.0000   5375.104 0.033   -4.2    1.2 -1.98 -0.070  40   8 17:12:25     44426.71581    0.0000  2021/09/19
 0.0000000   3.0000000    0.0000   5375.092 0.020   -5.1    1.2 -1.98 -0.071  40   0 17:13:09     44426.71632    0.0000  2021/09/19
 0.0000000   2.0999999    0.0000   5386.827 0.029    2.3   -4.0 -1.98 -0.075  40   0 17:24:12     44426.72398    0.0000  2021/09/19
 0.0000000   2.0999999    0.0000   5386.827 0.044    2.3   -4.1 -1.98 -0.076  40   0 17:25:00     44426.72453    0.0000  2021/09/19
 0.0000000   2.0999999    0.0000   5386.826 0.033    2.6   -4.5 -1.97 -0.076  40   0 17:25:44     44426.72504    0.0000  2021/09/19
 0.0000000   2.0999999    0.0000   5386.827 0.040    2.5   -4.7 -1.98 -0.076  40   0 17:26:28     44426.72555    0.0000  2021/09/19
 0.0000000   2.0999999    0.0000   5386.819 0.047    1.9   -5.2 -1.98 -0.077  40   4 17:27:12     44426.72606    0.0000  2021/09/19
 0.0000000   2.0999999    0.0000   5386.827 0.058    1.9   -5.0 -1.98 -0.077  40   0 17:27:56     44426.72657    0.0000  2021/09/19
 0.0000000   2.0000000    0.0000   5398.728 0.030   -4.7   -1.0 -1.93 -0.081  40   1 17:39:44     44426.73475    0.0000  2021/09/19
 0.0000000   2.0000000    0.0000   5398.726 0.046   -4.4   -1.6 -1.92 -0.081  40   0 17:40:32     44426.73530    0.0000  2021/09/19
 0.0000000   2.0000000    0.0000   5398.725 0.053   -4.6   -1.8 -1.92 -0.082  40   0 17:41:16     44426.73581    0.0000  2021/09/19
 0.0000000   2.0000000    0.0000   5398.724 0.052   -4.4   -2.6 -1.92 -0.082  40   0 17:42:00     44426.73632    0.0000  2021/09/19
 0.0000000   2.0000000    0.0000   5398.723 0.059   -4.3   -2.4 -1.93 -0.082  40   0 17:42:44     44426.73683    0.0000  2021/09/19
 0.0000000   2.0000000    0.0000   5398.723 0.038   -4.4   -2.5 -1.93 -0.082  40   0 17:43:28     44426.73734    0.0000  2021/09/19
 0.0000000   2.0999999    0.0000   5386.825 0.025    3.7   -2.9 -1.90 -0.086  40   0 17:54:40     44426.74510    0.0000  2021/09/19
 0.0000000   2.0999999    0.0000   5386.825 0.021    3.7   -3.1 -1.89 -0.086  40   0 17:55:28     44426.74566    0.0000  2021/09/19
 0.0000000   2.0999999    0.0000   5386.826 0.023    4.1   -3.4 -1.88 -0.086  40   2 17:56:12     44426.74617    0.0000  2021/09/19
 0.0000000   2.0999999    0.0000   5386.825 0.036    4.7   -3.7 -1.88 -0.086  40   0 17:56:56     44426.74667    0.0000  2021/09/19
 0.0000000   2.0999999    0.0000   5386.824 0.035    4.1   -3.9 -1.89 -0.086  40   0 17:57:40     44426.74718    0.0000  2021/09/19
 0.0000000   2.0000000    0.0000   5398.725 0.023    1.0    2.2 -1.92 -0.089  40   3 18:09:15     44426.75521    0.0000  2021/09/19
 0.0000000   2.0000000    0.0000   5398.727 0.016    0.9    1.0 -1.91 -0.089  40   0 18:10:03     44426.75577    0.0000  2021/09/19
 0.0000000   2.0000000    0.0000   5398.727 0.019    1.0    1.5 -1.91 -0.089  40   9 18:10:47     44426.75628    0.0000  2021/09/19
 0.0000000   2.0000000    0.0000   5398.726 0.010    0.8    1.7 -1.91 -0.089  40   0 18:11:31     44426.75678    0.0000  2021/09/19
 0.0000000   2.0000000    0.0000   5398.725 0.014    0.9    1.5 -1.92 -0.089  40   1 18:12:15     44426.75729    0.0000  2021/09/19
 0.0000000  10.0000000    0.0000   5397.206 0.013   -2.1   -5.3 -1.87 -0.092  40   0 18:32:25     44426.77128    0.0000  2021/09/19
 0.0000000  10.0000000    0.0000   5397.205 0.014   -2.2   -5.4 -1.88 -0.092  40   0 18:33:13     44426.77183    0.0000  2021/09/19
 0.0000000  10.0000000    0.0000   5397.206 0.015   -2.2   -5.5 -1.89 -0.092  40   0 18:33:57     44426.77234    0.0000  2021/09/19
 0.0000000  10.0000000    0.0000   5397.206 0.015   -2.3   -5.5 -1.90 -0.092  40   0 18:34:41     44426.77285    0.0000  2021/09/19
 0.0000000  10.0000000    0.0000   5397.206 0.019   -2.3   -5.7 -1.91 -0.092  40   0 18:35:25     44426.77336    0.0000  2021/09/19
 -19326283678222518000000000.000,0   ,-0.000  ,-182260.047,   0.000,-23297,16895,   0.000,   0.000,0.000   ,0.000   ,-0.000  ,1.789   