
/	CG-5 SURVEY
/	Survey name:   	110a-kpre-ledv
/	Instrument S/N:	51265
/	Client:        	tsniigaik
/	Operator:      	iim
/	Date:          	2022/ 4/20
/	Time:          	05:17:28
/	LONG:        	37.5000000 E
/	LAT:         	55.8000000 N
/	ZONE:        	0       
/	GMT DIFF.:   	0.0 

/	CG-5 SETUP PARAMETERS
/	Gref:			0.000   
/	Gcal1:		8017.994
/	TiltxS:		646.306 
/	TiltyS:		739.919 
/	TiltxO:		-46.165 
/	TiltyO:		-37.934 
/	Tempco:		-0.137  
/	Drift:		0.875   
/	DriftTime Start:	05:17:31
/	DriftDate Start:	2022/04/20

/	CG-5 OPTIONS
/	Tide Correction:    YES
/	Cont. Tilt:          NO
/	Auto Rejection:     YES
/	Terrain Corr.:       NO
/	Seismic Filter:     YES
/	Raw Data:           YES
Line	 134.000N
/------LINE-----STATION-----ALT.------GRAV.---SD.--TILTX--TILTY-TEMP---TIDE---DUR-REJ-----TIME----DEC.TIME+DATE--TERRAIN---DATE
134.0000000  12.0000000   31.2986   6192.573 0.046   -2.2    0.9 -0.33 -0.077  55   5 05:25:09     44639.22544    0.0000  2022/04/20
134.0000000  12.0000000   31.5428   6192.572 0.039   -2.3    0.9 -0.34 -0.077  55   0 05:26:14     44639.22619    0.0000  2022/04/20
134.0000000  12.0000000   31.2986   6192.572 0.044   -2.4    1.1 -0.34 -0.077  55   0 05:27:14     44639.22688    0.0000  2022/04/20
134.0000000  12.0000000   31.0545   6192.573 0.033   -2.6    1.1 -0.35 -0.076  55   0 05:28:14     44639.22758    0.0000  2022/04/20
134.0000000  12.0000000   31.2986   6192.573 0.051   -2.6    1.3 -0.35 -0.076  55   0 05:29:14     44639.22827    0.0000  2022/04/20
134.0000000  12.0000000   31.2986   6192.574 0.110   -2.7    1.0 -0.36 -0.076  55   0 05:30:14     44639.22896    0.0000  2022/04/20
134.0000000  12.0000000   31.5428   6192.572 0.054   -2.8    1.2 -0.37 -0.075  55   0 05:31:14     44639.22966    0.0000  2022/04/20
134.0000000  12.0000000   31.2986   6192.573 0.048   -2.8    1.1 -0.37 -0.075  55   0 05:32:14     44639.23035    0.0000  2022/04/20
134.0000000  12.0000000   31.2986   6192.572 0.040   -2.9    1.2 -0.37 -0.075  55   0 05:33:14     44639.23104    0.0000  2022/04/20
134.0000000  12.0000000   31.2986   6192.573 0.053   -2.9    1.1 -0.38 -0.074  55   0 05:34:14     44639.23174    0.0000  2022/04/20
134.0000000  12.0000000   31.5428   6192.574 0.038   -2.9    1.0 -0.38 -0.074  55   3 05:35:14     44639.23243    0.0000  2022/04/20
134.0000000  12.0000000   31.2986   6192.582 0.074   -2.9    1.0 -0.39 -0.073  55   4 05:36:14     44639.23312    0.0000  2022/04/20
134.0000000  12.0000000   31.2986   6192.572 0.080   -3.0    1.0 -0.39 -0.073  55   3 05:37:14     44639.23382    0.0000  2022/04/20
134.0000000  12.0000000   31.2986   6192.571 0.037   -2.9    1.0 -0.39 -0.073  55   1 05:38:14     44639.23451    0.0000  2022/04/20
134.0000000  12.0000000   31.2986   6192.573 0.044   -3.0    0.8 -0.40 -0.072  55   0 05:39:14     44639.23520    0.0000  2022/04/20
134.0000000  12.0000000   31.2986   6192.571 0.041   -3.0    0.8 -0.40 -0.072  55   0 05:40:14     44639.23590    0.0000  2022/04/20
134.0000000  12.0000000   31.5428   6192.572 0.037   -3.1    0.7 -0.40 -0.072  55   0 05:41:14     44639.23659    0.0000  2022/04/20
134.0000000  12.0000000   31.2986   6192.572 0.035   -3.1    0.7 -0.40 -0.071  55   0 05:42:14     44639.23728    0.0000  2022/04/20
134.0000000  12.0000000   31.2986   6192.571 0.038   -3.1    0.6 -0.40 -0.071  55   0 05:43:14     44639.23798    0.0000  2022/04/20
134.0000000  12.0000000   31.2986   6192.572 0.034   -3.2    0.5 -0.41 -0.070  55   0 05:44:14     44639.23867    0.0000  2022/04/20
134.0000000  12.0000000   31.2986   6192.573 0.037   -3.1    0.6 -0.41 -0.070  55   0 05:45:14     44639.23936    0.0000  2022/04/20
134.0000000  12.0000000   31.0545   6192.572 0.038   -3.0    0.4 -0.41 -0.070  55   0 05:46:14     44639.24006    0.0000  2022/04/20
134.0000000  12.0000000   31.2986   6192.571 0.044   -3.1    0.4 -0.41 -0.069  55   0 05:47:14     44639.24075    0.0000  2022/04/20
134.0000000  12.0000000   31.2986   6192.570 0.078   -3.1    0.3 -0.41 -0.069  55   0 05:48:14     44639.24144    0.0000  2022/04/20
134.0000000  12.0000000   31.2986   6192.570 0.057   -3.2    0.0 -0.41 -0.068  55   1 05:49:14     44639.24214    0.0000  2022/04/20
134.0000000  12.0000000   31.5428   6192.574 0.072   -3.1    0.0 -0.41 -0.068  55   4 05:50:14     44639.24283    0.0000  2022/04/20
134.0000000  12.0000000   31.2986   6192.572 0.041   -3.1    0.0 -0.41 -0.068  55   0 05:51:14     44639.24352    0.0000  2022/04/20
134.0000000  12.0000000   31.2986   6192.571 0.068   -3.1   -0.2 -0.41 -0.067  55   0 05:52:14     44639.24422    0.0000  2022/04/20
134.0000000  12.0000000   31.2986   6192.571 0.104   -3.2   -0.3 -0.42 -0.067  55   0 05:53:14     44639.24491    0.0000  2022/04/20
134.0000000  12.0000000   31.2986   6192.571 0.054   -3.2   -0.3 -0.42 -0.066  55   0 05:54:14     44639.24560    0.0000  2022/04/20
134.0000000  12.0000000   31.2986   6192.572 0.075   -3.2   -0.4 -0.42 -0.066  55   0 05:55:14     44639.24630    0.0000  2022/04/20
134.0000000  12.0000000   31.2986   6192.572 0.048   -3.2   -0.5 -0.42 -0.066  55   0 05:56:14     44639.24699    0.0000  2022/04/20
134.0000000  12.0000000   31.5428   6192.570 0.047   -3.2   -0.9 -0.42 -0.065  55   0 05:57:14     44639.24768    0.0000  2022/04/20
134.0000000  12.0000000   31.2986   6192.573 0.038   -3.2   -0.9 -0.42 -0.065  55   0 05:58:14     44639.24838    0.0000  2022/04/20
134.0000000  12.0000000   31.5428   6192.571 0.079   -3.4   -1.0 -0.42 -0.064  55   0 05:59:14     44639.24907    0.0000  2022/04/20
134.0000000  12.0000000   31.2986   6192.571 0.080   -3.3   -1.1 -0.42 -0.064  55   0 06:00:14     44639.24976    0.0000  2022/04/20
134.0000000  12.0000000   31.2986   6192.570 0.073   -3.3   -1.2 -0.42 -0.063  55   0 06:01:14     44639.25046    0.0000  2022/04/20
134.0000000  12.0000000   31.5428   6192.570 0.069   -3.3   -1.4 -0.42 -0.063  55   0 06:02:14     44639.25115    0.0000  2022/04/20
134.0000000  12.0000000   31.2986   6192.572 0.043   -3.4   -1.5 -0.42 -0.063  55   0 06:03:14     44639.25184    0.0000  2022/04/20
134.0000000  12.0000000   31.2986   6192.572 0.039   -3.4   -1.6 -0.42 -0.062  55   0 06:04:14     44639.25254    0.0000  2022/04/20
134.0000000  12.0000000   31.0545   6192.574 0.056   -3.3   -1.6 -0.42 -0.062  55   1 06:05:14     44639.25323    0.0000  2022/04/20
134.0000000  12.0000000   31.2986   6192.572 0.080   -3.4   -1.8 -0.42 -0.061  55   0 06:06:14     44639.25392    0.0000  2022/04/20
134.0000000  12.0000000   31.2986   6192.572 0.067   -3.3   -1.9 -0.42 -0.061  55   0 06:07:14     44639.25462    0.0000  2022/04/20
134.0000000  12.0000000   31.0545   6192.572 0.052   -3.4   -2.1 -0.42 -0.060  55   0 06:08:14     44639.25531    0.0000  2022/04/20
134.0000000  12.0000000   31.5428   6192.572 0.102   -3.3   -2.1 -0.42 -0.060  55   1 06:09:14     44639.25600    0.0000  2022/04/20
134.0000000  12.0000000   31.5428   6192.569 0.052   -3.3   -2.4 -0.42 -0.059  55   0 06:10:14     44639.25670    0.0000  2022/04/20
134.0000000  12.0000000   31.2986   6192.567 0.141   -3.3   -2.5 -0.42 -0.059  55   2 06:11:14     44639.25739    0.0000  2022/04/20
134.0000000  12.0000000   31.2986   6192.571 0.075   -3.3   -2.5 -0.42 -0.059  55   3 06:12:14     44639.25808    0.0000  2022/04/20
134.0000000  12.0000000   31.5428   6192.570 0.049   -3.3   -2.5 -0.42 -0.058  55   0 06:13:14     44639.25878    0.0000  2022/04/20
134.0000000  12.0000000   31.5428   6192.571 0.047   -3.3   -2.7 -0.42 -0.058  55   0 06:14:14     44639.25947    0.0000  2022/04/20
134.0000000  12.0000000   31.2986   6192.571 0.050   -3.4   -2.9 -0.42 -0.057  55   0 06:15:14     44639.26016    0.0000  2022/04/20
134.0000000  12.0000000   31.5428   6192.573 0.048   -3.3   -2.9 -0.42 -0.057  55   0 06:16:14     44639.26086    0.0000  2022/04/20
134.0000000  12.0000000   31.5428   6192.571 0.055   -3.5   -3.0 -0.42 -0.056  55   0 06:17:14     44639.26155    0.0000  2022/04/20
134.0000000  12.0000000   31.5428   6192.572 0.041   -3.4   -3.1 -0.42 -0.056  55   0 06:18:14     44639.26224    0.0000  2022/04/20
134.0000000  12.0000000   31.2986   6192.571 0.062   -3.4   -3.2 -0.42 -0.055  55   0 06:19:14     44639.26294    0.0000  2022/04/20
134.0000000  12.0000000   31.2986   6192.572 0.044   -3.4   -3.3 -0.42 -0.055  55   2 06:20:14     44639.26363    0.0000  2022/04/20
134.0000000  12.0000000   31.5428   6192.571 0.058   -3.4   -3.4 -0.42 -0.054  55   0 06:21:14     44639.26432    0.0000  2022/04/20
134.0000000  12.0000000   31.5428   6192.571 0.043   -3.4   -3.5 -0.42 -0.054  55   0 06:22:14     44639.26502    0.0000  2022/04/20
134.0000000  12.0000000   31.2986   6192.570 0.066   -3.4   -3.6 -0.42 -0.053  55   0 06:23:14     44639.26571    0.0000  2022/04/20
134.0000000  12.0000000   29.8338   6192.571 0.041   -3.4   -3.8 -0.42 -0.053  55   0 06:24:15     44639.26641    0.0000  2022/04/20
134.0000000  32.0000000   33.4959   6166.070 0.021    0.1    0.3 -0.20 -0.005  55   1 07:54:07     44639.32872    0.0000  2022/04/20
134.0000000  32.0000000   33.2517   6166.071 0.018    0.5    0.3 -0.22 -0.004  55   2 07:55:12     44639.32947    0.0000  2022/04/20
134.0000000  32.0000000   33.2517   6166.071 0.016    0.6    0.4 -0.23 -0.003  55   0 07:56:12     44639.33017    0.0000  2022/04/20
134.0000000  32.0000000   33.0076   6166.070 0.017    0.6    0.2 -0.25 -0.003  55   0 07:57:12     44639.33086    0.0000  2022/04/20
134.0000000  32.0000000   33.0076   6166.071 0.013    0.6    0.2 -0.26 -0.002  55   0 07:58:12     44639.33155    0.0000  2022/04/20
134.0000000  32.0000000   33.0076   6166.072 0.014    0.6    0.3 -0.28 -0.002  55   0 07:59:12     44639.33225    0.0000  2022/04/20
134.0000000  32.0000000   32.7635   6166.071 0.014    0.5    0.2 -0.29 -0.001  55   0 08:00:12     44639.33294    0.0000  2022/04/20
134.0000000  32.0000000   32.7635   6166.071 0.015    0.5    0.2 -0.31 -0.001  55   0 08:01:12     44639.33363    0.0000  2022/04/20
134.0000000  32.0000000   32.5193   6166.071 0.013    0.4    0.1 -0.32 0.000  55   0 08:02:12     44639.33433    0.0000  2022/04/20
134.0000000  32.0000000   32.5193   6166.071 0.015    0.4    0.1 -0.33 0.000  55   0 08:03:12     44639.33502    0.0000  2022/04/20
134.0000000  32.0000000   32.2752   6166.071 0.016    0.3    0.0 -0.34 0.000  55   0 08:04:12     44639.33571    0.0000  2022/04/20
134.0000000  32.0000000   32.2752   6166.071 0.015    0.2    0.0 -0.35 0.001  55   0 08:05:12     44639.33641    0.0000  2022/04/20
134.0000000  32.0000000   32.2752   6166.072 0.015    0.1    0.0 -0.36 0.001  55   0 08:06:12     44639.33710    0.0000  2022/04/20
134.0000000  32.0000000   32.0310   6166.071 0.016    0.0   -0.2 -0.37 0.002  55   0 08:07:12     44639.33779    0.0000  2022/04/20
134.0000000  32.0000000   32.0310   6166.072 0.015    0.0   -0.3 -0.38 0.002  55   0 08:08:12     44639.33849    0.0000  2022/04/20
134.0000000  32.0000000   31.7869   6166.072 0.015   -0.1   -0.4 -0.38 0.003  55   0 08:09:12     44639.33918    0.0000  2022/04/20
134.0000000  32.0000000   31.7869   6166.071 0.014   -0.1   -0.5 -0.39 0.004  55   0 08:10:12     44639.33987    0.0000  2022/04/20
134.0000000  32.0000000   31.5428   6166.071 0.014   -0.2   -0.7 -0.39 0.004  55   0 08:11:12     44639.34057    0.0000  2022/04/20
134.0000000  32.0000000   31.5428   6166.071 0.016   -0.2   -0.8 -0.40 0.005  55   0 08:12:12     44639.34126    0.0000  2022/04/20
134.0000000  32.0000000   31.5428   6166.072 0.017   -0.4   -0.9 -0.40 0.005  55   0 08:13:12     44639.34195    0.0000  2022/04/20
134.0000000  32.0000000   31.5428   6166.072 0.016   -0.5   -1.2 -0.41 0.006  55   0 08:14:12     44639.34265    0.0000  2022/04/20
134.0000000  32.0000000   31.5428   6166.071 0.018   -0.5   -1.3 -0.41 0.006  55   0 08:15:12     44639.34334    0.0000  2022/04/20
134.0000000  32.0000000   31.5428   6166.071 0.014   -0.7   -1.5 -0.41 0.007  55   0 08:16:12     44639.34403    0.0000  2022/04/20
134.0000000  32.0000000   31.2986   6166.071 0.016   -0.7   -1.5 -0.42 0.008  55   0 08:17:12     44639.34473    0.0000  2022/04/20
134.0000000  32.0000000   31.0545   6166.071 0.015   -0.9   -1.8 -0.42 0.008  55   0 08:18:12     44639.34542    0.0000  2022/04/20
134.0000000  32.0000000   31.2986   6166.070 0.016   -0.9   -1.9 -0.42 0.009  55   0 08:19:12     44639.34611    0.0000  2022/04/20
134.0000000  32.0000000   31.2986   6166.070 0.017   -1.0   -2.1 -0.42 0.009  55   0 08:20:12     44639.34681    0.0000  2022/04/20
134.0000000  32.0000000   31.0545   6166.071 0.015   -1.1   -2.2 -0.43 0.010  55   0 08:21:12     44639.34750    0.0000  2022/04/20
134.0000000  32.0000000   31.0545   6166.070 0.015   -1.2   -2.4 -0.43 0.010  55   0 08:22:12     44639.34819    0.0000  2022/04/20
134.0000000  32.0000000   30.8103   6166.071 0.017   -1.2   -2.5 -0.43 0.011  55   0 08:23:12     44639.34889    0.0000  2022/04/20
134.0000000  32.0000000   30.8103   6166.071 0.017   -1.3   -2.7 -0.43 0.012  55   0 08:24:12     44639.34958    0.0000  2022/04/20
134.0000000  32.0000000   30.8103   6166.071 0.015   -1.4   -2.9 -0.43 0.012  55   0 08:25:12     44639.35027    0.0000  2022/04/20
134.0000000  32.0000000   30.8103   6166.072 0.015   -1.5   -3.1 -0.43 0.013  55   0 08:26:12     44639.35097    0.0000  2022/04/20
134.0000000  32.0000000   30.8103   6166.072 0.016   -1.5   -3.2 -0.43 0.013  55   0 08:27:12     44639.35166    0.0000  2022/04/20
134.0000000  32.0000000   30.5662   6166.071 0.015   -1.6   -3.4 -0.43 0.014  55   0 08:28:12     44639.35235    0.0000  2022/04/20
134.0000000  32.0000000   30.5662   6166.072 0.014   -1.7   -3.5 -0.44 0.014  55   0 08:29:12     44639.35305    0.0000  2022/04/20
134.0000000  32.0000000   30.5662   6166.072 0.015   -1.7   -3.7 -0.44 0.015  55   0 08:30:12     44639.35374    0.0000  2022/04/20
134.0000000  32.0000000   30.5662   6166.072 0.016   -1.8   -3.8 -0.44 0.016  55   0 08:31:12     44639.35443    0.0000  2022/04/20
134.0000000  32.0000000   30.5662   6166.072 0.015   -1.9   -4.0 -0.44 0.016  55   0 08:32:12     44639.35513    0.0000  2022/04/20
134.0000000  32.0000000   30.3221   6166.072 0.016   -2.0   -4.1 -0.44 0.017  55   0 08:33:12     44639.35582    0.0000  2022/04/20
134.0000000  32.0000000   30.3221   6166.071 0.018   -2.1   -4.3 -0.44 0.017  55   0 08:34:12     44639.35651    0.0000  2022/04/20
134.0000000  32.0000000   30.3221   6166.071 0.015   -2.1   -4.4 -0.44 0.018  55   0 08:35:12     44639.35721    0.0000  2022/04/20
134.0000000  32.0000000   30.3221   6166.072 0.016   -2.1   -4.6 -0.44 0.018  55   0 08:36:12     44639.35790    0.0000  2022/04/20
134.0000000  32.0000000   30.3221   6166.073 0.016   -2.2   -4.7 -0.44 0.019  55   0 08:37:12     44639.35859    0.0000  2022/04/20
134.0000000  32.0000000   30.3221   6166.072 0.015   -2.3   -4.8 -0.44 0.019  55   0 08:38:12     44639.35929    0.0000  2022/04/20
134.0000000  32.0000000   30.0779   6166.071 0.015   -2.3   -5.0 -0.44 0.020  55   0 08:39:12     44639.35998    0.0000  2022/04/20
134.0000000  32.0000000   30.0779   6166.073 0.016   -2.3   -5.0 -0.44 0.021  55   0 08:40:12     44639.36067    0.0000  2022/04/20
134.0000000  32.0000000   30.3221   6166.072 0.017   -2.4   -5.2 -0.44 0.021  55   0 08:41:12     44639.36137    0.0000  2022/04/20
134.0000000  32.0000000   30.0779   6166.071 0.013   -2.6   -5.4 -0.44 0.022  55   0 08:42:12     44639.36206    0.0000  2022/04/20
134.0000000  32.0000000   30.0779   6166.071 0.016   -2.6   -5.6 -0.44 0.022  55   0 08:43:12     44639.36275    0.0000  2022/04/20
134.0000000  32.0000000   30.0779   6166.072 0.016   -2.6   -5.7 -0.44 0.023  55   0 08:44:12     44639.36345    0.0000  2022/04/20
134.0000000  32.0000000   30.0779   6166.071 0.015   -2.7   -5.8 -0.45 0.023  55   0 08:45:12     44639.36414    0.0000  2022/04/20
134.0000000  32.0000000   30.0779   6166.069 0.015   -2.7   -5.9 -0.45 0.024  55   0 08:46:12     44639.36483    0.0000  2022/04/20
134.0000000  32.0000000   30.0779   6166.071 0.014   -2.8   -6.0 -0.45 0.024  55   0 08:47:12     44639.36553    0.0000  2022/04/20
134.0000000  32.0000000   30.0779   6166.071 0.017   -2.8   -6.1 -0.45 0.025  55   0 08:48:12     44639.36622    0.0000  2022/04/20
134.0000000  32.0000000   29.8338   6166.070 0.014   -2.9   -6.3 -0.45 0.026  55   0 08:49:12     44639.36691    0.0000  2022/04/20
134.0000000  32.0000000   29.8338   6166.071 0.017   -2.9   -6.4 -0.44 0.026  55   0 08:50:12     44639.36761    0.0000  2022/04/20
134.0000000  32.0000000   29.8338   6166.070 0.014   -3.0   -6.6 -0.45 0.027  55   0 08:51:12     44639.36830    0.0000  2022/04/20
134.0000000  32.0000000   29.8338   6166.071 0.016   -3.0   -6.7 -0.45 0.027  55   0 08:52:12     44639.36899    0.0000  2022/04/20
134.0000000  32.0000000   28.8572   6166.071 0.014   -3.0   -6.8 -0.45 0.028  55   0 08:53:13     44639.36970    0.0000  2022/04/20
134.0000000  42.0000000   32.0310   6172.946 0.059   -1.2    0.2 -0.19 0.075  55   0 10:42:52     44639.44572    0.0000  2022/04/20
134.0000000  42.0000000   32.0310   6172.946 0.057   -0.9    0.5 -0.21 0.076  55   0 10:43:57     44639.44647    0.0000  2022/04/20
134.0000000  42.0000000   32.0310   6172.947 0.036   -0.8    0.5 -0.23 0.076  55   0 10:44:57     44639.44717    0.0000  2022/04/20
134.0000000  42.0000000   32.0310   6172.947 0.084   -0.8    0.6 -0.25 0.076  55   0 10:45:57     44639.44786    0.0000  2022/04/20
134.0000000  42.0000000   31.7869   6172.947 0.075   -0.6    0.7 -0.27 0.076  55   0 10:46:57     44639.44855    0.0000  2022/04/20
134.0000000  42.0000000   32.2752   6172.945 0.060   -0.6    0.7 -0.28 0.077  55   0 10:47:57     44639.44925    0.0000  2022/04/20
134.0000000  42.0000000   31.7869   6172.946 0.144   -0.6    0.7 -0.30 0.077  55   0 10:48:57     44639.44994    0.0000  2022/04/20
134.0000000  42.0000000   31.7869   6172.947 0.062   -0.6    0.7 -0.31 0.077  55   0 10:49:57     44639.45063    0.0000  2022/04/20
134.0000000  42.0000000   31.7869   6172.946 0.093   -0.6    0.7 -0.33 0.078  55   0 10:50:57     44639.45133    0.0000  2022/04/20
134.0000000  42.0000000   31.7869   6172.946 0.098   -0.6    0.7 -0.34 0.078  55   0 10:51:57     44639.45202    0.0000  2022/04/20
134.0000000  42.0000000   31.7869   6172.945 0.101   -0.6    0.7 -0.35 0.078  55   1 10:52:57     44639.45271    0.0000  2022/04/20
134.0000000  42.0000000   31.5428   6172.946 0.048   -0.6    0.7 -0.36 0.078  55   1 10:53:57     44639.45341    0.0000  2022/04/20
134.0000000  42.0000000   31.5428   6172.950 0.082   -0.6    0.6 -0.37 0.079  55   1 10:54:57     44639.45410    0.0000  2022/04/20
134.0000000  42.0000000   31.7869   6172.947 0.125   -0.7    0.5 -0.37 0.079  55   4 10:55:57     44639.45479    0.0000  2022/04/20
134.0000000  42.0000000   31.5428   6172.946 0.030   -0.7    0.5 -0.38 0.079  55   0 10:56:57     44639.45549    0.0000  2022/04/20
134.0000000  42.0000000   31.5428   6172.945 0.026   -0.7    0.5 -0.39 0.079  55   1 10:57:57     44639.45618    0.0000  2022/04/20
134.0000000  42.0000000   31.5428   6172.947 0.039   -0.7    0.4 -0.39 0.080  55   0 10:58:57     44639.45687    0.0000  2022/04/20
134.0000000  42.0000000   31.5428   6172.946 0.028   -0.7    0.3 -0.40 0.080  55   0 10:59:57     44639.45757    0.0000  2022/04/20
134.0000000  42.0000000   31.5428   6172.948 0.025   -0.7    0.2 -0.40 0.080  55   0 11:00:57     44639.45826    0.0000  2022/04/20
134.0000000  42.0000000   31.2986   6172.948 0.029   -0.8    0.2 -0.41 0.080  55   0 11:01:57     44639.45895    0.0000  2022/04/20
134.0000000  42.0000000   31.2986   6172.948 0.025   -0.8    0.0 -0.41 0.080  55   0 11:02:57     44639.45965    0.0000  2022/04/20
134.0000000  42.0000000   31.2986   6172.944 0.034   -0.8    0.0 -0.41 0.081  55   3 11:03:57     44639.46034    0.0000  2022/04/20
134.0000000  42.0000000   31.2986   6172.947 0.046   -0.8   -0.1 -0.42 0.081  55   0 11:04:57     44639.46103    0.0000  2022/04/20
134.0000000  42.0000000   31.2986   6172.947 0.043   -0.9   -0.2 -0.42 0.081  55   3 11:05:57     44639.46173    0.0000  2022/04/20
134.0000000  42.0000000   31.2986   6172.949 0.052   -0.9   -0.4 -0.42 0.081  55   2 11:06:57     44639.46242    0.0000  2022/04/20
134.0000000  42.0000000   31.2986   6172.945 0.040   -0.9   -0.5 -0.43 0.082  55   1 11:07:57     44639.46311    0.0000  2022/04/20
134.0000000  42.0000000   31.0545   6172.947 0.074   -1.0   -0.6 -0.43 0.082  55   0 11:08:57     44639.46381    0.0000  2022/04/20
134.0000000  42.0000000   31.0545   6172.948 0.027   -1.0   -0.7 -0.43 0.082  55   0 11:09:57     44639.46450    0.0000  2022/04/20
134.0000000  42.0000000   31.0545   6172.947 0.039   -1.0   -0.8 -0.43 0.082  55   0 11:10:57     44639.46519    0.0000  2022/04/20
134.0000000  42.0000000   31.0545   6172.948 0.029   -1.1   -0.9 -0.43 0.082  55   3 11:11:57     44639.46589    0.0000  2022/04/20
134.0000000  42.0000000   31.0545   6172.938 0.089   -1.1   -1.0 -0.43 0.083  55   2 11:12:57     44639.46658    0.0000  2022/04/20
134.0000000  42.0000000   31.0545   6172.947 0.048   -1.2   -1.2 -0.43 0.083  55   0 11:13:57     44639.46727    0.0000  2022/04/20
134.0000000  42.0000000   31.0545   6172.946 0.053   -1.2   -1.2 -0.44 0.083  55   1 11:14:57     44639.46797    0.0000  2022/04/20
134.0000000  42.0000000   31.0545   6172.946 0.047   -1.2   -1.3 -0.44 0.083  55   0 11:15:57     44639.46866    0.0000  2022/04/20
134.0000000  42.0000000   31.0545   6172.946 0.069   -1.3   -1.5 -0.44 0.083  55   0 11:16:57     44639.46935    0.0000  2022/04/20
134.0000000  42.0000000   31.0545   6172.948 0.065   -1.3   -1.5 -0.44 0.083  55   0 11:17:57     44639.47005    0.0000  2022/04/20
134.0000000  42.0000000   30.8103   6172.946 0.052   -1.3   -1.7 -0.44 0.084  55   0 11:18:57     44639.47074    0.0000  2022/04/20
134.0000000  42.0000000   31.2986   6172.947 0.035   -1.4   -1.8 -0.44 0.084  55   0 11:19:57     44639.47143    0.0000  2022/04/20
134.0000000  42.0000000   31.0545   6172.946 0.052   -1.4   -1.8 -0.44 0.084  55   1 11:20:57     44639.47213    0.0000  2022/04/20
134.0000000  42.0000000   31.0545   6172.947 0.039   -1.5   -2.0 -0.44 0.084  55   0 11:21:57     44639.47282    0.0000  2022/04/20
134.0000000  42.0000000   30.8103   6172.947 0.034   -1.5   -2.1 -0.44 0.084  55   0 11:22:57     44639.47351    0.0000  2022/04/20
134.0000000  42.0000000   30.8103   6172.946 0.039   -1.6   -2.2 -0.44 0.084  55   0 11:23:57     44639.47421    0.0000  2022/04/20
134.0000000  42.0000000   30.8103   6172.947 0.029   -1.6   -2.3 -0.44 0.085  55   0 11:24:57     44639.47490    0.0000  2022/04/20
134.0000000  42.0000000   30.8103   6172.947 0.033   -1.6   -2.4 -0.44 0.085  55   0 11:25:57     44639.47559    0.0000  2022/04/20
134.0000000  42.0000000   30.8103   6172.946 0.050   -1.6   -2.5 -0.44 0.085  55   0 11:26:57     44639.47629    0.0000  2022/04/20
134.0000000  42.0000000   30.8103   6172.946 0.040   -1.7   -2.6 -0.44 0.085  55   0 11:27:57     44639.47698    0.0000  2022/04/20
134.0000000  42.0000000   30.8103   6172.945 0.086   -1.7   -2.7 -0.44 0.085  55   0 11:28:57     44639.47767    0.0000  2022/04/20
134.0000000  42.0000000   30.8103   6172.946 0.123   -1.7   -2.8 -0.44 0.085  55   0 11:29:57     44639.47837    0.0000  2022/04/20
134.0000000  42.0000000   30.8103   6172.946 0.088   -1.7   -2.9 -0.44 0.085  55   0 11:30:57     44639.47906    0.0000  2022/04/20
134.0000000  42.0000000   30.8103   6172.945 0.029   -1.8   -3.1 -0.44 0.085  55   0 11:31:57     44639.47975    0.0000  2022/04/20
134.0000000  42.0000000   30.8103   6172.945 0.036   -1.8   -3.1 -0.44 0.086  55   0 11:32:57     44639.48045    0.0000  2022/04/20
134.0000000  42.0000000   30.5662   6172.946 0.028   -1.8   -3.2 -0.44 0.086  55   0 11:33:57     44639.48114    0.0000  2022/04/20
134.0000000  42.0000000   30.5662   6172.944 0.021   -1.8   -3.3 -0.44 0.086  55   0 11:34:57     44639.48183    0.0000  2022/04/20
134.0000000  42.0000000   30.8103   6172.945 0.023   -1.9   -3.4 -0.44 0.086  55   0 11:35:57     44639.48253    0.0000  2022/04/20
134.0000000  42.0000000   30.5662   6172.944 0.034   -1.9   -3.5 -0.44 0.086  55   0 11:36:57     44639.48322    0.0000  2022/04/20
134.0000000  42.0000000   30.5662   6172.946 0.027   -1.9   -3.7 -0.44 0.086  55   0 11:37:57     44639.48391    0.0000  2022/04/20
134.0000000  42.0000000   30.8103   6172.946 0.032   -1.9   -3.7 -0.44 0.086  55   0 11:38:57     44639.48461    0.0000  2022/04/20
134.0000000  42.0000000   30.5662   6172.946 0.064   -1.9   -3.8 -0.44 0.086  55   0 11:39:57     44639.48530    0.0000  2022/04/20
134.0000000  42.0000000   30.5662   6172.945 0.095   -1.9   -3.9 -0.44 0.086  55   0 11:40:57     44639.48599    0.0000  2022/04/20
134.0000000  42.0000000   29.8338   6172.945 0.051   -1.9   -4.0 -0.44 0.087  55   0 11:41:58     44639.48670    0.0000  2022/04/20
134.0000000  32.0000000   33.2517   6166.055 0.019   -0.1   -0.5 -0.22 0.077  55   6 13:25:08     44639.55823    0.0000  2022/04/20
134.0000000  32.0000000   33.2517   6166.055 0.023   -0.4   -0.6 -0.24 0.077  55   2 13:26:13     44639.55898    0.0000  2022/04/20
134.0000000  32.0000000   33.0076   6166.053 0.016   -0.5   -0.8 -0.26 0.077  55   3 13:27:13     44639.55967    0.0000  2022/04/20
134.0000000  32.0000000   33.0076   6166.055 0.027   -0.9   -0.9 -0.27 0.076  55   1 13:28:13     44639.56036    0.0000  2022/04/20
134.0000000  32.0000000   32.7635   6166.055 0.030   -1.4   -1.2 -0.29 0.076  55   1 13:29:13     44639.56106    0.0000  2022/04/20
134.0000000  32.0000000   32.5193   6166.056 0.014   -1.9   -1.3 -0.31 0.076  55   0 13:30:13     44639.56175    0.0000  2022/04/20
134.0000000  32.0000000   32.5193   6166.056 0.016   -2.2   -1.4 -0.32 0.076  55   0 13:31:13     44639.56244    0.0000  2022/04/20
134.0000000  32.0000000   32.2752   6166.058 0.016   -2.5   -1.5 -0.33 0.075  55   0 13:32:13     44639.56314    0.0000  2022/04/20
134.0000000  32.0000000   32.2752   6166.056 0.017   -2.8   -1.6 -0.35 0.075  55   0 13:33:13     44639.56383    0.0000  2022/04/20
134.0000000  32.0000000   32.0310   6166.057 0.015   -3.1   -1.7 -0.36 0.075  55   0 13:34:13     44639.56452    0.0000  2022/04/20
134.0000000  32.0000000   32.0310   6166.056 0.016   -3.3   -1.8 -0.37 0.074  55   0 13:35:13     44639.56522    0.0000  2022/04/20
134.0000000  32.0000000   31.7869   6166.057 0.015   -3.5   -1.9 -0.38 0.074  55   0 13:36:13     44639.56591    0.0000  2022/04/20
134.0000000  32.0000000   32.0310   6166.056 0.017   -3.6   -2.0 -0.38 0.074  55   0 13:37:13     44639.56660    0.0000  2022/04/20
134.0000000  32.0000000   31.7869   6166.056 0.017   -3.8   -2.1 -0.39 0.074  55   0 13:38:13     44639.56730    0.0000  2022/04/20
134.0000000  32.0000000   31.7869   6166.056 0.017   -3.8   -2.1 -0.40 0.073  55   0 13:39:13     44639.56799    0.0000  2022/04/20
134.0000000  32.0000000   31.5428   6166.057 0.014   -4.0   -2.3 -0.40 0.073  55   0 13:40:13     44639.56868    0.0000  2022/04/20
134.0000000  32.0000000   31.5428   6166.058 0.016   -4.3   -2.4 -0.41 0.073  55   0 13:41:13     44639.56938    0.0000  2022/04/20
134.0000000  32.0000000   31.5428   6166.057 0.016   -4.6   -2.5 -0.41 0.072  55   0 13:42:13     44639.57007    0.0000  2022/04/20
134.0000000  32.0000000   31.5428   6166.057 0.014   -4.8   -2.7 -0.42 0.072  55   0 13:43:13     44639.57076    0.0000  2022/04/20
134.0000000  32.0000000   31.2986   6166.056 0.015   -4.9   -2.8 -0.42 0.072  55   0 13:44:13     44639.57146    0.0000  2022/04/20
134.0000000  32.0000000   31.2986   6166.057 0.014   -5.1   -3.0 -0.42 0.071  55   0 13:45:13     44639.57215    0.0000  2022/04/20
134.0000000  32.0000000   31.2986   6166.057 0.016   -5.2   -3.1 -0.43 0.071  55   0 13:46:13     44639.57284    0.0000  2022/04/20
134.0000000  32.0000000   31.2986   6166.058 0.014   -5.3   -3.1 -0.43 0.071  55   0 13:47:13     44639.57354    0.0000  2022/04/20
134.0000000  32.0000000   31.0545   6166.057 0.014   -5.3   -3.4 -0.43 0.070  55   0 13:48:13     44639.57423    0.0000  2022/04/20
134.0000000  32.0000000   31.0545   6166.057 0.015   -5.5   -3.6 -0.43 0.070  55   0 13:49:13     44639.57492    0.0000  2022/04/20
134.0000000  32.0000000   31.0545   6166.056 0.014   -5.5   -3.6 -0.44 0.070  55   0 13:50:13     44639.57562    0.0000  2022/04/20
134.0000000  32.0000000   30.8103   6166.056 0.018   -5.6   -3.8 -0.44 0.069  55   0 13:51:13     44639.57631    0.0000  2022/04/20
134.0000000  32.0000000   30.8103   6166.056 0.017   -5.7   -4.0 -0.44 0.069  55   0 13:52:13     44639.57700    0.0000  2022/04/20
134.0000000  32.0000000   30.8103   6166.057 0.015   -5.8   -4.1 -0.44 0.069  55   0 13:53:13     44639.57770    0.0000  2022/04/20
134.0000000  32.0000000   30.8103   6166.056 0.017   -5.9   -4.3 -0.44 0.068  55   0 13:54:13     44639.57839    0.0000  2022/04/20
134.0000000  32.0000000   30.5662   6166.055 0.018   -6.0   -4.5 -0.44 0.068  55   0 13:55:13     44639.57908    0.0000  2022/04/20
134.0000000  32.0000000   30.8103   6166.057 0.015   -6.2   -4.6 -0.45 0.068  55   0 13:56:13     44639.57978    0.0000  2022/04/20
134.0000000  32.0000000   30.5662   6166.057 0.017   -6.2   -4.8 -0.45 0.067  55   0 13:57:13     44639.58047    0.0000  2022/04/20
134.0000000  32.0000000   30.5662   6166.057 0.016   -6.3   -4.9 -0.45 0.067  55   0 13:58:13     44639.58116    0.0000  2022/04/20
134.0000000  32.0000000   30.5662   6166.057 0.015   -6.4   -5.1 -0.45 0.067  55   0 13:59:13     44639.58186    0.0000  2022/04/20
134.0000000  32.0000000   30.5662   6166.057 0.015   -6.4   -5.3 -0.45 0.066  55   0 14:00:13     44639.58255    0.0000  2022/04/20
134.0000000  32.0000000   30.5662   6166.058 0.016   -6.5   -5.4 -0.45 0.066  55   0 14:01:13     44639.58324    0.0000  2022/04/20
134.0000000  32.0000000   30.3221   6166.057 0.018   -6.6   -5.5 -0.45 0.066  55   0 14:02:13     44639.58394    0.0000  2022/04/20
134.0000000  32.0000000   30.3221   6166.056 0.018   -6.7   -5.7 -0.45 0.065  55   0 14:03:13     44639.58463    0.0000  2022/04/20
134.0000000  32.0000000   30.3221   6166.056 0.017   -6.8   -5.8 -0.45 0.065  55   0 14:04:13     44639.58532    0.0000  2022/04/20
134.0000000  32.0000000   30.3221   6166.057 0.016   -6.8   -5.9 -0.45 0.065  55   0 14:05:13     44639.58602    0.0000  2022/04/20
134.0000000  32.0000000   30.3221   6166.057 0.017   -6.9   -6.1 -0.45 0.064  55   0 14:06:13     44639.58671    0.0000  2022/04/20
134.0000000  32.0000000   30.3221   6166.055 0.016   -7.0   -6.3 -0.45 0.064  55   0 14:07:13     44639.58740    0.0000  2022/04/20
134.0000000  32.0000000   30.3221   6166.056 0.018   -7.0   -6.4 -0.45 0.064  55   0 14:08:13     44639.58810    0.0000  2022/04/20
134.0000000  32.0000000   30.3221   6166.057 0.018   -7.1   -6.7 -0.45 0.063  55   0 14:09:13     44639.58879    0.0000  2022/04/20
134.0000000  32.0000000   30.0779   6166.057 0.014   -7.1   -6.7 -0.45 0.063  55   0 14:10:13     44639.58948    0.0000  2022/04/20
134.0000000  32.0000000   30.3221   6166.056 0.016   -7.2   -6.9 -0.45 0.062  55   0 14:11:13     44639.59018    0.0000  2022/04/20
134.0000000  32.0000000   30.0779   6166.056 0.015   -7.2   -7.0 -0.45 0.062  55   0 14:12:13     44639.59087    0.0000  2022/04/20
134.0000000  32.0000000   30.0779   6166.057 0.015   -7.3   -7.2 -0.45 0.062  55   0 14:13:13     44639.59156    0.0000  2022/04/20
134.0000000  32.0000000   30.0779   6166.057 0.016   -7.4   -7.4 -0.45 0.061  55   0 14:14:13     44639.59226    0.0000  2022/04/20
134.0000000  32.0000000   30.0779   6166.057 0.013   -7.5   -7.4 -0.45 0.061  55   0 14:15:13     44639.59295    0.0000  2022/04/20
134.0000000  32.0000000   30.0779   6166.056 0.015   -7.5   -7.6 -0.45 0.061  55   0 14:16:13     44639.59364    0.0000  2022/04/20
134.0000000  32.0000000   30.0779   6166.056 0.018   -7.5   -7.7 -0.45 0.060  55   0 14:17:13     44639.59434    0.0000  2022/04/20
134.0000000  32.0000000   29.8338   6166.056 0.016   -7.7   -7.8 -0.45 0.060  55   0 14:18:13     44639.59503    0.0000  2022/04/20
134.0000000  32.0000000   30.0779   6166.058 0.017   -7.7   -8.0 -0.45 0.059  55   0 14:19:13     44639.59572    0.0000  2022/04/20
134.0000000  32.0000000   29.8338   6166.057 0.017   -7.7   -8.1 -0.45 0.059  55   0 14:20:13     44639.59642    0.0000  2022/04/20
134.0000000  32.0000000   30.0779   6166.055 0.015   -7.7   -8.2 -0.45 0.059  55   0 14:21:13     44639.59711    0.0000  2022/04/20
134.0000000  32.0000000   30.0779   6166.057 0.015   -7.8   -8.4 -0.45 0.058  55   0 14:22:13     44639.59780    0.0000  2022/04/20
134.0000000  32.0000000   29.8338   6166.057 0.014   -7.8   -8.5 -0.45 0.058  55   0 14:23:13     44639.59850    0.0000  2022/04/20
134.0000000  32.0000000   29.1014   6166.056 0.020   -7.5   -8.5 -0.45 0.057  55   0 14:24:14     44639.59920    0.0000  2022/04/20
134.0000000  12.0000000   32.2752   6192.544 0.050   -2.0   -0.6 -0.24 0.030  55   0 15:25:37     44639.64176    0.0000  2022/04/20
134.0000000  12.0000000   32.0310   6192.542 0.035   -2.1   -0.8 -0.26 0.029  55   0 15:26:42     44639.64251    0.0000  2022/04/20
134.0000000  12.0000000   32.2752   6192.543 0.031   -2.3   -0.9 -0.27 0.029  55   0 15:27:42     44639.64321    0.0000  2022/04/20
134.0000000  12.0000000   32.0310   6192.540 0.051   -2.4   -1.1 -0.29 0.028  55   1 15:28:42     44639.64390    0.0000  2022/04/20
134.0000000  12.0000000   32.2752   6192.542 0.032   -2.5   -1.2 -0.30 0.028  55   0 15:29:42     44639.64459    0.0000  2022/04/20
134.0000000  12.0000000   32.0310   6192.542 0.034   -2.6   -1.3 -0.31 0.027  55   2 15:30:42     44639.64529    0.0000  2022/04/20
134.0000000  12.0000000   32.2752   6192.542 0.038   -2.8   -1.3 -0.32 0.027  55   0 15:31:42     44639.64598    0.0000  2022/04/20
134.0000000  12.0000000   32.2752   6192.543 0.030   -2.9   -1.6 -0.33 0.026  55   0 15:32:42     44639.64667    0.0000  2022/04/20
134.0000000  12.0000000   32.0310   6192.542 0.029   -2.9   -1.7 -0.34 0.026  55   0 15:33:42     44639.64737    0.0000  2022/04/20
134.0000000  12.0000000   32.0310   6192.542 0.036   -3.0   -1.8 -0.35 0.025  55   0 15:34:42     44639.64806    0.0000  2022/04/20
134.0000000  12.0000000   32.0310   6192.543 0.040   -3.0   -1.9 -0.36 0.025  55   0 15:35:42     44639.64875    0.0000  2022/04/20
134.0000000  12.0000000   32.0310   6192.542 0.034   -3.0   -2.0 -0.37 0.024  55   0 15:36:42     44639.64945    0.0000  2022/04/20
134.0000000  12.0000000   32.0310   6192.542 0.047   -3.2   -2.2 -0.37 0.024  55   0 15:37:42     44639.65014    0.0000  2022/04/20
134.0000000  12.0000000   32.0310   6192.542 0.038   -3.3   -2.4 -0.38 0.023  55   0 15:38:42     44639.65083    0.0000  2022/04/20
134.0000000  12.0000000   31.7869   6192.542 0.040   -3.3   -2.5 -0.38 0.023  55   0 15:39:42     44639.65153    0.0000  2022/04/20
134.0000000  12.0000000   32.0310   6192.543 0.053   -3.4   -2.6 -0.39 0.022  55   4 15:40:42     44639.65222    0.0000  2022/04/20
134.0000000  12.0000000   31.7869   6192.541 0.040   -3.5   -2.9 -0.39 0.022  55   0 15:41:42     44639.65291    0.0000  2022/04/20
134.0000000  12.0000000   32.0310   6192.542 0.040   -3.6   -2.9 -0.40 0.021  55   0 15:42:42     44639.65361    0.0000  2022/04/20
134.0000000  12.0000000   32.0310   6192.543 0.034   -3.6   -3.1 -0.40 0.021  55   0 15:43:42     44639.65430    0.0000  2022/04/20
134.0000000  12.0000000   32.0310   6192.542 0.035   -3.6   -3.3 -0.40 0.020  55   0 15:44:42     44639.65499    0.0000  2022/04/20
134.0000000  12.0000000   32.0310   6192.542 0.041   -3.6   -3.5 -0.41 0.020  55   0 15:45:42     44639.65569    0.0000  2022/04/20
134.0000000  12.0000000   31.7869   6192.541 0.032   -3.7   -3.5 -0.41 0.019  55   0 15:46:42     44639.65638    0.0000  2022/04/20
134.0000000  12.0000000   32.0310   6192.542 0.036   -3.7   -3.7 -0.41 0.019  55   0 15:47:42     44639.65707    0.0000  2022/04/20
134.0000000  12.0000000   31.7869   6192.542 0.036   -3.7   -3.9 -0.41 0.018  55   0 15:48:42     44639.65777    0.0000  2022/04/20
134.0000000  12.0000000   31.7869   6192.542 0.051   -3.8   -4.1 -0.42 0.018  55   0 15:49:42     44639.65846    0.0000  2022/04/20
134.0000000  12.0000000   31.7869   6192.541 0.059   -3.8   -4.2 -0.42 0.017  55   0 15:50:42     44639.65915    0.0000  2022/04/20
134.0000000  12.0000000   31.7869   6192.541 0.059   -3.9   -4.4 -0.42 0.017  55   0 15:51:42     44639.65985    0.0000  2022/04/20
134.0000000  12.0000000   31.7869   6192.540 0.027   -4.0   -4.6 -0.42 0.016  55   3 15:52:42     44639.66054    0.0000  2022/04/20
134.0000000  12.0000000   31.7869   6192.541 0.048   -4.0   -4.7 -0.42 0.016  55   3 15:53:42     44639.66123    0.0000  2022/04/20
134.0000000  12.0000000   32.0310   6192.541 0.038   -4.0   -4.8 -0.43 0.015  55   0 15:54:42     44639.66193    0.0000  2022/04/20
134.0000000  12.0000000   31.7869   6192.541 0.034   -4.3   -4.9 -0.43 0.015  55   0 15:55:42     44639.66262    0.0000  2022/04/20
134.0000000  12.0000000   31.7869   6192.540 0.032   -4.2   -5.0 -0.43 0.014  55   2 15:56:42     44639.66331    0.0000  2022/04/20
134.0000000  12.0000000   31.7869   6192.540 0.060   -4.2   -5.2 -0.43 0.014  55   2 15:57:42     44639.66401    0.0000  2022/04/20
134.0000000  12.0000000   31.7869   6192.541 0.031   -4.2   -5.4 -0.43 0.013  55   0 15:58:42     44639.66470    0.0000  2022/04/20
134.0000000  12.0000000   31.7869   6192.540 0.034   -4.3   -5.5 -0.43 0.013  55   2 15:59:42     44639.66539    0.0000  2022/04/20
134.0000000  12.0000000   31.5428   6192.541 0.068   -4.5   -5.7 -0.43 0.012  55   0 16:00:42     44639.66609    0.0000  2022/04/20
134.0000000  12.0000000   31.7869   6192.541 0.098   -4.6   -5.8 -0.43 0.012  55   0 16:01:42     44639.66678    0.0000  2022/04/20
134.0000000  12.0000000   31.7869   6192.542 0.048   -4.5   -5.9 -0.43 0.011  55   0 16:02:42     44639.66747    0.0000  2022/04/20
134.0000000  12.0000000   31.7869   6192.538 0.034   -4.6   -5.9 -0.43 0.011  55   1 16:03:42     44639.66817    0.0000  2022/04/20
134.0000000  12.0000000   31.7869   6192.541 0.055   -4.4   -6.2 -0.43 0.010  55   0 16:04:42     44639.66886    0.0000  2022/04/20
134.0000000  12.0000000   31.7869   6192.541 0.050   -4.7   -6.2 -0.43 0.010  55   0 16:05:42     44639.66955    0.0000  2022/04/20
134.0000000  12.0000000   31.7869   6192.541 0.049   -4.7   -6.4 -0.43 0.009  55   0 16:06:42     44639.67025    0.0000  2022/04/20
134.0000000  12.0000000   31.7869   6192.539 0.092   -4.7   -6.5 -0.44 0.009  55   1 16:07:42     44639.67094    0.0000  2022/04/20
134.0000000  12.0000000   31.7869   6192.541 0.049   -4.7   -6.7 -0.44 0.008  55   2 16:08:42     44639.67163    0.0000  2022/04/20
134.0000000  12.0000000   31.7869   6192.540 0.096   -4.7   -6.8 -0.44 0.008  55   2 16:09:42     44639.67233    0.0000  2022/04/20
134.0000000  12.0000000   31.7869   6192.541 0.045   -4.7   -6.9 -0.44 0.007  55   0 16:10:42     44639.67302    0.0000  2022/04/20
134.0000000  12.0000000   31.7869   6192.541 0.045   -4.9   -7.0 -0.44 0.007  55   0 16:11:42     44639.67371    0.0000  2022/04/20
134.0000000  12.0000000   31.5428   6192.541 0.028   -4.9   -7.1 -0.44 0.006  55   0 16:12:42     44639.67441    0.0000  2022/04/20
134.0000000  12.0000000   31.7869   6192.540 0.027   -4.7   -7.3 -0.44 0.006  55   0 16:13:42     44639.67510    0.0000  2022/04/20
134.0000000  12.0000000   31.7869   6192.541 0.032   -5.0   -7.3 -0.44 0.005  55   0 16:14:42     44639.67579    0.0000  2022/04/20
134.0000000  12.0000000   31.5428   6192.539 0.037   -5.0   -7.4 -0.44 0.005  55   0 16:15:42     44639.67649    0.0000  2022/04/20
134.0000000  12.0000000   31.5428   6192.540 0.031   -5.0   -7.6 -0.44 0.004  55   0 16:16:42     44639.67718    0.0000  2022/04/20
134.0000000  12.0000000   31.5428   6192.543 0.040   -5.0   -7.8 -0.44 0.004  55   0 16:17:42     44639.67787    0.0000  2022/04/20
134.0000000  12.0000000   31.5428   6192.540 0.041   -5.0   -7.9 -0.44 0.003  55   0 16:18:42     44639.67857    0.0000  2022/04/20
134.0000000  12.0000000   31.5428   6192.541 0.048   -5.1   -8.0 -0.44 0.003  55   0 16:19:42     44639.67926    0.0000  2022/04/20
134.0000000  12.0000000   31.7869   6192.540 0.056   -4.9   -8.0 -0.44 0.002  55   0 16:20:42     44639.67995    0.0000  2022/04/20
134.0000000  12.0000000   31.5428   6192.540 0.123   -5.1   -8.2 -0.44 0.002  55   4 16:21:42     44639.68065    0.0000  2022/04/20
134.0000000  12.0000000   31.5428   6192.541 0.049   -5.1   -8.3 -0.44 0.001  55   0 16:22:42     44639.68134    0.0000  2022/04/20
134.0000000  12.0000000   31.7869   6192.540 0.060   -5.0   -8.5 -0.44 0.001  55   0 16:23:42     44639.68203    0.0000  2022/04/20
134.0000000  12.0000000   30.3221   6192.540 0.051   -5.1   -8.5 -0.44 0.000  55   0 16:24:43     44639.68274    0.0000  2022/04/20