/		CG-6 Survey
/		Survey Name:	MAIN-ZVEB-MEN3
/		Instrument Serial Number:	000000022090465
/		Created:	2023-04-20 05:18:30
/
/		CG-6 Calibration
/		Operator:	OAZ
/		Gcal1 [mGal]:	8286.592000
/		Goff [ADU]:	-8388608.000000
/		Gref [mGal]:	0.0000
/		X Scale [arc-sec/ADU]:	0.031989
/		Y Scale [arc-sec/ADU]:	0.031061
/		X Offset [ADU]:	-9210.497388
/		Y Offset [ADU]:	-163918.006243
/		Temperature Coefficient [mGal/mK]:	-0.129000
/		Temperature Scale [mK/ADU]:	-0.000111
/		Drift Rate [mGal/day]:	0.007000
/		Drift Zero Time:	2023-02-14 12:00:00
/		Firmware Version:	CG6_2_20220815
/
/Station	Date	Time	CorrGrav	Line	StdDev	StdErr	RawGrav	X	Y	SensorTemp	TideCorr	TiltCorr	TempCorr	DriftCorr	MeasurDur	InstrHeight	LatUser	LonUser	ElevUser	LatGPS	LonGPS	ElevGPS	Corrections[drift-temp-na-tide-tilt]
0	2023-04-20	05:18:30	5899.0340	4	0.0233	0.0030	5899.4971	-0.4	3.2	0.3024	-0.0493	0.0002	0.0392	-0.4530	60	0.000	55.800000	37.500000	187.90	--	--	--	11011
0	2023-04-20	05:19:30	5899.0339	4	0.0197	0.0025	5899.4964	-0.6	3.5	0.3049	-0.0488	0.0002	0.0393	-0.4531	60	0.000	55.800000	37.500000	187.90	--	--	--	11011
0	2023-04-20	05:20:30	5899.0352	4	0.0204	0.0026	5899.4973	-0.6	4.2	0.2984	-0.0483	0.0003	0.0390	-0.4531	60	0.000	55.800000	37.500000	187.90	--	--	--	11011
0	2023-04-20	05:21:30	5899.0327	4	0.0170	0.0022	5899.4945	-1.3	2.7	0.3025	-0.0478	0.0001	0.0389	-0.4531	60	0.000	55.800000	37.500000	187.90	--	--	--	11011
0	2023-04-20	05:22:30	5899.0339	4	0.0158	0.0020	5899.4955	-1.2	3.7	0.3027	-0.0473	0.0002	0.0386	-0.4531	60	0.000	55.800000	37.500000	187.90	--	--	--	11011
0	2023-04-20	05:23:30	5899.0336	4	0.0149	0.0019	5899.4947	-1.3	3.0	0.2981	-0.0468	0.0001	0.0387	-0.4531	60	0.000	55.800000	37.500000	187.90	--	--	--	11011
0	2023-04-20	05:24:30	5899.0340	4	0.0132	0.0017	5899.4948	-0.9	1.9	0.2976	-0.0463	0.0001	0.0384	-0.4531	60	0.000	55.800000	37.500000	187.90	--	--	--	11011
0	2023-04-20	05:25:30	5899.0328	4	0.0196	0.0025	5899.4933	-1.2	3.4	0.2938	-0.0457	0.0002	0.0381	-0.4531	60	0.000	55.800000	37.500000	187.90	--	--	--	11011
0	2023-04-20	05:26:30	5899.0326	4	0.0190	0.0024	5899.4926	-1.2	2.7	0.2971	-0.0452	0.0001	0.0382	-0.4531	60	0.000	55.800000	37.500000	187.90	--	--	--	11011
0	2023-04-20	05:27:30	5899.0344	4	0.0135	0.0017	5899.4939	-1.7	3.4	0.2932	-0.0447	0.0002	0.0381	-0.4531	60	0.000	55.800000	37.500000	187.90	--	--	--	11011
0	2023-04-20	05:28:30	5899.0333	4	0.0150	0.0019	5899.4922	-1.9	1.4	0.2891	-0.0442	0.0001	0.0383	-0.4531	60	0.000	55.800000	37.500000	187.90	--	--	--	11011
0	2023-04-20	05:29:30	5899.0330	4	0.0186	0.0024	5899.4916	-1.3	1.7	0.2967	-0.0437	0.0001	0.0381	-0.4531	60	0.000	55.800000	37.500000	187.90	--	--	--	11011
0	2023-04-20	05:30:30	5899.0346	4	0.0247	0.0032	5899.4927	-1.9	1.3	0.2973	-0.0431	0.0001	0.0380	-0.4531	60	0.000	55.800000	37.500000	187.90	--	--	--	11011
0	2023-04-20	05:31:30	5899.0336	4	0.0185	0.0024	5899.4914	-1.7	1.5	0.2985	-0.0426	0.0001	0.0379	-0.4531	60	0.000	55.800000	37.500000	187.90	--	--	--	11011
0	2023-04-20	05:32:30	5899.0319	4	0.0159	0.0021	5899.4890	-0.6	2.2	0.2953	-0.0421	0.0001	0.0380	-0.4531	60	0.000	55.800000	37.500000	187.90	--	--	--	11011
0	2023-04-20	05:33:30	5899.0323	4	0.0153	0.0020	5899.4892	-0.7	1.8	0.2837	-0.0416	0.0001	0.0378	-0.4531	60	0.000	55.800000	37.500000	187.90	--	--	--	11011
0	2023-04-20	05:34:30	5899.0328	4	0.0144	0.0019	5899.4891	-0.8	2.4	0.2940	-0.0410	0.0001	0.0377	-0.4531	60	0.000	55.800000	37.500000	187.90	--	--	--	11011
0	2023-04-20	05:35:30	5899.0334	4	0.0171	0.0022	5899.4891	-0.5	3.6	0.2892	-0.0405	0.0002	0.0377	-0.4531	60	0.000	55.800000	37.500000	187.90	--	--	--	11011
0	2023-04-20	05:36:30	5899.0307	4	0.0153	0.0020	5899.4860	-0.4	2.4	0.2922	-0.0400	0.0001	0.0377	-0.4531	60	0.000	55.800000	37.500000	187.90	--	--	--	11011
0	2023-04-20	05:37:30	5899.0324	4	0.0144	0.0019	5899.4872	0.1	2.5	0.2901	-0.0394	0.0001	0.0377	-0.4531	60	0.000	55.800000	37.500000	187.90	--	--	--	11011
0	2023-04-20	05:38:30	5899.0351	4	0.0165	0.0021	5899.4894	1.0	2.3	0.2894	-0.0389	0.0001	0.0376	-0.4531	60	0.000	55.800000	37.500000	187.90	--	--	--	11011
0	2023-04-20	05:39:30	5899.0337	4	0.0176	0.0023	5899.4876	0.5	2.4	0.2913	-0.0384	0.0001	0.0375	-0.4531	60	0.000	55.800000	37.500000	187.90	--	--	--	11011
0	2023-04-20	05:40:30	5899.0327	4	0.0162	0.0021	5899.4862	0.5	1.0	0.2916	-0.0378	0.0000	0.0373	-0.4532	60	0.000	55.800000	37.500000	187.90	--	--	--	11011
0	2023-04-20	05:41:30	5899.0338	4	0.0169	0.0022	5899.4868	1.8	1.5	0.2953	-0.0373	0.0001	0.0374	-0.4532	60	0.000	55.800000	37.500000	187.90	--	--	--	11011
0	2023-04-20	05:42:30	5899.0333	4	0.0156	0.0020	5899.4857	1.4	2.4	0.2911	-0.0367	0.0002	0.0373	-0.4532	60	0.000	55.800000	37.500000	187.90	--	--	--	11011
0	2023-04-20	05:43:30	5899.0320	4	0.0150	0.0019	5899.4842	0.6	1.6	0.2924	-0.0362	0.0001	0.0371	-0.4532	60	0.000	55.800000	37.500000	187.90	--	--	--	11011
0	2023-04-20	05:44:30	5899.0324	4	0.0179	0.0023	5899.4840	0.6	2.1	0.2922	-0.0357	0.0001	0.0371	-0.4532	60	0.000	55.800000	37.500000	187.90	--	--	--	11011
0	2023-04-20	05:45:30	5899.0325	4	0.0152	0.0020	5899.4835	-0.7	2.3	0.2802	-0.0351	0.0001	0.0372	-0.4532	60	0.000	55.800000	37.500000	187.90	--	--	--	11011
0	2023-04-20	05:46:30	5899.0331	4	0.0134	0.0017	5899.4835	-1.1	2.8	0.2836	-0.0346	0.0001	0.0373	-0.4532	60	0.000	55.800000	37.500000	187.90	--	--	--	11011
0	2023-04-20	05:47:30	5899.0300	4	0.0203	0.0026	5899.4799	-0.8	3.2	0.2843	-0.0340	0.0002	0.0371	-0.4532	60	0.000	55.800000	37.500000	187.90	--	--	--	11011
0	2023-04-20	05:48:30	5899.0320	4	0.0149	0.0019	5899.4813	-1.1	4.0	0.2926	-0.0335	0.0002	0.0372	-0.4532	60	0.000	55.800000	37.500000	187.90	--	--	--	11011
0	2023-04-20	05:49:30	5899.0323	4	0.0172	0.0022	5899.4812	-1.2	3.7	0.2883	-0.0329	0.0002	0.0371	-0.4532	60	0.000	55.800000	37.500000	187.90	--	--	--	11011
0	2023-04-20	05:50:30	5899.0324	4	0.0184	0.0024	5899.4808	-1.1	4.0	0.2838	-0.0324	0.0002	0.0370	-0.4532	60	0.000	55.800000	37.500000	187.90	--	--	--	11011
0	2023-04-20	05:51:30	5899.0332	4	0.0165	0.0021	5899.4809	0.5	3.9	0.2854	-0.0318	0.0002	0.0371	-0.4532	60	0.000	55.800000	37.500000	187.90	--	--	--	11011
0	2023-04-20	05:52:30	5899.0328	4	0.0165	0.0021	5899.4802	0.2	3.9	0.2895	-0.0313	0.0002	0.0369	-0.4532	60	0.000	55.800000	37.500000	187.90	--	--	--	11011
0	2023-04-20	05:53:30	5899.0337	4	0.0152	0.0020	5899.4807	-0.7	2.8	0.2851	-0.0307	0.0001	0.0368	-0.4532	60	0.000	55.800000	37.500000	187.90	--	--	--	11011
0	2023-04-20	05:54:30	5899.0336	4	0.0178	0.0023	5899.4803	-0.9	3.0	0.2809	-0.0302	0.0002	0.0366	-0.4532	60	0.000	55.800000	37.500000	187.90	--	--	--	11011
0	2023-04-20	05:55:30	5899.0327	4	0.0166	0.0021	5899.4786	0.1	3.5	0.2781	-0.0296	0.0002	0.0368	-0.4532	60	0.000	55.800000	37.500000	187.90	--	--	--	11011
0	2023-04-20	05:56:30	5899.0321	4	0.0194	0.0025	5899.4775	-0.3	3.1	0.2843	-0.0291	0.0001	0.0368	-0.4532	60	0.000	55.800000	37.500000	187.90	--	--	--	11011
0	2023-04-20	05:57:30	5899.0336	4	0.0151	0.0019	5899.4782	-0.9	3.8	0.2857	-0.0285	0.0002	0.0369	-0.4532	60	0.000	55.800000	37.500000	187.90	--	--	--	11011
0	2023-04-20	05:58:30	5899.0320	4	0.0164	0.0021	5899.4762	0.0	4.0	0.2786	-0.0280	0.0002	0.0368	-0.4532	60	0.000	55.800000	37.500000	187.90	--	--	--	11011
0	2023-04-20	05:59:30	5899.0321	4	0.0168	0.0022	5899.4759	-0.6	3.0	0.2867	-0.0274	0.0001	0.0368	-0.4532	60	0.000	55.800000	37.500000	187.90	--	--	--	11011
0	2023-04-20	06:00:30	5899.0302	4	0.0179	0.0023	5899.4736	-0.8	3.7	0.2834	-0.0269	0.0002	0.0365	-0.4533	60	0.000	55.800000	37.500000	187.90	--	--	--	11011
0	2023-04-20	06:01:30	5899.0323	4	0.0146	0.0019	5899.4750	-0.3	3.6	0.2900	-0.0263	0.0002	0.0366	-0.4533	60	0.000	55.800000	37.500000	187.90	--	--	--	11011
0	2023-04-20	06:02:30	5899.0322	4	0.0177	0.0023	5899.4743	-0.9	3.5	0.2852	-0.0258	0.0002	0.0368	-0.4533	60	0.000	55.800000	37.500000	187.90	--	--	--	11011
0	2023-04-20	06:03:30	5899.0335	4	0.0226	0.0029	5899.4751	-1.9	5.0	0.2808	-0.0252	0.0004	0.0365	-0.4533	60	0.000	55.800000	37.500000	187.90	--	--	--	11011
0	2023-04-20	06:04:30	5899.0320	4	0.0188	0.0024	5899.4730	-0.8	4.8	0.2868	-0.0247	0.0003	0.0366	-0.4533	60	0.000	55.800000	37.500000	187.90	--	--	--	11011
0	2023-04-20	06:05:30	5899.0319	4	0.0121	0.0016	5899.4725	1.7	3.7	0.2867	-0.0241	0.0002	0.0366	-0.4533	60	0.000	55.800000	37.500000	187.90	--	--	--	11011
0	2023-04-20	06:06:30	5899.0331	4	0.0177	0.0023	5899.4730	1.2	4.2	0.2834	-0.0235	0.0003	0.0367	-0.4533	60	0.000	55.800000	37.500000	187.90	--	--	--	11011
0	2023-04-20	06:07:30	5899.0311	4	0.0170	0.0022	5899.4708	0.1	5.0	0.2826	-0.0230	0.0003	0.0363	-0.4533	60	0.000	55.800000	37.500000	187.90	--	--	--	11011
0	2023-04-20	06:08:30	5899.0326	4	0.0163	0.0021	5899.4718	0.3	4.9	0.2841	-0.0224	0.0003	0.0362	-0.4533	60	0.000	55.800000	37.500000	187.90	--	--	--	11011
0	2023-04-20	06:09:30	5899.0318	4	0.0199	0.0026	5899.4702	0.7	4.2	0.2817	-0.0219	0.0002	0.0366	-0.4533	60	0.000	55.800000	37.500000	187.90	--	--	--	11011
0	2023-04-20	06:10:30	5899.0336	4	0.0117	0.0015	5899.4714	0.1	4.2	0.2878	-0.0213	0.0002	0.0366	-0.4533	60	0.000	55.800000	37.500000	187.90	--	--	--	11011
0	2023-04-20	06:11:30	5899.0329	4	0.0141	0.0018	5899.4701	0.1	4.5	0.2858	-0.0208	0.0003	0.0365	-0.4533	60	0.000	55.800000	37.500000	187.90	--	--	--	11011
0	2023-04-20	06:12:30	5899.0330	4	0.0135	0.0017	5899.4699	1.3	4.2	0.2808	-0.0202	0.0002	0.0365	-0.4533	60	0.000	55.800000	37.500000	187.90	--	--	--	11011
0	2023-04-20	06:13:30	5899.0327	4	0.0177	0.0023	5899.4689	1.3	4.6	0.2865	-0.0196	0.0002	0.0365	-0.4533	60	0.000	55.800000	37.500000	187.90	--	--	--	11011
0	2023-04-20	06:14:30	5899.0322	4	0.0154	0.0020	5899.4678	2.0	4.1	0.2810	-0.0191	0.0003	0.0365	-0.4533	60	0.000	55.800000	37.500000	187.90	--	--	--	11011
0	2023-04-20	06:15:30	5899.0320	4	0.0198	0.0026	5899.4673	0.4	3.9	0.2781	-0.0185	0.0002	0.0363	-0.4533	60	0.000	55.800000	37.500000	187.90	--	--	--	11011
0	2023-04-20	06:16:30	5899.0338	4	0.0150	0.0019	5899.4684	-0.7	3.3	0.2816	-0.0180	0.0002	0.0365	-0.4533	60	0.000	55.800000	37.500000	187.90	--	--	--	11011
0	2023-04-20	06:17:30	5899.0318	4	0.0152	0.0020	5899.4661	-0.6	2.4	0.2853	-0.0174	0.0001	0.0364	-0.4533	60	0.000	55.800000	37.500000	187.90	--	--	--	11011
20	2023-04-20	08:11:44	5876.4362	4	0.0231	0.0030	5876.8107	0.0	0.3	0.3150	0.0383	0.0000	0.0410	-0.4539	60	0.000	55.800000	37.500000	187.90	55.699585	36.757626	241.8	11011
20	2023-04-20	08:12:44	5876.4369	4	0.0189	0.0024	5876.8118	0.0	0.6	0.3135	0.0386	0.0000	0.0403	-0.4539	60	0.000	55.800000	37.500000	187.90	55.699482	36.757702	221.8	11011
20	2023-04-20	08:13:44	5876.4372	4	0.0179	0.0023	5876.8123	1.4	0.3	0.3077	0.0390	0.0001	0.0398	-0.4539	60	0.000	55.800000	37.500000	187.90	55.699528	36.757694	208.4	11011
20	2023-04-20	08:14:44	5876.4364	4	0.0169	0.0022	5876.8117	-0.3	1.5	0.3055	0.0393	0.0001	0.0392	-0.4539	60	0.000	55.800000	37.500000	187.90	55.699547	36.757702	214.5	11011
20	2023-04-20	08:15:44	5876.4368	4	0.0172	0.0022	5876.8122	-0.1	0.1	0.2965	0.0397	0.0000	0.0387	-0.4539	60	0.000	55.800000	37.500000	187.90	55.699436	36.757687	213.0	11011
20	2023-04-20	08:16:44	5876.4374	4	0.0120	0.0015	5876.8130	-0.0	1.2	0.2930	0.0400	0.0000	0.0382	-0.4539	60	0.000	55.800000	37.500000	187.90	55.699322	36.757568	206.5	11011
20	2023-04-20	08:17:44	5876.4355	4	0.0182	0.0023	5876.8112	-0.5	2.2	0.2950	0.0404	0.0001	0.0378	-0.4539	60	0.000	55.800000	37.500000	187.90	55.699455	36.757744	211.1	11011
20	2023-04-20	08:18:44	5876.4374	4	0.0137	0.0018	5876.8130	-1.0	2.2	0.2867	0.0407	0.0001	0.0375	-0.4539	60	0.000	55.800000	37.500000	187.90	55.699471	36.757668	209.1	11011
20	2023-04-20	08:19:44	5876.4358	4	0.0181	0.0023	5876.8116	-2.5	3.2	0.2829	0.0410	0.0003	0.0369	-0.4539	60	0.000	55.800000	37.500000	187.90	55.699280	36.757732	190.3	11011
20	2023-04-20	08:20:44	5876.4356	4	0.0182	0.0024	5876.8117	-2.1	3.1	0.2809	0.0414	0.0002	0.0364	-0.4539	60	0.000	55.800000	37.500000	187.90	55.699528	36.757702	183.9	11011
20	2023-04-20	08:21:44	5876.4370	4	0.0189	0.0024	5876.8128	-2.3	1.9	0.2739	0.0417	0.0001	0.0363	-0.4539	60	0.000	55.800000	37.500000	187.90	55.699387	36.757732	177.8	11011
20	2023-04-20	08:22:44	5876.4356	4	0.0203	0.0026	5876.8114	-2.8	0.5	0.2760	0.0420	0.0002	0.0359	-0.4539	60	0.000	55.800000	37.500000	187.90	55.699356	36.757744	173.8	11011
20	2023-04-20	08:23:44	5876.4366	4	0.0160	0.0021	5876.8124	-3.3	2.7	0.2786	0.0423	0.0003	0.0355	-0.4539	60	0.000	55.800000	37.500000	187.90	55.699520	36.757801	178.7	11011
20	2023-04-20	08:24:44	5876.4347	4	0.0207	0.0027	5876.8107	-3.7	1.7	0.2611	0.0426	0.0002	0.0350	-0.4540	60	0.000	55.800000	37.500000	187.90	55.699512	36.757809	179.9	11011
20	2023-04-20	08:25:44	5876.4370	4	0.0168	0.0022	5876.8131	-3.5	2.7	0.2683	0.0429	0.0003	0.0347	-0.4540	60	0.000	55.800000	37.500000	187.90	55.699108	36.757523	177.9	11011
20	2023-04-20	08:26:44	5876.4353	4	0.0173	0.0022	5876.8111	-5.0	1.2	0.2755	0.0432	0.0004	0.0345	-0.4540	60	0.000	55.800000	37.500000	187.90	55.699348	36.757744	180.1	11011
20	2023-04-20	08:27:44	5876.4361	4	0.0211	0.0027	5876.8120	-3.8	2.8	0.2647	0.0435	0.0003	0.0342	-0.4540	60	0.000	55.800000	37.500000	187.90	55.699387	36.757759	186.1	11011
20	2023-04-20	08:28:44	5876.4361	4	0.0183	0.0024	5876.8120	-4.5	2.8	0.2574	0.0438	0.0004	0.0339	-0.4540	60	0.000	55.800000	37.500000	187.90	55.699291	36.757648	191.4	11011
20	2023-04-20	08:29:44	5876.4368	4	0.0202	0.0026	5876.8124	-4.1	4.2	0.2586	0.0441	0.0005	0.0338	-0.4540	60	0.000	55.800000	37.500000	187.90	55.699520	36.757839	191.8	11011
20	2023-04-20	08:30:44	5876.4374	4	0.0211	0.0027	5876.8127	-5.5	4.6	0.2625	0.0444	0.0007	0.0335	-0.4540	60	0.000	55.800000	37.500000	187.90	55.699322	36.757706	192.4	11011
20	2023-04-20	08:31:44	5876.4353	4	0.0155	0.0020	5876.8110	-5.4	3.3	0.2595	0.0447	0.0005	0.0330	-0.4540	60	0.000	55.800000	37.500000	187.90	55.699226	36.757835	184.6	11011
20	2023-04-20	08:32:44	5876.4364	4	0.0178	0.0023	5876.8120	-5.3	4.2	0.2595	0.0450	0.0005	0.0329	-0.4540	60	0.000	55.800000	37.500000	187.90	55.699203	36.757778	181.1	11011
20	2023-04-20	08:33:44	5876.4363	4	0.0138	0.0018	5876.8118	-4.5	4.4	0.2510	0.0453	0.0005	0.0327	-0.4540	60	0.000	55.800000	37.500000	187.90	55.699120	36.758121	179.2	11011
20	2023-04-20	08:34:44	5876.4369	4	0.0172	0.0022	5876.8121	-5.8	3.9	0.2559	0.0456	0.0007	0.0325	-0.4540	60	0.000	55.800000	37.500000	187.90	55.699471	36.757877	180.5	11011
20	2023-04-20	08:35:44	5876.4354	4	0.0140	0.0018	5876.8106	-6.5	3.9	0.2491	0.0458	0.0007	0.0323	-0.4540	60	0.000	55.800000	37.500000	187.90	55.699284	36.757801	184.4	11011
20	2023-04-20	08:36:44	5876.4351	4	0.0131	0.0017	5876.8105	-5.8	4.5	0.2489	0.0461	0.0006	0.0320	-0.4540	60	0.000	55.800000	37.500000	187.90	55.699501	36.757877	189.5	11011
20	2023-04-20	08:37:44	5876.4366	4	0.0212	0.0027	5876.8120	-5.6	4.8	0.2468	0.0464	0.0006	0.0317	-0.4540	60	0.000	55.800000	37.500000	187.90	55.699455	36.757912	195.7	11011
20	2023-04-20	08:38:44	5876.4363	4	0.0156	0.0020	5876.8112	-5.9	5.4	0.2428	0.0466	0.0008	0.0317	-0.4540	60	0.000	55.800000	37.500000	187.90	55.699356	36.757935	195.5	11011
20	2023-04-20	08:39:44	5876.4365	4	0.0183	0.0024	5876.8111	-8.4	5.9	0.2368	0.0469	0.0012	0.0314	-0.4540	60	0.000	55.800000	37.500000	187.90	55.699368	36.758400	196.7	11011
20	2023-04-20	08:40:44	5876.4364	4	0.0201	0.0026	5876.8111	-8.7	5.0	0.2346	0.0471	0.0011	0.0311	-0.4540	60	0.000	55.800000	37.500000	187.90	55.699406	36.757675	196.0	11011
20	2023-04-20	08:41:44	5876.4355	4	0.0183	0.0024	5876.8102	-7.5	4.6	0.2378	0.0474	0.0010	0.0309	-0.4540	60	0.000	55.800000	37.500000	187.90	55.699379	36.757713	192.2	11011
20	2023-04-20	08:42:44	5876.4384	4	0.0188	0.0024	5876.8125	-7.6	6.7	0.2417	0.0476	0.0014	0.0310	-0.4540	60	0.000	55.800000	37.500000	187.90	55.699368	36.757809	187.9	11011
20	2023-04-20	08:43:44	5876.4370	4	0.0184	0.0024	5876.8115	-7.5	5.6	0.2439	0.0479	0.0011	0.0305	-0.4540	60	0.000	55.800000	37.500000	187.90	55.699341	36.757854	184.6	11011
20	2023-04-20	08:44:44	5876.4365	4	0.0170	0.0022	5876.8111	-8.0	4.4	0.2287	0.0481	0.0010	0.0303	-0.4540	60	0.000	55.800000	37.500000	187.90	55.699432	36.757816	181.6	11011
20	2023-04-20	08:45:44	5876.4359	4	0.0174	0.0022	5876.8099	-7.9	5.9	0.2313	0.0484	0.0013	0.0304	-0.4541	60	0.000	55.800000	37.500000	187.90	55.699493	36.757816	184.7	11011
20	2023-04-20	08:46:44	5876.4350	4	0.0222	0.0029	5876.8095	-6.3	5.6	0.2366	0.0486	0.0007	0.0303	-0.4541	60	0.000	55.800000	37.500000	187.90	55.699490	36.757835	191.5	11011
20	2023-04-20	08:47:44	5876.4350	4	0.0174	0.0022	5876.8088	-7.4	7.0	0.2331	0.0488	0.0012	0.0302	-0.4541	60	0.000	55.800000	37.500000	187.90	55.699379	36.757912	190.7	11011
20	2023-04-20	08:48:44	5876.4341	4	0.0203	0.0026	5876.8082	-7.8	6.6	0.2342	0.0490	0.0012	0.0298	-0.4541	60	0.000	55.800000	37.500000	187.90	55.699387	36.757877	183.7	11011
20	2023-04-20	08:49:44	5876.4352	4	0.0199	0.0026	5876.8094	-6.4	6.5	0.2306	0.0493	0.0010	0.0297	-0.4541	60	0.000	55.800000	37.500000	187.90	55.699348	36.757935	178.9	11011
20	2023-04-20	08:50:44	5876.4371	4	0.0144	0.0019	5876.8109	-6.7	7.5	0.2327	0.0495	0.0013	0.0295	-0.4541	60	0.000	55.800000	37.500000	187.90	55.699310	36.758133	174.5	11011
20	2023-04-20	08:51:44	5876.4349	4	0.0197	0.0025	5876.8087	-7.0	6.7	0.2301	0.0497	0.0010	0.0295	-0.4541	60	0.000	55.800000	37.500000	187.90	55.699291	36.757668	172.9	11011
20	2023-04-20	08:52:44	5876.4344	4	0.0172	0.0022	5876.8079	-6.7	7.2	0.2255	0.0499	0.0012	0.0295	-0.4541	60	0.000	55.800000	37.500000	187.90	55.699196	36.758152	173.3	11011
20	2023-04-20	08:53:44	5876.4348	4	0.0177	0.0023	5876.8086	-6.5	6.3	0.2327	0.0501	0.0010	0.0292	-0.4541	60	0.000	55.800000	37.500000	187.90	55.699203	36.758026	171.8	11011
20	2023-04-20	08:54:44	5876.4368	4	0.0199	0.0026	5876.8100	-8.3	7.5	0.2231	0.0503	0.0016	0.0290	-0.4541	60	0.000	55.800000	37.500000	187.90	55.699337	36.757935	172.3	11011
20	2023-04-20	08:55:44	5876.4358	4	0.0173	0.0022	5876.8086	-8.9	8.6	0.2285	0.0505	0.0018	0.0289	-0.4541	60	0.000	55.800000	37.500000	187.90	55.699341	36.757858	172.7	11011
20	2023-04-20	08:56:44	5876.4349	4	0.0204	0.0026	5876.8077	-9.3	8.6	0.2166	0.0507	0.0017	0.0289	-0.4541	60	0.000	55.800000	37.500000	187.90	55.699284	36.757835	173.5	11011
20	2023-04-20	08:57:44	5876.4373	4	0.0189	0.0024	5876.8096	-10.5	8.7	0.2263	0.0509	0.0022	0.0287	-0.4541	60	0.000	55.800000	37.500000	187.90	55.699455	36.757446	171.9	11011
20	2023-04-20	08:58:44	5876.4372	4	0.0150	0.0019	5876.8096	-10.1	8.3	0.2212	0.0511	0.0020	0.0287	-0.4541	60	0.000	55.800000	37.500000	187.90	55.698826	36.759727	169.4	11011
20	2023-04-20	08:59:44	5876.4352	4	0.0159	0.0020	5876.8076	-9.6	8.5	0.2215	0.0512	0.0020	0.0285	-0.4541	60	0.000	55.800000	37.500000	187.90	55.699226	36.758266	172.8	11011
20	2023-04-20	09:00:44	5876.4367	4	0.0177	0.0023	5876.8094	-8.8	7.7	0.2246	0.0514	0.0015	0.0285	-0.4541	60	0.000	55.800000	37.500000	187.90	55.699223	36.758057	170.7	11011
20	2023-04-20	09:01:44	5876.4376	4	0.0201	0.0026	5876.8100	-9.3	8.0	0.2244	0.0516	0.0018	0.0284	-0.4541	60	0.000	55.800000	37.500000	187.90	55.699036	36.758133	169.2	11011
20	2023-04-20	09:02:44	5876.4350	4	0.0170	0.0022	5876.8070	-10.7	8.5	0.2151	0.0517	0.0022	0.0282	-0.4541	60	0.000	55.800000	37.500000	187.90	55.698158	36.758640	170.0	11011
20	2023-04-20	09:03:44	5876.4359	4	0.0164	0.0021	5876.8081	-9.8	7.5	0.2129	0.0519	0.0017	0.0283	-0.4541	60	0.000	55.800000	37.500000	187.90	55.698250	36.758694	168.5	11011
20	2023-04-20	09:04:44	5876.4372	4	0.0187	0.0024	5876.8092	-9.1	9.0	0.2255	0.0521	0.0019	0.0281	-0.4541	60	0.000	55.800000	37.500000	187.90	55.698528	36.758373	170.4	11011
20	2023-04-20	09:05:44	5876.4361	4	0.0177	0.0023	5876.8080	-8.9	9.6	0.2228	0.0522	0.0020	0.0280	-0.4542	60	0.000	55.800000	37.500000	187.90	55.699299	36.758583	173.1	11011
20	2023-04-20	09:06:44	5876.4361	4	0.0173	0.0022	5876.8078	-9.7	9.8	0.2159	0.0524	0.0021	0.0279	-0.4542	60	0.000	55.800000	37.500000	187.90	55.699425	36.758278	183.4	11011
20	2023-04-20	09:07:44	5876.4352	4	0.0199	0.0026	5876.8067	-9.5	9.1	0.2143	0.0525	0.0023	0.0278	-0.4542	60	0.000	55.800000	37.500000	187.90	55.699299	36.758659	182.9	11011
20	2023-04-20	09:08:44	5876.4358	4	0.0175	0.0023	5876.8074	-10.0	9.5	0.2155	0.0527	0.0023	0.0276	-0.4542	60	0.000	55.800000	37.500000	187.90	55.699337	36.758694	180.7	11011
20	2023-04-20	09:09:44	5876.4365	4	0.0176	0.0023	5876.8081	-7.7	10.9	0.2188	0.0528	0.0022	0.0276	-0.4542	60	0.000	55.800000	37.500000	187.90	55.699348	36.756130	181.5	11011
20	2023-04-20	09:10:44	5876.4350	4	0.0187	0.0024	5876.8065	-9.0	10.1	0.2153	0.0529	0.0023	0.0274	-0.4542	60	0.000	55.800000	37.500000	187.90	--	--	--	11011
60	2023-04-20	10:58:25	5930.6575	4	0.0244	0.0031	5931.0297	2.7	4.4	0.3062	0.0430	0.0003	0.0391	-0.4547	60	0.000	55.800000	37.500000	187.90	--	--	--	11011
60	2023-04-20	10:59:25	5930.6595	4	0.0210	0.0027	5931.0323	3.2	3.7	0.3014	0.0427	0.0003	0.0389	-0.4547	60	0.000	55.800000	37.500000	187.90	--	--	--	11011
60	2023-04-20	11:00:25	5930.6600	4	0.0168	0.0022	5931.0329	4.4	3.7	0.2980	0.0424	0.0005	0.0389	-0.4547	60	0.000	55.800000	37.500000	187.90	--	--	--	11011
60	2023-04-20	11:01:25	5930.6603	4	0.0153	0.0020	5931.0338	1.8	4.4	0.3029	0.0421	0.0003	0.0388	-0.4547	60	0.000	55.800000	37.500000	187.90	--	--	--	11011
60	2023-04-20	11:02:25	5930.6613	4	0.0209	0.0027	5931.0352	2.5	4.0	0.3046	0.0418	0.0003	0.0387	-0.4547	60	0.000	55.800000	37.500000	187.90	--	--	--	11011
60	2023-04-20	11:03:25	5930.6592	4	0.0169	0.0022	5931.0337	2.3	4.3	0.2950	0.0415	0.0002	0.0386	-0.4547	60	0.000	55.800000	37.500000	187.90	--	--	--	11011
60	2023-04-20	11:04:25	5930.6609	4	0.0188	0.0024	5931.0354	1.8	5.6	0.2991	0.0412	0.0004	0.0386	-0.4547	60	0.000	55.800000	37.500000	187.90	--	--	--	11011
60	2023-04-20	11:05:25	5930.6587	4	0.0194	0.0025	5931.0338	1.2	4.6	0.3015	0.0408	0.0004	0.0385	-0.4547	60	0.000	55.800000	37.500000	187.90	--	--	--	11011
60	2023-04-20	11:06:25	5930.6590	4	0.0217	0.0028	5931.0343	0.9	5.4	0.3026	0.0405	0.0005	0.0386	-0.4547	60	0.000	55.800000	37.500000	187.90	--	--	--	11011
60	2023-04-20	11:07:25	5930.6607	4	0.0180	0.0023	5931.0362	1.6	6.1	0.3010	0.0402	0.0005	0.0386	-0.4547	60	0.000	55.800000	37.500000	187.90	--	--	--	11011
60	2023-04-20	11:08:25	5930.6603	4	0.0183	0.0024	5931.0363	1.5	6.0	0.2984	0.0398	0.0005	0.0385	-0.4547	60	0.000	55.800000	37.500000	187.90	--	--	--	11011
60	2023-04-20	11:09:25	5930.6606	4	0.0200	0.0026	5931.0368	1.8	5.4	0.2949	0.0395	0.0005	0.0385	-0.4548	60	0.000	55.800000	37.500000	187.90	--	--	--	11011
60	2023-04-20	11:10:25	5930.6599	4	0.0163	0.0021	5931.0367	0.9	4.9	0.3053	0.0391	0.0003	0.0385	-0.4548	60	0.000	55.800000	37.500000	187.90	--	--	--	11011
60	2023-04-20	11:11:25	5930.6611	4	0.0188	0.0024	5931.0381	2.3	6.1	0.3015	0.0388	0.0006	0.0383	-0.4548	60	0.000	55.800000	37.500000	187.90	--	--	--	11011
60	2023-04-20	11:12:25	5930.6607	4	0.0193	0.0025	5931.0381	1.9	5.2	0.3062	0.0384	0.0004	0.0385	-0.4548	60	0.000	55.800000	37.500000	187.90	--	--	--	11011
60	2023-04-20	11:13:25	5930.6620	4	0.0219	0.0028	5931.0399	1.2	4.8	0.3020	0.0381	0.0003	0.0385	-0.4548	60	0.000	55.800000	37.500000	187.90	--	--	--	11011
60	2023-04-20	11:14:25	5930.6624	4	0.0181	0.0023	5931.0405	1.2	5.4	0.2944	0.0377	0.0004	0.0385	-0.4548	60	0.000	55.800000	37.500000	187.90	--	--	--	11011
60	2023-04-20	11:15:25	5930.6621	4	0.0167	0.0022	5931.0405	1.7	5.8	0.2980	0.0374	0.0005	0.0385	-0.4548	60	0.000	55.800000	37.500000	187.90	--	--	--	11011
60	2023-04-20	11:16:25	5930.6599	4	0.0218	0.0028	5931.0388	2.3	5.1	0.2959	0.0370	0.0005	0.0384	-0.4548	60	0.000	55.800000	37.500000	187.90	--	--	--	11011
60	2023-04-20	11:17:25	5930.6612	4	0.0241	0.0031	5931.0403	2.1	6.8	0.2995	0.0367	0.0006	0.0385	-0.4548	60	0.000	55.800000	37.500000	187.90	--	--	--	11011
60	2023-04-20	11:18:25	5930.6604	4	0.0172	0.0022	5931.0399	1.7	5.9	0.2982	0.0363	0.0005	0.0385	-0.4548	60	0.000	55.800000	37.500000	187.90	--	--	--	11011
60	2023-04-20	11:19:25	5930.6608	4	0.0159	0.0021	5931.0408	1.6	5.1	0.2976	0.0359	0.0003	0.0385	-0.4548	60	0.000	55.800000	37.500000	187.90	--	--	--	11011
60	2023-04-20	11:20:25	5930.6598	4	0.0158	0.0020	5931.0401	0.8	5.8	0.3058	0.0355	0.0005	0.0384	-0.4548	60	0.000	55.800000	37.500000	187.90	--	--	--	11011
60	2023-04-20	11:21:25	5930.6604	4	0.0175	0.0023	5931.0411	1.2	5.2	0.3008	0.0352	0.0004	0.0386	-0.4548	60	0.000	55.800000	37.500000	187.90	--	--	--	11011
60	2023-04-20	11:22:25	5930.6615	4	0.0131	0.0017	5931.0428	3.1	4.6	0.3004	0.0348	0.0004	0.0384	-0.4548	60	0.000	55.800000	37.500000	187.90	--	--	--	11011
60	2023-04-20	11:23:25	5930.6611	4	0.0212	0.0027	5931.0426	1.4	5.8	0.2944	0.0344	0.0004	0.0385	-0.4548	60	0.000	55.800000	37.500000	187.90	--	--	--	11011
60	2023-04-20	11:24:25	5930.6615	4	0.0233	0.0030	5931.0434	0.4	5.0	0.2995	0.0340	0.0003	0.0385	-0.4548	60	0.000	55.800000	37.500000	187.90	--	--	--	11011
60	2023-04-20	11:25:25	5930.6599	4	0.0153	0.0020	5931.0422	1.5	4.6	0.2977	0.0336	0.0003	0.0386	-0.4548	60	0.000	55.800000	37.500000	187.90	--	--	--	11011
60	2023-04-20	11:26:25	5930.6608	4	0.0217	0.0028	5931.0433	3.4	5.3	0.2988	0.0332	0.0005	0.0386	-0.4548	60	0.000	55.800000	37.500000	187.90	--	--	--	11011
60	2023-04-20	11:27:25	5930.6598	4	0.0208	0.0027	5931.0430	2.6	5.0	0.2963	0.0328	0.0005	0.0384	-0.4548	60	0.000	55.800000	37.500000	187.90	--	--	--	11011
60	2023-04-20	11:28:25	5930.6591	4	0.0177	0.0023	5931.0425	1.7	5.5	0.2949	0.0324	0.0006	0.0384	-0.4548	60	0.000	55.800000	37.500000	187.90	--	--	--	11011
60	2023-04-20	11:29:25	5930.6601	4	0.0190	0.0024	5931.0437	3.5	6.6	0.2956	0.0320	0.0007	0.0385	-0.4548	60	0.000	55.800000	37.500000	187.90	--	--	--	11011
60	2023-04-20	11:30:25	5930.6607	4	0.0189	0.0024	5931.0449	2.6	6.1	0.2955	0.0316	0.0005	0.0385	-0.4549	60	0.000	55.800000	37.500000	187.90	--	--	--	11011
60	2023-04-20	11:31:25	5930.6599	4	0.0217	0.0028	5931.0447	1.8	5.5	0.2933	0.0312	0.0004	0.0384	-0.4549	60	0.000	55.800000	37.500000	187.90	--	--	--	11011
60	2023-04-20	11:32:25	5930.6622	4	0.0216	0.0028	5931.0473	1.7	6.0	0.2951	0.0308	0.0005	0.0385	-0.4549	60	0.000	55.800000	37.500000	187.90	--	--	--	11011
60	2023-04-20	11:33:25	5930.6610	4	0.0193	0.0025	5931.0465	1.9	6.0	0.3029	0.0304	0.0005	0.0385	-0.4549	60	0.000	55.800000	37.500000	187.90	--	--	--	11011
60	2023-04-20	11:34:25	5930.6602	4	0.0179	0.0023	5931.0460	2.0	6.4	0.2926	0.0300	0.0006	0.0385	-0.4549	60	0.000	55.800000	37.500000	187.90	--	--	--	11011
60	2023-04-20	11:35:25	5930.6595	4	0.0201	0.0026	5931.0458	0.9	6.6	0.2982	0.0296	0.0005	0.0385	-0.4549	60	0.000	55.800000	37.500000	187.90	--	--	--	11011
60	2023-04-20	11:36:25	5930.6610	4	0.0170	0.0022	5931.0474	3.3	6.5	0.3005	0.0292	0.0007	0.0386	-0.4549	60	0.000	55.800000	37.500000	187.90	--	--	--	11011
60	2023-04-20	11:37:25	5930.6597	4	0.0196	0.0025	5931.0468	3.2	5.7	0.2980	0.0287	0.0005	0.0385	-0.4549	60	0.000	55.800000	37.500000	187.90	--	--	--	11011
60	2023-04-20	11:38:25	5930.6601	4	0.0186	0.0024	5931.0474	3.7	6.9	0.2961	0.0283	0.0007	0.0385	-0.4549	60	0.000	55.800000	37.500000	187.90	--	--	--	11011
60	2023-04-20	11:39:25	5930.6603	4	0.0195	0.0025	5931.0482	3.4	6.0	0.3004	0.0279	0.0006	0.0385	-0.4549	60	0.000	55.800000	37.500000	187.90	--	--	--	11011
60	2023-04-20	11:40:25	5930.6597	4	0.0169	0.0022	5931.0479	4.3	6.6	0.2976	0.0275	0.0008	0.0385	-0.4549	60	0.000	55.800000	37.500000	187.90	--	--	--	11011
60	2023-04-20	11:41:25	5930.6603	4	0.0133	0.0017	5931.0490	4.3	6.6	0.2976	0.0270	0.0009	0.0384	-0.4549	60	0.000	55.800000	37.500000	187.90	--	--	--	11011
60	2023-04-20	11:42:25	5930.6603	4	0.0164	0.0021	5931.0494	3.5	6.3	0.2981	0.0266	0.0006	0.0385	-0.4549	60	0.000	55.800000	37.500000	187.90	--	--	--	11011
60	2023-04-20	11:43:25	5930.6596	4	0.0193	0.0025	5931.0490	3.9	6.7	0.2993	0.0261	0.0007	0.0387	-0.4549	60	0.000	55.800000	37.500000	187.90	--	--	--	11011
60	2023-04-20	11:44:25	5930.6611	4	0.0188	0.0024	5931.0510	3.6	6.1	0.2946	0.0257	0.0006	0.0386	-0.4549	60	0.000	55.800000	37.500000	187.90	--	--	--	11011
60	2023-04-20	11:45:25	5930.6593	4	0.0194	0.0025	5931.0501	2.9	5.2	0.2986	0.0253	0.0005	0.0384	-0.4549	60	0.000	55.800000	37.500000	187.90	--	--	--	11011
60	2023-04-20	11:46:25	5930.6606	4	0.0179	0.0023	5931.0518	3.3	5.4	0.2993	0.0248	0.0005	0.0384	-0.4549	60	0.000	55.800000	37.500000	187.90	--	--	--	11011
60	2023-04-20	11:47:25	5930.6612	4	0.0175	0.0023	5931.0527	4.1	5.2	0.2984	0.0244	0.0005	0.0386	-0.4549	60	0.000	55.800000	37.500000	187.90	--	--	--	11011
60	2023-04-20	11:48:25	5930.6593	4	0.0223	0.0029	5931.0511	3.1	5.8	0.2952	0.0239	0.0006	0.0385	-0.4549	60	0.000	55.800000	37.500000	187.90	--	--	--	11011
60	2023-04-20	11:49:25	5930.6603	4	0.0173	0.0022	5931.0528	3.0	5.7	0.2960	0.0235	0.0004	0.0386	-0.4549	60	0.000	55.800000	37.500000	187.90	--	--	--	11011
60	2023-04-20	11:50:25	5930.6609	4	0.0217	0.0028	5931.0535	1.8	7.2	0.2964	0.0230	0.0008	0.0385	-0.4550	60	0.000	55.800000	37.500000	187.90	--	--	--	11011
60	2023-04-20	11:51:25	5930.6597	4	0.0194	0.0025	5931.0531	3.3	4.8	0.2972	0.0226	0.0005	0.0385	-0.4550	60	0.000	55.800000	37.500000	187.90	--	--	--	11011
60	2023-04-20	11:52:25	5930.6601	4	0.0187	0.0024	5931.0542	1.8	4.6	0.3028	0.0221	0.0003	0.0384	-0.4550	60	0.000	55.800000	37.500000	187.90	--	--	--	11011
60	2023-04-20	11:53:25	5930.6601	4	0.0199	0.0026	5931.0545	1.8	4.8	0.3026	0.0216	0.0004	0.0386	-0.4550	60	0.000	55.800000	37.500000	187.90	--	--	--	11011
60	2023-04-20	11:54:25	5930.6603	4	0.0179	0.0023	5931.0551	3.1	5.5	0.3007	0.0212	0.0004	0.0385	-0.4550	60	0.000	55.800000	37.500000	187.90	--	--	--	11011
60	2023-04-20	11:55:25	5930.6603	4	0.0170	0.0022	5931.0555	2.4	5.8	0.2969	0.0207	0.0005	0.0385	-0.4550	60	0.000	55.800000	37.500000	187.90	--	--	--	11011
60	2023-04-20	11:56:25	5930.6592	4	0.0267	0.0034	5931.0551	2.4	4.0	0.2941	0.0202	0.0003	0.0385	-0.4550	60	0.000	55.800000	37.500000	187.90	--	--	--	11011
60	2023-04-20	11:57:25	5930.6595	4	0.0277	0.0036	5931.0560	2.6	4.0	0.3004	0.0198	0.0003	0.0384	-0.4550	60	0.000	55.800000	37.500000	187.90	--	--	--	11011
20	2023-04-20	13:45:11	5876.4313	4	0.0150	0.0019	5876.8812	-2.9	-1.6	0.3230	-0.0368	0.0002	0.0422	-0.4555	60	0.000	55.800000	37.500000	187.90	55.699368	36.758297	207.1	11011
20	2023-04-20	13:46:11	5876.4319	4	0.0192	0.0025	5876.8829	-4.0	-0.3	0.3207	-0.0373	0.0002	0.0417	-0.4555	60	0.000	55.800000	37.500000	187.90	55.698441	36.758751	209.7	11011
20	2023-04-20	13:47:11	5876.4313	4	0.0206	0.0027	5876.8832	-3.8	-0.7	0.3176	-0.0378	0.0002	0.0413	-0.4555	60	0.000	55.800000	37.500000	187.90	55.699795	36.757668	211.1	11011
20	2023-04-20	13:48:11	5876.4320	4	0.0178	0.0023	5876.8849	-4.2	-1.3	0.3140	-0.0384	0.0003	0.0407	-0.4555	60	0.000	55.800000	37.500000	187.90	55.699780	36.757950	213.1	11011
20	2023-04-20	13:49:11	5876.4334	4	0.0183	0.0024	5876.8873	-5.1	-0.6	0.3130	-0.0389	0.0003	0.0402	-0.4555	60	0.000	55.800000	37.500000	187.90	55.699661	36.757702	214.3	11011
20	2023-04-20	13:50:11	5876.4321	4	0.0215	0.0028	5876.8873	-3.7	-1.4	0.3063	-0.0394	0.0002	0.0396	-0.4555	60	0.000	55.800000	37.500000	187.90	55.699646	36.757778	214.6	11011
20	2023-04-20	13:51:11	5876.4318	4	0.0153	0.0020	5876.8877	-6.0	-1.6	0.3031	-0.0399	0.0004	0.0391	-0.4555	60	0.000	55.800000	37.500000	187.90	55.699432	36.758183	215.6	11011
20	2023-04-20	13:52:11	5876.4318	4	0.0175	0.0023	5876.8888	-6.0	-1.0	0.2988	-0.0404	0.0005	0.0386	-0.4555	60	0.000	55.800000	37.500000	187.90	55.699455	36.757915	216.5	11011
20	2023-04-20	13:53:11	5876.4339	4	0.0155	0.0020	5876.8915	-7.1	-1.0	0.2950	-0.0409	0.0007	0.0382	-0.4555	60	0.000	55.800000	37.500000	187.90	55.699718	36.757854	216.9	11011
20	2023-04-20	13:54:11	5876.4332	4	0.0186	0.0024	5876.8918	-7.7	0.0	0.2943	-0.0414	0.0007	0.0377	-0.4556	60	0.000	55.800000	37.500000	187.90	55.699608	36.757751	218.1	11011
20	2023-04-20	13:55:11	5876.4344	4	0.0211	0.0027	5876.8937	-7.7	-1.4	0.2815	-0.0420	0.0008	0.0375	-0.4556	60	0.000	55.800000	37.500000	187.90	55.699375	36.757683	218.6	11011
20	2023-04-20	13:56:11	5876.4316	4	0.0178	0.0023	5876.8921	-7.2	-1.7	0.2860	-0.0425	0.0007	0.0369	-0.4556	60	0.000	55.800000	37.500000	187.90	55.699528	36.757835	218.7	11011
20	2023-04-20	13:57:11	5876.4340	4	0.0155	0.0020	5876.8948	-9.6	0.6	0.2795	-0.0430	0.0011	0.0367	-0.4556	60	0.000	55.800000	37.500000	187.90	55.699646	36.757797	220.1	11011
20	2023-04-20	13:58:11	5876.4319	4	0.0218	0.0028	5876.8939	-8.5	1.4	0.2829	-0.0435	0.0008	0.0363	-0.4556	60	0.000	55.800000	37.500000	187.90	55.699528	36.757935	219.2	11011
20	2023-04-20	13:59:11	5876.4330	4	0.0172	0.0022	5876.8957	-9.1	0.4	0.2730	-0.0440	0.0011	0.0358	-0.4556	60	0.000	55.800000	37.500000	187.90	55.699551	36.758255	218.5	11011
20	2023-04-20	14:00:11	5876.4336	4	0.0188	0.0024	5876.8972	-9.5	0.5	0.2721	-0.0445	0.0010	0.0355	-0.4556	60	0.000	55.800000	37.500000	187.90	55.699570	36.758228	218.0	11011
20	2023-04-20	14:01:11	5876.4328	4	0.0171	0.0022	5876.8971	-10.0	-0.8	0.2752	-0.0450	0.0011	0.0351	-0.4556	60	0.000	55.800000	37.500000	187.90	55.699490	36.757835	215.9	11011
20	2023-04-20	14:02:11	5876.4312	4	0.0149	0.0019	5876.8964	-8.9	-1.3	0.2697	-0.0455	0.0011	0.0348	-0.4556	60	0.000	55.800000	37.500000	187.90	--	--	--	11011
20	2023-04-20	14:03:11	5876.4322	4	0.0202	0.0026	5876.8984	-8.5	0.3	0.2676	-0.0460	0.0008	0.0346	-0.4556	60	0.000	55.800000	37.500000	187.90	55.699608	36.757732	215.8	11011
20	2023-04-20	14:04:11	5876.4326	4	0.0141	0.0018	5876.8993	-9.4	0.4	0.2635	-0.0465	0.0011	0.0343	-0.4556	60	0.000	55.800000	37.500000	187.90	55.699463	36.757816	215.6	11011
20	2023-04-20	14:05:11	5876.4306	4	0.0169	0.0022	5876.8981	-8.9	1.8	0.2557	-0.0470	0.0012	0.0339	-0.4556	60	0.000	55.800000	37.500000	187.90	55.699608	36.757828	215.5	11011
20	2023-04-20	14:06:11	5876.4308	4	0.0158	0.0020	5876.8992	-8.6	1.5	0.2614	-0.0475	0.0010	0.0337	-0.4556	60	0.000	55.800000	37.500000	187.90	55.699406	36.758095	215.1	11011
20	2023-04-20	14:07:11	5876.4317	4	0.0135	0.0017	5876.9008	-8.3	1.7	0.2567	-0.0480	0.0008	0.0336	-0.4556	60	0.000	55.800000	37.500000	187.90	55.699432	36.757915	215.5	11011
20	2023-04-20	14:08:11	5876.4321	4	0.0192	0.0025	5876.9016	-9.0	2.8	0.2542	-0.0485	0.0012	0.0334	-0.4556	60	0.000	55.800000	37.500000	187.90	55.699776	36.757523	215.5	11011
20	2023-04-20	14:09:11	5876.4312	4	0.0174	0.0022	5876.9016	-9.9	3.0	0.2602	-0.0489	0.0012	0.0330	-0.4556	60	0.000	55.800000	37.500000	187.90	55.699615	36.757542	215.5	11011
20	2023-04-20	14:10:11	5876.4313	4	0.0187	0.0024	5876.9020	-9.6	3.1	0.2522	-0.0494	0.0013	0.0330	-0.4556	60	0.000	55.800000	37.500000	187.90	55.699585	36.757980	215.5	11011
20	2023-04-20	14:11:11	5876.4317	4	0.0191	0.0025	5876.9031	-9.6	4.8	0.2518	-0.0499	0.0013	0.0328	-0.4556	60	0.000	55.800000	37.500000	187.90	55.699646	36.757828	216.5	11011
20	2023-04-20	14:12:11	5876.4327	4	0.0128	0.0016	5876.9050	-9.7	4.3	0.2557	-0.0504	0.0014	0.0323	-0.4556	60	0.000	55.800000	37.500000	187.90	55.699692	36.757980	221.6	11011
20	2023-04-20	14:13:11	5876.4328	4	0.0155	0.0020	5876.9053	-11.1	4.0	0.2511	-0.0509	0.0018	0.0322	-0.4556	60	0.000	55.800000	37.500000	187.90	55.699665	36.757904	224.5	11011
20	2023-04-20	14:14:11	5876.4324	4	0.0202	0.0026	5876.9061	-9.9	3.2	0.2451	-0.0514	0.0013	0.0320	-0.4556	60	0.000	55.800000	37.500000	187.90	55.699608	36.758389	224.2	11011
20	2023-04-20	14:15:11	5876.4314	4	0.0151	0.0020	5876.9059	-9.6	2.9	0.2458	-0.0518	0.0012	0.0318	-0.4557	60	0.000	55.800000	37.500000	187.90	55.699512	36.757858	223.1	11011
20	2023-04-20	14:16:11	5876.4314	4	0.0158	0.0020	5876.9068	-8.8	3.5	0.2423	-0.0523	0.0009	0.0317	-0.4557	60	0.000	55.800000	37.500000	187.90	55.699661	36.757626	221.4	11011
20	2023-04-20	14:17:11	5876.4325	4	0.0195	0.0025	5876.9082	-9.4	3.8	0.2457	-0.0528	0.0012	0.0316	-0.4557	60	0.000	55.800000	37.500000	187.90	55.699627	36.757751	219.8	11011
20	2023-04-20	14:18:11	5876.4326	4	0.0173	0.0022	5876.9087	-10.0	4.7	0.2415	-0.0533	0.0014	0.0314	-0.4557	60	0.000	55.800000	37.500000	187.90	55.699837	36.757324	219.6	11011
20	2023-04-20	14:19:11	5876.4305	4	0.0200	0.0026	5876.9073	-10.4	5.4	0.2427	-0.0537	0.0016	0.0310	-0.4557	60	0.000	55.800000	37.500000	187.90	55.699780	36.757397	219.6	11011
20	2023-04-20	14:20:11	5876.4313	4	0.0171	0.0022	5876.9084	-9.9	5.7	0.2428	-0.0542	0.0017	0.0312	-0.4557	60	0.000	55.800000	37.500000	187.90	55.699501	36.757877	219.5	11011
20	2023-04-20	14:21:11	5876.4326	4	0.0179	0.0023	5876.9106	-9.4	5.0	0.2406	-0.0547	0.0013	0.0311	-0.4557	60	0.000	55.800000	37.500000	187.90	55.699699	36.757973	219.5	11011
20	2023-04-20	14:22:11	5876.4309	4	0.0187	0.0024	5876.9095	-10.5	5.8	0.2377	-0.0551	0.0015	0.0307	-0.4557	60	0.000	55.800000	37.500000	187.90	55.699558	36.757866	219.4	11011
20	2023-04-20	14:23:11	5876.4315	4	0.0180	0.0023	5876.9102	-11.2	6.3	0.2360	-0.0556	0.0019	0.0307	-0.4557	60	0.000	55.800000	37.500000	187.90	55.699577	36.757893	219.8	11011
20	2023-04-20	14:24:11	5876.4310	4	0.0209	0.0027	5876.9106	-10.9	5.2	0.2347	-0.0561	0.0017	0.0304	-0.4557	60	0.000	55.800000	37.500000	187.90	55.699444	36.757801	220.3	11011
20	2023-04-20	14:25:11	5876.4306	4	0.0201	0.0026	5876.9111	-11.0	3.6	0.2358	-0.0565	0.0016	0.0302	-0.4557	60	0.000	55.800000	37.500000	187.90	55.699665	36.757866	220.3	11011
20	2023-04-20	14:26:11	5876.4298	4	0.0161	0.0021	5876.9111	-10.2	4.8	0.2279	-0.0570	0.0015	0.0300	-0.4557	60	0.000	55.800000	37.500000	187.90	55.699661	36.757694	220.5	11011
20	2023-04-20	14:27:11	5876.4304	4	0.0164	0.0021	5876.9117	-12.0	4.9	0.2300	-0.0574	0.0020	0.0298	-0.4557	60	0.000	55.800000	37.500000	187.90	55.699615	36.757740	219.9	11011
20	2023-04-20	14:28:11	5876.4314	4	0.0215	0.0028	5876.9133	-12.3	5.5	0.2395	-0.0579	0.0020	0.0297	-0.4557	60	0.000	55.800000	37.500000	187.90	55.699760	36.757580	219.1	11011
20	2023-04-20	14:29:11	5876.4330	4	0.0183	0.0024	5876.9153	-13.5	5.9	0.2235	-0.0583	0.0024	0.0294	-0.4557	60	0.000	55.800000	37.500000	187.90	55.699787	36.757542	217.7	11011
20	2023-04-20	14:30:11	5876.4335	4	0.0185	0.0024	5876.9161	-13.1	5.9	0.2224	-0.0588	0.0025	0.0295	-0.4557	60	0.000	55.800000	37.500000	187.90	55.699787	36.757484	217.4	11011
20	2023-04-20	14:31:11	5876.4322	4	0.0172	0.0022	5876.9152	-13.6	5.8	0.2221	-0.0592	0.0025	0.0294	-0.4557	60	0.000	55.800000	37.500000	187.90	55.699730	36.757553	217.4	11011
20	2023-04-20	14:32:11	5876.4324	4	0.0182	0.0024	5876.9163	-12.4	5.4	0.2300	-0.0597	0.0022	0.0293	-0.4557	60	0.000	55.800000	37.500000	187.90	55.699348	36.757877	217.0	11011
20	2023-04-20	14:33:11	5876.4320	4	0.0140	0.0018	5876.9168	-12.3	4.8	0.2226	-0.0601	0.0020	0.0291	-0.4557	60	0.000	55.800000	37.500000	187.90	55.699425	36.758064	208.4	11011
20	2023-04-20	14:34:11	5876.4299	4	0.0193	0.0025	5876.9150	-11.9	5.0	0.2278	-0.0606	0.0022	0.0290	-0.4557	60	0.000	55.800000	37.500000	187.90	55.699604	36.757687	215.2	11011
20	2023-04-20	14:35:11	5876.4316	4	0.0176	0.0023	5876.9173	-12.8	5.3	0.2282	-0.0610	0.0022	0.0288	-0.4558	60	0.000	55.800000	37.500000	187.90	55.699570	36.757744	212.4	11011
20	2023-04-20	14:36:11	5876.4316	4	0.0169	0.0022	5876.9177	-12.4	5.5	0.2288	-0.0614	0.0023	0.0288	-0.4558	60	0.000	55.800000	37.500000	187.90	55.699539	36.758141	210.7	11011
20	2023-04-20	14:37:11	5876.4303	4	0.0159	0.0021	5876.9173	-12.0	5.6	0.2194	-0.0619	0.0020	0.0287	-0.4558	60	0.000	55.800000	37.500000	187.90	55.699673	36.757687	210.2	11011
20	2023-04-20	14:38:11	5876.4308	4	0.0221	0.0029	5876.9183	-10.0	6.7	0.2207	-0.0623	0.0018	0.0287	-0.4558	60	0.000	55.800000	37.500000	187.90	55.699673	36.757648	210.0	11011
20	2023-04-20	14:39:11	5876.4305	4	0.0141	0.0018	5876.9186	-10.1	7.3	0.2276	-0.0627	0.0018	0.0287	-0.4558	60	0.000	55.800000	37.500000	187.90	55.699265	36.758049	208.0	11011
20	2023-04-20	14:40:11	5876.4308	4	0.0157	0.0020	5876.9195	-10.6	6.8	0.2197	-0.0631	0.0018	0.0284	-0.4558	60	0.000	55.800000	37.500000	187.90	55.699203	36.758106	207.1	11011
20	2023-04-20	14:41:11	5876.4318	4	0.0225	0.0029	5876.9208	-10.2	6.8	0.2157	-0.0636	0.0020	0.0284	-0.4558	60	0.000	55.800000	37.500000	187.90	55.699490	36.757778	205.5	11011
20	2023-04-20	14:42:11	5876.4309	4	0.0149	0.0019	5876.9207	-11.0	6.9	0.2186	-0.0640	0.0019	0.0281	-0.4558	60	0.000	55.800000	37.500000	187.90	55.699539	36.757618	205.7	11011
20	2023-04-20	14:43:11	5876.4298	4	0.0179	0.0023	5876.9194	-12.0	6.5	0.2177	-0.0644	0.0025	0.0281	-0.4558	60	0.000	55.800000	37.500000	187.90	55.699425	36.757668	206.8	11011
20	2023-04-20	14:44:11	5876.4323	4	0.0193	0.0025	5876.9230	-11.0	7.2	0.2183	-0.0648	0.0019	0.0280	-0.4558	60	0.000	55.800000	37.500000	187.90	55.699318	36.757732	208.0	11011
0	2023-04-20	16:59:31	5899.0220	4	0.0180	0.0023	5899.5322	0.9	-0.5	0.3154	-0.0948	0.0000	0.0410	-0.4565	60	0.000	55.800000	37.500000	187.90	55.780933	37.639114	168.0	11011
0	2023-04-20	17:00:31	5899.0242	4	0.0147	0.0019	5899.5344	0.9	-0.7	0.3127	-0.0949	0.0001	0.0410	-0.4565	60	0.000	55.800000	37.500000	187.90	55.780880	37.639278	165.8	11011
0	2023-04-20	17:01:31	5899.0231	4	0.0140	0.0018	5899.5336	1.3	0.4	0.3159	-0.0949	0.0001	0.0408	-0.4565	60	0.000	55.800000	37.500000	187.90	55.780792	37.639236	166.4	11011
0	2023-04-20	17:02:31	5899.0237	4	0.0153	0.0020	5899.5344	2.4	0.7	0.3103	-0.0949	0.0001	0.0406	-0.4565	60	0.000	55.800000	37.500000	187.90	55.780876	37.639088	168.3	11011
0	2023-04-20	17:03:31	5899.0220	4	0.0164	0.0021	5899.5330	0.2	0.2	0.3109	-0.0949	0.0000	0.0403	-0.4565	60	0.000	55.800000	37.500000	187.90	55.780842	37.639217	170.8	11011
0	2023-04-20	17:04:31	5899.0250	4	0.0130	0.0017	5899.5361	-0.5	1.5	0.3075	-0.0949	0.0000	0.0403	-0.4565	60	0.000	55.800000	37.500000	187.90	55.780842	37.639221	174.1	11011
0	2023-04-20	17:05:31	5899.0234	4	0.0157	0.0020	5899.5346	-1.2	1.3	0.3085	-0.0949	0.0001	0.0401	-0.4565	60	0.000	55.800000	37.500000	187.90	55.780956	37.639248	177.7	11011
0	2023-04-20	17:06:31	5899.0230	4	0.0190	0.0025	5899.5341	-2.5	2.3	0.3106	-0.0949	0.0002	0.0402	-0.4565	60	0.000	55.800000	37.500000	187.90	55.780972	37.639217	179.6	11011
0	2023-04-20	17:07:31	5899.0224	4	0.0175	0.0023	5899.5337	-1.1	1.8	0.3109	-0.0949	0.0001	0.0400	-0.4565	60	0.000	55.800000	37.500000	187.90	55.780880	37.639259	178.4	11011
0	2023-04-20	17:08:31	5899.0233	4	0.0147	0.0019	5899.5346	0.5	1.1	0.3075	-0.0949	0.0001	0.0400	-0.4565	60	0.000	55.800000	37.500000	187.90	55.780876	37.639278	183.9	11011
0	2023-04-20	17:09:31	5899.0235	4	0.0187	0.0024	5899.5351	0.3	0.5	0.3080	-0.0949	0.0000	0.0397	-0.4565	60	0.000	55.800000	37.500000	187.90	55.780632	37.639183	185.2	11011
0	2023-04-20	17:10:31	5899.0225	4	0.0143	0.0018	5899.5342	-0.3	1.5	0.3145	-0.0949	0.0001	0.0396	-0.4565	60	0.000	55.800000	37.500000	187.90	55.780918	37.639294	185.9	11011
0	2023-04-20	17:11:31	5899.0249	4	0.0167	0.0022	5899.5366	0.5	0.4	0.3139	-0.0949	0.0000	0.0396	-0.4565	60	0.000	55.800000	37.500000	187.90	55.780861	37.639297	185.4	11011
0	2023-04-20	17:12:31	5899.0224	4	0.0156	0.0020	5899.5343	0.7	-0.5	0.3106	-0.0949	0.0000	0.0395	-0.4565	60	0.000	55.800000	37.500000	187.90	55.780972	37.639351	184.7	11011
0	2023-04-20	17:13:31	5899.0230	4	0.0140	0.0018	5899.5348	0.4	0.6	0.3017	-0.0949	0.0000	0.0396	-0.4565	60	0.000	55.800000	37.500000	187.90	55.780895	37.639179	185.7	11011
0	2023-04-20	17:14:31	5899.0238	4	0.0152	0.0020	5899.5357	0.8	0.4	0.3061	-0.0949	0.0000	0.0395	-0.4565	60	0.000	55.800000	37.500000	187.90	55.780964	37.639294	188.4	11011
0	2023-04-20	17:15:31	5899.0235	4	0.0151	0.0020	5899.5353	1.4	0.3	0.2998	-0.0948	0.0001	0.0395	-0.4565	60	0.000	55.800000	37.500000	187.90	55.781048	37.639294	188.1	11011
0	2023-04-20	17:16:31	5899.0222	4	0.0185	0.0024	5899.5340	1.2	2.3	0.3008	-0.0948	0.0001	0.0395	-0.4565	60	0.000	55.800000	37.500000	187.90	55.781052	37.639278	188.3	11011
0	2023-04-20	17:17:31	5899.0230	4	0.0136	0.0018	5899.5351	-0.5	1.5	0.3020	-0.0948	0.0000	0.0392	-0.4565	60	0.000	55.800000	37.500000	187.90	55.781067	37.639332	191.0	11011
0	2023-04-20	17:18:31	5899.0227	4	0.0207	0.0027	5899.5348	-0.4	1.3	0.3035	-0.0948	0.0001	0.0392	-0.4565	60	0.000	55.800000	37.500000	187.90	55.781212	37.639122	193.2	11011
0	2023-04-20	17:19:31	5899.0233	4	0.0139	0.0018	5899.5354	0.1	1.5	0.3058	-0.0947	0.0001	0.0391	-0.4566	60	0.000	55.800000	37.500000	187.90	55.781219	37.639275	192.2	11011
0	2023-04-20	17:20:31	5899.0211	4	0.0141	0.0018	5899.5332	-0.8	1.5	0.3039	-0.0947	0.0000	0.0391	-0.4566	60	0.000	55.800000	37.500000	187.90	55.781086	37.639362	188.6	11011
0	2023-04-20	17:21:31	5899.0214	4	0.0155	0.0020	5899.5336	-1.0	1.1	0.3008	-0.0947	0.0001	0.0389	-0.4566	60	0.000	55.800000	37.500000	187.90	55.781193	37.639278	187.4	11011
0	2023-04-20	17:22:31	5899.0213	4	0.0193	0.0025	5899.5336	-0.1	1.1	0.3015	-0.0946	0.0000	0.0389	-0.4566	60	0.000	55.800000	37.500000	187.90	55.781029	37.639420	187.5	11011
0	2023-04-20	17:23:31	5899.0230	4	0.0176	0.0023	5899.5352	1.3	0.9	0.3021	-0.0946	0.0001	0.0389	-0.4566	60	0.000	55.800000	37.500000	187.90	55.781013	37.639217	184.6	11011
0	2023-04-20	17:24:31	5899.0232	4	0.0148	0.0019	5899.5355	1.6	1.3	0.3027	-0.0945	0.0001	0.0388	-0.4566	60	0.000	55.800000	37.500000	187.90	55.780972	37.639294	182.5	11011
0	2023-04-20	17:25:31	5899.0223	4	0.0183	0.0024	5899.5345	-0.4	0.6	0.3023	-0.0945	0.0000	0.0388	-0.4566	60	0.000	55.800000	37.500000	187.90	55.781021	37.639297	182.2	11011
0	2023-04-20	17:26:31	5899.0222	4	0.0171	0.0022	5899.5342	-0.8	0.4	0.2953	-0.0945	0.0000	0.0390	-0.4566	60	0.000	55.800000	37.500000	187.90	55.780727	37.639259	182.0	11011
0	2023-04-20	17:27:31	5899.0224	4	0.0135	0.0017	5899.5346	0.4	0.7	0.3027	-0.0944	0.0000	0.0387	-0.4566	60	0.000	55.800000	37.500000	187.90	55.780781	37.639267	182.0	11011
0	2023-04-20	17:28:31	5899.0209	4	0.0138	0.0018	5899.5330	-1.3	1.7	0.3020	-0.0944	0.0001	0.0387	-0.4566	60	0.000	55.800000	37.500000	187.90	55.780899	37.639030	182.1	11011
0	2023-04-20	17:29:31	5899.0213	4	0.0149	0.0019	5899.5334	-3.0	1.4	0.3025	-0.0943	0.0002	0.0387	-0.4566	60	0.000	55.800000	37.500000	187.90	55.780842	37.638752	182.3	11011
0	2023-04-20	17:30:31	5899.0229	4	0.0173	0.0022	5899.5349	-1.1	2.4	0.3051	-0.0942	0.0002	0.0386	-0.4566	60	0.000	55.800000	37.500000	187.90	55.781689	37.638504	183.3	11011
0	2023-04-20	17:31:31	5899.0208	4	0.0134	0.0017	5899.5328	0.3	2.2	0.2950	-0.0942	0.0001	0.0387	-0.4566	60	0.000	55.800000	37.500000	187.90	55.780849	37.639343	184.2	11011
0	2023-04-20	17:32:31	5899.0226	4	0.0127	0.0016	5899.5345	1.7	1.5	0.2980	-0.0941	0.0002	0.0387	-0.4566	60	0.000	55.800000	37.500000	187.90	55.780811	37.639030	184.3	11011
0	2023-04-20	17:33:31	5899.0207	4	0.0132	0.0017	5899.5329	0.6	2.0	0.2963	-0.0941	0.0001	0.0384	-0.4566	60	0.000	55.800000	37.500000	187.90	55.780689	37.639103	183.9	11011
0	2023-04-20	17:34:31	5899.0218	4	0.0180	0.0023	5899.5337	0.1	3.3	0.2933	-0.0940	0.0001	0.0385	-0.4566	60	0.000	55.800000	37.500000	187.90	55.780933	37.639267	183.9	11011
0	2023-04-20	17:35:31	5899.0212	4	0.0127	0.0016	5899.5333	0.0	3.0	0.2923	-0.0939	0.0002	0.0383	-0.4566	60	0.000	55.800000	37.500000	187.90	55.780609	37.639248	184.1	11011
0	2023-04-20	17:36:31	5899.0227	4	0.0139	0.0018	5899.5345	-0.0	1.8	0.2997	-0.0939	0.0001	0.0386	-0.4566	60	0.000	55.800000	37.500000	187.90	55.781105	37.639294	187.5	11011
0	2023-04-20	17:37:31	5899.0219	4	0.0145	0.0019	5899.5338	0.2	1.9	0.2983	-0.0938	0.0001	0.0385	-0.4566	60	0.000	55.800000	37.500000	187.90	55.780918	37.639313	190.5	11011
0	2023-04-20	17:38:31	5899.0216	4	0.0176	0.0023	5899.5335	0.3	1.1	0.3037	-0.0937	0.0001	0.0384	-0.4566	60	0.000	55.800000	37.500000	187.90	55.780754	37.639008	190.3	11011
0	2023-04-20	17:39:31	5899.0210	4	0.0162	0.0021	5899.5330	-0.2	2.2	0.2930	-0.0936	0.0001	0.0382	-0.4566	60	0.000	55.800000	37.500000	187.90	55.780907	37.639065	191.2	11011
0	2023-04-20	17:40:31	5899.0235	4	0.0173	0.0022	5899.5352	-0.6	3.1	0.2966	-0.0936	0.0002	0.0383	-0.4567	60	0.000	55.800000	37.500000	187.90	55.781567	37.639584	192.7	11011
0	2023-04-20	17:41:31	5899.0211	4	0.0143	0.0019	5899.5330	-0.3	2.1	0.2941	-0.0935	0.0001	0.0381	-0.4567	60	0.000	55.800000	37.500000	187.90	55.780926	37.639732	193.4	11011
0	2023-04-20	17:42:31	5899.0227	4	0.0145	0.0019	5899.5346	0.2	2.4	0.2971	-0.0934	0.0001	0.0380	-0.4567	60	0.000	55.800000	37.500000	187.90	55.781071	37.638962	194.2	11011
0	2023-04-20	17:43:31	5899.0224	4	0.0146	0.0019	5899.5341	-1.1	2.6	0.2925	-0.0933	0.0001	0.0382	-0.4567	60	0.000	55.800000	37.500000	187.90	55.780689	37.639393	195.0	11011
0	2023-04-20	17:44:31	5899.0219	4	0.0200	0.0026	5899.5336	-1.0	1.6	0.2966	-0.0932	0.0000	0.0382	-0.4567	60	0.000	55.800000	37.500000	187.90	55.781071	37.639114	197.6	11011
0	2023-04-20	17:45:31	5899.0234	4	0.0165	0.0021	5899.5350	-2.4	2.3	0.2960	-0.0931	0.0002	0.0381	-0.4567	60	0.000	55.800000	37.500000	187.90	55.780918	37.639076	199.5	11011
0	2023-04-20	17:46:31	5899.0219	4	0.0151	0.0019	5899.5334	-1.6	1.7	0.2901	-0.0930	0.0001	0.0381	-0.4567	60	0.000	55.800000	37.500000	187.90	55.780933	37.639133	198.6	11011
0	2023-04-20	17:47:31	5899.0203	4	0.0198	0.0026	5899.5317	-1.2	2.4	0.2972	-0.0930	0.0002	0.0381	-0.4567	60	0.000	55.800000	37.500000	187.90	55.781136	37.638954	199.5	11011
0	2023-04-20	17:48:31	5899.0208	4	0.0195	0.0025	5899.5322	-1.2	1.7	0.2912	-0.0929	0.0001	0.0381	-0.4567	60	0.000	55.800000	37.500000	187.90	55.780563	37.639542	196.2	11011
0	2023-04-20	17:49:31	5899.0208	4	0.0175	0.0023	5899.5323	-1.3	2.2	0.2951	-0.0928	0.0002	0.0378	-0.4567	60	0.000	55.800000	37.500000	187.90	55.781010	37.639278	196.5	11011
0	2023-04-20	17:50:31	5899.0209	4	0.0148	0.0019	5899.5323	-1.1	2.8	0.2895	-0.0927	0.0001	0.0378	-0.4567	60	0.000	55.800000	37.500000	187.90	55.780781	37.639019	196.7	11011
0	2023-04-20	17:51:31	5899.0211	4	0.0150	0.0019	5899.5324	-1.0	2.0	0.2935	-0.0926	0.0001	0.0378	-0.4567	60	0.000	55.800000	37.500000	187.90	55.780613	37.639133	198.1	11011
0	2023-04-20	17:52:31	5899.0214	4	0.0158	0.0020	5899.5327	-0.2	1.9	0.2946	-0.0925	0.0001	0.0378	-0.4567	60	0.000	55.800000	37.500000	187.90	55.781277	37.639229	196.9	11011
0	2023-04-20	17:53:31	5899.0216	4	0.0156	0.0020	5899.5327	0.2	2.2	0.2952	-0.0924	0.0001	0.0378	-0.4567	60	0.000	55.800000	37.500000	187.90	55.781040	37.639355	203.0	11011
0	2023-04-20	17:54:31	5899.0222	4	0.0161	0.0021	5899.5331	-0.7	2.9	0.2912	-0.0922	0.0002	0.0378	-0.4567	60	0.000	55.800000	37.500000	187.90	55.781071	37.639114	210.7	11011
0	2023-04-20	17:55:31	5899.0216	4	0.0134	0.0017	5899.5328	-1.1	2.0	0.2967	-0.0921	0.0001	0.0376	-0.4567	60	0.000	55.800000	37.500000	187.90	55.781715	37.638115	210.1	11011
0	2023-04-20	17:56:31	5899.0219	4	0.0160	0.0021	5899.5329	-0.3	2.2	0.2892	-0.0920	0.0001	0.0377	-0.4567	60	0.000	55.800000	37.500000	187.90	55.781357	37.638626	208.1	11011
0	2023-04-20	17:57:31	5899.0229	4	0.0163	0.0021	5899.5337	-1.0	2.1	0.2926	-0.0919	0.0001	0.0377	-0.4567	60	0.000	55.800000	37.500000	187.90	55.781136	37.639019	205.8	11011
0	2023-04-20	17:58:31	5899.0209	4	0.0185	0.0024	5899.5317	-1.0	1.1	0.2922	-0.0918	0.0001	0.0377	-0.4567	60	0.000	55.800000	37.500000	187.90	55.780766	37.639145	208.6	11011
