
/	CG-5 SURVEY
/	Survey name:   	110a-kpre-ledv
/	Instrument S/N:	40443
/	Client:        	tsniigaik
/	Operator:      	epr
/	Date:          	2022/ 4/20
/	Time:          	05:17:30
/	LONG:        	37.5000000 E
/	LAT:         	55.8000000 N
/	ZONE:        	0       
/	GMT DIFF.:   	0.0 

/	CG-5 SETUP PARAMETERS
/	Gref:			0.000   
/	Gcal1:		8444.126
/	TiltxS:		621.286 
/	TiltyS:		641.192 
/	TiltxO:		-39.915 
/	TiltyO:		6.881   
/	Tempco:		-0.130  
/	Drift:		0.743   
/	DriftTime Start:	05:17:33
/	DriftDate Start:	2022/04/20

/	CG-5 OPTIONS
/	Tide Correction:    YES
/	Cont. Tilt:          NO
/	Auto Rejection:     YES
/	Terrain Corr.:       NO
/	Seismic Filter:     YES
/	Raw Data:           YES
Line	 134.000N
/------LINE-----STATION-----ALT.------GRAV.---SD.--TILTX--TILTY-TEMP---TIDE---DUR-REJ-----TIME----DEC.TIME+DATE--TERRAIN---DATE
134.0000000  14.0000000   29.5896   6847.159 0.066   -1.6   -0.5 -2.11 -0.077  55  16 05:25:10     44639.22545    0.0000  2022/04/20
134.0000000  14.0000000   29.5896   6847.165 0.046   -1.6   -0.6 -2.12 -0.077  55   0 05:26:15     44639.22620    0.0000  2022/04/20
134.0000000  14.0000000   29.5896   6847.165 0.046   -1.7   -0.7 -2.12 -0.077  55   0 05:27:15     44639.22689    0.0000  2022/04/20
134.0000000  14.0000000   29.5896   6847.167 0.036   -1.9   -0.7 -2.13 -0.076  55   0 05:28:15     44639.22759    0.0000  2022/04/20
134.0000000  14.0000000   29.8338   6847.166 0.054   -1.9   -0.9 -2.13 -0.076  55   0 05:29:15     44639.22828    0.0000  2022/04/20
134.0000000  14.0000000   29.5896   6847.167 0.125   -2.0   -1.0 -2.14 -0.076  55   0 05:30:15     44639.22897    0.0000  2022/04/20
134.0000000  14.0000000   29.5896   6847.166 0.060   -2.1   -1.1 -2.14 -0.075  55   0 05:31:15     44639.22967    0.0000  2022/04/20
134.0000000  14.0000000   29.8338   6847.166 0.060   -2.1   -1.2 -2.15 -0.075  55   0 05:32:15     44639.23036    0.0000  2022/04/20
134.0000000  14.0000000   29.8338   6847.167 0.053   -2.3   -1.3 -2.16 -0.075  55   0 05:33:15     44639.23105    0.0000  2022/04/20
134.0000000  14.0000000   29.8338   6847.166 0.065   -2.4   -1.5 -2.16 -0.074  55   0 05:34:15     44639.23175    0.0000  2022/04/20
134.0000000  14.0000000   29.8338   6847.166 0.052   -2.4   -1.7 -2.16 -0.074  55   1 05:35:15     44639.23244    0.0000  2022/04/20
134.0000000  14.0000000   29.8338   6847.170 0.083   -2.4   -1.8 -2.17 -0.073  55   4 05:36:15     44639.23313    0.0000  2022/04/20
134.0000000  14.0000000   29.8338   6847.161 0.098   -2.6   -1.9 -2.17 -0.073  55   5 05:37:15     44639.23383    0.0000  2022/04/20
134.0000000  14.0000000   29.8338   6847.165 0.049   -2.5   -2.0 -2.18 -0.073  55   0 05:38:15     44639.23452    0.0000  2022/04/20
134.0000000  14.0000000   29.8338   6847.166 0.050   -2.5   -2.1 -2.18 -0.072  55   0 05:39:15     44639.23521    0.0000  2022/04/20
134.0000000  14.0000000   29.8338   6847.167 0.049   -2.5   -2.1 -2.18 -0.072  55   0 05:40:15     44639.23591    0.0000  2022/04/20
134.0000000  14.0000000   29.8338   6847.164 0.046   -2.6   -2.2 -2.18 -0.072  55   0 05:41:15     44639.23660    0.0000  2022/04/20
134.0000000  14.0000000   29.8338   6847.164 0.048   -2.7   -2.3 -2.19 -0.071  55   0 05:42:15     44639.23729    0.0000  2022/04/20
134.0000000  14.0000000   29.8338   6847.166 0.041   -2.8   -2.2 -2.19 -0.071  55   0 05:43:15     44639.23799    0.0000  2022/04/20
134.0000000  14.0000000   29.8338   6847.165 0.037   -2.7   -2.4 -2.19 -0.070  55   0 05:44:15     44639.23868    0.0000  2022/04/20
134.0000000  14.0000000   29.8338   6847.166 0.039   -2.8   -2.5 -2.19 -0.070  55   0 05:45:15     44639.23937    0.0000  2022/04/20
134.0000000  14.0000000   29.8338   6847.166 0.047   -2.8   -2.5 -2.19 -0.070  55   0 05:46:15     44639.24007    0.0000  2022/04/20
134.0000000  14.0000000   29.8338   6847.164 0.048   -3.0   -2.6 -2.19 -0.069  55   1 05:47:15     44639.24076    0.0000  2022/04/20
134.0000000  14.0000000   29.8338   6847.165 0.075   -3.0   -2.8 -2.20 -0.069  55   0 05:48:15     44639.24145    0.0000  2022/04/20
134.0000000  14.0000000   29.8338   6847.163 0.065   -3.0   -2.8 -2.20 -0.068  55   1 05:49:15     44639.24215    0.0000  2022/04/20
134.0000000  14.0000000   29.8338   6847.163 0.106   -3.0   -3.0 -2.20 -0.068  55   2 05:50:15     44639.24284    0.0000  2022/04/20
134.0000000  14.0000000   29.8338   6847.166 0.051   -2.9   -3.0 -2.20 -0.068  55   0 05:51:15     44639.24353    0.0000  2022/04/20
134.0000000  14.0000000   29.8338   6847.164 0.082   -2.9   -2.9 -2.20 -0.067  55   0 05:52:15     44639.24423    0.0000  2022/04/20
134.0000000  14.0000000   29.8338   6847.162 0.117   -3.0   -3.1 -2.20 -0.067  55   1 05:53:15     44639.24492    0.0000  2022/04/20
134.0000000  14.0000000   29.5896   6847.164 0.059   -3.0   -3.2 -2.20 -0.066  55   0 05:54:15     44639.24561    0.0000  2022/04/20
134.0000000  14.0000000   29.8338   6847.166 0.092   -3.1   -3.3 -2.20 -0.066  55   0 05:55:15     44639.24631    0.0000  2022/04/20
134.0000000  14.0000000   29.8338   6847.166 0.060   -3.0   -3.3 -2.20 -0.066  55   0 05:56:15     44639.24700    0.0000  2022/04/20
134.0000000  14.0000000   30.0779   6847.167 0.050   -3.0   -3.4 -2.20 -0.065  55   0 05:57:15     44639.24769    0.0000  2022/04/20
134.0000000  14.0000000   29.8338   6847.164 0.052   -3.0   -3.5 -2.20 -0.065  55   0 05:58:15     44639.24839    0.0000  2022/04/20
134.0000000  14.0000000   29.8338   6847.159 0.099   -3.1   -3.4 -2.20 -0.064  55   1 05:59:15     44639.24908    0.0000  2022/04/20
134.0000000  14.0000000   29.8338   6847.165 0.098   -3.1   -3.6 -2.20 -0.064  55   0 06:00:15     44639.24977    0.0000  2022/04/20
134.0000000  14.0000000   29.8338   6847.163 0.087   -3.1   -3.6 -2.20 -0.063  55   2 06:01:15     44639.25047    0.0000  2022/04/20
134.0000000  14.0000000   29.8338   6847.166 0.080   -3.2   -3.7 -2.20 -0.063  55   2 06:02:15     44639.25116    0.0000  2022/04/20
134.0000000  14.0000000   29.8338   6847.165 0.050   -3.1   -3.6 -2.20 -0.063  55   0 06:03:15     44639.25185    0.0000  2022/04/20
134.0000000  14.0000000   29.8338   6847.165 0.038   -3.2   -3.9 -2.20 -0.062  55   0 06:04:15     44639.25255    0.0000  2022/04/20
134.0000000  14.0000000   29.8338   6847.163 0.080   -3.2   -3.9 -2.20 -0.062  55   0 06:05:15     44639.25324    0.0000  2022/04/20
134.0000000  14.0000000   29.8338   6847.164 0.100   -3.2   -4.0 -2.20 -0.061  55   0 06:06:15     44639.25393    0.0000  2022/04/20
134.0000000  14.0000000   29.8338   6847.164 0.085   -3.3   -4.0 -2.21 -0.061  55   1 06:07:15     44639.25463    0.0000  2022/04/20
134.0000000  14.0000000   29.8338   6847.164 0.062   -3.3   -4.1 -2.21 -0.060  55   0 06:08:15     44639.25532    0.0000  2022/04/20
134.0000000  14.0000000   29.8338   6847.164 0.113   -3.3   -4.1 -2.21 -0.060  55   0 06:09:15     44639.25601    0.0000  2022/04/20
134.0000000  14.0000000   29.8338   6847.165 0.065   -3.3   -4.3 -2.21 -0.059  55   0 06:10:15     44639.25671    0.0000  2022/04/20
134.0000000  14.0000000   29.8338   6847.161 0.165   -3.3   -4.3 -2.21 -0.059  55   3 06:11:15     44639.25740    0.0000  2022/04/20
134.0000000  14.0000000   29.8338   6847.166 0.095   -3.3   -4.5 -2.21 -0.059  55   1 06:12:15     44639.25809    0.0000  2022/04/20
134.0000000  14.0000000   29.8338   6847.163 0.066   -3.3   -4.5 -2.21 -0.058  55   0 06:13:15     44639.25879    0.0000  2022/04/20
134.0000000  14.0000000   29.8338   6847.165 0.066   -3.3   -4.6 -2.21 -0.058  55   0 06:14:15     44639.25948    0.0000  2022/04/20
134.0000000  14.0000000   29.8338   6847.164 0.058   -3.2   -4.5 -2.21 -0.057  55   0 06:15:15     44639.26017    0.0000  2022/04/20
134.0000000  14.0000000   29.8338   6847.163 0.056   -3.2   -4.5 -2.21 -0.057  55   0 06:16:15     44639.26087    0.0000  2022/04/20
134.0000000  14.0000000   29.8338   6847.160 0.062   -3.5   -4.7 -2.21 -0.056  55   2 06:17:15     44639.26156    0.0000  2022/04/20
134.0000000  14.0000000   29.8338   6847.166 0.043   -3.3   -4.8 -2.21 -0.056  55   1 06:18:15     44639.26225    0.0000  2022/04/20
134.0000000  14.0000000   29.8338   6847.162 0.075   -3.6   -4.9 -2.21 -0.055  55   0 06:19:15     44639.26295    0.0000  2022/04/20
134.0000000  14.0000000   29.8338   6847.164 0.047   -3.5   -5.0 -2.21 -0.055  55   0 06:20:15     44639.26364    0.0000  2022/04/20
134.0000000  14.0000000   29.8338   6847.163 0.071   -3.3   -5.0 -2.21 -0.054  55   0 06:21:15     44639.26433    0.0000  2022/04/20
134.0000000  14.0000000   29.8338   6847.161 0.060   -3.4   -5.0 -2.21 -0.054  55   0 06:22:15     44639.26503    0.0000  2022/04/20
134.0000000  14.0000000   29.8338   6847.163 0.068   -3.4   -5.2 -2.21 -0.053  55   0 06:23:15     44639.26572    0.0000  2022/04/20
134.0000000  14.0000000   28.6131   6847.163 0.053   -3.4   -5.2 -2.21 -0.053  55   0 06:24:16     44639.26642    0.0000  2022/04/20
134.0000000  34.0000000   31.7869   6820.772 0.021    0.1   -0.9 -1.98 -0.005  55   1 07:54:07     44639.32872    0.0000  2022/04/20
134.0000000  34.0000000   31.7869   6820.771 0.020    0.0   -1.3 -2.00 -0.004  55   3 07:55:12     44639.32947    0.0000  2022/04/20
134.0000000  34.0000000   31.7869   6820.770 0.018    0.0   -1.8 -2.02 -0.003  55   0 07:56:12     44639.33017    0.0000  2022/04/20
134.0000000  34.0000000   31.5428   6820.771 0.021    0.0   -2.2 -2.04 -0.003  55   0 07:57:12     44639.33086    0.0000  2022/04/20
134.0000000  34.0000000   31.2986   6820.771 0.017    0.0   -2.6 -2.06 -0.002  55   0 07:58:12     44639.33155    0.0000  2022/04/20
134.0000000  34.0000000   31.2986   6820.770 0.018    0.1   -2.8 -2.08 -0.002  55   0 07:59:12     44639.33225    0.0000  2022/04/20
134.0000000  34.0000000   31.0545   6820.771 0.016    0.2   -3.2 -2.09 -0.001  55   0 08:00:12     44639.33294    0.0000  2022/04/20
134.0000000  34.0000000   31.0545   6820.769 0.018    0.1   -3.6 -2.11 -0.001  55   0 08:01:12     44639.33363    0.0000  2022/04/20
134.0000000  34.0000000   31.0545   6820.770 0.015    0.0   -3.8 -2.12 0.000  55   0 08:02:12     44639.33433    0.0000  2022/04/20
134.0000000  34.0000000   30.8103   6820.769 0.016    0.0   -4.1 -2.13 0.000  55   0 08:03:12     44639.33502    0.0000  2022/04/20
134.0000000  34.0000000   30.8103   6820.768 0.017   -0.1   -4.5 -2.15 0.000  55   0 08:04:12     44639.33571    0.0000  2022/04/20
134.0000000  34.0000000   30.5662   6820.770 0.016   -0.3   -4.6 -2.16 0.001  55   0 08:05:12     44639.33641    0.0000  2022/04/20
134.0000000  34.0000000   30.5662   6820.767 0.016   -0.3   -4.9 -2.16 0.001  55   0 08:06:12     44639.33710    0.0000  2022/04/20
134.0000000  34.0000000   30.3221   6820.770 0.019   -0.5   -5.2 -2.17 0.002  55   0 08:07:12     44639.33779    0.0000  2022/04/20
134.0000000  34.0000000   30.3221   6820.768 0.017   -0.6   -5.4 -2.18 0.002  55   0 08:08:12     44639.33849    0.0000  2022/04/20
134.0000000  34.0000000   30.3221   6820.768 0.019   -0.8   -5.6 -2.19 0.003  55   0 08:09:12     44639.33918    0.0000  2022/04/20
134.0000000  34.0000000   30.0779   6820.768 0.017   -0.9   -5.9 -2.19 0.004  55   0 08:10:12     44639.33987    0.0000  2022/04/20
134.0000000  34.0000000   30.0779   6820.770 0.016   -1.0   -6.1 -2.20 0.004  55   0 08:11:12     44639.34057    0.0000  2022/04/20
134.0000000  34.0000000   29.8338   6820.770 0.017   -1.2   -6.3 -2.20 0.005  55   0 08:12:12     44639.34126    0.0000  2022/04/20
134.0000000  34.0000000   29.8338   6820.768 0.021   -1.3   -6.4 -2.20 0.005  55   0 08:13:12     44639.34195    0.0000  2022/04/20
134.0000000  34.0000000   29.8338   6820.768 0.018   -1.4   -6.5 -2.21 0.006  55   0 08:14:12     44639.34265    0.0000  2022/04/20
134.0000000  34.0000000   29.8338   6820.769 0.020   -1.4   -6.8 -2.21 0.006  55   0 08:15:12     44639.34334    0.0000  2022/04/20
134.0000000  34.0000000   29.5896   6820.768 0.016   -1.6   -7.0 -2.21 0.007  55   0 08:16:12     44639.34403    0.0000  2022/04/20
134.0000000  34.0000000   29.8338   6820.767 0.017   -1.7   -7.2 -2.21 0.008  55   0 08:17:12     44639.34473    0.0000  2022/04/20
134.0000000  34.0000000   29.5896   6820.768 0.017   -1.8   -7.3 -2.21 0.008  55   0 08:18:12     44639.34542    0.0000  2022/04/20
134.0000000  34.0000000   29.5896   6820.768 0.019   -2.0   -7.5 -2.22 0.009  55   0 08:19:12     44639.34611    0.0000  2022/04/20
134.0000000  34.0000000   29.3455   6820.767 0.019   -2.0   -7.6 -2.22 0.009  55   0 08:20:12     44639.34681    0.0000  2022/04/20
134.0000000  34.0000000   29.3455   6820.768 0.017   -2.2   -7.8 -2.22 0.010  55   0 08:21:12     44639.34750    0.0000  2022/04/20
134.0000000  34.0000000   29.3455   6820.767 0.018   -2.2   -7.9 -2.22 0.010  55   0 08:22:12     44639.34819    0.0000  2022/04/20
134.0000000  34.0000000   29.3455   6820.768 0.020   -2.4   -8.1 -2.22 0.011  55   0 08:23:12     44639.34889    0.0000  2022/04/20
134.0000000  34.0000000   29.3455   6820.768 0.019   -2.5   -8.2 -2.22 0.012  55   0 08:24:12     44639.34958    0.0000  2022/04/20
134.0000000  34.0000000   29.3455   6820.768 0.018   -2.6   -8.4 -2.22 0.012  55   0 08:25:12     44639.35027    0.0000  2022/04/20
134.0000000  34.0000000   29.1014   6820.766 0.017   -2.7   -8.5 -2.22 0.013  55   0 08:26:12     44639.35097    0.0000  2022/04/20
134.0000000  34.0000000   29.1014   6820.768 0.018   -2.8   -8.6 -2.22 0.013  55   0 08:27:12     44639.35166    0.0000  2022/04/20
134.0000000  34.0000000   29.1014   6820.768 0.016   -2.9   -8.8 -2.22 0.014  55   0 08:28:12     44639.35235    0.0000  2022/04/20
134.0000000  34.0000000   29.1014   6820.767 0.019   -3.0   -8.9 -2.22 0.014  55   0 08:29:12     44639.35305    0.0000  2022/04/20
134.0000000  34.0000000   29.1014   6820.768 0.016   -3.0   -9.0 -2.22 0.015  55   0 08:30:12     44639.35374    0.0000  2022/04/20
134.0000000  34.0000000   29.1014   6820.768 0.018   -3.1   -9.1 -2.22 0.016  55   0 08:31:12     44639.35443    0.0000  2022/04/20
134.0000000  34.0000000   28.8572   6820.767 0.018   -3.2   -9.2 -2.22 0.016  55   0 08:32:12     44639.35513    0.0000  2022/04/20
134.0000000  34.0000000   28.8572   6820.767 0.017   -3.3   -9.4 -2.22 0.017  55   0 08:33:12     44639.35582    0.0000  2022/04/20
134.0000000  34.0000000   28.8572   6820.766 0.020   -3.5   -9.5 -2.22 0.017  55   0 08:34:12     44639.35651    0.0000  2022/04/20
134.0000000  34.0000000   28.6131   6820.767 0.016   -3.5   -9.4 -2.21 0.018  55   0 08:35:12     44639.35721    0.0000  2022/04/20
134.0000000  34.0000000   28.6131   6820.768 0.018   -3.6   -9.6 -2.21 0.018  55   0 08:36:12     44639.35790    0.0000  2022/04/20
134.0000000  34.0000000   28.6131   6820.768 0.020   -3.6   -9.8 -2.21 0.019  55   0 08:37:12     44639.35859    0.0000  2022/04/20
134.0000000  34.0000000   28.3689   6820.767 0.017   -3.7   -9.8 -2.21 0.019  55   0 08:38:12     44639.35929    0.0000  2022/04/20
134.0000000  34.0000000   28.6131   6820.767 0.018   -3.7  -10.0 -2.21 0.020  55   0 08:39:12     44639.35998    0.0000  2022/04/20
134.0000000  34.0000000   28.6131   6820.768 0.019   -3.8  -10.0 -2.21 0.021  55   0 08:40:12     44639.36067    0.0000  2022/04/20
134.0000000  34.0000000   28.6131   6820.767 0.020   -3.9  -10.1 -2.21 0.021  55   0 08:41:12     44639.36137    0.0000  2022/04/20
134.0000000  34.0000000   28.6131   6820.767 0.015   -3.9  -10.2 -2.21 0.022  55   0 08:42:12     44639.36206    0.0000  2022/04/20
134.0000000  34.0000000   28.6131   6820.768 0.018   -3.9  -10.3 -2.21 0.022  55   0 08:43:12     44639.36275    0.0000  2022/04/20
134.0000000  34.0000000   28.3689   6820.767 0.017   -4.0  -10.4 -2.21 0.023  55   0 08:44:12     44639.36345    0.0000  2022/04/20
134.0000000  34.0000000   28.3689   6820.767 0.016   -4.1  -10.6 -2.21 0.023  55   0 08:45:12     44639.36414    0.0000  2022/04/20
134.0000000  34.0000000   28.3689   6820.767 0.017   -4.2  -10.6 -2.21 0.024  55   0 08:46:12     44639.36483    0.0000  2022/04/20
134.0000000  34.0000000   28.3689   6820.767 0.016   -4.3  -10.7 -2.21 0.024  55   0 08:47:12     44639.36553    0.0000  2022/04/20
134.0000000  34.0000000   28.3689   6820.766 0.018   -4.4  -10.8 -2.21 0.025  55   0 08:48:12     44639.36622    0.0000  2022/04/20
134.0000000  34.0000000   28.3689   6820.767 0.017   -4.4  -10.9 -2.21 0.026  55   0 08:49:12     44639.36691    0.0000  2022/04/20
134.0000000  34.0000000   28.3689   6820.766 0.018   -4.5  -10.9 -2.20 0.026  55   0 08:50:12     44639.36761    0.0000  2022/04/20
134.0000000  34.0000000   28.1248   6820.766 0.017   -4.6  -11.0 -2.20 0.027  55   0 08:51:12     44639.36830    0.0000  2022/04/20
134.0000000  34.0000000   28.3689   6820.767 0.017   -4.5  -11.1 -2.20 0.027  55   0 08:52:12     44639.36899    0.0000  2022/04/20
134.0000000  34.0000000   27.1482   6820.766 0.016   -4.7  -11.3 -2.20 0.028  55   0 08:53:13     44639.36970    0.0000  2022/04/20
134.0000000  44.0000000   30.5662   6827.625 0.067   -1.3    0.0 -2.01 0.075  55   0 10:42:52     44639.44572    0.0000  2022/04/20
134.0000000  44.0000000   30.8103   6827.627 0.066   -1.5   -0.1 -2.03 0.076  55   0 10:43:57     44639.44647    0.0000  2022/04/20
134.0000000  44.0000000   30.5662   6827.625 0.046   -1.6   -0.4 -2.05 0.076  55   0 10:44:57     44639.44717    0.0000  2022/04/20
134.0000000  44.0000000   30.5662   6827.624 0.097   -1.7   -0.6 -2.07 0.076  55   0 10:45:57     44639.44786    0.0000  2022/04/20
134.0000000  44.0000000   30.5662   6827.623 0.090   -1.8   -0.8 -2.09 0.076  55   0 10:46:57     44639.44855    0.0000  2022/04/20
134.0000000  44.0000000   30.5662   6827.624 0.071   -1.8   -0.9 -2.10 0.077  55   0 10:47:57     44639.44925    0.0000  2022/04/20
134.0000000  44.0000000   30.5662   6827.622 0.165   -1.9   -1.1 -2.11 0.077  55   0 10:48:57     44639.44994    0.0000  2022/04/20
134.0000000  44.0000000   30.5662   6827.623 0.076   -1.9   -1.3 -2.12 0.077  55   0 10:49:57     44639.45063    0.0000  2022/04/20
134.0000000  44.0000000   30.3221   6827.623 0.114   -2.0   -1.5 -2.14 0.078  55   0 10:50:57     44639.45133    0.0000  2022/04/20
134.0000000  44.0000000   30.3221   6827.624 0.116   -2.1   -1.8 -2.15 0.078  55   0 10:51:57     44639.45202    0.0000  2022/04/20
134.0000000  44.0000000   30.3221   6827.624 0.121   -2.1   -1.9 -2.16 0.078  55   0 10:52:57     44639.45271    0.0000  2022/04/20
134.0000000  44.0000000   30.3221   6827.624 0.055   -2.2   -2.1 -2.16 0.078  55   0 10:53:57     44639.45341    0.0000  2022/04/20
134.0000000  44.0000000   30.0779   6827.624 0.098   -2.3   -2.3 -2.17 0.079  55   0 10:54:57     44639.45410    0.0000  2022/04/20
134.0000000  44.0000000   30.3221   6827.621 0.146   -2.4   -2.5 -2.18 0.079  55   3 10:55:57     44639.45479    0.0000  2022/04/20
134.0000000  44.0000000   30.3221   6827.624 0.032   -2.4   -2.7 -2.18 0.079  55   0 10:56:57     44639.45549    0.0000  2022/04/20
134.0000000  44.0000000   30.0779   6827.623 0.030   -2.6   -2.9 -2.19 0.079  55   1 10:57:57     44639.45618    0.0000  2022/04/20
134.0000000  44.0000000   30.0779   6827.623 0.041   -2.6   -3.0 -2.19 0.080  55   0 10:58:57     44639.45687    0.0000  2022/04/20
134.0000000  44.0000000   30.0779   6827.624 0.030   -2.7   -3.2 -2.20 0.080  55   0 10:59:57     44639.45757    0.0000  2022/04/20
134.0000000  44.0000000   30.0779   6827.624 0.028   -2.8   -3.3 -2.20 0.080  55   0 11:00:57     44639.45826    0.0000  2022/04/20
134.0000000  44.0000000   30.0779   6827.623 0.033   -2.8   -3.6 -2.20 0.080  55   0 11:01:57     44639.45895    0.0000  2022/04/20
134.0000000  44.0000000   30.0779   6827.624 0.031   -2.9   -3.6 -2.20 0.080  55   0 11:02:57     44639.45965    0.0000  2022/04/20
134.0000000  44.0000000   30.0779   6827.620 0.040   -2.9   -3.9 -2.21 0.081  55   2 11:03:57     44639.46034    0.0000  2022/04/20
134.0000000  44.0000000   29.8338   6827.623 0.052   -3.1   -4.0 -2.21 0.081  55   0 11:04:57     44639.46103    0.0000  2022/04/20
134.0000000  44.0000000   29.8338   6827.623 0.055   -3.0   -4.1 -2.21 0.081  55   5 11:05:57     44639.46173    0.0000  2022/04/20
134.0000000  44.0000000   29.8338   6827.622 0.059   -3.1   -4.3 -2.21 0.081  55   1 11:06:57     44639.46242    0.0000  2022/04/20
134.0000000  44.0000000   29.8338   6827.621 0.045   -3.2   -4.4 -2.21 0.082  55   2 11:07:57     44639.46311    0.0000  2022/04/20
134.0000000  44.0000000   29.8338   6827.623 0.082   -3.3   -4.5 -2.21 0.082  55   0 11:08:57     44639.46381    0.0000  2022/04/20
134.0000000  44.0000000   29.8338   6827.624 0.030   -3.3   -4.6 -2.22 0.082  55   1 11:09:57     44639.46450    0.0000  2022/04/20
134.0000000  44.0000000   29.8338   6827.625 0.047   -3.3   -4.8 -2.22 0.082  55   0 11:10:57     44639.46519    0.0000  2022/04/20
134.0000000  44.0000000   29.8338   6827.622 0.037   -3.3   -4.9 -2.22 0.082  55   5 11:11:57     44639.46589    0.0000  2022/04/20
134.0000000  44.0000000   29.8338   6827.630 0.103   -3.4   -5.0 -2.22 0.083  55   4 11:12:57     44639.46658    0.0000  2022/04/20
134.0000000  44.0000000   29.8338   6827.623 0.046   -3.4   -5.2 -2.22 0.083  55   0 11:13:57     44639.46727    0.0000  2022/04/20
134.0000000  44.0000000   29.8338   6827.624 0.061   -3.5   -5.2 -2.22 0.083  55   0 11:14:57     44639.46797    0.0000  2022/04/20
134.0000000  44.0000000   29.5896   6827.622 0.052   -3.6   -5.4 -2.22 0.083  55   0 11:15:57     44639.46866    0.0000  2022/04/20
134.0000000  44.0000000   29.5896   6827.624 0.079   -3.6   -5.5 -2.22 0.083  55   0 11:16:57     44639.46935    0.0000  2022/04/20
134.0000000  44.0000000   29.5896   6827.623 0.077   -3.6   -5.6 -2.22 0.083  55   0 11:17:57     44639.47005    0.0000  2022/04/20
134.0000000  44.0000000   29.5896   6827.623 0.059   -3.7   -5.7 -2.22 0.084  55   0 11:18:57     44639.47074    0.0000  2022/04/20
134.0000000  44.0000000   29.5896   6827.624 0.044   -3.7   -5.8 -2.22 0.084  55   0 11:19:57     44639.47143    0.0000  2022/04/20
134.0000000  44.0000000   29.5896   6827.621 0.057   -3.7   -6.0 -2.22 0.084  55   0 11:20:57     44639.47213    0.0000  2022/04/20
134.0000000  44.0000000   29.5896   6827.622 0.046   -3.8   -6.0 -2.22 0.084  55   1 11:21:57     44639.47282    0.0000  2022/04/20
134.0000000  44.0000000   29.5896   6827.623 0.041   -3.8   -6.1 -2.22 0.084  55   0 11:22:57     44639.47351    0.0000  2022/04/20
134.0000000  44.0000000   29.8338   6827.622 0.052   -3.8   -6.2 -2.22 0.084  55   3 11:23:57     44639.47421    0.0000  2022/04/20
134.0000000  44.0000000   29.5896   6827.622 0.032   -3.8   -6.3 -2.22 0.085  55   0 11:24:57     44639.47490    0.0000  2022/04/20
134.0000000  44.0000000   29.5896   6827.622 0.034   -3.8   -6.4 -2.22 0.085  55   0 11:25:57     44639.47559    0.0000  2022/04/20
134.0000000  44.0000000   29.5896   6827.623 0.059   -3.9   -6.6 -2.22 0.085  55   0 11:26:57     44639.47629    0.0000  2022/04/20
134.0000000  44.0000000   29.3455   6827.622 0.044   -3.9   -6.6 -2.22 0.085  55   0 11:27:57     44639.47698    0.0000  2022/04/20
134.0000000  44.0000000   29.3455   6827.621 0.103   -3.9   -6.7 -2.21 0.085  55   0 11:28:57     44639.47767    0.0000  2022/04/20
134.0000000  44.0000000   29.5896   6827.623 0.145   -3.9   -6.8 -2.21 0.085  55   0 11:29:57     44639.47837    0.0000  2022/04/20
134.0000000  44.0000000   29.3455   6827.623 0.105   -3.9   -6.9 -2.21 0.085  55   0 11:30:57     44639.47906    0.0000  2022/04/20
134.0000000  44.0000000   29.3455   6827.624 0.035   -3.9   -7.0 -2.21 0.085  55   0 11:31:57     44639.47975    0.0000  2022/04/20
134.0000000  44.0000000   29.3455   6827.623 0.040   -4.0   -7.1 -2.21 0.086  55   0 11:32:57     44639.48045    0.0000  2022/04/20
134.0000000  44.0000000   29.3455   6827.623 0.030   -4.0   -7.2 -2.21 0.086  55   0 11:33:57     44639.48114    0.0000  2022/04/20
134.0000000  44.0000000   29.3455   6827.624 0.024   -4.0   -7.3 -2.21 0.086  55   0 11:34:57     44639.48183    0.0000  2022/04/20
134.0000000  44.0000000   29.3455   6827.624 0.029   -4.0   -7.3 -2.21 0.086  55   0 11:35:57     44639.48253    0.0000  2022/04/20
134.0000000  44.0000000   29.3455   6827.622 0.039   -4.1   -7.4 -2.21 0.086  55   0 11:36:57     44639.48322    0.0000  2022/04/20
134.0000000  44.0000000   29.3455   6827.623 0.031   -4.1   -7.5 -2.21 0.086  55   0 11:37:57     44639.48391    0.0000  2022/04/20
134.0000000  44.0000000   29.3455   6827.620 0.035   -4.1   -7.6 -2.21 0.086  55   1 11:38:57     44639.48461    0.0000  2022/04/20
134.0000000  44.0000000   29.3455   6827.622 0.072   -4.1   -7.6 -2.21 0.086  55   0 11:39:57     44639.48530    0.0000  2022/04/20
134.0000000  44.0000000   29.3455   6827.621 0.114   -4.2   -7.7 -2.21 0.086  55   1 11:40:57     44639.48599    0.0000  2022/04/20
134.0000000  44.0000000   28.3689   6827.621 0.061   -4.1   -7.8 -2.21 0.087  55   0 11:41:58     44639.48670    0.0000  2022/04/20
134.0000000  34.0000000   31.5428   6820.761 0.021    0.5    1.0 -2.06 0.077  55   8 13:25:08     44639.55823    0.0000  2022/04/20
134.0000000  34.0000000   31.5428   6820.759 0.023    0.4    0.6 -2.08 0.077  55   0 13:26:13     44639.55898    0.0000  2022/04/20
134.0000000  34.0000000   31.2986   6820.758 0.018    0.4    0.0 -2.10 0.077  55   1 13:27:13     44639.55967    0.0000  2022/04/20
134.0000000  34.0000000   31.0545   6820.760 0.028    0.3   -0.5 -2.11 0.076  55   0 13:28:13     44639.56036    0.0000  2022/04/20
134.0000000  34.0000000   31.0545   6820.758 0.034    0.2   -1.1 -2.12 0.076  55   1 13:29:13     44639.56106    0.0000  2022/04/20
134.0000000  34.0000000   30.8103   6820.761 0.017    0.2   -1.6 -2.13 0.076  55   0 13:30:13     44639.56175    0.0000  2022/04/20
134.0000000  34.0000000   30.8103   6820.760 0.019    0.0   -1.8 -2.15 0.076  55   0 13:31:13     44639.56244    0.0000  2022/04/20
134.0000000  34.0000000   30.8103   6820.760 0.018   -0.1   -2.1 -2.16 0.075  55   0 13:32:13     44639.56314    0.0000  2022/04/20
134.0000000  34.0000000   30.5662   6820.759 0.019   -0.2   -2.5 -2.17 0.075  55   0 13:33:13     44639.56383    0.0000  2022/04/20
134.0000000  34.0000000   30.5662   6820.759 0.017   -0.5   -2.7 -2.18 0.075  55   0 13:34:13     44639.56452    0.0000  2022/04/20
134.0000000  34.0000000   30.5662   6820.759 0.019   -0.6   -3.0 -2.18 0.074  55   0 13:35:13     44639.56522    0.0000  2022/04/20
134.0000000  34.0000000   30.3221   6820.760 0.016   -0.8   -3.3 -2.19 0.074  55   0 13:36:13     44639.56591    0.0000  2022/04/20
134.0000000  34.0000000   30.3221   6820.759 0.019   -1.0   -3.5 -2.19 0.074  55   0 13:37:13     44639.56660    0.0000  2022/04/20
134.0000000  34.0000000   30.3221   6820.758 0.021   -1.3   -3.7 -2.20 0.074  55   0 13:38:13     44639.56730    0.0000  2022/04/20
134.0000000  34.0000000   30.0779   6820.758 0.020   -1.5   -4.0 -2.20 0.073  55   0 13:39:13     44639.56799    0.0000  2022/04/20
134.0000000  34.0000000   30.0779   6820.759 0.017   -1.6   -4.2 -2.21 0.073  55   0 13:40:13     44639.56868    0.0000  2022/04/20
134.0000000  34.0000000   30.0779   6820.758 0.019   -1.9   -4.4 -2.21 0.073  55   0 13:41:13     44639.56938    0.0000  2022/04/20
134.0000000  34.0000000   30.0779   6820.758 0.018   -2.0   -4.6 -2.21 0.072  55   0 13:42:13     44639.57007    0.0000  2022/04/20
134.0000000  34.0000000   30.0779   6820.758 0.015   -2.1   -4.8 -2.21 0.072  55   0 13:43:13     44639.57076    0.0000  2022/04/20
134.0000000  34.0000000   29.8338   6820.758 0.016   -2.3   -4.9 -2.22 0.072  55   0 13:44:13     44639.57146    0.0000  2022/04/20
134.0000000  34.0000000   29.8338   6820.757 0.017   -2.5   -5.2 -2.22 0.071  55   0 13:45:13     44639.57215    0.0000  2022/04/20
134.0000000  34.0000000   29.8338   6820.759 0.017   -2.7   -5.3 -2.22 0.071  55   0 13:46:13     44639.57284    0.0000  2022/04/20
134.0000000  34.0000000   29.8338   6820.757 0.015   -2.8   -5.4 -2.22 0.071  55   0 13:47:13     44639.57354    0.0000  2022/04/20
134.0000000  34.0000000   29.5896   6820.758 0.017   -2.8   -5.6 -2.22 0.070  55   0 13:48:13     44639.57423    0.0000  2022/04/20
134.0000000  34.0000000   29.5896   6820.758 0.016   -3.0   -5.8 -2.22 0.070  55   0 13:49:13     44639.57492    0.0000  2022/04/20
134.0000000  34.0000000   29.5896   6820.758 0.015   -3.1   -5.9 -2.22 0.070  55   0 13:50:13     44639.57562    0.0000  2022/04/20
134.0000000  34.0000000   29.3455   6820.759 0.020   -3.3   -6.1 -2.22 0.069  55   0 13:51:13     44639.57631    0.0000  2022/04/20
134.0000000  34.0000000   29.3455   6820.759 0.019   -3.4   -6.1 -2.22 0.069  55   0 13:52:13     44639.57700    0.0000  2022/04/20
134.0000000  34.0000000   29.3455   6820.757 0.017   -3.5   -6.3 -2.22 0.069  55   0 13:53:13     44639.57770    0.0000  2022/04/20
134.0000000  34.0000000   29.3455   6820.757 0.019   -3.7   -6.4 -2.22 0.068  55   0 13:54:13     44639.57839    0.0000  2022/04/20
134.0000000  34.0000000   29.3455   6820.758 0.020   -3.8   -6.6 -2.22 0.068  55   1 13:55:13     44639.57908    0.0000  2022/04/20
134.0000000  34.0000000   29.1014   6820.757 0.016   -3.8   -6.6 -2.22 0.068  55   0 13:56:13     44639.57978    0.0000  2022/04/20
134.0000000  34.0000000   29.1014   6820.757 0.020   -3.9   -6.7 -2.22 0.067  55   0 13:57:13     44639.58047    0.0000  2022/04/20
134.0000000  34.0000000   29.1014   6820.757 0.018   -4.1   -6.9 -2.22 0.067  55   0 13:58:13     44639.58116    0.0000  2022/04/20
134.0000000  34.0000000   29.1014   6820.758 0.017   -4.1   -7.0 -2.22 0.067  55   0 13:59:13     44639.58186    0.0000  2022/04/20
134.0000000  34.0000000   28.8572   6820.758 0.016   -4.3   -7.1 -2.22 0.066  55   0 14:00:13     44639.58255    0.0000  2022/04/20
134.0000000  34.0000000   28.8572   6820.757 0.017   -4.3   -7.2 -2.22 0.066  55   0 14:01:13     44639.58324    0.0000  2022/04/20
134.0000000  34.0000000   29.1014   6820.758 0.020   -4.4   -7.3 -2.22 0.066  55   0 14:02:13     44639.58394    0.0000  2022/04/20
134.0000000  34.0000000   29.1014   6820.758 0.020   -4.5   -7.5 -2.22 0.065  55   0 14:03:13     44639.58463    0.0000  2022/04/20
134.0000000  34.0000000   29.1014   6820.759 0.019   -4.5   -7.4 -2.22 0.065  55   0 14:04:13     44639.58532    0.0000  2022/04/20
134.0000000  34.0000000   28.8572   6820.757 0.017   -4.7   -7.6 -2.22 0.065  55   0 14:05:13     44639.58602    0.0000  2022/04/20
134.0000000  34.0000000   28.8572   6820.758 0.021   -4.6   -7.6 -2.22 0.064  55   0 14:06:13     44639.58671    0.0000  2022/04/20
134.0000000  34.0000000   28.8572   6820.758 0.019   -4.8   -7.8 -2.21 0.064  55   0 14:07:13     44639.58740    0.0000  2022/04/20
134.0000000  34.0000000   28.6131   6820.758 0.020   -4.8   -7.8 -2.21 0.064  55   0 14:08:13     44639.58810    0.0000  2022/04/20
134.0000000  34.0000000   28.8572   6820.758 0.021   -5.0   -7.9 -2.21 0.063  55   0 14:09:13     44639.58879    0.0000  2022/04/20
134.0000000  34.0000000   28.8572   6820.756 0.018   -5.0   -8.0 -2.21 0.063  55   0 14:10:13     44639.58948    0.0000  2022/04/20
134.0000000  34.0000000   28.6131   6820.758 0.018   -5.1   -8.1 -2.21 0.062  55   0 14:11:13     44639.59018    0.0000  2022/04/20
134.0000000  34.0000000   28.6131   6820.758 0.016   -5.0   -8.2 -2.21 0.062  55   0 14:12:13     44639.59087    0.0000  2022/04/20
134.0000000  34.0000000   28.6131   6820.758 0.019   -5.2   -8.3 -2.21 0.062  55   0 14:13:13     44639.59156    0.0000  2022/04/20
134.0000000  34.0000000   28.6131   6820.758 0.019   -5.2   -8.3 -2.21 0.061  55   0 14:14:13     44639.59226    0.0000  2022/04/20
134.0000000  34.0000000   28.6131   6820.756 0.016   -5.3   -8.5 -2.21 0.061  55   0 14:15:13     44639.59295    0.0000  2022/04/20
134.0000000  34.0000000   28.6131   6820.758 0.017   -5.3   -8.4 -2.21 0.061  55   0 14:16:13     44639.59364    0.0000  2022/04/20
134.0000000  34.0000000   28.6131   6820.756 0.018   -5.5   -8.5 -2.21 0.060  55   0 14:17:13     44639.59434    0.0000  2022/04/20
134.0000000  34.0000000   28.6131   6820.757 0.017   -5.5   -8.6 -2.21 0.060  55   0 14:18:13     44639.59503    0.0000  2022/04/20
134.0000000  34.0000000   28.6131   6820.758 0.019   -5.5   -8.7 -2.20 0.059  55   0 14:19:13     44639.59572    0.0000  2022/04/20
134.0000000  34.0000000   28.6131   6820.756 0.019   -5.5   -8.7 -2.20 0.059  55   0 14:20:13     44639.59642    0.0000  2022/04/20
134.0000000  34.0000000   28.3689   6820.758 0.017   -5.7   -8.9 -2.20 0.059  55   0 14:21:13     44639.59711    0.0000  2022/04/20
134.0000000  34.0000000   28.3689   6820.757 0.016   -5.6   -8.9 -2.20 0.058  55   0 14:22:13     44639.59780    0.0000  2022/04/20
134.0000000  34.0000000   28.3689   6820.757 0.018   -5.7   -9.0 -2.20 0.058  55   0 14:23:13     44639.59850    0.0000  2022/04/20
134.0000000  34.0000000   27.3924   6820.757 0.022   -5.7   -8.9 -2.20 0.057  55   1 14:24:14     44639.59920    0.0000  2022/04/20
134.0000000  14.0000000   30.8103   6847.159 0.084   -1.6    0.0 -2.03 0.030  55   3 15:25:37     44639.64176    0.0000  2022/04/20
134.0000000  14.0000000   30.8103   6847.159 0.040   -2.0   -0.2 -2.05 0.029  55   1 15:26:42     44639.64251    0.0000  2022/04/20
134.0000000  14.0000000   30.5662   6847.159 0.038   -2.0   -0.4 -2.06 0.029  55   0 15:27:42     44639.64321    0.0000  2022/04/20
134.0000000  14.0000000   30.5662   6847.159 0.058   -2.2   -0.6 -2.07 0.028  55   1 15:28:42     44639.64390    0.0000  2022/04/20
134.0000000  14.0000000   30.8103   6847.159 0.051   -2.2   -0.9 -2.08 0.028  55   0 15:29:42     44639.64459    0.0000  2022/04/20
134.0000000  14.0000000   30.5662   6847.155 0.041   -2.3   -1.1 -2.10 0.027  55   4 15:30:42     44639.64529    0.0000  2022/04/20
134.0000000  14.0000000   30.5662   6847.160 0.045   -2.2   -1.3 -2.11 0.027  55   0 15:31:42     44639.64598    0.0000  2022/04/20
134.0000000  14.0000000   30.5662   6847.158 0.039   -2.3   -1.4 -2.12 0.026  55   1 15:32:42     44639.64667    0.0000  2022/04/20
134.0000000  14.0000000   30.5662   6847.157 0.039   -2.2   -1.6 -2.13 0.026  55   0 15:33:42     44639.64737    0.0000  2022/04/20
134.0000000  14.0000000   30.5662   6847.157 0.041   -2.2   -1.8 -2.13 0.025  55   0 15:34:42     44639.64806    0.0000  2022/04/20
134.0000000  14.0000000   30.8103   6847.155 0.041   -2.1   -2.0 -2.14 0.025  55   0 15:35:42     44639.64875    0.0000  2022/04/20
134.0000000  14.0000000   30.5662   6847.158 0.038   -2.1   -2.1 -2.15 0.024  55   0 15:36:42     44639.64945    0.0000  2022/04/20
134.0000000  14.0000000   30.5662   6847.156 0.057   -2.2   -2.2 -2.16 0.024  55   0 15:37:42     44639.65014    0.0000  2022/04/20
134.0000000  14.0000000   30.5662   6847.156 0.047   -2.2   -2.5 -2.16 0.023  55   0 15:38:42     44639.65083    0.0000  2022/04/20
134.0000000  14.0000000   30.3221   6847.155 0.048   -2.3   -2.6 -2.17 0.023  55   0 15:39:42     44639.65153    0.0000  2022/04/20
134.0000000  14.0000000   30.3221   6847.156 0.054   -2.4   -2.7 -2.17 0.022  55   4 15:40:42     44639.65222    0.0000  2022/04/20
134.0000000  14.0000000   30.5662   6847.156 0.043   -2.4   -2.8 -2.18 0.022  55   0 15:41:42     44639.65291    0.0000  2022/04/20
134.0000000  14.0000000   30.8103   6847.155 0.045   -2.6   -3.0 -2.18 0.021  55   0 15:42:42     44639.65361    0.0000  2022/04/20
134.0000000  14.0000000   30.3221   6847.154 0.046   -2.5   -3.0 -2.19 0.021  55   0 15:43:42     44639.65430    0.0000  2022/04/20
134.0000000  14.0000000   30.3221   6847.156 0.044   -2.6   -3.1 -2.19 0.020  55   0 15:44:42     44639.65499    0.0000  2022/04/20
134.0000000  14.0000000   30.3221   6847.154 0.049   -2.5   -3.3 -2.19 0.020  55   0 15:45:42     44639.65569    0.0000  2022/04/20
134.0000000  14.0000000   30.8103   6847.156 0.042   -2.7   -3.5 -2.20 0.019  55   0 15:46:42     44639.65638    0.0000  2022/04/20
134.0000000  14.0000000   30.3221   6847.155 0.046   -2.6   -3.5 -2.20 0.019  55   0 15:47:42     44639.65707    0.0000  2022/04/20
134.0000000  14.0000000   30.3221   6847.154 0.046   -2.6   -3.7 -2.20 0.018  55   0 15:48:42     44639.65777    0.0000  2022/04/20
134.0000000  14.0000000   30.3221   6847.155 0.062   -2.7   -3.8 -2.20 0.018  55   0 15:49:42     44639.65846    0.0000  2022/04/20
134.0000000  14.0000000   30.3221   6847.155 0.076   -2.7   -3.8 -2.21 0.017  55   0 15:50:42     44639.65915    0.0000  2022/04/20
134.0000000  14.0000000   30.3221   6847.154 0.067   -2.9   -4.0 -2.21 0.017  55   0 15:51:42     44639.65985    0.0000  2022/04/20
134.0000000  14.0000000   30.3221   6847.155 0.033   -2.8   -4.2 -2.21 0.016  55   0 15:52:42     44639.66054    0.0000  2022/04/20
134.0000000  14.0000000   30.3221   6847.155 0.066   -2.8   -4.3 -2.21 0.016  55   0 15:53:42     44639.66123    0.0000  2022/04/20
134.0000000  14.0000000   30.0779   6847.155 0.045   -2.9   -4.3 -2.21 0.015  55   0 15:54:42     44639.66193    0.0000  2022/04/20
134.0000000  14.0000000   30.3221   6847.154 0.044   -2.9   -4.4 -2.21 0.015  55   0 15:55:42     44639.66262    0.0000  2022/04/20
134.0000000  14.0000000   30.3221   6847.152 0.041   -3.0   -4.5 -2.21 0.014  55   1 15:56:42     44639.66331    0.0000  2022/04/20
134.0000000  14.0000000   30.3221   6847.153 0.068   -3.0   -4.6 -2.21 0.014  55   0 15:57:42     44639.66401    0.0000  2022/04/20
134.0000000  14.0000000   30.0779   6847.154 0.038   -2.9   -4.7 -2.22 0.013  55   0 15:58:42     44639.66470    0.0000  2022/04/20
134.0000000  14.0000000   30.3221   6847.153 0.037   -2.9   -4.7 -2.21 0.013  55   4 15:59:42     44639.66539    0.0000  2022/04/20
134.0000000  14.0000000   30.3221   6847.152 0.075   -3.0   -4.7 -2.21 0.012  55   0 16:00:42     44639.66609    0.0000  2022/04/20
134.0000000  14.0000000   30.3221   6847.152 0.112   -3.0   -4.9 -2.22 0.012  55   0 16:01:42     44639.66678    0.0000  2022/04/20
134.0000000  14.0000000   30.0779   6847.153 0.065   -3.0   -4.9 -2.22 0.011  55   0 16:02:42     44639.66747    0.0000  2022/04/20
134.0000000  14.0000000   30.3221   6847.150 0.036   -3.1   -5.1 -2.22 0.011  55   5 16:03:42     44639.66817    0.0000  2022/04/20
134.0000000  14.0000000   30.0779   6847.149 0.059   -3.2   -5.2 -2.22 0.010  55   1 16:04:42     44639.66886    0.0000  2022/04/20
134.0000000  14.0000000   30.0779   6847.153 0.064   -3.1   -5.2 -2.22 0.010  55   0 16:05:42     44639.66955    0.0000  2022/04/20
134.0000000  14.0000000   30.0779   6847.153 0.065   -3.1   -5.3 -2.22 0.009  55   0 16:06:42     44639.67025    0.0000  2022/04/20
134.0000000  14.0000000   30.0779   6847.153 0.112   -3.2   -5.4 -2.22 0.009  55   0 16:07:42     44639.67094    0.0000  2022/04/20
134.0000000  14.0000000   30.3221   6847.156 0.051   -3.0   -5.5 -2.22 0.008  55   4 16:08:42     44639.67163    0.0000  2022/04/20
134.0000000  14.0000000   30.0779   6847.152 0.119   -3.2   -5.5 -2.22 0.008  55   0 16:09:42     44639.67233    0.0000  2022/04/20
134.0000000  14.0000000   30.3221   6847.153 0.053   -3.1   -5.6 -2.22 0.007  55   0 16:10:42     44639.67302    0.0000  2022/04/20
134.0000000  14.0000000   30.0779   6847.153 0.052   -3.1   -5.7 -2.22 0.007  55   0 16:11:42     44639.67371    0.0000  2022/04/20
134.0000000  14.0000000   30.0779   6847.152 0.038   -3.1   -5.8 -2.22 0.006  55   0 16:12:42     44639.67441    0.0000  2022/04/20
134.0000000  14.0000000   30.0779   6847.153 0.033   -3.1   -5.8 -2.22 0.006  55   0 16:13:42     44639.67510    0.0000  2022/04/20
134.0000000  14.0000000   30.0779   6847.153 0.038   -3.2   -6.0 -2.22 0.005  55   0 16:14:42     44639.67579    0.0000  2022/04/20
134.0000000  14.0000000   30.0779   6847.153 0.042   -3.1   -6.0 -2.22 0.005  55   0 16:15:42     44639.67649    0.0000  2022/04/20
134.0000000  14.0000000   30.0779   6847.153 0.041   -3.2   -6.0 -2.22 0.004  55   0 16:16:42     44639.67718    0.0000  2022/04/20
134.0000000  14.0000000   30.0779   6847.154 0.046   -3.2   -6.0 -2.22 0.004  55   0 16:17:42     44639.67787    0.0000  2022/04/20
134.0000000  14.0000000   30.0779   6847.152 0.051   -3.3   -6.0 -2.22 0.003  55   0 16:18:42     44639.67857    0.0000  2022/04/20
134.0000000  14.0000000   30.0779   6847.152 0.054   -3.2   -6.2 -2.22 0.003  55   0 16:19:42     44639.67926    0.0000  2022/04/20
134.0000000  14.0000000   30.0779   6847.151 0.059   -3.2   -6.3 -2.22 0.002  55   0 16:20:42     44639.67995    0.0000  2022/04/20
134.0000000  14.0000000   30.0779   6847.152 0.148   -3.3   -6.4 -2.22 0.002  55   0 16:21:42     44639.68065    0.0000  2022/04/20
134.0000000  14.0000000   30.0779   6847.150 0.055   -3.4   -6.4 -2.22 0.001  55   1 16:22:42     44639.68134    0.0000  2022/04/20
134.0000000  14.0000000   30.0779   6847.152 0.068   -3.3   -6.3 -2.22 0.001  55   0 16:23:42     44639.68203    0.0000  2022/04/20
134.0000000  14.0000000   28.6131   6847.151 0.059   -3.3   -6.4 -2.22 0.000  55   0 16:24:43     44639.68274    0.0000  2022/04/20