
/	CG-5 SURVEY
/	Survey name:   	110A-kpre-ledv
/	Instrument S/N:	41262
/	Client:        	tsniigaik
/	Operator:      	oaz
/	Date:          	2022/ 4/20
/	Time:          	05:18:30
/	LONG:        	37.5000000 E
/	LAT:         	55.8000000 N
/	ZONE:        	0       
/	GMT DIFF.:   	0.0 

/	CG-5 SETUP PARAMETERS
/	Gref:			0.000   
/	Gcal1:		8489.254
/	TiltxS:		714.166 
/	TiltyS:		708.889 
/	TiltxO:		17.920  
/	TiltyO:		-24.094 
/	Tempco:		-0.131  
/	Drift:		0.141   
/	DriftTime Start:	05:18:32
/	DriftDate Start:	2022/04/20

/	CG-5 OPTIONS
/	Tide Correction:    YES
/	Cont. Tilt:          NO
/	Auto Rejection:     YES
/	Terrain Corr.:       NO
/	Seismic Filter:     YES
/	Raw Data:           YES
Line	 134.000N
/------LINE-----STATION-----ALT.------GRAV.---SD.--TILTX--TILTY-TEMP---TIDE---DUR-REJ-----TIME----DEC.TIME+DATE--TERRAIN---DATE
134.0000000  10.0000000   31.2986   5308.888 0.049   -1.8   -0.4 2.50 -0.077  55  14 05:25:09     44639.22544    0.0000  2022/04/20
134.0000000  10.0000000   31.2986   5308.891 0.037   -1.9   -0.4 2.50 -0.077  55   0 05:26:14     44639.22619    0.0000  2022/04/20
134.0000000  10.0000000   31.2986   5308.892 0.036   -2.1   -0.4 2.49 -0.077  55   0 05:27:14     44639.22688    0.0000  2022/04/20
134.0000000  10.0000000   31.2986   5308.893 0.028   -2.2   -0.6 2.49 -0.076  55   0 05:28:14     44639.22758    0.0000  2022/04/20
134.0000000  10.0000000   31.2986   5308.892 0.041   -2.1   -0.7 2.48 -0.076  55   0 05:29:14     44639.22827    0.0000  2022/04/20
134.0000000  10.0000000   31.5428   5308.892 0.100   -2.1   -0.8 2.48 -0.076  55   0 05:30:14     44639.22896    0.0000  2022/04/20
134.0000000  10.0000000   31.2986   5308.892 0.047   -2.1   -0.7 2.47 -0.075  55   0 05:31:14     44639.22966    0.0000  2022/04/20
134.0000000  10.0000000   31.2986   5308.893 0.047   -2.3   -0.9 2.47 -0.075  55   0 05:32:14     44639.23035    0.0000  2022/04/20
134.0000000  10.0000000   31.2986   5308.893 0.041   -2.3   -1.1 2.46 -0.075  55   0 05:33:14     44639.23104    0.0000  2022/04/20
134.0000000  10.0000000   31.2986   5308.893 0.049   -2.2   -1.2 2.46 -0.074  55   0 05:34:14     44639.23174    0.0000  2022/04/20
134.0000000  10.0000000   31.5428   5308.894 0.038   -2.3   -1.3 2.46 -0.074  55   0 05:35:14     44639.23243    0.0000  2022/04/20
134.0000000  10.0000000   31.2986   5308.897 0.064   -2.1   -1.4 2.45 -0.073  55   2 05:36:14     44639.23312    0.0000  2022/04/20
134.0000000  10.0000000   31.5428   5308.891 0.081   -2.2   -1.6 2.45 -0.073  55   7 05:37:14     44639.23382    0.0000  2022/04/20
134.0000000  10.0000000   31.2986   5308.894 0.038   -2.4   -1.7 2.45 -0.073  55   0 05:38:14     44639.23451    0.0000  2022/04/20
134.0000000  10.0000000   31.2986   5308.894 0.038   -2.3   -1.9 2.44 -0.072  55   0 05:39:14     44639.23520    0.0000  2022/04/20
134.0000000  10.0000000   31.2986   5308.895 0.037   -2.4   -2.0 2.44 -0.072  55   1 05:40:14     44639.23590    0.0000  2022/04/20
134.0000000  10.0000000   31.2986   5308.895 0.038   -2.4   -2.2 2.44 -0.072  55   0 05:41:14     44639.23659    0.0000  2022/04/20
134.0000000  10.0000000   31.2986   5308.894 0.037   -2.4   -2.2 2.44 -0.071  55   0 05:42:14     44639.23728    0.0000  2022/04/20
134.0000000  10.0000000   31.2986   5308.894 0.032   -2.5   -2.4 2.44 -0.071  55   0 05:43:14     44639.23798    0.0000  2022/04/20
134.0000000  10.0000000   31.2986   5308.894 0.030   -2.5   -2.6 2.43 -0.070  55   0 05:44:14     44639.23867    0.0000  2022/04/20
134.0000000  10.0000000   31.5428   5308.895 0.032   -2.6   -2.6 2.43 -0.070  55   0 05:45:14     44639.23936    0.0000  2022/04/20
134.0000000  10.0000000   31.2986   5308.894 0.038   -2.5   -2.8 2.43 -0.070  55   0 05:46:14     44639.24006    0.0000  2022/04/20
134.0000000  10.0000000   31.2986   5308.894 0.037   -2.6   -2.9 2.43 -0.069  55   0 05:47:14     44639.24075    0.0000  2022/04/20
134.0000000  10.0000000   31.2986   5308.895 0.054   -2.5   -3.2 2.43 -0.069  55   1 05:48:14     44639.24144    0.0000  2022/04/20
134.0000000  10.0000000   31.2986   5308.894 0.051   -2.7   -3.2 2.43 -0.068  55   1 05:49:14     44639.24214    0.0000  2022/04/20
134.0000000  10.0000000   31.5428   5308.892 0.081   -2.9   -3.4 2.43 -0.068  55   3 05:50:14     44639.24283    0.0000  2022/04/20
134.0000000  10.0000000   31.2986   5308.895 0.040   -2.7   -3.5 2.43 -0.068  55   0 05:51:14     44639.24352    0.0000  2022/04/20
134.0000000  10.0000000   31.2986   5308.895 0.061   -2.6   -3.7 2.43 -0.067  55   0 05:52:14     44639.24422    0.0000  2022/04/20
134.0000000  10.0000000   31.2986   5308.895 0.090   -2.8   -3.8 2.43 -0.067  55   0 05:53:14     44639.24491    0.0000  2022/04/20
134.0000000  10.0000000   31.2986   5308.895 0.046   -2.9   -3.6 2.42 -0.066  55   0 05:54:14     44639.24560    0.0000  2022/04/20
134.0000000  10.0000000   31.2986   5308.896 0.069   -2.8   -3.8 2.43 -0.066  55   0 05:55:14     44639.24630    0.0000  2022/04/20
134.0000000  10.0000000   31.2986   5308.896 0.047   -2.7   -3.9 2.42 -0.066  55   0 05:56:14     44639.24699    0.0000  2022/04/20
134.0000000  10.0000000   31.2986   5308.896 0.039   -2.9   -4.1 2.42 -0.065  55   0 05:57:14     44639.24768    0.0000  2022/04/20
134.0000000  10.0000000   31.5428   5308.895 0.040   -2.8   -4.2 2.42 -0.065  55   0 05:58:14     44639.24838    0.0000  2022/04/20
134.0000000  10.0000000   31.5428   5308.893 0.077   -2.8   -4.4 2.42 -0.064  55   1 05:59:14     44639.24907    0.0000  2022/04/20
134.0000000  10.0000000   31.2986   5308.896 0.077   -3.0   -4.4 2.42 -0.064  55   0 06:00:14     44639.24976    0.0000  2022/04/20
134.0000000  10.0000000   31.2986   5308.894 0.070   -3.0   -4.5 2.42 -0.063  55   2 06:01:14     44639.25046    0.0000  2022/04/20
134.0000000  10.0000000   31.2986   5308.897 0.058   -2.9   -4.6 2.42 -0.063  55   2 06:02:14     44639.25115    0.0000  2022/04/20
134.0000000  10.0000000   31.2986   5308.896 0.041   -3.0   -4.6 2.42 -0.063  55   0 06:03:14     44639.25184    0.0000  2022/04/20
134.0000000  10.0000000   31.2986   5308.896 0.028   -3.0   -4.7 2.42 -0.062  55   0 06:04:14     44639.25254    0.0000  2022/04/20
134.0000000  10.0000000   31.7869   5308.896 0.061   -3.0   -4.8 2.42 -0.062  55   0 06:05:14     44639.25323    0.0000  2022/04/20
134.0000000  10.0000000   31.5428   5308.897 0.078   -3.1   -4.9 2.42 -0.061  55   0 06:06:14     44639.25392    0.0000  2022/04/20
134.0000000  10.0000000   31.2986   5308.896 0.067   -3.1   -4.9 2.42 -0.061  55   0 06:07:14     44639.25462    0.0000  2022/04/20
134.0000000  10.0000000   31.2986   5308.896 0.045   -3.0   -5.0 2.42 -0.060  55   0 06:08:14     44639.25531    0.0000  2022/04/20
134.0000000  10.0000000   31.2986   5308.896 0.086   -3.1   -5.1 2.42 -0.060  55   1 06:09:14     44639.25600    0.0000  2022/04/20
134.0000000  10.0000000   31.5428   5308.897 0.051   -3.1   -5.3 2.42 -0.059  55   0 06:10:14     44639.25670    0.0000  2022/04/20
134.0000000  10.0000000   31.2986   5308.888 0.130   -3.1   -5.3 2.42 -0.059  55   3 06:11:14     44639.25739    0.0000  2022/04/20
134.0000000  10.0000000   31.5428   5308.898 0.073   -3.1   -5.4 2.42 -0.059  55   1 06:12:14     44639.25808    0.0000  2022/04/20
134.0000000  10.0000000   31.2986   5308.896 0.052   -3.1   -5.4 2.42 -0.058  55   0 06:13:14     44639.25878    0.0000  2022/04/20
134.0000000  10.0000000   31.2986   5308.897 0.049   -3.1   -5.6 2.42 -0.058  55   0 06:14:14     44639.25947    0.0000  2022/04/20
134.0000000  10.0000000   31.2986   5308.896 0.047   -3.1   -5.7 2.42 -0.057  55   0 06:15:14     44639.26016    0.0000  2022/04/20
134.0000000  10.0000000   31.2986   5308.897 0.041   -3.1   -5.6 2.42 -0.057  55   0 06:16:14     44639.26086    0.0000  2022/04/20
134.0000000  10.0000000   31.2986   5308.896 0.051   -3.3   -5.7 2.42 -0.056  55   1 06:17:14     44639.26155    0.0000  2022/04/20
134.0000000  10.0000000   31.5428   5308.898 0.033   -3.2   -5.8 2.42 -0.056  55   1 06:18:14     44639.26224    0.0000  2022/04/20
134.0000000  10.0000000   31.5428   5308.896 0.057   -3.3   -5.9 2.42 -0.055  55   0 06:19:14     44639.26294    0.0000  2022/04/20
134.0000000  10.0000000   31.5428   5308.897 0.036   -3.2   -5.9 2.42 -0.055  55   0 06:20:14     44639.26363    0.0000  2022/04/20
134.0000000  10.0000000   31.2986   5308.896 0.055   -3.2   -6.0 2.42 -0.054  55   1 06:21:14     44639.26432    0.0000  2022/04/20
134.0000000  10.0000000   31.5428   5308.897 0.044   -3.3   -6.1 2.42 -0.054  55   0 06:22:14     44639.26502    0.0000  2022/04/20
134.0000000  10.0000000   31.2986   5308.897 0.053   -3.3   -6.1 2.42 -0.053  55   0 06:23:14     44639.26571    0.0000  2022/04/20
134.0000000  10.0000000   29.8338   5308.898 0.041   -3.4   -6.2 2.42 -0.053  55   0 06:24:15     44639.26641    0.0000  2022/04/20
134.0000000  30.0000000   33.2517   5282.401 0.018   -0.9    1.2 2.63 -0.005  55   1 07:54:07     44639.32872    0.0000  2022/04/20
134.0000000  30.0000000   33.2517   5282.400 0.015   -0.9    1.2 2.61 -0.004  55   3 07:55:12     44639.32947    0.0000  2022/04/20
134.0000000  30.0000000   33.2517   5282.400 0.015   -0.9    0.9 2.59 -0.003  55   0 07:56:12     44639.33017    0.0000  2022/04/20
134.0000000  30.0000000   33.0076   5282.402 0.016   -0.7    0.7 2.58 -0.003  55   0 07:57:12     44639.33086    0.0000  2022/04/20
134.0000000  30.0000000   33.0076   5282.402 0.014   -0.7    0.6 2.56 -0.002  55   0 07:58:12     44639.33155    0.0000  2022/04/20
134.0000000  30.0000000   33.0076   5282.401 0.014   -0.6    0.4 2.55 -0.002  55   0 07:59:12     44639.33225    0.0000  2022/04/20
134.0000000  30.0000000   32.7635   5282.402 0.013   -0.6    0.1 2.53 -0.001  55   0 08:00:12     44639.33294    0.0000  2022/04/20
134.0000000  30.0000000   32.7635   5282.402 0.015   -0.6   -0.1 2.52 -0.001  55   0 08:01:12     44639.33363    0.0000  2022/04/20
134.0000000  30.0000000   32.5193   5282.403 0.013   -0.6   -0.2 2.51 0.000  55   0 08:02:12     44639.33433    0.0000  2022/04/20
134.0000000  30.0000000   32.5193   5282.403 0.013   -0.5   -0.3 2.50 0.000  55   0 08:03:12     44639.33502    0.0000  2022/04/20
134.0000000  30.0000000   32.5193   5282.404 0.013   -0.6   -0.6 2.49 0.000  55   0 08:04:12     44639.33571    0.0000  2022/04/20
134.0000000  30.0000000   32.2752   5282.403 0.012   -0.6   -0.9 2.48 0.001  55   0 08:05:12     44639.33641    0.0000  2022/04/20
134.0000000  30.0000000   32.2752   5282.403 0.013   -0.6   -1.0 2.47 0.001  55   0 08:06:12     44639.33710    0.0000  2022/04/20
134.0000000  30.0000000   32.0310   5282.403 0.015   -0.7   -1.3 2.46 0.002  55   0 08:07:12     44639.33779    0.0000  2022/04/20
134.0000000  30.0000000   32.0310   5282.403 0.013   -0.8   -1.5 2.45 0.002  55   0 08:08:12     44639.33849    0.0000  2022/04/20
134.0000000  30.0000000   31.7869   5282.403 0.015   -1.0   -1.6 2.45 0.003  55   0 08:09:12     44639.33918    0.0000  2022/04/20
134.0000000  30.0000000   32.0310   5282.403 0.013   -0.9   -1.8 2.44 0.004  55   0 08:10:12     44639.33987    0.0000  2022/04/20
134.0000000  30.0000000   31.7869   5282.403 0.013   -1.0   -2.0 2.44 0.004  55   0 08:11:12     44639.34057    0.0000  2022/04/20
134.0000000  30.0000000   31.5428   5282.404 0.014   -1.1   -2.1 2.43 0.005  55   0 08:12:12     44639.34126    0.0000  2022/04/20
134.0000000  30.0000000   31.7869   5282.403 0.016   -1.2   -2.3 2.43 0.005  55   0 08:13:12     44639.34195    0.0000  2022/04/20
134.0000000  30.0000000   31.5428   5282.405 0.014   -1.3   -2.6 2.42 0.006  55   0 08:14:12     44639.34265    0.0000  2022/04/20
134.0000000  30.0000000   31.5428   5282.404 0.016   -1.6   -2.5 2.42 0.006  55   0 08:15:12     44639.34334    0.0000  2022/04/20
134.0000000  30.0000000   31.5428   5282.405 0.013   -1.5   -2.8 2.42 0.007  55   0 08:16:12     44639.34403    0.0000  2022/04/20
134.0000000  30.0000000   31.2986   5282.403 0.014   -1.5   -3.0 2.41 0.008  55   0 08:17:12     44639.34473    0.0000  2022/04/20
134.0000000  30.0000000   31.2986   5282.405 0.014   -1.7   -3.2 2.41 0.008  55   0 08:18:12     44639.34542    0.0000  2022/04/20
134.0000000  30.0000000   31.2986   5282.405 0.015   -1.8   -3.3 2.41 0.009  55   0 08:19:12     44639.34611    0.0000  2022/04/20
134.0000000  30.0000000   31.2986   5282.404 0.015   -1.8   -3.4 2.41 0.009  55   0 08:20:12     44639.34681    0.0000  2022/04/20
134.0000000  30.0000000   31.2986   5282.405 0.014   -1.9   -3.6 2.41 0.010  55   0 08:21:12     44639.34750    0.0000  2022/04/20
134.0000000  30.0000000   31.0545   5282.405 0.014   -2.1   -3.6 2.40 0.010  55   0 08:22:12     44639.34819    0.0000  2022/04/20
134.0000000  30.0000000   31.0545   5282.405 0.016   -2.2   -3.8 2.40 0.011  55   0 08:23:12     44639.34889    0.0000  2022/04/20
134.0000000  30.0000000   31.0545   5282.405 0.016   -2.2   -3.9 2.40 0.012  55   0 08:24:12     44639.34958    0.0000  2022/04/20
134.0000000  30.0000000   30.8103   5282.406 0.013   -2.3   -4.0 2.40 0.012  55   0 08:25:12     44639.35027    0.0000  2022/04/20
134.0000000  30.0000000   30.8103   5282.406 0.014   -2.6   -4.0 2.40 0.013  55   0 08:26:12     44639.35097    0.0000  2022/04/20
134.0000000  30.0000000   30.8103   5282.406 0.013   -2.6   -4.3 2.40 0.013  55   0 08:27:12     44639.35166    0.0000  2022/04/20
134.0000000  30.0000000   30.5662   5282.406 0.014   -2.7   -4.3 2.40 0.014  55   0 08:28:12     44639.35235    0.0000  2022/04/20
134.0000000  30.0000000   30.8103   5282.405 0.014   -2.7   -4.5 2.40 0.014  55   0 08:29:12     44639.35305    0.0000  2022/04/20
134.0000000  30.0000000   30.5662   5282.406 0.014   -2.7   -4.6 2.40 0.015  55   0 08:30:12     44639.35374    0.0000  2022/04/20
134.0000000  30.0000000   30.5662   5282.405 0.015   -2.9   -4.7 2.40 0.016  55   0 08:31:12     44639.35443    0.0000  2022/04/20
134.0000000  30.0000000   30.5662   5282.406 0.014   -3.1   -4.6 2.40 0.016  55   0 08:32:12     44639.35513    0.0000  2022/04/20
134.0000000  30.0000000   30.5662   5282.408 0.014   -3.0   -4.9 2.40 0.017  55   0 08:33:12     44639.35582    0.0000  2022/04/20
134.0000000  30.0000000   30.5662   5282.406 0.016   -3.2   -4.8 2.40 0.017  55   0 08:34:12     44639.35651    0.0000  2022/04/20
134.0000000  30.0000000   30.5662   5282.406 0.013   -3.3   -5.0 2.39 0.018  55   0 08:35:12     44639.35721    0.0000  2022/04/20
134.0000000  30.0000000   30.3221   5282.407 0.015   -3.2   -5.2 2.40 0.018  55   0 08:36:12     44639.35790    0.0000  2022/04/20
134.0000000  30.0000000   30.3221   5282.406 0.016   -3.3   -5.3 2.39 0.019  55   0 08:37:12     44639.35859    0.0000  2022/04/20
134.0000000  30.0000000   30.3221   5282.408 0.014   -3.3   -5.3 2.40 0.019  55   0 08:38:12     44639.35929    0.0000  2022/04/20
134.0000000  30.0000000   30.3221   5282.407 0.014   -3.3   -5.4 2.39 0.020  55   0 08:39:12     44639.35998    0.0000  2022/04/20
134.0000000  30.0000000   30.3221   5282.407 0.015   -3.4   -5.5 2.39 0.021  55   0 08:40:12     44639.36067    0.0000  2022/04/20
134.0000000  30.0000000   30.0779   5282.406 0.015   -3.5   -5.7 2.39 0.021  55   0 08:41:12     44639.36137    0.0000  2022/04/20
134.0000000  30.0000000   30.0779   5282.407 0.012   -3.6   -5.7 2.39 0.022  55   0 08:42:12     44639.36206    0.0000  2022/04/20
134.0000000  30.0000000   30.0779   5282.407 0.015   -3.6   -5.8 2.39 0.022  55   0 08:43:12     44639.36275    0.0000  2022/04/20
134.0000000  30.0000000   30.0779   5282.408 0.014   -3.8   -5.9 2.40 0.023  55   0 08:44:12     44639.36345    0.0000  2022/04/20
134.0000000  30.0000000   29.8338   5282.407 0.013   -3.8   -6.0 2.39 0.023  55   0 08:45:12     44639.36414    0.0000  2022/04/20
134.0000000  30.0000000   30.0779   5282.407 0.014   -3.9   -6.1 2.40 0.024  55   0 08:46:12     44639.36483    0.0000  2022/04/20
134.0000000  30.0000000   30.0779   5282.408 0.013   -3.9   -6.2 2.40 0.024  55   0 08:47:12     44639.36553    0.0000  2022/04/20
134.0000000  30.0000000   30.0779   5282.408 0.016   -4.1   -6.3 2.40 0.025  55   0 08:48:12     44639.36622    0.0000  2022/04/20
134.0000000  30.0000000   30.0779   5282.407 0.013   -4.1   -6.3 2.40 0.026  55   0 08:49:12     44639.36691    0.0000  2022/04/20
134.0000000  30.0000000   29.8338   5282.408 0.015   -4.4   -6.3 2.40 0.026  55   0 08:50:12     44639.36761    0.0000  2022/04/20
134.0000000  30.0000000   29.8338   5282.408 0.013   -4.4   -6.3 2.40 0.027  55   0 08:51:12     44639.36830    0.0000  2022/04/20
134.0000000  30.0000000   30.0779   5282.409 0.013   -4.3   -6.6 2.40 0.027  55   0 08:52:12     44639.36899    0.0000  2022/04/20
134.0000000  30.0000000   28.6131   5282.409 0.013   -4.3   -6.6 2.40 0.028  55   0 08:53:13     44639.36970    0.0000  2022/04/20
134.0000000  40.0000000   32.5193   5289.303 0.053   -0.1    1.4 2.47 0.075  55   0 10:42:52     44639.44572    0.0000  2022/04/20
134.0000000  40.0000000   32.7635   5289.303 0.048   -0.2    1.4 2.46 0.076  55   0 10:43:57     44639.44647    0.0000  2022/04/20
134.0000000  40.0000000   32.5193   5289.304 0.036   -0.2    1.4 2.45 0.076  55   0 10:44:57     44639.44717    0.0000  2022/04/20
134.0000000  40.0000000   32.5193   5289.303 0.075   -0.3    1.4 2.45 0.076  55   0 10:45:57     44639.44786    0.0000  2022/04/20
134.0000000  40.0000000   32.5193   5289.302 0.069   -0.4    1.4 2.44 0.076  55   0 10:46:57     44639.44855    0.0000  2022/04/20
134.0000000  40.0000000   32.5193   5289.304 0.053   -0.5    1.3 2.44 0.077  55   0 10:47:57     44639.44925    0.0000  2022/04/20
134.0000000  40.0000000   32.2752   5289.304 0.128   -0.5    1.3 2.43 0.077  55   0 10:48:57     44639.44994    0.0000  2022/04/20
134.0000000  40.0000000   32.2752   5289.303 0.060   -0.6    1.2 2.43 0.077  55   0 10:49:57     44639.45063    0.0000  2022/04/20
134.0000000  40.0000000   32.2752   5289.303 0.088   -0.7    1.0 2.42 0.078  55   0 10:50:57     44639.45133    0.0000  2022/04/20
134.0000000  40.0000000   32.2752   5289.304 0.089   -0.7    1.0 2.42 0.078  55   0 10:51:57     44639.45202    0.0000  2022/04/20
134.0000000  40.0000000   32.2752   5289.304 0.095   -0.8    0.8 2.42 0.078  55   0 10:52:57     44639.45271    0.0000  2022/04/20
134.0000000  40.0000000   32.0310   5289.304 0.042   -0.8    0.7 2.41 0.078  55   0 10:53:57     44639.45341    0.0000  2022/04/20
134.0000000  40.0000000   32.0310   5289.305 0.077   -0.9    0.6 2.41 0.079  55   0 10:54:57     44639.45410    0.0000  2022/04/20
134.0000000  40.0000000   32.0310   5289.300 0.109   -1.0    0.4 2.41 0.079  55   4 10:55:57     44639.45479    0.0000  2022/04/20
134.0000000  40.0000000   32.0310   5289.304 0.025   -1.0    0.3 2.40 0.079  55   0 10:56:57     44639.45549    0.0000  2022/04/20
134.0000000  40.0000000   32.0310   5289.305 0.025   -1.1    0.1 2.40 0.079  55   3 10:57:57     44639.45618    0.0000  2022/04/20
134.0000000  40.0000000   31.7869   5289.306 0.033   -1.4    0.2 2.40 0.080  55   0 10:58:57     44639.45687    0.0000  2022/04/20
134.0000000  40.0000000   31.7869   5289.306 0.024   -1.3   -0.1 2.40 0.080  55   0 10:59:57     44639.45757    0.0000  2022/04/20
134.0000000  40.0000000   32.0310   5289.306 0.022   -1.4   -0.2 2.40 0.080  55   0 11:00:57     44639.45826    0.0000  2022/04/20
134.0000000  40.0000000   31.7869   5289.305 0.025   -1.5   -0.3 2.39 0.080  55   0 11:01:57     44639.45895    0.0000  2022/04/20
134.0000000  40.0000000   31.7869   5289.306 0.024   -1.5   -0.4 2.39 0.080  55   0 11:02:57     44639.45965    0.0000  2022/04/20
134.0000000  40.0000000   31.5428   5289.306 0.030   -1.8   -0.4 2.39 0.081  55   0 11:03:57     44639.46034    0.0000  2022/04/20
134.0000000  40.0000000   31.5428   5289.306 0.041   -1.9   -0.5 2.39 0.081  55   0 11:04:57     44639.46103    0.0000  2022/04/20
134.0000000  40.0000000   31.5428   5289.306 0.043   -1.7   -0.8 2.39 0.081  55   1 11:05:57     44639.46173    0.0000  2022/04/20
134.0000000  40.0000000   31.5428   5289.307 0.046   -1.9   -1.0 2.39 0.081  55   0 11:06:57     44639.46242    0.0000  2022/04/20
134.0000000  40.0000000   31.5428   5289.306 0.034   -2.0   -1.1 2.39 0.082  55   2 11:07:57     44639.46311    0.0000  2022/04/20
134.0000000  40.0000000   31.5428   5289.307 0.065   -2.0   -1.2 2.39 0.082  55   0 11:08:57     44639.46381    0.0000  2022/04/20
134.0000000  40.0000000   31.5428   5289.307 0.024   -2.1   -1.3 2.39 0.082  55   0 11:09:57     44639.46450    0.0000  2022/04/20
134.0000000  40.0000000   31.2986   5289.306 0.036   -2.2   -1.4 2.39 0.082  55   0 11:10:57     44639.46519    0.0000  2022/04/20
134.0000000  40.0000000   31.5428   5289.308 0.030   -2.2   -1.5 2.39 0.082  55   1 11:11:57     44639.46589    0.0000  2022/04/20
134.0000000  40.0000000   31.2986   5289.303 0.079   -2.3   -1.6 2.39 0.083  55   3 11:12:57     44639.46658    0.0000  2022/04/20
134.0000000  40.0000000   31.2986   5289.306 0.036   -2.4   -1.7 2.39 0.083  55   0 11:13:57     44639.46727    0.0000  2022/04/20
134.0000000  40.0000000   31.2986   5289.306 0.049   -2.4   -1.8 2.39 0.083  55   0 11:14:57     44639.46797    0.0000  2022/04/20
134.0000000  40.0000000   31.2986   5289.306 0.041   -2.5   -1.9 2.39 0.083  55   0 11:15:57     44639.46866    0.0000  2022/04/20
134.0000000  40.0000000   31.2986   5289.307 0.061   -2.6   -2.0 2.39 0.083  55   0 11:16:57     44639.46935    0.0000  2022/04/20
134.0000000  40.0000000   31.2986   5289.306 0.060   -2.6   -2.1 2.39 0.083  55   0 11:17:57     44639.47005    0.0000  2022/04/20
134.0000000  40.0000000   31.2986   5289.306 0.045   -2.7   -2.2 2.39 0.084  55   0 11:18:57     44639.47074    0.0000  2022/04/20
134.0000000  40.0000000   31.2986   5289.306 0.035   -2.8   -2.3 2.39 0.084  55   0 11:19:57     44639.47143    0.0000  2022/04/20
134.0000000  40.0000000   31.2986   5289.306 0.045   -2.8   -2.4 2.39 0.084  55   0 11:20:57     44639.47213    0.0000  2022/04/20
134.0000000  40.0000000   31.0545   5289.305 0.035   -2.9   -2.5 2.39 0.084  55   2 11:21:57     44639.47282    0.0000  2022/04/20
134.0000000  40.0000000   31.0545   5289.307 0.032   -2.9   -2.6 2.39 0.084  55   0 11:22:57     44639.47351    0.0000  2022/04/20
134.0000000  40.0000000   31.2986   5289.307 0.042   -2.9   -2.7 2.39 0.084  55   3 11:23:57     44639.47421    0.0000  2022/04/20
134.0000000  40.0000000   31.0545   5289.307 0.027   -3.0   -2.8 2.39 0.085  55   0 11:24:57     44639.47490    0.0000  2022/04/20
134.0000000  40.0000000   31.0545   5289.307 0.029   -3.3   -2.7 2.39 0.085  55   0 11:25:57     44639.47559    0.0000  2022/04/20
134.0000000  40.0000000   31.0545   5289.307 0.047   -3.1   -2.9 2.39 0.085  55   0 11:26:57     44639.47629    0.0000  2022/04/20
134.0000000  40.0000000   31.0545   5289.307 0.035   -3.2   -3.0 2.39 0.085  55   0 11:27:57     44639.47698    0.0000  2022/04/20
134.0000000  40.0000000   30.5662   5289.307 0.078   -3.3   -3.1 2.39 0.085  55   0 11:28:57     44639.47767    0.0000  2022/04/20
134.0000000  40.0000000   30.8103   5289.308 0.112   -3.3   -3.1 2.39 0.085  55   0 11:29:57     44639.47837    0.0000  2022/04/20
134.0000000  40.0000000   31.0545   5289.308 0.081   -3.3   -3.2 2.39 0.085  55   0 11:30:57     44639.47906    0.0000  2022/04/20
134.0000000  40.0000000   31.0545   5289.308 0.028   -3.4   -3.3 2.39 0.085  55   0 11:31:57     44639.47975    0.0000  2022/04/20
134.0000000  40.0000000   30.8103   5289.308 0.032   -3.4   -3.4 2.39 0.086  55   0 11:32:57     44639.48045    0.0000  2022/04/20
134.0000000  40.0000000   30.8103   5289.309 0.025   -3.4   -3.5 2.39 0.086  55   0 11:33:57     44639.48114    0.0000  2022/04/20
134.0000000  40.0000000   31.0545   5289.308 0.020   -3.4   -3.5 2.39 0.086  55   0 11:34:57     44639.48183    0.0000  2022/04/20
134.0000000  40.0000000   30.8103   5289.309 0.024   -3.5   -3.6 2.39 0.086  55   0 11:35:57     44639.48253    0.0000  2022/04/20
134.0000000  40.0000000   30.8103   5289.309 0.030   -3.6   -3.7 2.39 0.086  55   0 11:36:57     44639.48322    0.0000  2022/04/20
134.0000000  40.0000000   30.8103   5289.309 0.023   -3.6   -3.8 2.39 0.086  55   0 11:37:57     44639.48391    0.0000  2022/04/20
134.0000000  40.0000000   30.8103   5289.309 0.028   -3.6   -3.9 2.39 0.086  55   0 11:38:57     44639.48461    0.0000  2022/04/20
134.0000000  40.0000000   30.8103   5289.309 0.056   -3.6   -4.0 2.39 0.086  55   0 11:39:57     44639.48530    0.0000  2022/04/20
134.0000000  40.0000000   30.8103   5289.309 0.087   -3.6   -4.0 2.39 0.086  55   0 11:40:57     44639.48599    0.0000  2022/04/20
134.0000000  40.0000000   29.8338   5289.309 0.045   -3.7   -4.1 2.39 0.087  55   0 11:41:58     44639.48670    0.0000  2022/04/20
134.0000000  30.0000000   33.4959   5282.420 0.017   -0.3   -0.3 2.57 0.077  55   6 13:25:08     44639.55823    0.0000  2022/04/20
134.0000000  30.0000000   33.4959   5282.420 0.022   -0.1   -0.5 2.55 0.077  55   1 13:26:13     44639.55898    0.0000  2022/04/20
134.0000000  30.0000000   33.2517   5282.417 0.015   -0.2   -0.3 2.54 0.077  55   1 13:27:13     44639.55967    0.0000  2022/04/20
134.0000000  30.0000000   33.0076   5282.418 0.022   -0.4   -0.6 2.53 0.076  55   2 13:28:13     44639.56036    0.0000  2022/04/20
134.0000000  30.0000000   33.0076   5282.418 0.027   -0.8   -0.6 2.51 0.076  55   0 13:29:13     44639.56106    0.0000  2022/04/20
134.0000000  30.0000000   32.7635   5282.420 0.013   -1.1   -0.4 2.50 0.076  55   0 13:30:13     44639.56175    0.0000  2022/04/20
134.0000000  30.0000000   32.7635   5282.419 0.015   -1.5   -0.4 2.49 0.076  55   0 13:31:13     44639.56244    0.0000  2022/04/20
134.0000000  30.0000000   32.5193   5282.420 0.015   -1.7   -0.3 2.48 0.075  55   0 13:32:13     44639.56314    0.0000  2022/04/20
134.0000000  30.0000000   32.5193   5282.421 0.016   -2.0   -0.3 2.47 0.075  55   0 13:33:13     44639.56383    0.0000  2022/04/20
134.0000000  30.0000000   32.5193   5282.421 0.015   -2.2   -0.4 2.46 0.075  55   0 13:34:13     44639.56452    0.0000  2022/04/20
134.0000000  30.0000000   32.2752   5282.421 0.016   -2.4   -0.4 2.46 0.074  55   0 13:35:13     44639.56522    0.0000  2022/04/20
134.0000000  30.0000000   32.2752   5282.420 0.013   -2.5   -0.5 2.45 0.074  55   0 13:36:13     44639.56591    0.0000  2022/04/20
134.0000000  30.0000000   32.2752   5282.421 0.016   -2.8   -0.4 2.44 0.074  55   0 13:37:13     44639.56660    0.0000  2022/04/20
134.0000000  30.0000000   32.0310   5282.421 0.016   -3.0   -0.5 2.44 0.074  55   0 13:38:13     44639.56730    0.0000  2022/04/20
134.0000000  30.0000000   32.0310   5282.421 0.015   -3.1   -0.7 2.43 0.073  55   0 13:39:13     44639.56799    0.0000  2022/04/20
134.0000000  30.0000000   32.0310   5282.422 0.013   -3.3   -0.7 2.43 0.073  55   0 13:40:13     44639.56868    0.0000  2022/04/20
134.0000000  30.0000000   31.7869   5282.423 0.016   -3.4   -0.8 2.43 0.073  55   0 13:41:13     44639.56938    0.0000  2022/04/20
134.0000000  30.0000000   31.7869   5282.421 0.014   -3.6   -0.8 2.42 0.072  55   0 13:42:13     44639.57007    0.0000  2022/04/20
134.0000000  30.0000000   31.7869   5282.422 0.012   -3.7   -0.9 2.42 0.072  55   0 13:43:13     44639.57076    0.0000  2022/04/20
134.0000000  30.0000000   31.7869   5282.423 0.013   -3.9   -1.0 2.42 0.072  55   0 13:44:13     44639.57146    0.0000  2022/04/20
134.0000000  30.0000000   31.5428   5282.422 0.014   -4.0   -1.1 2.41 0.071  55   0 13:45:13     44639.57215    0.0000  2022/04/20
134.0000000  30.0000000   31.2986   5282.422 0.014   -4.2   -1.2 2.41 0.071  55   0 13:46:13     44639.57284    0.0000  2022/04/20
134.0000000  30.0000000   31.5428   5282.423 0.013   -4.4   -1.2 2.41 0.071  55   0 13:47:13     44639.57354    0.0000  2022/04/20
134.0000000  30.0000000   31.2986   5282.423 0.014   -4.5   -1.3 2.41 0.070  55   0 13:48:13     44639.57423    0.0000  2022/04/20
134.0000000  30.0000000   31.2986   5282.424 0.013   -4.5   -1.3 2.41 0.070  55   0 13:49:13     44639.57492    0.0000  2022/04/20
134.0000000  30.0000000   31.2986   5282.423 0.012   -4.7   -1.4 2.41 0.070  55   0 13:50:13     44639.57562    0.0000  2022/04/20
134.0000000  30.0000000   31.2986   5282.423 0.017   -4.8   -1.6 2.40 0.069  55   0 13:51:13     44639.57631    0.0000  2022/04/20
134.0000000  30.0000000   31.0545   5282.425 0.017   -4.9   -1.7 2.40 0.069  55   0 13:52:13     44639.57700    0.0000  2022/04/20
134.0000000  30.0000000   31.0545   5282.425 0.015   -5.1   -1.7 2.40 0.069  55   0 13:53:13     44639.57770    0.0000  2022/04/20
134.0000000  30.0000000   31.0545   5282.424 0.016   -5.1   -1.8 2.40 0.068  55   0 13:54:13     44639.57839    0.0000  2022/04/20
134.0000000  30.0000000   31.0545   5282.425 0.017   -5.2   -1.8 2.40 0.068  55   0 13:55:13     44639.57908    0.0000  2022/04/20
134.0000000  30.0000000   30.8103   5282.424 0.012   -5.3   -1.9 2.40 0.068  55   0 13:56:13     44639.57978    0.0000  2022/04/20
134.0000000  30.0000000   30.8103   5282.424 0.017   -5.4   -2.0 2.40 0.067  55   0 13:57:13     44639.58047    0.0000  2022/04/20
134.0000000  30.0000000   30.8103   5282.426 0.015   -5.5   -2.0 2.40 0.067  55   0 13:58:13     44639.58116    0.0000  2022/04/20
134.0000000  30.0000000   30.8103   5282.425 0.014   -5.6   -2.1 2.40 0.067  55   0 13:59:13     44639.58186    0.0000  2022/04/20
134.0000000  30.0000000   30.8103   5282.425 0.014   -5.8   -2.2 2.40 0.066  55   0 14:00:13     44639.58255    0.0000  2022/04/20
134.0000000  30.0000000   30.5662   5282.425 0.013   -5.8   -2.3 2.40 0.066  55   0 14:01:13     44639.58324    0.0000  2022/04/20
134.0000000  30.0000000   30.5662   5282.424 0.016   -5.9   -2.4 2.40 0.066  55   0 14:02:13     44639.58394    0.0000  2022/04/20
134.0000000  30.0000000   30.5662   5282.425 0.017   -6.0   -2.4 2.40 0.065  55   0 14:03:13     44639.58463    0.0000  2022/04/20
134.0000000  30.0000000   30.5662   5282.425 0.015   -6.0   -2.5 2.40 0.065  55   0 14:04:13     44639.58532    0.0000  2022/04/20
134.0000000  30.0000000   30.5662   5282.425 0.014   -6.1   -2.5 2.40 0.065  55   0 14:05:13     44639.58602    0.0000  2022/04/20
134.0000000  30.0000000   30.5662   5282.425 0.016   -6.2   -2.6 2.40 0.064  55   0 14:06:13     44639.58671    0.0000  2022/04/20
134.0000000  30.0000000   30.5662   5282.426 0.015   -6.2   -2.7 2.40 0.064  55   0 14:07:13     44639.58740    0.0000  2022/04/20
134.0000000  30.0000000   30.3221   5282.425 0.017   -6.4   -2.7 2.40 0.064  55   0 14:08:13     44639.58810    0.0000  2022/04/20
134.0000000  30.0000000   30.3221   5282.425 0.017   -6.5   -2.9 2.40 0.063  55   0 14:09:13     44639.58879    0.0000  2022/04/20
134.0000000  30.0000000   30.5662   5282.426 0.015   -6.5   -2.9 2.40 0.063  55   0 14:10:13     44639.58948    0.0000  2022/04/20
134.0000000  30.0000000   30.3221   5282.425 0.015   -6.6   -2.9 2.40 0.062  55   0 14:11:13     44639.59018    0.0000  2022/04/20
134.0000000  30.0000000   30.3221   5282.425 0.015   -6.7   -2.9 2.40 0.062  55   0 14:12:13     44639.59087    0.0000  2022/04/20
134.0000000  30.0000000   30.3221   5282.425 0.015   -6.7   -3.1 2.40 0.062  55   0 14:13:13     44639.59156    0.0000  2022/04/20
134.0000000  30.0000000   30.3221   5282.427 0.015   -6.7   -3.1 2.40 0.061  55   0 14:14:13     44639.59226    0.0000  2022/04/20
134.0000000  30.0000000   30.3221   5282.424 0.012   -6.8   -3.3 2.40 0.061  55   0 14:15:13     44639.59295    0.0000  2022/04/20
134.0000000  30.0000000   30.3221   5282.426 0.014   -6.9   -3.3 2.40 0.061  55   0 14:16:13     44639.59364    0.0000  2022/04/20
134.0000000  30.0000000   30.3221   5282.425 0.016   -6.9   -3.5 2.40 0.060  55   0 14:17:13     44639.59434    0.0000  2022/04/20
134.0000000  30.0000000   30.0779   5282.425 0.014   -7.0   -3.5 2.40 0.060  55   0 14:18:13     44639.59503    0.0000  2022/04/20
134.0000000  30.0000000   30.0779   5282.426 0.016   -7.0   -3.6 2.40 0.059  55   0 14:19:13     44639.59572    0.0000  2022/04/20
134.0000000  30.0000000   30.0779   5282.426 0.016   -7.1   -3.6 2.40 0.059  55   0 14:20:13     44639.59642    0.0000  2022/04/20
134.0000000  30.0000000   30.0779   5282.427 0.013   -7.1   -3.6 2.41 0.059  55   1 14:21:13     44639.59711    0.0000  2022/04/20
134.0000000  30.0000000   30.0779   5282.426 0.013   -7.2   -3.8 2.40 0.058  55   0 14:22:13     44639.59780    0.0000  2022/04/20
134.0000000  30.0000000   29.8338   5282.427 0.014   -7.2   -3.8 2.41 0.058  55   0 14:23:13     44639.59850    0.0000  2022/04/20
134.0000000  30.0000000   29.1014   5282.427 0.017   -7.1   -3.8 2.40 0.057  55   0 14:24:14     44639.59920    0.0000  2022/04/20
134.0000000  10.0000000   32.2752   5308.935 0.058   -1.1    0.1 2.58 0.030  55   0 15:25:37     44639.64176    0.0000  2022/04/20
134.0000000  10.0000000   32.2752   5308.936 0.034   -1.1   -0.2 2.57 0.029  55   0 15:26:42     44639.64251    0.0000  2022/04/20
134.0000000  10.0000000   32.2752   5308.936 0.029   -1.0   -0.3 2.55 0.029  55   0 15:27:42     44639.64321    0.0000  2022/04/20
134.0000000  10.0000000   32.2752   5308.935 0.044   -1.1   -0.6 2.54 0.028  55   1 15:28:42     44639.64390    0.0000  2022/04/20
134.0000000  10.0000000   32.2752   5308.935 0.040   -1.1   -0.6 2.53 0.028  55   0 15:29:42     44639.64459    0.0000  2022/04/20
134.0000000  10.0000000   32.2752   5308.934 0.033   -1.0   -0.8 2.52 0.027  55   1 15:30:42     44639.64529    0.0000  2022/04/20
134.0000000  10.0000000   32.2752   5308.936 0.037   -1.2   -0.8 2.51 0.027  55   0 15:31:42     44639.64598    0.0000  2022/04/20
134.0000000  10.0000000   32.2752   5308.937 0.032   -1.1   -1.1 2.50 0.026  55   0 15:32:42     44639.64667    0.0000  2022/04/20
134.0000000  10.0000000   32.2752   5308.938 0.030   -1.1   -1.1 2.50 0.026  55   0 15:33:42     44639.64737    0.0000  2022/04/20
134.0000000  10.0000000   32.2752   5308.937 0.034   -1.2   -1.2 2.49 0.025  55   0 15:34:42     44639.64806    0.0000  2022/04/20
134.0000000  10.0000000   32.0310   5308.937 0.033   -1.1   -1.4 2.48 0.025  55   0 15:35:42     44639.64875    0.0000  2022/04/20
134.0000000  10.0000000   32.2752   5308.938 0.029   -1.1   -1.5 2.48 0.024  55   0 15:36:42     44639.64945    0.0000  2022/04/20
134.0000000  10.0000000   32.0310   5308.938 0.043   -1.1   -1.8 2.47 0.024  55   0 15:37:42     44639.65014    0.0000  2022/04/20
134.0000000  10.0000000   32.2752   5308.938 0.037   -1.1   -1.9 2.46 0.023  55   0 15:38:42     44639.65083    0.0000  2022/04/20
134.0000000  10.0000000   32.0310   5308.938 0.036   -1.1   -2.0 2.46 0.023  55   0 15:39:42     44639.65153    0.0000  2022/04/20
134.0000000  10.0000000   32.0310   5308.937 0.036   -1.2   -2.2 2.45 0.022  55   0 15:40:42     44639.65222    0.0000  2022/04/20
134.0000000  10.0000000   32.0310   5308.935 0.035   -1.2   -2.2 2.45 0.022  55   0 15:41:42     44639.65291    0.0000  2022/04/20
134.0000000  10.0000000   32.0310   5308.938 0.038   -1.3   -2.3 2.45 0.021  55   0 15:42:42     44639.65361    0.0000  2022/04/20
134.0000000  10.0000000   32.0310   5308.938 0.035   -1.2   -2.5 2.44 0.021  55   0 15:43:42     44639.65430    0.0000  2022/04/20
134.0000000  10.0000000   32.0310   5308.938 0.033   -1.5   -2.4 2.44 0.020  55   0 15:44:42     44639.65499    0.0000  2022/04/20
134.0000000  10.0000000   31.7869   5308.938 0.040   -1.3   -2.7 2.44 0.020  55   0 15:45:42     44639.65569    0.0000  2022/04/20
134.0000000  10.0000000   32.0310   5308.939 0.032   -1.4   -2.9 2.43 0.019  55   0 15:46:42     44639.65638    0.0000  2022/04/20
134.0000000  10.0000000   31.7869   5308.939 0.034   -1.5   -3.1 2.43 0.019  55   0 15:47:42     44639.65707    0.0000  2022/04/20
134.0000000  10.0000000   31.7869   5308.940 0.036   -1.5   -3.1 2.43 0.018  55   0 15:48:42     44639.65777    0.0000  2022/04/20
134.0000000  10.0000000   32.0310   5308.939 0.048   -1.6   -3.2 2.43 0.018  55   0 15:49:42     44639.65846    0.0000  2022/04/20
134.0000000  10.0000000   32.0310   5308.939 0.058   -1.6   -3.3 2.43 0.017  55   0 15:50:42     44639.65915    0.0000  2022/04/20
134.0000000  10.0000000   31.7869   5308.938 0.053   -1.6   -3.5 2.42 0.017  55   0 15:51:42     44639.65985    0.0000  2022/04/20
134.0000000  10.0000000   31.7869   5308.939 0.025   -1.6   -3.5 2.42 0.016  55   0 15:52:42     44639.66054    0.0000  2022/04/20
134.0000000  10.0000000   31.7869   5308.939 0.049   -1.7   -3.6 2.42 0.016  55   0 15:53:42     44639.66123    0.0000  2022/04/20
134.0000000  10.0000000   32.0310   5308.939 0.034   -1.7   -3.7 2.42 0.015  55   0 15:54:42     44639.66193    0.0000  2022/04/20
134.0000000  10.0000000   31.7869   5308.939 0.034   -1.8   -3.8 2.42 0.015  55   0 15:55:42     44639.66262    0.0000  2022/04/20
134.0000000  10.0000000   31.7869   5308.941 0.029   -1.8   -3.9 2.42 0.014  55   1 15:56:42     44639.66331    0.0000  2022/04/20
134.0000000  10.0000000   31.7869   5308.939 0.046   -1.8   -4.1 2.42 0.014  55   0 15:57:42     44639.66401    0.0000  2022/04/20
134.0000000  10.0000000   31.7869   5308.940 0.028   -2.0   -3.9 2.41 0.013  55   0 15:58:42     44639.66470    0.0000  2022/04/20
134.0000000  10.0000000   31.7869   5308.940 0.032   -1.9   -4.2 2.41 0.013  55   3 15:59:42     44639.66539    0.0000  2022/04/20
134.0000000  10.0000000   31.7869   5308.940 0.059   -1.9   -4.3 2.41 0.012  55   0 16:00:42     44639.66609    0.0000  2022/04/20
134.0000000  10.0000000   31.7869   5308.940 0.085   -2.0   -4.5 2.41 0.012  55   0 16:01:42     44639.66678    0.0000  2022/04/20
134.0000000  10.0000000   31.7869   5308.941 0.053   -2.0   -4.5 2.41 0.011  55   0 16:02:42     44639.66747    0.0000  2022/04/20
134.0000000  10.0000000   31.7869   5308.942 0.031   -2.1   -4.6 2.41 0.011  55   1 16:03:42     44639.66817    0.0000  2022/04/20
134.0000000  10.0000000   31.5428   5308.941 0.047   -2.1   -4.6 2.41 0.010  55   0 16:04:42     44639.66886    0.0000  2022/04/20
134.0000000  10.0000000   31.5428   5308.943 0.047   -2.3   -4.5 2.41 0.010  55   1 16:05:42     44639.66955    0.0000  2022/04/20
134.0000000  10.0000000   31.5428   5308.943 0.051   -2.2   -4.7 2.41 0.009  55   1 16:06:42     44639.67025    0.0000  2022/04/20
134.0000000  10.0000000   31.7869   5308.940 0.087   -2.2   -4.9 2.41 0.009  55   0 16:07:42     44639.67094    0.0000  2022/04/20
134.0000000  10.0000000   31.7869   5308.940 0.043   -2.2   -5.0 2.41 0.008  55   2 16:08:42     44639.67163    0.0000  2022/04/20
134.0000000  10.0000000   31.7869   5308.940 0.087   -2.2   -5.0 2.41 0.008  55   0 16:09:42     44639.67233    0.0000  2022/04/20
134.0000000  10.0000000   31.5428   5308.941 0.043   -2.2   -5.1 2.41 0.007  55   0 16:10:42     44639.67302    0.0000  2022/04/20
134.0000000  10.0000000   31.7869   5308.944 0.041   -2.2   -5.2 2.41 0.007  55   0 16:11:42     44639.67371    0.0000  2022/04/20
134.0000000  10.0000000   31.5428   5308.943 0.027   -2.2   -5.3 2.41 0.006  55   0 16:12:42     44639.67441    0.0000  2022/04/20
134.0000000  10.0000000   31.5428   5308.942 0.024   -2.2   -5.4 2.41 0.006  55   0 16:13:42     44639.67510    0.0000  2022/04/20
134.0000000  10.0000000   31.7869   5308.942 0.031   -2.2   -5.5 2.41 0.005  55   0 16:14:42     44639.67579    0.0000  2022/04/20
134.0000000  10.0000000   31.5428   5308.942 0.033   -2.4   -5.5 2.41 0.005  55   0 16:15:42     44639.67649    0.0000  2022/04/20
134.0000000  10.0000000   31.5428   5308.941 0.030   -2.4   -5.6 2.41 0.004  55   0 16:16:42     44639.67718    0.0000  2022/04/20
134.0000000  10.0000000   31.5428   5308.944 0.033   -2.4   -5.7 2.40 0.004  55   0 16:17:42     44639.67787    0.0000  2022/04/20
134.0000000  10.0000000   31.5428   5308.943 0.036   -2.4   -5.8 2.41 0.003  55   0 16:18:42     44639.67857    0.0000  2022/04/20
134.0000000  10.0000000   31.7869   5308.943 0.040   -2.5   -5.9 2.41 0.003  55   0 16:19:42     44639.67926    0.0000  2022/04/20
134.0000000  10.0000000   31.5428   5308.943 0.048   -2.5   -5.9 2.41 0.002  55   0 16:20:42     44639.67995    0.0000  2022/04/20
134.0000000  10.0000000   31.5428   5308.944 0.111   -2.5   -6.1 2.41 0.002  55   0 16:21:42     44639.68065    0.0000  2022/04/20
134.0000000  10.0000000   31.7869   5308.943 0.038   -2.5   -6.1 2.41 0.001  55   1 16:22:42     44639.68134    0.0000  2022/04/20
134.0000000  10.0000000   31.5428   5308.943 0.053   -2.5   -6.1 2.41 0.001  55   1 16:23:42     44639.68203    0.0000  2022/04/20
134.0000000  10.0000000   30.0779   5308.943 0.047   -2.6   -6.2 2.41 0.000  55   0 16:24:43     44639.68274    0.0000  2022/04/20
