
/	CG-5 SURVEY
/	Survey name:   	pbz
/	Instrument S/N:	49459
/	Client:        	geoken
/	Operator:      	kalen
/	Date:          	2019/ 5/23
/	Time:          	08:33:21
/	LONG:        	77.1000000 E
/	LAT:         	43.7000000 N
/	ZONE:        	43      
/	GMT DIFF.:   	-6.0

/	CG-5 SETUP PARAMETERS
/	Gref:			1500.000
/	Gcal1:		8925.088
/	TiltxS:		659.143 
/	TiltyS:		644.285 
/	TiltxO:		3.573   
/	TiltyO:		-31.974 
/	Tempco:		-0.121  
/	Drift:		0.426   
/	DriftTime Start:	08:33:23
/	DriftDate Start:	2019/05/23

/	CG-5 OPTIONS
/	Tide Correction:    YES
/	Cont. Tilt:         YES
/	Auto Rejection:     YES
/	Terrain Corr.:       NO
/	Seismic Filter:     YES
/	Raw Data:           YES
Line	   0.000S
/------LINE-----STATION-----ALT.------GRAV.---SD.--TILTX--TILTY-TEMP---TIDE---DUR-REJ-----TIME----DEC.TIME+DATE--TERRAIN---DATE
 0.0000000  10.0000000   27.3924   5378.112 0.012   -2.6   -2.6 -3.79 -0.055  40   0 08:54:58     43577.37091    0.0000  2019/05/23
 0.0000000  10.0000000   27.6365   5378.113 0.011   -3.0   -3.1 -3.80 -0.055  40   0 08:55:47     43577.37148    0.0000  2019/05/23
 0.0000000  10.0000000   27.3924   5378.114 0.009   -3.8   -3.4 -3.81 -0.055  40   0 08:56:31     43577.37198    0.0000  2019/05/23
 0.0000000  10.0000000   27.3924   5378.113 0.009   -3.9   -3.8 -3.82 -0.054  40   0 08:57:15     43577.37249    0.0000  2019/05/23
 0.0000000  10.0000000   27.3924   5378.114 0.013   -5.1   -3.9 -3.84 -0.054  40   0 08:57:59     43577.37300    0.0000  2019/05/23
 0.0000000  10.0000000   27.3924   5378.116 0.019   -4.9   -4.3 -3.85 -0.054  40   0 08:58:43     43577.37351    0.0000  2019/05/23
Line	   1.000N
/------LINE-----STATION-----ALT.------GRAV.---SD.--TILTX--TILTY-TEMP---TIDE---DUR-REJ-----TIME----DEC.TIME+DATE--TERRAIN---DATE
 1.0000000  10.0000000   26.9041   5379.623 0.012   -0.7   -2.0 -3.94 -0.049  40   0 09:15:29     43577.38514    0.0000  2019/05/23
 1.0000000  10.0000000   26.9041   5379.623 0.008   -0.7   -2.6 -3.94 -0.049  40   0 09:16:18     43577.38570    0.0000  2019/05/23
 1.0000000  10.0000000   26.9041   5379.625 0.012   -0.8   -3.0 -3.95 -0.049  40   0 09:17:02     43577.38621    0.0000  2019/05/23
 1.0000000  10.0000000   26.9041   5379.624 0.007   -0.6   -3.4 -3.95 -0.048  40   0 09:17:46     43577.38672    0.0000  2019/05/23
 1.0000000  10.0000000   26.9041   5379.624 0.009   -0.5   -3.9 -3.95 -0.048  40   0 09:18:30     43577.38723    0.0000  2019/05/23
 1.0000000  10.0000000   26.6600   5379.623 0.009   -0.6   -4.0 -3.96 -0.048  40   0 09:19:14     43577.38774    0.0000  2019/05/23
 1.0000000   1.0000000   25.9275   5397.714 0.007   -1.8    0.8 -3.83 -0.041  40   0 09:38:30     43577.40109    0.0000  2019/05/23
 1.0000000   1.0000000   25.9275   5397.713 0.007   -1.6    0.5 -3.82 -0.041  40   0 09:39:19     43577.40166    0.0000  2019/05/23
 1.0000000   1.0000000   25.6834   5397.715 0.009   -1.5    0.8 -3.82 -0.040  40   0 09:40:03     43577.40217    0.0000  2019/05/23
 1.0000000   1.0000000   25.4393   5397.715 0.009   -1.3    0.4 -3.82 -0.040  40   0 09:40:47     43577.40268    0.0000  2019/05/23
 1.0000000   1.0000000   25.4393   5397.715 0.008   -1.1   -0.1 -3.82 -0.040  40   0 09:41:31     43577.40318    0.0000  2019/05/23
 1.0000000   1.0000000   25.4393   5397.714 0.010   -0.9   -0.4 -3.81 -0.040  40   0 09:42:15     43577.40369    0.0000  2019/05/23
 1.0000000   2.0000000   25.1951   5379.629 0.011   -0.4    0.4 -3.62 -0.033  40   9 09:58:32     43577.41498    0.0000  2019/05/23
 1.0000000   2.0000000   25.4393   5379.630 0.015   -0.3    1.0 -3.62 -0.033  40   0 09:59:21     43577.41555    0.0000  2019/05/23
 1.0000000   2.0000000   25.4393   5379.630 0.012   -0.5    1.3 -3.62 -0.032  40   0 10:00:05     43577.41606    0.0000  2019/05/23
 1.0000000   2.0000000   25.1951   5379.630 0.007   -0.6    1.3 -3.61 -0.032  40   0 10:00:49     43577.41657    0.0000  2019/05/23
 1.0000000   2.0000000   25.1951   5379.630 0.007   -0.4    1.1 -3.62 -0.032  40   1 10:01:33     43577.41707    0.0000  2019/05/23
 1.0000000   2.0000000   25.4393   5379.629 0.012    0.0    0.8 -3.62 -0.032  40   5 10:02:17     43577.41758    0.0000  2019/05/23
 1.0000000   1.0000000   25.6834   5397.729 0.011    0.6   -0.7 -3.66 -0.025  40   0 10:16:49     43577.42766    0.0000  2019/05/23
 1.0000000   1.0000000   25.6834   5397.728 0.010    1.6   -0.4 -3.66 -0.025  40   0 10:17:38     43577.42823    0.0000  2019/05/23
 1.0000000   1.0000000   25.4393   5397.728 0.014    2.4    0.3 -3.66 -0.024  40   0 10:18:22     43577.42873    0.0000  2019/05/23
 1.0000000   1.0000000   25.4393   5397.728 0.009    2.9   -0.8 -3.67 -0.024  40   0 10:19:06     43577.42924    0.0000  2019/05/23
 1.0000000   1.0000000   25.1951   5397.727 0.012    3.4   -0.9 -3.67 -0.024  40   0 10:19:50     43577.42975    0.0000  2019/05/23
 1.0000000   1.0000000   25.1951   5397.727 0.010    3.5   -0.5 -3.67 -0.024  40   0 10:20:34     43577.43026    0.0000  2019/05/23
 1.0000000   2.0000000   25.6834   5379.637 0.009   -1.4    0.9 -3.66 -0.015  40   0 10:36:41     43577.44143    0.0000  2019/05/23
 1.0000000   2.0000000   25.6834   5379.638 0.008   -1.2    1.5 -3.66 -0.015  40   0 10:37:30     43577.44200    0.0000  2019/05/23
 1.0000000   2.0000000   25.6834   5379.637 0.013   -1.4    1.2 -3.66 -0.015  40   0 10:38:14     43577.44251    0.0000  2019/05/23
 1.0000000   2.0000000   25.6834   5379.636 0.007   -1.5    1.3 -3.66 -0.014  40   0 10:38:58     43577.44302    0.0000  2019/05/23
 1.0000000   2.0000000   25.6834   5379.638 0.008   -1.6    1.4 -3.67 -0.014  40   0 10:39:42     43577.44353    0.0000  2019/05/23
 1.0000000   2.0000000   25.6834   5379.636 0.007   -1.9    1.4 -3.67 -0.014  40   0 10:40:26     43577.44403    0.0000  2019/05/23
 1.0000000   2.0999999   25.9275   5367.737 0.015    0.3    1.7 -3.73 -0.009  40   1 10:50:29     43577.45100    0.0000  2019/05/23
 1.0000000   2.0999999   25.9275   5367.739 0.014    0.5    2.6 -3.72 -0.008  40   3 10:51:18     43577.45157    0.0000  2019/05/23
 1.0000000   2.0999999   25.6834   5367.740 0.012    0.5    2.7 -3.71 -0.008  40   0 10:52:02     43577.45208    0.0000  2019/05/23
 1.0000000   2.0999999   26.1717   5367.739 0.017    0.6    2.7 -3.71 -0.007  40   2 10:52:46     43577.45258    0.0000  2019/05/23
 1.0000000   2.0999999   25.6834   5367.740 0.012    0.8    2.3 -3.70 -0.007  40   0 10:53:30     43577.45309    0.0000  2019/05/23
 1.0000000   2.0999999   25.6834   5367.739 0.012    1.0    1.8 -3.70 -0.007  40   0 10:54:14     43577.45360    0.0000  2019/05/23
 1.0000000   2.0000000   25.6834   5379.634 0.011   -2.3    0.0 -3.73 -0.002  40   0 11:04:18     43577.46058    0.0000  2019/05/23
 1.0000000   2.0000000   25.9275   5379.635 0.013   -2.5    0.4 -3.72 -0.001  40   0 11:05:07     43577.46115    0.0000  2019/05/23
 1.0000000   2.0000000   25.6834   5379.634 0.014   -2.3    0.2 -3.72 0.000  40   2 11:05:51     43577.46166    0.0000  2019/05/23
 1.0000000   2.0000000   25.6834   5379.634 0.009   -2.3    0.2 -3.71 0.000  40   0 11:06:35     43577.46216    0.0000  2019/05/23
 1.0000000   2.0000000   25.6834   5379.636 0.009   -2.5    0.1 -3.71 0.000  40   0 11:07:19     43577.46267    0.0000  2019/05/23
 1.0000000   2.0000000   25.6834   5379.634 0.008   -2.6   -0.2 -3.71 0.000  40   1 11:08:03     43577.46318    0.0000  2019/05/23
 1.0000000   2.0999999   26.1717   5367.745 0.014    1.1   -0.4 -3.81 0.004  40   2 11:17:07     43577.46947    0.0000  2019/05/23
 1.0000000   2.0999999   26.1717   5367.742 0.018    0.9    0.2 -3.81 0.005  40   0 11:17:56     43577.47003    0.0000  2019/05/23
 1.0000000   2.0999999   26.1717   5367.746 0.014    1.0    0.5 -3.81 0.006  40   1 11:18:40     43577.47054    0.0000  2019/05/23
 1.0000000   2.0999999   26.1717   5367.741 0.018    0.8    0.6 -3.81 0.006  40   0 11:19:24     43577.47105    0.0000  2019/05/23
 1.0000000   2.0999999   26.1717   5367.739 0.022    0.7    0.4 -3.81 0.006  40   0 11:20:08     43577.47156    0.0000  2019/05/23
 1.0000000   2.0999999   25.9275   5367.743 0.016    0.6    0.4 -3.81 0.007  40   0 11:20:52     43577.47207    0.0000  2019/05/23
 1.0000000   2.0999999   25.9275   5367.742 0.021    0.5    0.2 -3.82 0.007  40   0 11:21:36     43577.47258    0.0000  2019/05/23
 1.0000000   2.0999999   25.9275   5367.741 0.020    0.5    0.0 -3.83 0.007  40   0 11:22:21     43577.47310    0.0000  2019/05/23
 1.0000000   3.0000000   25.9275   5356.000 0.021    2.0    0.7 -3.65 0.012  40   0 11:30:46     43577.47893    0.0000  2019/05/23
 1.0000000   3.0000000   25.9275   5356.000 0.021    2.2    1.3 -3.63 0.012  40   0 11:31:35     43577.47950    0.0000  2019/05/23
 1.0000000   3.0000000   25.9275   5356.001 0.021    2.4    1.6 -3.61 0.013  40   0 11:32:19     43577.48001    0.0000  2019/05/23
 1.0000000   3.0000000   25.9275   5356.000 0.021    2.4    1.6 -3.59 0.013  40   0 11:33:03     43577.48051    0.0000  2019/05/23
 1.0000000   3.0000000   25.9275   5356.001 0.015    2.3    1.2 -3.58 0.014  40   0 11:33:47     43577.48102    0.0000  2019/05/23
 1.0000000   3.0000000   25.9275   5356.002 0.012    2.5    1.1 -3.57 0.014  40   0 11:34:31     43577.48153    0.0000  2019/05/23
 1.0000000   3.0000000   25.9275   5356.001 0.017    2.3    0.8 -3.57 0.014  40   0 11:35:15     43577.48204    0.0000  2019/05/23
 1.0000000   3.0000000   25.9275   5356.004 0.026    2.3    0.7 -3.57 0.015  40   0 11:36:00     43577.48256    0.0000  2019/05/23
 1.0000000   2.0999999   26.4158   5367.739 0.040   -1.0   -0.1 -3.61 0.019  40   1 11:43:41     43577.48789    0.0000  2019/05/23
 1.0000000   2.0999999   26.4158   5367.740 0.012   -1.2    0.4 -3.61 0.019  40   1 11:44:30     43577.48845    0.0000  2019/05/23
 1.0000000   2.0999999   26.4158   5367.739 0.015   -1.0    0.6 -3.60 0.020  40   0 11:45:14     43577.48896    0.0000  2019/05/23
 1.0000000   2.0999999   26.4158   5367.737 0.020   -1.3    0.6 -3.59 0.020  40   0 11:45:58     43577.48947    0.0000  2019/05/23
 1.0000000   2.0999999   26.4158   5367.740 0.015   -1.2    0.5 -3.59 0.021  40   0 11:46:42     43577.48998    0.0000  2019/05/23
 1.0000000   2.0999999   26.1717   5367.738 0.016   -1.5    0.2 -3.58 0.021  40   0 11:47:26     43577.49049    0.0000  2019/05/23
 1.0000000   3.0000000   26.4158   5355.966 0.014   -0.2    0.7 -3.62 0.026  40   2 11:55:36     43577.49615    0.0000  2019/05/23
 1.0000000   3.0000000   26.4158   5355.968 0.017    0.2    1.0 -3.62 0.026  40   0 11:56:25     43577.49672    0.0000  2019/05/23
 1.0000000   3.0000000   26.4158   5355.972 0.015    0.5    1.2 -3.61 0.026  40   0 11:57:09     43577.49722    0.0000  2019/05/23
 1.0000000   3.0000000   26.4158   5355.975 0.015    0.6    0.8 -3.61 0.027  40   0 11:57:53     43577.49773    0.0000  2019/05/23
 1.0000000   3.0000000   26.1717   5355.973 0.017    1.0    0.6 -3.60 0.027  40   5 11:58:37     43577.49824    0.0000  2019/05/23
 1.0000000   3.0000000   26.4158   5355.974 0.022    0.6    0.4 -3.60 0.027  40   0 11:59:21     43577.49875    0.0000  2019/05/23
 1.0000000   3.0000000   26.1717   5355.977 0.013    1.1    0.4 -3.60 0.028  40   0 12:00:05     43577.49926    0.0000  2019/05/23
 1.0000000   3.0000000   26.6600   5355.977 0.027    1.6    0.0 -3.60 0.028  40   0 12:00:50     43577.49978    0.0000  2019/05/23
 1.0000000   3.0000000   26.4158   5355.976 0.016    1.2    0.3 -3.61 0.029  40   0 12:01:55     43577.50053    0.0000  2019/05/23
 1.0000000   3.0000000   26.4158   5355.975 0.014    1.5    0.0 -3.62 0.030  40   0 12:02:44     43577.50110    0.0000  2019/05/23
 1.0000000   3.0000000   26.6600   5355.977 0.015    1.8   -0.3 -3.62 0.030  40   0 12:03:28     43577.50160    0.0000  2019/05/23
 1.0000000   3.0000000   26.9041   5355.977 0.020    1.7   -0.6 -3.63 0.030  40   1 12:04:12     43577.50211    0.0000  2019/05/23
 1.0000000   3.0000000   26.6600   5355.979 0.018    1.8   -0.7 -3.63 0.031  40   1 12:04:56     43577.50262    0.0000  2019/05/23
 1.0000000   3.0000000   26.9041   5355.976 0.017    2.0   -0.9 -3.64 0.031  40   0 12:05:40     43577.50313    0.0000  2019/05/23
 1.0000000   3.0000000   26.9041   5355.978 0.016    2.2   -0.9 -3.65 0.031  40   0 12:06:24     43577.50364    0.0000  2019/05/23
 1.0000000   3.0000000   26.9041   5355.977 0.016    2.2   -1.0 -3.65 0.032  40   0 12:07:09     43577.50416    0.0000  2019/05/23
 1.0000000   4.0000000   27.8807   5335.009 0.034    3.6   -0.1 -3.68 0.037  40   1 12:16:54     43577.51092    0.0000  2019/05/23
 1.0000000   4.0000000   28.1248   5335.010 0.026    4.3    0.0 -3.68 0.038  40   0 12:17:43     43577.51148    0.0000  2019/05/23
 1.0000000   4.0000000   28.3689   5335.010 0.023    4.6   -0.5 -3.67 0.038  40   0 12:18:27     43577.51199    0.0000  2019/05/23
 1.0000000   4.0000000   28.8572   5335.007 0.042    4.7   -0.7 -3.67 0.038  40   1 12:19:11     43577.51250    0.0000  2019/05/23
 1.0000000   4.0000000   28.8572   5335.009 0.028    4.6   -1.4 -3.67 0.039  40   0 12:19:55     43577.51301    0.0000  2019/05/23
 1.0000000   4.0000000   29.1014   5335.009 0.034    4.8   -1.7 -3.68 0.039  40   0 12:20:39     43577.51352    0.0000  2019/05/23
 1.0000000   4.0000000   29.5896   5335.008 0.026    4.8   -2.8 -3.68 0.039  40   0 12:21:23     43577.51403    0.0000  2019/05/23
 1.0000000   4.0000000   29.5896   5335.005 0.019    4.7   -2.9 -3.69 0.040  40   0 12:22:08     43577.51455    0.0000  2019/05/23
 1.0000000   3.0000000   31.7869   5355.996 0.031    1.6    0.1 -4.04 0.048  40   2 12:37:49     43577.52542    0.0000  2019/05/23
 1.0000000   3.0000000   31.7869   5355.996 0.019    2.8    0.2 -4.06 0.048  40   0 12:38:38     43577.52599    0.0000  2019/05/23
 1.0000000   3.0000000   31.7869   5355.997 0.011    5.1    0.5 -4.08 0.049  40   0 12:39:22     43577.52649    0.0000  2019/05/23
 1.0000000   3.0000000   31.5428   5355.994 0.010    6.3    0.1 -4.10 0.049  40   0 12:40:06     43577.52700    0.0000  2019/05/23
 1.0000000   3.0000000   31.2986   5355.994 0.029    7.3   -0.6 -4.13 0.050  40   2 12:40:50     43577.52751    0.0000  2019/05/23
 1.0000000   3.0000000   31.2986   5355.995 0.018    7.9   -0.7 -4.15 0.050  40   0 12:41:34     43577.52802    0.0000  2019/05/23
 1.0000000   3.0000000   31.0545   5355.994 0.020    8.5   -0.1 -4.17 0.050  40   0 12:42:18     43577.52853    0.0000  2019/05/23
 1.0000000   3.0000000   30.8103   5355.994 0.012    8.8    0.0 -4.19 0.051  40   0 12:43:03     43577.52905    0.0000  2019/05/23
 1.0000000   4.0000000   31.0545   5335.016 0.038   -0.2   -0.2 -4.32 0.056  40   0 12:53:40     43577.53641    0.0000  2019/05/23
 1.0000000   4.0000000   31.0545   5335.017 0.032   -0.4   -0.3 -4.31 0.056  40   0 12:54:29     43577.53698    0.0000  2019/05/23
 1.0000000   4.0000000   31.2986   5335.016 0.029   -0.5   -0.7 -4.30 0.057  40   0 12:55:13     43577.53748    0.0000  2019/05/23
 1.0000000   4.0000000   31.5428   5335.019 0.024   -1.0   -0.8 -4.30 0.057  40   0 12:55:57     43577.53799    0.0000  2019/05/23
 1.0000000   4.0000000   31.5428   5335.018 0.034   -1.6   -0.5 -4.30 0.058  40   0 12:56:41     43577.53850    0.0000  2019/05/23
 1.0000000   4.0000000   31.7869   5335.017 0.016   -2.2   -1.0 -4.30 0.058  40   0 12:57:25     43577.53901    0.0000  2019/05/23
 1.0000000   4.0000000   31.7869   5335.017 0.021   -2.6   -1.9 -4.31 0.058  40   0 12:58:09     43577.53952    0.0000  2019/05/23
 1.0000000   4.0000000   32.0310   5335.017 0.013   -3.3   -2.2 -4.31 0.059  40   0 12:58:54     43577.54004    0.0000  2019/05/23
 1.0000000   5.0000000   33.4959   5316.893 0.023   -2.4   -0.3 -4.48 0.064  40   0 13:09:37     43577.54747    0.0000  2019/05/23
 1.0000000   5.0000000   33.4959   5316.894 0.015   -2.3   -0.1 -4.49 0.064  40   0 13:10:26     43577.54803    0.0000  2019/05/23
 1.0000000   5.0000000   33.0076   5316.894 0.027   -2.2    0.2 -4.50 0.064  40   0 13:11:10     43577.54854    0.0000  2019/05/23
 1.0000000   5.0000000   32.7635   5316.894 0.019   -2.3    0.3 -4.51 0.065  40   0 13:11:54     43577.54905    0.0000  2019/05/23
 1.0000000   5.0000000   32.7635   5316.895 0.022   -2.1    0.0 -4.52 0.065  40   0 13:12:38     43577.54956    0.0000  2019/05/23
 1.0000000   5.0000000   32.5193   5316.895 0.017   -2.2   -0.2 -4.54 0.065  40   0 13:13:22     43577.55007    0.0000  2019/05/23
 1.0000000   4.0000000   31.7869   5335.018 0.021   -3.8    0.1 -4.58 0.070  40   2 13:24:07     43577.55752    0.0000  2019/05/23
 1.0000000   4.0000000   31.7869   5335.020 0.017   -6.3    0.2 -4.57 0.070  40   0 13:24:56     43577.55809    0.0000  2019/05/23
 1.0000000   4.0000000   32.0310   5335.021 0.014   -7.8    0.1 -4.56 0.071  40   0 13:25:40     43577.55860    0.0000  2019/05/23
 1.0000000   4.0000000   32.2752   5335.020 0.023   -9.1    0.3 -4.55 0.071  40   0 13:26:24     43577.55910    0.0000  2019/05/23
 1.0000000   4.0000000   32.5193   5335.021 0.017   -9.5   -0.2 -4.54 0.071  40   0 13:27:08     43577.55961    0.0000  2019/05/23
 1.0000000   4.0000000   32.5193   5335.020 0.019  -10.4   -0.5 -4.54 0.072  40   0 13:27:52     43577.56012    0.0000  2019/05/23
 1.0000000   4.0000000   32.7635   5335.020 0.027  -11.0   -1.0 -4.54 0.072  40   0 13:28:36     43577.56063    0.0000  2019/05/23
 1.0000000   4.0000000   33.0076   5335.021 0.025  -11.3   -0.1 -4.54 0.072  40   0 13:29:21     43577.56115    0.0000  2019/05/23
 1.0000000   5.0000000   34.2283   5316.893 0.033   -0.2    0.1 -4.68 0.076  40   0 13:39:33     43577.56822    0.0000  2019/05/23
 1.0000000   5.0000000   33.9842   5316.895 0.028    0.9    0.1 -4.70 0.076  40   0 13:40:22     43577.56879    0.0000  2019/05/23
 1.0000000   5.0000000   33.7400   5316.893 0.029    1.5    0.1 -4.73 0.077  40   0 13:41:06     43577.56930    0.0000  2019/05/23
 1.0000000   5.0000000   33.7400   5316.896 0.024    1.9   -0.1 -4.75 0.077  40   1 13:41:50     43577.56980    0.0000  2019/05/23
 1.0000000   5.0000000   33.4959   5316.895 0.027    2.4   -0.9 -4.78 0.077  40   0 13:42:34     43577.57031    0.0000  2019/05/23
 1.0000000   5.0000000   33.4959   5316.892 0.025    2.8   -1.2 -4.80 0.077  40   0 13:43:18     43577.57082    0.0000  2019/05/23
 1.0000000   5.0000000   33.2517   5316.893 0.025    2.6   -1.0 -4.83 0.078  40   0 13:44:02     43577.57133    0.0000  2019/05/23
 1.0000000   5.0000000   33.0076   5316.894 0.021    2.9   -1.3 -4.85 0.078  40   0 13:44:47     43577.57185    0.0000  2019/05/23
 1.0000000   6.0000000   32.2752   5296.839 0.033    0.0    0.0 -4.78 0.082  40   5 13:55:33     43577.57931    0.0000  2019/05/23
 1.0000000   6.0000000   32.0310   5296.841 0.022    1.0    0.5 -4.77 0.082  40   0 13:56:22     43577.57988    0.0000  2019/05/23
 1.0000000   6.0000000   31.7869   5296.842 0.036    1.7    0.6 -4.75 0.082  40   4 13:57:06     43577.58039    0.0000  2019/05/23
 1.0000000   6.0000000   31.7869   5296.842 0.018    1.9    0.4 -4.74 0.083  40  11 13:57:50     43577.58090    0.0000  2019/05/23
 1.0000000   6.0000000   31.5428   5296.844 0.030    2.3    0.0 -4.73 0.083  40   6 13:58:34     43577.58141    0.0000  2019/05/23
 1.0000000   6.0000000   31.5428   5296.841 0.043    2.4    0.1 -4.72 0.083  40   2 13:59:18     43577.58191    0.0000  2019/05/23
 1.0000000   6.0000000   31.2986   5296.861 0.043    2.7    0.2 -4.72 0.083  40  10 14:00:02     43577.58242    0.0000  2019/05/23
 1.0000000   6.0000000   31.0545   5296.843 0.023    3.1    0.0 -4.71 0.084  40   4 14:00:47     43577.58294    0.0000  2019/05/23
 1.0000000   5.0000000   30.5662   5316.892 0.025   -2.0    2.0 -4.50 0.087  40   0 14:12:00     43577.59072    0.0000  2019/05/23
 1.0000000   5.0000000   30.8103   5316.894 0.025   -2.0    2.6 -4.48 0.087  40   0 14:12:49     43577.59129    0.0000  2019/05/23
 1.0000000   5.0000000   30.5662   5316.893 0.032   -1.7    2.7 -4.46 0.087  40   0 14:13:33     43577.59179    0.0000  2019/05/23
 1.0000000   5.0000000   30.5662   5316.892 0.041   -2.0    2.4 -4.44 0.088  40   0 14:14:17     43577.59230    0.0000  2019/05/23
 1.0000000   5.0000000   30.5662   5316.894 0.026   -2.2    2.3 -4.43 0.088  40   0 14:15:01     43577.59281    0.0000  2019/05/23
 1.0000000   5.0000000   30.5662   5316.890 0.031   -2.5    2.2 -4.41 0.088  40   0 14:15:45     43577.59332    0.0000  2019/05/23
 1.0000000   5.0000000   30.3221   5316.896 0.040   -2.4    1.6 -4.41 0.088  40   0 14:16:29     43577.59383    0.0000  2019/05/23
 1.0000000   5.0000000   30.3221   5316.881 0.051   -2.8    1.2 -4.40 0.088  40   0 14:17:14     43577.59435    0.0000  2019/05/23
 1.0000000   6.0000000   30.3221   5296.829 0.054   -1.8   -1.8 -4.33 0.091  40   0 14:27:24     43577.60140    0.0000  2019/05/23
 1.0000000   6.0000000   30.3221   5296.844 0.045   -1.3   -1.1 -4.31 0.091  40   0 14:28:13     43577.60196    0.0000  2019/05/23
 1.0000000   6.0000000   30.0779   5296.845 0.051   -1.6   -1.1 -4.30 0.091  40   0 14:28:57     43577.60247    0.0000  2019/05/23
 1.0000000   6.0000000   30.0779   5296.849 0.029   -1.6   -0.9 -4.29 0.092  40   1 14:29:41     43577.60298    0.0000  2019/05/23
 1.0000000   6.0000000   29.8338   5296.848 0.033   -1.6   -1.6 -4.28 0.092  40   0 14:30:25     43577.60349    0.0000  2019/05/23
 1.0000000   6.0000000   30.0779   5296.846 0.026   -1.5   -2.2 -4.28 0.092  40   0 14:31:09     43577.60400    0.0000  2019/05/23
 1.0000000   6.0000000   29.8338   5296.845 0.030   -1.3   -2.8 -4.28 0.092  40   1 14:31:53     43577.60451    0.0000  2019/05/23
 1.0000000   5.0000000   29.8338   5316.898 0.049   -0.4    2.8 -4.24 0.094  40   0 14:42:13     43577.61167    0.0000  2019/05/23
 1.0000000   5.0000000   29.8338   5316.900 0.078    0.3    4.2 -4.22 0.094  40   3 14:43:02     43577.61224    0.0000  2019/05/23
 1.0000000   5.0000000   29.8338   5316.900 0.031    0.6    4.7 -4.21 0.094  40   0 14:43:46     43577.61274    0.0000  2019/05/23
 1.0000000   5.0000000   29.5896   5316.893 0.034    0.6    4.7 -4.20 0.094  40   0 14:44:30     43577.61325    0.0000  2019/05/23
 1.0000000   5.0000000   29.5896   5316.899 0.020    0.7    5.0 -4.20 0.095  40   0 14:45:14     43577.61376    0.0000  2019/05/23
 1.0000000   5.0000000   29.5896   5316.900 0.021    0.7    4.7 -4.19 0.095  40   0 14:45:58     43577.61427    0.0000  2019/05/23
 1.0000000   5.0000000   29.5896   5316.895 0.022    0.8    4.5 -4.19 0.095  40   0 14:46:42     43577.61478    0.0000  2019/05/23
 1.0000000   5.0000000   29.3455   5316.899 0.020    0.7    4.3 -4.19 0.095  40   0 14:47:27     43577.61530    0.0000  2019/05/23
 1.0000000   6.0000000   29.5896   5296.854 0.057   -1.4    0.7 -4.14 0.097  40   0 14:59:10     43577.62342    0.0000  2019/05/23
 1.0000000   6.0000000   29.5896   5296.855 0.073   -2.5    1.0 -4.13 0.097  40   1 15:00:00     43577.62400    0.0000  2019/05/23
 1.0000000   6.0000000   29.5896   5296.853 0.054   -1.5    0.7 -4.13 0.097  40   0 15:00:44     43577.62451    0.0000  2019/05/23
 1.0000000   6.0000000   29.5896   5296.854 0.048   -1.7    0.7 -4.12 0.097  40   0 15:01:28     43577.62502    0.0000  2019/05/23
 1.0000000   6.0000000   29.3455   5296.853 0.037   -1.3    0.3 -4.12 0.097  40   0 15:02:12     43577.62553    0.0000  2019/05/23
 1.0000000   6.0000000   29.3455   5296.852 0.040   -1.6    0.1 -4.13 0.097  40   1 15:02:56     43577.62603    0.0000  2019/05/23
 1.0000000   6.0000000   29.3455   5296.854 0.030   -1.6    0.0 -4.13 0.097  40   0 15:03:40     43577.62654    0.0000  2019/05/23
 1.0000000   5.0000000   29.3455   5316.904 0.022   -2.0    2.9 -4.11 0.098  40   0 15:15:03     43577.63443    0.0000  2019/05/23
 1.0000000   5.0000000   29.3455   5316.905 0.022   -1.7    4.0 -4.10 0.098  40   0 15:15:52     43577.63500    0.0000  2019/05/23
 1.0000000   5.0000000   29.3455   5316.909 0.023   -1.2    4.6 -4.10 0.098  40   0 15:16:36     43577.63551    0.0000  2019/05/23
 1.0000000   5.0000000   29.3455   5316.907 0.023   -0.8    4.6 -4.09 0.098  40   0 15:17:20     43577.63602    0.0000  2019/05/23
 1.0000000   5.0000000   29.3455   5316.907 0.024   -0.4    4.2 -4.09 0.098  40   0 15:18:04     43577.63653    0.0000  2019/05/23
 1.0000000   5.0000000   29.3455   5316.906 0.018    0.0    4.0 -4.09 0.098  40   0 15:18:48     43577.63703    0.0000  2019/05/23
 1.0000000   5.0000000   29.3455   5316.901 0.029   -0.1    3.9 -4.09 0.098  40   0 15:19:32     43577.63754    0.0000  2019/05/23
 1.0000000   4.0000000   30.3221   5335.022 0.032   -0.4   -0.8 -4.14 0.099  40   0 15:29:27     43577.64442    0.0000  2019/05/23
 1.0000000   4.0000000   30.5662   5335.021 0.015   -0.4   -2.3 -4.14 0.099  40   0 15:30:16     43577.64498    0.0000  2019/05/23
 1.0000000   4.0000000   30.8103   5335.025 0.025   -1.0   -2.3 -4.14 0.099  40   1 15:31:00     43577.64549    0.0000  2019/05/23
 1.0000000   4.0000000   30.8103   5335.021 0.024   -0.6   -3.2 -4.13 0.099  40   1 15:31:44     43577.64600    0.0000  2019/05/23
 1.0000000   4.0000000   31.0545   5335.023 0.032   -0.6   -3.7 -4.14 0.099  40   1 15:32:28     43577.64651    0.0000  2019/05/23
 1.0000000   4.0000000   31.2986   5335.021 0.019   -0.7   -3.4 -4.14 0.099  40   0 15:33:12     43577.64702    0.0000  2019/05/23
 1.0000000   4.0000000   31.5428   5335.021 0.021   -0.1   -3.4 -4.15 0.099  40   0 15:33:56     43577.64753    0.0000  2019/05/23
 1.0000000   4.0000000   31.5428   5335.021 0.031   -0.1   -3.1 -4.16 0.098  40   0 15:34:41     43577.64805    0.0000  2019/05/23
 1.0000000   5.0000000   33.0076   5316.897 0.022    3.0   -1.3 -4.40 0.098  40   0 15:45:13     43577.65535    0.0000  2019/05/23
 1.0000000   5.0000000   33.0076   5316.891 0.024    5.1   -1.8 -4.41 0.098  40   0 15:46:02     43577.65592    0.0000  2019/05/23
 1.0000000   5.0000000   32.7635   5316.898 0.024    7.5   -1.7 -4.42 0.098  40   0 15:46:46     43577.65642    0.0000  2019/05/23
 1.0000000   5.0000000   32.5193   5316.898 0.028    8.9   -2.9 -4.44 0.098  40   0 15:47:30     43577.65693    0.0000  2019/05/23
 1.0000000   5.0000000   32.7635   5316.897 0.037    6.2   -4.3 -4.45 0.098  40   5 15:48:14     43577.65744    0.0000  2019/05/23
 1.0000000   5.0000000   32.7635   5316.900 0.021    7.1   -4.9 -4.47 0.098  40   0 15:48:58     43577.65795    0.0000  2019/05/23
 1.0000000   5.0000000   32.5193   5316.898 0.021    8.7   -5.5 -4.49 0.098  40   0 15:49:42     43577.65846    0.0000  2019/05/23
 1.0000000   5.0000000   32.5193   5316.898 0.024    8.9   -6.5 -4.50 0.098  40   0 15:50:27     43577.65898    0.0000  2019/05/23
 1.0000000   4.0000000   33.9842   5335.022 0.042   -3.1    0.3 -4.72 0.097  40   1 15:59:59     43577.66559    0.0000  2019/05/23
 1.0000000   4.0000000   34.2283   5335.021 0.034   -5.9    0.7 -4.72 0.097  40   0 16:00:48     43577.66615    0.0000  2019/05/23
 1.0000000   4.0000000   34.2283   5335.025 0.038   -6.5    1.9 -4.72 0.097  40  15 16:01:32     43577.66666    0.0000  2019/05/23
 1.0000000   4.0000000   34.4724   5335.024 0.026   -7.8    1.1 -4.73 0.097  40   0 16:02:16     43577.66717    0.0000  2019/05/23
 1.0000000   4.0000000   34.4724   5335.024 0.023   -9.5    0.1 -4.74 0.097  40   0 16:03:00     43577.66768    0.0000  2019/05/23
 1.0000000   4.0000000   34.7166   5335.023 0.024  -13.4   -1.1 -4.75 0.096  40   5 16:03:44     43577.66819    0.0000  2019/05/23
 1.0000000   4.0000000   34.9607   5335.022 0.048    2.3    0.0 -4.76 0.096  40  13 16:04:28     43577.66870    0.0000  2019/05/23
 1.0000000   4.0000000   34.7166   5335.022 0.020    2.5    0.8 -4.78 0.096  40   0 16:05:13     43577.66922    0.0000  2019/05/23
 1.0000000   3.0000000   35.2049   5355.999 0.018    2.2    0.4 -5.03 0.095  40   0 16:15:23     43577.67627    0.0000  2019/05/23
 1.0000000   3.0000000   34.9607   5356.000 0.022    1.5    0.7 -5.03 0.095  40   1 16:16:12     43577.67683    0.0000  2019/05/23
 1.0000000   3.0000000   34.7166   5356.004 0.018    1.5    0.7 -5.04 0.095  40   0 16:16:56     43577.67734    0.0000  2019/05/23
 1.0000000   3.0000000   34.4724   5356.001 0.019    1.0    0.0 -5.05 0.094  40   1 16:17:40     43577.67785    0.0000  2019/05/23
 1.0000000   3.0000000   34.4724   5356.000 0.018    0.4   -0.7 -5.06 0.094  40   0 16:18:24     43577.67836    0.0000  2019/05/23
 1.0000000   3.0000000   34.2283   5356.002 0.021    0.4   -0.8 -5.06 0.094  40   0 16:19:08     43577.67887    0.0000  2019/05/23
 1.0000000   3.0000000   34.2283   5356.000 0.016    1.0   -1.2 -5.07 0.094  40   1 16:19:52     43577.67937    0.0000  2019/05/23
 1.0000000   3.0000000   33.9842   5356.003 0.020    1.9   -1.5 -5.08 0.094  40   0 16:20:37     43577.67989    0.0000  2019/05/23
 1.0000000   4.0000000   33.9842   5335.013 0.037   -2.8    2.1 -5.06 0.092  40   1 16:30:03     43577.68643    0.0000  2019/05/23
 1.0000000   4.0000000   33.9842   5335.016 0.025   -5.8    1.8 -5.04 0.092  40   0 16:30:52     43577.68700    0.0000  2019/05/23
 1.0000000   4.0000000   33.9842   5335.018 0.029   -7.5    1.1 -5.02 0.092  40   0 16:31:36     43577.68751    0.0000  2019/05/23
 1.0000000   4.0000000   34.2283   5335.018 0.035   -7.4    0.7 -5.01 0.092  40   0 16:32:20     43577.68802    0.0000  2019/05/23
 1.0000000   4.0000000   34.4724   5335.019 0.037   -9.9    0.2 -4.99 0.091  40   0 16:33:04     43577.68853    0.0000  2019/05/23
 1.0000000   4.0000000   34.4724   5335.022 0.043  -10.7    0.2 -4.99 0.091  40   0 16:33:48     43577.68903    0.0000  2019/05/23
 1.0000000   4.0000000   34.9607   5335.019 0.023  -10.9   -0.2 -4.98 0.091  40   0 16:34:32     43577.68954    0.0000  2019/05/23
 1.0000000   4.0000000   34.9607   5335.019 0.035  -11.8   -0.6 -4.98 0.091  40   0 16:35:17     43577.69006    0.0000  2019/05/23
 1.0000000   3.0000000   35.9373   5356.001 0.023    2.3   -1.5 -5.12 0.088  40   0 16:46:59     43577.69818    0.0000  2019/05/23
 1.0000000   3.0000000   35.9373   5356.002 0.024    3.0   -2.0 -5.12 0.088  40   0 16:47:48     43577.69874    0.0000  2019/05/23
 1.0000000   3.0000000   35.9373   5356.005 0.028    2.7   -2.3 -5.13 0.088  40   3 16:48:32     43577.69925    0.0000  2019/05/23
 1.0000000   3.0000000   35.9373   5356.004 0.022    2.8   -2.8 -5.14 0.087  40   0 16:49:16     43577.69976    0.0000  2019/05/23
 1.0000000   3.0000000   35.9373   5356.004 0.025    2.2   -3.4 -5.15 0.087  40   0 16:50:00     43577.70027    0.0000  2019/05/23
 1.0000000   3.0000000   35.6931   5356.004 0.023    1.5   -4.0 -5.16 0.087  40   0 16:50:44     43577.70078    0.0000  2019/05/23
 1.0000000   3.0000000   35.6931   5356.005 0.031    1.5   -4.0 -5.17 0.087  40   2 16:51:28     43577.70128    0.0000  2019/05/23
 1.0000000   3.0000000   35.4490   5356.005 0.027    1.4   -4.3 -5.18 0.087  40   1 16:52:13     43577.70180    0.0000  2019/05/23
 1.0000000   2.0999999   34.4724   5367.756 0.020    1.4    3.2 -5.22 0.084  40   2 17:00:00     43577.70720    0.0000  2019/05/23
 1.0000000   2.0999999   34.2283   5367.757 0.010    1.3    3.9 -5.20 0.084  40   0 17:00:49     43577.70777    0.0000  2019/05/23
 1.0000000   2.0999999   34.2283   5367.758 0.012    2.6    3.9 -5.19 0.084  40   0 17:01:33     43577.70827    0.0000  2019/05/23
 1.0000000   2.0999999   33.9842   5367.755 0.014    2.9    3.5 -5.18 0.084  40   2 17:02:17     43577.70878    0.0000  2019/05/23
 1.0000000   2.0999999   33.9842   5367.757 0.025    2.7    3.7 -5.17 0.083  40   0 17:03:01     43577.70929    0.0000  2019/05/23
 1.0000000   2.0999999   33.7400   5367.756 0.016    3.0    3.2 -5.16 0.083  40   1 17:03:45     43577.70980    0.0000  2019/05/23
 1.0000000   2.0999999   33.4959   5367.757 0.024    3.0    3.3 -5.15 0.083  40   1 17:04:29     43577.71031    0.0000  2019/05/23
 1.0000000   3.0000000   32.2752   5356.018 0.031   -0.6   -1.7 -5.04 0.080  40   6 17:12:33     43577.71590    0.0000  2019/05/23
 1.0000000   3.0000000   32.5193   5356.018 0.014   -1.1   -1.4 -5.02 0.080  40   4 17:13:22     43577.71647    0.0000  2019/05/23
 1.0000000   3.0000000   32.5193   5356.016 0.012   -1.6   -1.4 -5.00 0.080  40   0 17:14:06     43577.71698    0.0000  2019/05/23
 1.0000000   3.0000000   32.5193   5356.018 0.013   -2.1   -1.7 -4.98 0.079  40   0 17:14:50     43577.71748    0.0000  2019/05/23
 1.0000000   3.0000000   32.5193   5356.018 0.012   -2.6   -2.1 -4.96 0.079  40   4 17:15:34     43577.71799    0.0000  2019/05/23
 1.0000000   3.0000000   32.5193   5356.018 0.018   -3.2   -2.2 -4.95 0.079  40   1 17:16:18     43577.71850    0.0000  2019/05/23
 1.0000000   3.0000000   32.2752   5356.020 0.027   -3.1   -2.6 -4.93 0.078  40   1 17:17:02     43577.71901    0.0000  2019/05/23
 1.0000000   2.0999999   32.0310   5367.770 0.016    1.8    1.1 -4.82 0.076  40   0 17:24:31     43577.72420    0.0000  2019/05/23
 1.0000000   2.0999999   31.7869   5367.769 0.019    2.4    1.3 -4.81 0.076  40   1 17:25:20     43577.72476    0.0000  2019/05/23
 1.0000000   2.0999999   31.5428   5367.769 0.016    2.5    1.1 -4.79 0.075  40   0 17:26:04     43577.72527    0.0000  2019/05/23
 1.0000000   2.0999999   31.5428   5367.771 0.024    2.7    1.1 -4.78 0.075  40   2 17:26:48     43577.72578    0.0000  2019/05/23
 1.0000000   2.0999999   31.2986   5367.769 0.022    3.0    0.7 -4.77 0.075  40   0 17:27:32     43577.72629    0.0000  2019/05/23
 1.0000000   2.0999999   31.2986   5367.769 0.020    3.2    0.3 -4.76 0.074  40   1 17:28:16     43577.72680    0.0000  2019/05/23
 1.0000000   2.0999999   31.0545   5367.768 0.022    3.1    0.0 -4.74 0.074  40   0 17:29:00     43577.72731    0.0000  2019/05/23
 1.0000000   2.0000000   30.3221   5379.648 0.023   -1.2   -1.6 -4.61 0.071  40   4 17:37:19     43577.73307    0.0000  2019/05/23
 1.0000000   2.0000000   30.3221   5379.650 0.019   -1.1   -0.6 -4.59 0.070  40   4 17:38:08     43577.73364    0.0000  2019/05/23
 1.0000000   2.0000000   30.5662   5379.651 0.009   -1.0   -0.3 -4.57 0.070  40   3 17:38:52     43577.73415    0.0000  2019/05/23
 1.0000000   2.0000000   30.3221   5379.653 0.016   -0.7   -0.3 -4.55 0.070  40   4 17:39:36     43577.73466    0.0000  2019/05/23
 1.0000000   2.0000000   30.0779   5379.653 0.012   -1.0   -0.4 -4.53 0.070  40   2 17:40:20     43577.73516    0.0000  2019/05/23
 1.0000000   2.0000000   30.3221   5379.651 0.015   -1.2   -0.7 -4.51 0.069  40   4 17:41:04     43577.73567    0.0000  2019/05/23
 1.0000000   2.0000000   30.3221   5379.654 0.020   -1.2   -1.3 -4.50 0.069  40   4 17:41:48     43577.73618    0.0000  2019/05/23
 1.0000000   2.0000000   30.0779   5379.654 0.010   -1.3   -1.5 -4.49 0.069  40   1 17:42:33     43577.73670    0.0000  2019/05/23
 1.0000000   2.0999999   30.0779   5367.765 0.014    0.1    0.0 -4.36 0.064  40   0 17:53:54     43577.74457    0.0000  2019/05/23
 1.0000000   2.0999999   30.0779   5367.763 0.023    0.7    0.4 -4.35 0.063  40   1 17:54:43     43577.74514    0.0000  2019/05/23
 1.0000000   2.0999999   30.0779   5367.762 0.020    0.5    0.6 -4.33 0.063  40   2 17:55:27     43577.74565    0.0000  2019/05/23
 1.0000000   2.0999999   30.0779   5367.762 0.013    0.1    0.8 -4.32 0.063  40   2 17:56:11     43577.74615    0.0000  2019/05/23
 1.0000000   2.0999999   30.3221   5367.760 0.015   -0.3    0.7 -4.31 0.062  40   0 17:56:55     43577.74666    0.0000  2019/05/23
 1.0000000   2.0999999   30.0779   5367.760 0.013   -0.3    0.6 -4.31 0.062  40   0 17:57:39     43577.74717    0.0000  2019/05/23
 1.0000000   2.0999999   29.8338   5367.760 0.017   -0.4    0.4 -4.30 0.062  40   3 17:58:23     43577.74768    0.0000  2019/05/23
 1.0000000   2.0000000   29.8338   5379.627 0.008   -1.0    0.7 -4.33 0.058  40   2 18:06:38     43577.75340    0.0000  2019/05/23
 1.0000000   2.0000000   29.8338   5379.629 0.013   -0.8    1.5 -4.32 0.058  40  17 18:07:27     43577.75397    0.0000  2019/05/23
 1.0000000   2.0000000   29.8338   5379.629 0.013   -0.5    1.7 -4.31 0.057  40  11 18:08:11     43577.75447    0.0000  2019/05/23
 1.0000000   2.0000000   29.8338   5379.629 0.008   -0.5    1.8 -4.30 0.057  40   7 18:08:55     43577.75498    0.0000  2019/05/23
 1.0000000   2.0000000   29.8338   5379.629 0.009   -0.4    1.8 -4.29 0.056  40   0 18:09:39     43577.75549    0.0000  2019/05/23
 1.0000000   2.0000000   29.8338   5379.630 0.013   -0.8    1.7 -4.29 0.056  40   3 18:10:23     43577.75600    0.0000  2019/05/23
 1.0000000   2.0000000   29.5896   5379.629 0.009   -0.7    1.4 -4.28 0.056  40  13 18:11:07     43577.75651    0.0000  2019/05/23
 1.0000000   2.0000000   29.5896   5379.632 0.010   -0.8    1.3 -4.28 0.055  40  11 18:11:52     43577.75703    0.0000  2019/05/23
 1.0000000   1.0000000   29.8338   5397.728 0.018    0.0    1.6 -4.19 0.045  40   0 18:33:29     43577.77202    0.0000  2019/05/23
 1.0000000   1.0000000   29.8338   5397.731 0.014    0.3    1.9 -4.19 0.044  40   0 18:34:18     43577.77258    0.0000  2019/05/23
 1.0000000   1.0000000   29.5896   5397.729 0.015    0.4    2.2 -4.19 0.044  40   1 18:35:02     43577.77309    0.0000  2019/05/23
 1.0000000   1.0000000   29.3455   5397.730 0.009    0.4    1.9 -4.20 0.043  40   3 18:35:46     43577.77360    0.0000  2019/05/23
 1.0000000   1.0000000   29.3455   5397.730 0.014    0.6    1.5 -4.20 0.043  40   5 18:36:30     43577.77411    0.0000  2019/05/23
 1.0000000   1.0000000   29.1014   5397.730 0.013    0.9    1.4 -4.20 0.043  40   4 18:37:14     43577.77462    0.0000  2019/05/23
 1.0000000   1.0000000   29.1014   5397.730 0.013    0.7    1.0 -4.21 0.042  40  15 18:37:58     43577.77512    0.0000  2019/05/23
 1.0000000   2.0000000   28.8572   5379.640 0.017    1.8    0.4 -4.13 0.036  40   9 18:50:55     43577.78410    0.0000  2019/05/23
 1.0000000   2.0000000   28.8572   5379.639 0.015    1.6    1.2 -4.12 0.035  40   4 18:51:44     43577.78467    0.0000  2019/05/23
 1.0000000   2.0000000   28.8572   5379.639 0.014    1.7    1.2 -4.11 0.035  40  11 18:52:28     43577.78518    0.0000  2019/05/23
 1.0000000   2.0000000   28.8572   5379.642 0.009    1.6    1.2 -4.10 0.035  40   0 18:53:12     43577.78569    0.0000  2019/05/23
 1.0000000   2.0000000   28.8572   5379.643 0.012    1.7    0.8 -4.10 0.034  40   2 18:53:56     43577.78619    0.0000  2019/05/23
 1.0000000   2.0000000   28.8572   5379.643 0.010    2.5    0.8 -4.10 0.034  40   3 18:54:40     43577.78670    0.0000  2019/05/23
 1.0000000   2.0000000   28.8572   5379.644 0.007    2.6    0.5 -4.10 0.034  40   0 18:55:24     43577.78721    0.0000  2019/05/23
 1.0000000  10.0000000   28.8572   5378.127 0.014    0.3    2.0 -4.11 0.027  40   1 19:08:07     43577.79603    0.0000  2019/05/23
 1.0000000  10.0000000   28.8572   5378.128 0.011    0.1    2.4 -4.10 0.026  40   1 19:08:56     43577.79659    0.0000  2019/05/23
 1.0000000  10.0000000   28.8572   5378.130 0.008    0.0    2.6 -4.10 0.026  40   0 19:09:40     43577.79710    0.0000  2019/05/23
 1.0000000  10.0000000   28.8572   5378.131 0.007    0.0    2.2 -4.09 0.026  40   0 19:10:24     43577.79761    0.0000  2019/05/23
 1.0000000  10.0000000   28.6131   5378.129 0.007    0.0    1.8 -4.09 0.025  40   0 19:11:08     43577.79812    0.0000  2019/05/23
 1.0000000  10.0000000   28.6131   5378.129 0.012    0.1    1.5 -4.09 0.025  40   4 19:11:52     43577.79863    0.0000  2019/05/23
 1.0000000  10.0000000   28.8572   5378.130 0.009   -0.1    1.2 -4.09 0.025  40   0 19:12:36     43577.79914    0.0000  2019/05/23
 1.0000000  10.0000000   28.6131   5378.131 0.015    0.0    0.9 -4.09 0.024  40   5 19:13:21     43577.79966    0.0000  2019/05/23