
/	CG-5 SURVEY
/	Survey name:   	pbz
/	Instrument S/N:	49459
/	Client:        	geoken
/	Operator:      	kalen
/	Date:          	2019/ 5/25
/	Time:          	08:01:57
/	LONG:        	77.1000000 E
/	LAT:         	43.7000000 N
/	ZONE:        	43      
/	GMT DIFF.:   	-6.0

/	CG-5 SETUP PARAMETERS
/	Gref:			1500.000
/	Gcal1:		8925.088
/	TiltxS:		659.143 
/	TiltyS:		644.285 
/	TiltxO:		3.573   
/	TiltyO:		-31.974 
/	Tempco:		-0.121  
/	Drift:		0.426   
/	DriftTime Start:	08:02:00
/	DriftDate Start:	2019/05/25

/	CG-5 OPTIONS
/	Tide Correction:    YES
/	Cont. Tilt:         YES
/	Auto Rejection:     YES
/	Terrain Corr.:       NO
/	Seismic Filter:     YES
/	Raw Data:           YES
Line	   1.000N
/------LINE-----STATION-----ALT.------GRAV.---SD.--TILTX--TILTY-TEMP---TIDE---DUR-REJ-----TIME----DEC.TIME+DATE--TERRAIN---DATE
 1.0000000  10.0000000   26.1717   5378.980 0.021   -1.6   -0.4 -3.78 -0.043  40   0 08:03:40     43579.33534    0.0000  2019/05/25
 1.0000000  10.0000000   26.1717   5378.979 0.009   -1.6   -0.5 -3.80 -0.043  40   0 08:04:29     43579.33591    0.0000  2019/05/25
 1.0000000  10.0000000   26.1717   5378.980 0.014   -1.4   -0.4 -3.81 -0.043  40   0 08:05:13     43579.33642    0.0000  2019/05/25
 1.0000000  10.0000000   26.1717   5378.981 0.014   -1.5   -0.3 -3.82 -0.043  40   0 08:05:57     43579.33693    0.0000  2019/05/25
 1.0000000  10.0000000   26.1717   5378.982 0.010   -1.6   -0.3 -3.83 -0.043  40   0 08:06:41     43579.33743    0.0000  2019/05/25
 1.0000000  10.0000000   25.9275   5378.984 0.011   -1.4   -0.3 -3.84 -0.043  40   0 08:07:25     43579.33794    0.0000  2019/05/25
 1.0000000   2.0000000   25.9275   5380.501 0.010    0.0   -4.3 -3.82 -0.042  40   2 08:19:08     43579.34607    0.0000  2019/05/25
 1.0000000   2.0000000   25.6834   5380.504 0.007    0.5   -4.8 -3.81 -0.042  40   0 08:19:57     43579.34663    0.0000  2019/05/25
 1.0000000   2.0000000   25.6834   5380.502 0.008    0.5   -5.2 -3.81 -0.042  40   1 08:20:41     43579.34714    0.0000  2019/05/25
 1.0000000   2.0000000   25.6834   5380.502 0.007    0.7   -5.5 -3.80 -0.042  40   2 08:21:25     43579.34765    0.0000  2019/05/25
 1.0000000   2.0000000   25.4393   5380.501 0.024    0.3   -5.8 -3.80 -0.042  40   0 08:22:09     43579.34816    0.0000  2019/05/25
 1.0000000   2.0000000   25.4393   5380.501 0.013    0.4   -5.9 -3.80 -0.042  40   4 08:22:53     43579.34867    0.0000  2019/05/25
 1.0000000   1.0000000   24.9510   5398.594 0.018    0.2   -2.5 -3.75 -0.041  40   0 08:34:40     43579.35684    0.0000  2019/05/25
 1.0000000   1.0000000   24.9510   5398.596 0.011    0.3   -2.8 -3.74 -0.041  40   0 08:35:29     43579.35740    0.0000  2019/05/25
 1.0000000   1.0000000   24.7068   5398.598 0.013    0.7   -3.1 -3.74 -0.041  40   1 08:36:13     43579.35791    0.0000  2019/05/25
 1.0000000   1.0000000   24.4627   5398.598 0.014    0.6   -3.8 -3.73 -0.041  40   1 08:36:57     43579.35842    0.0000  2019/05/25
 1.0000000   1.0000000   24.4627   5398.598 0.012    0.9   -4.2 -3.73 -0.041  40   0 08:37:41     43579.35893    0.0000  2019/05/25
 1.0000000   1.0000000   24.2186   5398.598 0.018    0.9   -4.6 -3.72 -0.041  40   0 08:38:25     43579.35944    0.0000  2019/05/25
 1.0000000   2.0000000   24.4627   5380.504 0.016   -0.4    2.4 -3.63 -0.040  40   1 08:50:59     43579.36815    0.0000  2019/05/25
 1.0000000   2.0000000   24.2186   5380.505 0.013    0.0    2.8 -3.63 -0.040  40   5 08:51:48     43579.36871    0.0000  2019/05/25
 1.0000000   2.0000000   24.2186   5380.506 0.012    0.3    2.2 -3.62 -0.040  40   1 08:52:32     43579.36922    0.0000  2019/05/25
 1.0000000   2.0000000   24.2186   5380.510 0.007    0.8    1.7 -3.62 -0.040  40   2 08:53:16     43579.36973    0.0000  2019/05/25
 1.0000000   2.0000000   24.2186   5380.506 0.010    0.8    1.3 -3.61 -0.040  40   0 08:54:00     43579.37024    0.0000  2019/05/25
 1.0000000   2.0000000   24.2186   5380.507 0.007    1.0    0.7 -3.61 -0.040  40   3 08:54:44     43579.37075    0.0000  2019/05/25
 1.0000000   2.0000000   23.9744   5380.507 0.008    1.2    0.2 -3.61 -0.040  40   0 08:55:28     43579.37126    0.0000  2019/05/25
 1.0000000   1.0000000   24.4627   5398.597 0.013    1.6   -1.1 -3.59 -0.039  40   0 09:06:39     43579.37901    0.0000  2019/05/25
 1.0000000   1.0000000   24.4627   5398.600 0.008    2.2   -0.9 -3.59 -0.039  40   0 09:07:28     43579.37958    0.0000  2019/05/25
 1.0000000   1.0000000   24.4627   5398.601 0.008    2.9   -0.8 -3.58 -0.039  40   0 09:08:12     43579.38009    0.0000  2019/05/25
 1.0000000   1.0000000   24.2186   5398.601 0.008    3.3   -1.3 -3.58 -0.039  40   0 09:08:56     43579.38059    0.0000  2019/05/25
 1.0000000   1.0000000   23.9744   5398.600 0.009    3.4   -1.7 -3.58 -0.039  40   0 09:09:40     43579.38110    0.0000  2019/05/25
 1.0000000   1.0000000   23.9744   5398.600 0.009    4.4   -2.5 -3.58 -0.039  40   0 09:10:24     43579.38161    0.0000  2019/05/25
 1.0000000   2.0000000   24.9510   5380.509 0.020   -2.4   -0.7 -3.55 -0.037  40  11 09:26:42     43579.39291    0.0000  2019/05/25
 1.0000000   2.0000000   24.9510   5380.509 0.015   -2.1    0.1 -3.55 -0.037  40  13 09:27:31     43579.39348    0.0000  2019/05/25
 1.0000000   2.0000000   24.9510   5380.508 0.009   -1.8    0.2 -3.55 -0.037  40   0 09:28:15     43579.39399    0.0000  2019/05/25
 1.0000000   2.0000000   24.9510   5380.508 0.008   -1.7    0.0 -3.54 -0.037  40   0 09:28:59     43579.39450    0.0000  2019/05/25
 1.0000000   2.0000000   24.9510   5380.508 0.009   -1.5   -0.3 -3.55 -0.037  40   5 09:29:43     43579.39500    0.0000  2019/05/25
 1.0000000   2.0000000   24.7068   5380.507 0.011   -1.3   -1.1 -3.55 -0.037  40   2 09:30:27     43579.39551    0.0000  2019/05/25
 1.0000000   2.0999999   24.9510   5368.609 0.013    0.7   -3.3 -3.66 -0.036  40   0 09:37:55     43579.40069    0.0000  2019/05/25
 1.0000000   2.0999999   24.7068   5368.609 0.012    1.4   -3.0 -3.66 -0.036  40   0 09:38:44     43579.40126    0.0000  2019/05/25
 1.0000000   2.0999999   24.7068   5368.617 0.014    1.5   -3.1 -3.65 -0.036  40   0 09:39:28     43579.40176    0.0000  2019/05/25
 1.0000000   2.0999999   24.4627   5368.609 0.021    1.6   -3.4 -3.65 -0.036  40   0 09:40:12     43579.40227    0.0000  2019/05/25
 1.0000000   2.0999999   24.7068   5368.609 0.017    1.9   -3.9 -3.65 -0.035  40   1 09:40:56     43579.40278    0.0000  2019/05/25
 1.0000000   2.0999999   24.4627   5368.609 0.036    2.0   -4.3 -3.65 -0.035  40   0 09:41:40     43579.40329    0.0000  2019/05/25
 1.0000000   2.0999999   24.4627   5368.608 0.019    2.3   -4.8 -3.66 -0.035  40   0 09:42:24     43579.40380    0.0000  2019/05/25
 1.0000000   2.0000000   25.1951   5380.515 0.005   -0.4    0.1 -3.67 -0.034  40   6 09:55:11     43579.41266    0.0000  2019/05/25
 1.0000000   2.0000000   25.1951   5380.516 0.013   -0.2    1.2 -3.66 -0.033  40   4 09:56:00     43579.41323    0.0000  2019/05/25
 1.0000000   2.0000000   24.9510   5380.518 0.011    0.1    1.2 -3.66 -0.033  40   9 09:56:44     43579.41374    0.0000  2019/05/25
 1.0000000   2.0000000   24.9510   5380.516 0.008    0.3    1.0 -3.65 -0.033  40   1 09:57:28     43579.41424    0.0000  2019/05/25
 1.0000000   2.0000000   24.9510   5380.514 0.008    0.4    0.9 -3.65 -0.033  40   3 09:58:12     43579.41475    0.0000  2019/05/25
 1.0000000   2.0000000   24.9510   5380.514 0.011    0.7    0.6 -3.65 -0.033  40   5 09:58:56     43579.41526    0.0000  2019/05/25
 1.0000000   2.0999999   24.7068   5368.607 0.021    0.0   -0.1 -3.75 -0.032  40   0 10:07:34     43579.42125    0.0000  2019/05/25
 1.0000000   2.0999999   24.7068   5368.614 0.016    0.2    0.6 -3.74 -0.032  40   0 10:08:23     43579.42181    0.0000  2019/05/25
 1.0000000   2.0999999   24.7068   5368.610 0.019    0.7    0.9 -3.73 -0.031  40   1 10:09:07     43579.42232    0.0000  2019/05/25
 1.0000000   2.0999999   24.4627   5368.620 0.029    1.8    0.7 -3.73 -0.031  40   3 10:09:51     43579.42283    0.0000  2019/05/25
 1.0000000   2.0999999   24.4627   5368.611 0.013    1.7    0.4 -3.72 -0.031  40   0 10:10:35     43579.42334    0.0000  2019/05/25
 1.0000000   2.0999999   24.2186   5368.610 0.022    2.0    0.0 -3.72 -0.031  40   0 10:11:19     43579.42385    0.0000  2019/05/25
 1.0000000   2.0999999   24.2186   5368.610 0.017    2.1   -0.5 -3.72 -0.031  40   0 10:12:03     43579.42435    0.0000  2019/05/25
 1.0000000   2.0999999   23.9744   5368.611 0.018    2.3   -1.0 -3.72 -0.031  40   0 10:12:48     43579.42487    0.0000  2019/05/25
 1.0000000   3.0000000   23.7303   5356.877 0.015    0.5   -0.3 -3.74 -0.030  40   0 10:18:45     43579.42900    0.0000  2019/05/25
 1.0000000   3.0000000   23.7303   5356.876 0.014    1.0    0.2 -3.73 -0.030  40   0 10:19:34     43579.42957    0.0000  2019/05/25
 1.0000000   3.0000000   23.7303   5356.875 0.016    1.1    0.5 -3.72 -0.030  40   3 10:20:18     43579.43007    0.0000  2019/05/25
 1.0000000   3.0000000   23.7303   5356.877 0.014    1.4    0.4 -3.72 -0.029  40   0 10:21:02     43579.43058    0.0000  2019/05/25
 1.0000000   3.0000000   23.4861   5356.876 0.015    1.2    0.2 -3.71 -0.029  40   0 10:21:46     43579.43109    0.0000  2019/05/25
 1.0000000   3.0000000   23.4861   5356.877 0.022    1.3   -0.1 -3.70 -0.029  40   1 10:22:30     43579.43160    0.0000  2019/05/25
 1.0000000   2.0999999   23.2420   5368.620 0.014   -2.4   -2.5 -3.67 -0.028  40   0 10:29:17     43579.43630    0.0000  2019/05/25
 1.0000000   2.0999999   23.2420   5368.619 0.036   -2.5   -2.2 -3.66 -0.028  40   0 10:30:06     43579.43687    0.0000  2019/05/25
 1.0000000   2.0999999   23.2420   5368.619 0.011   -2.7   -2.2 -3.65 -0.028  40   0 10:30:50     43579.43738    0.0000  2019/05/25
 1.0000000   2.0999999   23.2420   5368.619 0.013   -2.9   -2.4 -3.64 -0.028  40   0 10:31:34     43579.43789    0.0000  2019/05/25
 1.0000000   2.0999999   23.2420   5368.617 0.015   -3.2   -2.7 -3.63 -0.028  40   0 10:32:18     43579.43839    0.0000  2019/05/25
 1.0000000   2.0999999   23.2420   5368.619 0.014   -3.5   -2.9 -3.63 -0.027  40   0 10:33:02     43579.43890    0.0000  2019/05/25
 1.0000000   3.0000000   23.4861   5356.873 0.013   -4.6   -1.9 -3.63 -0.026  40   3 10:39:09     43579.44314    0.0000  2019/05/25
 1.0000000   3.0000000   23.2420   5356.875 0.010   -5.1   -1.4 -3.62 -0.026  40   0 10:39:58     43579.44371    0.0000  2019/05/25
 1.0000000   3.0000000   23.4861   5356.882 0.022   -5.4   -1.3 -3.61 -0.026  40   8 10:40:42     43579.44422    0.0000  2019/05/25
 1.0000000   3.0000000   23.2420   5356.876 0.014   -5.3   -1.6 -3.60 -0.026  40   3 10:41:26     43579.44473    0.0000  2019/05/25
 1.0000000   3.0000000   23.2420   5356.875 0.013   -5.3   -2.2 -3.59 -0.026  40   1 10:42:10     43579.44524    0.0000  2019/05/25
 1.0000000   3.0000000   23.2420   5356.875 0.021   -5.5   -2.5 -3.59 -0.025  40   1 10:42:54     43579.44574    0.0000  2019/05/25
 1.0000000   3.0000000   23.2420   5356.875 0.018   -5.4   -3.0 -3.58 -0.025  40   3 10:43:38     43579.44625    0.0000  2019/05/25
 1.0000000   4.0000000   23.7303   5335.888 0.017   -0.3    0.3 -3.60 -0.024  40   1 10:50:57     43579.45133    0.0000  2019/05/25
 1.0000000   4.0000000   23.4861   5335.888 0.013   -0.2    1.2 -3.59 -0.024  40   0 10:51:46     43579.45189    0.0000  2019/05/25
 1.0000000   4.0000000   23.4861   5335.894 0.012    0.4    1.4 -3.58 -0.024  40   0 10:52:30     43579.45240    0.0000  2019/05/25
 1.0000000   4.0000000   23.4861   5335.894 0.013    0.8    1.3 -3.58 -0.023  40   0 10:53:14     43579.45291    0.0000  2019/05/25
 1.0000000   4.0000000   23.4861   5335.892 0.012    1.1    1.0 -3.57 -0.023  40   0 10:53:58     43579.45342    0.0000  2019/05/25
 1.0000000   4.0000000   23.4861   5335.891 0.014    1.1    0.6 -3.57 -0.023  40   0 10:54:42     43579.45393    0.0000  2019/05/25
 1.0000000   4.0000000   23.4861   5335.893 0.016    1.3    0.0 -3.57 -0.023  40   0 10:55:26     43579.45443    0.0000  2019/05/25
 1.0000000   4.0000000   23.4861   5335.892 0.013    1.4   -0.5 -3.57 -0.023  40   0 10:56:11     43579.45495    0.0000  2019/05/25
 1.0000000   3.0000000   23.9744   5356.854 0.020   -1.5   -1.1 -3.60 -0.021  40   4 11:03:29     43579.46002    0.0000  2019/05/25
 1.0000000   3.0000000   23.7303   5356.860 0.012   -1.5   -0.5 -3.59 -0.021  40   0 11:04:18     43579.46058    0.0000  2019/05/25
 1.0000000   3.0000000   23.7303   5356.867 0.016   -1.3   -0.4 -3.58 -0.021  40   0 11:05:02     43579.46109    0.0000  2019/05/25
 1.0000000   3.0000000   23.4861   5356.863 0.011   -1.5   -0.4 -3.57 -0.020  40   0 11:05:46     43579.46160    0.0000  2019/05/25
 1.0000000   3.0000000   23.7303   5356.858 0.010   -1.3   -0.7 -3.57 -0.020  40   0 11:06:30     43579.46211    0.0000  2019/05/25
 1.0000000   3.0000000   23.7303   5356.869 0.016   -0.9   -0.9 -3.56 -0.020  40   3 11:07:14     43579.46262    0.0000  2019/05/25
 1.0000000   3.0000000   23.4861   5356.873 0.015   -1.9   -0.1 -3.57 -0.019  40   0 11:10:39     43579.46498    0.0000  2019/05/25
 1.0000000   3.0000000   23.4861   5356.872 0.011   -1.9    0.6 -3.56 -0.019  40   0 11:11:28     43579.46555    0.0000  2019/05/25
 1.0000000   3.0000000   23.4861   5356.871 0.016   -2.1    1.0 -3.54 -0.019  40   1 11:12:12     43579.46606    0.0000  2019/05/25
 1.0000000   3.0000000   23.4861   5356.872 0.012   -1.7    0.9 -3.52 -0.019  40   1 11:12:56     43579.46657    0.0000  2019/05/25
 1.0000000   3.0000000   23.4861   5356.872 0.013   -2.2    0.6 -3.49 -0.019  40   1 11:13:40     43579.46708    0.0000  2019/05/25
 1.0000000   3.0000000   23.2420   5356.871 0.011   -2.5    0.1 -3.47 -0.019  40   0 11:14:24     43579.46758    0.0000  2019/05/25
 1.0000000   4.0000000   23.9744   5335.841 0.017   -2.2   -0.3 -3.34 -0.017  40   0 11:22:06     43579.47292    0.0000  2019/05/25
 1.0000000   4.0000000   23.9744   5335.847 0.014   -1.6    0.3 -3.33 -0.016  40   0 11:22:55     43579.47349    0.0000  2019/05/25
 1.0000000   4.0000000   23.9744   5335.851 0.016   -1.6    0.3 -3.32 -0.016  40   0 11:23:39     43579.47400    0.0000  2019/05/25
 1.0000000   4.0000000   23.9744   5335.852 0.015   -1.3    0.0 -3.31 -0.016  40   1 11:24:23     43579.47451    0.0000  2019/05/25
 1.0000000   4.0000000   24.2186   5335.854 0.017   -1.3   -0.2 -3.31 -0.016  40   0 11:25:07     43579.47501    0.0000  2019/05/25
 1.0000000   4.0000000   23.9744   5335.857 0.016   -1.2   -0.7 -3.31 -0.016  40   0 11:25:51     43579.47552    0.0000  2019/05/25
 1.0000000   4.0000000   23.7303   5335.857 0.019   -1.4   -1.0 -3.31 -0.016  40   0 11:26:35     43579.47603    0.0000  2019/05/25
 1.0000000   4.0000000   23.9744   5335.858 0.019   -1.2   -1.4 -3.31 -0.015  40   1 11:27:20     43579.47655    0.0000  2019/05/25
 1.0000000   5.0000000   24.4627   5317.753 0.022    1.0   -1.3 -3.34 -0.013  40   1 11:35:55     43579.48250    0.0000  2019/05/25
 1.0000000   5.0000000   24.4627   5317.753 0.022    1.3   -1.1 -3.33 -0.013  40   0 11:36:44     43579.48307    0.0000  2019/05/25
 1.0000000   5.0000000   24.4627   5317.756 0.021    1.8   -0.5 -3.33 -0.013  40   0 11:37:28     43579.48358    0.0000  2019/05/25
 1.0000000   5.0000000   24.4627   5317.755 0.032    1.8   -0.8 -3.32 -0.012  40   0 11:38:12     43579.48409    0.0000  2019/05/25
 1.0000000   5.0000000   24.2186   5317.756 0.030    2.2   -1.3 -3.32 -0.012  40   0 11:38:56     43579.48459    0.0000  2019/05/25
 1.0000000   5.0000000   24.2186   5317.753 0.035    2.1   -1.9 -3.32 -0.012  40   0 11:39:40     43579.48510    0.0000  2019/05/25
 1.0000000   5.0000000   24.2186   5317.754 0.041    2.1   -2.5 -3.32 -0.012  40   0 11:40:24     43579.48561    0.0000  2019/05/25
 1.0000000   4.0000000   24.4627   5335.871 0.021    0.0    0.0 -3.36 -0.010  40   0 11:47:55     43579.49082    0.0000  2019/05/25
 1.0000000   4.0000000   24.4627   5335.871 0.020    0.7    0.7 -3.35 -0.009  40   0 11:48:44     43579.49139    0.0000  2019/05/25
 1.0000000   4.0000000   24.4627   5335.874 0.021    1.3    1.0 -3.35 -0.009  40   0 11:49:28     43579.49190    0.0000  2019/05/25
 1.0000000   4.0000000   24.7068   5335.872 0.052    1.7    1.2 -3.34 -0.009  40   1 11:50:12     43579.49241    0.0000  2019/05/25
 1.0000000   4.0000000   24.7068   5335.872 0.035    1.8    0.9 -3.34 -0.009  40   7 11:50:56     43579.49291    0.0000  2019/05/25
 1.0000000   4.0000000   24.7068   5335.875 0.019    2.0    0.6 -3.34 -0.009  40   1 11:51:40     43579.49342    0.0000  2019/05/25
 1.0000000   5.0000000   25.4393   5317.754 0.036    0.0    0.2 -3.41 -0.006  40   0 12:00:00     43579.49920    0.0000  2019/05/25
 1.0000000   5.0000000   25.4393   5317.755 0.035    0.0    0.9 -3.41 -0.006  40   0 12:00:49     43579.49977    0.0000  2019/05/25
 1.0000000   5.0000000   25.4393   5317.753 0.071    0.3    0.8 -3.40 -0.006  40   0 12:01:33     43579.50027    0.0000  2019/05/25
 1.0000000   5.0000000   25.4393   5317.755 0.039    0.4    0.9 -3.40 -0.006  40   0 12:02:17     43579.50078    0.0000  2019/05/25
 1.0000000   5.0000000   25.4393   5317.758 0.031    0.7    0.6 -3.40 -0.006  40   0 12:03:01     43579.50129    0.0000  2019/05/25
 1.0000000   5.0000000   25.4393   5317.748 0.037    0.7    0.3 -3.40 -0.005  40   2 12:03:45     43579.50180    0.0000  2019/05/25
 1.0000000   5.0000000   25.4393   5317.758 0.022    0.7    0.0 -3.40 -0.005  40   0 12:04:29     43579.50231    0.0000  2019/05/25
 1.0000000   5.0000000   25.4393   5317.757 0.019    1.0   -0.4 -3.41 -0.005  40   0 12:05:14     43579.50283    0.0000  2019/05/25
 1.0000000   6.0000000   25.9275   5297.708 0.028    1.3    0.0 -3.50 -0.002  40   0 12:13:46     43579.50874    0.0000  2019/05/25
 1.0000000   6.0000000   25.9275   5297.711 0.028    2.0    0.4 -3.49 -0.002  40   0 12:14:35     43579.50931    0.0000  2019/05/25
 1.0000000   6.0000000   25.9275   5297.709 0.026    2.1    0.5 -3.48 -0.002  40   0 12:15:19     43579.50982    0.0000  2019/05/25
 1.0000000   6.0000000   25.9275   5297.711 0.021    2.3    0.3 -3.48 -0.002  40   0 12:16:03     43579.51033    0.0000  2019/05/25
 1.0000000   6.0000000   25.9275   5297.714 0.023    2.2   -0.2 -3.48 -0.001  40   0 12:16:47     43579.51084    0.0000  2019/05/25
 1.0000000   6.0000000   25.9275   5297.711 0.023    2.3   -0.6 -3.48 -0.001  40   0 12:17:31     43579.51134    0.0000  2019/05/25
 1.0000000   6.0000000   25.9275   5297.711 0.022    2.2   -1.2 -3.48 -0.001  40   0 12:18:15     43579.51185    0.0000  2019/05/25
 1.0000000   5.0000000   26.4158   5317.763 0.028   -0.2    0.6 -3.55 0.001  40   0 12:27:02     43579.51794    0.0000  2019/05/25
 1.0000000   5.0000000   26.4158   5317.767 0.020    0.4    1.3 -3.55 0.001  40   0 12:27:51     43579.51851    0.0000  2019/05/25
 1.0000000   5.0000000   26.4158   5317.768 0.016    0.6    1.4 -3.54 0.001  40   0 12:28:36     43579.51903    0.0000  2019/05/25
 1.0000000   5.0000000   26.1717   5317.768 0.040    1.2    1.3 -3.54 0.001  40   2 12:29:20     43579.51954    0.0000  2019/05/25
 1.0000000   5.0000000   26.4158   5317.767 0.029    1.3    0.9 -3.54 0.002  40   0 12:30:04     43579.52005    0.0000  2019/05/25
 1.0000000   5.0000000   26.4158   5317.763 0.021    1.4    0.5 -3.55 0.002  40   0 12:30:48     43579.52055    0.0000  2019/05/25
 1.0000000   6.0000000   26.6600   5297.719 0.029    1.1   -3.2 -3.62 0.004  40   0 12:39:27     43579.52655    0.0000  2019/05/25
 1.0000000   6.0000000   26.6600   5297.716 0.023    0.8   -3.1 -3.62 0.005  40   0 12:40:16     43579.52712    0.0000  2019/05/25
 1.0000000   6.0000000   26.6600   5297.720 0.020    0.9   -3.0 -3.62 0.005  40   0 12:41:00     43579.52763    0.0000  2019/05/25
 1.0000000   6.0000000   26.6600   5297.719 0.019    0.7   -3.2 -3.62 0.005  40   0 12:41:44     43579.52814    0.0000  2019/05/25
 1.0000000   6.0000000   26.6600   5297.720 0.023    0.9   -3.6 -3.62 0.005  40   0 12:42:28     43579.52864    0.0000  2019/05/25
 1.0000000   6.0000000   26.6600   5297.720 0.026    0.6   -3.8 -3.62 0.006  40   0 12:43:12     43579.52915    0.0000  2019/05/25
 1.0000000   6.0000000   26.4158   5297.718 0.023    0.5   -4.3 -3.63 0.006  40   0 12:43:56     43579.52966    0.0000  2019/05/25
 1.0000000   6.0000000   26.4158   5297.719 0.026    0.5   -4.6 -3.64 0.006  40   0 12:44:41     43579.53018    0.0000  2019/05/25
 1.0000000   5.0000000   26.9041   5317.764 0.022    0.6    3.8 -3.69 0.009  40   0 12:53:21     43579.53619    0.0000  2019/05/25
 1.0000000   5.0000000   26.9041   5317.770 0.023    0.7    4.5 -3.68 0.009  40   0 12:54:10     43579.53676    0.0000  2019/05/25
 1.0000000   5.0000000   26.6600   5317.768 0.016    1.3    4.8 -3.67 0.009  40   0 12:54:54     43579.53726    0.0000  2019/05/25
 1.0000000   5.0000000   26.9041   5317.769 0.017    1.5    4.5 -3.67 0.009  40   0 12:55:38     43579.53777    0.0000  2019/05/25
 1.0000000   5.0000000   26.6600   5317.769 0.018    1.9    4.3 -3.67 0.010  40   0 12:56:22     43579.53828    0.0000  2019/05/25
 1.0000000   5.0000000   26.6600   5317.769 0.018    1.8    3.7 -3.67 0.010  40   0 12:57:06     43579.53879    0.0000  2019/05/25
 1.0000000   5.0000000   26.6600   5317.770 0.021    2.2    3.2 -3.67 0.010  40   0 12:57:50     43579.53930    0.0000  2019/05/25
 1.0000000   6.0000000   27.3924   5297.717 0.040    1.0    0.1 -3.74 0.013  40   0 13:06:31     43579.54532    0.0000  2019/05/25
 1.0000000   6.0000000   27.3924   5297.718 0.035    0.8    0.0 -3.74 0.013  40   0 13:07:20     43579.54588    0.0000  2019/05/25
 1.0000000   6.0000000   27.1482   5297.720 0.043    1.4    0.0 -3.74 0.013  40   1 13:08:04     43579.54639    0.0000  2019/05/25
 1.0000000   6.0000000   27.1482   5297.717 0.022    1.3   -0.5 -3.74 0.014  40   0 13:08:48     43579.54690    0.0000  2019/05/25
 1.0000000   6.0000000   27.1482   5297.717 0.021    1.6   -0.9 -3.74 0.014  40   0 13:09:32     43579.54741    0.0000  2019/05/25
 1.0000000   6.0000000   26.9041   5297.723 0.024    1.6   -1.5 -3.74 0.014  40   1 13:10:16     43579.54792    0.0000  2019/05/25
 1.0000000   6.0000000   26.9041   5297.721 0.017    1.5   -1.9 -3.75 0.014  40   0 13:11:00     43579.54843    0.0000  2019/05/25
 1.0000000   6.0000000   26.9041   5297.716 0.018    1.4   -2.4 -3.75 0.015  40   0 13:11:45     43579.54895    0.0000  2019/05/25
 1.0000000   5.0000000   26.9041   5317.776 0.024   -0.6    0.4 -3.80 0.018  40   0 13:20:46     43579.55520    0.0000  2019/05/25
 1.0000000   5.0000000   26.9041   5317.776 0.025   -0.4    1.3 -3.79 0.018  40   0 13:21:35     43579.55576    0.0000  2019/05/25
 1.0000000   5.0000000   26.9041   5317.771 0.024   -0.3    1.3 -3.78 0.018  40   0 13:22:20     43579.55628    0.0000  2019/05/25
 1.0000000   5.0000000   27.1482   5317.775 0.022   -0.2    1.2 -3.77 0.018  40   0 13:23:04     43579.55679    0.0000  2019/05/25
 1.0000000   5.0000000   26.9041   5317.772 0.022   -0.3    1.0 -3.77 0.019  40   0 13:23:48     43579.55730    0.0000  2019/05/25
 1.0000000   5.0000000   26.9041   5317.774 0.018   -0.5    0.3 -3.76 0.019  40   0 13:24:32     43579.55781    0.0000  2019/05/25
 1.0000000   4.0000000   27.3924   5335.902 0.025   -2.2    1.6 -3.79 0.021  40   3 13:32:10     43579.56310    0.0000  2019/05/25
 1.0000000   4.0000000   27.8807   5335.906 0.020   -3.7    2.6 -3.78 0.021  40   0 13:32:59     43579.56367    0.0000  2019/05/25
 1.0000000   4.0000000   28.1248   5335.906 0.027   -4.9    3.2 -3.78 0.022  40   0 13:33:43     43579.56418    0.0000  2019/05/25
 1.0000000   4.0000000   28.3689   5335.900 0.025   -6.5    4.1 -3.77 0.022  40   1 13:34:27     43579.56469    0.0000  2019/05/25
 1.0000000   4.0000000   28.6131   5335.905 0.025   -8.1    3.4 -3.77 0.022  40   0 13:35:11     43579.56519    0.0000  2019/05/25
 1.0000000   4.0000000   28.8572   5335.901 0.028   -8.7    3.0 -3.77 0.022  40   0 13:35:55     43579.56570    0.0000  2019/05/25
 1.0000000   4.0000000   29.1014   5335.900 0.021   -8.8    2.4 -3.78 0.023  40   0 13:36:39     43579.56621    0.0000  2019/05/25
 1.0000000   5.0000000   29.8338   5317.792 0.017    3.8    0.3 -3.94 0.026  40   1 13:47:22     43579.57364    0.0000  2019/05/25
 1.0000000   5.0000000   29.8338   5317.794 0.020    4.1    0.5 -3.93 0.026  40   0 13:48:11     43579.57421    0.0000  2019/05/25
 1.0000000   5.0000000   29.5896   5317.792 0.020    4.7    0.3 -3.93 0.027  40   0 13:48:55     43579.57472    0.0000  2019/05/25
 1.0000000   5.0000000   29.3455   5317.792 0.018    5.7    0.2 -3.94 0.027  40   0 13:49:39     43579.57522    0.0000  2019/05/25
 1.0000000   5.0000000   29.3455   5317.790 0.014    6.4    0.0 -3.94 0.027  40   0 13:50:23     43579.57573    0.0000  2019/05/25
 1.0000000   5.0000000   29.3455   5317.789 0.013    7.2   -0.4 -3.95 0.027  40   0 13:51:07     43579.57624    0.0000  2019/05/25
 1.0000000   5.0000000   29.1014   5317.786 0.016    7.5   -1.0 -3.96 0.027  40   0 13:51:51     43579.57675    0.0000  2019/05/25
 1.0000000   4.0000000   29.1014   5335.895 0.021   -1.6   -1.6 -4.06 0.030  40   1 14:00:05     43579.58246    0.0000  2019/05/25
 1.0000000   4.0000000   29.1014   5335.895 0.015   -2.0   -1.2 -4.05 0.030  40   0 14:00:54     43579.58302    0.0000  2019/05/25
 1.0000000   4.0000000   29.3455   5335.896 0.019   -2.3   -1.0 -4.04 0.030  40   0 14:01:38     43579.58353    0.0000  2019/05/25
 1.0000000   4.0000000   29.8338   5335.896 0.024   -3.0   -1.2 -4.03 0.031  40   0 14:02:22     43579.58404    0.0000  2019/05/25
 1.0000000   4.0000000   29.8338   5335.896 0.017   -2.2   -0.2 -4.03 0.031  40   1 14:03:06     43579.58455    0.0000  2019/05/25
 1.0000000   4.0000000   30.0779   5335.897 0.028   -5.1   -0.2 -4.03 0.031  40   0 14:03:50     43579.58506    0.0000  2019/05/25
 1.0000000   4.0000000   30.3221   5335.897 0.021   -2.9   -0.7 -4.03 0.031  40   0 14:04:34     43579.58557    0.0000  2019/05/25
 1.0000000   3.0000000   30.0779   5356.868 0.011   -6.6   -7.1 -4.13 0.034  40   0 14:13:30     43579.59176    0.0000  2019/05/25
 1.0000000   3.0000000   30.0779   5356.866 0.017   -6.7   -7.8 -4.13 0.034  40   3 14:14:19     43579.59233    0.0000  2019/05/25
 1.0000000   3.0000000   29.8338   5356.868 0.011   -7.0   -8.6 -4.14 0.034  40   3 14:15:03     43579.59283    0.0000  2019/05/25
 1.0000000   3.0000000   29.5896   5356.869 0.012   -6.5   -8.9 -4.14 0.035  40   0 14:15:47     43579.59334    0.0000  2019/05/25
 1.0000000   3.0000000   29.8338   5356.875 0.010   -6.4   -9.4 -4.15 0.035  40   2 14:16:31     43579.59385    0.0000  2019/05/25
 1.0000000   3.0000000   29.8338   5356.869 0.014   -5.8  -10.1 -4.16 0.035  40   0 14:17:15     43579.59436    0.0000  2019/05/25
 1.0000000   3.0000000   29.5896   5356.869 0.016   -5.6  -10.4 -4.16 0.035  40   3 14:17:59     43579.59487    0.0000  2019/05/25
 1.0000000   3.0000000   29.3455   5356.869 0.011   -5.2  -10.5 -4.17 0.036  40   0 14:18:44     43579.59539    0.0000  2019/05/25
 1.0000000   4.0000000   29.3455   5335.894 0.023    0.8   -1.0 -4.14 0.041  40   2 14:39:26     43579.60974    0.0000  2019/05/25
 1.0000000   4.0000000   29.5896   5335.896 0.016   -1.1   -2.2 -4.12 0.041  40   0 14:40:15     43579.61031    0.0000  2019/05/25
 1.0000000   4.0000000   29.8338   5335.895 0.017   -2.5   -3.3 -4.11 0.042  40   0 14:40:59     43579.61082    0.0000  2019/05/25
 1.0000000   4.0000000   30.3221   5335.896 0.014   -6.1   -4.6 -4.10 0.042  40   0 14:41:43     43579.61132    0.0000  2019/05/25
 1.0000000   4.0000000   30.5662   5335.896 0.012   -8.2   -6.1 -4.09 0.042  40   0 14:42:27     43579.61183    0.0000  2019/05/25
 1.0000000   4.0000000   30.8103   5335.896 0.014   -9.6   -7.3 -4.09 0.042  40   0 14:43:11     43579.61234    0.0000  2019/05/25
 1.0000000   4.0000000   31.2986   5335.895 0.017   -9.5   -6.9 -4.09 0.043  40   0 14:43:55     43579.61285    0.0000  2019/05/25
 1.0000000   4.0000000   31.5428   5335.896 0.015   -8.6   -5.7 -4.09 0.043  40   0 14:44:40     43579.61337    0.0000  2019/05/25
 1.0000000   3.0000000   32.2752   5356.865 0.042   -2.4   -6.1 -4.43 0.046  40   7 14:58:23     43579.62288    0.0000  2019/05/25
 1.0000000   3.0000000   32.2752   5356.869 0.017   -2.1   -6.1 -4.44 0.046  40   1 14:59:12     43579.62345    0.0000  2019/05/25
 1.0000000   3.0000000   32.2752   5356.869 0.015   -1.5   -6.6 -4.45 0.047  40   0 14:59:56     43579.62395    0.0000  2019/05/25
 1.0000000   3.0000000   32.0310   5356.870 0.016   -1.2   -7.3 -4.46 0.047  40   1 15:00:40     43579.62446    0.0000  2019/05/25
 1.0000000   3.0000000   32.0310   5356.871 0.014    0.0   -8.1 -4.47 0.047  40   0 15:01:24     43579.62497    0.0000  2019/05/25
 1.0000000   3.0000000   31.5428   5356.869 0.016    0.5   -9.1 -4.48 0.047  40   0 15:02:08     43579.62548    0.0000  2019/05/25
 1.0000000   3.0000000   31.5428   5356.871 0.012    1.0  -10.0 -4.49 0.047  40   0 15:02:52     43579.62599    0.0000  2019/05/25
 1.0000000   3.0000000   31.2986   5356.871 0.014    1.5  -11.0 -4.50 0.047  40   0 15:03:37     43579.62651    0.0000  2019/05/25
 1.0000000   2.0999999   31.7869   5368.610 0.012    2.8    0.6 -4.47 0.050  40   0 15:17:02     43579.63581    0.0000  2019/05/25
 1.0000000   2.0999999   31.7869   5368.609 0.010    3.2    0.8 -4.47 0.051  40   0 15:17:51     43579.63638    0.0000  2019/05/25
 1.0000000   2.0999999   31.7869   5368.608 0.011    4.0    0.6 -4.47 0.051  40   0 15:18:35     43579.63688    0.0000  2019/05/25
 1.0000000   2.0999999   31.5428   5368.610 0.014    4.3    0.3 -4.47 0.051  40   0 15:19:19     43579.63739    0.0000  2019/05/25
 1.0000000   2.0999999   31.5428   5368.609 0.012    4.3    0.0 -4.48 0.051  40   0 15:20:03     43579.63790    0.0000  2019/05/25
 1.0000000   2.0999999   31.2986   5368.609 0.008    4.5   -0.3 -4.48 0.051  40   0 15:20:47     43579.63841    0.0000  2019/05/25
 1.0000000   3.0000000   30.3221   5356.875 0.020    2.5   -1.8 -4.52 0.054  40   2 15:35:57     43579.64893    0.0000  2019/05/25
 1.0000000   3.0000000   30.3221   5356.877 0.012    2.9   -1.9 -4.51 0.054  40   0 15:36:46     43579.64949    0.0000  2019/05/25
 1.0000000   3.0000000   30.3221   5356.877 0.020    2.7   -2.4 -4.49 0.054  40   0 15:37:30     43579.65000    0.0000  2019/05/25
 1.0000000   3.0000000   30.3221   5356.876 0.019    3.2   -2.7 -4.48 0.055  40   1 15:38:14     43579.65051    0.0000  2019/05/25
 1.0000000   3.0000000   30.3221   5356.875 0.012    2.9   -3.3 -4.47 0.055  40   0 15:38:58     43579.65102    0.0000  2019/05/25
 1.0000000   3.0000000   30.0779   5356.875 0.020    3.0   -3.9 -4.46 0.055  40   1 15:39:42     43579.65153    0.0000  2019/05/25
 1.0000000   3.0000000   30.0779   5356.876 0.017    3.0   -4.3 -4.45 0.055  40   0 15:40:26     43579.65203    0.0000  2019/05/25
 1.0000000   3.0000000   30.0779   5356.876 0.027    2.9   -4.6 -4.45 0.055  40   0 15:41:11     43579.65255    0.0000  2019/05/25
 1.0000000   2.0999999   30.3221   5368.610 0.016   -1.7    3.1 -4.41 0.056  40   1 15:48:07     43579.65736    0.0000  2019/05/25
 1.0000000   2.0999999   30.0779   5368.631 0.020   -1.7    4.2 -4.40 0.057  40  14 15:48:56     43579.65793    0.0000  2019/05/25
 1.0000000   2.0999999   30.3221   5368.612 0.009   -1.1    4.4 -4.39 0.057  40   0 15:49:40     43579.65844    0.0000  2019/05/25
 1.0000000   2.0999999   30.3221   5368.612 0.016   -1.0    4.4 -4.38 0.057  40   0 15:50:24     43579.65894    0.0000  2019/05/25
 1.0000000   2.0999999   30.0779   5368.612 0.024   -1.0    4.4 -4.37 0.057  40   0 15:51:08     43579.65945    0.0000  2019/05/25
 1.0000000   2.0999999   30.0779   5368.611 0.055   -0.7    4.0 -4.37 0.057  40   0 15:51:52     43579.65996    0.0000  2019/05/25
 1.0000000   2.0999999   30.3221   5368.611 0.024   -0.4    3.9 -4.36 0.057  40   1 15:52:36     43579.66047    0.0000  2019/05/25
 1.0000000   2.0999999   30.0779   5368.612 0.014   -0.3    3.5 -4.36 0.057  40   0 15:53:21     43579.66099    0.0000  2019/05/25
 1.0000000   2.0000000   30.0779   5380.512 0.023   -0.3    2.3 -4.32 0.059  40   0 16:05:47     43579.66961    0.0000  2019/05/25
 1.0000000   2.0000000   29.8338   5380.513 0.021    0.4    2.5 -4.31 0.059  40   1 16:06:36     43579.67018    0.0000  2019/05/25
 1.0000000   2.0000000   30.0779   5380.511 0.023    0.7    2.5 -4.30 0.059  40   0 16:07:20     43579.67068    0.0000  2019/05/25
 1.0000000   2.0000000   30.0779   5380.513 0.011    0.9    2.1 -4.29 0.059  40   0 16:08:04     43579.67119    0.0000  2019/05/25
 1.0000000   2.0000000   29.8338   5380.513 0.010    0.7    1.7 -4.28 0.059  40   0 16:08:48     43579.67170    0.0000  2019/05/25
 1.0000000   2.0000000   29.8338   5380.512 0.010    0.5    1.1 -4.28 0.059  40   0 16:09:32     43579.67221    0.0000  2019/05/25
 1.0000000   2.0000000   29.8338   5380.511 0.009    0.7    1.0 -4.28 0.059  40   0 16:10:16     43579.67272    0.0000  2019/05/25
 1.0000000   2.0999999   29.8338   5368.615 0.027    1.1    1.1 -4.32 0.060  40   3 16:18:43     43579.67858    0.0000  2019/05/25
 1.0000000   2.0999999   29.8338   5368.615 0.018    1.5    1.1 -4.32 0.060  40   1 16:19:32     43579.67914    0.0000  2019/05/25
 1.0000000   2.0999999   30.0779   5368.615 0.027    1.6    0.6 -4.31 0.061  40   0 16:20:16     43579.67965    0.0000  2019/05/25
 1.0000000   2.0999999   30.0779   5368.617 0.041    1.7    0.2 -4.30 0.061  40   0 16:21:00     43579.68016    0.0000  2019/05/25
 1.0000000   2.0999999   30.0779   5368.617 0.034    1.6    0.0 -4.30 0.061  40   0 16:21:44     43579.68067    0.0000  2019/05/25
 1.0000000   2.0999999   30.0779   5368.617 0.019    0.8   -0.1 -4.30 0.061  40   0 16:22:28     43579.68118    0.0000  2019/05/25
 1.0000000   2.0999999   30.3221   5368.615 0.019    0.6   -0.3 -4.29 0.061  40   0 16:23:12     43579.68169    0.0000  2019/05/25
 1.0000000   2.0999999   30.0779   5368.616 0.033    0.4   -1.1 -4.30 0.061  40   1 16:23:57     43579.68221    0.0000  2019/05/25
 1.0000000   2.0000000   30.0779   5380.509 0.019    0.0   -0.3 -4.33 0.062  40   0 16:31:54     43579.68772    0.0000  2019/05/25
 1.0000000   2.0000000   30.3221   5380.511 0.024    0.4    0.4 -4.33 0.062  40   0 16:32:43     43579.68828    0.0000  2019/05/25
 1.0000000   2.0000000   30.0779   5380.511 0.011    0.8    0.6 -4.32 0.062  40   0 16:33:27     43579.68879    0.0000  2019/05/25
 1.0000000   2.0000000   30.0779   5380.509 0.008    0.9    0.6 -4.31 0.062  40   0 16:34:11     43579.68930    0.0000  2019/05/25
 1.0000000   2.0000000   29.8338   5380.510 0.007    0.8    0.3 -4.31 0.062  40   0 16:34:55     43579.68981    0.0000  2019/05/25
 1.0000000   2.0000000   29.8338   5380.510 0.014    0.8   -0.1 -4.30 0.062  40   0 16:35:39     43579.69032    0.0000  2019/05/25
 1.0000000   2.0000000   29.8338   5380.510 0.009    0.7   -0.5 -4.30 0.062  40   0 16:36:23     43579.69083    0.0000  2019/05/25
 1.0000000   1.0000000   29.5896   5398.603 0.019    4.5    2.2 -4.25 0.062  40   0 16:48:13     43579.69903    0.0000  2019/05/25
 1.0000000   1.0000000   29.5896   5398.606 0.026    7.2    3.5 -4.24 0.062  40   0 16:49:02     43579.69960    0.0000  2019/05/25
 1.0000000   1.0000000   29.5896   5398.608 0.022    8.6    4.0 -4.23 0.062  40   2 16:49:46     43579.70010    0.0000  2019/05/25
 1.0000000   1.0000000   29.3455   5398.609 0.021    9.0    3.5 -4.23 0.062  40   1 16:50:30     43579.70061    0.0000  2019/05/25
 1.0000000   1.0000000   29.3455   5398.608 0.024    9.7    3.9 -4.23 0.062  40   1 16:51:14     43579.70112    0.0000  2019/05/25
 1.0000000   1.0000000   29.1014   5398.608 0.022    9.3    3.7 -4.23 0.063  40   0 16:51:58     43579.70163    0.0000  2019/05/25
 1.0000000   1.0000000   29.1014   5398.607 0.014   10.3    2.0 -4.23 0.063  40   1 16:52:42     43579.70214    0.0000  2019/05/25
 1.0000000   1.0000000   29.1014   5398.606 0.009   10.7    1.8 -4.23 0.063  40   0 16:53:27     43579.70266    0.0000  2019/05/25
 1.0000000   2.0000000   28.8572   5380.511 0.025   -1.0    4.4 -4.15 0.063  40   8 17:05:31     43579.71102    0.0000  2019/05/25
 1.0000000   2.0000000   28.8572   5380.513 0.014   -0.8    5.3 -4.13 0.063  40   7 17:06:20     43579.71159    0.0000  2019/05/25
 1.0000000   2.0000000   28.8572   5380.513 0.010   -0.5    5.4 -4.12 0.063  40   0 17:07:04     43579.71210    0.0000  2019/05/25
 1.0000000   2.0000000   28.6131   5380.513 0.011   -0.4    5.2 -4.11 0.063  40   0 17:07:48     43579.71261    0.0000  2019/05/25
 1.0000000   2.0000000   28.6131   5380.512 0.015   -0.4    5.0 -4.11 0.063  40   5 17:08:32     43579.71312    0.0000  2019/05/25
 1.0000000   2.0000000   28.3689   5380.512 0.009   -0.4    4.6 -4.10 0.063  40   0 17:09:16     43579.71362    0.0000  2019/05/25
 1.0000000  10.0000000   28.6131   5378.999 0.033    0.5   -0.3 -4.10 0.062  40   0 17:20:49     43579.72163    0.0000  2019/05/25
 1.0000000  10.0000000   28.3689   5378.998 0.023    0.4   -0.3 -4.10 0.062  40   3 17:21:38     43579.72220    0.0000  2019/05/25
 1.0000000  10.0000000   28.6131   5379.000 0.017    0.4   -0.4 -4.11 0.062  40   1 17:22:22     43579.72271    0.0000  2019/05/25
 1.0000000  10.0000000   28.3689   5379.000 0.020    0.3   -0.8 -4.11 0.062  40   2 17:23:06     43579.72322    0.0000  2019/05/25
 1.0000000  10.0000000   28.3689   5378.998 0.011    0.3   -1.2 -4.11 0.062  40   0 17:23:50     43579.72372    0.0000  2019/05/25
 1.0000000  10.0000000   28.3689   5379.000 0.009    0.2   -1.5 -4.11 0.062  40   0 17:24:34     43579.72423    0.0000  2019/05/25