
/	CG-5 SURVEY
/	Survey name:   	pbz
/	Instrument S/N:	49459
/	Client:        	geoken
/	Operator:      	kalen
/	Date:          	2019/ 5/26
/	Time:          	08:28:11
/	LONG:        	77.1000000 E
/	LAT:         	43.7000000 N
/	ZONE:        	43      
/	GMT DIFF.:   	-6.0

/	CG-5 SETUP PARAMETERS
/	Gref:			1500.000
/	Gcal1:		8925.088
/	TiltxS:		659.143 
/	TiltyS:		644.285 
/	TiltxO:		3.573   
/	TiltyO:		-31.974 
/	Tempco:		-0.121  
/	Drift:		0.426   
/	DriftTime Start:	08:28:14
/	DriftDate Start:	2019/05/26

/	CG-5 OPTIONS
/	Tide Correction:    YES
/	Cont. Tilt:         YES
/	Auto Rejection:     YES
/	Terrain Corr.:       NO
/	Seismic Filter:     YES
/	Raw Data:           YES
Line	   1.000N
/------LINE-----STATION-----ALT.------GRAV.---SD.--TILTX--TILTY-TEMP---TIDE---DUR-REJ-----TIME----DEC.TIME+DATE--TERRAIN---DATE
 1.0000000  10.0000000   26.1717   5379.425 0.021   -2.6    2.4 -3.79 -0.027  40   7 08:29:00     43580.35291    0.0000  2019/05/26
 1.0000000  10.0000000   26.1717   5379.425 0.008   -2.5    2.6 -3.79 -0.027  40   0 08:29:49     43580.35347    0.0000  2019/05/26
 1.0000000  10.0000000   25.9275   5379.425 0.010   -2.4    2.7 -3.79 -0.027  40   2 08:30:33     43580.35398    0.0000  2019/05/26
 1.0000000  10.0000000   25.9275   5379.425 0.009   -2.5    2.6 -3.79 -0.027  40   5 08:31:17     43580.35449    0.0000  2019/05/26
 1.0000000  10.0000000   25.9275   5379.425 0.016   -2.2    2.8 -3.79 -0.027  40   0 08:32:01     43580.35500    0.0000  2019/05/26
 1.0000000  10.0000000   25.9275   5379.426 0.012   -2.2    2.9 -3.79 -0.026  40   4 08:32:45     43580.35551    0.0000  2019/05/26
 1.0000000   2.0000000   26.1717   5380.943 0.010    2.6   -3.4 -3.64 -0.026  40   0 08:44:21     43580.36355    0.0000  2019/05/26
 1.0000000   2.0000000   26.1717   5380.944 0.007    3.7   -3.9 -3.63 -0.026  40   0 08:45:10     43580.36412    0.0000  2019/05/26
 1.0000000   2.0000000   25.9275   5380.943 0.009    4.6   -4.3 -3.62 -0.026  40   0 08:45:54     43580.36462    0.0000  2019/05/26
 1.0000000   2.0000000   25.9275   5380.944 0.010    5.2   -4.6 -3.61 -0.026  40   3 08:46:38     43580.36513    0.0000  2019/05/26
 1.0000000   2.0000000   25.6834   5380.942 0.008    5.0   -5.1 -3.60 -0.026  40   0 08:47:22     43580.36564    0.0000  2019/05/26
 1.0000000   2.0000000   25.6834   5380.941 0.009    4.9   -5.6 -3.60 -0.026  40   0 08:48:06     43580.36615    0.0000  2019/05/26
 1.0000000   1.0000000   25.6834   5399.034 0.017    1.7   -1.9 -3.56 -0.025  40   0 08:59:09     43580.37381    0.0000  2019/05/26
 1.0000000   1.0000000   25.9275   5399.037 0.021    1.8   -1.2 -3.55 -0.025  40   0 08:59:58     43580.37438    0.0000  2019/05/26
 1.0000000   1.0000000   25.6834   5399.039 0.016    2.5   -1.4 -3.54 -0.025  40   1 09:00:42     43580.37489    0.0000  2019/05/26
 1.0000000   1.0000000   25.6834   5399.039 0.015    2.4   -1.3 -3.53 -0.025  40   0 09:01:26     43580.37539    0.0000  2019/05/26
 1.0000000   1.0000000   25.6834   5399.038 0.019    2.4   -1.5 -3.53 -0.025  40   0 09:02:10     43580.37590    0.0000  2019/05/26
 1.0000000   1.0000000   25.6834   5399.037 0.021    2.2   -1.8 -3.53 -0.025  40   1 09:02:54     43580.37641    0.0000  2019/05/26
 1.0000000   2.0000000   26.1717   5380.943 0.018   -0.1    0.2 -3.53 -0.024  40  13 09:15:08     43580.38489    0.0000  2019/05/26
 1.0000000   2.0000000   25.9275   5380.944 0.005    0.5    0.8 -3.52 -0.024  40   0 09:15:57     43580.38546    0.0000  2019/05/26
 1.0000000   2.0000000   25.9275   5380.945 0.008    1.3    1.2 -3.52 -0.024  40   0 09:16:41     43580.38597    0.0000  2019/05/26
 1.0000000   2.0000000   25.9275   5380.946 0.008    2.0    1.2 -3.52 -0.024  40   7 09:17:25     43580.38648    0.0000  2019/05/26
 1.0000000   2.0000000   25.9275   5380.944 0.012    2.3    1.0 -3.52 -0.024  40   0 09:18:09     43580.38698    0.0000  2019/05/26
 1.0000000   2.0000000   25.9275   5380.945 0.007    2.6    0.6 -3.52 -0.024  40   0 09:18:53     43580.38749    0.0000  2019/05/26
 1.0000000   1.0000000   26.4158   5399.031 0.014    0.0   -2.4 -3.55 -0.024  40   0 09:30:14     43580.39536    0.0000  2019/05/26
 1.0000000   1.0000000   26.4158   5399.033 0.011    0.3   -2.2 -3.55 -0.024  40   1 09:31:03     43580.39593    0.0000  2019/05/26
 1.0000000   1.0000000   26.4158   5399.034 0.009    0.9   -2.3 -3.55 -0.024  40   1 09:31:47     43580.39644    0.0000  2019/05/26
 1.0000000   1.0000000   26.1717   5399.034 0.015    1.1   -2.6 -3.56 -0.024  40   1 09:32:31     43580.39694    0.0000  2019/05/26
 1.0000000   1.0000000   26.4158   5399.034 0.009    1.2   -3.0 -3.56 -0.024  40   2 09:33:15     43580.39745    0.0000  2019/05/26
 1.0000000   1.0000000   25.9275   5399.034 0.018    1.1   -3.7 -3.56 -0.024  40   2 09:33:59     43580.39796    0.0000  2019/05/26
 1.0000000   2.0000000   26.9041   5380.937 0.021   -0.7   -2.1 -3.61 -0.023  40  14 09:45:17     43580.40580    0.0000  2019/05/26
 1.0000000   2.0000000   26.6600   5380.941 0.012   -0.2   -1.6 -3.59 -0.023  40   0 09:46:06     43580.40636    0.0000  2019/05/26
 1.0000000   2.0000000   26.6600   5380.943 0.014    0.3   -1.6 -3.59 -0.023  40  16 09:46:50     43580.40687    0.0000  2019/05/26
 1.0000000   2.0000000   26.6600   5380.945 0.020    1.0   -1.6 -3.58 -0.023  40   5 09:47:34     43580.40738    0.0000  2019/05/26
 1.0000000   2.0000000   26.6600   5380.942 0.007    1.4   -2.1 -3.58 -0.023  40   0 09:48:18     43580.40789    0.0000  2019/05/26
 1.0000000   2.0000000   26.4158   5380.944 0.006    1.8   -2.6 -3.58 -0.023  40   0 09:49:02     43580.40840    0.0000  2019/05/26
 1.0000000   2.0000000   26.4158   5380.943 0.006    1.9   -3.2 -3.59 -0.023  40   0 09:49:46     43580.40890    0.0000  2019/05/26
 1.0000000   2.0999999   26.9041   5369.032 0.012   -2.5   -2.7 -3.73 -0.022  40   0 09:57:35     43580.41432    0.0000  2019/05/26
 1.0000000   2.0999999   26.9041   5369.040 0.010   -2.1   -2.4 -3.73 -0.022  40   0 09:58:24     43580.41489    0.0000  2019/05/26
 1.0000000   2.0999999   26.9041   5369.043 0.013   -1.6   -2.2 -3.73 -0.022  40   0 09:59:08     43580.41540    0.0000  2019/05/26
 1.0000000   2.0999999   26.9041   5369.042 0.016   -1.7   -2.4 -3.74 -0.022  40   0 09:59:52     43580.41591    0.0000  2019/05/26
 1.0000000   2.0999999   26.9041   5369.047 0.026   -1.5   -2.6 -3.74 -0.022  40   3 10:00:36     43580.41642    0.0000  2019/05/26
 1.0000000   2.0999999   26.9041   5369.042 0.020   -1.6   -3.1 -3.74 -0.022  40   0 10:01:20     43580.41692    0.0000  2019/05/26
 1.0000000   2.0999999   26.9041   5369.043 0.013   -1.6   -3.4 -3.75 -0.022  40   0 10:02:04     43580.41743    0.0000  2019/05/26
 1.0000000   2.0999999   26.9041   5369.043 0.023   -1.6   -4.0 -3.75 -0.022  40   0 10:02:48     43580.41794    0.0000  2019/05/26
 1.0000000   2.0000000   27.1482   5380.928 0.018   -5.6    0.7 -3.78 -0.022  40  15 10:09:44     43580.42275    0.0000  2019/05/26
 1.0000000   2.0000000   27.1482   5380.931 0.007   -5.4    1.7 -3.77 -0.022  40   0 10:10:33     43580.42331    0.0000  2019/05/26
 1.0000000   2.0000000   27.1482   5380.931 0.006   -4.5    2.4 -3.77 -0.022  40   0 10:11:17     43580.42382    0.0000  2019/05/26
 1.0000000   2.0000000   26.9041   5380.933 0.006   -3.2    2.2 -3.76 -0.022  40   0 10:12:01     43580.42433    0.0000  2019/05/26
 1.0000000   2.0000000   26.9041   5380.934 0.007   -3.1    2.0 -3.76 -0.022  40   0 10:12:45     43580.42484    0.0000  2019/05/26
 1.0000000   2.0000000   26.9041   5380.933 0.018   -2.8    2.0 -3.75 -0.022  40  12 10:13:29     43580.42535    0.0000  2019/05/26
 1.0000000   2.0000000   26.9041   5380.932 0.005   -2.7    1.5 -3.75 -0.022  40   0 10:14:13     43580.42586    0.0000  2019/05/26
 1.0000000   2.0999999   26.9041   5369.043 0.018   -1.4   -1.1 -3.80 -0.021  40   0 10:20:52     43580.43047    0.0000  2019/05/26
 1.0000000   2.0999999   27.1482   5369.046 0.017   -0.9   -0.5 -3.80 -0.021  40   0 10:21:41     43580.43103    0.0000  2019/05/26
 1.0000000   2.0999999   26.9041   5369.047 0.010   -0.8   -0.1 -3.79 -0.021  40   0 10:22:25     43580.43154    0.0000  2019/05/26
 1.0000000   2.0999999   27.1482   5369.054 0.012   -0.6   -0.3 -3.79 -0.021  40   4 10:23:09     43580.43205    0.0000  2019/05/26
 1.0000000   2.0999999   26.9041   5369.047 0.012   -0.4   -0.7 -3.78 -0.021  40   0 10:23:53     43580.43256    0.0000  2019/05/26
 1.0000000   2.0999999   26.9041   5369.047 0.020   -0.7   -1.0 -3.78 -0.021  40   0 10:24:37     43580.43307    0.0000  2019/05/26
 1.0000000   2.0999999   26.9041   5369.051 0.020   -0.7   -1.4 -3.78 -0.021  40   0 10:25:21     43580.43358    0.0000  2019/05/26
 1.0000000   3.0000000   26.9041   5357.300 0.014    0.2   -1.4 -3.81 -0.021  40   1 10:31:19     43580.43771    0.0000  2019/05/26
 1.0000000   3.0000000   26.9041   5357.307 0.008    0.6   -0.9 -3.80 -0.021  40   0 10:32:08     43580.43828    0.0000  2019/05/26
 1.0000000   3.0000000   26.9041   5357.309 0.008    1.1   -1.0 -3.80 -0.020  40   0 10:32:52     43580.43879    0.0000  2019/05/26
 1.0000000   3.0000000   26.6600   5357.311 0.012    1.2   -1.4 -3.79 -0.020  40   3 10:33:36     43580.43930    0.0000  2019/05/26
 1.0000000   3.0000000   26.6600   5357.310 0.010    1.3   -1.6 -3.79 -0.020  40   0 10:34:20     43580.43980    0.0000  2019/05/26
 1.0000000   3.0000000   26.6600   5357.309 0.010    0.8   -2.3 -3.78 -0.020  40   0 10:35:04     43580.44031    0.0000  2019/05/26
 1.0000000   3.0000000   26.4158   5357.308 0.013    0.8   -2.8 -3.78 -0.020  40   0 10:35:48     43580.44082    0.0000  2019/05/26
 1.0000000   3.0000000   26.6600   5357.308 0.013   -0.1   -2.9 -3.78 -0.020   5   2 10:36:33     43580.44134    0.0000  2019/05/26
 1.0000000   2.0999999   26.6600   5369.051 0.023   -1.7    0.2 -3.79 -0.019  40   0 10:49:52     43580.45057    0.0000  2019/05/26
 1.0000000   2.0999999   26.6600   5369.050 0.029   -1.6    0.1 -3.78 -0.019  40   0 10:50:41     43580.45114    0.0000  2019/05/26
 1.0000000   2.0999999   26.6600   5369.051 0.043   -1.7   -0.1 -3.77 -0.019  40   0 10:51:25     43580.45165    0.0000  2019/05/26
 1.0000000   2.0999999   26.6600   5369.050 0.026   -2.0   -0.7 -3.77 -0.019  40   0 10:52:09     43580.45216    0.0000  2019/05/26
 1.0000000   2.0999999   26.6600   5369.051 0.019   -2.0   -1.0 -3.76 -0.019  40   0 10:52:53     43580.45267    0.0000  2019/05/26
 1.0000000   2.0999999   26.6600   5369.053 0.020   -1.8   -1.5 -3.76 -0.019  40   0 10:53:37     43580.45317    0.0000  2019/05/26
 1.0000000   3.0000000   26.6600   5357.310 0.018   -1.0    0.2 -3.79 -0.018  40   0 11:00:46     43580.45813    0.0000  2019/05/26
 1.0000000   3.0000000   26.6600   5357.313 0.013   -0.4    0.5 -3.78 -0.018  40   0 11:01:35     43580.45870    0.0000  2019/05/26
 1.0000000   3.0000000   26.6600   5357.312 0.010   -0.4    0.4 -3.78 -0.018  40   0 11:02:19     43580.45921    0.0000  2019/05/26
 1.0000000   3.0000000   26.6600   5357.312 0.011   -0.2    0.1 -3.78 -0.018  40   1 11:03:03     43580.45971    0.0000  2019/05/26
 1.0000000   3.0000000   26.6600   5357.311 0.010   -0.3   -0.3 -3.77 -0.018  40   0 11:03:47     43580.46022    0.0000  2019/05/26
 1.0000000   3.0000000   26.6600   5357.312 0.013   -0.2   -0.6 -3.77 -0.018  40  22 11:04:31     43580.46073    0.0000  2019/05/26
 1.0000000   4.0000000   26.9041   5336.334 0.015    0.6    0.0 -3.77 -0.017  40   0 11:14:12     43580.46745    0.0000  2019/05/26
 1.0000000   4.0000000   27.1482   5336.333 0.013    1.1   -0.9 -3.76 -0.017  40   0 11:15:01     43580.46801    0.0000  2019/05/26
 1.0000000   4.0000000   27.3924   5336.333 0.013    1.3   -1.5 -3.76 -0.017  40   0 11:15:45     43580.46852    0.0000  2019/05/26
 1.0000000   4.0000000   27.3924   5336.333 0.013    1.1   -2.2 -3.75 -0.017  40   0 11:16:29     43580.46903    0.0000  2019/05/26
 1.0000000   4.0000000   27.1482   5336.333 0.012    0.9   -2.7 -3.75 -0.017  40   0 11:17:13     43580.46954    0.0000  2019/05/26
 1.0000000   4.0000000   27.3924   5336.333 0.017    1.1   -3.2 -3.76 -0.017  40   2 11:17:57     43580.47005    0.0000  2019/05/26
 1.0000000   3.0000000   27.6365   5357.311 0.022    0.9    0.8 -3.84 -0.016  40   3 11:25:38     43580.47537    0.0000  2019/05/26
 1.0000000   3.0000000   27.8807   5357.312 0.007    1.2    1.1 -3.84 -0.016  40   3 11:26:27     43580.47594    0.0000  2019/05/26
 1.0000000   3.0000000   27.8807   5357.312 0.008    1.1    1.0 -3.85 -0.016  40   0 11:27:11     43580.47645    0.0000  2019/05/26
 1.0000000   3.0000000   27.8807   5357.313 0.006    1.2    0.6 -3.84 -0.016  40   0 11:27:55     43580.47696    0.0000  2019/05/26
 1.0000000   3.0000000   27.6365   5357.313 0.012    1.3    0.3 -3.85 -0.016  40   1 11:28:39     43580.47746    0.0000  2019/05/26
 1.0000000   3.0000000   27.6365   5357.313 0.009    1.5   -0.2 -3.85 -0.016  40   0 11:29:23     43580.47797    0.0000  2019/05/26
 1.0000000   4.0000000   28.1248   5336.333 0.018    0.8    2.9 -3.90 -0.015  40   1 11:38:00     43580.48395    0.0000  2019/05/26
 1.0000000   4.0000000   28.1248   5336.334 0.022    1.2    3.0 -3.89 -0.015  40   1 11:38:49     43580.48451    0.0000  2019/05/26
 1.0000000   4.0000000   28.3689   5336.335 0.019    1.3    2.9 -3.89 -0.015  40   0 11:39:33     43580.48502    0.0000  2019/05/26
 1.0000000   4.0000000   28.1248   5336.334 0.022    1.2    2.9 -3.88 -0.015  40   0 11:40:17     43580.48553    0.0000  2019/05/26
 1.0000000   4.0000000   28.3689   5336.334 0.022    0.9    2.4 -3.88 -0.015  40   0 11:41:01     43580.48604    0.0000  2019/05/26
 1.0000000   4.0000000   28.3689   5336.334 0.016    0.8    2.3 -3.89 -0.015  40   0 11:41:45     43580.48655    0.0000  2019/05/26
 1.0000000   4.0000000   28.3689   5336.333 0.024    0.9    2.0 -3.89 -0.015  40   0 11:42:29     43580.48706    0.0000  2019/05/26
 1.0000000   5.0000000   29.1014   5318.205 0.020   -1.3    1.0 -3.98 -0.013  40   0 11:54:21     43580.49528    0.0000  2019/05/26
 1.0000000   5.0000000   29.1014   5318.208 0.029   -0.8    1.4 -3.98 -0.013  40   0 11:55:10     43580.49585    0.0000  2019/05/26
 1.0000000   5.0000000   29.1014   5318.210 0.015   -0.4    1.4 -3.98 -0.013  40   0 11:55:54     43580.49636    0.0000  2019/05/26
 1.0000000   5.0000000   29.1014   5318.212 0.016   -0.2    1.2 -3.98 -0.013  40   0 11:56:38     43580.49687    0.0000  2019/05/26
 1.0000000   5.0000000   28.8572   5318.212 0.014   -0.2    1.0 -3.98 -0.013  40   0 11:57:22     43580.49737    0.0000  2019/05/26
 1.0000000   5.0000000   28.8572   5318.213 0.013    0.0    0.8 -3.99 -0.013  40   0 11:58:06     43580.49788    0.0000  2019/05/26
 1.0000000   5.0000000   29.1014   5318.212 0.016    0.2    0.5 -3.99 -0.012  40   0 11:58:50     43580.49839    0.0000  2019/05/26
 1.0000000   4.0000000   29.3455   5336.320 0.019    0.9   -0.8 -4.06 -0.011  40   0 12:08:44     43580.50526    0.0000  2019/05/26
 1.0000000   4.0000000   29.3455   5336.323 0.016    0.9    0.3 -4.05 -0.011  40   0 12:09:33     43580.50582    0.0000  2019/05/26
 1.0000000   4.0000000   29.3455   5336.326 0.014    1.3    0.6 -4.05 -0.011  40   0 12:10:17     43580.50633    0.0000  2019/05/26
 1.0000000   4.0000000   29.3455   5336.327 0.015    1.4    0.6 -4.05 -0.011  40   0 12:11:01     43580.50684    0.0000  2019/05/26
 1.0000000   4.0000000   29.5896   5336.327 0.019    1.2    0.5 -4.05 -0.011  40   0 12:11:45     43580.50735    0.0000  2019/05/26
 1.0000000   4.0000000   29.5896   5336.326 0.025    1.5    0.2 -4.05 -0.011  40   0 12:12:29     43580.50786    0.0000  2019/05/26
 1.0000000   5.0000000   30.0779   5318.204 0.027   -0.7   -0.7 -4.16 -0.010  40   0 12:20:56     43580.51371    0.0000  2019/05/26
 1.0000000   5.0000000   30.0779   5318.206 0.023    0.0   -0.5 -4.16 -0.009  40   1 12:21:45     43580.51428    0.0000  2019/05/26
 1.0000000   5.0000000   29.8338   5318.204 0.015    0.4   -0.8 -4.16 -0.009  40   0 12:22:29     43580.51479    0.0000  2019/05/26
 1.0000000   5.0000000   29.8338   5318.205 0.015    0.9   -1.1 -4.16 -0.009  40   1 12:23:13     43580.51530    0.0000  2019/05/26
 1.0000000   5.0000000   29.8338   5318.207 0.016    1.2   -1.6 -4.16 -0.009  40   0 12:23:57     43580.51581    0.0000  2019/05/26
 1.0000000   5.0000000   29.5896   5318.206 0.019    1.4   -1.9 -4.17 -0.009  40   0 12:24:41     43580.51631    0.0000  2019/05/26
 1.0000000   6.0000000   29.5896   5298.152 0.029   -1.1   -2.2 -4.23 -0.008  40   3 12:32:56     43580.52203    0.0000  2019/05/26
 1.0000000   6.0000000   29.5896   5298.163 0.029   -1.1   -1.8 -4.23 -0.008  40   0 12:33:45     43580.52260    0.0000  2019/05/26
 1.0000000   6.0000000   29.3455   5298.159 0.019   -0.7   -1.7 -4.22 -0.008  40   0 12:34:29     43580.52311    0.0000  2019/05/26
 1.0000000   6.0000000   29.3455   5298.157 0.027   -0.7   -2.1 -4.22 -0.007  40   0 12:35:13     43580.52362    0.0000  2019/05/26
 1.0000000   6.0000000   29.3455   5298.161 0.019   -0.7   -2.8 -4.22 -0.007  40   0 12:35:57     43580.52413    0.0000  2019/05/26
 1.0000000   6.0000000   29.3455   5298.159 0.021   -1.1   -3.3 -4.21 -0.007  40   0 12:36:41     43580.52463    0.0000  2019/05/26
 1.0000000   6.0000000   29.3455   5298.159 0.021   -1.2   -3.5 -4.21 -0.007  40   0 12:37:25     43580.52514    0.0000  2019/05/26
 1.0000000   6.0000000   29.1014   5298.157 0.025   -1.3   -4.3 -4.22 -0.007  40   0 12:38:09     43580.52565    0.0000  2019/05/26
 1.0000000   5.0000000   28.8572   5318.214 0.013   -0.6    0.0 -4.19 -0.005  40   0 12:47:36     43580.53220    0.0000  2019/05/26
 1.0000000   5.0000000   28.8572   5318.214 0.014   -0.2    0.0 -4.18 -0.005  40   0 12:48:25     43580.53277    0.0000  2019/05/26
 1.0000000   5.0000000   28.8572   5318.215 0.015    0.1   -0.1 -4.17 -0.005  40   0 12:49:09     43580.53328    0.0000  2019/05/26
 1.0000000   5.0000000   28.8572   5318.211 0.019    0.0   -0.7 -4.17 -0.005  40   0 12:49:53     43580.53379    0.0000  2019/05/26
 1.0000000   5.0000000   28.8572   5318.215 0.015   -0.3   -1.4 -4.16 -0.005  40   0 12:50:37     43580.53429    0.0000  2019/05/26
 1.0000000   5.0000000   28.8572   5318.214 0.023    0.3   -1.5 -4.16 -0.005  40   0 12:51:21     43580.53480    0.0000  2019/05/26
 1.0000000   6.0000000   28.8572   5298.148 0.035    0.0   -1.5 -4.17 -0.003  40   0 12:59:35     43580.54051    0.0000  2019/05/26
 1.0000000   6.0000000   28.8572   5298.151 0.031    0.1   -1.1 -4.16 -0.003  40   2 13:00:24     43580.54108    0.0000  2019/05/26
 1.0000000   6.0000000   29.1014   5298.152 0.025    0.5   -1.1 -4.15 -0.003  40   0 13:01:08     43580.54159    0.0000  2019/05/26
 1.0000000   6.0000000   28.8572   5298.153 0.024    0.4   -1.0 -4.14 -0.003  40   0 13:01:52     43580.54209    0.0000  2019/05/26
 1.0000000   6.0000000   28.8572   5298.152 0.025    1.1   -1.8 -4.14 -0.003  40   0 13:02:36     43580.54260    0.0000  2019/05/26
 1.0000000   6.0000000   28.8572   5298.154 0.032    1.0   -2.0 -4.13 -0.003  40   0 13:03:20     43580.54311    0.0000  2019/05/26
 1.0000000   5.0000000   29.1014   5318.207 0.017    1.6    2.1 -4.13 -0.001  40   0 13:12:29     43580.54946    0.0000  2019/05/26
 1.0000000   5.0000000   28.8572   5318.208 0.026    2.3    3.1 -4.12 -0.001  40   0 13:13:18     43580.55002    0.0000  2019/05/26
 1.0000000   5.0000000   28.8572   5318.205 0.032    2.7    3.4 -4.11 -0.001  40   0 13:14:02     43580.55053    0.0000  2019/05/26
 1.0000000   5.0000000   28.8572   5318.209 0.025    2.6    3.3 -4.11 -0.001  40   0 13:14:46     43580.55104    0.0000  2019/05/26
 1.0000000   5.0000000   28.8572   5318.209 0.016    3.5    3.0 -4.11 -0.001  40   0 13:15:30     43580.55155    0.0000  2019/05/26
 1.0000000   5.0000000   28.8572   5318.207 0.017    3.9    2.3 -4.11 0.000  40   0 13:16:14     43580.55206    0.0000  2019/05/26
 1.0000000   6.0000000   29.3455   5298.157 0.015    2.9   -1.4 -4.15 0.001  40   0 13:25:52     43580.55873    0.0000  2019/05/26
 1.0000000   6.0000000   29.3455   5298.158 0.019    2.8   -1.6 -4.15 0.001  40   0 13:26:41     43580.55930    0.0000  2019/05/26
 1.0000000   6.0000000   29.3455   5298.160 0.016    3.1   -1.7 -4.15 0.001  40   0 13:27:25     43580.55981    0.0000  2019/05/26
 1.0000000   6.0000000   29.1014   5298.167 0.013    3.3   -2.0 -4.14 0.001  40   3 13:28:09     43580.56032    0.0000  2019/05/26
 1.0000000   6.0000000   29.1014   5298.163 0.016    3.5   -2.4 -4.14 0.001  40   0 13:28:53     43580.56083    0.0000  2019/05/26
 1.0000000   6.0000000   29.1014   5298.165 0.019    3.9   -3.1 -4.14 0.001  40   0 13:29:37     43580.56133    0.0000  2019/05/26
 1.0000000   6.0000000   28.8572   5298.161 0.016    3.8   -3.6 -4.15 0.001  40   0 13:30:21     43580.56184    0.0000  2019/05/26
 1.0000000   6.0000000   28.8572   5298.162 0.016    3.9   -4.3 -4.15 0.001  40   0 13:31:05     43580.56235    0.0000  2019/05/26
 1.0000000   6.0000000   28.8572   5298.161 0.014    3.9   -4.8 -4.16 0.002  40   0 13:31:49     43580.56286    0.0000  2019/05/26
 1.0000000   6.0000000   28.8572   5298.161 0.017    4.2   -5.0 -4.17 0.002  40   0 13:32:33     43580.56337    0.0000  2019/05/26
 1.0000000   5.0000000   29.3455   5318.208 0.017    2.0    1.0 -4.19 0.003  40   2 13:40:55     43580.56917    0.0000  2019/05/26
 1.0000000   5.0000000   29.3455   5318.209 0.013    2.1    2.0 -4.18 0.004  40   0 13:41:44     43580.56974    0.0000  2019/05/26
 1.0000000   5.0000000   29.3455   5318.210 0.023    2.4    2.0 -4.17 0.004  40   0 13:42:28     43580.57024    0.0000  2019/05/26
 1.0000000   5.0000000   29.3455   5318.212 0.012    2.3    1.8 -4.16 0.004  40   1 13:43:12     43580.57075    0.0000  2019/05/26
 1.0000000   5.0000000   29.5896   5318.212 0.014    2.2    1.5 -4.16 0.004  40   0 13:43:56     43580.57126    0.0000  2019/05/26
 1.0000000   5.0000000   29.3455   5318.212 0.012    2.0    1.0 -4.16 0.004  40   0 13:44:40     43580.57177    0.0000  2019/05/26
 1.0000000   5.0000000   29.3455   5318.212 0.013    2.2    0.6 -4.16 0.004  40   0 13:45:24     43580.57228    0.0000  2019/05/26
 1.0000000   4.0000000   30.3221   5336.331 0.015   -5.5   -1.3 -4.23 0.006  40   1 13:53:28     43580.57787    0.0000  2019/05/26
 1.0000000   4.0000000   30.5662   5336.333 0.014   -7.8   -1.1 -4.22 0.006  40   0 13:54:17     43580.57844    0.0000  2019/05/26
 1.0000000   4.0000000   30.8103   5336.336 0.015  -10.3   -0.9 -4.21 0.006  40   0 13:55:01     43580.57894    0.0000  2019/05/26
 1.0000000   4.0000000   31.0545   5336.334 0.016  -12.0   -0.9 -4.21 0.007  40   0 13:55:45     43580.57945    0.0000  2019/05/26
 1.0000000   4.0000000   31.5428   5336.335 0.017  -13.9   -1.7 -4.21 0.007  40   0 13:56:29     43580.57996    0.0000  2019/05/26
 1.0000000   4.0000000   32.0310   5336.331 0.018  -15.6   -2.2 -4.21 0.007  40   0 13:57:13     43580.58047    0.0000  2019/05/26
 1.0000000   4.0000000   32.2752   5336.342 0.033  -16.5   -2.6 -4.22 0.007  40   0 13:57:57     43580.58098    0.0000  2019/05/26
 1.0000000   5.0000000   33.2517   5318.211 0.472    3.2   -2.0 -4.45 0.009  40   0 14:06:57     43580.58722    0.0000  2019/05/26
 1.0000000   5.0000000   33.2517   5318.207 0.412    3.8   -1.8 -4.46 0.009  40   0 14:07:47     43580.58780    0.0000  2019/05/26
 1.0000000   5.0000000   33.0076   5318.200 0.311    4.8   -2.2 -4.48 0.009  40   0 14:08:31     43580.58830    0.0000  2019/05/26
 1.0000000   5.0000000   33.0076   5318.217 0.233    5.2   -2.9 -4.49 0.009  40   0 14:09:15     43580.58881    0.0000  2019/05/26
 1.0000000   5.0000000   33.0076   5318.212 0.310    5.3   -3.2 -4.50 0.009  40   0 14:10:00     43580.58933    0.0000  2019/05/26
 1.0000000   5.0000000   30.5662   5318.208 0.026    1.6   -0.1 -4.56 0.026  40   0 15:26:09     43580.64213    0.0000  2019/05/26
 1.0000000   5.0000000   30.5662   5318.223 0.038    1.5   -0.4 -4.56 0.026  40   0 15:26:58     43580.64270    0.0000  2019/05/26
 1.0000000   5.0000000   30.5662   5318.203 0.070    1.4   -0.5 -4.56 0.026  40   0 15:27:42     43580.64321    0.0000  2019/05/26
 1.0000000   5.0000000   30.5662   5318.231 0.062    1.6   -0.9 -4.56 0.026  40   0 15:28:26     43580.64371    0.0000  2019/05/26
 1.0000000   5.0000000   30.5662   5318.213 0.051    1.6   -0.9 -4.56 0.026  40   0 15:29:10     43580.64422    0.0000  2019/05/26
 1.0000000   5.0000000   30.8103   5318.218 0.045    1.7   -0.8 -4.56 0.026  40   0 15:29:54     43580.64473    0.0000  2019/05/26
 1.0000000   5.0000000   31.0545   5318.198 0.038    1.6   -0.9 -4.56 0.026  40   0 15:30:38     43580.64524    0.0000  2019/05/26
 1.0000000   5.0000000   30.5662   5318.186 0.059    1.9   -0.8 -4.56 0.027  40   0 15:31:22     43580.64575    0.0000  2019/05/26
 1.0000000   5.0000000   30.5662   5318.250 0.061    2.0   -1.0 -4.56 0.027  40   0 15:32:06     43580.64626    0.0000  2019/05/26
 1.0000000   5.0000000   30.5662   5318.211 0.027   -1.5   -1.5 -4.57 0.029  40   0 15:43:56     43580.65446    0.0000  2019/05/26
 1.0000000   5.0000000   30.8103   5318.218 0.023   -1.5   -1.6 -4.57 0.029  40   0 15:44:45     43580.65503    0.0000  2019/05/26
 1.0000000   5.0000000   30.8103   5318.197 0.019   -2.1   -1.4 -4.57 0.029  40   1 15:45:29     43580.65554    0.0000  2019/05/26
 1.0000000   5.0000000   30.5662   5318.230 0.030   -2.3   -1.6 -4.57 0.030  40   0 15:46:13     43580.65604    0.0000  2019/05/26
 1.0000000   2.0000000   31.0545   5380.961 0.015    0.8   -0.2 -4.44 0.034  40   0 16:08:12     43580.67129    0.0000  2019/05/26
 1.0000000   2.0000000   31.2986   5380.954 0.019    1.0    0.5 -4.44 0.034  40   0 16:09:01     43580.67185    0.0000  2019/05/26
 1.0000000   2.0000000   31.2986   5380.954 0.015    1.4    0.7 -4.43 0.034  40   0 16:09:45     43580.67236    0.0000  2019/05/26
 1.0000000   2.0000000   31.0545   5380.956 0.020    1.3    0.7 -4.44 0.034  40   0 16:10:29     43580.67287    0.0000  2019/05/26
 1.0000000   2.0000000   31.0545   5380.949 0.017    0.8    0.7 -4.44 0.034  40   0 16:11:13     43580.67338    0.0000  2019/05/26
 1.0000000   2.0000000   31.0545   5380.967 0.018    0.6    0.5 -4.44 0.034  40   0 16:11:57     43580.67389    0.0000  2019/05/26
 1.0000000   2.0000000   31.2986   5380.949 0.025    0.4   -0.2 -4.45 0.035  40   2 16:12:41     43580.67439    0.0000  2019/05/26
 1.0000000   2.0000000   31.0545   5380.960 0.024    0.1   -0.4 -4.46 0.035  40   2 16:13:25     43580.67490    0.0000  2019/05/26
 1.0000000  10.0000000   31.2986   5379.433 0.013   -0.2   -0.7 -4.57 0.037  40   3 16:26:45     43580.68415    0.0000  2019/05/26
 1.0000000  10.0000000   31.2986   5379.447 0.011    0.0   -0.2 -4.57 0.037  40   0 16:27:34     43580.68471    0.0000  2019/05/26
 1.0000000  10.0000000   31.2986   5379.448 0.012    0.0    0.0 -4.57 0.037  40   0 16:28:18     43580.68522    0.0000  2019/05/26
 1.0000000  10.0000000   31.0545   5379.444 0.012    0.0   -0.1 -4.57 0.037  40   0 16:29:02     43580.68573    0.0000  2019/05/26
 1.0000000  10.0000000   31.0545   5379.422 0.011   -0.1   -0.4 -4.58 0.037  40   0 16:29:46     43580.68624    0.0000  2019/05/26
 1.0000000  10.0000000   31.0545   5379.447 0.018    0.0   -0.8 -4.58 0.037  40   0 16:30:30     43580.68675    0.0000  2019/05/26