
/	CG-5 SURVEY
/	Survey name:   	pbz
/	Instrument S/N:	49459
/	Client:        	geoken
/	Operator:      	kalen
/	Date:          	2019/ 5/24
/	Time:          	08:27:59
/	LONG:        	77.1000000 E
/	LAT:         	43.7000000 N
/	ZONE:        	43      
/	GMT DIFF.:   	-6.0

/	CG-5 SETUP PARAMETERS
/	Gref:			1500.000
/	Gcal1:		8925.088
/	TiltxS:		659.143 
/	TiltyS:		644.285 
/	TiltxO:		3.573   
/	TiltyO:		-31.974 
/	Tempco:		-0.121  
/	Drift:		0.426   
/	DriftTime Start:	08:28:00
/	DriftDate Start:	2019/05/24

/	CG-5 OPTIONS
/	Tide Correction:    YES
/	Cont. Tilt:         YES
/	Auto Rejection:     YES
/	Terrain Corr.:       NO
/	Seismic Filter:     YES
/	Raw Data:           YES
Line	   1.000N
/------LINE-----STATION-----ALT.------GRAV.---SD.--TILTX--TILTY-TEMP---TIDE---DUR-REJ-----TIME----DEC.TIME+DATE--TERRAIN---DATE
 1.0000000  10.0000000   26.9041   5378.561 0.014    0.0   -5.2 -3.91 -0.053  40   2 08:31:49     43578.35486    0.0000  2019/05/24
 1.0000000  10.0000000   26.9041   5378.559 0.015   -0.3   -6.0 -3.92 -0.053  40   8 08:32:38     43578.35543    0.0000  2019/05/24
 1.0000000  10.0000000   26.9041   5378.560 0.008   -0.5   -6.7 -3.91 -0.053  40   3 08:33:22     43578.35593    0.0000  2019/05/24
 1.0000000  10.0000000   26.6600   5378.560 0.007   -0.9   -6.9 -3.90 -0.053  40   0 08:34:06     43578.35644    0.0000  2019/05/24
 1.0000000  10.0000000   26.9041   5378.560 0.008   -1.1   -6.9 -3.89 -0.053  40   0 08:34:50     43578.35695    0.0000  2019/05/24
 1.0000000  10.0000000   26.6600   5378.561 0.010   -1.5   -7.0 -3.87 -0.053  40   0 08:35:34     43578.35746    0.0000  2019/05/24
 1.0000000   2.0000000   27.3924   5380.076 0.012   -1.4   -0.4 -3.66 -0.050  40   2 08:55:54     43578.37156    0.0000  2019/05/24
 1.0000000   2.0000000   27.1482   5380.076 0.012   -1.2    0.2 -3.66 -0.050  40   2 08:56:43     43578.37212    0.0000  2019/05/24
 1.0000000   2.0000000   27.3924   5380.076 0.014   -0.7    0.4 -3.66 -0.050  40   0 08:57:27     43578.37263    0.0000  2019/05/24
 1.0000000   2.0000000   26.9041   5380.074 0.011   -0.2    0.2 -3.66 -0.050  40   0 08:58:11     43578.37314    0.0000  2019/05/24
 1.0000000   2.0000000   26.6600   5380.074 0.010   -0.1    0.0 -3.67 -0.050  40   1 08:58:55     43578.37365    0.0000  2019/05/24
 1.0000000   2.0000000   26.6600   5380.075 0.011    0.0   -0.1 -3.67 -0.049  40   0 08:59:39     43578.37416    0.0000  2019/05/24
 1.0000000   1.0000000   26.4158   5398.156 0.024   -0.2    0.1 -3.66 -0.047  40   0 09:12:55     43578.38336    0.0000  2019/05/24
 1.0000000   1.0000000   26.4158   5398.158 0.018    0.1    0.8 -3.65 -0.047  40   0 09:13:44     43578.38392    0.0000  2019/05/24
 1.0000000   1.0000000   26.4158   5398.161 0.008    0.6    0.2 -3.65 -0.047  40   0 09:14:28     43578.38443    0.0000  2019/05/24
 1.0000000   1.0000000   25.9275   5398.160 0.017    0.9    0.3 -3.65 -0.047  40   1 09:15:12     43578.38494    0.0000  2019/05/24
 1.0000000   1.0000000   25.6834   5398.161 0.013    0.9   -0.1 -3.64 -0.047  40   0 09:15:56     43578.38545    0.0000  2019/05/24
 1.0000000   1.0000000   25.6834   5398.162 0.009    1.0   -0.9 -3.64 -0.047  40   0 09:16:40     43578.38596    0.0000  2019/05/24
 1.0000000   1.0000000   25.4393   5398.161 0.009    0.9   -1.3 -3.64 -0.047  40   0 09:17:24     43578.38646    0.0000  2019/05/24
 1.0000000   2.0000000   25.4393   5380.071 0.035   -2.4    3.6 -3.52 -0.044  40   3 09:30:45     43578.39572    0.0000  2019/05/24
 1.0000000   2.0000000   25.1951   5380.073 0.010   -2.3    4.4 -3.51 -0.044  40   1 09:31:34     43578.39629    0.0000  2019/05/24
 1.0000000   2.0000000   25.4393   5380.074 0.011   -1.9    4.8 -3.50 -0.043  40   0 09:32:18     43578.39679    0.0000  2019/05/24
 1.0000000   2.0000000   25.6834   5380.075 0.008   -1.8    4.7 -3.49 -0.043  40   0 09:33:02     43578.39730    0.0000  2019/05/24
 1.0000000   2.0000000   25.1951   5380.074 0.010   -1.9    4.7 -3.48 -0.043  40   0 09:33:46     43578.39781    0.0000  2019/05/24
 1.0000000   2.0000000   25.1951   5380.075 0.013   -1.6    4.3 -3.48 -0.043  40   1 09:34:30     43578.39832    0.0000  2019/05/24
 1.0000000   2.0000000   25.1951   5380.072 0.014   -1.6    3.8 -3.48 -0.043  40   2 09:35:14     43578.39883    0.0000  2019/05/24
 1.0000000   1.0000000   25.6834   5398.165 0.031   -0.5   -1.1 -3.47 -0.040  40   0 09:47:55     43578.40762    0.0000  2019/05/24
 1.0000000   1.0000000   25.4393   5398.167 0.031    0.2   -0.5 -3.47 -0.039  40   0 09:48:44     43578.40819    0.0000  2019/05/24
 1.0000000   1.0000000   25.4393   5398.165 0.034   -0.1   -0.8 -3.47 -0.039  40   0 09:49:28     43578.40870    0.0000  2019/05/24
 1.0000000   1.0000000   25.1951   5398.166 0.034   -0.4   -1.2 -3.47 -0.039  40   0 09:50:12     43578.40921    0.0000  2019/05/24
 1.0000000   1.0000000   25.1951   5398.165 0.046    0.0   -0.7 -3.47 -0.039  40   0 09:50:56     43578.40971    0.0000  2019/05/24
 1.0000000   1.0000000   24.9510   5398.165 0.036    0.3   -0.4 -3.47 -0.039  40   1 09:51:40     43578.41022    0.0000  2019/05/24
 1.0000000   1.0000000   24.9510   5398.169 0.024    1.1   -0.2 -3.47 -0.039  40   0 09:52:24     43578.41073    0.0000  2019/05/24
 1.0000000   1.0000000   24.7068   5398.163 0.031    0.4   -0.9 -3.48 -0.038  40   2 09:53:09     43578.41125    0.0000  2019/05/24
 1.0000000   2.0000000   25.1951   5380.068 0.026    0.6    1.3 -3.44 -0.035  40   5 10:06:19     43578.42038    0.0000  2019/05/24
 1.0000000   2.0000000   25.1951   5380.074 0.017    0.5    1.4 -3.43 -0.034  40   4 10:07:08     43578.42095    0.0000  2019/05/24
 1.0000000   2.0000000   25.1951   5380.074 0.010    0.9    1.3 -3.43 -0.034  40   0 10:07:52     43578.42145    0.0000  2019/05/24
 1.0000000   2.0000000   25.4393   5380.073 0.014    0.8    1.2 -3.42 -0.034  40   2 10:08:36     43578.42196    0.0000  2019/05/24
 1.0000000   2.0000000   25.1951   5380.072 0.011    0.6    0.6 -3.42 -0.034  40   0 10:09:20     43578.42247    0.0000  2019/05/24
 1.0000000   2.0000000   25.4393   5380.073 0.010    0.4    0.3 -3.43 -0.034  40   0 10:10:04     43578.42298    0.0000  2019/05/24
 1.0000000   2.0000000   25.4393   5380.073 0.008    0.2    0.0 -3.43 -0.033  40   0 10:10:48     43578.42349    0.0000  2019/05/24
 1.0000000   2.0000000   25.4393   5380.072 0.008    0.4   -0.5 -3.44 -0.033  20   2 10:11:33     43578.42401    0.0000  2019/05/24
 1.0000000   2.0999999   25.6834   5368.172 0.015   -0.7   -0.3 -3.53 -0.031  40   3 10:20:02     43578.42989    0.0000  2019/05/24
 1.0000000   2.0999999   25.6834   5368.172 0.031   -0.8    0.2 -3.53 -0.030  40   6 10:20:51     43578.43046    0.0000  2019/05/24
 1.0000000   2.0999999   25.6834   5368.174 0.018   -1.0    0.4 -3.53 -0.030  40   1 10:21:35     43578.43096    0.0000  2019/05/24
 1.0000000   2.0999999   25.6834   5368.175 0.018   -1.1    0.3 -3.53 -0.030  40   1 10:22:19     43578.43147    0.0000  2019/05/24
 1.0000000   2.0999999   25.6834   5368.173 0.024   -1.2    0.4 -3.53 -0.030  40   0 10:23:03     43578.43198    0.0000  2019/05/24
 1.0000000   2.0999999   25.6834   5368.174 0.020   -1.1    0.1 -3.53 -0.029  40   1 10:23:47     43578.43249    0.0000  2019/05/24
 1.0000000   2.0999999   25.6834   5368.174 0.023   -1.2    0.0 -3.53 -0.029  40   0 10:24:31     43578.43300    0.0000  2019/05/24
 1.0000000   2.0999999   25.6834   5368.175 0.030   -1.0   -0.4 -3.54 -0.029  40   3 10:25:16     43578.43352    0.0000  2019/05/24
 1.0000000   2.0000000   25.6834   5380.068 0.009   -0.5    2.4 -3.59 -0.026  40   6 10:33:39     43578.43933    0.0000  2019/05/24
 1.0000000   2.0000000   25.9275   5380.069 0.010   -0.4    3.1 -3.58 -0.026  40   4 10:34:28     43578.43990    0.0000  2019/05/24
 1.0000000   2.0000000   25.6834   5380.069 0.018   -0.4    3.7 -3.57 -0.026  40   0 10:35:12     43578.44041    0.0000  2019/05/24
 1.0000000   2.0000000   25.6834   5380.070 0.008   -0.4    3.7 -3.57 -0.025  40   0 10:35:56     43578.44091    0.0000  2019/05/24
 1.0000000   2.0000000   25.9275   5380.072 0.011   -0.3    3.5 -3.57 -0.025  40   0 10:36:40     43578.44142    0.0000  2019/05/24
 1.0000000   2.0000000   25.6834   5380.070 0.022   -0.5    3.4 -3.56 -0.025  40   9 10:37:24     43578.44193    0.0000  2019/05/24
 1.0000000   2.0000000   25.9275   5380.070 0.023   -0.5    3.2 -3.56 -0.025  40   0 10:38:08     43578.44244    0.0000  2019/05/24
 1.0000000   2.0000000   25.9275   5380.069 0.015   -0.4    2.9 -3.57 -0.024  40   1 10:38:53     43578.44296    0.0000  2019/05/24
 1.0000000   2.0999999   26.4158   5368.178 0.030    0.3    1.4 -3.66 -0.020  40   5 10:51:56     43578.45201    0.0000  2019/05/24
 1.0000000   2.0999999   26.6600   5368.176 0.033    0.8    2.0 -3.66 -0.019  40   2 10:52:46     43578.45258    0.0000  2019/05/24
 1.0000000   2.0999999   26.6600   5368.176 0.021    1.0    2.1 -3.66 -0.019  40   4 10:53:30     43578.45309    0.0000  2019/05/24
 1.0000000   2.0999999   26.6600   5368.175 0.035    1.0    2.2 -3.66 -0.019  40   1 10:54:14     43578.45360    0.0000  2019/05/24
 1.0000000   2.0999999   26.6600   5368.177 0.036    1.1    1.8 -3.66 -0.019  40   0 10:54:58     43578.45411    0.0000  2019/05/24
 1.0000000   2.0999999   26.6600   5368.196 0.043    1.0    1.8 -3.67 -0.018  40   5 10:55:42     43578.45462    0.0000  2019/05/24
 1.0000000   2.0999999   26.4158   5368.176 0.037    1.1    1.6 -3.67 -0.018  40   1 10:56:26     43578.45513    0.0000  2019/05/24
 1.0000000   2.0999999   26.4158   5368.175 0.034    1.3    1.5 -3.68 -0.018  40   1 10:57:11     43578.45565    0.0000  2019/05/24
 1.0000000   3.0000000   26.4158   5356.424 0.018   -0.1    0.9 -3.74 -0.015  40   2 11:04:39     43578.46082    0.0000  2019/05/24
 1.0000000   3.0000000   26.4158   5356.428 0.014   -0.1    1.9 -3.73 -0.015  40   1 11:05:28     43578.46139    0.0000  2019/05/24
 1.0000000   3.0000000   26.4158   5356.428 0.016    0.1    2.2 -3.73 -0.014  40   2 11:06:12     43578.46190    0.0000  2019/05/24
 1.0000000   3.0000000   26.4158   5356.429 0.030    0.2    2.0 -3.72 -0.014  40   4 11:06:56     43578.46241    0.0000  2019/05/24
 1.0000000   3.0000000   26.4158   5356.429 0.017    0.2    2.2 -3.71 -0.014  40   2 11:07:40     43578.46292    0.0000  2019/05/24
 1.0000000   3.0000000   26.4158   5356.431 0.020   -0.4    1.7 -3.70 -0.014  40   0 11:08:24     43578.46342    0.0000  2019/05/24
 1.0000000   2.0999999   26.9041   5368.181 0.060   -2.1    0.2 -3.73 -0.011  40   1 11:15:48     43578.46855    0.0000  2019/05/24
 1.0000000   2.0999999   26.9041   5368.179 0.029   -2.2    0.8 -3.73 -0.011  40   0 11:16:37     43578.46912    0.0000  2019/05/24
 1.0000000   2.0999999   26.9041   5368.180 0.025   -2.1    0.7 -3.72 -0.010  40   0 11:17:21     43578.46963    0.0000  2019/05/24
 1.0000000   2.0999999   26.6600   5368.180 0.030   -2.4    0.7 -3.72 -0.010  40   0 11:18:06     43578.47015    0.0000  2019/05/24
 1.0000000   2.0999999   26.6600   5368.181 0.026   -2.3    0.5 -3.72 -0.009  40   0 11:18:50     43578.47066    0.0000  2019/05/24
 1.0000000   2.0999999   26.6600   5368.180 0.033   -2.5    0.2 -3.72 -0.009  40   0 11:19:34     43578.47117    0.0000  2019/05/24
 1.0000000   2.0999999   26.6600   5368.179 0.030   -2.2    0.0 -3.73 -0.009  40   0 11:20:18     43578.47167    0.0000  2019/05/24
 1.0000000   3.0000000   26.6600   5356.435 0.022    2.0    0.9 -3.78 -0.006  40   0 11:27:38     43578.47676    0.0000  2019/05/24
 1.0000000   3.0000000   26.6600   5356.435 0.014    2.9    1.5 -3.77 -0.006  40   1 11:28:27     43578.47733    0.0000  2019/05/24
 1.0000000   3.0000000   26.9041   5356.436 0.015    3.9    1.6 -3.76 -0.005  40   0 11:29:11     43578.47783    0.0000  2019/05/24
 1.0000000   3.0000000   26.6600   5356.438 0.022    4.6    1.0 -3.75 -0.005  40   0 11:29:55     43578.47834    0.0000  2019/05/24
 1.0000000   3.0000000   26.9041   5356.439 0.019    5.4    0.7 -3.75 -0.004  40   0 11:30:39     43578.47885    0.0000  2019/05/24
 1.0000000   3.0000000   26.9041   5356.437 0.025    6.1    0.5 -3.74 -0.004  40   0 11:31:23     43578.47936    0.0000  2019/05/24
 1.0000000   3.0000000   26.9041   5356.438 0.031    6.7    0.0 -3.74 -0.004  40   0 11:32:07     43578.47987    0.0000  2019/05/24
 1.0000000   4.0000000   28.3689   5335.436 0.130    3.3    0.9 -3.81 -0.001  40   3 11:40:32     43578.48570    0.0000  2019/05/24
 1.0000000   4.0000000   28.8572   5335.451 0.024    4.3    1.4 -3.80 0.000  40   0 11:41:21     43578.48627    0.0000  2019/05/24
 1.0000000   4.0000000   28.6131   5335.451 0.043    5.5    1.4 -3.80 0.000  40   0 11:42:05     43578.48678    0.0000  2019/05/24
 1.0000000   4.0000000   28.8572   5335.452 0.038    6.3    1.0 -3.80 0.000  40   0 11:42:49     43578.48729    0.0000  2019/05/24
 1.0000000   4.0000000   29.1014   5335.454 0.031    6.5    0.3 -3.80 0.000  40   0 11:43:33     43578.48779    0.0000  2019/05/24
 1.0000000   4.0000000   29.3455   5335.453 0.032    7.3    0.6 -3.81 0.000  40   0 11:44:17     43578.48830    0.0000  2019/05/24
 1.0000000   4.0000000   29.3455   5335.453 0.030    7.3    0.4 -3.81 0.000  40   0 11:45:01     43578.48881    0.0000  2019/05/24
 1.0000000   4.0000000   29.5896   5335.453 0.030    7.5    0.4 -3.83 0.001  40   0 11:45:46     43578.48933    0.0000  2019/05/24
 1.0000000   3.0000000   30.8103   5356.433 0.025   -2.3   -1.1 -4.03 0.005  40   1 11:55:12     43578.49587    0.0000  2019/05/24
 1.0000000   3.0000000   30.8103   5356.434 0.016   -2.3   -1.5 -4.04 0.005  40   0 11:56:01     43578.49644    0.0000  2019/05/24
 1.0000000   3.0000000   30.8103   5356.435 0.026   -1.7   -1.9 -4.06 0.006  40   0 11:56:45     43578.49695    0.0000  2019/05/24
 1.0000000   3.0000000   30.8103   5356.430 0.018   -1.1   -3.5 -4.07 0.006  40   1 11:57:29     43578.49746    0.0000  2019/05/24
 1.0000000   3.0000000   30.8103   5356.416 0.016   -0.7   -3.8 -4.08 0.006  40   0 11:58:13     43578.49796    0.0000  2019/05/24
 1.0000000   3.0000000   30.5662   5356.417 0.016   -0.6   -4.5 -4.10 0.006  40   0 11:58:57     43578.49847    0.0000  2019/05/24
 1.0000000   3.0000000   30.5662   5356.418 0.021   -0.1   -5.4 -4.12 0.007  40   0 11:59:41     43578.49898    0.0000  2019/05/24
 1.0000000   3.0000000   30.3221   5356.437 0.014    1.7   -1.0 -4.19 0.008  40   0 12:02:33     43578.50097    0.0000  2019/05/24
 1.0000000   3.0000000   30.3221   5356.440 0.021    1.9   -1.4 -4.21 0.008  40   4 12:03:22     43578.50153    0.0000  2019/05/24
 1.0000000   3.0000000   30.3221   5356.437 0.027    1.9   -1.6 -4.23 0.009  40   2 12:04:06     43578.50204    0.0000  2019/05/24
 1.0000000   3.0000000   30.0779   5356.437 0.023    2.4   -2.5 -4.24 0.009  40   3 12:04:50     43578.50255    0.0000  2019/05/24
 1.0000000   3.0000000   30.0779   5356.438 0.019    1.7   -2.2 -4.26 0.009  40   0 12:05:34     43578.50306    0.0000  2019/05/24
 1.0000000   3.0000000   30.0779   5356.437 0.021    1.1   -2.1 -4.27 0.009  40   3 12:06:18     43578.50357    0.0000  2019/05/24
 1.0000000   3.0000000   30.0779   5356.436 0.026    0.8   -2.1 -4.28 0.010  40   0 12:07:02     43578.50408    0.0000  2019/05/24
 1.0000000   4.0000000   30.3221   5335.450 0.021    3.4   -0.1 -4.32 0.013  40   0 12:15:30     43578.50995    0.0000  2019/05/24
 1.0000000   4.0000000   30.8103   5335.450 0.020    3.9    0.0 -4.30 0.014  40   0 12:16:19     43578.51051    0.0000  2019/05/24
 1.0000000   4.0000000   30.8103   5335.451 0.032    4.8    0.3 -4.29 0.014  40   0 12:17:03     43578.51102    0.0000  2019/05/24
 1.0000000   4.0000000   31.0545   5335.452 0.017    4.6    0.1 -4.28 0.015  40   0 12:17:47     43578.51153    0.0000  2019/05/24
 1.0000000   4.0000000   31.2986   5335.453 0.020    3.8    0.1 -4.27 0.015  40   0 12:18:31     43578.51204    0.0000  2019/05/24
 1.0000000   4.0000000   31.2986   5335.454 0.022    4.3    0.0 -4.26 0.015  40   1 12:19:15     43578.51255    0.0000  2019/05/24
 1.0000000   4.0000000   31.5428   5335.451 0.021    3.8   -0.5 -4.26 0.016  40   1 12:19:59     43578.51306    0.0000  2019/05/24
 1.0000000   5.0000000   32.5193   5317.330 0.024   -1.2   -0.1 -4.41 0.020  40   1 12:30:22     43578.52025    0.0000  2019/05/24
 1.0000000   5.0000000   32.5193   5317.333 0.025   -1.3    0.4 -4.41 0.020  40   0 12:31:11     43578.52082    0.0000  2019/05/24
 1.0000000   5.0000000   32.5193   5317.333 0.026   -1.6    0.8 -4.42 0.021  40   0 12:31:55     43578.52133    0.0000  2019/05/24
 1.0000000   5.0000000   32.2752   5317.333 0.029   -2.1    0.7 -4.43 0.021  40   0 12:32:39     43578.52184    0.0000  2019/05/24
 1.0000000   5.0000000   32.0310   5317.333 0.027   -1.9    0.5 -4.44 0.021  40   0 12:33:23     43578.52235    0.0000  2019/05/24
 1.0000000   5.0000000   32.0310   5317.333 0.021   -2.1    0.0 -4.45 0.022  40   0 12:34:07     43578.52285    0.0000  2019/05/24
 1.0000000   5.0000000   32.0310   5317.333 0.024   -1.7   -0.1 -4.46 0.022  40   0 12:34:51     43578.52336    0.0000  2019/05/24
 1.0000000   4.0000000   31.7869   5335.465 0.034    0.3    0.2 -4.54 0.026  40   0 12:44:01     43578.52972    0.0000  2019/05/24
 1.0000000   4.0000000   31.7869   5335.467 0.025    0.6    1.7 -4.53 0.026  40   0 12:44:50     43578.53028    0.0000  2019/05/24
 1.0000000   4.0000000   31.7869   5335.466 0.018    0.8    1.4 -4.52 0.026  40   0 12:45:34     43578.53079    0.0000  2019/05/24
 1.0000000   4.0000000   32.0310   5335.467 0.019    0.9    1.2 -4.52 0.027  40   0 12:46:18     43578.53130    0.0000  2019/05/24
 1.0000000   4.0000000   32.0310   5335.466 0.022    0.4    0.8 -4.51 0.027  40   1 12:47:02     43578.53181    0.0000  2019/05/24
 1.0000000   4.0000000   32.0310   5335.467 0.015    0.2    0.3 -4.51 0.028  40   0 12:47:46     43578.53232    0.0000  2019/05/24
 1.0000000   5.0000000   33.2517   5317.337 0.041   -0.5    1.3 -4.57 0.032  40   0 12:57:33     43578.53910    0.0000  2019/05/24
 1.0000000   5.0000000   33.2517   5317.340 0.035    0.1    1.8 -4.57 0.032  40   1 12:58:22     43578.53967    0.0000  2019/05/24
 1.0000000   5.0000000   33.2517   5317.342 0.020   -0.1    1.4 -4.58 0.032  40   0 12:59:06     43578.54018    0.0000  2019/05/24
 1.0000000   5.0000000   33.2517   5317.338 0.019    0.1    1.2 -4.58 0.033  40   1 12:59:50     43578.54068    0.0000  2019/05/24
 1.0000000   5.0000000   33.0076   5317.343 0.020    0.8    1.1 -4.59 0.033  40   0 13:00:34     43578.54119    0.0000  2019/05/24
 1.0000000   5.0000000   33.0076   5317.340 0.019    1.0    0.9 -4.60 0.033  40   0 13:01:18     43578.54170    0.0000  2019/05/24
 1.0000000   5.0000000   32.7635   5317.342 0.019    1.3    0.7 -4.61 0.034  40   0 13:02:02     43578.54221    0.0000  2019/05/24
 1.0000000   6.0000000   32.2752   5297.286 0.036    0.7    1.4 -4.70 0.038  40   0 13:12:37     43578.54955    0.0000  2019/05/24
 1.0000000   6.0000000   32.2752   5297.288 0.058    0.9    2.1 -4.70 0.038  40   1 13:13:26     43578.55011    0.0000  2019/05/24
 1.0000000   6.0000000   32.0310   5297.290 0.048    1.0    2.3 -4.69 0.039  40   0 13:14:10     43578.55062    0.0000  2019/05/24
 1.0000000   6.0000000   31.7869   5297.287 0.043    0.9    2.0 -4.69 0.039  40   0 13:14:54     43578.55113    0.0000  2019/05/24
 1.0000000   6.0000000   32.0310   5297.290 0.050    1.2    1.8 -4.68 0.039  40   0 13:15:38     43578.55164    0.0000  2019/05/24
 1.0000000   6.0000000   31.7869   5297.289 0.038    0.9    1.6 -4.68 0.040  40   1 13:16:22     43578.55215    0.0000  2019/05/24
 1.0000000   6.0000000   31.5428   5297.290 0.050    1.2    1.1 -4.68 0.040  40   0 13:17:06     43578.55266    0.0000  2019/05/24
 1.0000000   6.0000000   31.5428   5297.290 0.030    1.5    0.6 -4.68 0.040  40   1 13:17:51     43578.55318    0.0000  2019/05/24
 1.0000000   5.0000000   31.2986   5317.342 0.024    1.2    1.3 -4.58 0.045  40   1 13:29:38     43578.56135    0.0000  2019/05/24
 1.0000000   5.0000000   31.2986   5317.342 0.029    1.1    1.2 -4.57 0.045  40   1 13:30:27     43578.56191    0.0000  2019/05/24
 1.0000000   5.0000000   31.2986   5317.343 0.028    0.8    1.1 -4.56 0.046  40   0 13:31:11     43578.56242    0.0000  2019/05/24
 1.0000000   5.0000000   31.0545   5317.343 0.019    0.9    0.7 -4.55 0.046  40   0 13:31:55     43578.56293    0.0000  2019/05/24
 1.0000000   5.0000000   31.2986   5317.343 0.019    0.6    0.2 -4.54 0.046  40   0 13:32:39     43578.56344    0.0000  2019/05/24
 1.0000000   5.0000000   31.0545   5317.343 0.024    0.8    0.1 -4.54 0.046  40   0 13:33:23     43578.56395    0.0000  2019/05/24
 1.0000000   6.0000000   31.0545   5297.300 0.032    2.1    2.0 -4.50 0.050  40   4 13:43:31     43578.57097    0.0000  2019/05/24
 1.0000000   6.0000000   30.8103   5297.309 0.022    2.0    2.2 -4.48 0.050  40   0 13:44:20     43578.57154    0.0000  2019/05/24
 1.0000000   6.0000000   30.8103   5297.299 0.030    2.1    1.6 -4.48 0.051  40   2 13:45:04     43578.57205    0.0000  2019/05/24
 1.0000000   6.0000000   30.8103   5297.298 0.037    2.1    1.3 -4.47 0.051  40   2 13:45:48     43578.57255    0.0000  2019/05/24
 1.0000000   6.0000000   30.8103   5297.299 0.031    1.8    1.1 -4.46 0.051  40   1 13:46:32     43578.57306    0.0000  2019/05/24
 1.0000000   6.0000000   30.8103   5297.297 0.041    1.6    0.8 -4.46 0.052  40   2 13:47:16     43578.57357    0.0000  2019/05/24
 1.0000000   6.0000000   30.5662   5297.297 0.049    1.6    0.3 -4.46 0.052  40   1 13:48:00     43578.57408    0.0000  2019/05/24
 1.0000000   6.0000000   30.5662   5297.297 0.043    1.1    0.5 -4.46 0.052  40   0 13:48:45     43578.57460    0.0000  2019/05/24
 1.0000000   5.0000000   30.3221   5317.347 0.024    2.0    2.7 -4.42 0.056  40   0 13:59:36     43578.58212    0.0000  2019/05/24
 1.0000000   5.0000000   30.3221   5317.349 0.023    2.3    2.6 -4.41 0.056  40   1 14:00:25     43578.58269    0.0000  2019/05/24
 1.0000000   5.0000000   30.3221   5317.350 0.019    2.4    2.3 -4.40 0.057  40   0 14:01:09     43578.58320    0.0000  2019/05/24
 1.0000000   5.0000000   30.3221   5317.349 0.016    2.4    2.1 -4.39 0.057  40   0 14:01:53     43578.58371    0.0000  2019/05/24
 1.0000000   5.0000000   30.3221   5317.349 0.019    2.1    2.0 -4.39 0.057  40   0 14:02:37     43578.58421    0.0000  2019/05/24
 1.0000000   5.0000000   30.3221   5317.348 0.019    2.2    1.6 -4.39 0.057  40   0 14:03:21     43578.58472    0.0000  2019/05/24
 1.0000000   5.0000000   30.3221   5317.348 0.021    2.0    1.4 -4.38 0.058  40   0 14:04:05     43578.58523    0.0000  2019/05/24
 1.0000000   5.0000000   30.0779   5317.347 0.028    2.2    1.0 -4.39 0.058  40   0 14:04:50     43578.58575    0.0000  2019/05/24
 1.0000000   6.0000000   30.5662   5297.288 0.028    0.5    1.4 -4.37 0.061  40   4 14:14:45     43578.59263    0.0000  2019/05/24
 1.0000000   6.0000000   30.5662   5297.294 0.032    1.0    1.7 -4.36 0.061  40   3 14:15:34     43578.59319    0.0000  2019/05/24
 1.0000000   6.0000000   30.8103   5297.292 0.032    0.9    2.2 -4.36 0.062  40   0 14:16:18     43578.59370    0.0000  2019/05/24
 1.0000000   6.0000000   30.3221   5297.290 0.058    1.1    2.4 -4.35 0.062  40   0 14:17:02     43578.59421    0.0000  2019/05/24
 1.0000000   6.0000000   30.5662   5297.296 0.034    0.9    2.2 -4.35 0.062  40   0 14:17:46     43578.59472    0.0000  2019/05/24
 1.0000000   6.0000000   30.5662   5297.293 0.029    0.8    2.0 -4.35 0.062  40   0 14:18:30     43578.59523    0.0000  2019/05/24
 1.0000000   6.0000000   30.3221   5297.292 0.036    0.9    1.6 -4.35 0.062  40   0 14:19:14     43578.59574    0.0000  2019/05/24
 1.0000000   6.0000000   30.3221   5297.291 0.045    0.7    1.5 -4.36 0.063  40   0 14:19:59     43578.59626    0.0000  2019/05/24
 1.0000000   5.0000000   30.3221   5317.345 0.021    1.3    1.7 -4.36 0.065  40   0 14:29:13     43578.60266    0.0000  2019/05/24
 1.0000000   5.0000000   30.3221   5317.347 0.018    1.1    2.7 -4.34 0.066  40   0 14:30:02     43578.60322    0.0000  2019/05/24
 1.0000000   5.0000000   30.5662   5317.348 0.022    1.6    3.1 -4.33 0.066  40   1 14:30:46     43578.60373    0.0000  2019/05/24
 1.0000000   5.0000000   30.5662   5317.344 0.039    0.8    3.0 -4.32 0.066  40   0 14:31:30     43578.60424    0.0000  2019/05/24
 1.0000000   5.0000000   30.5662   5317.347 0.021    1.2    3.1 -4.32 0.066  40   0 14:32:14     43578.60475    0.0000  2019/05/24
 1.0000000   5.0000000   30.5662   5317.347 0.022    1.1    2.8 -4.31 0.067  40   0 14:32:58     43578.60526    0.0000  2019/05/24
 1.0000000   4.0000000   31.2986   5335.470 0.020   -4.8   -1.2 -4.38 0.069  40   0 14:41:41     43578.61130    0.0000  2019/05/24
 1.0000000   4.0000000   31.7869   5335.470 0.014   -7.4   -2.1 -4.38 0.069  40   0 14:42:30     43578.61187    0.0000  2019/05/24
 1.0000000   4.0000000   32.0310   5335.469 0.025   -9.2   -2.2 -4.38 0.069  40   1 14:43:14     43578.61238    0.0000  2019/05/24
 1.0000000   4.0000000   32.5193   5335.470 0.021  -10.6   -2.0 -4.38 0.069  40   0 14:43:58     43578.61288    0.0000  2019/05/24
 1.0000000   4.0000000   32.5193   5335.471 0.021  -11.5   -2.0 -4.38 0.070  40   0 14:44:42     43578.61339    0.0000  2019/05/24
 1.0000000   4.0000000   33.0076   5335.471 0.022  -11.9   -1.9 -4.39 0.070  40   0 14:45:26     43578.61390    0.0000  2019/05/24
 1.0000000   4.0000000   33.2517   5335.469 0.025  -11.8   -1.6 -4.40 0.070  40   1 14:46:10     43578.61441    0.0000  2019/05/24
 1.0000000   5.0000000   34.4724   5317.339 0.030    0.0    0.8 -4.62 0.072  40   0 14:54:35     43578.62024    0.0000  2019/05/24
 1.0000000   5.0000000   34.4724   5317.345 0.025    0.8    1.8 -4.63 0.072  40   0 14:55:24     43578.62081    0.0000  2019/05/24
 1.0000000   5.0000000   34.4724   5317.344 0.031    2.5    1.9 -4.64 0.072  40   1 14:56:08     43578.62132    0.0000  2019/05/24
 1.0000000   5.0000000   34.4724   5317.337 0.026    2.9    1.8 -4.66 0.073  40   0 14:56:52     43578.62183    0.0000  2019/05/24
 1.0000000   5.0000000   34.2283   5317.344 0.021    3.4    1.7 -4.67 0.073  40   0 14:57:36     43578.62234    0.0000  2019/05/24
 1.0000000   5.0000000   34.2283   5317.344 0.023    4.1    1.2 -4.69 0.073  40   0 14:58:20     43578.62284    0.0000  2019/05/24
 1.0000000   5.0000000   33.9842   5317.343 0.024    4.7    0.6 -4.71 0.073  40   0 14:59:04     43578.62335    0.0000  2019/05/24
 1.0000000   4.0000000   34.2283   5335.465 0.035   -1.5    1.0 -4.88 0.075  40   2 15:07:58     43578.62952    0.0000  2019/05/24
 1.0000000   4.0000000   34.4724   5335.467 0.025   -4.2    0.8 -4.88 0.075  40   0 15:08:47     43578.63009    0.0000  2019/05/24
 1.0000000   4.0000000   34.2283   5335.467 0.028   -6.0    0.5 -4.88 0.075  40   0 15:09:31     43578.63060    0.0000  2019/05/24
 1.0000000   4.0000000   34.4724   5335.469 0.035   -7.2   -0.3 -4.88 0.075  40   0 15:10:15     43578.63111    0.0000  2019/05/24
 1.0000000   4.0000000   34.7166   5335.468 0.031   -8.2   -1.3 -4.89 0.075  40   0 15:10:59     43578.63162    0.0000  2019/05/24
 1.0000000   4.0000000   34.7166   5335.468 0.034   -8.3   -0.4 -4.89 0.075  40   0 15:11:43     43578.63212    0.0000  2019/05/24
 1.0000000   4.0000000   34.7166   5335.467 0.031   -7.8    0.5 -4.90 0.075  40   0 15:12:27     43578.63263    0.0000  2019/05/24
 1.0000000   3.0000000   34.9607   5356.450 0.025   -2.2    3.0 -5.03 0.077  40  13 15:21:04     43578.63861    0.0000  2019/05/24
 1.0000000   3.0000000   34.9607   5356.451 0.015   -1.4    3.7 -5.04 0.077  40   0 15:21:53     43578.63917    0.0000  2019/05/24
 1.0000000   3.0000000   34.7166   5356.450 0.017   -1.1    3.5 -5.05 0.077  40   0 15:22:37     43578.63968    0.0000  2019/05/24
 1.0000000   3.0000000   34.2283   5356.457 0.016   -0.9    3.4 -5.05 0.077  40  17 15:23:21     43578.64019    0.0000  2019/05/24
 1.0000000   3.0000000   34.4724   5356.452 0.018   -0.5    3.2 -5.06 0.077  40   0 15:24:05     43578.64070    0.0000  2019/05/24
 1.0000000   3.0000000   34.2283   5356.450 0.013    0.0    2.6 -5.07 0.078  40   0 15:24:49     43578.64121    0.0000  2019/05/24
 1.0000000   3.0000000   33.9842   5356.451 0.013    0.0    2.3 -5.07 0.078  40   1 15:25:33     43578.64171    0.0000  2019/05/24
 1.0000000   3.0000000   33.9842   5356.450 0.019    0.2    2.1 -5.08 0.078  40   4 15:26:18     43578.64223    0.0000  2019/05/24
 1.0000000   4.0000000   33.4959   5335.482 0.023   -0.3    2.3 -5.06 0.079  40   1 15:36:20     43578.64919    0.0000  2019/05/24
 1.0000000   4.0000000   33.4959   5335.481 0.027   -0.5    2.3 -5.05 0.079  40   0 15:37:09     43578.64976    0.0000  2019/05/24
 1.0000000   4.0000000   33.4959   5335.481 0.033   -1.3    2.9 -5.04 0.079  40   0 15:37:53     43578.65027    0.0000  2019/05/24
 1.0000000   4.0000000   33.4959   5335.482 0.034   -1.5    2.5 -5.02 0.079  40   0 15:38:37     43578.65077    0.0000  2019/05/24
 1.0000000   4.0000000   33.4959   5335.479 0.033   -1.6    1.1 -5.01 0.079  40   0 15:39:21     43578.65128    0.0000  2019/05/24
 1.0000000   4.0000000   33.2517   5335.476 0.054   -2.2    1.3 -5.01 0.079  40   0 15:40:05     43578.65179    0.0000  2019/05/24
 1.0000000   4.0000000   33.2517   5335.490 0.108   -3.1   -1.2 -5.00 0.079  40   3 15:40:49     43578.65230    0.0000  2019/05/24
 1.0000000   3.0000000   33.9842   5356.449 0.031    1.1    1.3 -4.98 0.080  40   1 15:49:56     43578.65862    0.0000  2019/05/24
 1.0000000   3.0000000   33.9842   5356.453 0.026    1.1    2.1 -4.97 0.080  40   0 15:50:45     43578.65919    0.0000  2019/05/24
 1.0000000   3.0000000   33.7400   5356.453 0.026    1.4    2.2 -4.96 0.080  40   0 15:51:29     43578.65970    0.0000  2019/05/24
 1.0000000   3.0000000   33.7400   5356.453 0.055    1.4    2.2 -4.95 0.080  40  11 15:52:13     43578.66020    0.0000  2019/05/24
 1.0000000   3.0000000   33.4959   5356.453 0.031    1.5    1.7 -4.95 0.080  40   5 15:52:58     43578.66072    0.0000  2019/05/24
 1.0000000   3.0000000   33.4959   5356.454 0.022    1.6    1.6 -4.95 0.080  40   0 15:53:42     43578.66123    0.0000  2019/05/24
 1.0000000   3.0000000   33.2517   5356.459 0.035    1.4    1.3 -4.95 0.080  40   0 15:54:26     43578.66174    0.0000  2019/05/24
 1.0000000   3.0000000   33.2517   5356.451 0.018    1.8    1.4 -4.95 0.081  40   0 15:55:11     43578.66226    0.0000  2019/05/24
 1.0000000   2.0999999   32.7635   5368.189 0.026   -1.7    2.4 -4.97 0.081  40   5 16:01:50     43578.66687    0.0000  2019/05/24
 1.0000000   2.0999999   32.5193   5368.185 0.023   -2.2    3.0 -4.96 0.081  40   0 16:02:39     43578.66744    0.0000  2019/05/24
 1.0000000   2.0999999   32.7635   5368.190 0.031   -2.3    3.5 -4.95 0.081  40   0 16:03:23     43578.66795    0.0000  2019/05/24
 1.0000000   2.0999999   32.7635   5368.187 0.021   -3.1    3.2 -4.94 0.081  40   0 16:04:07     43578.66845    0.0000  2019/05/24
 1.0000000   2.0999999   32.5193   5368.190 0.027   -2.8    3.2 -4.93 0.081  40   3 16:04:51     43578.66896    0.0000  2019/05/24
 1.0000000   2.0999999   32.5193   5368.188 0.026   -2.8    2.3 -4.92 0.081  40   0 16:05:35     43578.66947    0.0000  2019/05/24
 1.0000000   2.0999999   32.5193   5368.190 0.019   -2.7    2.0 -4.91 0.081  40   0 16:06:19     43578.66998    0.0000  2019/05/24
 1.0000000   3.0000000   32.2752   5356.447 0.025   -0.5    2.3 -4.90 0.081  40   3 16:13:17     43578.67481    0.0000  2019/05/24
 1.0000000   3.0000000   32.0310   5356.458 0.019   -0.2    2.6 -4.89 0.081  40   2 16:14:07     43578.67539    0.0000  2019/05/24
 1.0000000   3.0000000   32.2752   5356.450 0.015   -0.9    2.8 -4.88 0.081  40   0 16:14:51     43578.67590    0.0000  2019/05/24
 1.0000000   3.0000000   32.0310   5356.450 0.010   -1.2    2.5 -4.86 0.081  40   2 16:15:35     43578.67640    0.0000  2019/05/24
 1.0000000   3.0000000   32.0310   5356.448 0.024   -1.5    2.2 -4.85 0.081  40   1 16:16:19     43578.67691    0.0000  2019/05/24
 1.0000000   3.0000000   32.0310   5356.450 0.024   -1.2    2.0 -4.84 0.081  40   0 16:17:03     43578.67742    0.0000  2019/05/24
 1.0000000   3.0000000   32.0310   5356.447 0.021   -1.8    1.6 -4.83 0.081  40   3 16:17:47     43578.67793    0.0000  2019/05/24
 1.0000000   2.0999999   32.0310   5368.194 0.016   -3.9   -0.1 -4.81 0.081  40   0 16:24:30     43578.68259    0.0000  2019/05/24
 1.0000000   2.0999999   32.0310   5368.193 0.020   -5.2    0.9 -4.80 0.081  40   0 16:25:19     43578.68315    0.0000  2019/05/24
 1.0000000   2.0999999   32.0310   5368.194 0.016   -5.0    1.3 -4.79 0.081  40   0 16:26:03     43578.68366    0.0000  2019/05/24
 1.0000000   2.0999999   32.0310   5368.193 0.016   -5.8    1.8 -4.78 0.081  40   0 16:26:47     43578.68417    0.0000  2019/05/24
 1.0000000   2.0999999   32.0310   5368.192 0.019   -6.2    1.7 -4.77 0.081  40   0 16:27:31     43578.68468    0.0000  2019/05/24
 1.0000000   2.0999999   32.0310   5368.193 0.028   -6.1    1.2 -4.77 0.081  40   0 16:28:15     43578.68519    0.0000  2019/05/24
 1.0000000   2.0999999   31.7869   5368.192 0.018   -6.2    0.8 -4.76 0.081  40   0 16:28:59     43578.68570    0.0000  2019/05/24
 1.0000000   2.0000000   32.0310   5380.077 0.019    0.7    1.0 -4.75 0.080  40   2 16:37:26     43578.69155    0.0000  2019/05/24
 1.0000000   2.0000000   31.7869   5380.076 0.022    1.0    1.6 -4.75 0.080  40   5 16:38:15     43578.69212    0.0000  2019/05/24
 1.0000000   2.0000000   31.7869   5380.079 0.009    0.9    1.9 -4.74 0.080  40   0 16:38:59     43578.69263    0.0000  2019/05/24
 1.0000000   2.0000000   31.7869   5380.078 0.018    0.8    1.8 -4.73 0.080  40   3 16:39:43     43578.69314    0.0000  2019/05/24
 1.0000000   2.0000000   31.7869   5380.079 0.008    0.8    1.9 -4.72 0.080  40   0 16:40:27     43578.69365    0.0000  2019/05/24
 1.0000000   2.0000000   31.7869   5380.079 0.021    0.8    1.2 -4.72 0.080  40   1 16:41:11     43578.69415    0.0000  2019/05/24
 1.0000000   2.0999999   31.7869   5368.192 0.023   -0.2    0.0 -4.71 0.079  40   6 16:50:21     43578.70051    0.0000  2019/05/24
 1.0000000   2.0999999   31.5428   5368.186 0.025    0.2   -0.8 -4.70 0.079  40   0 16:51:10     43578.70108    0.0000  2019/05/24
 1.0000000   2.0999999   32.0310   5368.184 0.022    0.3   -0.9 -4.69 0.079  40   0 16:51:54     43578.70158    0.0000  2019/05/24
 1.0000000   2.0999999   31.5428   5368.186 0.020    0.5   -1.6 -4.68 0.079  40   0 16:52:38     43578.70209    0.0000  2019/05/24
 1.0000000   2.0999999   32.0310   5368.186 0.019    0.2   -1.9 -4.67 0.079  40   0 16:53:22     43578.70260    0.0000  2019/05/24
 1.0000000   2.0999999   32.0310   5368.184 0.018   -0.3   -1.6 -4.67 0.078  40   0 16:54:06     43578.70311    0.0000  2019/05/24
 1.0000000   2.0999999   32.0310   5368.185 0.026   -0.3   -1.3 -4.66 0.078  40   0 16:54:50     43578.70362    0.0000  2019/05/24
 1.0000000   2.0999999   32.0310   5368.184 0.029   -0.4   -1.6 -4.66 0.078  40   0 16:55:35     43578.70414    0.0000  2019/05/24
 1.0000000   2.0000000   31.7869   5380.079 0.013    1.3    1.2 -4.68 0.077  40   1 17:02:43     43578.70908    0.0000  2019/05/24
 1.0000000   2.0000000   31.7869   5380.082 0.012    1.3    1.3 -4.67 0.077  40   0 17:03:32     43578.70965    0.0000  2019/05/24
 1.0000000   2.0000000   32.0310   5380.080 0.015    1.3    1.0 -4.66 0.077  40  18 17:04:16     43578.71016    0.0000  2019/05/24
 1.0000000   2.0000000   31.7869   5380.081 0.008    1.1    0.6 -4.65 0.077  40   5 17:05:00     43578.71067    0.0000  2019/05/24
 1.0000000   2.0000000   31.5428   5380.079 0.009    1.1    0.2 -4.65 0.077  40   0 17:05:44     43578.71118    0.0000  2019/05/24
 1.0000000   2.0000000   31.7869   5380.082 0.009    1.2   -0.2 -4.64 0.077  40   0 17:06:28     43578.71168    0.0000  2019/05/24
 1.0000000   2.0000000   31.5428   5380.080 0.009    1.1   -0.8 -4.64 0.077  40   0 17:07:12     43578.71219    0.0000  2019/05/24
 1.0000000   1.0000000   32.0310   5398.176 0.026    3.2    3.8 -4.60 0.074  40   0 17:19:38     43578.72081    0.0000  2019/05/24
 1.0000000   1.0000000   32.0310   5398.180 0.025    4.2    4.6 -4.59 0.074  40   0 17:20:27     43578.72138    0.0000  2019/05/24
 1.0000000   1.0000000   32.0310   5398.182 0.024    6.4    5.9 -4.59 0.074  40   0 17:21:11     43578.72189    0.0000  2019/05/24
 1.0000000   1.0000000   31.7869   5398.183 0.032    5.9    5.4 -4.59 0.074  40   1 17:21:55     43578.72240    0.0000  2019/05/24
 1.0000000   1.0000000   31.7869   5398.181 0.029    6.3    5.6 -4.59 0.074  40   0 17:22:39     43578.72290    0.0000  2019/05/24
 1.0000000   1.0000000   31.7869   5398.182 0.028    6.6    5.2 -4.59 0.074  40   0 17:23:23     43578.72341    0.0000  2019/05/24
 1.0000000   1.0000000   31.7869   5398.179 0.028    6.0    5.6 -4.59 0.074  40   1 17:24:07     43578.72392    0.0000  2019/05/24
 1.0000000   2.0000000   32.7635   5380.081 0.016   -2.4    0.8 -4.64 0.071  40  12 17:36:39     43578.73261    0.0000  2019/05/24
 1.0000000   2.0000000   32.7635   5380.083 0.008   -2.5    1.3 -4.64 0.071  40   1 17:37:28     43578.73318    0.0000  2019/05/24
 1.0000000   2.0000000   32.5193   5380.083 0.011   -2.2    1.0 -4.64 0.070  40   6 17:38:12     43578.73369    0.0000  2019/05/24
 1.0000000   2.0000000   32.5193   5380.082 0.017   -2.4    0.8 -4.64 0.070  40   1 17:38:56     43578.73419    0.0000  2019/05/24
 1.0000000   2.0000000   32.5193   5380.083 0.010   -2.1    0.3 -4.64 0.070  40   6 17:39:40     43578.73470    0.0000  2019/05/24
 1.0000000   2.0000000   32.5193   5380.082 0.028   -1.6    0.0 -4.65 0.070  40  10 17:40:24     43578.73521    0.0000  2019/05/24
 1.0000000  10.0000000   32.2752   5378.560 0.020   -2.4    2.0 -4.72 0.067  40   3 17:51:47     43578.74310    0.0000  2019/05/24
 1.0000000  10.0000000   32.0310   5378.562 0.011   -2.6    2.1 -4.71 0.067  40   2 17:52:36     43578.74367    0.0000  2019/05/24
 1.0000000  10.0000000   32.0310   5378.562 0.009   -2.4    2.0 -4.71 0.067  40   0 17:53:20     43578.74418    0.0000  2019/05/24
 1.0000000  10.0000000   32.0310   5378.562 0.014   -2.5    1.7 -4.70 0.066  40   4 17:54:04     43578.74469    0.0000  2019/05/24
 1.0000000  10.0000000   31.7869   5378.564 0.012   -2.5    1.4 -4.70 0.066  40   2 17:54:48     43578.74519    0.0000  2019/05/24
 1.0000000  10.0000000   31.7869   5378.563 0.024   -2.4    1.0 -4.70 0.066  40   1 17:55:32     43578.74570    0.0000  2019/05/24