
/	CG-5 SURVEY
/	Survey name:   	pbz
/	Instrument S/N:	40823
/	Client:        	geoken
/	Operator:      	marat
/	Date:          	2019/ 5/23
/	Time:          	08:32:18
/	LONG:        	77.1000000 E
/	LAT:         	43.7000000 N
/	ZONE:        	43      
/	GMT DIFF.:   	-6.0

/	CG-5 SETUP PARAMETERS
/	Gref:			0.000   
/	Gcal1:		8505.171
/	TiltxS:		632.426 
/	TiltyS:		624.495 
/	TiltxO:		9.760   
/	TiltyO:		-47.214 
/	Tempco:		-0.134  
/	Drift:		-0.027  
/	DriftTime Start:	08:32:21
/	DriftDate Start:	2019/05/23

/	CG-5 OPTIONS
/	Tide Correction:    YES
/	Cont. Tilt:         YES
/	Auto Rejection:     YES
/	Terrain Corr.:       NO
/	Seismic Filter:     YES
/	Raw Data:           YES
Line	   0.000S
/------LINE-----STATION-----ALT.------GRAV.---SD.--TILTX--TILTY-TEMP---TIDE---DUR-REJ-----TIME----DEC.TIME+DATE--TERRAIN---DATE
 0.0000000  10.0000000   30.0779   3841.753 0.013    0.1   -2.0 -2.26 -0.055  40   2 08:54:57     43577.37090    0.0000  2019/05/23
 0.0000000  10.0000000   29.8338   3841.752 0.013    0.0   -2.5 -2.26 -0.055  40   0 08:55:46     43577.37146    0.0000  2019/05/23
 0.0000000  10.0000000   30.0779   3841.751 0.009    0.0   -2.8 -2.26 -0.055  40   0 08:56:30     43577.37197    0.0000  2019/05/23
 0.0000000  10.0000000   30.0779   3841.752 0.010    0.0   -3.1 -2.26 -0.054  40   1 08:57:14     43577.37248    0.0000  2019/05/23
 0.0000000  10.0000000   29.8338   3841.750 0.014    0.0   -3.3 -2.26 -0.054  40   0 08:57:58     43577.37299    0.0000  2019/05/23
 0.0000000  10.0000000   29.8338   3841.753 0.020    0.0   -3.5 -2.26 -0.054  40   1 08:58:42     43577.37350    0.0000  2019/05/23
Line	   1.000N
/------LINE-----STATION-----ALT.------GRAV.---SD.--TILTX--TILTY-TEMP---TIDE---DUR-REJ-----TIME----DEC.TIME+DATE--TERRAIN---DATE
 1.0000000   2.0000000   29.1014   3843.268 0.013   -0.4    0.7 -2.09 -0.049  40   0 09:15:28     43577.38512    0.0000  2019/05/23
 1.0000000   2.0000000   29.1014   3843.268 0.009   -0.5    0.4 -2.10 -0.049  40   0 09:16:17     43577.38569    0.0000  2019/05/23
 1.0000000   2.0000000   29.1014   3843.268 0.014   -0.6    0.4 -2.10 -0.049  40   1 09:17:01     43577.38620    0.0000  2019/05/23
 1.0000000   2.0000000   29.1014   3843.267 0.007   -0.8    0.0 -2.11 -0.048  40   0 09:17:45     43577.38671    0.0000  2019/05/23
 1.0000000   2.0000000   29.1014   3843.267 0.008   -0.7    0.0 -2.13 -0.048  40   0 09:18:29     43577.38722    0.0000  2019/05/23
 1.0000000   2.0000000   28.8572   3843.267 0.010   -0.7    0.0 -2.14 -0.048  40   0 09:19:13     43577.38772    0.0000  2019/05/23
Line	   3.000N
/------LINE-----STATION-----ALT.------GRAV.---SD.--TILTX--TILTY-TEMP---TIDE---DUR-REJ-----TIME----DEC.TIME+DATE--TERRAIN---DATE
 3.0000000   1.0000000   28.8572   3861.367 0.010   -2.1   -1.3 -1.99 -0.041  40   0 09:38:00     43577.40075    0.0000  2019/05/23
 3.0000000   1.0000000   28.6131   3861.367 0.006   -1.7   -0.8 -1.99 -0.041  40   0 09:38:49     43577.40131    0.0000  2019/05/23
 3.0000000   1.0000000   28.6131   3861.367 0.006   -1.9   -1.0 -1.99 -0.041  40   0 09:39:33     43577.40182    0.0000  2019/05/23
 3.0000000   1.0000000   28.3689   3861.367 0.007   -2.2   -1.7 -2.00 -0.040  40   0 09:40:17     43577.40233    0.0000  2019/05/23
 3.0000000   1.0000000   28.3689   3861.365 0.006   -1.6   -2.0 -2.01 -0.040  40   0 09:41:01     43577.40284    0.0000  2019/05/23
 3.0000000   1.0000000   28.1248   3861.366 0.009   -1.4   -2.0 -2.02 -0.040  40   0 09:41:45     43577.40335    0.0000  2019/05/23
 3.0000000   2.0000000   28.1248   3843.271 0.011   -1.2    2.2 -2.00 -0.033  40  10 09:58:31     43577.41497    0.0000  2019/05/23
 3.0000000   2.0000000   28.3689   3843.271 0.014   -0.7    3.3 -1.99 -0.033  40   3 09:59:20     43577.41554    0.0000  2019/05/23
 3.0000000   2.0000000   28.3689   3843.271 0.008   -0.9    3.5 -1.99 -0.032  40   0 10:00:04     43577.41605    0.0000  2019/05/23
 3.0000000   2.0000000   28.1248   3843.270 0.007   -0.6    3.8 -1.99 -0.032  40   0 10:00:48     43577.41655    0.0000  2019/05/23
 3.0000000   2.0000000   28.1248   3843.269 0.008   -0.1    3.8 -2.00 -0.032  40   0 10:01:32     43577.41706    0.0000  2019/05/23
 3.0000000   2.0000000   28.1248   3843.269 0.011    0.4    3.8 -2.00 -0.032  40   6 10:02:16     43577.41757    0.0000  2019/05/23
 3.0000000   1.0000000   28.3689   3861.368 0.011   -3.9   -0.8 -2.01 -0.025  40   0 10:16:49     43577.42766    0.0000  2019/05/23
 3.0000000   1.0000000   28.3689   3861.367 0.007   -3.1   -0.8 -2.01 -0.025  40   0 10:17:38     43577.42823    0.0000  2019/05/23
 3.0000000   1.0000000   28.3689   3861.368 0.013   -2.9   -0.9 -2.01 -0.024  40   1 10:18:22     43577.42873    0.0000  2019/05/23
 3.0000000   1.0000000   28.1248   3861.368 0.009   -1.7   -0.8 -2.01 -0.024  40   0 10:19:06     43577.42924    0.0000  2019/05/23
 3.0000000   1.0000000   28.1248   3861.369 0.012   -1.0   -0.8 -2.02 -0.024  40   0 10:19:50     43577.42975    0.0000  2019/05/23
 3.0000000   1.0000000   28.1248   3861.367 0.009   -0.9   -1.0 -2.03 -0.024  40   0 10:20:34     43577.43026    0.0000  2019/05/23
 3.0000000   2.0000000   28.6131   3843.271 0.009   -0.2    1.0 -2.00 -0.015  40   1 10:36:41     43577.44143    0.0000  2019/05/23
 3.0000000   2.0000000   28.3689   3843.270 0.008   -0.1    2.3 -2.00 -0.015  40   0 10:37:30     43577.44200    0.0000  2019/05/23
 3.0000000   2.0000000   28.6131   3843.268 0.012   -0.3    2.7 -2.00 -0.015  40   5 10:38:14     43577.44251    0.0000  2019/05/23
 3.0000000   2.0000000   28.3689   3843.270 0.007   -0.3    2.7 -2.01 -0.014  40   0 10:38:58     43577.44302    0.0000  2019/05/23
 3.0000000   2.0000000   28.6131   3843.269 0.007   -0.3    3.1 -2.01 -0.014  40   0 10:39:42     43577.44353    0.0000  2019/05/23
 3.0000000   2.0000000   28.3689   3843.268 0.007   -0.3    3.2 -2.03 -0.014  40   0 10:40:26     43577.44403    0.0000  2019/05/23
 3.0000000   2.0999999   28.6131   3831.370 0.022   -1.9    3.1 -2.08 -0.009  40   1 10:50:19     43577.45089    0.0000  2019/05/23
 3.0000000   2.0999999   28.6131   3831.370 0.019   -2.0    3.8 -2.07 -0.008  40   1 10:51:08     43577.45145    0.0000  2019/05/23
 3.0000000   2.0999999   28.6131   3831.370 0.015   -2.0    3.9 -2.06 -0.008  40   0 10:51:52     43577.45196    0.0000  2019/05/23
 3.0000000   2.0999999   28.6131   3831.370 0.018   -1.9    3.7 -2.06 -0.008  40   0 10:52:36     43577.45247    0.0000  2019/05/23
 3.0000000   2.0999999   28.3689   3831.370 0.011   -1.6    3.5 -2.06 -0.007  40   0 10:53:20     43577.45298    0.0000  2019/05/23
 3.0000000   2.0999999   28.3689   3831.370 0.015   -1.7    3.1 -2.07 -0.007  40   0 10:54:04     43577.45349    0.0000  2019/05/23
 3.0000000   2.0000000   28.3689   3843.274 0.014    0.3    2.5 -2.09 -0.002  40   7 11:04:15     43577.46055    0.0000  2019/05/23
 3.0000000   2.0000000   28.6131   3843.274 0.014    0.1    3.1 -2.08 -0.001  40   4 11:05:04     43577.46111    0.0000  2019/05/23
 3.0000000   2.0000000   28.6131   3843.276 0.010    0.5    3.2 -2.08 0.000  40   8 11:05:48     43577.46162    0.0000  2019/05/23
 3.0000000   2.0000000   28.3689   3843.273 0.009    0.8    3.4 -2.08 0.000  40   0 11:06:32     43577.46213    0.0000  2019/05/23
 3.0000000   2.0000000   28.3689   3843.272 0.009    0.9    3.4 -2.08 0.000  40   0 11:07:16     43577.46264    0.0000  2019/05/23
 3.0000000   2.0000000   28.6131   3843.273 0.009    1.0    3.4 -2.08 0.000  40   0 11:08:00     43577.46315    0.0000  2019/05/23
 3.0000000   2.0999999   28.8572   3831.374 0.014   -1.4    2.8 -2.11 0.004  40   1 11:17:05     43577.46944    0.0000  2019/05/23
 3.0000000   2.0999999   28.6131   3831.375 0.019   -1.7    3.4 -2.10 0.005  40   0 11:17:54     43577.47001    0.0000  2019/05/23
 3.0000000   2.0999999   28.8572   3831.374 0.016   -1.8    3.2 -2.09 0.005  40   0 11:18:38     43577.47052    0.0000  2019/05/23
 3.0000000   2.0999999   28.8572   3831.375 0.023   -1.9    2.7 -2.08 0.006  40   0 11:19:22     43577.47103    0.0000  2019/05/23
 3.0000000   2.0999999   28.6131   3831.375 0.025   -1.7    2.4 -2.08 0.006  40   0 11:20:06     43577.47154    0.0000  2019/05/23
 3.0000000   2.0999999   28.6131   3831.372 0.018   -1.5    2.2 -2.08 0.007  40   0 11:20:50     43577.47204    0.0000  2019/05/23
 3.0000000   2.0999999   28.6131   3831.372 0.021   -1.4    1.9 -2.09 0.007  40   0 11:21:34     43577.47255    0.0000  2019/05/23
 3.0000000   2.0999999   28.6131   3831.370 0.022   -1.5    1.1 -2.10 0.007  40   0 11:22:19     43577.47307    0.0000  2019/05/23
 3.0000000   3.0000000   28.6131   3819.631 0.023    0.3    0.8 -2.13 0.012  40   0 11:30:45     43577.47892    0.0000  2019/05/23
 3.0000000   3.0000000   28.6131   3819.632 0.023    0.6    1.1 -2.12 0.012  40   0 11:31:34     43577.47949    0.0000  2019/05/23
 3.0000000   3.0000000   28.6131   3819.630 0.023    0.9    1.2 -2.12 0.013  40   0 11:32:18     43577.47999    0.0000  2019/05/23
 3.0000000   3.0000000   28.6131   3819.633 0.024    1.0    0.9 -2.11 0.013  40   0 11:33:02     43577.48050    0.0000  2019/05/23
 3.0000000   3.0000000   28.6131   3819.631 0.015    1.1    0.7 -2.11 0.014  40   0 11:33:46     43577.48101    0.0000  2019/05/23
 3.0000000   3.0000000   28.6131   3819.631 0.013    1.1    0.4 -2.12 0.014  40   0 11:34:30     43577.48152    0.0000  2019/05/23
 3.0000000   3.0000000   28.6131   3819.630 0.018    1.1    0.1 -2.12 0.014  40   0 11:35:14     43577.48203    0.0000  2019/05/23
 3.0000000   3.0000000   28.6131   3819.629 0.020    1.1    0.0 -2.13 0.015  40   0 11:35:59     43577.48255    0.0000  2019/05/23
 3.0000000   2.0999999   28.8572   3831.371 0.048    1.0    1.7 -2.15 0.019  40   0 11:43:41     43577.48789    0.0000  2019/05/23
 3.0000000   2.0999999   28.8572   3831.372 0.015    0.9    2.8 -2.13 0.019  40   1 11:44:31     43577.48846    0.0000  2019/05/23
 3.0000000   2.0999999   28.8572   3831.371 0.017    1.2    3.0 -2.12 0.020  40   0 11:45:15     43577.48897    0.0000  2019/05/23
 3.0000000   2.0999999   28.8572   3831.371 0.019    1.3    2.7 -2.12 0.020  40   0 11:45:59     43577.48948    0.0000  2019/05/23
 3.0000000   2.0999999   28.8572   3831.373 0.016    1.6    2.5 -2.12 0.021  40   3 11:46:43     43577.48999    0.0000  2019/05/23
 3.0000000   2.0999999   28.8572   3831.369 0.017    1.9    2.3 -2.11 0.021  40   0 11:47:27     43577.49050    0.0000  2019/05/23
 3.0000000   3.0000000   29.1014   3819.632 0.014    0.7    0.5 -2.12 0.026  40   1 11:55:35     43577.49614    0.0000  2019/05/23
 3.0000000   3.0000000   28.8572   3819.631 0.018    0.9    0.9 -2.11 0.026  40   0 11:56:24     43577.49670    0.0000  2019/05/23
 3.0000000   3.0000000   29.1014   3819.633 0.015    1.3    0.8 -2.11 0.026  40   1 11:57:08     43577.49721    0.0000  2019/05/23
 3.0000000   3.0000000   29.1014   3819.633 0.013    1.5    0.5 -2.11 0.027  40   1 11:57:52     43577.49772    0.0000  2019/05/23
 3.0000000   3.0000000   29.1014   3819.633 0.016    1.5    0.3 -2.11 0.027  40   3 11:58:37     43577.49824    0.0000  2019/05/23
 3.0000000   3.0000000   29.1014   3819.632 0.021    1.8   -0.2 -2.11 0.027  40   0 11:59:21     43577.49875    0.0000  2019/05/23
 3.0000000   3.0000000   29.1014   3819.631 0.014    1.8   -0.5 -2.12 0.028  40   0 12:00:05     43577.49926    0.0000  2019/05/23
 3.0000000   3.0000000   29.1014   3819.640 0.028    2.0   -1.1 -2.13 0.028  40   0 12:00:50     43577.49978    0.0000  2019/05/23
 3.0000000   3.0000000   29.3455   3819.629 0.016    0.0   -2.9 -2.15 0.029  40   0 12:02:29     43577.50092    0.0000  2019/05/23
 3.0000000   3.0000000   29.1014   3819.629 0.017    0.4   -4.0 -2.16 0.030  40   1 12:03:18     43577.50149    0.0000  2019/05/23
 3.0000000   3.0000000   29.3455   3819.629 0.021    1.0   -5.0 -2.17 0.030  40   1 12:04:02     43577.50200    0.0000  2019/05/23
 3.0000000   3.0000000   29.3455   3819.631 0.022    1.7   -5.7 -2.18 0.031  40   1 12:04:46     43577.50250    0.0000  2019/05/23
 3.0000000   3.0000000   29.5896   3819.628 0.021    2.1   -6.2 -2.19 0.031  40   0 12:05:30     43577.50301    0.0000  2019/05/23
 3.0000000   3.0000000   29.5896   3819.628 0.018    2.9   -6.5 -2.21 0.031  40   0 12:06:14     43577.50352    0.0000  2019/05/23
 3.0000000   4.0000000   31.0545   3798.646 0.031    4.2    0.5 -2.14 0.037  40   0 12:16:54     43577.51092    0.0000  2019/05/23
 3.0000000   4.0000000   31.2986   3798.645 0.029    5.9   -0.2 -2.12 0.038  40   0 12:17:43     43577.51148    0.0000  2019/05/23
 3.0000000   4.0000000   32.0310   3798.646 0.026    7.3   -1.0 -2.11 0.038  40   0 12:18:27     43577.51199    0.0000  2019/05/23
 3.0000000   4.0000000   32.0310   3798.644 0.049    8.5   -2.2 -2.10 0.038  40   1 12:19:11     43577.51250    0.0000  2019/05/23
 3.0000000   4.0000000   32.2752   3798.646 0.033    9.2   -3.1 -2.09 0.039  40   0 12:19:55     43577.51301    0.0000  2019/05/23
 3.0000000   4.0000000   32.5193   3798.644 0.039   10.5   -3.8 -2.09 0.039  40   0 12:20:39     43577.51352    0.0000  2019/05/23
 3.0000000   4.0000000   32.5193   3798.644 0.030   11.6   -5.0 -2.09 0.039  40   0 12:21:23     43577.51403    0.0000  2019/05/23
 3.0000000   4.0000000   33.0076   3798.645 0.020   11.8   -5.3 -2.10 0.040  40   0 12:22:08     43577.51455    0.0000  2019/05/23
 3.0000000   3.0000000   34.9607   3819.634 0.028    2.5   -2.3 -2.07 0.048  40   5 12:37:49     43577.52542    0.0000  2019/05/23
 3.0000000   3.0000000   35.2049   3819.632 0.020    4.2   -3.7 -2.07 0.048  40   1 12:38:38     43577.52599    0.0000  2019/05/23
 3.0000000   3.0000000   35.2049   3819.632 0.011    6.5   -4.6 -2.07 0.049  40   0 12:39:22     43577.52649    0.0000  2019/05/23
 3.0000000   3.0000000   35.2049   3819.634 0.010    8.5   -5.7 -2.07 0.049  40   0 12:40:06     43577.52700    0.0000  2019/05/23
 3.0000000   3.0000000   35.2049   3819.633 0.030   10.6   -6.6 -2.08 0.050  40   6 12:40:50     43577.52751    0.0000  2019/05/23
 3.0000000   3.0000000   35.2049   3819.631 0.019   12.4   -7.6 -2.09 0.050  40   0 12:41:35     43577.52803    0.0000  2019/05/23
 3.0000000   3.0000000   35.2049   3819.632 0.016   13.4   -7.4 -2.11 0.050  40   1 12:42:19     43577.52854    0.0000  2019/05/23
 3.0000000   3.0000000   35.4490   3819.630 0.013   14.6   -7.7 -2.12 0.051  40   0 12:43:04     43577.52906    0.0000  2019/05/23
 3.0000000   4.0000000   35.4490   3798.653 0.047   -2.6   -3.6 -2.13 0.056  40   0 12:53:37     43577.53637    0.0000  2019/05/23
 3.0000000   4.0000000   35.4490   3798.649 0.033   -2.8   -5.2 -2.12 0.056  40   0 12:54:26     43577.53694    0.0000  2019/05/23
 3.0000000   4.0000000   35.6931   3798.649 0.032   -2.4   -7.0 -2.11 0.057  40   0 12:55:10     43577.53745    0.0000  2019/05/23
 3.0000000   4.0000000   35.6931   3798.648 0.027   -2.7   -7.8 -2.10 0.057  40   0 12:55:54     43577.53796    0.0000  2019/05/23
 3.0000000   4.0000000   35.9373   3798.648 0.039   -2.9   -9.1 -2.10 0.057  40   0 12:56:38     43577.53847    0.0000  2019/05/23
 3.0000000   4.0000000   35.9373   3798.647 0.018   -2.7   -9.4 -2.11 0.058  40   0 12:57:22     43577.53897    0.0000  2019/05/23
 3.0000000   4.0000000   35.9373   3798.647 0.024   -1.9  -10.5 -2.11 0.058  40   0 12:58:06     43577.53948    0.0000  2019/05/23
 3.0000000   4.0000000   36.1814   3798.651 0.022   -1.5  -10.6 -2.12 0.059  40  15 12:58:51     43577.54000    0.0000  2019/05/23
 3.0000000   5.0000000   36.9138   3780.525 0.022    0.2    1.2 -2.17 0.064  40   0 13:09:39     43577.54749    0.0000  2019/05/23
 3.0000000   5.0000000   36.6697   3780.527 0.015    0.7    1.2 -2.17 0.064  40   1 13:10:28     43577.54806    0.0000  2019/05/23
 3.0000000   5.0000000   36.4256   3780.525 0.026    1.1    1.3 -2.16 0.064  40   0 13:11:12     43577.54857    0.0000  2019/05/23
 3.0000000   5.0000000   36.4256   3780.524 0.021    1.2    1.5 -2.16 0.065  40   0 13:11:56     43577.54907    0.0000  2019/05/23
 3.0000000   5.0000000   36.1814   3780.526 0.024    1.6    0.9 -2.17 0.065  40   0 13:12:40     43577.54958    0.0000  2019/05/23
 3.0000000   5.0000000   35.9373   3780.523 0.019    2.1    0.4 -2.17 0.065  40   0 13:13:24     43577.55009    0.0000  2019/05/23
 3.0000000   4.0000000   35.4490   3798.647 0.020   -0.3   -2.5 -2.16 0.070  40   2 13:24:07     43577.55752    0.0000  2019/05/23
 3.0000000   4.0000000   35.4490   3798.649 0.019    0.2   -4.3 -2.15 0.070  40   0 13:24:56     43577.55809    0.0000  2019/05/23
 3.0000000   4.0000000   35.6931   3798.649 0.016    0.1   -6.1 -2.13 0.071  40   1 13:25:40     43577.55860    0.0000  2019/05/23
 3.0000000   4.0000000   35.9373   3798.648 0.027    0.0   -7.3 -2.13 0.071  40   2 13:26:24     43577.55910    0.0000  2019/05/23
 3.0000000   4.0000000   36.1814   3798.651 0.034    0.2   -8.6 -2.12 0.071  40  21 13:27:08     43577.55961    0.0000  2019/05/23
 3.0000000   4.0000000   36.4256   3798.646 0.024    1.0   -9.2 -2.13 0.072  40  19 13:27:52     43577.56012    0.0000  2019/05/23
 3.0000000   4.0000000   36.6697   3798.646 0.025    1.3   -9.6 -2.13 0.072  40   0 13:28:36     43577.56063    0.0000  2019/05/23
 3.0000000   5.0000000   37.6463   3780.525 0.038   -2.3    4.2 -2.17 0.076  40   1 13:39:34     43577.56823    0.0000  2019/05/23
 3.0000000   5.0000000   37.4021   3780.526 0.033   -1.8    4.3 -2.17 0.076  40   0 13:40:23     43577.56880    0.0000  2019/05/23
 3.0000000   5.0000000   37.4021   3780.528 0.031   -0.8    4.1 -2.17 0.077  40   0 13:41:07     43577.56931    0.0000  2019/05/23
 3.0000000   5.0000000   37.1580   3780.527 0.027   -0.3    4.1 -2.17 0.077  40   1 13:41:51     43577.56982    0.0000  2019/05/23
 3.0000000   5.0000000   36.9138   3780.526 0.031    0.0    3.9 -2.17 0.077  40   0 13:42:35     43577.57032    0.0000  2019/05/23
 3.0000000   5.0000000   36.6697   3780.524 0.028    0.4    3.9 -2.18 0.077  40   0 13:43:19     43577.57083    0.0000  2019/05/23
 3.0000000   5.0000000   36.6697   3780.523 0.026    0.3    3.5 -2.18 0.078  40   0 13:44:03     43577.57134    0.0000  2019/05/23
 3.0000000   6.0000000   35.4490   3760.469 0.040   -1.3    2.9 -2.15 0.082  40   4 13:55:34     43577.57933    0.0000  2019/05/23
 3.0000000   6.0000000   35.2049   3760.470 0.024   -0.9    3.9 -2.13 0.082  40   0 13:56:23     43577.57989    0.0000  2019/05/23
 3.0000000   6.0000000   35.2049   3760.469 0.029   -0.4    4.0 -2.12 0.082  40   0 13:57:07     43577.58040    0.0000  2019/05/23
 3.0000000   6.0000000   34.9607   3760.473 0.019    0.0    4.1 -2.12 0.083  40   4 13:57:51     43577.58091    0.0000  2019/05/23
 3.0000000   6.0000000   34.7166   3760.474 0.027    0.4    4.0 -2.11 0.083  40   2 13:58:35     43577.58142    0.0000  2019/05/23
 3.0000000   6.0000000   34.4724   3760.469 0.038    0.7    4.0 -2.12 0.083  40   0 13:59:19     43577.58193    0.0000  2019/05/23
 3.0000000   6.0000000   34.4724   3760.468 0.033    0.8    3.7 -2.12 0.083  40   0 14:00:04     43577.58245    0.0000  2019/05/23
 3.0000000   6.0000000   34.2283   3760.467 0.025    1.0    3.6 -2.13 0.084  40   1 14:00:49     43577.58297    0.0000  2019/05/23
 3.0000000   5.0000000   33.4959   3780.530 0.028   -1.0    2.7 -2.12 0.087  40   0 14:12:02     43577.59074    0.0000  2019/05/23
 3.0000000   5.0000000   33.4959   3780.530 0.029   -0.5    3.3 -2.11 0.087  40   0 14:12:51     43577.59131    0.0000  2019/05/23
 3.0000000   5.0000000   33.4959   3780.530 0.039    0.1    3.3 -2.10 0.087  40   0 14:13:35     43577.59182    0.0000  2019/05/23
 3.0000000   5.0000000   33.2517   3780.529 0.048    0.3    2.7 -2.10 0.088  40   0 14:14:19     43577.59233    0.0000  2019/05/23
 3.0000000   5.0000000   33.2517   3780.531 0.029    0.0    2.5 -2.10 0.088  40   0 14:15:03     43577.59283    0.0000  2019/05/23
 3.0000000   5.0000000   33.4959   3780.530 0.036    0.1    2.6 -2.10 0.088  40   0 14:15:47     43577.59334    0.0000  2019/05/23
 3.0000000   6.0000000   33.2517   3760.472 0.052   -2.9    0.9 -2.11 0.091  40   0 14:27:20     43577.60135    0.0000  2019/05/23
 3.0000000   6.0000000   33.2517   3760.470 0.043   -2.7    2.5 -2.09 0.091  40   0 14:28:09     43577.60192    0.0000  2019/05/23
 3.0000000   6.0000000   33.0076   3760.471 0.049   -2.7    3.1 -2.08 0.091  40   0 14:28:53     43577.60243    0.0000  2019/05/23
 3.0000000   6.0000000   33.2517   3760.471 0.032   -2.4    3.2 -2.07 0.091  40   1 14:29:37     43577.60293    0.0000  2019/05/23
 3.0000000   6.0000000   33.0076   3760.470 0.031   -2.1    3.0 -2.07 0.092  40   0 14:30:21     43577.60344    0.0000  2019/05/23
 3.0000000   6.0000000   32.7635   3760.470 0.027   -1.8    3.0 -2.07 0.092  40   0 14:31:05     43577.60395    0.0000  2019/05/23
 3.0000000   6.0000000   33.0076   3760.470 0.029   -1.5    3.0 -2.07 0.092  40   0 14:31:50     43577.60447    0.0000  2019/05/23
 3.0000000   5.0000000   33.0076   3780.531 0.059   -1.6    3.6 -2.08 0.094  40   0 14:42:14     43577.61168    0.0000  2019/05/23
 3.0000000   5.0000000   33.0076   3780.535 0.090   -1.4    4.9 -2.07 0.094  40   2 14:43:03     43577.61225    0.0000  2019/05/23
 3.0000000   5.0000000   33.0076   3780.536 0.035   -0.7    5.7 -2.06 0.094  40   0 14:43:47     43577.61276    0.0000  2019/05/23
 3.0000000   5.0000000   32.7635   3780.534 0.039    0.1    5.9 -2.06 0.094  40   0 14:44:31     43577.61326    0.0000  2019/05/23
 3.0000000   5.0000000   33.0076   3780.532 0.023    0.5    6.2 -2.06 0.095  40   0 14:45:15     43577.61377    0.0000  2019/05/23
 3.0000000   5.0000000   33.0076   3780.532 0.024    1.1    5.9 -2.06 0.095  40   0 14:45:59     43577.61428    0.0000  2019/05/23
 3.0000000   5.0000000   32.7635   3780.532 0.025    1.3    6.0 -2.07 0.095  40   0 14:46:43     43577.61479    0.0000  2019/05/23
 3.0000000   5.0000000   32.7635   3780.532 0.024    1.4    6.0 -2.07 0.095   3   1 14:47:28     43577.61531    0.0000  2019/05/23
 3.0000000   6.0000000   32.7635   3760.473 0.054   -2.4   -0.5 -2.04 0.097  40   0 14:59:14     43577.62347    0.0000  2019/05/23
 3.0000000   6.0000000   32.5193   3760.475 0.087   -2.1    0.3 -2.03 0.097  40   0 15:00:04     43577.62405    0.0000  2019/05/23
 3.0000000   6.0000000   32.5193   3760.476 0.054   -1.8    0.6 -2.02 0.097  40   0 15:00:48     43577.62455    0.0000  2019/05/23
 3.0000000   6.0000000   32.5193   3760.473 0.046   -1.6    0.7 -2.01 0.097  40   1 15:01:32     43577.62506    0.0000  2019/05/23
 3.0000000   6.0000000   32.2752   3760.475 0.041   -1.5    1.1 -2.01 0.097  40   0 15:02:16     43577.62557    0.0000  2019/05/23
 3.0000000   6.0000000   32.2752   3760.474 0.035   -1.4    0.6 -2.01 0.097  40   0 15:03:00     43577.62608    0.0000  2019/05/23
 3.0000000   6.0000000   32.2752   3760.473 0.032   -1.2    0.5 -2.02 0.097  40   0 15:03:44     43577.62659    0.0000  2019/05/23
 3.0000000   5.0000000   32.2752   3780.532 0.025   -0.9   -0.3 -2.06 0.098  40   0 15:15:02     43577.63442    0.0000  2019/05/23
 3.0000000   5.0000000   32.5193   3780.533 0.025    0.0    0.9 -2.05 0.098  40   0 15:15:51     43577.63499    0.0000  2019/05/23
 3.0000000   5.0000000   32.2752   3780.535 0.024    0.9    2.1 -2.04 0.098  40   0 15:16:35     43577.63550    0.0000  2019/05/23
 3.0000000   5.0000000   32.2752   3780.535 0.024    1.9    2.3 -2.04 0.098  40   0 15:17:19     43577.63601    0.0000  2019/05/23
 3.0000000   5.0000000   32.2752   3780.533 0.027    2.8    2.1 -2.04 0.098  40   0 15:18:03     43577.63651    0.0000  2019/05/23
 3.0000000   5.0000000   32.5193   3780.535 0.021    3.7    1.8 -2.04 0.098  40   0 15:18:47     43577.63702    0.0000  2019/05/23
 3.0000000   5.0000000   32.5193   3780.535 0.030    4.7    1.0 -2.05 0.098  40   0 15:19:31     43577.63753    0.0000  2019/05/23
 3.0000000   4.0000000   33.7400   3798.654 0.034   -4.4    0.6 -2.07 0.099  40   1 15:29:26     43577.64441    0.0000  2019/05/23
 3.0000000   4.0000000   33.9842   3798.654 0.017   -5.5    0.1 -2.06 0.099  40   0 15:30:15     43577.64497    0.0000  2019/05/23
 3.0000000   4.0000000   34.4724   3798.655 0.026   -5.4    0.0 -2.06 0.099  40   1 15:30:59     43577.64548    0.0000  2019/05/23
 3.0000000   4.0000000   34.7166   3798.651 0.024   -6.2   -1.0 -2.05 0.099  40   1 15:31:43     43577.64599    0.0000  2019/05/23
 3.0000000   4.0000000   34.7166   3798.650 0.035   -0.9    4.5 -2.06 0.099  40  17 15:32:27     43577.64650    0.0000  2019/05/23
 3.0000000   4.0000000   34.9607   3798.652 0.044   -3.8    2.9 -2.06 0.099  40  11 15:33:11     43577.64701    0.0000  2019/05/23
 3.0000000   4.0000000   34.9607   3798.650 0.053    1.3    7.0 -2.07 0.099  40  10 15:33:55     43577.64752    0.0000  2019/05/23
 3.0000000   5.0000000   35.2049   3780.531 0.025    6.4    1.0 -2.08 0.098  40   0 15:45:12     43577.65534    0.0000  2019/05/23
 3.0000000   5.0000000   35.2049   3780.533 0.028   10.0    2.8 -2.07 0.098  40   0 15:46:01     43577.65590    0.0000  2019/05/23
 3.0000000   5.0000000   35.2049   3780.531 0.027   12.8    3.3 -2.07 0.098  40   1 15:46:45     43577.65641    0.0000  2019/05/23
 3.0000000   5.0000000   34.9607   3780.526 0.055    1.3    3.4 -2.06 0.098  40   8 15:47:29     43577.65692    0.0000  2019/05/23
 3.0000000   5.0000000   34.9607   3780.530 0.041    3.8    3.7 -2.07 0.098  40   0 15:48:14     43577.65744    0.0000  2019/05/23
 3.0000000   5.0000000   34.9607   3780.528 0.025    6.0    4.1 -2.07 0.098  40   0 15:48:58     43577.65795    0.0000  2019/05/23
 3.0000000   5.0000000   35.2049   3780.529 0.024    8.1    4.2 -2.08 0.098  40   0 15:49:42     43577.65846    0.0000  2019/05/23
 3.0000000   5.0000000   34.9607   3780.529 0.028    9.5    4.7 -2.09 0.098  40   0 15:50:27     43577.65898    0.0000  2019/05/23
 3.0000000   6.0000000   35.6931   3798.650 0.046   -5.5    2.6 -2.12 0.097  40   0 15:59:58     43577.66558    0.0000  2019/05/23
 3.0000000   6.0000000   35.9373   3798.655 0.039   -7.5    3.1 -2.10 0.097  40   0 16:00:47     43577.66614    0.0000  2019/05/23
 3.0000000   6.0000000   36.1814   3798.658 0.045  -12.4    3.6 -2.09 0.097  40   0 16:01:31     43577.66665    0.0000  2019/05/23
 3.0000000   6.0000000   36.4256   3798.652 0.031  -13.3    2.8 -2.08 0.097  40   0 16:02:15     43577.66716    0.0000  2019/05/23
 3.0000000   6.0000000   36.9138   3798.652 0.026  -11.8    1.0 -2.08 0.097  40   0 16:02:59     43577.66767    0.0000  2019/05/23
 3.0000000   6.0000000   37.1580   3798.652 0.026  -13.1    0.6 -2.08 0.096  40   1 16:03:43     43577.66818    0.0000  2019/05/23
 3.0000000   6.0000000   37.4021   3798.647 0.033   -3.6    2.7 -2.08 0.096  40   2 16:04:27     43577.66869    0.0000  2019/05/23
 3.0000000   6.0000000   37.6463   3798.649 0.031   -4.0    1.3 -2.09 0.096  40   5 16:05:12     43577.66921    0.0000  2019/05/23
 3.0000000   3.0000000   38.3787   3819.637 0.019   -2.0   -5.9 -2.12 0.095  40   0 16:15:24     43577.67628    0.0000  2019/05/23
 3.0000000   3.0000000   38.6228   3819.636 0.022   -3.5   -6.7 -2.12 0.095  40   0 16:16:13     43577.67684    0.0000  2019/05/23
 3.0000000   3.0000000   38.6228   3819.635 0.020   -4.3   -8.1 -2.11 0.095  40   0 16:16:57     43577.67735    0.0000  2019/05/23
 3.0000000   3.0000000   39.1111   3819.635 0.019   -5.3   -9.4 -2.11 0.094  40   2 16:17:41     43577.67786    0.0000  2019/05/23
 3.0000000   3.0000000   39.3552   3819.635 0.019   -5.8  -11.0 -2.11 0.094  40   0 16:18:25     43577.67837    0.0000  2019/05/23
 3.0000000   3.0000000   39.5994   3819.633 0.023   -7.0   -9.3 -2.12 0.094  40   0 16:19:09     43577.67888    0.0000  2019/05/23
 3.0000000   3.0000000   39.5994   3819.633 0.017   -7.6   -7.0 -2.13 0.094  40   0 16:19:53     43577.67939    0.0000  2019/05/23
 3.0000000   3.0000000   39.5994   3819.632 0.021   -7.5   -9.6 -2.14 0.094  40   0 16:20:38     43577.67991    0.0000  2019/05/23
 3.0000000   4.0000000   38.8670   3798.644 0.045   -5.0    0.3 -2.18 0.092  40   1 16:30:01     43577.68641    0.0000  2019/05/23
 3.0000000   4.0000000   39.1111   3798.647 0.030   -5.7    0.9 -2.17 0.092  40   0 16:30:50     43577.68698    0.0000  2019/05/23
 3.0000000   4.0000000   39.3552   3798.648 0.033   -5.5    1.0 -2.16 0.092  40   0 16:31:34     43577.68749    0.0000  2019/05/23
 3.0000000   4.0000000   39.3552   3798.647 0.035   -6.2    0.9 -2.16 0.092  40   0 16:32:19     43577.68801    0.0000  2019/05/23
 3.0000000   4.0000000   39.5994   3798.647 0.041   -5.8   -0.9 -2.16 0.091  40   0 16:33:03     43577.68851    0.0000  2019/05/23
 3.0000000   4.0000000   39.8435   3798.663 0.051   -7.3   -1.4 -2.17 0.091  40   2 16:33:48     43577.68903    0.0000  2019/05/23
 3.0000000   4.0000000   40.0877   3798.647 0.027   -8.1   -1.5 -2.17 0.091  40   0 16:34:32     43577.68954    0.0000  2019/05/23
 3.0000000   4.0000000   40.3318   3798.646 0.034   -8.0   -2.1 -2.18 0.091  40   0 16:35:17     43577.69006    0.0000  2019/05/23
 3.0000000   3.0000000   40.3318   3819.635 0.022    1.2   -2.2 -2.18 0.088  40   0 16:46:57     43577.69815    0.0000  2019/05/23
 3.0000000   3.0000000   40.3318   3819.635 0.025    2.6   -2.8 -2.16 0.088  40   0 16:47:46     43577.69872    0.0000  2019/05/23
 3.0000000   3.0000000   40.0877   3819.636 0.031    3.3   -2.9 -2.16 0.088  40   3 16:48:30     43577.69923    0.0000  2019/05/23
 3.0000000   3.0000000   39.8435   3819.637 0.025    4.3   -3.0 -2.15 0.087  40   0 16:49:14     43577.69974    0.0000  2019/05/23
 3.0000000   3.0000000   39.5994   3819.635 0.028    4.8   -3.2 -2.15 0.087  40   0 16:49:58     43577.70024    0.0000  2019/05/23
 3.0000000   3.0000000   39.8435   3819.635 0.026    5.6   -3.1 -2.16 0.087  40   0 16:50:42     43577.70075    0.0000  2019/05/23
 3.0000000   3.0000000   39.5994   3819.635 0.036    6.1   -3.3 -2.16 0.087  40   0 16:51:26     43577.70126    0.0000  2019/05/23
 3.0000000   2.0999999   38.3787   3831.372 0.016   -1.3    1.2 -2.22 0.084  40   2 17:00:01     43577.70721    0.0000  2019/05/23
 3.0000000   2.0999999   38.3787   3831.373 0.011   -1.7    2.3 -2.21 0.084  40   0 17:00:50     43577.70778    0.0000  2019/05/23
 3.0000000   2.0999999   38.1345   3831.376 0.012   -1.6    2.5 -2.21 0.084  40   0 17:01:34     43577.70829    0.0000  2019/05/23
 3.0000000   2.0999999   38.1345   3831.376 0.016   -2.0    1.9 -2.21 0.084  40   3 17:02:18     43577.70879    0.0000  2019/05/23
 3.0000000   2.0999999   37.8904   3831.374 0.025   -1.7    2.2 -2.21 0.083  40   0 17:03:02     43577.70930    0.0000  2019/05/23
 3.0000000   2.0999999   37.6463   3831.374 0.018   -1.7    1.2 -2.21 0.083  40   0 17:03:46     43577.70981    0.0000  2019/05/23
 3.0000000   2.0999999   37.4021   3831.374 0.023   -1.3    1.4 -2.22 0.083  40   1 17:04:30     43577.71032    0.0000  2019/05/23
 3.0000000   3.0000000   36.1814   3819.635 0.030   -0.3    0.9 -2.21 0.080  40   2 17:12:31     43577.71588    0.0000  2019/05/23
 3.0000000   3.0000000   36.1814   3819.637 0.015   -0.1    2.4 -2.19 0.080  40   1 17:13:20     43577.71644    0.0000  2019/05/23
 3.0000000   3.0000000   36.1814   3819.639 0.013    0.2    2.4 -2.18 0.080  40   0 17:14:04     43577.71695    0.0000  2019/05/23
 3.0000000   3.0000000   35.9373   3819.638 0.013    0.8    2.1 -2.18 0.079  40   0 17:14:48     43577.71746    0.0000  2019/05/23
 3.0000000   3.0000000   36.1814   3819.637 0.013    1.1    1.5 -2.17 0.079  40   3 17:15:32     43577.71797    0.0000  2019/05/23
 3.0000000   3.0000000   35.6931   3819.636 0.017    1.5    0.9 -2.17 0.079  40   0 17:16:16     43577.71848    0.0000  2019/05/23
 3.0000000   3.0000000   35.6931   3819.635 0.024    1.9    0.8 -2.17 0.078  40   0 17:17:00     43577.71899    0.0000  2019/05/23
 3.0000000   2.0999999   35.4490   3831.378 0.019   -2.4    2.3 -2.17 0.076  40   0 17:24:30     43577.72419    0.0000  2019/05/23
 3.0000000   2.0999999   35.2049   3831.378 0.019   -2.1    2.8 -2.16 0.076  40   1 17:25:19     43577.72475    0.0000  2019/05/23
 3.0000000   2.0999999   35.2049   3831.378 0.017   -1.8    2.3 -2.16 0.075  40   0 17:26:03     43577.72526    0.0000  2019/05/23
 3.0000000   2.0999999   34.9607   3831.378 0.021   -1.6    2.1 -2.16 0.075  40   2 17:26:47     43577.72577    0.0000  2019/05/23
 3.0000000   2.0999999   34.7166   3831.377 0.019   -1.4    1.2 -2.15 0.075  40   0 17:27:31     43577.72628    0.0000  2019/05/23
 3.0000000   2.0999999   34.7166   3831.377 0.021   -1.6    0.8 -2.16 0.074  40   1 17:28:15     43577.72679    0.0000  2019/05/23
 3.0000000   2.0000000   33.7400   3843.276 0.025    0.2    4.3 -2.18 0.071  40   6 17:37:17     43577.73305    0.0000  2019/05/23
 3.0000000   2.0000000   33.7400   3843.282 0.015    0.2    5.9 -2.16 0.070  40   6 17:38:06     43577.73362    0.0000  2019/05/23
 3.0000000   2.0000000   33.7400   3843.280 0.011    0.5    6.4 -2.16 0.070  40   0 17:38:50     43577.73412    0.0000  2019/05/23
 3.0000000   2.0000000   33.7400   3843.281 0.020    0.6    6.7 -2.15 0.070  40   1 17:39:34     43577.73463    0.0000  2019/05/23
 3.0000000   2.0000000   33.7400   3843.281 0.011    0.6    6.7 -2.15 0.070  40   0 17:40:18     43577.73514    0.0000  2019/05/23
 3.0000000   2.0000000   33.7400   3843.279 0.014    0.7    6.6 -2.15 0.069  40   2 17:41:02     43577.73565    0.0000  2019/05/23
 3.0000000   2.0000000   33.4959   3843.281 0.018    0.7    6.5 -2.15 0.069  40   3 17:41:46     43577.73616    0.0000  2019/05/23
 3.0000000   2.0999999   33.2517   3831.379 0.013   -2.9    5.3 -2.11 0.064  40   0 17:53:54     43577.74457    0.0000  2019/05/23
 3.0000000   2.0999999   33.2517   3831.380 0.022   -2.9    6.1 -2.09 0.063  40   1 17:54:43     43577.74514    0.0000  2019/05/23
 3.0000000   2.0999999   33.2517   3831.380 0.019   -2.8    6.6 -2.08 0.063  40   1 17:55:27     43577.74565    0.0000  2019/05/23
 3.0000000   2.0999999   33.2517   3831.380 0.013   -2.5    6.7 -2.08 0.063  40   0 17:56:11     43577.74615    0.0000  2019/05/23
 3.0000000   2.0999999   33.0076   3831.380 0.016   -2.5    6.6 -2.08 0.062  40   0 17:56:55     43577.74666    0.0000  2019/05/23
 3.0000000   2.0999999   32.7635   3831.378 0.013   -2.3    6.8 -2.08 0.062  40   0 17:57:39     43577.74717    0.0000  2019/05/23
 3.0000000   2.0999999   33.0076   3831.378 0.017   -2.1    6.7 -2.09 0.062  40   2 17:58:23     43577.74768    0.0000  2019/05/23
 3.0000000   2.0000000   33.0076   3843.275 0.007    1.3    0.4 -2.13 0.058  40   1 18:06:38     43577.75340    0.0000  2019/05/23
 3.0000000   2.0000000   33.0076   3843.277 0.012    1.8    1.9 -2.11 0.058  40  11 18:07:27     43577.75397    0.0000  2019/05/23
 3.0000000   2.0000000   33.0076   3843.280 0.012    2.8    2.4 -2.11 0.057  40   5 18:08:11     43577.75447    0.0000  2019/05/23
 3.0000000   2.0000000   33.0076   3843.279 0.009    3.1    2.3 -2.10 0.057  40   0 18:08:55     43577.75498    0.0000  2019/05/23
 3.0000000   2.0000000   32.7635   3843.277 0.009    3.6    2.1 -2.10 0.056  40   0 18:09:39     43577.75549    0.0000  2019/05/23
 3.0000000   2.0000000   32.7635   3843.277 0.011    3.8    1.8 -2.10 0.056  40   3 18:10:23     43577.75600    0.0000  2019/05/23
 3.0000000   2.0000000   32.7635   3843.277 0.011    3.8    1.6 -2.10 0.056  40   6 18:11:07     43577.75651    0.0000  2019/05/23
 3.0000000   1.0000000   33.2517   3861.383 0.013   -1.0   -3.4 -1.97 0.045  40   1 18:33:28     43577.77200    0.0000  2019/05/23
 3.0000000   1.0000000   33.4959   3861.384 0.012    0.4   -4.1 -1.96 0.044  40   2 18:34:17     43577.77257    0.0000  2019/05/23
 3.0000000   1.0000000   33.7400   3861.385 0.015    0.8   -4.3 -1.96 0.044  40   3 18:35:01     43577.77308    0.0000  2019/05/23
 3.0000000   1.0000000   33.7400   3861.386 0.007    1.2   -4.6 -1.97 0.043  40   7 18:35:45     43577.77359    0.0000  2019/05/23
 3.0000000   1.0000000   33.7400   3861.383 0.014    1.7   -4.8 -1.97 0.043  40   2 18:36:29     43577.77410    0.0000  2019/05/23
 3.0000000   1.0000000   33.9842   3861.385 0.010    2.1   -5.1 -1.98 0.043  40   4 18:37:13     43577.77460    0.0000  2019/05/23
 3.0000000   1.0000000   33.9842   3861.383 0.011    1.2   -4.0 -1.99 0.042  40   1 18:37:57     43577.77511    0.0000  2019/05/23
 3.0000000   2.0000000   32.7635   3843.286 0.013    0.8    1.7 -2.05 0.036  40   2 18:50:56     43577.78411    0.0000  2019/05/23
 3.0000000   2.0000000   33.0076   3843.284 0.014    0.8    2.5 -2.05 0.035  40   5 18:51:45     43577.78468    0.0000  2019/05/23
 3.0000000   2.0000000   33.0076   3843.286 0.013    1.3    2.4 -2.04 0.035  40  10 18:52:29     43577.78519    0.0000  2019/05/23
 3.0000000   2.0000000   32.7635   3843.284 0.009    1.4    2.3 -2.05 0.035  40   0 18:53:13     43577.78570    0.0000  2019/05/23
 3.0000000   2.0000000   32.7635   3843.284 0.010    1.7    2.2 -2.05 0.034  40   4 18:53:57     43577.78621    0.0000  2019/05/23
 3.0000000   2.0000000   32.5193   3843.283 0.010    1.7    2.0 -2.06 0.034  40   4 18:54:41     43577.78671    0.0000  2019/05/23
 3.0000000   2.0000000   32.5193   3843.283 0.008    1.7    1.7 -2.07 0.034  40   0 18:55:25     43577.78722    0.0000  2019/05/23
 3.0000000  10.0000000   32.2752   3841.775 0.013    1.4    5.0 -2.03 0.027  40   2 19:08:04     43577.79599    0.0000  2019/05/23
 3.0000000  10.0000000   32.7635   3841.774 0.010    1.8    5.1 -2.02 0.026  40   2 19:08:53     43577.79656    0.0000  2019/05/23
 3.0000000  10.0000000   32.2752   3841.774 0.008    2.2    4.9 -2.02 0.026  40   0 19:09:37     43577.79707    0.0000  2019/05/23
 3.0000000  10.0000000   32.2752   3841.773 0.008    2.5    4.6 -2.02 0.026  40   0 19:10:21     43577.79758    0.0000  2019/05/23
 3.0000000  10.0000000   32.2752   3841.774 0.008    2.9    4.4 -2.02 0.025  40   0 19:11:05     43577.79808    0.0000  2019/05/23
 3.0000000  10.0000000   32.0310   3841.772 0.012    3.1    4.2 -2.03 0.025  40   3 19:11:49     43577.79859    0.0000  2019/05/23
 3.0000000  10.0000000   32.0310   3841.771 0.009    3.2    3.9 -2.04 0.025  40   0 19:12:33     43577.79910    0.0000  2019/05/23
 3.0000000  10.0000000   32.0310   3841.771 0.012    3.3    3.8 -2.05 0.024  40   2 19:13:18     43577.79962    0.0000  2019/05/23