
/	CG-5 SURVEY
/	Survey name:   	pbz
/	Instrument S/N:	40823
/	Client:        	geoken
/	Operator:      	marat
/	Date:          	2019/ 5/26
/	Time:          	08:24:40
/	LONG:        	77.1000000 E
/	LAT:         	43.7000000 N
/	ZONE:        	43      
/	GMT DIFF.:   	-6.0

/	CG-5 SETUP PARAMETERS
/	Gref:			0.000   
/	Gcal1:		8505.171
/	TiltxS:		632.426 
/	TiltyS:		624.495 
/	TiltxO:		9.760   
/	TiltyO:		-47.214 
/	Tempco:		-0.134  
/	Drift:		-0.027  
/	DriftTime Start:	08:24:43
/	DriftDate Start:	2019/05/26

/	CG-5 OPTIONS
/	Tide Correction:    YES
/	Cont. Tilt:         YES
/	Auto Rejection:     YES
/	Terrain Corr.:       NO
/	Seismic Filter:     YES
/	Raw Data:           YES
Line	   3.000N
/------LINE-----STATION-----ALT.------GRAV.---SD.--TILTX--TILTY-TEMP---TIDE---DUR-REJ-----TIME----DEC.TIME+DATE--TERRAIN---DATE
 3.0000000  10.0000000   28.6131   3841.710 0.017   -1.6    0.1 -2.32 -0.027  40   4 08:29:01     43580.35292    0.0000  2019/05/26
 3.0000000  10.0000000   28.6131   3841.711 0.009   -1.6    0.2 -2.32 -0.027  40   0 08:29:50     43580.35348    0.0000  2019/05/26
 3.0000000  10.0000000   28.6131   3841.711 0.013   -1.6    0.2 -2.32 -0.027  40   1 08:30:34     43580.35399    0.0000  2019/05/26
 3.0000000  10.0000000   28.8572   3841.710 0.011   -1.6    0.2 -2.32 -0.027  40   0 08:31:18     43580.35450    0.0000  2019/05/26
 3.0000000  10.0000000   28.8572   3841.709 0.013   -1.5    0.3 -2.32 -0.027  40   0 08:32:02     43580.35501    0.0000  2019/05/26
 3.0000000  10.0000000   28.8572   3841.710 0.009   -1.4    0.2 -2.32 -0.026  40   2 08:32:46     43580.35552    0.0000  2019/05/26
 3.0000000   2.0000000   28.8572   3843.227 0.009    0.4    3.4 -2.19 -0.026  40   0 08:44:21     43580.36355    0.0000  2019/05/26
 3.0000000   2.0000000   28.8572   3843.229 0.007    0.8    3.8 -2.17 -0.026  40   0 08:45:10     43580.36412    0.0000  2019/05/26
 3.0000000   2.0000000   28.6131   3843.228 0.008    1.3    3.7 -2.16 -0.026  40   0 08:45:54     43580.36462    0.0000  2019/05/26
 3.0000000   2.0000000   28.3689   3843.227 0.008    1.6    3.5 -2.15 -0.026  40   0 08:46:38     43580.36513    0.0000  2019/05/26
 3.0000000   2.0000000   28.3689   3843.228 0.007    1.6    3.3 -2.14 -0.026  40   0 08:47:22     43580.36564    0.0000  2019/05/26
 3.0000000   2.0000000   28.3689   3843.227 0.008    1.7    3.0 -2.14 -0.026  40   0 08:48:06     43580.36615    0.0000  2019/05/26
 3.0000000   1.0000000   28.8572   3861.327 0.011   -0.1    0.8 -2.06 -0.025  40   0 08:59:10     43580.37382    0.0000  2019/05/26
 3.0000000   1.0000000   28.6131   3861.332 0.011    0.1    2.1 -2.05 -0.025  40   2 08:59:59     43580.37439    0.0000  2019/05/26
 3.0000000   1.0000000   28.8572   3861.333 0.009    0.6    2.3 -2.04 -0.025  40   0 09:00:43     43580.37490    0.0000  2019/05/26
 3.0000000   1.0000000   28.6131   3861.331 0.007    1.0    2.3 -2.04 -0.025  40   0 09:01:27     43580.37541    0.0000  2019/05/26
 3.0000000   1.0000000   28.6131   3861.331 0.010    1.5    1.8 -2.04 -0.025  40   0 09:02:11     43580.37591    0.0000  2019/05/26
 3.0000000   1.0000000   28.6131   3861.333 0.014    1.3    1.0 -2.05 -0.025  40   0 09:02:55     43580.37642    0.0000  2019/05/26
 3.0000000   1.0000000   28.3689   3861.332 0.022    1.7    1.0 -2.05 -0.025  40   0 09:03:39     43580.37693    0.0000  2019/05/26
 3.0000000   2.0000000   28.6131   3843.238 0.016    2.0    5.6 -2.00 -0.024  40   1 09:15:12     43580.38494    0.0000  2019/05/26
 3.0000000   2.0000000   28.6131   3843.240 0.006    2.8    6.4 -1.99 -0.024  40   0 09:16:01     43580.38550    0.0000  2019/05/26
 3.0000000   2.0000000   28.6131   3843.240 0.009    3.2    6.2 -1.98 -0.024  40   0 09:16:45     43580.38601    0.0000  2019/05/26
 3.0000000   2.0000000   28.6131   3843.239 0.010    4.0    6.1 -1.98 -0.024  40   2 09:17:29     43580.38652    0.0000  2019/05/26
 3.0000000   2.0000000   28.3689   3843.240 0.011    4.4    6.0 -1.98 -0.024  40   0 09:18:13     43580.38703    0.0000  2019/05/26
 3.0000000   2.0000000   28.3689   3843.239 0.007    4.7    5.8 -1.99 -0.024  40   0 09:18:57     43580.38754    0.0000  2019/05/26
 3.0000000   1.0000000   29.1014   3861.337 0.010   -1.7   -0.8 -2.01 -0.024  40   0 09:30:15     43580.39537    0.0000  2019/05/26
 3.0000000   1.0000000   29.1014   3861.339 0.008   -1.1   -0.2 -2.01 -0.024  40   0 09:31:04     43580.39594    0.0000  2019/05/26
 3.0000000   1.0000000   29.1014   3861.340 0.008   -0.8   -0.2 -2.01 -0.024  40   0 09:31:48     43580.39645    0.0000  2019/05/26
 3.0000000   1.0000000   28.8572   3861.338 0.009   -0.5   -0.6 -2.01 -0.024  40   0 09:32:32     43580.39696    0.0000  2019/05/26
 3.0000000   1.0000000   28.8572   3861.337 0.008   -0.7   -1.0 -2.02 -0.024  40   1 09:33:16     43580.39746    0.0000  2019/05/26
 3.0000000   1.0000000   28.8572   3861.339 0.012   -0.8   -1.4 -2.03 -0.024  40   0 09:34:00     43580.39797    0.0000  2019/05/26
 3.0000000   2.0000000   29.8338   3843.236 0.016   -2.3   -0.8 -2.05 -0.023  40   5 09:45:21     43580.40584    0.0000  2019/05/26
 3.0000000   2.0000000   29.3455   3843.239 0.016   -2.7    0.2 -2.04 -0.023  40   0 09:46:10     43580.40641    0.0000  2019/05/26
 3.0000000   2.0000000   29.8338   3843.241 0.012   -0.9    1.0 -2.04 -0.023  40   0 09:46:54     43580.40692    0.0000  2019/05/26
 3.0000000   2.0000000   29.8338   3843.240 0.016   -0.2    1.3 -2.03 -0.023  40   3 09:47:38     43580.40743    0.0000  2019/05/26
 3.0000000   2.0000000   29.8338   3843.239 0.008    0.0    1.5 -2.03 -0.023  40   0 09:48:22     43580.40793    0.0000  2019/05/26
 3.0000000   2.0000000   29.5896   3843.240 0.006    0.1    1.2 -2.03 -0.023  40   0 09:49:06     43580.40844    0.0000  2019/05/26
 3.0000000   2.0000000   29.5896   3843.240 0.006    0.2    1.1 -2.04 -0.023  40   0 09:49:50     43580.40895    0.0000  2019/05/26
 3.0000000   2.0999999   30.0779   3831.336 0.012    0.0    5.8 -2.07 -0.022  40   0 09:57:35     43580.41432    0.0000  2019/05/26
 3.0000000   2.0999999   30.0779   3831.337 0.009    0.1    6.7 -2.06 -0.022  40   0 09:58:24     43580.41489    0.0000  2019/05/26
 3.0000000   2.0999999   29.5896   3831.337 0.017    0.0    7.1 -2.05 -0.022  40   0 09:59:08     43580.41540    0.0000  2019/05/26
 3.0000000   2.0999999   30.0779   3831.336 0.019    0.0    7.2 -2.05 -0.022  40   0 09:59:52     43580.41591    0.0000  2019/05/26
 3.0000000   2.0999999   30.0779   3831.336 0.033    0.0    6.9 -2.05 -0.022  40   1 10:00:36     43580.41642    0.0000  2019/05/26
 3.0000000   2.0999999   29.8338   3831.337 0.030   -0.1    6.9 -2.05 -0.022  40   0 10:01:20     43580.41692    0.0000  2019/05/26
 3.0000000   2.0999999   29.8338   3831.337 0.012   -0.2    6.6 -2.06 -0.022  40   0 10:02:04     43580.41743    0.0000  2019/05/26
 3.0000000   2.0000000   30.3221   3843.233 0.013   -0.8    3.6 -2.09 -0.022  40   3 10:09:44     43580.42275    0.0000  2019/05/26
 3.0000000   2.0000000   30.3221   3843.237 0.008    0.0    5.0 -2.08 -0.022  40   0 10:10:33     43580.42331    0.0000  2019/05/26
 3.0000000   2.0000000   30.0779   3843.239 0.007    0.5    5.0 -2.07 -0.022  40   0 10:11:17     43580.42382    0.0000  2019/05/26
 3.0000000   2.0000000   30.0779   3843.238 0.007    0.8    4.9 -2.07 -0.022  40   0 10:12:01     43580.42433    0.0000  2019/05/26
 3.0000000   2.0000000   30.0779   3843.237 0.007    1.2    4.5 -2.07 -0.022  40   0 10:12:45     43580.42484    0.0000  2019/05/26
 3.0000000   2.0000000   30.0779   3843.238 0.015    1.4    4.2 -2.06 -0.022  40   6 10:13:29     43580.42535    0.0000  2019/05/26
 3.0000000   2.0000000   29.8338   3843.236 0.005    1.5    3.9 -2.07 -0.022  40   0 10:14:13     43580.42586    0.0000  2019/05/26
 3.0000000   2.0999999   30.3221   3831.325 0.022   -1.6    4.9 -2.10 -0.021  40   0 10:20:55     43580.43050    0.0000  2019/05/26
 3.0000000   2.0999999   30.3221   3831.330 0.020   -1.5    6.2 -2.09 -0.021  40   0 10:21:44     43580.43107    0.0000  2019/05/26
 3.0000000   2.0999999   30.3221   3831.331 0.011   -1.6    6.6 -2.08 -0.021  40   0 10:22:28     43580.43158    0.0000  2019/05/26
 3.0000000   2.0999999   30.3221   3831.333 0.015   -1.3    6.7 -2.07 -0.021  40   0 10:23:12     43580.43209    0.0000  2019/05/26
 3.0000000   2.0999999   30.3221   3831.332 0.012   -1.3    6.7 -2.07 -0.021  40   0 10:23:56     43580.43259    0.0000  2019/05/26
 3.0000000   2.0999999   30.0779   3831.331 0.024   -1.1    6.3 -2.07 -0.021  40   0 10:24:40     43580.43310    0.0000  2019/05/26
 3.0000000   2.0999999   30.0779   3831.332 0.027   -1.4    6.0 -2.07 -0.021  40   1 10:25:24     43580.43361    0.0000  2019/05/26
 3.0000000   3.0000000   30.3221   3819.591 0.011    3.0    4.9 -2.11 -0.021  40   1 10:31:30     43580.43784    0.0000  2019/05/26
 3.0000000   3.0000000   30.0779   3819.594 0.009    3.7    5.8 -2.11 -0.021  40   0 10:32:19     43580.43841    0.0000  2019/05/26
 3.0000000   3.0000000   30.0779   3819.593 0.009    4.6    6.2 -2.10 -0.020  40   0 10:33:03     43580.43891    0.0000  2019/05/26
 3.0000000   3.0000000   29.8338   3819.594 0.013    5.4    6.0 -2.10 -0.020  40   3 10:33:47     43580.43942    0.0000  2019/05/26
 3.0000000   3.0000000   29.8338   3819.594 0.010    5.7    5.7 -2.10 -0.020  40   0 10:34:31     43580.43993    0.0000  2019/05/26
 3.0000000   3.0000000   29.8338   3819.594 0.012    6.1    5.5 -2.10 -0.020  40   0 10:35:15     43580.44044    0.0000  2019/05/26
 3.0000000   3.0000000   29.5896   3819.592 0.011    6.4    5.4 -2.11 -0.020  40   1 10:35:59     43580.44095    0.0000  2019/05/26
 3.0000000   3.0000000   29.5896   3819.592 0.012    6.4    5.4 -2.11 -0.020   0   1 10:36:44     43580.44147    0.0000  2019/05/26
 3.0000000   2.0999999   29.5896   3831.327 0.028    1.1    0.0 -2.19 -0.019  40   0 10:49:44     43580.45048    0.0000  2019/05/26
 3.0000000   2.0999999   29.3455   3831.328 0.031    1.7    0.6 -2.18 -0.019  40   1 10:50:33     43580.45105    0.0000  2019/05/26
 3.0000000   2.0999999   29.3455   3831.332 0.051    1.5    0.8 -2.17 -0.019  40   0 10:51:17     43580.45156    0.0000  2019/05/26
 3.0000000   2.0999999   29.5896   3831.330 0.034    1.8    1.0 -2.17 -0.019  40   0 10:52:01     43580.45206    0.0000  2019/05/26
 3.0000000   2.0999999   29.3455   3831.330 0.023    2.1    1.1 -2.17 -0.019  40   0 10:52:45     43580.45257    0.0000  2019/05/26
 3.0000000   2.0999999   29.5896   3831.330 0.023    2.3    1.0 -2.17 -0.019  40   0 10:53:29     43580.45308    0.0000  2019/05/26
 3.0000000   3.0000000   29.5896   3819.591 0.020    0.9   -2.1 -2.19 -0.018  40   0 11:00:42     43580.45809    0.0000  2019/05/26
 3.0000000   3.0000000   29.5896   3819.592 0.015    1.8   -1.5 -2.18 -0.018  40   0 11:01:31     43580.45865    0.0000  2019/05/26
 3.0000000   3.0000000   29.5896   3819.592 0.011    2.8   -1.2 -2.17 -0.018  40   0 11:02:15     43580.45916    0.0000  2019/05/26
 3.0000000   3.0000000   29.5896   3819.593 0.011    3.2   -1.3 -2.17 -0.018  40   0 11:02:59     43580.45967    0.0000  2019/05/26
 3.0000000   3.0000000   29.3455   3819.592 0.011    3.8   -1.3 -2.17 -0.018  40   1 11:03:43     43580.46018    0.0000  2019/05/26
 3.0000000   3.0000000   29.5896   3819.593 0.013    4.3   -1.3 -2.17 -0.018  40   2 11:04:27     43580.46069    0.0000  2019/05/26
 3.0000000   4.0000000   29.8338   3798.607 0.024   -1.9   -0.7 -2.12 -0.017  40   2 11:13:23     43580.46688    0.0000  2019/05/26
 3.0000000   4.0000000   29.8338   3798.607 0.018   -2.1    0.0 -2.10 -0.017  40   0 11:14:12     43580.46745    0.0000  2019/05/26
 3.0000000   4.0000000   30.0779   3798.609 0.014   -2.4    0.1 -2.10 -0.017  40   0 11:14:56     43580.46795    0.0000  2019/05/26
 3.0000000   4.0000000   30.0779   3798.609 0.013   -2.7   -0.1 -2.09 -0.017  40   0 11:15:40     43580.46846    0.0000  2019/05/26
 3.0000000   4.0000000   30.0779   3798.610 0.014   -2.9   -0.1 -2.09 -0.017  40   0 11:16:24     43580.46897    0.0000  2019/05/26
 3.0000000   4.0000000   30.0779   3798.609 0.015   -2.7   -0.2 -2.09 -0.017  40   0 11:17:08     43580.46948    0.0000  2019/05/26
 3.0000000   4.0000000   30.0779   3798.608 0.015   -2.2   -0.3 -2.10 -0.017  40   1 11:17:52     43580.46999    0.0000  2019/05/26
 3.0000000   3.0000000   30.3221   3819.591 0.023   -1.9   -1.5 -2.13 -0.016  40   6 11:25:34     43580.47533    0.0000  2019/05/26
 3.0000000   3.0000000   30.5662   3819.595 0.009   -1.8   -0.8 -2.12 -0.016  40   5 11:26:23     43580.47589    0.0000  2019/05/26
 3.0000000   3.0000000   30.5662   3819.594 0.010   -2.1   -0.6 -2.11 -0.016  40   0 11:27:07     43580.47640    0.0000  2019/05/26
 3.0000000   3.0000000   30.8103   3819.596 0.006   -1.9   -0.7 -2.11 -0.016  40   0 11:27:51     43580.47691    0.0000  2019/05/26
 3.0000000   3.0000000   30.3221   3819.595 0.012   -1.7   -0.7 -2.11 -0.016  40   0 11:28:35     43580.47742    0.0000  2019/05/26
 3.0000000   3.0000000   30.3221   3819.595 0.009   -1.7   -0.7 -2.11 -0.016  40   0 11:29:19     43580.47793    0.0000  2019/05/26
 3.0000000   3.0000000   30.3221   3819.595 0.009   -1.6   -0.9 -2.12 -0.016  40   0 11:30:03     43580.47843    0.0000  2019/05/26
 3.0000000   4.0000000   30.8103   3798.610 0.034   -2.1    1.1 -2.11 -0.015  40   4 11:38:19     43580.48417    0.0000  2019/05/26
 3.0000000   4.0000000   30.8103   3798.609 0.016   -1.8    0.9 -2.10 -0.015  40   0 11:39:08     43580.48473    0.0000  2019/05/26
 3.0000000   4.0000000   31.0545   3798.610 0.019   -1.6    0.6 -2.10 -0.015  40   0 11:39:52     43580.48524    0.0000  2019/05/26
 3.0000000   4.0000000   31.0545   3798.611 0.028   -1.9    0.4 -2.10 -0.015  40   0 11:40:36     43580.48575    0.0000  2019/05/26
 3.0000000   4.0000000   31.0545   3798.609 0.022   -1.9    0.0 -2.10 -0.015  40   0 11:41:20     43580.48626    0.0000  2019/05/26
 3.0000000   4.0000000   31.0545   3798.608 0.022   -1.4    0.0 -2.10 -0.015  40   0 11:42:04     43580.48677    0.0000  2019/05/26
 3.0000000   4.0000000   31.2986   3798.609 0.014   -1.6   -0.3 -2.11 -0.014  40   3 11:42:48     43580.48727    0.0000  2019/05/26
 3.0000000   5.0000000   31.7869   3780.486 0.024   -1.9   -1.7 -2.07 -0.013  40   0 11:54:15     43580.49521    0.0000  2019/05/26
 3.0000000   5.0000000   31.7869   3780.490 0.036   -1.3   -0.7 -2.06 -0.013  40   0 11:55:04     43580.49578    0.0000  2019/05/26
 3.0000000   5.0000000   31.2986   3780.489 0.021   -0.7   -0.5 -2.05 -0.013  40   0 11:55:48     43580.49629    0.0000  2019/05/26
 3.0000000   5.0000000   31.7869   3780.489 0.017   -0.3   -0.5 -2.05 -0.013  40   0 11:56:32     43580.49680    0.0000  2019/05/26
 3.0000000   5.0000000   31.5428   3780.488 0.014    0.4   -0.6 -2.05 -0.013  40   0 11:57:16     43580.49730    0.0000  2019/05/26
 3.0000000   5.0000000   31.7869   3780.489 0.016    1.0   -0.4 -2.05 -0.013  40   0 11:58:00     43580.49781    0.0000  2019/05/26
 3.0000000   5.0000000   31.5428   3780.487 0.020    1.4   -0.4 -2.06 -0.012  40   0 11:58:44     43580.49832    0.0000  2019/05/26
 3.0000000   4.0000000   31.7869   3798.610 0.021   -1.0    0.5 -2.08 -0.011  40   0 12:08:40     43580.50521    0.0000  2019/05/26
 3.0000000   4.0000000   31.7869   3798.612 0.018   -1.0    1.2 -2.07 -0.011  40   0 12:09:29     43580.50578    0.0000  2019/05/26
 3.0000000   4.0000000   32.0310   3798.611 0.015   -1.0    1.9 -2.06 -0.011  40   0 12:10:13     43580.50628    0.0000  2019/05/26
 3.0000000   4.0000000   32.2752   3798.613 0.015   -1.0    1.9 -2.06 -0.011  40   0 12:10:57     43580.50679    0.0000  2019/05/26
 3.0000000   4.0000000   32.2752   3798.614 0.019   -0.8    1.1 -2.06 -0.011  40   0 12:11:41     43580.50730    0.0000  2019/05/26
 3.0000000   4.0000000   32.5193   3798.613 0.031   -0.5    0.8 -2.06 -0.011  40   0 12:12:25     43580.50781    0.0000  2019/05/26
 3.0000000   5.0000000   32.5193   3780.486 0.032    2.1    3.9 -2.09 -0.010  40   0 12:20:52     43580.51367    0.0000  2019/05/26
 3.0000000   5.0000000   32.5193   3780.489 0.028    2.8    4.8 -2.08 -0.009  40   3 12:21:41     43580.51423    0.0000  2019/05/26
 3.0000000   5.0000000   32.5193   3780.490 0.019    3.3    6.0 -2.07 -0.009  40   0 12:22:25     43580.51474    0.0000  2019/05/26
 3.0000000   5.0000000   32.5193   3780.490 0.019    3.8    6.3 -2.07 -0.009  40   1 12:23:09     43580.51525    0.0000  2019/05/26
 3.0000000   5.0000000   32.2752   3780.489 0.019    4.5    6.5 -2.07 -0.009  40   0 12:23:53     43580.51576    0.0000  2019/05/26
 3.0000000   5.0000000   32.2752   3780.489 0.019    4.6    6.7 -2.08 -0.009  40   0 12:24:37     43580.51627    0.0000  2019/05/26
 3.0000000   6.0000000   32.2752   3760.434 0.031   -1.1    2.4 -2.09 -0.008  40   0 12:32:56     43580.52203    0.0000  2019/05/26
 3.0000000   6.0000000   32.0310   3760.435 0.031   -1.1    3.4 -2.08 -0.008  40   0 12:33:45     43580.52260    0.0000  2019/05/26
 3.0000000   6.0000000   32.0310   3760.435 0.025   -1.1    3.8 -2.07 -0.008  40   0 12:34:29     43580.52311    0.0000  2019/05/26
 3.0000000   6.0000000   32.0310   3760.434 0.029   -0.7    3.8 -2.07 -0.007  40   0 12:35:13     43580.52362    0.0000  2019/05/26
 3.0000000   6.0000000   32.0310   3760.434 0.021   -0.8    3.4 -2.07 -0.007  40   0 12:35:57     43580.52413    0.0000  2019/05/26
 3.0000000   6.0000000   31.7869   3760.433 0.022   -1.0    3.4 -2.07 -0.007  40   0 12:36:41     43580.52463    0.0000  2019/05/26
 3.0000000   6.0000000   31.7869   3760.433 0.025   -0.9    3.4 -2.07 -0.007  40   0 12:37:25     43580.52514    0.0000  2019/05/26
 3.0000000   5.0000000   31.2986   3780.491 0.016   -1.9    2.3 -2.09 -0.005  40   2 12:47:32     43580.53216    0.0000  2019/05/26
 3.0000000   5.0000000   31.5428   3780.492 0.014   -1.4    3.3 -2.08 -0.005  40   0 12:48:21     43580.53272    0.0000  2019/05/26
 3.0000000   5.0000000   31.5428   3780.493 0.014   -0.9    3.8 -2.08 -0.005  40   0 12:49:05     43580.53323    0.0000  2019/05/26
 3.0000000   5.0000000   31.5428   3780.494 0.018   -0.4    3.8 -2.08 -0.005  40   1 12:49:49     43580.53374    0.0000  2019/05/26
 3.0000000   5.0000000   32.0310   3780.493 0.019    0.0    3.9 -2.08 -0.005  40   0 12:50:33     43580.53425    0.0000  2019/05/26
 3.0000000   5.0000000   31.5428   3780.492 0.025    0.1    3.9 -2.08 -0.005  40   0 12:51:17     43580.53476    0.0000  2019/05/26
 3.0000000   6.0000000   31.2986   3760.430 0.042   -0.8    0.3 -2.09 -0.003  40   0 12:59:33     43580.54049    0.0000  2019/05/26
 3.0000000   6.0000000   31.2986   3760.432 0.033   -0.5    1.2 -2.08 -0.003  40   1 13:00:23     43580.54107    0.0000  2019/05/26
 3.0000000   6.0000000   31.2986   3760.433 0.029   -0.2    1.9 -2.07 -0.003  40   0 13:01:07     43580.54157    0.0000  2019/05/26
 3.0000000   6.0000000   31.2986   3760.433 0.026    0.2    2.0 -2.06 -0.003  40   0 13:01:51     43580.54208    0.0000  2019/05/26
 3.0000000   6.0000000   31.5428   3760.432 0.028    0.4    2.0 -2.06 -0.003  40   0 13:02:35     43580.54259    0.0000  2019/05/26
 3.0000000   6.0000000   31.2986   3760.432 0.032    0.9    1.4 -2.06 -0.003  40   0 13:03:20     43580.54311    0.0000  2019/05/26
 3.0000000   5.0000000   31.2986   3780.493 0.022   -0.2    3.5 -2.06 -0.001  40   0 13:12:27     43580.54943    0.0000  2019/05/26
 3.0000000   5.0000000   31.2986   3780.493 0.031   -0.1    5.4 -2.05 -0.001  40   1 13:13:16     43580.55000    0.0000  2019/05/26
 3.0000000   5.0000000   31.2986   3780.495 0.031    0.1    5.8 -2.04 -0.001  40   0 13:14:00     43580.55051    0.0000  2019/05/26
 3.0000000   5.0000000   31.2986   3780.495 0.029    0.4    6.2 -2.04 -0.001  40   0 13:14:44     43580.55102    0.0000  2019/05/26
 3.0000000   5.0000000   31.2986   3780.494 0.019    0.6    6.2 -2.04 -0.001  40   0 13:15:28     43580.55152    0.0000  2019/05/26
 3.0000000   5.0000000   31.2986   3780.493 0.018    1.0    6.0 -2.04 0.000  40   0 13:16:12     43580.55203    0.0000  2019/05/26
 3.0000000   6.0000000   31.7869   3760.433 0.022   -0.8   -0.6 -2.07 0.001  40   2 13:25:49     43580.55870    0.0000  2019/05/26
 3.0000000   6.0000000   31.7869   3760.436 0.025   -1.0    0.3 -2.05 0.001  40   0 13:26:38     43580.55927    0.0000  2019/05/26
 3.0000000   6.0000000   31.7869   3760.437 0.016   -1.0    0.8 -2.04 0.001  40   0 13:27:22     43580.55977    0.0000  2019/05/26
 3.0000000   6.0000000   31.7869   3760.437 0.014   -0.8    1.0 -2.04 0.001  40   1 13:28:06     43580.56028    0.0000  2019/05/26
 3.0000000   6.0000000   31.7869   3760.435 0.017   -0.6    1.2 -2.04 0.001  40   0 13:28:50     43580.56079    0.0000  2019/05/26
 3.0000000   6.0000000   31.7869   3760.436 0.019   -0.4    0.9 -2.04 0.001  40   0 13:29:34     43580.56130    0.0000  2019/05/26
 3.0000000   6.0000000   31.7869   3760.433 0.018   -0.1    0.6 -2.04 0.001  40   0 13:30:18     43580.56181    0.0000  2019/05/26
 3.0000000   5.0000000   32.2752   3780.490 0.014    0.3    2.8 -2.10 0.003  40   3 13:40:52     43580.56913    0.0000  2019/05/26
 3.0000000   5.0000000   32.2752   3780.494 0.016    0.6    4.4 -2.09 0.004  40   0 13:41:41     43580.56970    0.0000  2019/05/26
 3.0000000   5.0000000   32.0310   3780.495 0.027    0.9    4.7 -2.08 0.004  40   0 13:42:25     43580.57021    0.0000  2019/05/26
 3.0000000   5.0000000   32.2752   3780.495 0.015    1.3    4.9 -2.08 0.004  40   3 13:43:09     43580.57072    0.0000  2019/05/26
 3.0000000   5.0000000   32.2752   3780.497 0.015    1.5    4.8 -2.08 0.004  40   0 13:43:53     43580.57123    0.0000  2019/05/26
 3.0000000   5.0000000   32.2752   3780.496 0.014    1.7    4.9 -2.08 0.004  40   0 13:44:37     43580.57173    0.0000  2019/05/26
 3.0000000   5.0000000   32.2752   3780.494 0.015    2.0    4.7 -2.08 0.004  40   0 13:45:21     43580.57224    0.0000  2019/05/26
 3.0000000   4.0000000   33.0076   3798.611 0.017   -4.6   -3.7 -2.09 0.006  40   1 13:53:26     43580.57785    0.0000  2019/05/26
 3.0000000   4.0000000   33.4959   3798.615 0.017   -6.5   -5.1 -2.08 0.006  40   0 13:54:15     43580.57841    0.0000  2019/05/26
 3.0000000   4.0000000   33.7400   3798.613 0.018   -8.4   -6.8 -2.07 0.006  40   0 13:54:59     43580.57892    0.0000  2019/05/26
 3.0000000   4.0000000   34.2283   3798.614 0.019  -11.2   -8.2 -2.06 0.007  40   0 13:55:43     43580.57943    0.0000  2019/05/26
 3.0000000   4.0000000   34.4724   3798.613 0.019  -12.9   -9.8 -2.06 0.007  40   0 13:56:27     43580.57994    0.0000  2019/05/26
 3.0000000   4.0000000   34.9607   3798.611 0.018  -14.2  -10.9 -2.06 0.007  40   0 13:57:11     43580.58045    0.0000  2019/05/26
 3.0000000   4.0000000   35.4490   3798.615 0.029  -15.4  -12.3 -2.06 0.007  40   1 13:57:55     43580.58096    0.0000  2019/05/26
 3.0000000   4.0000000   35.9373   3798.608 0.025  -16.6  -13.6 -2.07 0.007  40   0 13:58:39     43580.58146    0.0000  2019/05/26
 3.0000000   6.0000000   36.4256   3780.492 0.424    1.3    0.2 -2.12 0.009  40   0 14:06:55     43580.58720    0.0000  2019/05/26
 3.0000000   6.0000000   36.6697   3780.493 0.386    2.0    0.3 -2.11 0.009  40   0 14:07:45     43580.58777    0.0000  2019/05/26
 3.0000000   6.0000000   36.4256   3780.482 0.263    2.1    1.8 -2.11 0.009  40   0 14:08:30     43580.58829    0.0000  2019/05/26
 3.0000000   6.0000000   36.1814   3780.500 0.215    2.9    2.2 -2.11 0.009  40   0 14:09:14     43580.58880    0.0000  2019/05/26
 3.0000000   6.0000000   36.1814   3780.497 0.296    3.1    1.8 -2.11 0.009  40   0 14:09:58     43580.58931    0.0000  2019/05/26
 3.0000000   6.0000000   35.9373   3780.486 0.245    4.0    1.5 -2.12 0.010  40   0 14:10:42     43580.58982    0.0000  2019/05/26
 3.0000000   5.0000000   33.2517   3780.473 0.035   -2.7   -2.6 -2.35 0.026  40   0 15:26:11     43580.64215    0.0000  2019/05/26
 3.0000000   5.0000000   33.4959   3780.500 0.048   -2.4   -2.9 -2.36 0.026  40   0 15:27:00     43580.64272    0.0000  2019/05/26
 3.0000000   5.0000000   33.4959   3780.472 0.073   -2.4   -2.8 -2.36 0.026  40   0 15:27:44     43580.64323    0.0000  2019/05/26
 3.0000000   5.0000000   33.4959   3780.490 0.067   -2.4   -2.9 -2.35 0.026  40   0 15:28:28     43580.64374    0.0000  2019/05/26
 3.0000000   5.0000000   33.2517   3780.481 0.057   -2.3   -2.8 -2.35 0.026  40   0 15:29:12     43580.64425    0.0000  2019/05/26
 3.0000000   5.0000000   33.4959   3780.485 0.048   -2.0   -2.8 -2.35 0.026  40   0 15:29:56     43580.64475    0.0000  2019/05/26
 3.0000000   5.0000000   33.4959   3780.471 0.049   -2.0   -2.7 -2.35 0.027  40   0 15:30:40     43580.64526    0.0000  2019/05/26
 3.0000000   5.0000000   33.4959   3780.451 0.062   -1.6   -2.8 -2.35 0.027  40   0 15:31:24     43580.64577    0.0000  2019/05/26
 3.0000000   5.0000000   33.7400   3780.518 0.070   -1.9   -2.6 -2.35 0.027  40   0 15:32:08     43580.64628    0.0000  2019/05/26
 3.0000000   5.0000000   33.4959   3780.482 0.027   -1.7   -1.0 -2.35 0.029  40   0 15:43:58     43580.65448    0.0000  2019/05/26
 3.0000000   5.0000000   33.4959   3780.483 0.025   -1.8   -0.9 -2.35 0.029  40   0 15:44:47     43580.65505    0.0000  2019/05/26
 3.0000000   5.0000000   33.7400   3780.460 0.026   -2.1   -0.8 -2.35 0.029  40   0 15:45:31     43580.65556    0.0000  2019/05/26
 3.0000000   5.0000000   33.4959   3780.495 0.028   -2.3   -0.9 -2.35 0.030  40   0 15:46:15     43580.65607    0.0000  2019/05/26
 3.0000000   2.0000000   34.2283   3843.246 0.016   -2.1    4.2 -2.04 0.034  40   0 16:08:11     43580.67127    0.0000  2019/05/26
 3.0000000   2.0000000   34.2283   3843.237 0.019   -2.2    5.5 -2.03 0.034  40   5 16:09:00     43580.67184    0.0000  2019/05/26
 3.0000000   2.0000000   34.2283   3843.240 0.015   -2.0    6.2 -2.02 0.034  40   0 16:09:44     43580.67235    0.0000  2019/05/26
 3.0000000   2.0000000   34.2283   3843.242 0.021   -1.9    6.4 -2.02 0.034  40   0 16:10:28     43580.67286    0.0000  2019/05/26
 3.0000000   2.0000000   34.2283   3843.238 0.017   -2.2    6.5 -2.03 0.034  40   1 16:11:12     43580.67337    0.0000  2019/05/26
 3.0000000   2.0000000   34.2283   3843.252 0.019   -2.2    6.4 -2.03 0.034  40   0 16:11:56     43580.67387    0.0000  2019/05/26
 3.0000000   2.0000000   33.9842   3843.235 0.024   -2.2    6.2 -2.04 0.035  40   1 16:12:40     43580.67438    0.0000  2019/05/26
 3.0000000   2.0000000   33.9842   3843.245 0.019   -2.2    6.1 -2.05 0.035  40   3 16:13:24     43580.67489    0.0000  2019/05/26
 3.0000000  10.0000000   33.9842   3841.716 0.012    0.6    1.0 -2.07 0.037  40   0 16:26:46     43580.68416    0.0000  2019/05/26
 3.0000000  10.0000000   34.2283   3841.733 0.012    1.0    2.0 -2.06 0.037  40   0 16:27:35     43580.68472    0.0000  2019/05/26
 3.0000000  10.0000000   34.2283   3841.728 0.013    1.5    1.9 -2.06 0.037  40   0 16:28:19     43580.68523    0.0000  2019/05/26
 3.0000000  10.0000000   34.2283   3841.727 0.011    1.7    1.2 -2.06 0.037  40   0 16:29:04     43580.68575    0.0000  2019/05/26
 3.0000000  10.0000000   34.2283   3841.703 0.011    1.9    0.9 -2.06 0.037  40   0 16:29:48     43580.68626    0.0000  2019/05/26
 3.0000000  10.0000000   33.9842   3841.728 0.018    2.1    0.5 -2.07 0.037  40   0 16:30:32     43580.68677    0.0000  2019/05/26