
/	CG-5 SURVEY
/	Survey name:   	pbz
/	Instrument S/N:	40824
/	Client:        	geoken
/	Operator:      	kalen
/	Date:          	2019/ 5/24
/	Time:          	08:28:27
/	LONG:        	77.1000000 E
/	LAT:         	43.7000000 N
/	ZONE:        	43      
/	GMT DIFF.:   	-6.0

/	CG-5 SETUP PARAMETERS
/	Gref:			0.000   
/	Gcal1:		8394.709
/	TiltxS:		622.350 
/	TiltyS:		674.577 
/	TiltxO:		-43.764 
/	TiltyO:		29.308  
/	Tempco:		-0.130  
/	Drift:		0.575   
/	DriftTime Start:	08:28:30
/	DriftDate Start:	2019/05/24

/	CG-5 OPTIONS
/	Tide Correction:    YES
/	Cont. Tilt:         YES
/	Auto Rejection:     YES
/	Terrain Corr.:       NO
/	Seismic Filter:     YES
/	Raw Data:           YES
Line	   2.000N
/------LINE-----STATION-----ALT.------GRAV.---SD.--TILTX--TILTY-TEMP---TIDE---DUR-REJ-----TIME----DEC.TIME+DATE--TERRAIN---DATE
 2.0000000  10.0000000   29.1014   4915.559 0.015   -0.8   -1.7 -1.39 -0.053  40   1 08:32:50     43578.35556    0.0000  2019/05/24
 2.0000000  10.0000000   29.3455   4915.560 0.015   -0.8   -1.6 -1.39 -0.053  40   5 08:33:39     43578.35613    0.0000  2019/05/24
 2.0000000  10.0000000   29.1014   4915.562 0.013   -0.8   -1.6 -1.39 -0.053  40   2 08:34:23     43578.35664    0.0000  2019/05/24
 2.0000000  10.0000000   29.3455   4915.560 0.010   -0.8   -1.7 -1.39 -0.053  40   0 08:35:07     43578.35715    0.0000  2019/05/24
 2.0000000  10.0000000   29.3455   4915.561 0.009   -0.7   -1.8 -1.39 -0.053  40   0 08:35:51     43578.35766    0.0000  2019/05/24
 2.0000000  10.0000000   29.3455   4915.559 0.012   -0.7   -1.7 -1.39 -0.053  40   0 08:36:35     43578.35816    0.0000  2019/05/24
 2.0000000   2.0000000   29.3455   4917.080 0.016   -0.4   -1.5 -1.11 -0.050  40   2 08:56:53     43578.37224    0.0000  2019/05/24
 2.0000000   2.0000000   29.3455   4917.080 0.018    0.2   -0.7 -1.11 -0.050  40   3 08:57:42     43578.37281    0.0000  2019/05/24
 2.0000000   2.0000000   29.3455   4917.079 0.017    0.9   -0.6 -1.10 -0.050  40   1 08:58:26     43578.37331    0.0000  2019/05/24
 2.0000000   2.0000000   29.1014   4917.078 0.019    1.3   -0.4 -1.11 -0.050  40   0 08:59:10     43578.37382    0.0000  2019/05/24
 2.0000000   2.0000000   29.1014   4917.077 0.017    1.8   -0.6 -1.11 -0.049  40   0 08:59:54     43578.37433    0.0000  2019/05/24
 2.0000000   2.0000000   29.1014   4917.077 0.017    1.7   -0.7 -1.12 -0.049  40   0 09:00:38     43578.37484    0.0000  2019/05/24
 2.0000000   1.0000000   28.3689   4935.167 0.031   -0.4   -1.5 -1.18 -0.047  40   0 09:13:53     43578.38403    0.0000  2019/05/24
 2.0000000   1.0000000   28.3689   4935.165 0.017    0.8   -1.2 -1.18 -0.047  40   0 09:14:42     43578.38459    0.0000  2019/05/24
 2.0000000   1.0000000   28.3689   4935.164 0.011    1.7   -1.2 -1.19 -0.047  40   0 09:15:26     43578.38510    0.0000  2019/05/24
 2.0000000   1.0000000   28.1248   4935.165 0.017    2.2   -1.4 -1.20 -0.047  40   3 09:16:10     43578.38561    0.0000  2019/05/24
 2.0000000   1.0000000   28.1248   4935.165 0.015    2.1   -1.8 -1.20 -0.047  40   1 09:16:54     43578.38612    0.0000  2019/05/24
 2.0000000   1.0000000   27.8807   4935.164 0.012    2.3   -2.0 -1.21 -0.047  40   0 09:17:38     43578.38663    0.0000  2019/05/24
 2.0000000   1.0000000   27.8807   4935.163 0.011    2.5   -2.0 -1.22 -0.046  40   0 09:18:22     43578.38713    0.0000  2019/05/24
 2.0000000   2.0000000   27.6365   4917.077 0.039   -1.3    0.9 -1.24 -0.043  40   1 09:31:44     43578.39640    0.0000  2019/05/24
 2.0000000   2.0000000   27.6365   4917.076 0.016   -0.8    1.5 -1.24 -0.043  40   1 09:32:33     43578.39697    0.0000  2019/05/24
 2.0000000   2.0000000   27.6365   4917.075 0.015   -0.3    1.5 -1.24 -0.043  40   2 09:33:17     43578.39748    0.0000  2019/05/24
 2.0000000   2.0000000   27.6365   4917.075 0.011   -0.2    1.2 -1.23 -0.043  40   0 09:34:01     43578.39798    0.0000  2019/05/24
 2.0000000   2.0000000   27.6365   4917.076 0.013   -0.2    1.0 -1.23 -0.043  40   0 09:34:45     43578.39849    0.0000  2019/05/24
 2.0000000   2.0000000   27.6365   4917.076 0.015    0.0    0.6 -1.23 -0.043  40   4 09:35:29     43578.39900    0.0000  2019/05/24
 2.0000000   2.0000000   27.6365   4917.074 0.018    0.2    0.4 -1.24 -0.043  40   2 09:36:13     43578.39951    0.0000  2019/05/24
 2.0000000   1.0000000   27.8807   4935.167 0.039    1.8    0.9 -1.21 -0.039  40   0 09:48:55     43578.40832    0.0000  2019/05/24
 2.0000000   1.0000000   27.8807   4935.165 0.043    2.8    1.5 -1.20 -0.039  40   0 09:49:44     43578.40888    0.0000  2019/05/24
 2.0000000   1.0000000   27.8807   4935.166 0.045    2.5    0.9 -1.20 -0.039  40   0 09:50:28     43578.40939    0.0000  2019/05/24
 2.0000000   1.0000000   27.3924   4935.180 0.060    2.5    0.4 -1.20 -0.039  40   0 09:51:12     43578.40990    0.0000  2019/05/24
 2.0000000   1.0000000   27.3924   4935.171 0.068    2.5    0.1 -1.20 -0.039  40   0 09:51:56     43578.41041    0.0000  2019/05/24
 2.0000000   1.0000000   27.3924   4935.178 0.034    2.3   -0.2 -1.21 -0.038  40   2 09:52:40     43578.41092    0.0000  2019/05/24
 2.0000000   1.0000000   27.3924   4935.164 0.027    2.2   -0.2 -1.21 -0.038  40   0 09:53:25     43578.41144    0.0000  2019/05/24
 2.0000000   1.0000000   27.1482   4935.164 0.034    2.1   -0.5 -1.22 -0.038  40   0 09:54:10     43578.41196    0.0000  2019/05/24
 2.0000000   2.0000000   27.3924   4917.079 0.023   -0.7   -0.2 -1.25 -0.034  40   9 10:07:17     43578.42105    0.0000  2019/05/24
 2.0000000   2.0000000   27.6365   4917.078 0.016   -0.6    0.1 -1.24 -0.034  40   4 10:08:06     43578.42162    0.0000  2019/05/24
 2.0000000   2.0000000   27.6365   4917.079 0.013   -0.6    0.0 -1.24 -0.034  40   1 10:08:50     43578.42212    0.0000  2019/05/24
 2.0000000   2.0000000   27.6365   4917.080 0.014   -0.5    0.0 -1.24 -0.034  40   2 10:09:34     43578.42263    0.0000  2019/05/24
 2.0000000   2.0000000   27.6365   4917.079 0.016   -0.5   -0.1 -1.24 -0.034  40   1 10:10:18     43578.42314    0.0000  2019/05/24
 2.0000000   2.0000000   27.6365   4917.079 0.017   -0.7   -0.2 -1.24 -0.033  40   0 10:11:02     43578.42365    0.0000  2019/05/24
 2.0000000   2.0000000   27.6365   4917.080 0.012   -0.7   -0.3 -1.24 -0.033  40   0 10:11:46     43578.42416    0.0000  2019/05/24
 2.0000000   2.0999999   28.1248   4905.192 0.023   -0.1    2.2 -1.27 -0.030  40   0 10:21:01     43578.43057    0.0000  2019/05/24
 2.0000000   2.0999999   28.1248   4905.188 0.041    0.4    3.0 -1.26 -0.030  40   4 10:21:50     43578.43114    0.0000  2019/05/24
 2.0000000   2.0999999   27.8807   4905.190 0.024    0.6    3.1 -1.26 -0.030  40   0 10:22:34     43578.43165    0.0000  2019/05/24
 2.0000000   2.0999999   28.1248   4905.189 0.025    0.9    3.2 -1.25 -0.030  40   1 10:23:18     43578.43215    0.0000  2019/05/24
 2.0000000   2.0999999   28.1248   4905.188 0.035    1.0    3.0 -1.25 -0.029  40   0 10:24:02     43578.43266    0.0000  2019/05/24
 2.0000000   2.0999999   27.8807   4905.189 0.031    1.1    2.7 -1.25 -0.029  40   0 10:24:46     43578.43317    0.0000  2019/05/24
 2.0000000   2.0999999   27.8807   4905.188 0.033    1.2    2.6 -1.25 -0.029  40   0 10:25:30     43578.43368    0.0000  2019/05/24
 2.0000000   2.0999999   27.8807   4905.186 0.045    1.2    2.3 -1.25 -0.029  40   0 10:26:15     43578.43420    0.0000  2019/05/24
 2.0000000   2.0000000   27.8807   4917.083 0.016   -0.5   -0.9 -1.25 -0.026  40   7 10:34:38     43578.44001    0.0000  2019/05/24
 2.0000000   2.0000000   27.8807   4917.080 0.014    0.0   -0.6 -1.24 -0.026  40   2 10:35:27     43578.44058    0.0000  2019/05/24
 2.0000000   2.0000000   27.8807   4917.082 0.020    0.1   -0.5 -1.24 -0.025  40   0 10:36:11     43578.44109    0.0000  2019/05/24
 2.0000000   2.0000000   28.1248   4917.081 0.010    0.6   -0.6 -1.24 -0.025  40   0 10:36:55     43578.44160    0.0000  2019/05/24
 2.0000000   2.0000000   28.1248   4917.081 0.016    0.9   -0.7 -1.24 -0.025  40   0 10:37:39     43578.44210    0.0000  2019/05/24
 2.0000000   2.0000000   28.1248   4917.078 0.019    0.9   -0.8 -1.24 -0.025  40   6 10:38:23     43578.44261    0.0000  2019/05/24
 2.0000000   2.0000000   28.1248   4917.080 0.024    0.9   -0.9 -1.24 -0.024  40   1 10:39:07     43578.44312    0.0000  2019/05/24
 2.0000000   2.0000000   28.1248   4917.080 0.023    1.0   -1.0 -1.25 -0.024  40   2 10:39:52     43578.44364    0.0000  2019/05/24
 2.0000000   2.0999999   28.8572   4905.198 0.040   -0.1    1.0 -1.13 -0.019  40   2 10:52:55     43578.45269    0.0000  2019/05/24
 2.0000000   2.0999999   28.8572   4905.197 0.040    0.0    1.4 -1.12 -0.019  40   1 10:53:44     43578.45326    0.0000  2019/05/24
 2.0000000   2.0999999   28.8572   4905.192 0.030    0.4    1.2 -1.11 -0.019  40   0 10:54:28     43578.45376    0.0000  2019/05/24
 2.0000000   2.0999999   28.8572   4905.191 0.045    0.6    0.8 -1.11 -0.019  40   1 10:55:12     43578.45427    0.0000  2019/05/24
 2.0000000   2.0999999   29.1014   4905.189 0.040    0.7    0.4 -1.11 -0.018  40   1 10:55:56     43578.45478    0.0000  2019/05/24
 2.0000000   2.0999999   28.8572   4905.188 0.035    1.2    0.5 -1.11 -0.018  40   1 10:56:40     43578.45529    0.0000  2019/05/24
 2.0000000   2.0999999   28.8572   4905.191 0.049    0.8    0.0 -1.12 -0.018  40   0 10:57:24     43578.45580    0.0000  2019/05/24
 2.0000000   2.0999999   28.8572   4905.188 0.039    0.7   -0.2 -1.13 -0.017  40   0 10:58:09     43578.45632    0.0000  2019/05/24
 2.0000000   3.0000000   28.6131   4893.456 0.031   -0.1    1.2 -1.22 -0.014  40   6 11:05:36     43578.46148    0.0000  2019/05/24
 2.0000000   3.0000000   28.8572   4893.456 0.023    0.5    1.6 -1.21 -0.014  40   1 11:06:25     43578.46205    0.0000  2019/05/24
 2.0000000   3.0000000   28.8572   4893.455 0.035    1.2    1.6 -1.21 -0.014  40   2 11:07:09     43578.46256    0.0000  2019/05/24
 2.0000000   3.0000000   28.8572   4893.456 0.056    1.5    1.3 -1.21 -0.014  40   4 11:07:53     43578.46307    0.0000  2019/05/24
 2.0000000   3.0000000   28.8572   4893.453 0.035    1.7    1.0 -1.21 -0.014  40   0 11:08:37     43578.46357    0.0000  2019/05/24
 2.0000000   3.0000000   28.8572   4893.452 0.042    2.6    0.3 -1.21 -0.013  40   1 11:09:21     43578.46408    0.0000  2019/05/24
 2.0000000   2.0999999   29.1014   4905.210 0.067    0.0    1.3 -1.21 -0.010  40   0 11:16:45     43578.46921    0.0000  2019/05/24
 2.0000000   2.0999999   29.1014   4905.203 0.041    0.6    2.0 -1.21 -0.010  40   0 11:17:34     43578.46978    0.0000  2019/05/24
 2.0000000   2.0999999   29.1014   4905.202 0.031    0.8    2.2 -1.21 -0.010  40   0 11:18:18     43578.47029    0.0000  2019/05/24
 2.0000000   2.0999999   29.1014   4905.200 0.037    1.0    2.1 -1.20 -0.009  40   0 11:19:02     43578.47080    0.0000  2019/05/24
 2.0000000   2.0999999   29.3455   4905.198 0.036    1.2    1.9 -1.20 -0.009  40   0 11:19:46     43578.47130    0.0000  2019/05/24
 2.0000000   2.0999999   29.1014   4905.194 0.042    1.4    1.7 -1.20 -0.009  40   0 11:20:30     43578.47181    0.0000  2019/05/24
 2.0000000   2.0999999   29.1014   4905.197 0.037    1.5    1.7 -1.21 -0.009  40   1 11:21:14     43578.47232    0.0000  2019/05/24
 2.0000000   2.0999999   29.1014   4905.198 0.047    1.4    1.5 -1.21 -0.008  40   0 11:21:59     43578.47284    0.0000  2019/05/24
 2.0000000   3.0000000   28.8572   4893.460 0.036    1.3    1.0 -1.25 -0.005  40   1 11:28:37     43578.47744    0.0000  2019/05/24
 2.0000000   3.0000000   29.1014   4893.457 0.025    3.0    1.6 -1.25 -0.005  40   1 11:29:26     43578.47801    0.0000  2019/05/24
 2.0000000   3.0000000   29.1014   4893.459 0.024    4.5    1.8 -1.25 -0.005  40   0 11:30:10     43578.47852    0.0000  2019/05/24
 2.0000000   3.0000000   29.1014   4893.461 0.032    5.8    1.6 -1.24 -0.004  40   1 11:30:54     43578.47902    0.0000  2019/05/24
 2.0000000   3.0000000   29.3455   4893.458 0.031    7.1    1.4 -1.24 -0.004  40   0 11:31:39     43578.47954    0.0000  2019/05/24
 2.0000000   3.0000000   29.3455   4893.456 0.036    7.9    1.4 -1.24 -0.004  40   0 11:32:23     43578.48005    0.0000  2019/05/24
 2.0000000   3.0000000   29.3455   4893.456 0.063    8.4    1.5 -1.24 -0.004  40   0 11:33:07     43578.48056    0.0000  2019/05/24
 2.0000000   4.0000000   30.3221   4872.501 0.292    1.2    0.7 -1.24 0.000  40   3 11:41:32     43578.48640    0.0000  2019/05/24
 2.0000000   4.0000000   30.8103   4872.495 0.044    3.5    0.6 -1.24 0.000  40   2 11:42:21     43578.48696    0.0000  2019/05/24
 2.0000000   4.0000000   30.8103   4872.492 0.083    4.4    0.5 -1.23 0.000  40   0 11:43:05     43578.48747    0.0000  2019/05/24
 2.0000000   4.0000000   31.2986   4872.491 0.076    5.6    0.2 -1.23 0.000  40   0 11:43:49     43578.48798    0.0000  2019/05/24
 2.0000000   4.0000000   31.2986   4872.494 0.065    6.7    0.0 -1.22 0.000  40   0 11:44:33     43578.48849    0.0000  2019/05/24
 2.0000000   4.0000000   31.5428   4872.490 0.062    7.4    0.0 -1.22 0.000  40   0 11:45:17     43578.48900    0.0000  2019/05/24
 2.0000000   4.0000000   31.5428   4872.488 0.057    7.6    0.0 -1.23 0.001  40   0 11:46:01     43578.48950    0.0000  2019/05/24
 2.0000000   4.0000000   31.7869   4872.488 0.052    7.6    0.1 -1.23 0.001  40   0 11:46:46     43578.49002    0.0000  2019/05/24
 2.0000000   3.0000000   33.2517   4893.452 0.035    1.5    1.0 -1.26 0.005  40   1 11:56:11     43578.49655    0.0000  2019/05/24
 2.0000000   3.0000000   33.2517   4893.452 0.024    2.2    0.9 -1.26 0.006  40   0 11:57:00     43578.49712    0.0000  2019/05/24
 2.0000000   3.0000000   33.4959   4893.455 0.034    2.8    0.7 -1.25 0.006  40   1 11:57:44     43578.49763    0.0000  2019/05/24
 2.0000000   3.0000000   33.2517   4893.451 0.026    3.9    0.2 -1.25 0.006  40   0 11:58:28     43578.49814    0.0000  2019/05/24
 2.0000000   3.0000000   33.2517   4893.451 0.026    4.1   -0.2 -1.26 0.006  40   1 11:59:12     43578.49865    0.0000  2019/05/24
 2.0000000   3.0000000   33.2517   4893.451 0.024    4.3   -0.9 -1.26 0.007  40   0 11:59:56     43578.49915    0.0000  2019/05/24
 2.0000000   3.0000000   33.0076   4893.452 0.031    4.3   -1.0 -1.26 0.007  40   0 12:00:40     43578.49966    0.0000  2019/05/24
 2.0000000   3.0000000   33.0076   4893.452 0.035    4.5   -1.2 -1.27 0.007  40   0 12:01:25     43578.50018    0.0000  2019/05/24
 2.0000000   4.0000000   33.0076   4872.480 0.034    1.1   -1.7 -1.33 0.014  40   0 12:16:31     43578.51065    0.0000  2019/05/24
 2.0000000   4.0000000   33.2517   4872.480 0.043    2.5   -1.9 -1.32 0.014  40   0 12:17:20     43578.51122    0.0000  2019/05/24
 2.0000000   4.0000000   33.4959   4872.483 0.059    4.1   -2.0 -1.31 0.015  40   2 12:18:04     43578.51173    0.0000  2019/05/24
 2.0000000   4.0000000   33.7400   4872.479 0.032    4.9   -2.6 -1.31 0.015  40   0 12:18:49     43578.51225    0.0000  2019/05/24
 2.0000000   4.0000000   33.9842   4872.476 0.033    5.1   -2.5 -1.31 0.015  40   0 12:19:33     43578.51275    0.0000  2019/05/24
 2.0000000   4.0000000   33.9842   4872.477 0.031    5.7   -2.8 -1.30 0.016  40   0 12:20:17     43578.51326    0.0000  2019/05/24
 2.0000000   4.0000000   34.2283   4872.480 0.036    6.4   -3.2 -1.30 0.016  40   0 12:21:01     43578.51377    0.0000  2019/05/24
 2.0000000   5.0000000   35.4490   4854.366 0.045    0.6    0.7 -1.28 0.020  40   2 12:31:23     43578.52096    0.0000  2019/05/24
 2.0000000   5.0000000   35.4490   4854.365 0.039    1.5    1.3 -1.28 0.021  40   0 12:32:12     43578.52153    0.0000  2019/05/24
 2.0000000   5.0000000   35.2049   4854.364 0.048    2.0    1.3 -1.27 0.021  40   0 12:32:56     43578.52203    0.0000  2019/05/24
 2.0000000   5.0000000   35.2049   4854.364 0.048    2.4    1.3 -1.27 0.022  40   0 12:33:40     43578.52254    0.0000  2019/05/24
 2.0000000   5.0000000   34.9607   4854.362 0.051    2.9    1.2 -1.27 0.022  40   0 12:34:24     43578.52305    0.0000  2019/05/24
 2.0000000   5.0000000   35.2049   4854.362 0.036    3.0    1.1 -1.27 0.022  40   0 12:35:08     43578.52356    0.0000  2019/05/24
 2.0000000   5.0000000   34.7166   4854.362 0.042    3.6    1.1 -1.28 0.023  40   0 12:35:52     43578.52407    0.0000  2019/05/24
 2.0000000   4.0000000   34.4724   4872.477 0.050   -0.2    1.1 -1.32 0.026  40   0 12:45:00     43578.53040    0.0000  2019/05/24
 2.0000000   4.0000000   34.7166   4872.477 0.043    0.0    1.6 -1.32 0.027  40   0 12:45:49     43578.53097    0.0000  2019/05/24
 2.0000000   4.0000000   34.7166   4872.476 0.030    0.4    1.5 -1.31 0.027  40   0 12:46:33     43578.53147    0.0000  2019/05/24
 2.0000000   4.0000000   34.7166   4872.477 0.033    0.8    1.6 -1.31 0.027  40   0 12:47:17     43578.53198    0.0000  2019/05/24
 2.0000000   4.0000000   34.7166   4872.474 0.031    1.5    1.3 -1.31 0.028  40   1 12:48:01     43578.53249    0.0000  2019/05/24
 2.0000000   4.0000000   34.9607   4872.477 0.025    1.5    1.2 -1.32 0.028  40   0 12:48:45     43578.53300    0.0000  2019/05/24
 2.0000000   5.0000000   35.4490   4854.371 0.068    2.6    2.6 -1.28 0.032  40   0 12:58:34     43578.53981    0.0000  2019/05/24
 2.0000000   5.0000000   35.4490   4854.366 0.061    2.7    3.8 -1.27 0.032  40   1 12:59:23     43578.54037    0.0000  2019/05/24
 2.0000000   5.0000000   35.4490   4854.367 0.038    3.0    4.1 -1.27 0.033  40   0 13:00:07     43578.54088    0.0000  2019/05/24
 2.0000000   5.0000000   35.4490   4854.364 0.037    3.1    4.4 -1.27 0.033  40   1 13:00:51     43578.54139    0.0000  2019/05/24
 2.0000000   5.0000000   35.2049   4854.366 0.038    3.7    4.3 -1.27 0.033  40   0 13:01:35     43578.54190    0.0000  2019/05/24
 2.0000000   5.0000000   35.2049   4854.367 0.031    3.3    4.4 -1.27 0.034  40   1 13:02:19     43578.54241    0.0000  2019/05/24
 2.0000000   5.0000000   35.2049   4854.366 0.041    3.5    4.1 -1.27 0.034  40   0 13:03:03     43578.54291    0.0000  2019/05/24
 2.0000000   6.0000000   34.4724   4834.318 0.057   -0.7    2.4 -1.29 0.039  40   0 13:13:38     43578.55025    0.0000  2019/05/24
 2.0000000   6.0000000   34.4724   4834.316 0.066   -0.5    3.0 -1.29 0.039  40   1 13:14:27     43578.55082    0.0000  2019/05/24
 2.0000000   6.0000000   34.2283   4834.316 0.063   -0.4    3.2 -1.28 0.039  40   0 13:15:11     43578.55133    0.0000  2019/05/24
 2.0000000   6.0000000   34.2283   4834.315 0.061   -0.3    2.8 -1.28 0.040  40   0 13:15:55     43578.55184    0.0000  2019/05/24
 2.0000000   6.0000000   34.2283   4834.315 0.096    0.0    2.7 -1.28 0.040  40   0 13:16:40     43578.55236    0.0000  2019/05/24
 2.0000000   6.0000000   34.2283   4834.315 0.050   -0.1    2.8 -1.28 0.040  40   0 13:17:24     43578.55286    0.0000  2019/05/24
 2.0000000   6.0000000   33.9842   4834.315 0.074    0.0    2.5 -1.28 0.040  40   0 13:18:08     43578.55337    0.0000  2019/05/24
 2.0000000   6.0000000   33.7400   4834.315 0.050    0.3    2.4 -1.29 0.041  40   0 13:18:53     43578.55389    0.0000  2019/05/24
 2.0000000   5.0000000   33.4959   4854.367 0.043    2.4    2.7 -1.28 0.046  40   1 13:30:38     43578.56204    0.0000  2019/05/24
 2.0000000   5.0000000   33.4959   4854.365 0.047    3.1    2.3 -1.28 0.046  40   1 13:31:27     43578.56261    0.0000  2019/05/24
 2.0000000   5.0000000   33.4959   4854.366 0.047    3.4    2.4 -1.28 0.046  40   0 13:32:11     43578.56311    0.0000  2019/05/24
 2.0000000   5.0000000   33.4959   4854.367 0.036    3.8    2.2 -1.28 0.046  40   0 13:32:55     43578.56362    0.0000  2019/05/24
 2.0000000   5.0000000   33.4959   4854.366 0.036    3.8    1.9 -1.28 0.047  40   0 13:33:39     43578.56413    0.0000  2019/05/24
 2.0000000   5.0000000   33.4959   4854.365 0.041    4.4    1.8 -1.29 0.047  40   0 13:34:23     43578.56464    0.0000  2019/05/24
 2.0000000   6.0000000   33.2517   4834.337 0.061    1.5    0.9 -1.23 0.050  40   2 13:44:30     43578.57165    0.0000  2019/05/24
 2.0000000   6.0000000   33.2517   4834.317 0.039    1.9    0.8 -1.23 0.051  40   0 13:45:19     43578.57222    0.0000  2019/05/24
 2.0000000   6.0000000   33.2517   4834.316 0.052    2.2    0.1 -1.22 0.051  40   3 13:46:03     43578.57273    0.0000  2019/05/24
 2.0000000   6.0000000   33.2517   4834.315 0.045    2.2   -0.1 -1.22 0.052  40   0 13:46:47     43578.57324    0.0000  2019/05/24
 2.0000000   6.0000000   33.2517   4834.316 0.042    2.3   -0.1 -1.22 0.052  40   0 13:47:31     43578.57374    0.0000  2019/05/24
 2.0000000   6.0000000   33.2517   4834.314 0.051    2.2   -0.4 -1.23 0.052  40   0 13:48:15     43578.57425    0.0000  2019/05/24
 2.0000000   6.0000000   33.2517   4834.315 0.059    2.4   -0.4 -1.23 0.052  40   0 13:48:59     43578.57476    0.0000  2019/05/24
 2.0000000   6.0000000   33.0076   4834.315 0.058    2.2   -0.6 -1.24 0.053  40   0 13:49:45     43578.57529    0.0000  2019/05/24
 2.0000000   5.0000000   32.7635   4854.363 0.047    2.3   -1.5 -1.28 0.056  40   0 14:00:33     43578.58278    0.0000  2019/05/24
 2.0000000   5.0000000   32.7635   4854.363 0.038    3.1   -1.8 -1.28 0.057  40   1 14:01:22     43578.58335    0.0000  2019/05/24
 2.0000000   5.0000000   33.0076   4854.365 0.032    3.6   -2.1 -1.28 0.057  40   0 14:02:06     43578.58386    0.0000  2019/05/24
 2.0000000   5.0000000   32.7635   4854.364 0.028    4.0   -2.4 -1.28 0.057  40   0 14:02:50     43578.58436    0.0000  2019/05/24
 2.0000000   5.0000000   32.7635   4854.364 0.031    4.4   -2.4 -1.28 0.057  40   0 14:03:34     43578.58487    0.0000  2019/05/24
 2.0000000   5.0000000   32.7635   4854.363 0.035    4.4   -2.8 -1.28 0.058  40   0 14:04:18     43578.58538    0.0000  2019/05/24
 2.0000000   5.0000000   32.7635   4854.365 0.038    4.6   -2.9 -1.28 0.058  40   0 14:05:02     43578.58589    0.0000  2019/05/24
 2.0000000   5.0000000   32.7635   4854.363 0.051    4.6   -3.2 -1.29 0.058  40   0 14:05:47     43578.58641    0.0000  2019/05/24
 2.0000000   6.0000000   33.0076   4834.313 0.052   -1.9   -0.3 -1.28 0.062  40   2 14:15:43     43578.59330    0.0000  2019/05/24
 2.0000000   6.0000000   33.0076   4834.318 0.045   -1.7    0.0 -1.27 0.062  40   2 14:16:33     43578.59387    0.0000  2019/05/24
 2.0000000   6.0000000   33.0076   4834.316 0.040   -1.5    0.3 -1.27 0.062  40   0 14:17:17     43578.59438    0.0000  2019/05/24
 2.0000000   6.0000000   32.7635   4834.315 0.064   -1.4    0.5 -1.27 0.062  40   0 14:18:01     43578.59489    0.0000  2019/05/24
 2.0000000   6.0000000   33.0076   4834.314 0.045   -1.5    0.5 -1.26 0.062  40   0 14:18:45     43578.59540    0.0000  2019/05/24
 2.0000000   6.0000000   32.7635   4834.315 0.047   -1.2    0.4 -1.26 0.062  40   0 14:19:29     43578.59591    0.0000  2019/05/24
 2.0000000   6.0000000   32.7635   4834.317 0.066   -1.1    0.4 -1.26 0.063  40   0 14:20:13     43578.59642    0.0000  2019/05/24
 2.0000000   6.0000000   32.7635   4834.317 0.062   -1.0    0.2 -1.27 0.063  40   1 14:20:58     43578.59694    0.0000  2019/05/24
 2.0000000   5.0000000   32.7635   4854.364 0.039    0.6    0.4 -1.25 0.066  40   1 14:30:12     43578.60334    0.0000  2019/05/24
 2.0000000   5.0000000   32.7635   4854.366 0.036    1.2    0.9 -1.24 0.066  40   0 14:31:01     43578.60390    0.0000  2019/05/24
 2.0000000   5.0000000   33.0076   4854.363 0.038    2.4    0.6 -1.24 0.066  40   2 14:31:45     43578.60441    0.0000  2019/05/24
 2.0000000   5.0000000   33.0076   4854.364 0.067    2.3    1.2 -1.24 0.066  40   0 14:32:29     43578.60492    0.0000  2019/05/24
 2.0000000   5.0000000   33.0076   4854.363 0.044    2.4    0.7 -1.24 0.067  40   0 14:33:13     43578.60543    0.0000  2019/05/24
 2.0000000   5.0000000   33.0076   4854.363 0.043    2.6    0.6 -1.24 0.067  40   0 14:33:57     43578.60594    0.0000  2019/05/24
 2.0000000   4.0000000   33.7400   4872.479 0.032   -3.9   -2.0 -1.23 0.069  40   0 14:42:41     43578.61199    0.0000  2019/05/24
 2.0000000   4.0000000   33.9842   4872.478 0.028   -6.4   -2.3 -1.23 0.069  40   0 14:43:30     43578.61256    0.0000  2019/05/24
 2.0000000   4.0000000   34.4724   4872.479 0.058   -8.5   -2.2 -1.22 0.069  40   1 14:44:14     43578.61307    0.0000  2019/05/24
 2.0000000   4.0000000   34.7166   4872.477 0.040  -10.2   -2.6 -1.22 0.070  40   0 14:44:58     43578.61358    0.0000  2019/05/24
 2.0000000   4.0000000   34.9607   4872.477 0.038  -11.3   -2.5 -1.22 0.070  40   0 14:45:42     43578.61409    0.0000  2019/05/24
 2.0000000   4.0000000   35.2049   4872.478 0.030   -9.5   -1.3 -1.22 0.070  40   0 14:46:26     43578.61459    0.0000  2019/05/24
 2.0000000   4.0000000   35.4490   4872.477 0.037   -7.3    0.3 -1.22 0.070  40   0 14:47:10     43578.61510    0.0000  2019/05/24
 2.0000000   5.0000000   36.6697   4854.367 0.061    0.2    2.6 -1.24 0.072  40   0 14:55:35     43578.62094    0.0000  2019/05/24
 2.0000000   5.0000000   36.6697   4854.364 0.037    1.3    3.5 -1.23 0.072  40   0 14:56:24     43578.62150    0.0000  2019/05/24
 2.0000000   5.0000000   36.6697   4854.361 0.056    2.9    3.7 -1.23 0.073  40   0 14:57:08     43578.62201    0.0000  2019/05/24
 2.0000000   5.0000000   36.4256   4854.362 0.050    3.7    3.6 -1.23 0.073  40   0 14:57:53     43578.62253    0.0000  2019/05/24
 2.0000000   5.0000000   36.4256   4854.364 0.036    4.4    3.5 -1.23 0.073  40   0 14:58:37     43578.62304    0.0000  2019/05/24
 2.0000000   5.0000000   36.4256   4854.364 0.043    5.1    3.3 -1.23 0.073  40   0 14:59:21     43578.62355    0.0000  2019/05/24
 2.0000000   5.0000000   36.1814   4854.362 0.035    5.9    3.1 -1.24 0.073  40   0 15:00:05     43578.62406    0.0000  2019/05/24
 2.0000000   4.0000000   36.4256   4872.482 0.047   -1.0    1.6 -1.28 0.075  40   0 15:09:07     43578.63032    0.0000  2019/05/24
 2.0000000   4.0000000   36.6697   4872.482 0.051   -2.7    1.0 -1.27 0.075  40   0 15:09:56     43578.63089    0.0000  2019/05/24
 2.0000000   4.0000000   36.4256   4872.482 0.046   -4.0    0.3 -1.27 0.075  40   0 15:10:40     43578.63140    0.0000  2019/05/24
 2.0000000   4.0000000   36.6697   4872.483 0.059   -5.3   -0.1 -1.27 0.075  40   0 15:11:24     43578.63190    0.0000  2019/05/24
 2.0000000   4.0000000   36.9138   4872.480 0.056   -7.0   -0.9 -1.27 0.075  40   0 15:12:08     43578.63241    0.0000  2019/05/24
 2.0000000   4.0000000   36.9138   4872.479 0.076   -6.9   -1.3 -1.27 0.076  40   0 15:12:52     43578.63292    0.0000  2019/05/24
 2.0000000   4.0000000   37.1580   4872.479 0.065   -5.7   -1.5 -1.27 0.076  40   0 15:13:36     43578.63343    0.0000  2019/05/24
 2.0000000   3.0000000   37.6463   4893.469 0.038   -0.3    2.1 -1.32 0.077  40   4 15:22:13     43578.63940    0.0000  2019/05/24
 2.0000000   3.0000000   37.6463   4893.467 0.022    0.8    2.9 -1.32 0.077  40   0 15:23:02     43578.63997    0.0000  2019/05/24
 2.0000000   3.0000000   37.4021   4893.466 0.026    1.4    2.6 -1.32 0.077  40   0 15:23:46     43578.64048    0.0000  2019/05/24
 2.0000000   3.0000000   37.1580   4893.465 0.020    1.9    2.4 -1.32 0.077  40   0 15:24:30     43578.64099    0.0000  2019/05/24
 2.0000000   3.0000000   37.1580   4893.465 0.031    2.5    2.1 -1.33 0.078  40   0 15:25:14     43578.64150    0.0000  2019/05/24
 2.0000000   3.0000000   36.9138   4893.462 0.023    2.7    2.0 -1.33 0.078  40   0 15:25:58     43578.64200    0.0000  2019/05/24
 2.0000000   3.0000000   36.9138   4893.464 0.020    2.7    1.7 -1.33 0.078  40   1 15:26:42     43578.64251    0.0000  2019/05/24
 2.0000000   3.0000000   36.6697   4893.461 0.028    2.8    1.5 -1.34 0.078  40   0 15:27:27     43578.64303    0.0000  2019/05/24
 2.0000000   4.0000000   36.1814   4872.483 0.050   -3.3   -1.7 -1.36 0.079  40   1 15:37:19     43578.64987    0.0000  2019/05/24
 2.0000000   4.0000000   36.1814   4872.482 0.053   -4.7   -2.2 -1.35 0.079  40   0 15:38:08     43578.65044    0.0000  2019/05/24
 2.0000000   4.0000000   36.1814   4872.483 0.065   -5.8   -2.2 -1.34 0.079  40   0 15:38:52     43578.65095    0.0000  2019/05/24
 2.0000000   4.0000000   36.1814   4872.481 0.062   -6.7   -2.7 -1.34 0.079  40   0 15:39:36     43578.65146    0.0000  2019/05/24
 2.0000000   4.0000000   36.1814   4872.483 0.068   -7.3   -3.4 -1.33 0.079  40   0 15:40:20     43578.65196    0.0000  2019/05/24
 2.0000000   4.0000000   36.1814   4872.479 0.103   -6.3   -3.8 -1.33 0.079  40   0 15:41:04     43578.65247    0.0000  2019/05/24
 2.0000000   3.0000000   36.4256   4893.451 0.041    0.2    1.9 -1.29 0.080  40   1 15:50:55     43578.65930    0.0000  2019/05/24
 2.0000000   3.0000000   36.1814   4893.451 0.034    1.0    2.5 -1.28 0.080  40   2 15:51:44     43578.65987    0.0000  2019/05/24
 2.0000000   3.0000000   36.1814   4893.452 0.061    1.7    2.6 -1.28 0.080  40   0 15:52:28     43578.66038    0.0000  2019/05/24
 2.0000000   3.0000000   36.1814   4893.447 0.148    2.3    2.5 -1.28 0.080  40   2 15:53:12     43578.66089    0.0000  2019/05/24
 2.0000000   3.0000000   36.1814   4893.444 0.054    2.5    2.0 -1.28 0.080  40   3 15:53:57     43578.66141    0.0000  2019/05/24
 2.0000000   3.0000000   35.9373   4893.451 0.041    2.7    1.8 -1.28 0.081  40   0 15:54:41     43578.66191    0.0000  2019/05/24
 2.0000000   3.0000000   35.9373   4893.453 0.043    2.6    1.4 -1.28 0.081  40   0 15:55:25     43578.66242    0.0000  2019/05/24
 2.0000000   3.0000000   35.6931   4893.449 0.030    2.8    1.3 -1.28 0.081  40   0 15:56:10     43578.66294    0.0000  2019/05/24
 2.0000000   2.0999999   35.4490   4905.191 0.030   -2.4   -2.3 -1.31 0.081  40   1 16:02:48     43578.66754    0.0000  2019/05/24
 2.0000000   2.0999999   35.6931   4905.185 0.030   -3.2   -2.2 -1.31 0.081  40   0 16:03:37     43578.66811    0.0000  2019/05/24
 2.0000000   2.0999999   35.6931   4905.188 0.041   -3.8   -2.1 -1.30 0.081  40   0 16:04:21     43578.66862    0.0000  2019/05/24
 2.0000000   2.0999999   35.4490   4905.186 0.036   -3.9   -2.5 -1.30 0.081  40   0 16:05:05     43578.66912    0.0000  2019/05/24
 2.0000000   2.0999999   35.4490   4905.185 0.051   -3.3   -2.7 -1.30 0.081  40   3 16:05:49     43578.66963    0.0000  2019/05/24
 2.0000000   2.0999999   35.4490   4905.185 0.057   -3.7   -2.8 -1.30 0.081  40   0 16:06:33     43578.67014    0.0000  2019/05/24
 2.0000000   2.0999999   35.2049   4905.186 0.034   -3.5   -3.1 -1.30 0.081  40   0 16:07:17     43578.67065    0.0000  2019/05/24
 2.0000000   3.0000000   35.2049   4893.449 0.031    1.3   -0.2 -1.30 0.081  40   7 16:14:16     43578.67549    0.0000  2019/05/24
 2.0000000   3.0000000   35.2049   4893.453 0.032    2.4   -0.9 -1.29 0.081  40   0 16:15:05     43578.67606    0.0000  2019/05/24
 2.0000000   3.0000000   35.4490   4893.454 0.025    2.3   -1.1 -1.29 0.081  40   0 16:15:50     43578.67658    0.0000  2019/05/24
 2.0000000   3.0000000   35.4490   4893.452 0.018    2.6   -1.7 -1.29 0.081  40   1 16:16:34     43578.67709    0.0000  2019/05/24
 2.0000000   3.0000000   35.6931   4893.455 0.034    2.6   -2.2 -1.28 0.081  40   0 16:17:18     43578.67759    0.0000  2019/05/24
 2.0000000   3.0000000   35.6931   4893.451 0.032    2.3   -2.1 -1.28 0.081  40   2 16:18:02     43578.67810    0.0000  2019/05/24
 2.0000000   3.0000000   35.9373   4893.453 0.032    2.5   -2.3 -1.28 0.081  40   2 16:18:46     43578.67861    0.0000  2019/05/24
 2.0000000   3.0000000   35.6931   4893.453 0.040    3.9   -4.9 -1.28 0.081  40   0 16:19:31     43578.67913    0.0000  2019/05/24
 2.0000000   2.0999999   35.2049   4905.193 0.026    0.5   -2.2 -1.30 0.081  40   0 16:25:30     43578.68328    0.0000  2019/05/24
 2.0000000   2.0999999   35.2049   4905.191 0.027    0.6   -1.2 -1.30 0.081  40   0 16:26:19     43578.68385    0.0000  2019/05/24
 2.0000000   2.0999999   34.9607   4905.190 0.022    0.7   -0.9 -1.30 0.081  40   0 16:27:03     43578.68435    0.0000  2019/05/24
 2.0000000   2.0999999   35.2049   4905.190 0.021    0.6   -0.9 -1.30 0.081  40   0 16:27:47     43578.68486    0.0000  2019/05/24
 2.0000000   2.0999999   35.2049   4905.189 0.025    0.6   -1.1 -1.30 0.081  40   1 16:28:31     43578.68537    0.0000  2019/05/24
 2.0000000   2.0999999   34.9607   4905.188 0.039    0.6   -1.1 -1.31 0.081  40   0 16:29:15     43578.68588    0.0000  2019/05/24
 2.0000000   2.0999999   34.9607   4905.188 0.023    0.0   -1.2 -1.31 0.081  40   0 16:29:59     43578.68639    0.0000  2019/05/24
 2.0000000   2.0999999   34.9607   4905.189 0.020    0.0   -1.3 -1.31 0.081  40   3 16:30:44     43578.68691    0.0000  2019/05/24
 2.0000000   2.0000000   34.4724   4917.093 0.033    1.2    2.5 -1.33 0.080  40   6 16:38:25     43578.69224    0.0000  2019/05/24
 2.0000000   2.0000000   34.4724   4917.088 0.026    1.6    3.2 -1.33 0.080  40   6 16:39:14     43578.69280    0.0000  2019/05/24
 2.0000000   2.0000000   34.7166   4917.093 0.012    2.0    3.4 -1.32 0.080  40   1 16:39:58     43578.69331    0.0000  2019/05/24
 2.0000000   2.0000000   34.4724   4917.092 0.024    2.3    3.3 -1.32 0.080  40   9 16:40:42     43578.69382    0.0000  2019/05/24
 2.0000000   2.0000000   34.4724   4917.091 0.012    2.5    3.3 -1.32 0.080  40   6 16:41:26     43578.69433    0.0000  2019/05/24
 2.0000000   2.0000000   34.4724   4917.092 0.021    2.8    3.0 -1.32 0.080  40   4 16:42:10     43578.69484    0.0000  2019/05/24
 2.0000000   2.0000000   34.2283   4917.087 0.020    3.0    2.9 -1.32 0.080  40   6 16:42:54     43578.69534    0.0000  2019/05/24
 2.0000000   2.0000000   34.2283   4917.087 0.014    3.0    2.8 -1.32 0.080  40   0 16:43:39     43578.69586    0.0000  2019/05/24
 2.0000000   2.0999999   34.2283   4905.189 0.034    0.8   -1.3 -1.32 0.079  40   0 16:51:21     43578.70120    0.0000  2019/05/24
 2.0000000   2.0999999   34.4724   4905.188 0.039    1.7   -1.3 -1.31 0.079  40   0 16:52:10     43578.70177    0.0000  2019/05/24
 2.0000000   2.0999999   34.4724   4905.193 0.036    2.3   -1.6 -1.31 0.079  40   1 16:52:54     43578.70228    0.0000  2019/05/24
 2.0000000   2.0999999   34.9607   4905.187 0.030    2.1   -1.6 -1.30 0.079  40   0 16:53:38     43578.70279    0.0000  2019/05/24
 2.0000000   2.0999999   34.9607   4905.186 0.030    1.9   -1.3 -1.30 0.078  40   0 16:54:22     43578.70329    0.0000  2019/05/24
 2.0000000   2.0999999   34.9607   4905.185 0.034    0.7   -1.4 -1.30 0.078  40   0 16:55:06     43578.70380    0.0000  2019/05/24
 2.0000000   2.0999999   34.9607   4905.186 0.033    0.0   -1.6 -1.30 0.078  40   0 16:55:51     43578.70432    0.0000  2019/05/24
 2.0000000   2.0999999   34.9607   4905.186 0.041   -0.1   -1.6 -1.30 0.078  40   1 16:56:36     43578.70484    0.0000  2019/05/24
 2.0000000   2.0000000   34.7166   4917.082 0.021    1.8    2.6 -1.32 0.077  40   3 17:03:42     43578.70977    0.0000  2019/05/24
 2.0000000   2.0000000   34.7166   4917.083 0.024    2.1    3.2 -1.32 0.077  40   0 17:04:31     43578.71033    0.0000  2019/05/24
 2.0000000   2.0000000   34.7166   4917.083 0.025    2.2    3.1 -1.32 0.077  40  13 17:05:15     43578.71084    0.0000  2019/05/24
 2.0000000   2.0000000   34.7166   4917.081 0.013    2.4    3.0 -1.32 0.077  40   2 17:05:59     43578.71135    0.0000  2019/05/24
 2.0000000   2.0000000   34.4724   4917.081 0.014    2.6    2.9 -1.31 0.077  40   1 17:06:43     43578.71186    0.0000  2019/05/24
 2.0000000   2.0000000   34.4724   4917.081 0.012    2.6    2.6 -1.31 0.077  40   0 17:07:27     43578.71237    0.0000  2019/05/24
 2.0000000   2.0000000   34.4724   4917.079 0.014    2.7    2.3 -1.32 0.077  40   0 17:08:11     43578.71287    0.0000  2019/05/24
 2.0000000   1.0000000   34.4724   4935.171 0.029    4.8   -0.4 -1.26 0.074  40   2 17:20:37     43578.72149    0.0000  2019/05/24
 2.0000000   1.0000000   34.4724   4935.171 0.026    6.1   -0.6 -1.26 0.074  40   1 17:21:26     43578.72206    0.0000  2019/05/24
 2.0000000   1.0000000   34.4724   4935.170 0.021    8.9   -0.3 -1.26 0.074  40   0 17:22:10     43578.72257    0.0000  2019/05/24
 2.0000000   1.0000000   34.4724   4935.171 0.028    8.3   -1.3 -1.26 0.074  40   0 17:22:54     43578.72308    0.0000  2019/05/24
 2.0000000   1.0000000   34.4724   4935.170 0.030    8.3   -1.4 -1.27 0.074  40   0 17:23:38     43578.72359    0.0000  2019/05/24
 2.0000000   1.0000000   34.4724   4935.170 0.026    9.3   -1.6 -1.27 0.074  40   0 17:24:22     43578.72409    0.0000  2019/05/24
 2.0000000   2.0000000   35.4490   4917.080 0.023   -0.9    1.1 -1.33 0.070  40   8 17:37:37     43578.73328    0.0000  2019/05/24
 2.0000000   2.0000000   35.4490   4917.080 0.011   -0.9    1.7 -1.32 0.070  40   0 17:38:26     43578.73385    0.0000  2019/05/24
 2.0000000   2.0000000   35.4490   4917.081 0.013   -0.7    2.0 -1.32 0.070  40   2 17:39:10     43578.73436    0.0000  2019/05/24
 2.0000000   2.0000000   35.2049   4917.078 0.015   -0.7    1.8 -1.32 0.070  40   1 17:39:54     43578.73486    0.0000  2019/05/24
 2.0000000   2.0000000   35.2049   4917.080 0.014   -0.6    1.8 -1.32 0.070  40   2 17:40:38     43578.73537    0.0000  2019/05/24
 2.0000000   2.0000000   35.2049   4917.078 0.021   -0.5    1.6 -1.32 0.070  40  11 17:41:22     43578.73588    0.0000  2019/05/24
 2.0000000  10.0000000   34.7166   4915.573 0.027   -1.1    0.8 -1.23 0.067  40   1 17:52:46     43578.74378    0.0000  2019/05/24
 2.0000000  10.0000000   34.7166   4915.573 0.016   -0.8    0.6 -1.22 0.067  40   0 17:53:35     43578.74435    0.0000  2019/05/24
 2.0000000  10.0000000   34.7166   4915.574 0.019   -0.4    0.4 -1.21 0.066  40   0 17:54:19     43578.74486    0.0000  2019/05/24
 2.0000000  10.0000000   34.4724   4915.570 0.024   -0.2    0.1 -1.21 0.066  40   1 17:55:03     43578.74537    0.0000  2019/05/24
 2.0000000  10.0000000   34.4724   4915.572 0.016    0.1   -0.1 -1.21 0.066  40   2 17:55:47     43578.74588    0.0000  2019/05/24
 2.0000000  10.0000000   34.4724   4915.571 0.031    0.2   -0.5 -1.21 0.066  40   1 17:56:31     43578.74638    0.0000  2019/05/24