
/	CG-5 SURVEY
/	Survey name:   	pbz
/	Instrument S/N:	40824
/	Client:        	geoken
/	Operator:      	kalen
/	Date:          	2019/ 5/26
/	Time:          	08:26:59
/	LONG:        	77.1000000 E
/	LAT:         	43.7000000 N
/	ZONE:        	43      
/	GMT DIFF.:   	-6.0

/	CG-5 SETUP PARAMETERS
/	Gref:			0.000   
/	Gcal1:		8394.709
/	TiltxS:		622.350 
/	TiltyS:		674.577 
/	TiltxO:		-43.764 
/	TiltyO:		29.308  
/	Tempco:		-0.130  
/	Drift:		0.575   
/	DriftTime Start:	08:27:12
/	DriftDate Start:	2019/05/26

/	CG-5 OPTIONS
/	Tide Correction:    YES
/	Cont. Tilt:         YES
/	Auto Rejection:     YES
/	Terrain Corr.:       NO
/	Seismic Filter:     YES
/	Raw Data:           YES
Line	   2.000N
/------LINE-----STATION-----ALT.------GRAV.---SD.--TILTX--TILTY-TEMP---TIDE---DUR-REJ-----TIME----DEC.TIME+DATE--TERRAIN---DATE
 2.0000000  10.0000000   28.3689   4916.726 0.023   -2.7   -0.9 -1.38 -0.027  40   6 08:30:00     43580.35360    0.0000  2019/05/26
 2.0000000  10.0000000   28.6131   4916.727 0.013   -2.7   -0.9 -1.38 -0.027  40   0 08:30:49     43580.35417    0.0000  2019/05/26
 2.0000000  10.0000000   28.6131   4916.728 0.018   -2.6   -0.9 -1.38 -0.027  40   1 08:31:33     43580.35467    0.0000  2019/05/26
 2.0000000  10.0000000   28.6131   4916.727 0.017   -2.7   -0.9 -1.38 -0.027  40   0 08:32:17     43580.35518    0.0000  2019/05/26
 2.0000000  10.0000000   28.3689   4916.728 0.021   -2.5   -0.8 -1.38 -0.026  40   0 08:33:01     43580.35569    0.0000  2019/05/26
 2.0000000  10.0000000   28.6131   4916.726 0.016   -2.3   -0.8 -1.38 -0.026  40   1 08:33:45     43580.35620    0.0000  2019/05/26
 2.0000000   2.0000000   28.3689   4918.250 0.013   -1.0   -0.5 -1.28 -0.026  40   0 08:45:20     43580.36423    0.0000  2019/05/26
 2.0000000   2.0000000   28.3689   4918.250 0.010   -0.3    0.1 -1.26 -0.026  40   0 08:46:09     43580.36480    0.0000  2019/05/26
 2.0000000   2.0000000   28.3689   4918.249 0.012    0.5    0.3 -1.25 -0.026  40   0 08:46:53     43580.36531    0.0000  2019/05/26
 2.0000000   2.0000000   28.1248   4918.246 0.012    1.0    0.4 -1.24 -0.026  40   1 08:47:37     43580.36581    0.0000  2019/05/26
 2.0000000   2.0000000   28.1248   4918.247 0.010    1.3    0.3 -1.23 -0.026  40   0 08:48:21     43580.36632    0.0000  2019/05/26
 2.0000000   2.0000000   28.1248   4918.247 0.009    1.5    0.2 -1.23 -0.026  40   1 08:49:05     43580.36683    0.0000  2019/05/26
 2.0000000   1.0000000   28.1248   4936.332 0.015   -0.4    2.2 -1.24 -0.025  40   0 09:00:09     43580.37450    0.0000  2019/05/26
 2.0000000   1.0000000   28.1248   4936.331 0.019    0.0    3.3 -1.24 -0.025  40   1 09:00:58     43580.37507    0.0000  2019/05/26
 2.0000000   1.0000000   28.1248   4936.332 0.014    0.6    3.6 -1.24 -0.025  40   0 09:01:42     43580.37558    0.0000  2019/05/26
 2.0000000   1.0000000   28.1248   4936.333 0.014    0.9    3.7 -1.24 -0.025  40   0 09:02:26     43580.37609    0.0000  2019/05/26
 2.0000000   1.0000000   28.1248   4936.332 0.016    1.0    3.5 -1.25 -0.025  40   0 09:03:10     43580.37660    0.0000  2019/05/26
 2.0000000   1.0000000   27.8807   4936.332 0.022    0.8    3.3 -1.25 -0.025  40   0 09:03:54     43580.37710    0.0000  2019/05/26
 2.0000000   2.0000000   27.8807   4918.250 0.025   -0.7    3.9 -1.23 -0.024  40   8 09:16:10     43580.38561    0.0000  2019/05/26
 2.0000000   2.0000000   28.1248   4918.248 0.008    0.0    4.8 -1.22 -0.024  40   0 09:16:59     43580.38618    0.0000  2019/05/26
 2.0000000   2.0000000   28.1248   4918.249 0.010    0.4    5.0 -1.22 -0.024  40   0 09:17:43     43580.38668    0.0000  2019/05/26
 2.0000000   2.0000000   28.1248   4918.247 0.014    1.2    5.0 -1.21 -0.024  40   4 09:18:27     43580.38719    0.0000  2019/05/26
 2.0000000   2.0000000   27.8807   4918.247 0.015    1.5    4.8 -1.21 -0.024  40   0 09:19:11     43580.38770    0.0000  2019/05/26
 2.0000000   2.0000000   27.8807   4918.246 0.008    1.7    4.7 -1.21 -0.024  40   0 09:19:55     43580.38821    0.0000  2019/05/26
 2.0000000   1.0000000   28.6131   4936.326 0.017    1.2   -0.8 -1.26 -0.024  40   1 09:31:12     43580.39603    0.0000  2019/05/26
 2.0000000   1.0000000   28.6131   4936.328 0.011    2.0   -0.2 -1.26 -0.024  40   0 09:32:01     43580.39660    0.0000  2019/05/26
 2.0000000   1.0000000   28.3689   4936.328 0.011    2.5   -0.1 -1.26 -0.024  40   0 09:32:45     43580.39711    0.0000  2019/05/26
 2.0000000   1.0000000   28.6131   4936.328 0.013    2.9   -0.1 -1.27 -0.024  40   0 09:33:29     43580.39762    0.0000  2019/05/26
 2.0000000   1.0000000   28.3689   4936.327 0.011    3.0   -0.3 -1.27 -0.024  40   0 09:34:13     43580.39812    0.0000  2019/05/26
 2.0000000   1.0000000   28.1248   4936.328 0.020    3.0   -0.8 -1.27 -0.024  40   0 09:34:57     43580.39863    0.0000  2019/05/26
 2.0000000   2.0000000   28.8572   4918.249 0.023   -2.1    0.3 -1.25 -0.023  40  10 09:46:18     43580.40650    0.0000  2019/05/26
 2.0000000   2.0000000   28.8572   4918.248 0.027   -1.6    1.8 -1.24 -0.023  40   0 09:47:07     43580.40707    0.0000  2019/05/26
 2.0000000   2.0000000   28.8572   4918.248 0.024   -1.1    2.5 -1.24 -0.023  40  10 09:47:51     43580.40758    0.0000  2019/05/26
 2.0000000   2.0000000   28.8572   4918.247 0.023   -0.4    3.0 -1.23 -0.023  40   5 09:48:35     43580.40808    0.0000  2019/05/26
 2.0000000   2.0000000   28.6131   4918.245 0.011    0.0    2.9 -1.23 -0.023  40   0 09:49:19     43580.40859    0.0000  2019/05/26
 2.0000000   2.0000000   28.8572   4918.245 0.008    0.4    2.9 -1.23 -0.023  40   0 09:50:03     43580.40910    0.0000  2019/05/26
 2.0000000   2.0000000   28.6131   4918.246 0.008    0.7    2.8 -1.23 -0.023  40   0 09:50:47     43580.40961    0.0000  2019/05/26
 2.0000000   2.0999999   29.1014   4906.354 0.018   -0.7   -0.9 -1.22 -0.022  40   0 09:58:34     43580.41501    0.0000  2019/05/26
 2.0000000   2.0999999   29.1014   4906.354 0.016   -0.1   -0.3 -1.21 -0.022  40   0 09:59:23     43580.41557    0.0000  2019/05/26
 2.0000000   2.0999999   29.1014   4906.353 0.025    0.2   -0.1 -1.21 -0.022  40   0 10:00:07     43580.41608    0.0000  2019/05/26
 2.0000000   2.0999999   29.1014   4906.354 0.031    0.5   -0.3 -1.20 -0.022  40   1 10:00:51     43580.41659    0.0000  2019/05/26
 2.0000000   2.0999999   29.1014   4906.347 0.055    0.6   -0.1 -1.20 -0.022  40   5 10:01:35     43580.41710    0.0000  2019/05/26
 2.0000000   2.0999999   29.1014   4906.351 0.044    0.8   -0.4 -1.20 -0.022  40   0 10:02:19     43580.41761    0.0000  2019/05/26
 2.0000000   2.0999999   29.1014   4906.350 0.019    0.8   -0.5 -1.20 -0.022  40   0 10:03:03     43580.41811    0.0000  2019/05/26
 2.0000000   2.0000000   29.1014   4918.250 0.022    0.0    1.1 -1.25 -0.022  40   6 10:10:43     43580.42343    0.0000  2019/05/26
 2.0000000   2.0000000   29.1014   4918.249 0.012    1.1    2.2 -1.25 -0.022  40   0 10:11:33     43580.42401    0.0000  2019/05/26
 2.0000000   2.0000000   29.3455   4918.250 0.011    1.7    2.8 -1.25 -0.022  40   0 10:12:17     43580.42452    0.0000  2019/05/26
 2.0000000   2.0000000   29.1014   4918.248 0.009    2.3    2.9 -1.25 -0.022  40   0 10:13:01     43580.42502    0.0000  2019/05/26
 2.0000000   2.0000000   29.1014   4918.248 0.008    2.9    2.7 -1.25 -0.022  40   0 10:13:45     43580.42553    0.0000  2019/05/26
 2.0000000   2.0000000   29.1014   4918.247 0.020    3.4    2.7 -1.26 -0.022  40  11 10:14:29     43580.42604    0.0000  2019/05/26
 2.0000000   2.0999999   29.1014   4906.360 0.035   -1.1   -1.5 -1.29 -0.021  40   0 10:21:53     43580.43117    0.0000  2019/05/26
 2.0000000   2.0999999   29.3455   4906.357 0.036   -0.8   -0.5 -1.29 -0.021  40   0 10:22:42     43580.43174    0.0000  2019/05/26
 2.0000000   2.0999999   29.1014   4906.356 0.018   -0.5   -0.1 -1.29 -0.021  40   0 10:23:27     43580.43226    0.0000  2019/05/26
 2.0000000   2.0999999   29.1014   4906.354 0.025   -0.3   -0.1 -1.29 -0.021  40   0 10:24:11     43580.43277    0.0000  2019/05/26
 2.0000000   2.0999999   29.3455   4906.353 0.022   -0.2   -0.2 -1.29 -0.021  40   0 10:24:55     43580.43328    0.0000  2019/05/26
 2.0000000   2.0999999   29.1014   4906.353 0.038    0.0   -0.5 -1.29 -0.021  40   0 10:25:39     43580.43378    0.0000  2019/05/26
 2.0000000   2.0999999   29.1014   4906.351 0.043   -0.1   -0.6 -1.29 -0.021  40   0 10:26:23     43580.43429    0.0000  2019/05/26
 2.0000000   3.0000000   29.1014   4894.694 0.019    0.4   -0.4 -1.30 -0.021  40   1 10:32:28     43580.43851    0.0000  2019/05/26
 2.0000000   3.0000000   29.1014   4894.687 0.013    0.7    0.3 -1.29 -0.020  40   0 10:33:17     43580.43908    0.0000  2019/05/26
 2.0000000   3.0000000   28.8572   4894.681 0.013    1.2    0.6 -1.29 -0.020  40   0 10:34:01     43580.43958    0.0000  2019/05/26
 2.0000000   3.0000000   28.8572   4894.677 0.016    1.6    0.5 -1.29 -0.020  40   3 10:34:45     43580.44009    0.0000  2019/05/26
 2.0000000   3.0000000   29.1014   4894.673 0.014    1.6    0.2 -1.28 -0.020  40   0 10:35:29     43580.44060    0.0000  2019/05/26
 2.0000000   3.0000000   28.8572   4894.672 0.017    1.6   -0.1 -1.28 -0.020  40   0 10:36:13     43580.44111    0.0000  2019/05/26
 2.0000000   3.0000000   28.8572   4894.672 0.020    1.7   -0.3 -1.28 -0.020  40   2 10:36:57     43580.44162    0.0000  2019/05/26
 2.0000000   3.0000000   28.8572   4894.667 0.015    1.4   -0.4 -1.29 -0.020  40   0 10:37:41     43580.44213    0.0000  2019/05/26
 2.0000000   3.0000000   28.6131   4894.666 0.016    1.2   -0.6 -1.29 -0.020  40   0 10:38:25     43580.44264    0.0000  2019/05/26
 2.0000000   3.0000000   28.8572   4894.663 0.015    1.0   -0.7 -1.29 -0.020  40   0 10:39:10     43580.44316    0.0000  2019/05/26
 2.0000000   3.0000000   28.6131   4894.662 0.015    0.5   -0.6 -1.30 -0.020  40   0 10:40:01     43580.44374    0.0000  2019/05/26
 2.0000000   3.0000000   28.6131   4894.660 0.015    0.5   -0.8 -1.31 -0.020  40   0 10:40:50     43580.44431    0.0000  2019/05/26
 2.0000000   3.0000000   28.6131   4894.659 0.013    0.2   -1.0 -1.31 -0.020  40   0 10:41:34     43580.44482    0.0000  2019/05/26
 2.0000000   3.0000000   28.6131   4894.657 0.016    0.1   -1.1 -1.32 -0.020  40   2 10:42:18     43580.44533    0.0000  2019/05/26
 2.0000000   3.0000000   28.8572   4894.657 0.012    0.1   -1.1 -1.32 -0.020  40   0 10:43:02     43580.44584    0.0000  2019/05/26
 2.0000000   3.0000000   28.8572   4894.654 0.016    0.0   -1.2 -1.33 -0.020  40   0 10:43:46     43580.44634    0.0000  2019/05/26
 2.0000000   2.0999999   28.6131   4906.360 0.047   -1.7    0.0 -1.32 -0.019  40   0 10:50:47     43580.45121    0.0000  2019/05/26
 2.0000000   2.0999999   28.6131   4906.356 0.057   -1.7    0.1 -1.31 -0.019  40   0 10:51:36     43580.45178    0.0000  2019/05/26
 2.0000000   2.0999999   28.6131   4906.356 0.093   -1.8    0.1 -1.31 -0.019  40   0 10:52:20     43580.45228    0.0000  2019/05/26
 2.0000000   2.0999999   28.6131   4906.354 0.060   -1.7   -0.1 -1.31 -0.019  40   0 10:53:04     43580.45279    0.0000  2019/05/26
 2.0000000   2.0999999   28.6131   4906.354 0.039   -1.7   -0.3 -1.31 -0.019  40   0 10:53:48     43580.45330    0.0000  2019/05/26
 2.0000000   2.0999999   28.8572   4906.355 0.040   -1.6   -0.4 -1.31 -0.019  40   0 10:54:32     43580.45381    0.0000  2019/05/26
 2.0000000   2.0999999   28.6131   4906.355 0.044   -1.9   -0.6 -1.31 -0.019  40   0 10:55:16     43580.45432    0.0000  2019/05/26
 2.0000000   3.0000000   28.6131   4894.623 0.029    1.0    2.4 -1.31 -0.018  40   0 11:01:45     43580.45881    0.0000  2019/05/26
 2.0000000   3.0000000   28.6131   4894.622 0.021    1.6    3.0 -1.31 -0.018  40   0 11:02:34     43580.45938    0.0000  2019/05/26
 2.0000000   3.0000000   28.6131   4894.622 0.018    2.1    3.1 -1.31 -0.018  40   0 11:03:18     43580.45989    0.0000  2019/05/26
 2.0000000   3.0000000   28.6131   4894.621 0.018    2.7    3.0 -1.30 -0.018  40   1 11:04:02     43580.46040    0.0000  2019/05/26
 2.0000000   3.0000000   28.6131   4894.620 0.018    2.9    3.1 -1.30 -0.018  40   0 11:04:46     43580.46090    0.0000  2019/05/26
 2.0000000   3.0000000   28.6131   4894.619 0.022    3.2    3.0 -1.30 -0.018  40   0 11:05:30     43580.46141    0.0000  2019/05/26
 2.0000000   4.0000000   28.6131   4873.648 0.028    0.2   -1.5 -1.27 -0.017  40   0 11:14:51     43580.46790    0.0000  2019/05/26
 2.0000000   4.0000000   28.8572   4873.647 0.025    0.5   -1.3 -1.26 -0.017  40   0 11:15:40     43580.46846    0.0000  2019/05/26
 2.0000000   4.0000000   29.1014   4873.646 0.019    0.8   -1.3 -1.26 -0.017  40   0 11:16:24     43580.46897    0.0000  2019/05/26
 2.0000000   4.0000000   29.1014   4873.647 0.021    0.9   -1.3 -1.26 -0.017  40   0 11:17:08     43580.46948    0.0000  2019/05/26
 2.0000000   4.0000000   28.8572   4873.646 0.024    1.0   -1.2 -1.26 -0.017  40   0 11:17:52     43580.46999    0.0000  2019/05/26
 2.0000000   4.0000000   29.1014   4873.647 0.020    1.3   -1.2 -1.26 -0.017  40   1 11:18:36     43580.47050    0.0000  2019/05/26
 2.0000000   3.0000000   29.5896   4894.620 0.032   -0.1    3.5 -1.28 -0.016  40   7 11:26:36     43580.47604    0.0000  2019/05/26
 2.0000000   3.0000000   29.5896   4894.619 0.011    0.1    4.1 -1.27 -0.016  40   7 11:27:25     43580.47661    0.0000  2019/05/26
 2.0000000   3.0000000   29.5896   4894.619 0.014    0.2    4.0 -1.27 -0.016  40   0 11:28:09     43580.47712    0.0000  2019/05/26
 2.0000000   3.0000000   29.5896   4894.617 0.010    0.6    3.8 -1.27 -0.016  40   0 11:28:53     43580.47763    0.0000  2019/05/26
 2.0000000   3.0000000   29.5896   4894.618 0.015    1.1    3.6 -1.27 -0.016  40   2 11:29:37     43580.47813    0.0000  2019/05/26
 2.0000000   3.0000000   29.5896   4894.617 0.013    1.2    3.5 -1.27 -0.016  40   0 11:30:21     43580.47864    0.0000  2019/05/26
 2.0000000   4.0000000   29.8338   4873.644 0.040   -0.6   -3.4 -1.27 -0.015  40   1 11:39:37     43580.48507    0.0000  2019/05/26
 2.0000000   4.0000000   30.0779   4873.645 0.034    0.0   -3.3 -1.26 -0.015  40   0 11:40:26     43580.48563    0.0000  2019/05/26
 2.0000000   4.0000000   30.0779   4873.643 0.034    0.0   -3.4 -1.26 -0.015  40   0 11:41:10     43580.48614    0.0000  2019/05/26
 2.0000000   4.0000000   30.0779   4873.644 0.052   -0.2   -3.8 -1.26 -0.015  40   0 11:41:54     43580.48665    0.0000  2019/05/26
 2.0000000   4.0000000   30.0779   4873.644 0.031    0.1   -3.8 -1.26 -0.015  40   0 11:42:38     43580.48716    0.0000  2019/05/26
 2.0000000   4.0000000   30.5662   4873.644 0.040    0.3   -3.8 -1.26 -0.014  40   0 11:43:22     43580.48767    0.0000  2019/05/26
 2.0000000   5.0000000   31.2986   4855.533 0.040    1.2    0.0 -1.20 -0.013  40   0 11:55:18     43580.49594    0.0000  2019/05/26
 2.0000000   5.0000000   31.2986   4855.534 0.056    1.8    0.7 -1.19 -0.013  40   0 11:56:07     43580.49651    0.0000  2019/05/26
 2.0000000   5.0000000   31.2986   4855.532 0.033    2.5    0.8 -1.19 -0.013  40   0 11:56:51     43580.49702    0.0000  2019/05/26
 2.0000000   5.0000000   31.2986   4855.532 0.029    2.9    0.7 -1.19 -0.013  40   0 11:57:35     43580.49752    0.0000  2019/05/26
 2.0000000   5.0000000   31.0545   4855.531 0.023    3.5    0.4 -1.20 -0.013  40   0 11:58:19     43580.49803    0.0000  2019/05/26
 2.0000000   5.0000000   31.0545   4855.529 0.026    3.7    0.2 -1.20 -0.012  40   0 11:59:03     43580.49854    0.0000  2019/05/26
 2.0000000   5.0000000   31.0545   4855.531 0.032    4.1    0.2 -1.21 -0.012  40   0 11:59:47     43580.49905    0.0000  2019/05/26
 2.0000000   4.0000000   31.0545   4873.646 0.034   -1.5    0.0 -1.23 -0.011  40   0 12:09:42     43580.50593    0.0000  2019/05/26
 2.0000000   4.0000000   31.0545   4873.645 0.029   -1.1    0.8 -1.23 -0.011  40   0 12:10:31     43580.50649    0.0000  2019/05/26
 2.0000000   4.0000000   31.2986   4873.645 0.024   -1.0    1.3 -1.22 -0.011  40   0 12:11:15     43580.50700    0.0000  2019/05/26
 2.0000000   4.0000000   31.5428   4873.644 0.026   -0.8    1.6 -1.22 -0.011  40   0 12:11:59     43580.50751    0.0000  2019/05/26
 2.0000000   4.0000000   31.5428   4873.644 0.033   -0.6    1.6 -1.22 -0.011  40   0 12:12:43     43580.50802    0.0000  2019/05/26
 2.0000000   4.0000000   31.5428   4873.645 0.049   -0.3    1.6 -1.22 -0.011  40   1 12:13:27     43580.50853    0.0000  2019/05/26
 2.0000000   5.0000000   32.0310   4855.534 0.056    1.3    2.6 -1.24 -0.009  40   0 12:21:53     43580.51437    0.0000  2019/05/26
 2.0000000   5.0000000   32.0310   4855.534 0.044    2.2    3.1 -1.23 -0.009  40   1 12:22:42     43580.51494    0.0000  2019/05/26
 2.0000000   5.0000000   32.0310   4855.533 0.027    3.0    3.5 -1.23 -0.009  40   0 12:23:26     43580.51545    0.0000  2019/05/26
 2.0000000   5.0000000   32.0310   4855.531 0.029    3.6    3.4 -1.24 -0.009  40   0 12:24:10     43580.51596    0.0000  2019/05/26
 2.0000000   5.0000000   32.0310   4855.531 0.029    4.2    3.1 -1.24 -0.009  40   0 12:24:54     43580.51646    0.0000  2019/05/26
 2.0000000   5.0000000   32.0310   4855.530 0.032    4.2    3.0 -1.24 -0.009  40   0 12:25:38     43580.51697    0.0000  2019/05/26
 2.0000000   6.0000000   31.5428   4835.485 0.046   -0.6    1.7 -1.26 -0.008  40   1 12:33:57     43580.52274    0.0000  2019/05/26
 2.0000000   6.0000000   31.5428   4835.493 0.052   -0.4    2.4 -1.26 -0.007  40   0 12:34:46     43580.52330    0.0000  2019/05/26
 2.0000000   6.0000000   31.5428   4835.485 0.035   -0.1    2.8 -1.25 -0.007  40   0 12:35:30     43580.52381    0.0000  2019/05/26
 2.0000000   6.0000000   31.5428   4835.484 0.047    0.2    2.5 -1.25 -0.007  40   0 12:36:14     43580.52432    0.0000  2019/05/26
 2.0000000   6.0000000   31.5428   4835.483 0.031    0.4    2.1 -1.25 -0.007  40   0 12:36:58     43580.52483    0.0000  2019/05/26
 2.0000000   6.0000000   31.5428   4835.485 0.035    0.1    1.8 -1.26 -0.007  40   0 12:37:42     43580.52534    0.0000  2019/05/26
 2.0000000   6.0000000   31.2986   4835.483 0.045    0.1    1.7 -1.26 -0.007  40   0 12:38:26     43580.52585    0.0000  2019/05/26
 2.0000000   6.0000000   31.2986   4835.484 0.049    0.0    1.2 -1.26 -0.007  40   0 12:39:11     43580.52637    0.0000  2019/05/26
 2.0000000   5.0000000   31.0545   4855.534 0.022    1.7    2.2 -1.28 -0.005  40   0 12:48:34     43580.53287    0.0000  2019/05/26
 2.0000000   5.0000000   31.0545   4855.533 0.022    2.1    2.1 -1.28 -0.005  40   0 12:49:23     43580.53344    0.0000  2019/05/26
 2.0000000   5.0000000   30.8103   4855.534 0.024    2.6    1.8 -1.29 -0.005  40   0 12:50:07     43580.53395    0.0000  2019/05/26
 2.0000000   5.0000000   31.0545   4855.532 0.030    3.1    1.4 -1.29 -0.005  40   1 12:50:51     43580.53446    0.0000  2019/05/26
 2.0000000   5.0000000   31.0545   4855.530 0.028    3.5    0.8 -1.29 -0.005  40   0 12:51:35     43580.53496    0.0000  2019/05/26
 2.0000000   5.0000000   31.0545   4855.530 0.042    3.5    0.5 -1.29 -0.005  40   0 12:52:19     43580.53547    0.0000  2019/05/26
 2.0000000   6.0000000   30.8103   4835.487 0.064   -1.1    3.0 -1.31 -0.003  40   0 13:00:32     43580.54117    0.0000  2019/05/26
 2.0000000   6.0000000   30.8103   4835.485 0.052   -1.0    3.9 -1.31 -0.003  40   1 13:01:21     43580.54174    0.0000  2019/05/26
 2.0000000   6.0000000   30.8103   4835.486 0.050   -0.7    4.1 -1.31 -0.003  40   0 13:02:05     43580.54224    0.0000  2019/05/26
 2.0000000   6.0000000   30.8103   4835.483 0.045   -0.4    4.0 -1.30 -0.003  40   0 13:02:49     43580.54275    0.0000  2019/05/26
 2.0000000   6.0000000   30.5662   4835.485 0.044   -0.1    3.8 -1.30 -0.003  40   0 13:03:33     43580.54326    0.0000  2019/05/26
 2.0000000   6.0000000   30.5662   4835.483 0.051    0.0    3.5 -1.30 -0.003  40   0 13:04:17     43580.54377    0.0000  2019/05/26
 2.0000000   5.0000000   30.3221   4855.539 0.036    0.2    0.9 -1.28 -0.001  40   0 13:13:26     43580.55011    0.0000  2019/05/26
 2.0000000   5.0000000   30.3221   4855.534 0.047    0.8    1.8 -1.27 -0.001  40   1 13:14:15     43580.55068    0.0000  2019/05/26
 2.0000000   5.0000000   30.5662   4855.534 0.054    1.0    1.5 -1.27 -0.001  40   0 13:14:59     43580.55119    0.0000  2019/05/26
 2.0000000   5.0000000   30.5662   4855.535 0.052    1.4    1.6 -1.27 0.000  40   0 13:15:43     43580.55170    0.0000  2019/05/26
 2.0000000   5.0000000   30.5662   4855.534 0.033    1.6    1.5 -1.27 0.000  40   0 13:16:27     43580.55221    0.0000  2019/05/26
 2.0000000   5.0000000   30.5662   4855.535 0.028    2.0    1.0 -1.27 0.000  40   0 13:17:11     43580.55271    0.0000  2019/05/26
 2.0000000   6.0000000   30.5662   4835.492 0.032    0.8    0.7 -1.28 0.001  40   1 13:26:50     43580.55940    0.0000  2019/05/26
 2.0000000   6.0000000   30.5662   4835.488 0.034    1.0    1.6 -1.28 0.001  40   0 13:27:39     43580.55997    0.0000  2019/05/26
 2.0000000   6.0000000   30.5662   4835.489 0.027    1.3    2.0 -1.28 0.001  40   0 13:28:23     43580.56048    0.0000  2019/05/26
 2.0000000   6.0000000   30.5662   4835.489 0.022    1.5    2.0 -1.28 0.001  40   0 13:29:07     43580.56099    0.0000  2019/05/26
 2.0000000   6.0000000   30.5662   4835.491 0.029    1.7    2.0 -1.28 0.001  40   0 13:29:51     43580.56150    0.0000  2019/05/26
 2.0000000   6.0000000   30.5662   4835.485 0.030    2.2    1.9 -1.28 0.001  40   0 13:30:36     43580.56202    0.0000  2019/05/26
 2.0000000   6.0000000   30.5662   4835.486 0.028    2.3    1.7 -1.29 0.001  40   0 13:31:21     43580.56254    0.0000  2019/05/26
 2.0000000   5.0000000   30.8103   4855.539 0.022   -0.3    2.4 -1.29 0.004  40   4 13:41:53     43580.56984    0.0000  2019/05/26
 2.0000000   5.0000000   30.8103   4855.536 0.025   -0.2    2.4 -1.29 0.004  40   0 13:42:42     43580.57041    0.0000  2019/05/26
 2.0000000   5.0000000   30.8103   4855.537 0.043    0.3    2.5 -1.29 0.004  40   0 13:43:26     43580.57091    0.0000  2019/05/26
 2.0000000   5.0000000   30.8103   4855.537 0.021    0.8    2.1 -1.29 0.004  40   2 13:44:10     43580.57142    0.0000  2019/05/26
 2.0000000   5.0000000   31.0545   4855.536 0.023    1.0    1.7 -1.28 0.004  40   0 13:44:54     43580.57193    0.0000  2019/05/26
 2.0000000   5.0000000   31.0545   4855.536 0.021    1.1    1.4 -1.28 0.004  40   0 13:45:38     43580.57244    0.0000  2019/05/26
 2.0000000   5.0000000   31.0545   4855.535 0.024    1.3    1.1 -1.29 0.004  40   0 13:46:22     43580.57295    0.0000  2019/05/26
 2.0000000   4.0000000   31.5428   4873.652 0.026   -5.3    2.2 -1.28 0.006  40   1 13:54:28     43580.57856    0.0000  2019/05/26
 2.0000000   4.0000000   32.0310   4873.648 0.026   -7.9    2.6 -1.27 0.006  40   0 13:55:17     43580.57913    0.0000  2019/05/26
 2.0000000   4.0000000   32.5193   4873.648 0.028  -10.2    2.8 -1.27 0.007  40   0 13:56:01     43580.57964    0.0000  2019/05/26
 2.0000000   4.0000000   32.7635   4873.647 0.031  -12.4    2.9 -1.26 0.007  40   0 13:56:45     43580.58015    0.0000  2019/05/26
 2.0000000   4.0000000   33.0076   4873.648 0.032  -14.0    2.4 -1.26 0.007  40   0 13:57:29     43580.58066    0.0000  2019/05/26
 2.0000000   4.0000000   33.4959   4873.646 0.030  -15.4    2.1 -1.26 0.007  40   0 13:58:13     43580.58116    0.0000  2019/05/26
 2.0000000   4.0000000   33.9842   4873.652 0.043  -16.1    1.7 -1.26 0.007  40   2 13:58:57     43580.58167    0.0000  2019/05/26
 2.0000000   4.0000000   34.2283   4873.645 0.038  -16.6    0.8 -1.26 0.007  40   0 13:59:41     43580.58218    0.0000  2019/05/26
 2.0000000   4.0000000   34.2283   4873.645 0.039  -16.6    0.6 -1.26 0.007   2   0 14:00:26     43580.58270    0.0000  2019/05/26
 2.0000000   5.0000000   35.9373   4855.537 0.467    3.9    3.8 -1.26 0.009  40   0 14:07:56     43580.58790    0.0000  2019/05/26
 2.0000000   5.0000000   35.9373   4855.531 0.420    6.5    3.5 -1.25 0.009  40   0 14:08:45     43580.58847    0.0000  2019/05/26
 2.0000000   5.0000000   35.6931   4855.523 0.305    6.4    4.7 -1.25 0.009  40   0 14:09:30     43580.58899    0.0000  2019/05/26
 2.0000000   5.0000000   35.6931   4855.539 0.229    7.4    4.0 -1.25 0.009  40   0 14:10:15     43580.58951    0.0000  2019/05/26
 2.0000000   5.0000000   35.4490   4855.538 0.310    8.3    4.1 -1.26 0.010  40   0 14:10:59     43580.59002    0.0000  2019/05/26
 2.0000000   5.0000000   33.0076   4855.527 0.044   -0.6    0.2 -1.41 0.026  40   0 15:27:10     43580.64284    0.0000  2019/05/26
 2.0000000   5.0000000   33.0076   4855.550 0.054   -0.6    0.0 -1.41 0.026  40   0 15:27:59     43580.64340    0.0000  2019/05/26
 2.0000000   5.0000000   33.0076   4855.524 0.077   -0.6    0.0 -1.41 0.026  40   0 15:28:43     43580.64391    0.0000  2019/05/26
 2.0000000   5.0000000   33.0076   4855.547 0.075   -0.6   -0.1 -1.41 0.026  40   0 15:29:27     43580.64442    0.0000  2019/05/26
 2.0000000   5.0000000   33.2517   4855.535 0.076   -0.4   -0.1 -1.41 0.026  40   0 15:30:12     43580.64494    0.0000  2019/05/26
 2.0000000   5.0000000   33.0076   4855.542 0.065   -0.2    0.0 -1.41 0.027  40   0 15:30:56     43580.64545    0.0000  2019/05/26
 2.0000000   5.0000000   33.2517   4855.526 0.078    0.0   -0.3 -1.41 0.027  40   0 15:31:40     43580.64596    0.0000  2019/05/26
 2.0000000   5.0000000   33.2517   4855.502 0.094    0.0    0.0 -1.41 0.027  40   0 15:32:24     43580.64646    0.0000  2019/05/26
 2.0000000   5.0000000   33.2517   4855.570 0.111   -0.2   -0.2 -1.41 0.027  40   0 15:33:08     43580.64697    0.0000  2019/05/26
 2.0000000   5.0000000   33.0076   4855.534 0.030    0.9   -0.3 -1.40 0.029  40   0 15:44:56     43580.65515    0.0000  2019/05/26
 2.0000000   5.0000000   33.2517   4855.539 0.031    0.8   -0.2 -1.40 0.030  40   1 15:45:45     43580.65572    0.0000  2019/05/26
 2.0000000   5.0000000   33.2517   4855.517 0.033    0.5   -0.1 -1.40 0.030  40   0 15:46:29     43580.65623    0.0000  2019/05/26
 2.0000000   5.0000000   33.2517   4855.550 0.037    0.2   -0.1 -1.40 0.030  40   0 15:47:13     43580.65674    0.0000  2019/05/26
 2.0000000   2.0000000   33.7400   4918.260 0.017    0.0    0.1 -1.06 0.034  40   0 16:09:11     43580.67197    0.0000  2019/05/26
 2.0000000   2.0000000   33.7400   4918.251 0.023    0.6    0.9 -1.05 0.034  40   5 16:10:00     43580.67253    0.0000  2019/05/26
 2.0000000   2.0000000   33.7400   4918.253 0.016    1.0    1.2 -1.04 0.034  40   0 16:10:44     43580.67304    0.0000  2019/05/26
 2.0000000   2.0000000   33.7400   4918.256 0.021    1.5    1.0 -1.04 0.034  40   0 16:11:29     43580.67356    0.0000  2019/05/26
 2.0000000   2.0000000   33.7400   4918.250 0.021    1.5    0.9 -1.04 0.034  40   2 16:12:13     43580.67407    0.0000  2019/05/26
 2.0000000   2.0000000   33.7400   4918.264 0.021    1.7    0.8 -1.04 0.035  40   0 16:12:57     43580.67458    0.0000  2019/05/26
 2.0000000   2.0000000   33.7400   4918.250 0.030    1.8    0.3 -1.05 0.035  40   1 16:13:41     43580.67509    0.0000  2019/05/26
 2.0000000   2.0000000   33.7400   4918.255 0.028    1.8    0.1 -1.07 0.035  40   4 16:14:25     43580.67560    0.0000  2019/05/26
 2.0000000  10.0000000   33.4959   4916.734 0.014    2.9    0.0 -1.16 0.037  40   1 16:27:45     43580.68484    0.0000  2019/05/26
 2.0000000  10.0000000   33.4959   4916.751 0.014    3.8    0.4 -1.15 0.037  40   0 16:28:34     43580.68541    0.0000  2019/05/26
 2.0000000  10.0000000   33.4959   4916.748 0.014    4.3    0.5 -1.15 0.037  40   0 16:29:18     43580.68591    0.0000  2019/05/26
 2.0000000  10.0000000   33.4959   4916.745 0.014    4.6    0.2 -1.15 0.037  40   0 16:30:02     43580.68642    0.0000  2019/05/26
 2.0000000  10.0000000   33.4959   4916.721 0.014    4.8    0.0 -1.15 0.037  40   0 16:30:46     43580.68693    0.0000  2019/05/26
 2.0000000  10.0000000   33.2517   4916.747 0.019    5.0   -0.3 -1.16 0.037  40   0 16:31:30     43580.68744    0.0000  2019/05/26