
/	CG-5 SURVEY
/	Survey name:   	pbz
/	Instrument S/N:	40824
/	Client:        	geoken
/	Operator:      	kalen
/	Date:          	2019/ 5/25
/	Time:          	08:03:16
/	LONG:        	77.1000000 E
/	LAT:         	43.7000000 N
/	ZONE:        	43      
/	GMT DIFF.:   	-6.0

/	CG-5 SETUP PARAMETERS
/	Gref:			0.000   
/	Gcal1:		8394.709
/	TiltxS:		622.350 
/	TiltyS:		674.577 
/	TiltxO:		-43.764 
/	TiltyO:		29.308  
/	Tempco:		-0.130  
/	Drift:		0.575   
/	DriftTime Start:	08:03:20
/	DriftDate Start:	2019/05/25

/	CG-5 OPTIONS
/	Tide Correction:    YES
/	Cont. Tilt:         YES
/	Auto Rejection:     YES
/	Terrain Corr.:       NO
/	Seismic Filter:     YES
/	Raw Data:           YES
Line	   2.000N
/------LINE-----STATION-----ALT.------GRAV.---SD.--TILTX--TILTY-TEMP---TIDE---DUR-REJ-----TIME----DEC.TIME+DATE--TERRAIN---DATE
 2.0000000  10.0000000   28.3689   4916.138 0.023   -2.2   -1.6 -1.38 -0.043  40   0 08:04:41     43579.33605    0.0000  2019/05/25
 2.0000000  10.0000000   28.3689   4916.139 0.015   -2.3   -1.5 -1.38 -0.043  40   0 08:05:30     43579.33661    0.0000  2019/05/25
 2.0000000  10.0000000   28.3689   4916.138 0.025   -2.2   -1.5 -1.38 -0.043  40   0 08:06:14     43579.33712    0.0000  2019/05/25
 2.0000000  10.0000000   28.3689   4916.140 0.027   -2.1   -1.4 -1.38 -0.043  40   0 08:06:58     43579.33763    0.0000  2019/05/25
 2.0000000  10.0000000   28.3689   4916.138 0.015   -2.1   -1.5 -1.38 -0.043  40   0 08:07:42     43579.33814    0.0000  2019/05/25
 2.0000000  10.0000000   28.6131   4916.138 0.013   -2.1   -1.5 -1.38 -0.043  40   0 08:08:26     43579.33865    0.0000  2019/05/25
 2.0000000   2.0000000   28.1248   4917.659 0.014   -2.0   -0.1 -1.26 -0.042  40   4 08:20:07     43579.34675    0.0000  2019/05/25
 2.0000000   2.0000000   27.8807   4917.658 0.010   -1.5   -0.3 -1.25 -0.042  40   1 08:20:56     43579.34731    0.0000  2019/05/25
 2.0000000   2.0000000   28.1248   4917.659 0.010   -1.2   -0.3 -1.24 -0.042  40   0 08:21:40     43579.34782    0.0000  2019/05/25
 2.0000000   2.0000000   28.1248   4917.658 0.011   -1.1   -0.5 -1.23 -0.042  40   3 08:22:24     43579.34833    0.0000  2019/05/25
 2.0000000   2.0000000   27.8807   4917.656 0.024   -0.9   -0.7 -1.23 -0.042  40  10 08:23:08     43579.34884    0.0000  2019/05/25
 2.0000000   2.0000000   27.8807   4917.656 0.015   -0.7   -1.0 -1.23 -0.042  40   3 08:23:52     43579.34935    0.0000  2019/05/25
 2.0000000   1.0000000   27.3924   4935.742 0.025   -0.1   -1.7 -1.30 -0.041  40   1 08:35:40     43579.35753    0.0000  2019/05/25
 2.0000000   1.0000000   27.3924   4935.743 0.015    0.8   -1.0 -1.31 -0.041  40   1 08:36:29     43579.35810    0.0000  2019/05/25
 2.0000000   1.0000000   27.1482   4935.744 0.016    1.8   -1.0 -1.31 -0.041  40   0 08:37:13     43579.35860    0.0000  2019/05/25
 2.0000000   1.0000000   26.9041   4935.742 0.017    2.1   -1.3 -1.31 -0.041  40   2 08:37:57     43579.35911    0.0000  2019/05/25
 2.0000000   1.0000000   26.9041   4935.742 0.014    2.7   -1.6 -1.31 -0.041  40   0 08:38:41     43579.35962    0.0000  2019/05/25
 2.0000000   1.0000000   26.6600   4935.743 0.018    3.0   -1.8 -1.31 -0.041  40   0 08:39:25     43579.36013    0.0000  2019/05/25
 2.0000000   2.0000000   26.4158   4917.653 0.025    0.5    2.2 -1.26 -0.040  40   6 08:51:54     43579.36878    0.0000  2019/05/25
 2.0000000   2.0000000   26.6600   4917.649 0.015    1.1    3.3 -1.25 -0.040  40  12 08:52:43     43579.36935    0.0000  2019/05/25
 2.0000000   2.0000000   26.6600   4917.653 0.011    1.7    3.2 -1.24 -0.040  40   6 08:53:27     43579.36986    0.0000  2019/05/25
 2.0000000   2.0000000   26.4158   4917.653 0.009    2.2    3.4 -1.24 -0.040  40  10 08:54:11     43579.37037    0.0000  2019/05/25
 2.0000000   2.0000000   26.4158   4917.653 0.011    2.5    3.4 -1.24 -0.040  40   1 08:54:55     43579.37088    0.0000  2019/05/25
 2.0000000   2.0000000   26.4158   4917.654 0.008    3.0    3.2 -1.24 -0.040  40   1 08:55:39     43579.37138    0.0000  2019/05/25
 2.0000000   2.0000000   26.4158   4917.652 0.013    3.2    3.4 -1.24 -0.040  40   0 08:56:23     43579.37189    0.0000  2019/05/25
 2.0000000   1.0000000   26.9041   4935.741 0.019   -0.3   -0.7 -1.24 -0.039  40   1 09:07:39     43579.37970    0.0000  2019/05/25
 2.0000000   1.0000000   26.6600   4935.740 0.011    0.1   -0.1 -1.24 -0.039  40   0 09:08:28     43579.38027    0.0000  2019/05/25
 2.0000000   1.0000000   26.6600   4935.741 0.011    0.7    0.4 -1.25 -0.039  40   0 09:09:12     43579.38078    0.0000  2019/05/25
 2.0000000   1.0000000   26.4158   4935.741 0.011    1.1    0.4 -1.25 -0.039  40   1 09:09:56     43579.38129    0.0000  2019/05/25
 2.0000000   1.0000000   26.4158   4935.740 0.013    1.3    0.1 -1.25 -0.039  40   0 09:10:40     43579.38180    0.0000  2019/05/25
 2.0000000   1.0000000   26.4158   4935.739 0.012    1.3   -0.1 -1.26 -0.039  40   0 09:11:24     43579.38230    0.0000  2019/05/25
 2.0000000   2.0000000   27.1482   4917.653 0.030    2.2    0.8 -1.15 -0.037  40  11 09:27:41     43579.39359    0.0000  2019/05/25
 2.0000000   2.0000000   26.9041   4917.653 0.020    2.8    1.6 -1.14 -0.037  40   5 09:28:30     43579.39416    0.0000  2019/05/25
 2.0000000   2.0000000   27.1482   4917.653 0.013    3.4    2.1 -1.14 -0.037  40   0 09:29:14     43579.39467    0.0000  2019/05/25
 2.0000000   2.0000000   26.9041   4917.652 0.013    3.9    2.2 -1.14 -0.037  40   0 09:29:58     43579.39518    0.0000  2019/05/25
 2.0000000   2.0000000   27.1482   4917.652 0.016    4.3    2.0 -1.14 -0.037  40   3 09:30:42     43579.39569    0.0000  2019/05/25
 2.0000000   2.0000000   26.9041   4917.653 0.018    4.7    2.1 -1.14 -0.037  40   2 09:31:26     43579.39619    0.0000  2019/05/25
 2.0000000   2.0999999   26.9041   4905.764 0.027    0.6    2.1 -1.20 -0.036  40   0 09:38:53     43579.40136    0.0000  2019/05/25
 2.0000000   2.0999999   26.9041   4905.762 0.023    1.1    2.5 -1.21 -0.036  40   0 09:39:42     43579.40193    0.0000  2019/05/25
 2.0000000   2.0999999   26.9041   4905.761 0.025    1.5    2.5 -1.21 -0.036  40   0 09:40:26     43579.40243    0.0000  2019/05/25
 2.0000000   2.0999999   26.9041   4905.761 0.037    1.8    2.5 -1.21 -0.035  40   0 09:41:10     43579.40294    0.0000  2019/05/25
 2.0000000   2.0999999   26.9041   4905.762 0.033    2.4    2.4 -1.21 -0.035  40   5 09:41:54     43579.40345    0.0000  2019/05/25
 2.0000000   2.0999999   26.9041   4905.760 0.076    2.6    2.2 -1.22 -0.035  40   0 09:42:38     43579.40396    0.0000  2019/05/25
 2.0000000   2.0000000   27.1482   4917.665 0.007    2.2    0.0 -1.15 -0.033  40   4 09:56:11     43579.41335    0.0000  2019/05/25
 2.0000000   2.0000000   27.3924   4917.661 0.013    2.9    1.1 -1.14 -0.033  40   2 09:57:00     43579.41392    0.0000  2019/05/25
 2.0000000   2.0000000   27.3924   4917.662 0.011    3.1    1.4 -1.13 -0.033  40   5 09:57:44     43579.41443    0.0000  2019/05/25
 2.0000000   2.0000000   27.3924   4917.658 0.008    3.4    1.2 -1.12 -0.033  40   1 09:58:28     43579.41494    0.0000  2019/05/25
 2.0000000   2.0000000   27.1482   4917.658 0.009    3.7    1.1 -1.11 -0.033  40   1 09:59:12     43579.41545    0.0000  2019/05/25
 2.0000000   2.0000000   27.1482   4917.659 0.015    4.1    1.2 -1.11 -0.033  40   1 09:59:56     43579.41595    0.0000  2019/05/25
 2.0000000   2.0000000   27.1482   4917.652 0.012    4.3    1.2 -1.12 -0.033  40   9 10:00:40     43579.41646    0.0000  2019/05/25
 2.0000000   2.0000000   27.1482   4917.655 0.014    4.5    1.1 -1.12 -0.033  40   4 10:01:25     43579.41698    0.0000  2019/05/25
 2.0000000   2.0999999   27.1482   4905.764 0.032   -0.2   -1.6 -1.17 -0.031  40   1 10:08:34     43579.42194    0.0000  2019/05/25
 2.0000000   2.0999999   27.1482   4905.762 0.032    0.3   -0.8 -1.16 -0.031  40   0 10:09:23     43579.42251    0.0000  2019/05/25
 2.0000000   2.0999999   26.9041   4905.762 0.028    1.0   -0.6 -1.15 -0.031  40   3 10:10:07     43579.42301    0.0000  2019/05/25
 2.0000000   2.0999999   26.9041   4905.760 0.058    1.5   -0.5 -1.15 -0.031  40   0 10:10:51     43579.42352    0.0000  2019/05/25
 2.0000000   2.0999999   26.6600   4905.760 0.024    2.2   -0.6 -1.14 -0.031  40   0 10:11:35     43579.42403    0.0000  2019/05/25
 2.0000000   2.0999999   26.6600   4905.759 0.035    2.6   -0.7 -1.14 -0.031  40   0 10:12:19     43579.42454    0.0000  2019/05/25
 2.0000000   3.0000000   25.9275   4894.036 0.027   -2.3   -2.1 -1.20 -0.030  40   0 10:19:46     43579.42970    0.0000  2019/05/25
 2.0000000   3.0000000   26.1717   4894.034 0.023   -1.8   -1.5 -1.20 -0.030  40   0 10:20:35     43579.43027    0.0000  2019/05/25
 2.0000000   3.0000000   26.1717   4894.034 0.026   -1.7   -1.3 -1.20 -0.029  40   3 10:21:19     43579.43078    0.0000  2019/05/25
 2.0000000   3.0000000   25.9275   4894.035 0.027   -1.3   -1.4 -1.20 -0.029  40   0 10:22:03     43579.43129    0.0000  2019/05/25
 2.0000000   3.0000000   25.9275   4894.031 0.023   -1.4   -1.5 -1.20 -0.029  40   0 10:22:47     43579.43180    0.0000  2019/05/25
 2.0000000   3.0000000   25.9275   4894.032 0.038   -1.0   -1.6 -1.19 -0.029  40   0 10:23:31     43579.43230    0.0000  2019/05/25
 2.0000000   3.0000000   25.6834   4894.028 0.042   -0.8   -1.6 -1.20 -0.029  40   1 10:24:15     43579.43281    0.0000  2019/05/25
 2.0000000   2.0999999   25.6834   4905.768 0.027   -0.5    0.7 -1.21 -0.028  40   0 10:30:17     43579.43700    0.0000  2019/05/25
 2.0000000   2.0999999   25.6834   4905.764 0.061   -0.3    1.3 -1.21 -0.028  40   0 10:31:06     43579.43756    0.0000  2019/05/25
 2.0000000   2.0999999   25.9275   4905.766 0.020   -0.1    1.7 -1.21 -0.028  40   0 10:31:50     43579.43807    0.0000  2019/05/25
 2.0000000   2.0999999   25.6834   4905.764 0.023    0.0    1.6 -1.21 -0.028  40   0 10:32:34     43579.43858    0.0000  2019/05/25
 2.0000000   2.0999999   25.6834   4905.765 0.028    0.0    1.5 -1.21 -0.027  40   2 10:33:18     43579.43909    0.0000  2019/05/25
 2.0000000   2.0999999   25.6834   4905.763 0.023    0.2    1.2 -1.21 -0.027  40   1 10:34:02     43579.43960    0.0000  2019/05/25
 2.0000000   3.0000000   25.9275   4894.030 0.023   -2.1   -1.2 -1.24 -0.026  40   2 10:40:09     43579.44384    0.0000  2019/05/25
 2.0000000   3.0000000   25.9275   4894.030 0.018   -1.9   -0.7 -1.24 -0.026  40   0 10:40:58     43579.44440    0.0000  2019/05/25
 2.0000000   3.0000000   25.9275   4894.028 0.020   -1.7   -0.4 -1.24 -0.026  40   0 10:41:42     43579.44491    0.0000  2019/05/25
 2.0000000   3.0000000   25.9275   4894.028 0.021   -1.4   -0.3 -1.24 -0.026  40   3 10:42:26     43579.44542    0.0000  2019/05/25
 2.0000000   3.0000000   25.9275   4894.029 0.019   -1.1   -0.5 -1.24 -0.025  40   0 10:43:10     43579.44593    0.0000  2019/05/25
 2.0000000   3.0000000   25.9275   4894.026 0.028   -0.9   -0.7 -1.25 -0.025  40   2 10:43:54     43579.44644    0.0000  2019/05/25
 2.0000000   4.0000000   25.9275   4873.068 0.026   -1.4   -2.1 -1.25 -0.024  40   0 10:51:58     43579.45203    0.0000  2019/05/25
 2.0000000   4.0000000   26.1717   4873.065 0.022   -1.1   -0.9 -1.25 -0.023  40   0 10:52:47     43579.45260    0.0000  2019/05/25
 2.0000000   4.0000000   26.1717   4873.063 0.021   -0.5   -0.3 -1.24 -0.023  40   0 10:53:31     43579.45310    0.0000  2019/05/25
 2.0000000   4.0000000   25.9275   4873.063 0.021    0.0    0.0 -1.24 -0.023  40   0 10:54:15     43579.45361    0.0000  2019/05/25
 2.0000000   4.0000000   25.9275   4873.060 0.021    0.5    0.1 -1.24 -0.023  40   0 10:54:59     43579.45412    0.0000  2019/05/25
 2.0000000   4.0000000   25.9275   4873.060 0.022    0.8    0.0 -1.24 -0.023  40   0 10:55:43     43579.45463    0.0000  2019/05/25
 2.0000000   4.0000000   25.9275   4873.060 0.029    1.3    0.0 -1.24 -0.023  40   0 10:56:27     43579.45514    0.0000  2019/05/25
 2.0000000   4.0000000   25.9275   4873.059 0.025    1.4   -0.1 -1.24 -0.022  40   0 10:57:12     43579.45566    0.0000  2019/05/25
 2.0000000   3.0000000   25.9275   4894.035 0.033   -1.2    1.9 -1.25 -0.021  40   1 11:04:29     43579.46071    0.0000  2019/05/25
 2.0000000   3.0000000   26.1717   4894.034 0.024   -0.6    2.9 -1.25 -0.021  40   0 11:05:18     43579.46127    0.0000  2019/05/25
 2.0000000   3.0000000   25.9275   4894.033 0.023   -0.1    3.4 -1.24 -0.020  40   1 11:06:02     43579.46178    0.0000  2019/05/25
 2.0000000   3.0000000   25.9275   4894.031 0.017    0.3    3.5 -1.24 -0.020  40   0 11:06:46     43579.46229    0.0000  2019/05/25
 2.0000000   3.0000000   25.9275   4894.030 0.017    0.5    3.5 -1.24 -0.020  40   0 11:07:30     43579.46280    0.0000  2019/05/25
 2.0000000   3.0000000   25.9275   4894.034 0.030    0.6    3.3 -1.24 -0.020  40   3 11:08:14     43579.46331    0.0000  2019/05/25
 2.0000000   3.0000000   25.9275   4894.033 0.024    0.8    3.3 -1.24 -0.020  40   2 11:08:58     43579.46382    0.0000  2019/05/25
 2.0000000   4.0000000   26.4158   4873.064 0.029    0.7    0.6 -1.13 -0.016  40   0 11:23:04     43579.47359    0.0000  2019/05/25
 2.0000000   4.0000000   26.4158   4873.062 0.026    1.0    1.2 -1.12 -0.016  40   0 11:23:53     43579.47416    0.0000  2019/05/25
 2.0000000   4.0000000   26.4158   4873.056 0.028    1.4    1.4 -1.12 -0.016  40   0 11:24:37     43579.47467    0.0000  2019/05/25
 2.0000000   4.0000000   26.1717   4873.059 0.025    1.8    1.2 -1.12 -0.016  40   1 11:25:21     43579.47518    0.0000  2019/05/25
 2.0000000   4.0000000   26.4158   4873.059 0.032    2.4    1.1 -1.12 -0.016  40   0 11:26:05     43579.47568    0.0000  2019/05/25
 2.0000000   4.0000000   26.4158   4873.056 0.028    2.6    1.0 -1.13 -0.015  40   0 11:26:49     43579.47619    0.0000  2019/05/25
 2.0000000   4.0000000   26.4158   4873.058 0.029    2.8    0.9 -1.14 -0.015  40   0 11:27:33     43579.47670    0.0000  2019/05/25
 2.0000000   4.0000000   26.4158   4873.056 0.033    2.6    0.9 -1.15 -0.015  40   0 11:28:18     43579.47722    0.0000  2019/05/25
 2.0000000   5.0000000   26.4158   4854.946 0.040   -0.1    0.3 -1.18 -0.013  40   0 11:36:54     43579.48318    0.0000  2019/05/25
 2.0000000   5.0000000   26.4158   4854.943 0.041    0.3    0.7 -1.17 -0.012  40   0 11:37:43     43579.48375    0.0000  2019/05/25
 2.0000000   5.0000000   26.4158   4854.942 0.039    0.9    1.1 -1.16 -0.012  40   0 11:38:27     43579.48426    0.0000  2019/05/25
 2.0000000   5.0000000   26.4158   4854.942 0.059    1.2    1.3 -1.16 -0.012  40   0 11:39:11     43579.48477    0.0000  2019/05/25
 2.0000000   5.0000000   26.4158   4854.941 0.061    1.7    1.0 -1.16 -0.012  40   0 11:39:55     43579.48528    0.0000  2019/05/25
 2.0000000   5.0000000   26.4158   4854.942 0.070    1.7    0.6 -1.16 -0.012  40   0 11:40:39     43579.48578    0.0000  2019/05/25
 2.0000000   4.0000000   26.4158   4873.055 0.037   -2.0    1.3 -1.20 -0.009  40   0 11:48:55     43579.49152    0.0000  2019/05/25
 2.0000000   4.0000000   26.6600   4873.055 0.040   -1.2    1.9 -1.20 -0.009  40   0 11:49:44     43579.49208    0.0000  2019/05/25
 2.0000000   4.0000000   26.6600   4873.053 0.042   -0.3    2.0 -1.20 -0.009  40   0 11:50:28     43579.49259    0.0000  2019/05/25
 2.0000000   4.0000000   26.9041   4873.055 0.104    0.2    2.3 -1.19 -0.009  40   0 11:51:12     43579.49310    0.0000  2019/05/25
 2.0000000   4.0000000   26.9041   4873.053 0.071    0.7    2.3 -1.20 -0.009  40   8 11:51:56     43579.49361    0.0000  2019/05/25
 2.0000000   4.0000000   26.9041   4873.053 0.038    0.9    2.4 -1.20 -0.008  40   0 11:52:40     43579.49412    0.0000  2019/05/25
 2.0000000   5.0000000   27.3924   4854.970 0.067   -1.4   -0.9 -1.22 -0.006  40   0 12:00:59     43579.49988    0.0000  2019/05/25
 2.0000000   5.0000000   27.3924   4854.964 0.067   -1.2    0.1 -1.22 -0.006  40   0 12:01:49     43579.50046    0.0000  2019/05/25
 2.0000000   5.0000000   27.6365   4854.960 0.150   -0.8    0.7 -1.21 -0.006  40   0 12:02:33     43579.50097    0.0000  2019/05/25
 2.0000000   5.0000000   27.3924   4854.959 0.077   -0.3    1.0 -1.21 -0.006  40   0 12:03:17     43579.50148    0.0000  2019/05/25
 2.0000000   5.0000000   27.3924   4854.958 0.064    0.0    1.2 -1.21 -0.005  40   0 12:04:01     43579.50198    0.0000  2019/05/25
 2.0000000   5.0000000   27.3924   4854.953 0.071    0.3    1.2 -1.21 -0.005  40   0 12:04:45     43579.50249    0.0000  2019/05/25
 2.0000000   5.0000000   27.3924   4854.958 0.044    0.4    1.2 -1.21 -0.005  40   0 12:05:30     43579.50301    0.0000  2019/05/25
 2.0000000   5.0000000   27.3924   4854.955 0.035    0.6    1.2 -1.22 -0.005  40   0 12:06:15     43579.50353    0.0000  2019/05/25
 2.0000000   6.0000000   27.8807   4834.899 0.049   -0.2    1.1 -1.26 -0.002  40   0 12:14:46     43579.50944    0.0000  2019/05/25
 2.0000000   6.0000000   27.8807   4834.895 0.045    0.3    2.1 -1.25 -0.002  40   0 12:15:35     43579.51000    0.0000  2019/05/25
 2.0000000   6.0000000   28.1248   4834.894 0.047    0.5    2.7 -1.25 -0.002  40   0 12:16:19     43579.51051    0.0000  2019/05/25
 2.0000000   6.0000000   27.8807   4834.895 0.040    1.1    2.9 -1.25 -0.001  40   0 12:17:03     43579.51102    0.0000  2019/05/25
 2.0000000   6.0000000   27.8807   4834.894 0.039    1.5    2.7 -1.25 -0.001  40   0 12:17:47     43579.51153    0.0000  2019/05/25
 2.0000000   6.0000000   27.8807   4834.893 0.039    2.0    2.5 -1.25 -0.001  40   0 12:18:31     43579.51204    0.0000  2019/05/25
 2.0000000   6.0000000   27.8807   4834.893 0.041    2.1    2.4 -1.26 -0.001  40   0 12:19:15     43579.51255    0.0000  2019/05/25
 2.0000000   5.0000000   28.3689   4854.945 0.056   -0.1    0.8 -1.24 0.001  40   0 12:28:01     43579.51862    0.0000  2019/05/25
 2.0000000   5.0000000   28.3689   4854.946 0.039    0.9    1.5 -1.24 0.001  40   0 12:28:50     43579.51919    0.0000  2019/05/25
 2.0000000   5.0000000   28.3689   4854.943 0.028    1.8    1.6 -1.24 0.001  40   0 12:29:34     43579.51970    0.0000  2019/05/25
 2.0000000   5.0000000   28.3689   4854.943 0.046    2.7    1.5 -1.24 0.002  40   1 12:30:18     43579.52021    0.0000  2019/05/25
 2.0000000   5.0000000   28.3689   4854.942 0.039    3.5    1.6 -1.24 0.002  40   0 12:31:02     43579.52072    0.0000  2019/05/25
 2.0000000   5.0000000   28.3689   4854.943 0.034    4.2    1.5 -1.24 0.002  40   0 12:31:46     43579.52122    0.0000  2019/05/25
 2.0000000   6.0000000   28.8572   4834.896 0.053   -0.1   -0.3 -1.25 0.005  40   0 12:40:27     43579.52725    0.0000  2019/05/25
 2.0000000   6.0000000   28.8572   4834.891 0.045   -0.2    0.4 -1.24 0.005  40   0 12:41:16     43579.52781    0.0000  2019/05/25
 2.0000000   6.0000000   28.8572   4834.892 0.039    0.0    0.8 -1.24 0.005  40   0 12:42:00     43579.52832    0.0000  2019/05/25
 2.0000000   6.0000000   28.8572   4834.891 0.033    0.2    1.1 -1.24 0.006  40   0 12:42:44     43579.52883    0.0000  2019/05/25
 2.0000000   6.0000000   28.6131   4834.892 0.037    0.8    1.0 -1.24 0.006  40   0 12:43:28     43579.52934    0.0000  2019/05/25
 2.0000000   6.0000000   28.6131   4834.892 0.048    0.8    1.0 -1.24 0.006  40   0 12:44:12     43579.52985    0.0000  2019/05/25
 2.0000000   6.0000000   28.6131   4834.890 0.038    1.0    0.8 -1.25 0.006  40   0 12:44:56     43579.53035    0.0000  2019/05/25
 2.0000000   6.0000000   28.8572   4834.892 0.040    1.0    0.9 -1.25 0.007  40   0 12:45:41     43579.53087    0.0000  2019/05/25
 2.0000000   5.0000000   28.8572   4854.946 0.039   -0.4   -1.4 -1.24 0.009  40   0 12:54:20     43579.53687    0.0000  2019/05/25
 2.0000000   5.0000000   28.8572   4854.944 0.045    0.1   -0.7 -1.24 0.009  40   0 12:55:09     43579.53744    0.0000  2019/05/25
 2.0000000   5.0000000   28.8572   4854.943 0.031    0.8   -0.4 -1.24 0.010  40   0 12:55:53     43579.53795    0.0000  2019/05/25
 2.0000000   5.0000000   28.8572   4854.942 0.031    1.3   -0.3 -1.24 0.010  40   0 12:56:37     43579.53845    0.0000  2019/05/25
 2.0000000   5.0000000   28.8572   4854.942 0.034    1.9   -0.4 -1.24 0.010  40   0 12:57:21     43579.53896    0.0000  2019/05/25
 2.0000000   5.0000000   28.8572   4854.941 0.037    2.4   -0.5 -1.24 0.010  40   0 12:58:05     43579.53947    0.0000  2019/05/25
 2.0000000   5.0000000   28.8572   4854.939 0.038    2.8   -0.7 -1.25 0.011  40   0 12:58:49     43579.53998    0.0000  2019/05/25
 2.0000000   6.0000000   29.1014   4834.898 0.064    1.4    5.3 -1.28 0.014  40   0 13:09:18     43579.54725    0.0000  2019/05/25
 2.0000000   6.0000000   29.3455   4834.898 0.045    1.5    5.3 -1.28 0.014  40   0 13:10:07     43579.54781    0.0000  2019/05/25
 2.0000000   6.0000000   29.1014   4834.903 0.035    1.7    5.4 -1.28 0.014  40   0 13:10:51     43579.54832    0.0000  2019/05/25
 2.0000000   6.0000000   29.1014   4834.899 0.026    1.9    5.4 -1.28 0.014  40   0 13:11:35     43579.54883    0.0000  2019/05/25
 2.0000000   6.0000000   29.1014   4834.897 0.031    1.8    5.2 -1.29 0.015  40   0 13:12:19     43579.54934    0.0000  2019/05/25
 2.0000000   6.0000000   28.8572   4834.896 0.040    1.7    5.1 -1.29 0.015  40   0 13:13:03     43579.54985    0.0000  2019/05/25
 2.0000000   6.0000000   29.1014   4834.897 0.034    2.0    5.2 -1.29 0.015  40   0 13:13:47     43579.55036    0.0000  2019/05/25
 2.0000000   5.0000000   28.8572   4854.938 0.038   -0.1   -0.8 -1.31 0.018  40   0 13:21:50     43579.55594    0.0000  2019/05/25
 2.0000000   5.0000000   29.1014   4854.939 0.042    0.5    0.0 -1.31 0.018  40   0 13:22:39     43579.55650    0.0000  2019/05/25
 2.0000000   5.0000000   29.1014   4854.936 0.042    0.8    0.2 -1.31 0.018  40   0 13:23:23     43579.55701    0.0000  2019/05/25
 2.0000000   5.0000000   29.3455   4854.938 0.038    1.3    0.1 -1.31 0.019  40   0 13:24:07     43579.55752    0.0000  2019/05/25
 2.0000000   5.0000000   29.1014   4854.938 0.042    1.5   -0.1 -1.31 0.019  40   0 13:24:51     43579.55803    0.0000  2019/05/25
 2.0000000   5.0000000   29.3455   4854.935 0.036    2.0    0.0 -1.31 0.019  40   0 13:25:35     43579.55854    0.0000  2019/05/25
 2.0000000   4.0000000   29.8338   4873.047 0.043    0.7    0.4 -1.28 0.021  40   1 13:33:10     43579.56380    0.0000  2019/05/25
 2.0000000   4.0000000   30.3221   4873.047 0.043    0.5    0.8 -1.27 0.022  40   0 13:33:59     43579.56436    0.0000  2019/05/25
 2.0000000   4.0000000   30.5662   4873.047 0.054    0.0    1.0 -1.27 0.022  40   0 13:34:43     43579.56487    0.0000  2019/05/25
 2.0000000   4.0000000   30.8103   4873.045 0.050   -2.2    1.3 -1.26 0.022  40   0 13:35:27     43579.56538    0.0000  2019/05/25
 2.0000000   4.0000000   31.0545   4873.044 0.051   -4.9    0.9 -1.26 0.022  40   0 13:36:11     43579.56589    0.0000  2019/05/25
 2.0000000   4.0000000   31.2986   4873.045 0.060   -5.5    0.6 -1.26 0.023  40   0 13:36:55     43579.56640    0.0000  2019/05/25
 2.0000000   4.0000000   31.2986   4873.047 0.044   -5.8    0.4 -1.26 0.023  40   0 13:37:39     43579.56690    0.0000  2019/05/25
 2.0000000   5.0000000   32.0310   4854.933 0.032   -0.1    4.1 -1.21 0.026  40   0 13:48:22     43579.57433    0.0000  2019/05/25
 2.0000000   5.0000000   32.0310   4854.933 0.034    0.3    5.0 -1.20 0.027  40   0 13:49:11     43579.57490    0.0000  2019/05/25
 2.0000000   5.0000000   31.7869   4854.933 0.040    0.7    5.8 -1.19 0.027  40   0 13:49:55     43579.57541    0.0000  2019/05/25
 2.0000000   5.0000000   31.7869   4854.934 0.033    1.6    5.9 -1.19 0.027  40   0 13:50:39     43579.57592    0.0000  2019/05/25
 2.0000000   5.0000000   31.7869   4854.932 0.025    2.3    6.0 -1.19 0.027  40   0 13:51:23     43579.57643    0.0000  2019/05/25
 2.0000000   5.0000000   31.7869   4854.933 0.022    2.8    6.1 -1.19 0.027  40   0 13:52:07     43579.57693    0.0000  2019/05/25
 2.0000000   5.0000000   31.5428   4854.934 0.030    3.1    6.0 -1.19 0.028  40   0 13:52:51     43579.57744    0.0000  2019/05/25
 2.0000000   4.0000000   31.5428   4873.043 0.034   -2.1   -0.7 -1.24 0.030  40   0 14:01:05     43579.58315    0.0000  2019/05/25
 2.0000000   4.0000000   31.5428   4873.046 0.031   -1.2    0.0 -1.24 0.031  40   0 14:01:54     43579.58372    0.0000  2019/05/25
 2.0000000   4.0000000   32.0310   4873.040 0.037    0.4    0.8 -1.24 0.031  40   1 14:02:38     43579.58423    0.0000  2019/05/25
 2.0000000   4.0000000   32.0310   4873.044 0.046    0.8    0.9 -1.24 0.031  40   0 14:03:22     43579.58473    0.0000  2019/05/25
 2.0000000   4.0000000   32.2752   4873.042 0.033   -0.1    1.6 -1.24 0.031  40   4 14:04:06     43579.58524    0.0000  2019/05/25
 2.0000000   4.0000000   32.5193   4873.043 0.057   -1.7    1.7 -1.24 0.031  40   0 14:04:50     43579.58575    0.0000  2019/05/25
 2.0000000   4.0000000   32.5193   4873.043 0.041   -1.5    1.5 -1.24 0.031  40   0 14:05:34     43579.58626    0.0000  2019/05/25
 2.0000000   3.0000000   32.5193   4894.020 0.019   -1.3    1.8 -1.29 0.034  40   1 14:14:27     43579.59242    0.0000  2019/05/25
 2.0000000   3.0000000   32.5193   4894.019 0.024   -0.7    1.8 -1.30 0.034  40   3 14:15:16     43579.59298    0.0000  2019/05/25
 2.0000000   3.0000000   32.2752   4894.018 0.020    0.0    1.6 -1.30 0.035  40   9 14:16:00     43579.59349    0.0000  2019/05/25
 2.0000000   3.0000000   32.2752   4894.021 0.021    0.6    1.6 -1.30 0.035  40   0 14:16:44     43579.59400    0.0000  2019/05/25
 2.0000000   3.0000000   32.2752   4894.022 0.019    1.5    1.7 -1.31 0.035  40   0 14:17:28     43579.59451    0.0000  2019/05/25
 2.0000000   3.0000000   32.2752   4894.020 0.021    2.1    1.5 -1.32 0.035  40   0 14:18:12     43579.59502    0.0000  2019/05/25
 2.0000000   3.0000000   32.0310   4894.020 0.025    2.3    1.2 -1.32 0.036  40   1 14:18:56     43579.59553    0.0000  2019/05/25
 2.0000000   3.0000000   32.0310   4894.021 0.019    2.6    1.1 -1.33 0.036  40   0 14:19:41     43579.59605    0.0000  2019/05/25
 2.0000000   4.0000000   31.7869   4873.081 0.039   -3.8   -0.6 -1.29 0.041  40   0 14:40:26     43579.61043    0.0000  2019/05/25
 2.0000000   4.0000000   32.2752   4873.073 0.031   -6.9   -0.8 -1.27 0.042  40   0 14:41:15     43579.61100    0.0000  2019/05/25
 2.0000000   4.0000000   32.5193   4873.072 0.025   -9.1   -1.7 -1.25 0.042  40   0 14:41:59     43579.61151    0.0000  2019/05/25
 2.0000000   4.0000000   32.7635   4873.070 0.024  -11.6   -1.9 -1.24 0.042  40   0 14:42:43     43579.61202    0.0000  2019/05/25
 2.0000000   4.0000000   33.2517   4873.067 0.021  -13.6   -2.2 -1.23 0.042  40   0 14:43:27     43579.61253    0.0000  2019/05/25
 2.0000000   4.0000000   33.4959   4873.064 0.026  -14.8   -2.6 -1.23 0.043  40   0 14:44:11     43579.61303    0.0000  2019/05/25
 2.0000000   4.0000000   33.7400   4873.063 0.027  -14.5   -2.5 -1.23 0.043  40   0 14:44:55     43579.61354    0.0000  2019/05/25
 2.0000000   4.0000000   33.9842   4873.062 0.027  -13.6   -3.3 -1.23 0.043  40   0 14:45:40     43579.61406    0.0000  2019/05/25
 2.0000000   4.0000000   34.2283   4873.068 0.034    0.9   -1.8 -1.25 0.043  40   0 14:47:07     43579.61507    0.0000  2019/05/25
 2.0000000   4.0000000   34.7166   4873.061 0.039    2.0   -2.5 -1.25 0.044  40   0 14:47:56     43579.61563    0.0000  2019/05/25
 2.0000000   4.0000000   34.7166   4873.057 0.038    3.0   -3.3 -1.26 0.044  40   0 14:48:40     43579.61614    0.0000  2019/05/25
 2.0000000   4.0000000   34.7166   4873.093 0.038    3.6   -4.0 -1.27 0.044  40   5 14:49:24     43579.61665    0.0000  2019/05/25
 2.0000000   4.0000000   34.9607   4873.058 0.042    3.6   -3.9 -1.28 0.044  40   0 14:50:08     43579.61716    0.0000  2019/05/25
 2.0000000   4.0000000   34.9607   4873.059 0.069    2.4   -1.9 -1.29 0.044  40   1 14:50:52     43579.61767    0.0000  2019/05/25
 2.0000000   4.0000000   34.9607   4873.057 0.049    2.4   -0.5 -1.30 0.044  40   0 14:51:36     43579.61818    0.0000  2019/05/25
 2.0000000   4.0000000   34.9607   4873.057 0.041    2.1   -0.2 -1.32 0.045  40   0 14:52:21     43579.61870    0.0000  2019/05/25
 2.0000000   3.0000000   34.9607   4894.044 0.047   -2.6   -0.1 -1.34 0.047  40   1 14:59:35     43579.62371    0.0000  2019/05/25
 2.0000000   3.0000000   34.7166   4894.041 0.027   -1.5    0.8 -1.34 0.047  40   0 15:00:24     43579.62428    0.0000  2019/05/25
 2.0000000   3.0000000   34.9607   4894.043 0.028   -0.9    1.0 -1.33 0.047  40   0 15:01:08     43579.62479    0.0000  2019/05/25
 2.0000000   3.0000000   34.7166   4894.036 0.020   -0.8    0.8 -1.33 0.047  40   0 15:01:52     43579.62529    0.0000  2019/05/25
 2.0000000   3.0000000   34.7166   4894.033 0.027    0.0    0.5 -1.33 0.047  40   1 15:02:36     43579.62580    0.0000  2019/05/25
 2.0000000   3.0000000   34.4724   4894.034 0.030    0.0    0.0 -1.33 0.047  40   0 15:03:20     43579.62631    0.0000  2019/05/25
 2.0000000   3.0000000   34.2283   4894.033 0.018    0.0   -0.4 -1.33 0.048  40   0 15:04:04     43579.62682    0.0000  2019/05/25
 2.0000000   3.0000000   34.2283   4894.032 0.029    0.4   -0.5 -1.33 0.048  40   0 15:04:49     43579.62734    0.0000  2019/05/25
 2.0000000   3.0000000   33.9842   4894.055 0.019    1.4   -1.5 -1.34 0.048  40   0 15:06:08     43579.62825    0.0000  2019/05/25
 2.0000000   3.0000000   33.7400   4894.050 0.021    1.5   -1.4 -1.35 0.048  40   0 15:06:57     43579.62882    0.0000  2019/05/25
 2.0000000   3.0000000   33.7400   4894.047 0.019    1.4   -1.5 -1.35 0.048  40   1 15:07:41     43579.62933    0.0000  2019/05/25
 2.0000000   3.0000000   33.7400   4894.045 0.026    1.2   -1.3 -1.36 0.048  40   0 15:08:25     43579.62984    0.0000  2019/05/25
 2.0000000   3.0000000   33.4959   4894.044 0.018    0.8   -1.7 -1.37 0.049  40   0 15:09:09     43579.63034    0.0000  2019/05/25
 2.0000000   3.0000000   33.4959   4894.042 0.026    0.5   -1.9 -1.37 0.049  40   2 15:09:53     43579.63085    0.0000  2019/05/25
 2.0000000   3.0000000   33.4959   4894.039 0.031    0.3   -2.4 -1.38 0.049  40   0 15:10:37     43579.63136    0.0000  2019/05/25
 2.0000000   3.0000000   33.4959   4894.040 0.026    0.0   -2.9 -1.39 0.049  40   0 15:11:22     43579.63188    0.0000  2019/05/25
 2.0000000   2.0999999   33.2517   4905.828 0.022    0.3    2.7 -1.38 0.051  40   0 15:18:01     43579.63649    0.0000  2019/05/25
 2.0000000   2.0999999   33.4959   4905.823 0.017    0.7    2.8 -1.38 0.051  40   2 15:18:50     43579.63706    0.0000  2019/05/25
 2.0000000   2.0999999   33.2517   4905.816 0.020    0.7    2.7 -1.38 0.051  40   0 15:19:34     43579.63757    0.0000  2019/05/25
 2.0000000   2.0999999   33.2517   4905.812 0.023    1.0    2.6 -1.37 0.051  40   1 15:20:18     43579.63807    0.0000  2019/05/25
 2.0000000   2.0999999   33.0076   4905.811 0.020    1.1    2.3 -1.37 0.051  40   0 15:21:02     43579.63858    0.0000  2019/05/25
 2.0000000   2.0999999   33.2517   4905.807 0.014    1.3    2.0 -1.37 0.052  40   0 15:21:46     43579.63909    0.0000  2019/05/25
 2.0000000   2.0999999   33.0076   4905.805 0.015    1.2    1.8 -1.37 0.052  40   0 15:22:30     43579.63960    0.0000  2019/05/25
 2.0000000   2.0999999   33.0076   4905.801 0.017    1.0    1.7 -1.37 0.052  40   0 15:23:14     43579.64011    0.0000  2019/05/25
 2.0000000   2.0999999   33.0076   4905.799 0.014    0.8    1.5 -1.37 0.052  40   0 15:23:58     43579.64062    0.0000  2019/05/25
 2.0000000   2.0999999   33.0076   4905.798 0.021    0.7    1.4 -1.38 0.052  40   1 15:24:42     43579.64113    0.0000  2019/05/25
 2.0000000   2.0999999   33.0076   4905.795 0.016    0.7    1.3 -1.38 0.052  40   1 15:25:26     43579.64163    0.0000  2019/05/25
 2.0000000   2.0999999   33.0076   4905.794 0.014    0.4    1.2 -1.38 0.052  40   0 15:26:10     43579.64214    0.0000  2019/05/25
 2.0000000   2.0999999   32.7635   4905.794 0.015    0.2    1.0 -1.39 0.053  40   0 15:26:54     43579.64265    0.0000  2019/05/25
 2.0000000   2.0999999   32.5193   4905.793 0.018    0.0    0.9 -1.39 0.053  40   0 15:27:38     43579.64316    0.0000  2019/05/25
 2.0000000   2.0999999   32.5193   4905.790 0.037    0.1    0.9 -1.40 0.053  40   0 15:28:22     43579.64367    0.0000  2019/05/25
 2.0000000   2.0999999   32.5193   4905.789 0.033    0.8    0.9 -1.40 0.053  40   1 15:29:06     43579.64418    0.0000  2019/05/25
 2.0000000   3.0000000   32.5193   4894.051 0.031    2.1    1.9 -1.36 0.054  40   2 15:36:58     43579.64963    0.0000  2019/05/25
 2.0000000   3.0000000   32.5193   4894.049 0.025    2.8    2.4 -1.35 0.055  40   0 15:37:47     43579.65020    0.0000  2019/05/25
 2.0000000   3.0000000   32.5193   4894.045 0.034    3.0    2.2 -1.34 0.055  40   0 15:38:31     43579.65070    0.0000  2019/05/25
 2.0000000   3.0000000   32.5193   4894.043 0.027    3.6    2.0 -1.33 0.055  40   1 15:39:15     43579.65121    0.0000  2019/05/25
 2.0000000   3.0000000   32.2752   4894.042 0.023    3.5    1.6 -1.33 0.055  40   0 15:39:59     43579.65172    0.0000  2019/05/25
 2.0000000   3.0000000   32.2752   4894.042 0.036    3.7    1.3 -1.32 0.055  40   2 15:40:43     43579.65223    0.0000  2019/05/25
 2.0000000   3.0000000   32.5193   4894.040 0.032    3.7    1.0 -1.32 0.055  40   0 15:41:27     43579.65274    0.0000  2019/05/25
 2.0000000   3.0000000   32.2752   4894.039 0.056    3.7    0.8 -1.32 0.055  40   0 15:42:11     43579.65325    0.0000  2019/05/25
 2.0000000   3.0000000   32.2752   4894.037 0.027    3.5    0.8 -1.32 0.056  40   0 15:42:55     43579.65376    0.0000  2019/05/25
 2.0000000   2.0999999   32.5193   4905.773 0.026    0.2    0.8 -1.32 0.057  40   0 15:49:08     43579.65807    0.0000  2019/05/25
 2.0000000   2.0999999   32.5193   4905.769 0.036    0.2    1.7 -1.32 0.057  40   0 15:49:57     43579.65863    0.0000  2019/05/25
 2.0000000   2.0999999   32.5193   4905.767 0.015    0.5    1.8 -1.32 0.057  40   0 15:50:42     43579.65915    0.0000  2019/05/25
 2.0000000   2.0999999   32.5193   4905.767 0.035    0.4    1.7 -1.31 0.057  40   0 15:51:26     43579.65966    0.0000  2019/05/25
 2.0000000   2.0999999   32.2752   4905.765 0.053    0.4    1.3 -1.31 0.057  40   0 15:52:10     43579.66017    0.0000  2019/05/25
 2.0000000   2.0999999   32.2752   4905.729 0.118    0.3    1.0 -1.31 0.057  40   3 15:52:54     43579.66068    0.0000  2019/05/25
 2.0000000   2.0999999   32.2752   4905.762 0.044    0.2    0.7 -1.31 0.057  40   3 15:53:38     43579.66119    0.0000  2019/05/25
 2.0000000   2.0999999   32.2752   4905.764 0.030   -0.2    0.4 -1.32 0.057  40   0 15:54:22     43579.66169    0.0000  2019/05/25
 2.0000000   2.0999999   32.2752   4905.762 0.028   -0.3    0.3 -1.32 0.057  40   1 15:55:06     43579.66220    0.0000  2019/05/25
 2.0000000   2.0999999   32.2752   4905.756 0.032   -0.7    0.1 -1.32 0.058  40   0 15:55:50     43579.66271    0.0000  2019/05/25
 2.0000000   2.0999999   32.2752   4905.762 0.027   -1.2    0.0 -1.33 0.058  40   0 15:56:34     43579.66322    0.0000  2019/05/25
 2.0000000   2.0999999   32.0310   4905.762 0.024   -1.6   -0.1 -1.33 0.058  40   0 15:57:18     43579.66373    0.0000  2019/05/25
 2.0000000   2.0000000   32.0310   4917.660 0.049    2.4    4.3 -1.30 0.059  40   0 16:06:48     43579.67031    0.0000  2019/05/25
 2.0000000   2.0000000   32.0310   4917.656 0.035    3.0    4.8 -1.28 0.059  40   0 16:07:37     43579.67088    0.0000  2019/05/25
 2.0000000   2.0000000   32.0310   4917.656 0.046    3.6    5.2 -1.27 0.059  40   0 16:08:21     43579.67139    0.0000  2019/05/25
 2.0000000   2.0000000   32.2752   4917.656 0.022    3.6    5.1 -1.25 0.059  40   0 16:09:05     43579.67190    0.0000  2019/05/25
 2.0000000   2.0000000   32.0310   4917.656 0.021    3.8    4.9 -1.25 0.059  40   0 16:09:49     43579.67241    0.0000  2019/05/25
 2.0000000   2.0000000   32.0310   4917.654 0.020    3.9    4.7 -1.24 0.059  40   0 16:10:33     43579.67291    0.0000  2019/05/25
 2.0000000   2.0000000   31.7869   4917.653 0.015    4.1    4.9 -1.24 0.060  40   0 16:11:17     43579.67342    0.0000  2019/05/25
 2.0000000   2.0000000   31.5428   4917.656 0.017    4.4    4.8 -1.24 0.060  40   3 16:12:01     43579.67393    0.0000  2019/05/25
 2.0000000   2.0999999   32.0310   4905.765 0.046    2.9   -1.2 -1.28 0.061  40   1 16:19:44     43579.67928    0.0000  2019/05/25
 2.0000000   2.0999999   31.7869   4905.760 0.039    3.6   -0.5 -1.28 0.061  40   0 16:20:34     43579.67986    0.0000  2019/05/25
 2.0000000   2.0999999   32.0310   4905.760 0.060    4.1   -0.5 -1.28 0.061  40   0 16:21:18     43579.68037    0.0000  2019/05/25
 2.0000000   2.0999999   32.0310   4905.761 0.093    3.9   -0.6 -1.28 0.061  40   0 16:22:02     43579.68088    0.0000  2019/05/25
 2.0000000   2.0999999   32.0310   4905.754 0.076    3.6   -0.4 -1.28 0.061  40   0 16:22:46     43579.68138    0.0000  2019/05/25
 2.0000000   2.0999999   32.0310   4905.756 0.038    2.7   -0.7 -1.28 0.061  40   0 16:23:30     43579.68189    0.0000  2019/05/25
 2.0000000   2.0999999   32.0310   4905.759 0.042    2.3   -0.6 -1.28 0.061  40   0 16:24:14     43579.68240    0.0000  2019/05/25
 2.0000000   2.0999999   32.0310   4905.763 0.059    2.2   -1.1 -1.28 0.061  40   0 16:24:58     43579.68291    0.0000  2019/05/25
 2.0000000   2.0999999   32.2752   4905.758 0.039    1.8   -1.3 -1.29 0.061  40   1 16:25:42     43579.68342    0.0000  2019/05/25
 2.0000000   2.0000000   32.5193   4917.656 0.043   -0.1    2.5 -1.28 0.062  40   0 16:32:55     43579.68842    0.0000  2019/05/25
 2.0000000   2.0000000   32.5193   4917.656 0.053    0.4    3.6 -1.28 0.062  40   0 16:33:44     43579.68899    0.0000  2019/05/25
 2.0000000   2.0000000   32.7635   4917.655 0.021    0.6    3.8 -1.28 0.062  40   2 16:34:28     43579.68950    0.0000  2019/05/25
 2.0000000   2.0000000   32.5193   4917.654 0.015    1.0    3.8 -1.27 0.062  40   0 16:35:12     43579.69001    0.0000  2019/05/25
 2.0000000   2.0000000   32.5193   4917.654 0.012    1.0    3.6 -1.27 0.062  40   0 16:35:56     43579.69051    0.0000  2019/05/25
 2.0000000   2.0000000   32.5193   4917.651 0.017    1.4    3.5 -1.27 0.062  40   2 16:36:40     43579.69102    0.0000  2019/05/25
 2.0000000   2.0000000   32.5193   4917.653 0.013    1.7    3.4 -1.27 0.062  40   0 16:37:24     43579.69153    0.0000  2019/05/25
 2.0000000   1.0000000   31.7869   4935.746 0.024    2.2   -3.5 -1.28 0.062  40   0 16:49:12     43579.69971    0.0000  2019/05/25
 2.0000000   1.0000000   32.0310   4935.750 0.028    5.1   -3.2 -1.28 0.062  40   0 16:50:01     43579.70028    0.0000  2019/05/25
 2.0000000   1.0000000   31.7869   4935.745 0.022    6.6   -2.2 -1.28 0.062  40   1 16:50:45     43579.70079    0.0000  2019/05/25
 2.0000000   1.0000000   31.5428   4935.747 0.023    8.4   -3.3 -1.28 0.062  40   0 16:51:29     43579.70130    0.0000  2019/05/25
 2.0000000   1.0000000   31.5428   4935.748 0.026    9.2   -3.2 -1.28 0.063  40   2 16:52:13     43579.70180    0.0000  2019/05/25
 2.0000000   1.0000000   31.5428   4935.748 0.026    9.8   -3.8 -1.28 0.063  40   0 16:52:57     43579.70231    0.0000  2019/05/25
 2.0000000   1.0000000   31.5428   4935.741 0.018   11.3   -4.6 -1.29 0.063  40   0 16:53:41     43579.70282    0.0000  2019/05/25
 2.0000000   1.0000000   31.5428   4935.740 0.011   11.8   -5.0 -1.29 0.063  40   0 16:54:25     43579.70333    0.0000  2019/05/25
 2.0000000   2.0000000   32.0310   4917.650 0.030    1.8    1.6 -1.27 0.063  40  11 17:06:30     43579.71171    0.0000  2019/05/25
 2.0000000   2.0000000   31.7869   4917.648 0.019    2.3    2.4 -1.26 0.063  40   6 17:07:19     43579.71227    0.0000  2019/05/25
 2.0000000   2.0000000   31.7869   4917.649 0.016    2.6    2.6 -1.26 0.063  40   0 17:08:03     43579.71278    0.0000  2019/05/25
 2.0000000   2.0000000   32.0310   4917.650 0.014    3.1    2.5 -1.25 0.063  40   0 17:08:47     43579.71329    0.0000  2019/05/25
 2.0000000   2.0000000   31.7869   4917.649 0.018    3.4    2.2 -1.25 0.063  40   2 17:09:31     43579.71380    0.0000  2019/05/25
 2.0000000   2.0000000   31.5428   4917.647 0.014    3.7    2.2 -1.25 0.063  40   1 17:10:15     43579.71431    0.0000  2019/05/25
 2.0000000  10.0000000   31.0545   4916.139 0.060    1.3    2.1 -1.24 0.062  40   0 17:21:48     43579.72231    0.0000  2019/05/25
 2.0000000  10.0000000   31.0545   4916.138 0.034    2.0    2.8 -1.24 0.062  40   1 17:22:37     43579.72288    0.0000  2019/05/25
 2.0000000  10.0000000   31.2986   4916.138 0.027    2.7    2.9 -1.23 0.062  40   0 17:23:21     43579.72339    0.0000  2019/05/25
 2.0000000  10.0000000   31.0545   4916.137 0.030    2.8    2.6 -1.24 0.062  40   1 17:24:05     43579.72390    0.0000  2019/05/25
 2.0000000  10.0000000   31.0545   4916.139 0.019    3.0    2.3 -1.24 0.062  40   0 17:24:49     43579.72441    0.0000  2019/05/25
 2.0000000  10.0000000   30.8103   4916.138 0.017    3.1    2.1 -1.24 0.062  40   0 17:25:33     43579.72491    0.0000  2019/05/25