/		CG-6 Survey
/		Survey Name:	MAIN-ZVEB-MEN3
/		Instrument Serial Number:	000000022090470
/		Created:	2023-04-20 05:18:30
/
/		CG-6 Calibration
/		Operator:	EACH
/		Gcal1 [mGal]:	7941.208000
/		Goff [ADU]:	-8388608.000000
/		Gref [mGal]:	0.0000
/		X Scale [arc-sec/ADU]:	0.031193
/		Y Scale [arc-sec/ADU]:	0.030978
/		X Offset [ADU]:	-38727.250535
/		Y Offset [ADU]:	-43473.881294
/		Temperature Coefficient [mGal/mK]:	-0.125000
/		Temperature Scale [mK/ADU]:	-0.000111
/		Drift Rate [mGal/day]:	0.011500
/		Drift Zero Time:	2022-09-14 11:11:53
/		Firmware Version:	CG6_2_20220815
/
/Station	Date	Time	CorrGrav	Line	StdDev	StdErr	RawGrav	X	Y	SensorTemp	TideCorr	TiltCorr	TempCorr	DriftCorr	MeasurDur	InstrHeight	LatUser	LonUser	ElevUser	LatGPS	LonGPS	ElevGPS	Corrections[drift-temp-na-tide-tilt]
3	2023-05-03	05:01:41	5589.1001	4	0.0213	0.0027	5591.6465	2.4	-0.5	1.0845	-0.0286	0.0001	0.1356	-2.6535	60	0.000	55.800000	37.500000	179.70	--	--	--	11011
3	2023-05-03	05:02:41	5589.1007	4	0.0268	0.0035	5591.6467	3.0	-0.9	1.0823	-0.0282	0.0003	0.1354	-2.6535	60	0.000	55.800000	37.500000	179.70	--	--	--	11011
3	2023-05-03	05:03:41	5589.1011	4	0.0275	0.0035	5591.6470	3.5	0.1	1.0764	-0.0277	0.0003	0.1352	-2.6536	60	0.000	55.800000	37.500000	179.70	--	--	--	11011
3	2023-05-03	05:04:41	5589.1014	4	0.0167	0.0021	5591.6469	4.2	0.7	1.0831	-0.0273	0.0003	0.1351	-2.6536	60	0.000	55.800000	37.500000	179.70	--	--	--	11011
3	2023-05-03	05:05:41	5589.0998	4	0.0301	0.0039	5591.6447	3.6	0.5	1.0804	-0.0269	0.0003	0.1352	-2.6536	60	0.000	55.800000	37.500000	179.70	--	--	--	11011
3	2023-05-03	05:06:41	5589.1010	4	0.0268	0.0035	5591.6459	1.5	0.2	1.0716	-0.0264	0.0001	0.1350	-2.6536	60	0.000	55.800000	37.500000	179.70	--	--	--	11011
3	2023-05-03	05:07:41	5589.1007	4	0.0200	0.0026	5591.6454	0.5	-1.3	1.0753	-0.0260	0.0001	0.1348	-2.6536	60	0.000	55.800000	37.500000	179.70	--	--	--	11011
3	2023-05-03	05:08:41	5589.1016	4	0.0202	0.0026	5591.6459	1.5	0.2	1.0779	-0.0256	0.0001	0.1348	-2.6536	60	0.000	55.800000	37.500000	179.70	--	--	--	11011
3	2023-05-03	05:09:41	5589.1002	4	0.0283	0.0037	5591.6440	3.7	-0.8	1.0746	-0.0252	0.0002	0.1347	-2.6536	60	0.000	55.800000	37.500000	179.70	--	--	--	11011
3	2023-05-03	05:10:41	5589.1013	4	0.0190	0.0025	5591.6448	2.1	0.8	1.0815	-0.0247	0.0001	0.1347	-2.6536	60	0.000	55.800000	37.500000	179.70	--	--	--	11011
3	2023-05-03	05:11:41	5589.1023	4	0.0293	0.0038	5591.6456	1.1	-1.3	1.0756	-0.0243	0.0001	0.1345	-2.6536	60	0.000	55.800000	37.500000	179.70	--	--	--	11011
3	2023-05-03	05:12:41	5589.1015	4	0.0258	0.0033	5591.6442	3.9	0.4	1.0758	-0.0239	0.0003	0.1344	-2.6536	60	0.000	55.800000	37.500000	179.70	--	--	--	11011
3	2023-05-03	05:13:41	5589.1004	4	0.0187	0.0024	5591.6429	1.5	1.2	1.0839	-0.0234	0.0002	0.1344	-2.6536	60	0.000	55.800000	37.500000	179.70	--	--	--	11011
3	2023-05-03	05:14:41	5589.1013	4	0.0288	0.0037	5591.6434	2.3	0.4	1.0715	-0.0230	0.0002	0.1344	-2.6536	60	0.000	55.800000	37.500000	179.70	--	--	--	11011
3	2023-05-03	05:15:41	5589.1018	4	0.0229	0.0030	5591.6436	2.1	-0.6	1.0748	-0.0226	0.0001	0.1344	-2.6537	60	0.000	55.800000	37.500000	179.70	--	--	--	11011
3	2023-05-03	05:16:41	5589.1002	4	0.0256	0.0033	5591.6416	0.8	0.2	1.0758	-0.0222	0.0001	0.1343	-2.6537	60	0.000	55.800000	37.500000	179.70	--	--	--	11011
3	2023-05-03	05:17:41	5589.1007	4	0.0181	0.0023	5591.6414	2.2	3.0	1.0753	-0.0217	0.0003	0.1344	-2.6537	60	0.000	55.800000	37.500000	179.70	--	--	--	11011
3	2023-05-03	05:18:41	5589.1014	4	0.0231	0.0030	5591.6416	2.0	4.7	1.0703	-0.0213	0.0004	0.1344	-2.6537	60	0.000	55.800000	37.500000	179.70	--	--	--	11011
3	2023-05-03	05:19:41	5589.1004	4	0.0197	0.0025	5591.6403	3.1	4.6	1.0714	-0.0209	0.0004	0.1343	-2.6537	60	0.000	55.800000	37.500000	179.70	--	--	--	11011
3	2023-05-03	05:20:41	5589.1022	4	0.0302	0.0039	5591.6418	4.0	4.0	1.0687	-0.0205	0.0003	0.1343	-2.6537	60	0.000	55.800000	37.500000	179.70	--	--	--	11011
3	2023-05-03	05:21:41	5589.1022	4	0.0173	0.0022	5591.6416	2.5	2.4	1.0660	-0.0200	0.0002	0.1342	-2.6537	60	0.000	55.800000	37.500000	179.70	--	--	--	11011
3	2023-05-03	05:22:41	5589.1013	4	0.0277	0.0036	5591.6402	0.6	1.7	1.0735	-0.0196	0.0002	0.1343	-2.6537	60	0.000	55.800000	37.500000	179.70	--	--	--	11011
3	2023-05-03	05:23:41	5589.1011	4	0.0228	0.0029	5591.6398	2.3	0.6	1.0790	-0.0192	0.0001	0.1341	-2.6537	60	0.000	55.800000	37.500000	179.70	--	--	--	11011
3	2023-05-03	05:24:41	5589.1022	4	0.0198	0.0026	5591.6403	2.7	-0.0	1.0693	-0.0188	0.0002	0.1342	-2.6537	60	0.000	55.800000	37.500000	179.70	--	--	--	11011
3	2023-05-03	05:25:41	5589.1004	4	0.0214	0.0028	5591.6381	4.1	0.0	1.0686	-0.0184	0.0003	0.1341	-2.6537	60	0.000	55.800000	37.500000	179.70	--	--	--	11011
3	2023-05-03	05:26:41	5589.1008	4	0.0263	0.0034	5591.6381	2.3	0.4	1.0741	-0.0179	0.0001	0.1342	-2.6537	60	0.000	55.800000	37.500000	179.70	--	--	--	11011
3	2023-05-03	05:27:41	5589.1009	4	0.0216	0.0028	5591.6380	1.6	0.7	1.0795	-0.0175	0.0001	0.1341	-2.6537	60	0.000	55.800000	37.500000	179.70	--	--	--	11011
3	2023-05-03	05:28:41	5589.1002	4	0.0234	0.0030	5591.6368	3.1	0.3	1.0733	-0.0171	0.0002	0.1341	-2.6538	60	0.000	55.800000	37.500000	179.70	--	--	--	11011
3	2023-05-03	05:29:41	5589.1008	4	0.0246	0.0032	5591.6369	5.1	-0.6	1.0728	-0.0167	0.0003	0.1340	-2.6538	60	0.000	55.800000	37.500000	179.70	--	--	--	11011
3	2023-05-03	05:30:41	5589.1018	4	0.0293	0.0038	5591.6372	7.3	-0.4	1.0767	-0.0163	0.0008	0.1338	-2.6538	60	0.000	55.800000	37.500000	179.70	--	--	--	11011
3	2023-05-03	05:31:41	5589.1017	4	0.0226	0.0029	5591.6369	4.7	-2.2	1.0694	-0.0159	0.0004	0.1340	-2.6538	60	0.000	55.800000	37.500000	179.70	--	--	--	11011
3	2023-05-03	05:32:41	5589.1034	4	0.0191	0.0025	5591.6384	4.3	-0.2	1.0711	-0.0154	0.0003	0.1339	-2.6538	60	0.000	55.800000	37.500000	179.70	--	--	--	11011
3	2023-05-03	05:33:41	5589.1034	4	0.0189	0.0024	5591.6380	4.4	-0.0	1.0691	-0.0150	0.0003	0.1339	-2.6538	60	0.000	55.800000	37.500000	179.70	--	--	--	11011
3	2023-05-03	05:34:41	5589.1029	4	0.0308	0.0040	5591.6372	3.6	-1.4	1.0751	-0.0146	0.0002	0.1339	-2.6538	60	0.000	55.800000	37.500000	179.70	--	--	--	11011
3	2023-05-03	05:35:41	5589.1012	4	0.0239	0.0031	5591.6351	4.2	-1.8	1.0671	-0.0142	0.0003	0.1338	-2.6538	60	0.000	55.800000	37.500000	179.70	--	--	--	11011
3	2023-05-03	05:36:41	5589.1025	4	0.0213	0.0027	5591.6361	3.0	-2.1	1.0661	-0.0138	0.0003	0.1337	-2.6538	60	0.000	55.800000	37.500000	179.70	--	--	--	11011
3	2023-05-03	05:37:41	5589.1017	4	0.0181	0.0023	5591.6349	4.3	-2.3	1.0696	-0.0134	0.0004	0.1337	-2.6538	60	0.000	55.800000	37.500000	179.70	--	--	--	11011
3	2023-05-03	05:38:41	5589.1028	4	0.0212	0.0027	5591.6354	3.6	-2.0	1.0771	-0.0130	0.0003	0.1339	-2.6538	60	0.000	55.800000	37.500000	179.70	--	--	--	11011
3	2023-05-03	05:39:41	5589.1016	4	0.0256	0.0033	5591.6340	3.4	-0.5	1.0716	-0.0126	0.0002	0.1338	-2.6538	60	0.000	55.800000	37.500000	179.70	--	--	--	11011
3	2023-05-03	05:40:41	5589.1016	4	0.0248	0.0032	5591.6337	2.1	1.0	1.0667	-0.0121	0.0002	0.1337	-2.6539	60	0.000	55.800000	37.500000	179.70	--	--	--	11011
3	2023-05-03	05:41:41	5589.1015	4	0.0299	0.0039	5591.6329	3.8	1.2	1.0646	-0.0117	0.0005	0.1337	-2.6539	60	0.000	55.800000	37.500000	179.70	--	--	--	11011
3	2023-05-03	05:42:41	5589.1013	4	0.0284	0.0037	5591.6325	3.2	-0.4	1.0680	-0.0113	0.0002	0.1338	-2.6539	60	0.000	55.800000	37.500000	179.70	--	--	--	11011
3	2023-05-03	05:43:41	5589.1026	4	0.0161	0.0021	5591.6331	4.9	0.7	1.0736	-0.0109	0.0004	0.1339	-2.6539	60	0.000	55.800000	37.500000	179.70	--	--	--	11011
3	2023-05-03	05:44:41	5589.1014	4	0.0217	0.0028	5591.6318	5.3	1.9	1.0752	-0.0105	0.0005	0.1336	-2.6539	60	0.000	55.800000	37.500000	179.70	--	--	--	11011
3	2023-05-03	05:45:41	5589.1005	4	0.0254	0.0033	5591.6304	4.8	2.1	1.0703	-0.0101	0.0005	0.1336	-2.6539	60	0.000	55.800000	37.500000	179.70	--	--	--	11011
3	2023-05-03	05:46:41	5589.1022	4	0.0247	0.0032	5591.6318	4.0	0.7	1.0692	-0.0097	0.0002	0.1338	-2.6539	60	0.000	55.800000	37.500000	179.70	--	--	--	11011
3	2023-05-03	05:47:41	5589.1007	4	0.0312	0.0040	5591.6300	4.0	1.0	1.0771	-0.0093	0.0003	0.1337	-2.6539	60	0.000	55.800000	37.500000	179.70	--	--	--	11011
3	2023-05-03	05:48:41	5589.1017	4	0.0250	0.0032	5591.6305	4.4	0.4	1.0718	-0.0089	0.0003	0.1338	-2.6539	60	0.000	55.800000	37.500000	179.70	--	--	--	11011
3	2023-05-03	05:49:41	5589.1011	4	0.0265	0.0034	5591.6295	3.7	-0.7	1.0631	-0.0085	0.0002	0.1338	-2.6539	60	0.000	55.800000	37.500000	179.70	--	--	--	11011
3	2023-05-03	05:50:41	5589.1013	4	0.0236	0.0030	5591.6294	4.0	-1.5	1.0691	-0.0081	0.0003	0.1337	-2.6539	60	0.000	55.800000	37.500000	179.70	--	--	--	11011
3	2023-05-03	05:51:41	5589.1005	4	0.0326	0.0042	5591.6279	4.7	-2.3	1.0640	-0.0077	0.0006	0.1337	-2.6539	60	0.000	55.800000	37.500000	179.70	--	--	--	11011
3	2023-05-03	05:52:41	5589.0993	4	0.0228	0.0029	5591.6266	5.5	-0.4	1.0659	-0.0073	0.0005	0.1335	-2.6539	60	0.000	55.800000	37.500000	179.70	--	--	--	11011
3	2023-05-03	05:53:41	5589.1009	4	0.0165	0.0021	5591.6279	3.5	0.3	1.0646	-0.0070	0.0002	0.1337	-2.6540	60	0.000	55.800000	37.500000	179.70	--	--	--	11011
3	2023-05-03	05:54:41	5589.1000	4	0.0129	0.0017	5591.6269	3.3	1.5	1.0725	-0.0066	0.0002	0.1335	-2.6540	60	0.000	55.800000	37.500000	179.70	--	--	--	11011
3	2023-05-03	05:55:41	5589.1003	4	0.0183	0.0024	5591.6265	4.0	1.3	1.0639	-0.0062	0.0002	0.1336	-2.6540	60	0.000	55.800000	37.500000	179.70	--	--	--	11011
3	2023-05-03	05:56:41	5589.1009	4	0.0296	0.0038	5591.6267	4.8	3.0	1.0700	-0.0058	0.0005	0.1335	-2.6540	60	0.000	55.800000	37.500000	179.70	--	--	--	11011
3	2023-05-03	05:57:41	5589.0998	4	0.0231	0.0030	5591.6252	4.2	3.9	1.0604	-0.0054	0.0004	0.1337	-2.6540	60	0.000	55.800000	37.500000	179.70	--	--	--	11011
3	2023-05-03	05:58:41	5589.1004	4	0.0282	0.0036	5591.6253	2.5	5.1	1.0632	-0.0050	0.0005	0.1335	-2.6540	60	0.000	55.800000	37.500000	179.70	--	--	--	11011
3	2023-05-03	05:59:41	5589.1008	4	0.0196	0.0025	5591.6257	4.0	1.6	1.0713	-0.0046	0.0003	0.1335	-2.6540	60	0.000	55.800000	37.500000	179.70	--	--	--	11011
3	2023-05-03	06:00:41	5589.0989	4	0.0195	0.0025	5591.6233	4.7	2.4	1.0702	-0.0042	0.0003	0.1336	-2.6540	60	0.000	55.800000	37.500000	179.70	--	--	--	11011
23	2023-05-03	07:47:01	5566.4977	4	0.0281	0.0036	5568.9883	3.2	-1.6	1.1218	0.0239	0.0002	0.1402	-2.6549	60	0.000	55.800000	37.500000	179.70	55.699463	36.757645	184.9	11011
23	2023-05-03	07:48:01	5566.4957	4	0.0216	0.0028	5568.9868	1.8	-1.6	1.1190	0.0240	0.0001	0.1396	-2.6549	60	0.000	55.800000	37.500000	179.70	55.699932	36.757542	192.8	11011
23	2023-05-03	07:49:01	5566.4973	4	0.0326	0.0042	5568.9887	2.1	-0.8	1.1060	0.0241	0.0001	0.1393	-2.6549	60	0.000	55.800000	37.500000	179.70	--	--	--	11011
23	2023-05-03	07:50:01	5566.4957	4	0.0253	0.0033	5568.9875	3.1	0.2	1.1073	0.0242	0.0002	0.1386	-2.6549	60	0.000	55.800000	37.500000	179.70	55.699608	36.757725	187.0	11011
23	2023-05-03	07:51:01	5566.4969	4	0.0268	0.0035	5568.9891	2.4	-1.2	1.1052	0.0243	0.0001	0.1383	-2.6549	60	0.000	55.800000	37.500000	179.70	55.699501	36.757656	185.9	11011
23	2023-05-03	07:52:01	5566.4965	4	0.0365	0.0047	5568.9890	0.8	-1.6	1.1058	0.0244	0.0001	0.1379	-2.6549	60	0.000	55.800000	37.500000	179.70	--	--	--	11011
23	2023-05-03	07:53:01	5566.4971	4	0.0315	0.0041	5568.9899	-0.6	-1.3	1.1020	0.0245	0.0001	0.1375	-2.6549	60	0.000	55.800000	37.500000	179.70	55.699551	36.757610	234.3	11011
23	2023-05-03	07:54:01	5566.4971	4	0.0278	0.0036	5568.9900	0.2	-1.1	1.0947	0.0246	0.0001	0.1373	-2.6549	60	0.000	55.800000	37.500000	179.70	55.699493	36.757713	186.9	11011
23	2023-05-03	07:55:01	5566.4961	4	0.0227	0.0029	5568.9893	1.0	-2.4	1.0948	0.0247	0.0002	0.1368	-2.6549	60	0.000	55.800000	37.500000	179.70	55.699432	36.757771	185.7	11011
23	2023-05-03	07:56:01	5566.4972	4	0.0202	0.0026	5568.9906	1.8	-1.0	1.0907	0.0248	0.0001	0.1366	-2.6549	60	0.000	55.800000	37.500000	179.70	55.699463	36.757744	183.3	11011
23	2023-05-03	07:57:01	5566.4981	4	0.0352	0.0045	5568.9918	1.1	0.1	1.0860	0.0249	0.0001	0.1363	-2.6549	60	0.000	55.800000	37.500000	179.70	55.699299	36.757782	182.0	11011
23	2023-05-03	07:58:01	5566.4968	4	0.0275	0.0035	5568.9906	2.3	0.3	1.0827	0.0250	0.0001	0.1360	-2.6549	60	0.000	55.800000	37.500000	179.70	55.699284	36.757778	182.7	11011
23	2023-05-03	07:59:01	5566.4980	4	0.0218	0.0028	5568.9922	1.5	0.6	1.0850	0.0251	0.0001	0.1356	-2.6550	60	0.000	55.800000	37.500000	179.70	55.699432	36.757790	182.9	11011
23	2023-05-03	08:00:01	5566.4982	4	0.0314	0.0041	5568.9924	1.2	2.4	1.0805	0.0251	0.0001	0.1355	-2.6550	60	0.000	55.800000	37.500000	179.70	55.699512	36.757675	194.4	11011
23	2023-05-03	08:01:01	5566.4996	4	0.0354	0.0046	5568.9937	2.4	3.5	1.0800	0.0252	0.0004	0.1353	-2.6550	60	0.000	55.800000	37.500000	179.70	55.699291	36.757721	192.8	11011
23	2023-05-03	08:02:01	5566.4996	4	0.0236	0.0031	5568.9943	-0.7	3.1	1.0793	0.0253	0.0001	0.1349	-2.6550	60	0.000	55.800000	37.500000	179.70	55.699207	36.757599	192.6	11011
23	2023-05-03	08:03:01	5566.5003	4	0.0195	0.0025	5568.9949	1.2	3.4	1.0728	0.0254	0.0003	0.1347	-2.6550	60	0.000	55.800000	37.500000	179.70	55.699432	36.757782	192.8	11011
23	2023-05-03	08:04:01	5566.5003	4	0.0212	0.0027	5568.9948	3.1	4.9	1.0718	0.0254	0.0006	0.1346	-2.6550	60	0.000	55.800000	37.500000	179.70	55.699387	36.757820	192.8	11011
23	2023-05-03	08:05:01	5566.4999	4	0.0218	0.0028	5568.9948	0.5	5.8	1.0763	0.0255	0.0005	0.1342	-2.6550	60	0.000	55.800000	37.500000	179.70	--	--	--	11011
23	2023-05-03	08:06:01	5566.4990	4	0.0368	0.0048	5568.9942	0.2	4.9	1.0723	0.0255	0.0003	0.1340	-2.6550	60	0.000	55.800000	37.500000	179.70	55.699299	36.757866	193.0	11011
23	2023-05-03	08:07:01	5566.5010	4	0.0228	0.0029	5568.9959	2.1	6.9	1.0663	0.0256	0.0007	0.1338	-2.6550	60	0.000	55.800000	37.500000	179.70	55.699608	36.757530	194.8	11011
23	2023-05-03	08:08:01	5566.4993	4	0.0260	0.0034	5568.9945	2.2	5.0	1.0675	0.0256	0.0004	0.1338	-2.6550	60	0.000	55.800000	37.500000	179.70	55.699455	36.757668		11011
23	2023-05-03	08:09:01	5566.5003	4	0.0327	0.0042	5568.9960	1.6	4.3	1.0675	0.0257	0.0003	0.1333	-2.6550	60	0.000	55.800000	37.500000	179.70	--	--	--	11011
23	2023-05-03	08:10:01	5566.5012	4	0.0317	0.0041	5568.9968	-0.6	6.3	1.0673	0.0257	0.0005	0.1332	-2.6550	60	0.000	55.800000	37.500000	179.70	55.699627	36.757263	195.4	11011
23	2023-05-03	08:11:01	5566.5000	4	0.0273	0.0035	5568.9960	1.3	4.5	1.0570	0.0258	0.0002	0.1330	-2.6551	60	0.000	55.800000	37.500000	179.70	--	--	--	11011
23	2023-05-03	08:12:01	5566.5001	4	0.0319	0.0041	5568.9962	0.5	4.1	1.0632	0.0258	0.0003	0.1328	-2.6551	60	0.000	55.800000	37.500000	179.70	--	--	--	11011
23	2023-05-03	08:13:01	5566.5007	4	0.0288	0.0037	5568.9969	1.7	4.6	1.0623	0.0258	0.0003	0.1327	-2.6551	60	0.000	55.800000	37.500000	179.70	--	--	--	11011
23	2023-05-03	08:14:01	5566.5016	4	0.0266	0.0034	5568.9979	2.5	5.8	1.0584	0.0259	0.0004	0.1325	-2.6551	60	0.000	55.800000	37.500000	179.70	--	--	--	11011
23	2023-05-03	08:15:01	5566.5020	4	0.0227	0.0029	5568.9985	0.3	5.6	1.0578	0.0259	0.0003	0.1324	-2.6551	60	0.000	55.800000	37.500000	179.70	55.699432	36.757713	195.5	11011
23	2023-05-03	08:16:01	5566.5018	4	0.0323	0.0042	5568.9981	-0.3	7.9	1.0533	0.0259	0.0007	0.1322	-2.6551	60	0.000	55.800000	37.500000	179.70	55.699387	36.757820	195.7	11011
23	2023-05-03	08:17:01	5566.5015	4	0.0285	0.0037	5568.9981	-0.1	6.4	1.0583	0.0260	0.0006	0.1319	-2.6551	60	0.000	55.800000	37.500000	179.70	55.699322	36.757904	195.6	11011
23	2023-05-03	08:18:01	5566.4998	4	0.0290	0.0037	5568.9963	0.6	6.9	1.0516	0.0260	0.0008	0.1319	-2.6551	60	0.000	55.800000	37.500000	179.70	55.699436	36.757359	195.6	11011
23	2023-05-03	08:19:01	5566.5022	4	0.0305	0.0039	5568.9986	1.8	7.9	1.0569	0.0260	0.0009	0.1318	-2.6551	60	0.000	55.800000	37.500000	179.70	55.699455	36.757496	195.9	11011
23	2023-05-03	08:20:01	5566.5011	4	0.0260	0.0034	5568.9976	3.3	6.8	1.0496	0.0260	0.0008	0.1318	-2.6551	60	0.000	55.800000	37.500000	179.70	55.699284	36.757744	196.6	11011
23	2023-05-03	08:21:01	5566.5018	4	0.0223	0.0029	5568.9982	2.5	8.3	1.0495	0.0260	0.0011	0.1317	-2.6551	60	0.000	55.800000	37.500000	179.70	--	--	--	11011
23	2023-05-03	08:22:01	5566.5022	4	0.0242	0.0031	5568.9992	0.8	9.0	1.0533	0.0260	0.0008	0.1314	-2.6551	60	0.000	55.800000	37.500000	179.70	--	--	--	11011
23	2023-05-03	08:23:01	5566.5010	4	0.0229	0.0030	5568.9982	-0.4	7.7	1.0537	0.0260	0.0006	0.1313	-2.6551	60	0.000	55.800000	37.500000	179.70	--	--	--	11011
23	2023-05-03	08:24:01	5566.5023	4	0.0270	0.0035	5568.9995	0.4	8.2	1.0540	0.0260	0.0007	0.1312	-2.6552	60	0.000	55.800000	37.500000	179.70	55.699062	36.758430	196.3	11011
23	2023-05-03	08:25:01	5566.5021	4	0.0287	0.0037	5568.9990	2.2	9.2	1.0485	0.0260	0.0011	0.1312	-2.6552	60	0.000	55.800000	37.500000	179.70	55.699852	36.757103	196.2	11011
23	2023-05-03	08:26:01	5566.5018	4	0.0235	0.0030	5568.9991	1.8	7.5	1.0489	0.0260	0.0008	0.1310	-2.6552	60	0.000	55.800000	37.500000	179.70	55.699966	36.757401	195.9	11011
23	2023-05-03	08:27:01	5566.5026	4	0.0301	0.0039	5568.9997	2.6	8.2	1.0454	0.0260	0.0011	0.1309	-2.6552	60	0.000	55.800000	37.500000	179.70	55.699291	36.757885	196.9	11011
23	2023-05-03	08:28:01	5566.5026	4	0.0237	0.0031	5569.0000	2.8	7.4	1.0472	0.0260	0.0010	0.1309	-2.6552	60	0.000	55.800000	37.500000	179.70	--	--	--	11011
23	2023-05-03	08:29:01	5566.5012	4	0.0243	0.0031	5568.9993	2.3	5.7	1.0470	0.0260	0.0004	0.1307	-2.6552	60	0.000	55.800000	37.500000	179.70	55.699406	36.758141	196.7	11011
23	2023-05-03	08:30:01	5566.5023	4	0.0233	0.0030	5569.0001	1.8	8.6	1.0465	0.0259	0.0009	0.1306	-2.6552	60	0.000	55.800000	37.500000	179.70	55.699348	36.757950	196.7	11011
23	2023-05-03	08:31:01	5566.5015	4	0.0260	0.0034	5568.9992	1.6	9.3	1.0417	0.0259	0.0012	0.1303	-2.6552	60	0.000	55.800000	37.500000	179.70	55.699322	36.757629	196.5	11011
23	2023-05-03	08:32:01	5566.5023	4	0.0300	0.0039	5568.9998	5.0	9.9	1.0433	0.0259	0.0015	0.1303	-2.6552	60	0.000	55.800000	37.500000	179.70	55.699379	36.757790	195.8	11011
23	2023-05-03	08:33:01	5566.5028	4	0.0240	0.0031	5569.0005	3.5	9.5	1.0395	0.0259	0.0014	0.1302	-2.6552	60	0.000	55.800000	37.500000	179.70	55.699425	36.758324	195.7	11011
23	2023-05-03	08:34:01	5566.5032	4	0.0212	0.0027	5569.0013	4.1	9.4	1.0338	0.0258	0.0012	0.1301	-2.6552	60	0.000	55.800000	37.500000	179.70	55.699436	36.758076	195.7	11011
23	2023-05-03	08:35:01	5566.5011	4	0.0270	0.0035	5568.9991	5.1	9.4	1.0358	0.0258	0.0013	0.1301	-2.6552	60	0.000	55.800000	37.500000	179.70	55.699463	36.758038	195.3	11011
23	2023-05-03	08:36:01	5566.5019	4	0.0229	0.0030	5569.0004	3.2	8.7	1.0470	0.0257	0.0011	0.1299	-2.6553	60	0.000	55.800000	37.500000	179.70	--	--	--	11011
23	2023-05-03	08:37:01	5566.5030	4	0.0259	0.0033	5569.0012	2.6	9.9	1.0448	0.0257	0.0015	0.1299	-2.6553	60	0.000	55.800000	37.500000	179.70	55.700195	36.757931	182.3	11011
23	2023-05-03	08:38:01	5566.5025	4	0.0282	0.0036	5569.0011	1.4	11.1	1.0439	0.0257	0.0014	0.1296	-2.6553	60	0.000	55.800000	37.500000	179.70	55.699226	36.757820	193.7	11011
23	2023-05-03	08:39:01	5566.5030	4	0.0292	0.0038	5569.0014	-0.2	9.7	1.0407	0.0256	0.0016	0.1297	-2.6553	60	0.000	55.800000	37.500000	179.70	55.699436	36.758427	195.2	11011
23	2023-05-03	08:40:01	5566.5017	4	0.0265	0.0034	5569.0004	-0.9	10.2	1.0378	0.0256	0.0015	0.1295	-2.6553	60	0.000	55.800000	37.500000	179.70	55.699577	36.758694	196.1	11011
23	2023-05-03	08:41:01	5566.5021	4	0.0237	0.0031	5569.0016	0.8	8.2	1.0297	0.0255	0.0007	0.1297	-2.6553	60	0.000	55.800000	37.500000	179.70	55.699547	36.758602	196.2	11011
23	2023-05-03	08:42:01	5566.5009	4	0.0233	0.0030	5569.0005	1.7	9.2	1.0423	0.0254	0.0010	0.1293	-2.6553	60	0.000	55.800000	37.500000	179.70	55.699493	36.757935	195.9	11011
23	2023-05-03	08:43:01	5566.5028	4	0.0252	0.0032	5569.0023	2.3	9.4	1.0334	0.0254	0.0010	0.1293	-2.6553	60	0.000	55.800000	37.500000	179.70	55.699318	36.757267	196.0	11011
23	2023-05-03	08:44:01	5566.5029	4	0.0251	0.0032	5569.0022	-0.8	10.2	1.0297	0.0253	0.0014	0.1294	-2.6553	60	0.000	55.800000	37.500000	179.70	55.699673	36.757740	195.6	11011
23	2023-05-03	08:45:01	5566.5018	4	0.0253	0.0033	5569.0015	0.1	8.4	1.0291	0.0252	0.0010	0.1294	-2.6553	60	0.000	55.800000	37.500000	179.70	55.699432	36.757408	194.8	11011
23	2023-05-03	08:46:01	5566.5012	4	0.0293	0.0038	5569.0009	2.0	9.3	1.0337	0.0252	0.0013	0.1292	-2.6553	60	0.000	55.800000	37.500000	179.70	55.699299	36.757160	194.2	11011
63	2023-05-03	10:59:22	5620.7188	4	0.0266	0.0034	5623.2451	-1.5	-1.9	1.1095	-0.0089	0.0001	0.1389	-2.6564	60	0.000	55.800000	37.500000	179.70	56.028515	37.230465	207.4	11011
63	2023-05-03	11:00:22	5620.7197	4	0.0288	0.0037	5623.2465	-2.0	-1.5	1.1062	-0.0093	0.0001	0.1387	-2.6564	60	0.000	55.800000	37.500000	179.70	56.028431	37.229969	207.7	11011
63	2023-05-03	11:01:22	5620.7210	4	0.0228	0.0029	5623.2480	-3.2	-1.8	1.1143	-0.0097	0.0003	0.1388	-2.6564	60	0.000	55.800000	37.500000	179.70	56.028446	37.230007	208.0	11011
63	2023-05-03	11:02:22	5620.7203	4	0.0229	0.0030	5623.2480	-4.3	-2.1	1.1077	-0.0101	0.0003	0.1385	-2.6564	60	0.000	55.800000	37.500000	179.70	56.028458	37.230053	207.5	11011
63	2023-05-03	11:03:22	5620.7198	4	0.0285	0.0037	5623.2479	-4.2	-1.6	1.1039	-0.0105	0.0004	0.1383	-2.6564	60	0.000	55.800000	37.500000	179.70	--	--	--	11011
63	2023-05-03	11:04:22	5620.7207	4	0.0243	0.0031	5623.2493	-3.6	-1.0	1.1024	-0.0109	0.0002	0.1385	-2.6564	60	0.000	55.800000	37.500000	179.70	--	--	--	11011
63	2023-05-03	11:05:22	5620.7204	4	0.0216	0.0028	5623.2495	-4.5	-3.0	1.0991	-0.0113	0.0004	0.1383	-2.6564	60	0.000	55.800000	37.500000	179.70	--	--	--	11011
63	2023-05-03	11:06:22	5620.7209	4	0.0193	0.0025	5623.2506	-3.9	-3.4	1.1033	-0.0117	0.0003	0.1380	-2.6565	60	0.000	55.800000	37.500000	179.70	--	--	--	11011
63	2023-05-03	11:07:22	5620.7226	4	0.0271	0.0035	5623.2525	-4.6	-3.5	1.0984	-0.0120	0.0005	0.1381	-2.6565	60	0.000	55.800000	37.500000	179.70	--	--	--	11011
63	2023-05-03	11:08:22	5620.7196	4	0.0223	0.0029	5623.2502	-3.0	-4.0	1.1052	-0.0124	0.0003	0.1379	-2.6565	60	0.000	55.800000	37.500000	179.70	--	--	--	11011
63	2023-05-03	11:09:22	5620.7214	4	0.0242	0.0031	5623.2526	-3.1	-3.2	1.0981	-0.0128	0.0003	0.1378	-2.6565	60	0.000	55.800000	37.500000	179.70	--	--	--	11011
63	2023-05-03	11:10:22	5620.7215	4	0.0270	0.0035	5623.2530	-2.7	-1.5	1.1021	-0.0132	0.0003	0.1380	-2.6565	60	0.000	55.800000	37.500000	179.70	--	--	--	11011
63	2023-05-03	11:11:22	5620.7217	4	0.0260	0.0034	5623.2537	-3.8	-0.9	1.0983	-0.0136	0.0003	0.1379	-2.6565	60	0.000	55.800000	37.500000	179.70	--	--	--	11011
63	2023-05-03	11:12:22	5620.7219	4	0.0250	0.0032	5623.2541	-6.0	-3.0	1.1081	-0.0140	0.0006	0.1378	-2.6565	60	0.000	55.800000	37.500000	179.70	--	--	--	11011
63	2023-05-03	11:13:22	5620.7212	4	0.0235	0.0030	5623.2536	-6.5	-2.6	1.1000	-0.0144	0.0007	0.1378	-2.6565	60	0.000	55.800000	37.500000	179.70	--	--	--	11011
63	2023-05-03	11:14:22	5620.7209	4	0.0156	0.0020	5623.2539	-6.0	-2.0	1.0991	-0.0148	0.0006	0.1377	-2.6565	60	0.000	55.800000	37.500000	179.70	--	--	--	11011
63	2023-05-03	11:15:22	5620.7215	4	0.0227	0.0029	5623.2555	-4.6	0.7	1.1043	-0.0152	0.0002	0.1375	-2.6565	60	0.000	55.800000	37.500000	179.70	--	--	--	11011
63	2023-05-03	11:16:22	5620.7224	4	0.0244	0.0032	5623.2565	-6.2	1.6	1.1010	-0.0156	0.0005	0.1376	-2.6565	60	0.000	55.800000	37.500000	179.70	--	--	--	11011
63	2023-05-03	11:17:22	5620.7212	4	0.0187	0.0024	5623.2556	-6.6	0.1	1.1014	-0.0160	0.0007	0.1375	-2.6565	60	0.000	55.800000	37.500000	179.70	--	--	--	11011
63	2023-05-03	11:18:22	5620.7223	4	0.0324	0.0042	5623.2569	-7.6	-0.2	1.0989	-0.0164	0.0009	0.1375	-2.6565	60	0.000	55.800000	37.500000	179.70	--	--	--	11011
63	2023-05-03	11:19:22	5620.7206	4	0.0228	0.0029	5623.2558	-7.8	-0.9	1.1045	-0.0169	0.0008	0.1375	-2.6566	60	0.000	55.800000	37.500000	179.70	--	--	--	11011
63	2023-05-03	11:20:22	5620.7216	4	0.0216	0.0028	5623.2569	-9.4	0.7	1.1042	-0.0173	0.0011	0.1374	-2.6566	60	0.000	55.800000	37.500000	179.70	--	--	--	11011
63	2023-05-03	11:21:22	5620.7223	4	0.0160	0.0021	5623.2583	-7.8	2.1	1.0938	-0.0177	0.0008	0.1374	-2.6566	60	0.000	55.800000	37.500000	179.70	--	--	--	11011
63	2023-05-03	11:22:22	5620.7205	4	0.0234	0.0030	5623.2573	-7.4	2.4	1.1005	-0.0181	0.0007	0.1372	-2.6566	60	0.000	55.800000	37.500000	179.70	--	--	--	11011
63	2023-05-03	11:23:22	5620.7212	4	0.0211	0.0027	5623.2583	-7.0	3.8	1.0983	-0.0185	0.0007	0.1373	-2.6566	60	0.000	55.800000	37.500000	179.70	--	--	--	11011
63	2023-05-03	11:24:22	5620.7220	4	0.0163	0.0021	5623.2596	-6.5	2.5	1.0951	-0.0189	0.0008	0.1371	-2.6566	60	0.000	55.800000	37.500000	179.70	--	--	--	11011
63	2023-05-03	11:25:22	5620.7206	4	0.0219	0.0028	5623.2585	-6.6	1.3	1.1013	-0.0193	0.0008	0.1372	-2.6566	60	0.000	55.800000	37.500000	179.70	--	--	--	11011
63	2023-05-03	11:26:22	5620.7200	4	0.0246	0.0032	5623.2587	-7.4	0.8	1.0997	-0.0197	0.0006	0.1370	-2.6566	60	0.000	55.800000	37.500000	179.70	--	--	--	11011
63	2023-05-03	11:27:22	5620.7228	4	0.0269	0.0035	5623.2614	-9.4	1.6	1.0995	-0.0201	0.0009	0.1372	-2.6566	60	0.000	55.800000	37.500000	179.70	--	--	--	11011
63	2023-05-03	11:28:22	5620.7202	4	0.0290	0.0037	5623.2594	-8.2	0.7	1.1017	-0.0205	0.0007	0.1371	-2.6566	60	0.000	55.800000	37.500000	179.70	--	--	--	11011
63	2023-05-03	11:29:22	5620.7210	4	0.0225	0.0029	5623.2607	-8.4	0.5	1.0954	-0.0209	0.0009	0.1371	-2.6566	60	0.000	55.800000	37.500000	179.70	--	--	--	11011
63	2023-05-03	11:30:22	5620.7219	4	0.0246	0.0032	5623.2620	-7.5	-0.7	1.0995	-0.0213	0.0007	0.1371	-2.6566	60	0.000	55.800000	37.500000	179.70	--	--	--	11011
63	2023-05-03	11:31:22	5620.7228	4	0.0244	0.0031	5623.2631	-8.0	0.0	1.0931	-0.0217	0.0009	0.1372	-2.6567	60	0.000	55.800000	37.500000	179.70	--	--	--	11011
63	2023-05-03	11:32:22	5620.7214	4	0.0246	0.0032	5623.2625	-5.5	1.3	1.0991	-0.0222	0.0004	0.1373	-2.6567	60	0.000	55.800000	37.500000	179.70	--	--	--	11011
63	2023-05-03	11:33:22	5620.7213	4	0.0191	0.0025	5623.2630	-5.8	2.0	1.0954	-0.0226	0.0005	0.1371	-2.6567	60	0.000	55.800000	37.500000	179.70	--	--	--	11011
63	2023-05-03	11:34:22	5620.7202	4	0.0220	0.0028	5623.2615	-9.2	2.6	1.0973	-0.0230	0.0012	0.1371	-2.6567	60	0.000	55.800000	37.500000	179.70	--	--	--	11011
63	2023-05-03	11:35:22	5620.7221	4	0.0272	0.0035	5623.2641	-8.3	2.4	1.0976	-0.0234	0.0010	0.1371	-2.6567	60	0.000	55.800000	37.500000	179.70	--	--	--	11011
63	2023-05-03	11:36:22	5620.7208	4	0.0236	0.0030	5623.2637	-6.6	1.4	1.0954	-0.0238	0.0005	0.1371	-2.6567	60	0.000	55.800000	37.500000	179.70	--	--	--	11011
63	2023-05-03	11:37:22	5620.7204	4	0.0216	0.0028	5623.2635	-6.6	1.2	1.0989	-0.0242	0.0006	0.1371	-2.6567	60	0.000	55.800000	37.500000	179.70	--	--	--	11011
63	2023-05-03	11:38:22	5620.7198	4	0.0233	0.0030	5623.2638	-4.9	1.6	1.0936	-0.0246	0.0004	0.1370	-2.6567	60	0.000	55.800000	37.500000	179.70	--	--	--	11011
63	2023-05-03	11:39:22	5620.7212	4	0.0280	0.0036	5623.2654	-5.9	1.3	1.0933	-0.0250	0.0005	0.1371	-2.6567	60	0.000	55.800000	37.500000	179.70	--	--	--	11011
63	2023-05-03	11:40:22	5620.7222	4	0.0176	0.0023	5623.2669	-5.0	1.7	1.1010	-0.0254	0.0004	0.1370	-2.6567	60	0.000	55.800000	37.500000	179.70	--	--	--	11011
63	2023-05-03	11:41:22	5620.7220	4	0.0246	0.0032	5623.2670	-5.4	2.1	1.0988	-0.0258	0.0005	0.1371	-2.6567	60	0.000	55.800000	37.500000	179.70	--	--	--	11011
63	2023-05-03	11:42:22	5620.7218	4	0.0246	0.0032	5623.2671	-7.0	2.3	1.0952	-0.0263	0.0007	0.1369	-2.6567	60	0.000	55.800000	37.500000	179.70	--	--	--	11011
63	2023-05-03	11:43:22	5620.7215	4	0.0233	0.0030	5623.2672	-5.1	3.0	1.0946	-0.0267	0.0007	0.1370	-2.6567	60	0.000	55.800000	37.500000	179.70	--	--	--	11011
63	2023-05-03	11:44:22	5620.7197	4	0.0299	0.0039	5623.2663	-3.5	1.2	1.0910	-0.0271	0.0002	0.1369	-2.6568	60	0.000	55.800000	37.500000	179.70	--	--	--	11011
63	2023-05-03	11:45:22	5620.7213	4	0.0251	0.0032	5623.2682	-4.6	2.5	1.1030	-0.0275	0.0003	0.1370	-2.6568	60	0.000	55.800000	37.500000	179.70	--	--	--	11011
63	2023-05-03	11:46:22	5620.7215	4	0.0179	0.0023	5623.2689	-3.3	3.3	1.0911	-0.0279	0.0003	0.1369	-2.6568	60	0.000	55.800000	37.500000	179.70	--	--	--	11011
63	2023-05-03	11:47:22	5620.7203	4	0.0231	0.0030	5623.2679	-5.3	4.1	1.0971	-0.0283	0.0007	0.1368	-2.6568	60	0.000	55.800000	37.500000	179.70	--	--	--	11011
63	2023-05-03	11:48:22	5620.7203	4	0.0222	0.0029	5623.2685	-5.2	1.7	1.0949	-0.0287	0.0004	0.1370	-2.6568	60	0.000	55.800000	37.500000	179.70	--	--	--	11011
63	2023-05-03	11:49:22	5620.7216	4	0.0182	0.0024	5623.2700	-4.7	3.3	1.0971	-0.0291	0.0005	0.1371	-2.6568	60	0.000	55.800000	37.500000	179.70	--	--	--	11011
63	2023-05-03	11:50:22	5620.7206	4	0.0240	0.0031	5623.2694	-6.2	1.6	1.0976	-0.0295	0.0006	0.1369	-2.6568	60	0.000	55.800000	37.500000	179.70	--	--	--	11011
63	2023-05-03	11:51:22	5620.7213	4	0.0296	0.0038	5623.2706	-6.4	0.4	1.0902	-0.0300	0.0006	0.1369	-2.6568	60	0.000	55.800000	37.500000	179.70	--	--	--	11011
63	2023-05-03	11:52:22	5620.7189	4	0.0212	0.0027	5623.2689	-5.1	1.0	1.0939	-0.0304	0.0004	0.1368	-2.6568	60	0.000	55.800000	37.500000	179.70	--	--	--	11011
63	2023-05-03	11:53:22	5620.7195	4	0.0274	0.0035	5623.2698	-5.3	0.8	1.0977	-0.0308	0.0005	0.1369	-2.6568	60	0.000	55.800000	37.500000	179.70	--	--	--	11011
63	2023-05-03	11:54:22	5620.7209	4	0.0191	0.0025	5623.2715	-6.7	1.7	1.0921	-0.0312	0.0005	0.1369	-2.6568	60	0.000	55.800000	37.500000	179.70	--	--	--	11011
63	2023-05-03	11:55:22	5620.7213	4	0.0181	0.0023	5623.2724	-6.4	2.5	1.1008	-0.0316	0.0006	0.1367	-2.6568	60	0.000	55.800000	37.500000	179.70	--	--	--	11011
63	2023-05-03	11:56:22	5620.7211	4	0.0239	0.0031	5623.2723	-7.0	-0.1	1.0977	-0.0320	0.0006	0.1370	-2.6569	60	0.000	55.800000	37.500000	179.70	--	--	--	11011
63	2023-05-03	11:57:22	5620.7207	4	0.0214	0.0028	5623.2726	-7.6	-0.1	1.0983	-0.0324	0.0005	0.1369	-2.6569	60	0.000	55.800000	37.500000	179.70	--	--	--	11011
63	2023-05-03	11:58:22	5620.7200	4	0.0238	0.0031	5623.2724	-6.7	-0.1	1.0909	-0.0328	0.0006	0.1367	-2.6569	60	0.000	55.800000	37.500000	179.70	--	--	--	11011
23	2023-05-03	13:44:25	5566.4873	4	0.0213	0.0028	5569.0715	1.9	1.7	1.1443	-0.0697	0.0001	0.1431	-2.6577	60	0.000	55.800000	37.500000	179.70	55.699673	36.757370	186.9	11011
23	2023-05-03	13:45:25	5566.4876	4	0.0309	0.0040	5569.0725	2.9	3.6	1.1340	-0.0699	0.0003	0.1425	-2.6577	60	0.000	55.800000	37.500000	179.70	55.699528	36.757893	188.6	11011
23	2023-05-03	13:46:25	5566.4884	4	0.0288	0.0037	5569.0738	3.3	2.7	1.1304	-0.0702	0.0003	0.1422	-2.6577	60	0.000	55.800000	37.500000	179.70	55.699387	36.757923	190.9	11011
23	2023-05-03	13:47:25	5566.4899	4	0.0189	0.0024	5569.0760	3.5	3.3	1.1350	-0.0704	0.0004	0.1417	-2.6577	60	0.000	55.800000	37.500000	179.70	55.699242	36.757828	167.6	11011
23	2023-05-03	13:48:25	5566.4887	4	0.0240	0.0031	5569.0754	5.0	3.3	1.1292	-0.0707	0.0005	0.1413	-2.6577	60	0.000	55.800000	37.500000	179.70	--	--	--	11011
23	2023-05-03	13:49:25	5566.4896	4	0.0205	0.0027	5569.0774	3.1	4.1	1.1251	-0.0709	0.0002	0.1407	-2.6578	60	0.000	55.800000	37.500000	179.70	--	--	--	11011
23	2023-05-03	13:50:25	5566.4894	4	0.0212	0.0027	5569.0776	5.5	3.2	1.1178	-0.0711	0.0004	0.1403	-2.6578	60	0.000	55.800000	37.500000	179.70	55.699226	36.758076	192.5	11011
23	2023-05-03	13:51:25	5566.4898	4	0.0180	0.0023	5569.0783	7.7	4.1	1.1177	-0.0714	0.0009	0.1398	-2.6578	60	0.000	55.800000	37.500000	179.70	55.699520	36.757912	194.0	11011
23	2023-05-03	13:52:25	5566.4908	4	0.0204	0.0026	5569.0802	6.1	5.5	1.1079	-0.0716	0.0007	0.1393	-2.6578	60	0.000	55.800000	37.500000	179.70	55.699493	36.757935	196.8	11011
23	2023-05-03	13:53:25	5566.4915	4	0.0225	0.0029	5569.0815	4.9	6.8	1.1021	-0.0718	0.0008	0.1388	-2.6578	60	0.000	55.800000	37.500000	179.70	55.699806	36.757282	199.9	11011
23	2023-05-03	13:54:25	5566.4921	4	0.0240	0.0031	5569.0824	5.7	5.2	1.1066	-0.0721	0.0010	0.1386	-2.6578	60	0.000	55.800000	37.500000	179.70	55.699608	36.757484	199.5	11011
23	2023-05-03	13:55:25	5566.4914	4	0.0172	0.0022	5569.0827	4.9	5.4	1.1085	-0.0723	0.0006	0.1382	-2.6578	60	0.000	55.800000	37.500000	179.70	55.699570	36.757568	199.6	11011
23	2023-05-03	13:56:25	5566.4912	4	0.0208	0.0027	5569.0826	5.7	6.6	1.1010	-0.0725	0.0010	0.1379	-2.6578	60	0.000	55.800000	37.500000	179.70	55.699528	36.757549	199.8	11011
23	2023-05-03	13:57:25	5566.4926	4	0.0235	0.0030	5569.0850	4.0	5.2	1.1019	-0.0727	0.0005	0.1376	-2.6578	60	0.000	55.800000	37.500000	179.70	55.699589	36.757496	199.2	11011
23	2023-05-03	13:58:25	5566.4906	4	0.0196	0.0025	5569.0839	4.2	4.5	1.0915	-0.0730	0.0004	0.1371	-2.6578	60	0.000	55.800000	37.500000	179.70	55.699932	36.758011	199.6	11011
23	2023-05-03	13:59:25	5566.4919	4	0.0215	0.0028	5569.0852	3.5	6.8	1.0946	-0.0732	0.0007	0.1370	-2.6578	60	0.000	55.800000	37.500000	179.70	--	--	--	11011
23	2023-05-03	14:00:25	5566.4940	4	0.0209	0.0027	5569.0875	5.2	7.7	1.0959	-0.0734	0.0010	0.1366	-2.6578	60	0.000	55.800000	37.500000	179.70	--	--	--	11011
23	2023-05-03	14:01:25	5566.4931	4	0.0220	0.0028	5569.0872	4.5	7.7	1.0864	-0.0736	0.0009	0.1366	-2.6578	60	0.000	55.800000	37.500000	179.70	55.699520	36.757572	199.1	11011
23	2023-05-03	14:02:25	5566.4943	4	0.0195	0.0025	5569.0887	4.9	8.7	1.0844	-0.0738	0.0010	0.1363	-2.6579	60	0.000	55.800000	37.500000	179.70	55.699482	36.757656	199.6	11011
23	2023-05-03	14:03:25	5566.4932	4	0.0135	0.0017	5569.0878	6.1	8.9	1.0831	-0.0740	0.0013	0.1359	-2.6579	60	0.000	55.800000	37.500000	179.70	55.699589	36.757599	199.5	11011
23	2023-05-03	14:04:25	5566.4939	4	0.0211	0.0027	5569.0885	7.5	9.7	1.0827	-0.0742	0.0017	0.1358	-2.6579	60	0.000	55.800000	37.500000	179.70	55.699436	36.757744	199.7	11011
23	2023-05-03	14:05:25	5566.4947	4	0.0184	0.0024	5569.0892	4.8	12.5	1.0768	-0.0744	0.0023	0.1355	-2.6579	60	0.000	55.800000	37.500000	179.70	55.699242	36.758007	199.7	11011
23	2023-05-03	14:06:25	5566.4954	4	0.0243	0.0031	5569.0908	3.3	12.3	1.0818	-0.0746	0.0019	0.1352	-2.6579	60	0.000	55.800000	37.500000	179.70	55.699379	36.757725	200.0	11011
23	2023-05-03	14:07:25	5566.4941	4	0.0227	0.0029	5569.0903	2.7	11.1	1.0800	-0.0748	0.0015	0.1350	-2.6579	60	0.000	55.800000	37.500000	179.70	55.699375	36.757668	199.4	11011
23	2023-05-03	14:08:25	5566.4943	4	0.0231	0.0030	5569.0906	2.9	12.6	1.0774	-0.0750	0.0019	0.1347	-2.6579	60	0.000	55.800000	37.500000	179.70	55.699368	36.757561	199.6	11011
23	2023-05-03	14:09:25	5566.4954	4	0.0213	0.0028	5569.0910	4.6	14.1	1.0817	-0.0752	0.0029	0.1345	-2.6579	60	0.000	55.800000	37.500000	179.70	55.699463	36.757973	199.0	11011
23	2023-05-03	14:10:25	5566.4961	4	0.0204	0.0026	5569.0930	5.9	11.7	1.0741	-0.0754	0.0019	0.1345	-2.6579	60	0.000	55.800000	37.500000	179.70	55.699425	36.757847	199.0	11011
23	2023-05-03	14:11:25	5566.4944	4	0.0186	0.0024	5569.0920	4.5	11.9	1.0663	-0.0756	0.0018	0.1341	-2.6579	60	0.000	55.800000	37.500000	179.70	55.699661	36.757484	198.6	11011
23	2023-05-03	14:12:25	5566.4962	4	0.0257	0.0033	5569.0939	4.5	12.4	1.0732	-0.0758	0.0020	0.1340	-2.6579	60	0.000	55.800000	37.500000	179.70	55.699177	36.757191	197.6	11011
23	2023-05-03	14:13:25	5566.4957	4	0.0212	0.0027	5569.0943	3.0	11.6	1.0691	-0.0759	0.0015	0.1338	-2.6579	60	0.000	55.800000	37.500000	179.70	55.699406	36.758018	197.7	11011
23	2023-05-03	14:14:25	5566.4967	4	0.0184	0.0024	5569.0952	4.3	12.0	1.0684	-0.0761	0.0019	0.1336	-2.6580	60	0.000	55.800000	37.500000	179.70	--	--	--	11011
23	2023-05-03	14:15:25	5566.4955	4	0.0186	0.0024	5569.0947	3.1	11.5	1.0687	-0.0763	0.0017	0.1333	-2.6580	60	0.000	55.800000	37.500000	179.70	55.699444	36.757706	194.5	11011
23	2023-05-03	14:16:25	5566.4954	4	0.0216	0.0028	5569.0947	4.2	11.6	1.0620	-0.0765	0.0018	0.1333	-2.6580	60	0.000	55.800000	37.500000	179.70	55.699463	36.757599	187.7	11011
23	2023-05-03	14:17:25	5566.4970	4	0.0212	0.0027	5569.0959	6.5	13.0	1.0638	-0.0766	0.0026	0.1331	-2.6580	60	0.000	55.800000	37.500000	179.70	55.699398	36.757702	188.4	11011
23	2023-05-03	14:18:25	5566.4967	4	0.0186	0.0024	5569.0960	6.2	12.5	1.0628	-0.0768	0.0024	0.1330	-2.6580	60	0.000	55.800000	37.500000	179.70	55.699432	36.757549	189.4	11011
23	2023-05-03	14:19:25	5566.4970	4	0.0172	0.0022	5569.0966	8.0	11.3	1.0646	-0.0770	0.0026	0.1329	-2.6580	60	0.000	55.800000	37.500000	179.70	55.699375	36.757763	188.9	11011
23	2023-05-03	14:20:25	5566.4969	4	0.0236	0.0030	5569.0971	7.2	12.9	1.0595	-0.0771	0.0023	0.1326	-2.6580	60	0.000	55.800000	37.500000	179.70	55.699528	36.758049	189.3	11011
23	2023-05-03	14:21:25	5566.4995	4	0.0178	0.0023	5569.0982	8.3	15.8	1.0640	-0.0773	0.0040	0.1326	-2.6580	60	0.000	55.800000	37.500000	179.70	55.699444	36.757687	188.9	11011
23	2023-05-03	14:22:25	5566.4980	4	0.0183	0.0024	5569.0972	7.7	16.7	1.0575	-0.0775	0.0039	0.1324	-2.6580	60	0.000	55.800000	37.500000	179.70	55.699604	36.757568	189.4	11011
23	2023-05-03	14:23:25	5566.4961	4	0.0260	0.0034	5569.0958	8.9	15.8	1.0527	-0.0776	0.0038	0.1322	-2.6580	60	0.000	55.800000	37.500000	179.70	55.699490	36.757645	190.9	11011
23	2023-05-03	14:24:25	5566.4963	4	0.0237	0.0031	5569.0970	8.7	13.7	1.0602	-0.0778	0.0030	0.1321	-2.6580	60	0.000	55.800000	37.500000	179.70	55.699432	36.757816	191.1	11011
23	2023-05-03	14:25:25	5566.4968	4	0.0163	0.0021	5569.0974	8.4	15.1	1.0552	-0.0779	0.0034	0.1319	-2.6580	60	0.000	55.800000	37.500000	179.70	55.699375	36.757896	191.4	11011
23	2023-05-03	14:26:25	5566.4971	4	0.0259	0.0033	5569.0984	6.7	15.2	1.0493	-0.0781	0.0031	0.1318	-2.6580	60	0.000	55.800000	37.500000	179.70	55.699604	36.758045	193.4	11011
23	2023-05-03	14:27:25	5566.4974	4	0.0205	0.0027	5569.0984	6.3	16.6	1.0479	-0.0782	0.0036	0.1317	-2.6581	60	0.000	55.800000	37.500000	179.70	55.699387	36.757778	192.7	11011
23	2023-05-03	14:28:25	5566.4992	4	0.0239	0.0031	5569.0990	5.4	18.7	1.0493	-0.0784	0.0049	0.1317	-2.6581	60	0.000	55.800000	37.500000	179.70	55.699425	36.757687	193.1	11011
23	2023-05-03	14:29:25	5566.4982	4	0.0187	0.0024	5569.1002	6.5	16.2	1.0488	-0.0785	0.0032	0.1312	-2.6581	60	0.000	55.800000	37.500000	179.70	55.699379	36.757523	192.8	11011
23	2023-05-03	14:30:25	5566.4993	4	0.0220	0.0028	5569.1006	5.9	17.1	1.0501	-0.0786	0.0041	0.1314	-2.6581	60	0.000	55.800000	37.500000	179.70	55.699081	36.757702	192.5	11011
23	2023-05-03	14:31:25	5566.4980	4	0.0184	0.0024	5569.1005	5.8	15.4	1.0530	-0.0788	0.0031	0.1312	-2.6581	60	0.000	55.800000	37.500000	179.70	55.699406	36.758083	192.3	11011
23	2023-05-03	14:32:25	5566.4992	4	0.0196	0.0025	5569.1012	5.9	16.6	1.0468	-0.0789	0.0038	0.1312	-2.6581	60	0.000	55.800000	37.500000	179.70	55.699299	36.757668	192.1	11011
23	2023-05-03	14:33:25	5566.4980	4	0.0200	0.0026	5569.1008	4.7	16.2	1.0498	-0.0790	0.0034	0.1310	-2.6581	60	0.000	55.800000	37.500000	179.70	55.699512	36.757721	190.7	11011
23	2023-05-03	14:34:25	5566.4974	4	0.0215	0.0028	5569.1011	4.0	15.2	1.0466	-0.0791	0.0028	0.1308	-2.6581	60	0.000	55.800000	37.500000	179.70	55.699379	36.757435	188.1	11011
23	2023-05-03	14:35:25	5566.4968	4	0.0284	0.0037	5569.1006	3.5	15.3	1.0460	-0.0793	0.0029	0.1307	-2.6581	60	0.000	55.800000	37.500000	179.70	55.699444	36.757706	186.6	11011
23	2023-05-03	14:36:25	5566.4988	4	0.0233	0.0030	5569.1023	3.1	16.4	1.0444	-0.0794	0.0034	0.1306	-2.6581	60	0.000	55.800000	37.500000	179.70	55.699432	36.757835	185.0	11011
23	2023-05-03	14:37:25	5566.4975	4	0.0234	0.0030	5569.1012	4.0	16.1	1.0437	-0.0795	0.0033	0.1306	-2.6581	60	0.000	55.800000	37.500000	179.70	--	--	--	11011
23	2023-05-03	14:38:25	5566.4961	4	0.0220	0.0028	5569.1000	4.9	16.8	1.0372	-0.0796	0.0033	0.1306	-2.6581	60	0.000	55.800000	37.500000	179.70	55.699398	36.757816	169.5	11011
23	2023-05-03	14:39:25	5566.4997	4	0.0193	0.0025	5569.1029	6.2	17.3	1.0492	-0.0797	0.0042	0.1304	-2.6582	60	0.000	55.800000	37.500000	179.70	55.699406	36.757645	174.7	11011
23	2023-05-03	14:40:25	5566.4978	4	0.0200	0.0026	5569.1025	3.9	15.3	1.0434	-0.0798	0.0031	0.1303	-2.6582	60	0.000	55.800000	37.500000	179.70	55.699493	36.757797	172.5	11011
23	2023-05-03	14:41:25	5566.4985	4	0.0174	0.0022	5569.1037	4.3	14.3	1.0414	-0.0800	0.0026	0.1303	-2.6582	60	0.000	55.800000	37.500000	179.70	55.699608	36.757713	174.2	11011
23	2023-05-03	14:42:25	5566.4984	4	0.0198	0.0026	5569.1030	5.8	16.0	1.0405	-0.0801	0.0035	0.1302	-2.6582	60	0.000	55.800000	37.500000	179.70	55.699398	36.757515	174.3	11011
23	2023-05-03	14:43:25	5566.4979	4	0.0212	0.0027	5569.1023	7.0	16.7	1.0450	-0.0802	0.0037	0.1303	-2.6582	60	0.000	55.800000	37.500000	179.70	55.699265	36.757694	174.5	11011
3	2023-05-03	16:38:32	5589.0822	4	0.0253	0.0033	5591.6773	3.9	4.8	1.1153	-0.0759	0.0005	0.1394	-2.6591	60	0.000	55.800000	37.500000	179.70	--	--	--	11011
3	2023-05-03	16:39:32	5589.0837	4	0.0192	0.0025	5591.6783	4.5	6.4	1.1123	-0.0757	0.0010	0.1392	-2.6591	60	0.000	55.800000	37.500000	179.70	--	--	--	11011
3	2023-05-03	16:40:32	5589.0821	4	0.0176	0.0023	5591.6770	4.7	6.9	1.1146	-0.0756	0.0009	0.1388	-2.6591	60	0.000	55.800000	37.500000	179.70	--	--	--	11011
3	2023-05-03	16:41:32	5589.0822	4	0.0138	0.0018	5591.6778	3.1	4.5	1.1048	-0.0754	0.0003	0.1387	-2.6591	60	0.000	55.800000	37.500000	179.70	--	--	--	11011
3	2023-05-03	16:42:32	5589.0818	4	0.0127	0.0016	5591.6773	3.4	4.8	1.1052	-0.0753	0.0005	0.1385	-2.6591	60	0.000	55.800000	37.500000	179.70	--	--	--	11011
3	2023-05-03	16:43:32	5589.0809	4	0.0189	0.0024	5591.6763	3.4	5.0	1.1035	-0.0751	0.0005	0.1384	-2.6591	60	0.000	55.800000	37.500000	179.70	--	--	--	11011
3	2023-05-03	16:44:32	5589.0821	4	0.0178	0.0023	5591.6773	4.2	6.0	1.1069	-0.0750	0.0007	0.1383	-2.6592	60	0.000	55.800000	37.500000	179.70	--	--	--	11011
3	2023-05-03	16:45:32	5589.0820	4	0.0214	0.0028	5591.6768	5.4	6.8	1.1073	-0.0748	0.0011	0.1380	-2.6592	60	0.000	55.800000	37.500000	179.70	--	--	--	11011
3	2023-05-03	16:46:32	5589.0814	4	0.0210	0.0027	5591.6769	3.9	5.4	1.0984	-0.0746	0.0005	0.1379	-2.6592	60	0.000	55.800000	37.500000	179.70	--	--	--	11011
3	2023-05-03	16:47:32	5589.0809	4	0.0174	0.0022	5591.6761	3.6	5.9	1.1022	-0.0745	0.0006	0.1378	-2.6592	60	0.000	55.800000	37.500000	179.70	--	--	--	11011
3	2023-05-03	16:48:32	5589.0814	4	0.0145	0.0019	5591.6763	5.9	5.5	1.1014	-0.0743	0.0008	0.1377	-2.6592	60	0.000	55.800000	37.500000	179.70	--	--	--	11011
3	2023-05-03	16:49:32	5589.0820	4	0.0199	0.0026	5591.6769	4.2	5.1	1.0977	-0.0742	0.0008	0.1377	-2.6592	60	0.000	55.800000	37.500000	179.70	--	--	--	11011
3	2023-05-03	16:50:32	5589.0831	4	0.0199	0.0026	5591.6781	4.7	3.7	1.0940	-0.0740	0.0005	0.1377	-2.6592	60	0.000	55.800000	37.500000	179.70	--	--	--	11011
3	2023-05-03	16:51:32	5589.0817	4	0.0144	0.0019	5591.6766	3.3	5.8	1.0981	-0.0738	0.0007	0.1374	-2.6592	60	0.000	55.800000	37.500000	179.70	--	--	--	11011
3	2023-05-03	16:52:32	5589.0823	4	0.0195	0.0025	5591.6770	4.2	6.3	1.1018	-0.0737	0.0007	0.1375	-2.6592	60	0.000	55.800000	37.500000	179.70	--	--	--	11011
3	2023-05-03	16:53:32	5589.0835	4	0.0142	0.0018	5591.6780	2.9	7.9	1.0958	-0.0735	0.0008	0.1374	-2.6592	60	0.000	55.800000	37.500000	179.70	--	--	--	11011
3	2023-05-03	16:54:32	5589.0827	4	0.0150	0.0019	5591.6769	2.7	8.9	1.0981	-0.0733	0.0012	0.1372	-2.6592	60	0.000	55.800000	37.500000	179.70	--	--	--	11011
3	2023-05-03	16:55:32	5589.0822	4	0.0230	0.0030	5591.6768	3.5	7.1	1.0973	-0.0731	0.0008	0.1370	-2.6592	60	0.000	55.800000	37.500000	179.70	--	--	--	11011
3	2023-05-03	16:56:32	5589.0828	4	0.0181	0.0023	5591.6770	2.3	6.9	1.0950	-0.0730	0.0007	0.1372	-2.6592	60	0.000	55.800000	37.500000	179.70	--	--	--	11011
3	2023-05-03	16:57:32	5589.0823	4	0.0162	0.0021	5591.6770	-0.1	5.6	1.0939	-0.0728	0.0004	0.1369	-2.6593	60	0.000	55.800000	37.500000	179.70	--	--	--	11011
3	2023-05-03	16:58:32	5589.0821	4	0.0138	0.0018	5591.6767	-1.1	5.9	1.0956	-0.0726	0.0004	0.1369	-2.6593	60	0.000	55.800000	37.500000	179.70	--	--	--	11011
3	2023-05-03	16:59:32	5589.0811	4	0.0147	0.0019	5591.6756	0.3	5.9	1.0894	-0.0725	0.0004	0.1368	-2.6593	60	0.000	55.800000	37.500000	179.70	--	--	--	11011
3	2023-05-03	17:00:32	5589.0835	4	0.0173	0.0022	5591.6779	-0.4	5.5	1.0882	-0.0723	0.0003	0.1369	-2.6593	60	0.000	55.800000	37.500000	179.70	--	--	--	11011
3	2023-05-03	17:01:32	5589.0821	4	0.0173	0.0022	5591.6765	0.7	5.0	1.0936	-0.0721	0.0004	0.1367	-2.6593	60	0.000	55.800000	37.500000	179.70	--	--	--	11011
3	2023-05-03	17:02:32	5589.0815	4	0.0182	0.0023	5591.6760	0.1	3.8	1.0969	-0.0719	0.0002	0.1365	-2.6593	60	0.000	55.800000	37.500000	179.70	--	--	--	11011
3	2023-05-03	17:03:32	5589.0821	4	0.0161	0.0021	5591.6763	-0.3	4.1	1.0910	-0.0718	0.0002	0.1366	-2.6593	60	0.000	55.800000	37.500000	179.70	--	--	--	11011
3	2023-05-03	17:04:32	5589.0834	4	0.0162	0.0021	5591.6772	-1.1	5.4	1.0908	-0.0716	0.0004	0.1367	-2.6593	60	0.000	55.800000	37.500000	179.70	--	--	--	11011
3	2023-05-03	17:05:32	5589.0822	4	0.0132	0.0017	5591.6760	-0.4	5.5	1.0942	-0.0714	0.0004	0.1365	-2.6593	60	0.000	55.800000	37.500000	179.70	--	--	--	11011
3	2023-05-03	17:06:32	5589.0840	4	0.0207	0.0027	5591.6777	0.9	5.1	1.0901	-0.0712	0.0004	0.1364	-2.6593	60	0.000	55.800000	37.500000	179.70	--	--	--	11011
3	2023-05-03	17:07:32	5589.0840	4	0.0167	0.0022	5591.6771	1.0	7.2	1.0876	-0.0710	0.0007	0.1366	-2.6593	60	0.000	55.800000	37.500000	179.70	--	--	--	11011
3	2023-05-03	17:08:32	5589.0826	4	0.0143	0.0018	5591.6754	2.0	7.4	1.0981	-0.0708	0.0009	0.1364	-2.6593	60	0.000	55.800000	37.500000	179.70	--	--	--	11011
3	2023-05-03	17:09:32	5589.0838	4	0.0198	0.0026	5591.6763	1.2	8.4	1.0942	-0.0707	0.0010	0.1365	-2.6594	60	0.000	55.800000	37.500000	179.70	--	--	--	11011
3	2023-05-03	17:10:32	5589.0831	4	0.0187	0.0024	5591.6759	-0.2	6.9	1.0947	-0.0705	0.0006	0.1366	-2.6594	60	0.000	55.800000	37.500000	179.70	--	--	--	11011
3	2023-05-03	17:11:32	5589.0829	4	0.0157	0.0020	5591.6754	0.5	7.9	1.0888	-0.0703	0.0008	0.1363	-2.6594	60	0.000	55.800000	37.500000	179.70	--	--	--	11011
3	2023-05-03	17:12:32	5589.0833	4	0.0148	0.0019	5591.6758	-0.2	7.6	1.0929	-0.0701	0.0006	0.1364	-2.6594	60	0.000	55.800000	37.500000	179.70	--	--	--	11011
3	2023-05-03	17:13:32	5589.0829	4	0.0131	0.0017	5591.6753	0.8	7.1	1.0877	-0.0699	0.0007	0.1363	-2.6594	60	0.000	55.800000	37.500000	179.70	--	--	--	11011
3	2023-05-03	17:14:32	5589.0836	4	0.0161	0.0021	5591.6758	2.1	8.6	1.0926	-0.0697	0.0007	0.1362	-2.6594	60	0.000	55.800000	37.500000	179.70	--	--	--	11011
3	2023-05-03	17:15:32	5589.0843	4	0.0148	0.0019	5591.6766	0.4	6.8	1.0906	-0.0696	0.0005	0.1361	-2.6594	60	0.000	55.800000	37.500000	179.70	--	--	--	11011
3	2023-05-03	17:16:32	5589.0823	4	0.0194	0.0025	5591.6740	1.3	9.0	1.0889	-0.0694	0.0008	0.1363	-2.6594	60	0.000	55.800000	37.500000	179.70	--	--	--	11011
3	2023-05-03	17:17:32	5589.0820	4	0.0164	0.0021	5591.6728	1.7	10.7	1.0928	-0.0692	0.0016	0.1362	-2.6594	60	0.000	55.800000	37.500000	179.70	--	--	--	11011
3	2023-05-03	17:18:32	5589.0836	4	0.0171	0.0022	5591.6748	0.5	10.5	1.0916	-0.0690	0.0012	0.1360	-2.6594	60	0.000	55.800000	37.500000	179.70	--	--	--	11011
3	2023-05-03	17:19:32	5589.0838	4	0.0136	0.0018	5591.6747	-0.1	10.6	1.0916	-0.0688	0.0012	0.1361	-2.6594	60	0.000	55.800000	37.500000	179.70	--	--	--	11011
3	2023-05-03	17:20:32	5589.0814	4	0.0172	0.0022	5591.6727	1.6	8.5	1.0798	-0.0686	0.0007	0.1360	-2.6594	60	0.000	55.800000	37.500000	179.70	--	--	--	11011
3	2023-05-03	17:21:32	5589.0829	4	0.0359	0.0046	5591.6733	1.3	9.9	1.0861	-0.0684	0.0014	0.1360	-2.6594	60	0.000	55.800000	37.500000	179.70	--	--	--	11011
3	2023-05-03	17:22:32	5589.0832	4	0.0237	0.0031	5591.6739	2.4	8.5	1.0931	-0.0682	0.0009	0.1361	-2.6595	60	0.000	55.800000	37.500000	179.70	--	--	--	11011
3	2023-05-03	17:23:32	5589.0835	4	0.0207	0.0027	5591.6741	1.7	8.9	1.0818	-0.0680	0.0010	0.1359	-2.6595	60	0.000	55.800000	37.500000	179.70	--	--	--	11011
3	2023-05-03	17:24:32	5589.0823	4	0.0167	0.0022	5591.6728	1.0	8.6	1.0779	-0.0678	0.0008	0.1360	-2.6595	60	0.000	55.800000	37.500000	179.70	--	--	--	11011
3	2023-05-03	17:25:32	5589.0839	4	0.0227	0.0029	5591.6742	0.8	7.7	1.0890	-0.0677	0.0009	0.1360	-2.6595	60	0.000	55.800000	37.500000	179.70	--	--	--	11011
3	2023-05-03	17:26:32	5589.0822	4	0.0195	0.0025	5591.6724	0.0	8.9	1.0836	-0.0675	0.0010	0.1358	-2.6595	60	0.000	55.800000	37.500000	179.70	--	--	--	11011
3	2023-05-03	17:27:32	5589.0828	4	0.0206	0.0027	5591.6727	0.1	8.4	1.0886	-0.0673	0.0010	0.1359	-2.6595	60	0.000	55.800000	37.500000	179.70	--	--	--	11011
3	2023-05-03	17:28:32	5589.0828	4	0.0195	0.0025	5591.6726	-0.3	8.5	1.0909	-0.0671	0.0009	0.1358	-2.6595	60	0.000	55.800000	37.500000	179.70	--	--	--	11011
3	2023-05-03	17:29:32	5589.0823	4	0.0202	0.0026	5591.6718	0.3	10.3	1.0881	-0.0669	0.0012	0.1357	-2.6595	60	0.000	55.800000	37.500000	179.70	--	--	--	11011
3	2023-05-03	17:30:32	5589.0823	4	0.0175	0.0023	5591.6715	-0.5	10.1	1.0884	-0.0667	0.0013	0.1357	-2.6595	60	0.000	55.800000	37.500000	179.70	--	--	--	11011
3	2023-05-03	17:31:32	5589.0826	4	0.0181	0.0023	5591.6718	-1.8	9.1	1.0908	-0.0665	0.0010	0.1358	-2.6595	60	0.000	55.800000	37.500000	179.70	--	--	--	11011
3	2023-05-03	17:32:32	5589.0832	4	0.0170	0.0022	5591.6718	-0.3	11.0	1.0849	-0.0663	0.0014	0.1358	-2.6595	60	0.000	55.800000	37.500000	179.70	--	--	--	11011
3	2023-05-03	17:33:32	5589.0827	4	0.0179	0.0023	5591.6709	-0.4	12.5	1.0844	-0.0661	0.0018	0.1357	-2.6595	60	0.000	55.800000	37.500000	179.70	--	--	--	11011
3	2023-05-03	17:34:32	5589.0841	4	0.0171	0.0022	5591.6724	-0.8	11.4	1.0829	-0.0659	0.0016	0.1357	-2.6596	60	0.000	55.800000	37.500000	179.70	--	--	--	11011
3	2023-05-03	17:35:32	5589.0842	4	0.0150	0.0019	5591.6721	0.1	11.6	1.0902	-0.0657	0.0018	0.1356	-2.6596	60	0.000	55.800000	37.500000	179.70	--	--	--	11011
3	2023-05-03	17:36:32	5589.0851	4	0.0152	0.0020	5591.6727	0.5	12.3	1.0805	-0.0655	0.0020	0.1356	-2.6596	60	0.000	55.800000	37.500000	179.70	--	--	--	11011
3	2023-05-03	17:37:32	5589.0843	4	0.0215	0.0028	5591.6719	-1.7	11.0	1.0880	-0.0653	0.0017	0.1356	-2.6596	60	0.000	55.800000	37.500000	179.70	--	--	--	11011
