/		CG-6 Survey
/		Survey Name:	MAIN-ZVEB
/		Instrument Serial Number:	000000022090468
/		Created:	2023-04-18 06:05:10
/
/		CG-6 Calibration
/		Operator:	VSB
/		Gcal1 [mGal]:	8009.604000
/		Goff [ADU]:	-8388608.000000
/		Gref [mGal]:	0.0000
/		X Scale [arc-sec/ADU]:	0.030806
/		Y Scale [arc-sec/ADU]:	0.030639
/		X Offset [ADU]:	-161936.653023
/		Y Offset [ADU]:	-219406.324612
/		Temperature Coefficient [mGal/mK]:	-0.125000
/		Temperature Scale [mK/ADU]:	-0.000111
/		Drift Rate [mGal/day]:	0.006250
/		Drift Zero Time:	2023-02-13 12:00:00
/		Firmware Version:	CG6_2_20220815
/
/Station	Date	Time	CorrGrav	Line	StdDev	StdErr	RawGrav	X	Y	SensorTemp	TideCorr	TiltCorr	TempCorr	DriftCorr	MeasurDur	InstrHeight	LatUser	LonUser	ElevUser	LatGPS	LonGPS	ElevGPS	Corrections[drift-temp-na-tide-tilt]
1	2023-05-02	06:03:04	5742.2558	2	0.0303	0.0039	5742.3998	-2.2	-0.8	2.8368	-0.0134	0.0001	0.3552	-0.4859	60	0.000	55.780838	37.639160	185.10	55.781605	37.638706	209.1	11011
1	2023-05-02	06:04:04	5742.2551	2	0.0208	0.0027	5742.3989	-2.4	-1.4	2.8363	-0.0131	0.0001	0.3551	-0.4860	60	0.000	55.780838	37.639160	185.10	55.781471	37.638798	208.5	11011
1	2023-05-02	06:05:04	5742.2546	2	0.0292	0.0038	5742.3981	-3.5	-1.0	2.8406	-0.0128	0.0003	0.3550	-0.4860	60	0.000	55.780838	37.639160	185.10	55.781509	37.639133	208.4	11011
1	2023-05-02	06:06:04	5742.2582	2	0.0308	0.0040	5742.4015	-3.0	-0.7	2.8386	-0.0125	0.0001	0.3550	-0.4860	60	0.000	55.780838	37.639160	185.10	55.781506	37.638954	208.3	11011
1	2023-05-02	06:07:04	5742.2550	2	0.0284	0.0037	5742.3982	-2.8	-0.1	2.8429	-0.0123	0.0001	0.3548	-0.4860	60	0.000	55.780838	37.639160	185.10	55.781242	37.639164	207.3	11011
1	2023-05-02	06:08:04	5742.2553	2	0.0270	0.0035	5742.3984	-2.8	1.0	2.8386	-0.0120	0.0001	0.3547	-0.4860	60	0.000	55.780838	37.639160	185.10	55.781414	37.638535	207.8	11011
1	2023-05-02	06:09:04	5742.2548	2	0.0218	0.0028	5742.3977	-3.0	0.7	2.8350	-0.0117	0.0001	0.3546	-0.4860	60	0.000	55.780838	37.639160	185.10	55.781269	37.638817	207.4	11011
1	2023-05-02	06:10:04	5742.2538	2	0.0257	0.0033	5742.3966	-2.8	0.7	2.8359	-0.0114	0.0001	0.3545	-0.4860	60	0.000	55.780838	37.639160	185.10	55.780964	37.639381	208.1	11011
1	2023-05-02	06:11:04	5742.2551	2	0.0258	0.0033	5742.3978	-3.4	0.4	2.8287	-0.0112	0.0002	0.3543	-0.4860	60	0.000	55.780838	37.639160	185.10	55.780781	37.639145	208.6	11011
1	2023-05-02	06:12:04	5742.2541	2	0.0255	0.0033	5742.3966	-2.4	0.0	2.8348	-0.0109	0.0001	0.3543	-0.4860	60	0.000	55.780838	37.639160	185.10	55.780907	37.639141	206.2	11011
1	2023-05-02	06:13:04	5742.2556	2	0.0225	0.0029	5742.3979	-1.6	-0.5	2.8372	-0.0106	0.0000	0.3543	-0.4860	60	0.000	55.780838	37.639160	185.10	55.780899	37.639259	205.7	11011
1	2023-05-02	06:14:04	5742.2564	2	0.0242	0.0031	5742.3983	-2.9	0.3	2.8299	-0.0104	0.0001	0.3544	-0.4860	60	0.000	55.780838	37.639160	185.10	55.780823	37.639248	205.7	11011
1	2023-05-02	06:15:04	5742.2540	2	0.0304	0.0039	5742.3960	-2.0	0.0	2.8355	-0.0101	0.0001	0.3541	-0.4860	60	0.000	55.780838	37.639160	185.10	55.780811	37.639153	204.9	11011
1	2023-05-02	06:16:04	5742.2556	2	0.0221	0.0028	5742.3972	-2.5	1.1	2.8342	-0.0099	0.0001	0.3542	-0.4860	60	0.000	55.780838	37.639160	185.10	55.780869	37.639240	209.2	11011
1	2023-05-02	06:17:04	5742.2558	2	0.0267	0.0034	5742.3972	-2.3	0.3	2.8317	-0.0096	0.0001	0.3540	-0.4860	60	0.000	55.780838	37.639160	185.10	55.780842	37.639313	208.1	11011
1	2023-05-02	06:18:04	5742.2571	2	0.0239	0.0031	5742.3983	-1.4	1.5	2.8325	-0.0093	0.0001	0.3541	-0.4860	60	0.000	55.780838	37.639160	185.10	55.780926	37.639305	205.7	11011
1	2023-05-02	06:19:04	5742.2582	2	0.0285	0.0037	5742.3990	-2.4	2.6	2.8371	-0.0091	0.0001	0.3542	-0.4860	60	0.000	55.780838	37.639160	185.10	55.780876	37.639374	208.8	11011
1	2023-05-02	06:20:04	5742.2557	2	0.0268	0.0035	5742.3961	-3.0	3.5	2.8299	-0.0088	0.0003	0.3542	-0.4860	60	0.000	55.780838	37.639160	185.10	55.780937	37.639332	209.5	11011
1	2023-05-02	06:21:04	5742.2543	2	0.0190	0.0025	5742.3945	-2.2	1.7	2.8335	-0.0086	0.0001	0.3543	-0.4860	60	0.000	55.780838	37.639160	185.10	55.781067	37.639362	209.3	11011
1	2023-05-02	06:22:04	5742.2546	2	0.0224	0.0029	5742.3946	-1.8	3.3	2.8318	-0.0083	0.0002	0.3542	-0.4860	60	0.000	55.780838	37.639160	185.10	55.780937	37.639324	209.3	11011
1	2023-05-02	06:23:04	5742.2556	2	0.0168	0.0022	5742.3953	-3.6	2.6	2.8332	-0.0081	0.0003	0.3540	-0.4860	60	0.000	55.780838	37.639160	185.10	55.780991	37.639259	209.2	11011
1	2023-05-02	06:24:04	5742.2543	2	0.0236	0.0030	5742.3939	-3.0	1.3	2.8422	-0.0078	0.0001	0.3542	-0.4860	60	0.000	55.780838	37.639160	185.10	55.781048	37.639324	209.7	11011
1	2023-05-02	06:25:04	5742.2544	2	0.0250	0.0032	5742.3937	-3.2	2.2	2.8397	-0.0076	0.0002	0.3542	-0.4860	60	0.000	55.780838	37.639160	185.10	55.780983	37.639381	210.8	11011
1	2023-05-02	06:26:04	5742.2544	2	0.0259	0.0033	5742.3935	-3.0	1.7	2.8286	-0.0074	0.0001	0.3542	-0.4860	60	0.000	55.780838	37.639160	185.10	55.780964	37.639240	210.5	11011
1	2023-05-02	06:27:04	5742.2565	2	0.0192	0.0025	5742.3951	-4.7	1.6	2.8389	-0.0071	0.0003	0.3543	-0.4861	60	0.000	55.780838	37.639160	185.10	55.780842	37.639179	208.1	11011
1	2023-05-02	06:28:04	5742.2581	2	0.0263	0.0034	5742.3964	-3.9	2.4	2.8359	-0.0069	0.0002	0.3545	-0.4861	60	0.000	55.780838	37.639160	185.10	55.780613	37.639160	208.2	11011
1	2023-05-02	06:29:04	5742.2570	2	0.0230	0.0030	5742.3950	-5.7	1.2	2.8318	-0.0066	0.0005	0.3543	-0.4861	60	0.000	55.780838	37.639160	185.10	55.780876	37.639217	208.6	11011
1	2023-05-02	06:30:04	5742.2557	2	0.0309	0.0040	5742.3934	-5.2	2.1	2.8366	-0.0064	0.0004	0.3544	-0.4861	60	0.000	55.780838	37.639160	185.10	55.781136	37.639317	209.2	11011
1	2023-05-02	06:31:04	5742.2564	2	0.0257	0.0033	5742.3938	-5.4	2.7	2.8332	-0.0062	0.0005	0.3544	-0.4861	60	0.000	55.780838	37.639160	185.10	55.781013	37.639305	209.5	11011
1	2023-05-02	06:32:04	5742.2558	2	0.0269	0.0035	5742.3932	-5.0	1.2	2.8315	-0.0059	0.0004	0.3543	-0.4861	60	0.000	55.780838	37.639160	185.10	55.780983	37.639297	217.1	11011
1	2023-05-02	06:33:04	5742.2565	2	0.0320	0.0041	5742.3935	-4.4	1.4	2.8335	-0.0057	0.0003	0.3545	-0.4861	60	0.000	55.780838	37.639160	185.10	55.780956	37.639217	211.7	11011
1	2023-05-02	06:34:04	5742.2569	2	0.0229	0.0030	5742.3937	-5.6	0.6	2.8299	-0.0055	0.0004	0.3544	-0.4861	60	0.000	55.780838	37.639160	185.10	55.780956	37.639317	210.7	11011
1	2023-05-02	06:35:04	5742.2557	2	0.0209	0.0027	5742.3923	-5.1	0.3	2.8440	-0.0053	0.0005	0.3543	-0.4861	60	0.000	55.780838	37.639160	185.10	55.780994	37.639305	212.9	11011
1	2023-05-02	06:36:04	5742.2553	2	0.0248	0.0032	5742.3917	-5.3	-0.6	2.8400	-0.0051	0.0004	0.3544	-0.4861	60	0.000	55.780838	37.639160	185.10	55.781071	37.639336	213.2	11011
1	2023-05-02	06:37:04	5742.2555	2	0.0244	0.0031	5742.3914	-5.3	-0.7	2.8375	-0.0048	0.0004	0.3547	-0.4861	60	0.000	55.780838	37.639160	185.10	55.780861	37.639313	213.2	11011
1	2023-05-02	06:38:04	5742.2557	2	0.0255	0.0033	5742.3915	-5.5	-0.2	2.8321	-0.0046	0.0004	0.3546	-0.4861	60	0.000	55.780838	37.639160	185.10	55.780823	37.639160	213.6	11011
1	2023-05-02	06:39:04	5742.2573	2	0.0241	0.0031	5742.3929	-5.6	-0.2	2.8382	-0.0044	0.0003	0.3545	-0.4861	60	0.000	55.780838	37.639160	185.10	55.780716	37.639202	219.0	11011
1	2023-05-02	06:40:04	5742.2556	2	0.0205	0.0027	5742.3911	-4.1	0.1	2.8366	-0.0042	0.0002	0.3546	-0.4861	60	0.000	55.780838	37.639160	185.10	55.780933	37.639294	224.8	11011
1	2023-05-02	06:41:04	5742.2573	2	0.0235	0.0030	5742.3925	-3.6	1.6	2.8365	-0.0040	0.0002	0.3546	-0.4861	60	0.000	55.780838	37.639160	185.10	55.780991	37.639145	223.5	11011
1	2023-05-02	06:42:04	5742.2557	2	0.0258	0.0033	5742.3907	-4.6	0.5	2.8381	-0.0038	0.0003	0.3546	-0.4861	60	0.000	55.780838	37.639160	185.10	55.781307	37.639324	219.6	11011
1	2023-05-02	06:43:04	5742.2524	2	0.0223	0.0029	5742.3870	-5.4	-0.2	2.8357	-0.0036	0.0005	0.3547	-0.4861	60	0.000	55.780838	37.639160	185.10	55.781124	37.639355	219.6	11011
1	2023-05-02	06:44:04	5742.2511	2	0.0288	0.0037	5742.3856	-4.7	0.2	2.8410	-0.0034	0.0002	0.3548	-0.4861	60	0.000	55.780838	37.639160	185.10	55.780991	37.639229	220.4	11011
1	2023-05-02	06:45:04	5742.2530	2	0.0272	0.0035	5742.3876	-3.2	1.2	2.8386	-0.0032	0.0002	0.3546	-0.4861	60	0.000	55.780838	37.639160	185.10	55.781052	37.639305	220.5	11011
1	2023-05-02	06:46:04	5742.2561	2	0.0289	0.0037	5742.3902	-3.7	1.0	2.8378	-0.0030	0.0002	0.3547	-0.4861	60	0.000	55.780838	37.639160	185.10	55.781029	37.639343	219.0	11011
1	2023-05-02	06:47:04	5742.2520	2	0.0258	0.0033	5742.3860	-2.1	0.8	2.8366	-0.0028	0.0001	0.3548	-0.4861	60	0.000	55.780838	37.639160	185.10	55.780964	37.639370	218.6	11011
1	2023-05-02	06:48:04	5742.2547	2	0.0260	0.0034	5742.3887	-3.4	0.7	2.8418	-0.0026	0.0001	0.3546	-0.4861	60	0.000	55.780838	37.639160	185.10	55.780842	37.639393	217.6	11011
1	2023-05-02	06:49:04	5742.2546	2	0.0219	0.0028	5742.3882	-3.1	-0.9	2.8342	-0.0024	0.0001	0.3548	-0.4861	60	0.000	55.780838	37.639160	185.10	55.781048	37.639332	220.2	11011
1	2023-05-02	06:50:04	5742.2556	2	0.0246	0.0032	5742.3891	-3.4	-0.3	2.8435	-0.0022	0.0002	0.3548	-0.4862	60	0.000	55.780838	37.639160	185.10	55.781128	37.639305	220.3	11011
1	2023-05-02	06:51:04	5742.2552	2	0.0270	0.0035	5742.3884	-2.8	0.5	2.8442	-0.0020	0.0002	0.3549	-0.4862	60	0.000	55.780838	37.639160	185.10	55.780895	37.639313	220.0	11011
1	2023-05-02	06:52:04	5742.2556	2	0.0261	0.0034	5742.3885	-4.8	0.2	2.8339	-0.0018	0.0003	0.3548	-0.4862	60	0.000	55.780838	37.639160	185.10	55.780964	37.639259	230.1	11011
1	2023-05-02	06:53:04	5742.2565	2	0.0249	0.0032	5742.3894	-3.9	0.2	2.8396	-0.0017	0.0002	0.3548	-0.4862	60	0.000	55.780838	37.639160	185.10	55.780876	37.639256	222.0	11011
1	2023-05-02	06:54:04	5742.2559	2	0.0289	0.0037	5742.3883	-3.5	0.9	2.8375	-0.0015	0.0002	0.3551	-0.4862	60	0.000	55.780838	37.639160	185.10	55.780994	37.639305	239.4	11011
1	2023-05-02	06:55:04	5742.2548	2	0.0282	0.0036	5742.3869	-4.0	1.6	2.8371	-0.0013	0.0003	0.3550	-0.4862	60	0.000	55.780838	37.639160	185.10	55.781021	37.639336	238.3	11011
1	2023-05-02	06:56:04	5742.2556	2	0.0299	0.0039	5742.3875	-5.6	1.7	2.8438	-0.0011	0.0004	0.3550	-0.4862	60	0.000	55.780838	37.639160	185.10	55.781071	37.639370	238.4	11011
1	2023-05-02	06:57:04	5742.2552	2	0.0222	0.0029	5742.3869	-5.9	1.3	2.8337	-0.0010	0.0005	0.3550	-0.4862	60	0.000	55.780838	37.639160	185.10	55.781067	37.639336	238.3	11011
1	2023-05-02	06:58:04	5742.2553	2	0.0256	0.0033	5742.3871	-4.9	1.5	2.8435	-0.0008	0.0003	0.3548	-0.4862	60	0.000	55.780838	37.639160	185.10	55.781105	37.639332	245.9	11011
1	2023-05-02	06:59:04	5742.2547	2	0.0305	0.0039	5742.3861	-4.3	0.9	2.8414	-0.0006	0.0003	0.3550	-0.4862	60	0.000	55.780838	37.639160	185.10	55.781010	37.639317	243.3	11011
1	2023-05-02	07:00:04	5742.2548	2	0.0257	0.0033	5742.3861	-4.7	2.2	2.8392	-0.0004	0.0004	0.3550	-0.4862	60	0.000	55.780838	37.639160	185.10	55.781013	37.639267	247.7	11011
1	2023-05-02	07:01:04	5742.2560	2	0.0322	0.0042	5742.3871	-5.0	2.3	2.8442	-0.0003	0.0004	0.3550	-0.4862	60	0.000	55.780838	37.639160	185.10	55.780983	37.639240	247.5	11011
1	2023-05-02	07:02:04	5742.2543	2	0.0168	0.0022	5742.3855	-3.7	1.6	2.8452	-0.0001	0.0002	0.3550	-0.4862	60	0.000	55.780838	37.639160	185.10	55.780899	37.639221	244.5	11011
21	2023-05-02	08:36:59	5719.6664	2	0.0303	0.0039	5719.7906	0.2	-1.9	2.8667	0.0032	0.0001	0.3591	-0.4866	60	0.000	55.780838	37.639160	185.10	55.699482	36.757751	172.4	11011
21	2023-05-02	08:37:59	5719.6671	2	0.0398	0.0051	5719.7917	0.9	-1.9	2.8739	0.0031	0.0001	0.3589	-0.4866	60	0.000	55.780838	37.639160	185.10	55.699375	36.757675	174.1	11011
21	2023-05-02	08:38:59	5719.6702	2	0.0304	0.0039	5719.7951	1.5	-2.6	2.8709	0.0030	0.0002	0.3586	-0.4866	60	0.000	55.780838	37.639160	185.10	55.699463	36.757763	175.0	11011
21	2023-05-02	08:39:59	5719.6672	2	0.0285	0.0037	5719.7926	2.4	-2.7	2.8677	0.0029	0.0002	0.3581	-0.4866	60	0.000	55.780838	37.639160	185.10	55.699436	36.757759	177.3	11011
21	2023-05-02	08:40:59	5719.6680	2	0.0301	0.0039	5719.7939	1.9	-2.6	2.8570	0.0028	0.0002	0.3578	-0.4866	60	0.000	55.780838	37.639160	185.10	55.699432	36.757835	177.4	11011
21	2023-05-02	08:41:59	5719.6682	2	0.0315	0.0041	5719.7945	1.5	-0.1	2.8552	0.0027	0.0001	0.3576	-0.4866	60	0.000	55.780838	37.639160	185.10	55.699444	36.757778	176.9	11011
21	2023-05-02	08:42:59	5719.6702	2	0.0322	0.0042	5719.7971	1.5	-1.1	2.8585	0.0026	0.0001	0.3571	-0.4866	60	0.000	55.780838	37.639160	185.10	55.699444	36.757790	175.7	11011
21	2023-05-02	08:43:59	5719.6647	2	0.0301	0.0039	5719.7922	1.3	-1.6	2.8485	0.0025	0.0001	0.3566	-0.4866	60	0.000	55.780838	37.639160	185.10	55.699463	36.757763	177.7	11011
21	2023-05-02	08:44:59	5719.6652	2	0.0287	0.0037	5719.7932	0.2	-1.1	2.8514	0.0024	0.0000	0.3563	-0.4867	60	0.000	55.780838	37.639160	185.10	55.699379	36.757759	176.2	11011
21	2023-05-02	08:45:59	5719.6660	2	0.0331	0.0043	5719.7943	1.5	-1.8	2.8542	0.0023	0.0001	0.3560	-0.4867	60	0.000	55.780838	37.639160	185.10	55.699730	36.758152	175.4	11011
21	2023-05-02	08:46:59	5719.6653	2	0.0293	0.0038	5719.7940	2.3	-1.8	2.8440	0.0021	0.0002	0.3557	-0.4867	60	0.000	55.780838	37.639160	185.10	55.699547	36.757801	178.0	11011
21	2023-05-02	08:47:59	5719.6645	2	0.0308	0.0040	5719.7937	0.8	-2.0	2.8427	0.0020	0.0001	0.3554	-0.4867	60	0.000	55.780838	37.639160	185.10	55.699673	36.758018	177.6	11011
21	2023-05-02	08:48:59	5719.6661	2	0.0361	0.0047	5719.7957	1.7	-1.1	2.8479	0.0019	0.0001	0.3551	-0.4867	60	0.000	55.780838	37.639160	185.10	55.699539	36.757778	178.2	11011
21	2023-05-02	08:49:59	5719.6658	2	0.0333	0.0043	5719.7957	2.2	-0.2	2.8376	0.0018	0.0001	0.3549	-0.4867	60	0.000	55.780838	37.639160	185.10	55.699539	36.757816	179.1	11011
21	2023-05-02	08:50:59	5719.6651	2	0.0350	0.0045	5719.7955	2.2	-0.7	2.8394	0.0017	0.0001	0.3545	-0.4867	60	0.000	55.780838	37.639160	185.10	55.699471	36.757771	179.3	11011
21	2023-05-02	08:51:59	5719.6669	2	0.0213	0.0028	5719.7978	1.3	-1.3	2.8406	0.0015	0.0001	0.3542	-0.4867	60	0.000	55.780838	37.639160	185.10	55.699368	36.757587	179.0	11011
21	2023-05-02	08:52:59	5719.6678	2	0.0293	0.0038	5719.7988	1.3	2.0	2.8367	0.0014	0.0001	0.3542	-0.4867	60	0.000	55.780838	37.639160	185.10	55.699444	36.757702	180.3	11011
21	2023-05-02	08:53:59	5719.6692	2	0.0335	0.0043	5719.8006	1.9	0.9	2.8234	0.0013	0.0001	0.3540	-0.4867	60	0.000	55.780838	37.639160	185.10	55.699455	36.757607	176.4	11011
21	2023-05-02	08:54:59	5719.6687	2	0.0310	0.0040	5719.8005	0.5	0.5	2.8332	0.0011	0.0000	0.3536	-0.4867	60	0.000	55.780838	37.639160	185.10	55.699368	36.757549	177.9	11011
21	2023-05-02	08:55:59	5719.6679	2	0.0416	0.0054	5719.8000	0.9	0.2	2.8327	0.0010	0.0000	0.3536	-0.4867	60	0.000	55.780838	37.639160	185.10	55.699398	36.757626	177.9	11011
21	2023-05-02	08:56:59	5719.6703	2	0.0366	0.0047	5719.8029	0.9	-0.1	2.8239	0.0009	0.0000	0.3532	-0.4867	60	0.000	55.780838	37.639160	185.10	55.699375	36.757568	175.8	11011
21	2023-05-02	08:57:59	5719.6655	2	0.0394	0.0051	5719.7981	0.9	0.2	2.8265	0.0007	0.0000	0.3533	-0.4867	60	0.000	55.780838	37.639160	185.10	55.699432	36.757751	176.0	11011
21	2023-05-02	08:58:59	5719.6667	2	0.0431	0.0056	5719.7996	2.3	0.7	2.8222	0.0006	0.0001	0.3531	-0.4867	60	0.000	55.780838	37.639160	185.10	55.699253	36.757599	176.3	11011
21	2023-05-02	08:59:59	5719.6673	2	0.0273	0.0035	5719.8007	2.1	0.5	2.8232	0.0004	0.0001	0.3528	-0.4867	60	0.000	55.780838	37.639160	185.10	55.699692	36.757874	176.4	11011
21	2023-05-02	09:00:59	5719.6674	2	0.0261	0.0034	5719.8010	1.7	0.9	2.8199	0.0003	0.0001	0.3527	-0.4867	60	0.000	55.780838	37.639160	185.10	55.699348	36.757626	176.8	11011
21	2023-05-02	09:01:59	5719.6669	2	0.0280	0.0036	5719.8010	1.8	1.0	2.8167	0.0001	0.0000	0.3525	-0.4867	60	0.000	55.780838	37.639160	185.10	55.699413	36.757580	177.2	11011
21	2023-05-02	09:02:59	5719.6651	2	0.0249	0.0032	5719.7993	1.9	1.3	2.8183	-0.0000	0.0001	0.3524	-0.4867	60	0.000	55.780838	37.639160	185.10	55.699539	36.757771	176.5	11011
21	2023-05-02	09:03:59	5719.6667	2	0.0325	0.0042	5719.8014	1.3	1.5	2.8120	-0.0002	0.0001	0.3522	-0.4867	60	0.000	55.780838	37.639160	185.10	55.699413	36.757725	176.4	11011
21	2023-05-02	09:04:59	5719.6657	2	0.0306	0.0040	5719.8005	2.1	1.5	2.8135	-0.0003	0.0001	0.3521	-0.4867	60	0.000	55.780838	37.639160	185.10	55.699642	36.757694	175.7	11011
21	2023-05-02	09:05:59	5719.6654	2	0.0321	0.0041	5719.8008	1.3	1.5	2.8140	-0.0005	0.0001	0.3517	-0.4867	60	0.000	55.780838	37.639160	185.10	55.699341	36.757702	175.2	11011
21	2023-05-02	09:06:59	5719.6666	2	0.0302	0.0039	5719.8023	2.1	1.5	2.8094	-0.0006	0.0001	0.3516	-0.4867	60	0.000	55.780838	37.639160	185.10	55.699207	36.757675	174.6	11011
21	2023-05-02	09:07:59	5719.6656	2	0.0328	0.0042	5719.8014	1.2	2.3	2.8115	-0.0008	0.0001	0.3517	-0.4868	60	0.000	55.780838	37.639160	185.10	55.699398	36.757587	175.5	11011
21	2023-05-02	09:08:59	5719.6659	2	0.0334	0.0043	5719.8023	1.1	2.0	2.8064	-0.0010	0.0000	0.3513	-0.4868	60	0.000	55.780838	37.639160	185.10	55.699356	36.757675	176.4	11011
21	2023-05-02	09:09:59	5719.6668	2	0.0326	0.0042	5719.8032	2.2	2.4	2.8074	-0.0011	0.0002	0.3514	-0.4868	60	0.000	55.780838	37.639160	185.10	55.699444	36.757713	175.6	11011
21	2023-05-02	09:10:59	5719.6667	2	0.0378	0.0049	5719.8034	3.1	2.6	2.8081	-0.0013	0.0002	0.3511	-0.4868	60	0.000	55.780838	37.639160	185.10	55.699375	36.757645	174.9	11011
21	2023-05-02	09:11:59	5719.6664	2	0.0322	0.0042	5719.8037	1.9	1.3	2.8095	-0.0015	0.0001	0.3508	-0.4868	60	0.000	55.780838	37.639160	185.10	55.699368	36.757648	174.2	11011
21	2023-05-02	09:12:59	5719.6658	2	0.0333	0.0043	5719.8032	1.2	2.7	2.8051	-0.0017	0.0002	0.3509	-0.4868	60	0.000	55.780838	37.639160	185.10	55.699341	36.757713	172.0	11011
21	2023-05-02	09:13:59	5719.6651	2	0.0305	0.0039	5719.8028	1.6	2.6	2.7997	-0.0018	0.0002	0.3507	-0.4868	60	0.000	55.780838	37.639160	185.10	55.699444	36.757683	172.3	11011
21	2023-05-02	09:14:59	5719.6646	2	0.0309	0.0040	5719.8025	0.1	2.9	2.7998	-0.0020	0.0002	0.3507	-0.4868	60	0.000	55.780838	37.639160	185.10	55.699398	36.757706	173.1	11011
21	2023-05-02	09:15:59	5719.6647	2	0.0465	0.0060	5719.8031	1.7	1.9	2.8032	-0.0022	0.0001	0.3505	-0.4868	60	0.000	55.780838	37.639160	185.10	55.699387	36.757744	172.3	11011
21	2023-05-02	09:16:59	5719.6671	2	0.0259	0.0033	5719.8058	2.0	1.0	2.8037	-0.0024	0.0001	0.3504	-0.4868	60	0.000	55.780838	37.639160	185.10	55.699375	36.757668	169.7	11011
21	2023-05-02	09:17:59	5719.6658	2	0.0308	0.0040	5719.8048	1.9	1.1	2.8054	-0.0026	0.0001	0.3502	-0.4868	60	0.000	55.780838	37.639160	185.10	55.699413	36.757702	169.9	11011
21	2023-05-02	09:18:59	5719.6653	2	0.0408	0.0053	5719.8046	1.7	1.5	2.7962	-0.0028	0.0001	0.3502	-0.4868	60	0.000	55.780838	37.639160	185.10	55.699318	36.757687	169.4	11011
21	2023-05-02	09:19:59	5719.6647	2	0.0331	0.0043	5719.8044	1.4	1.2	2.7940	-0.0029	0.0001	0.3500	-0.4868	60	0.000	55.780838	37.639160	185.10	55.699406	36.757675	168.0	11011
21	2023-05-02	09:20:59	5719.6654	2	0.0260	0.0034	5719.8052	3.3	2.6	2.7982	-0.0031	0.0003	0.3499	-0.4868	60	0.000	55.780838	37.639160	185.10	55.699512	36.757687	163.5	11011
21	2023-05-02	09:21:59	5719.6646	2	0.0466	0.0060	5719.8049	2.3	2.1	2.7977	-0.0033	0.0001	0.3497	-0.4868	60	0.000	55.780838	37.639160	185.10	55.699341	36.757713	165.5	11011
21	2023-05-02	09:22:59	5719.6668	2	0.0331	0.0043	5719.8072	2.3	1.7	2.7921	-0.0035	0.0002	0.3498	-0.4868	60	0.000	55.780838	37.639160	185.10	55.699375	36.757668	166.5	11011
21	2023-05-02	09:23:59	5719.6660	2	0.0333	0.0043	5719.8067	2.9	1.3	2.7972	-0.0037	0.0002	0.3496	-0.4868	60	0.000	55.780838	37.639160	185.10	55.699368	36.757675	172.0	11011
21	2023-05-02	09:24:59	5719.6655	2	0.0352	0.0045	5719.8066	1.8	1.3	2.7936	-0.0039	0.0001	0.3496	-0.4868	60	0.000	55.780838	37.639160	185.10	55.699348	36.757668	168.3	11011
21	2023-05-02	09:25:59	5719.6657	2	0.0323	0.0042	5719.8073	0.7	1.4	2.8058	-0.0041	0.0000	0.3492	-0.4868	60	0.000	55.780838	37.639160	185.10	55.699322	36.757607	163.1	11011
21	2023-05-02	09:26:59	5719.6659	2	0.0313	0.0040	5719.8076	0.4	1.1	2.7928	-0.0043	0.0000	0.3494	-0.4868	60	0.000	55.780838	37.639160	185.10	55.699398	36.757702	162.8	11011
21	2023-05-02	09:27:59	5719.6681	2	0.0338	0.0044	5719.8099	-0.4	1.5	2.7960	-0.0045	0.0001	0.3495	-0.4868	60	0.000	55.780838	37.639160	185.10	55.699490	36.757751	162.6	11011
21	2023-05-02	09:28:59	5719.6662	2	0.0230	0.0030	5719.8085	0.6	2.2	2.7904	-0.0047	0.0001	0.3492	-0.4868	60	0.000	55.780838	37.639160	185.10	55.699551	36.757675	162.0	11011
21	2023-05-02	09:29:59	5719.6657	2	0.0338	0.0044	5719.8084	-0.4	2.2	2.7864	-0.0049	0.0001	0.3490	-0.4868	60	0.000	55.780838	37.639160	185.10	55.699444	36.757675	162.1	11011
21	2023-05-02	09:30:59	5719.6675	2	0.0314	0.0040	5719.8105	1.1	2.3	2.7915	-0.0052	0.0001	0.3490	-0.4869	60	0.000	55.780838	37.639160	185.10	55.699482	36.757725	161.9	11011
21	2023-05-02	09:31:59	5719.6664	2	0.0409	0.0053	5719.8095	1.1	2.5	2.7893	-0.0054	0.0001	0.3490	-0.4869	60	0.000	55.780838	37.639160	185.10	55.699444	36.757656	160.9	11011
21	2023-05-02	09:32:59	5719.6652	2	0.0399	0.0052	5719.8086	0.5	3.1	2.7931	-0.0056	0.0001	0.3489	-0.4869	60	0.000	55.780838	37.639160	185.10	55.699528	36.757713	161.0	11011
21	2023-05-02	09:33:59	5719.6669	2	0.0307	0.0040	5719.8108	0.1	3.2	2.7884	-0.0058	0.0002	0.3487	-0.4869	60	0.000	55.780838	37.639160	185.10	55.699547	36.757744	161.4	11011
21	2023-05-02	09:34:59	5719.6698	2	0.0388	0.0050	5719.8140	-0.0	3.2	2.7881	-0.0060	0.0001	0.3486	-0.4869	60	0.000	55.780838	37.639160	185.10	55.699471	36.757702	162.5	11011
21	2023-05-02	09:35:59	5719.6693	2	0.0289	0.0037	5719.8138	-1.7	1.5	2.7888	-0.0062	0.0001	0.3485	-0.4869	60	0.000	55.780838	37.639160	185.10	55.699490	36.757740	162.6	11011
1	2023-05-02	11:13:29	5742.2453	2	0.0256	0.0033	5742.4082	-1.2	-1.2	2.8659	-0.0337	0.0001	0.3580	-0.4873	60	0.000	55.780838	37.639160	185.10	55.781067	37.639351	145.8	11011
1	2023-05-02	11:14:29	5742.2454	2	0.0285	0.0037	5742.4088	-1.5	-2.2	2.8644	-0.0340	0.0001	0.3579	-0.4873	60	0.000	55.780838	37.639160	185.10	55.780972	37.639343	145.4	11011
1	2023-05-02	11:15:29	5742.2480	2	0.0266	0.0034	5742.4115	-2.3	-1.8	2.8656	-0.0343	0.0001	0.3579	-0.4873	60	0.000	55.780838	37.639160	185.10	55.781166	37.639305	147.8	11011
1	2023-05-02	11:16:29	5742.2486	2	0.0359	0.0046	5742.4127	-2.3	-1.7	2.8612	-0.0346	0.0001	0.3577	-0.4873	60	0.000	55.780838	37.639160	185.10	55.780907	37.639343	147.8	11011
1	2023-05-02	11:17:29	5742.2471	2	0.0268	0.0035	5742.4116	-1.1	-1.2	2.8542	-0.0349	0.0001	0.3576	-0.4873	60	0.000	55.780838	37.639160	185.10	55.780933	37.639420	151.0	11011
1	2023-05-02	11:18:29	5742.2443	2	0.0250	0.0032	5742.4092	-2.2	-2.2	2.8562	-0.0352	0.0002	0.3574	-0.4873	60	0.000	55.780838	37.639160	185.10	55.780895	37.639469	154.5	11011
1	2023-05-02	11:19:29	5742.2444	2	0.0238	0.0031	5742.4099	-2.6	-0.9	2.8555	-0.0355	0.0001	0.3573	-0.4873	60	0.000	55.780838	37.639160	185.10	55.781029	37.639172	156.7	11011
1	2023-05-02	11:20:29	5742.2460	2	0.0274	0.0035	5742.4119	-3.2	0.2	2.8558	-0.0358	0.0001	0.3571	-0.4873	60	0.000	55.780838	37.639160	185.10	55.780876	37.639294	164.1	11011
1	2023-05-02	11:21:29	5742.2468	2	0.0287	0.0037	5742.4131	-2.0	0.0	2.8531	-0.0361	0.0001	0.3571	-0.4873	60	0.000	55.780838	37.639160	185.10	55.780918	37.639336	163.9	11011
1	2023-05-02	11:22:29	5742.2448	2	0.0241	0.0031	5742.4116	-2.0	-0.1	2.8594	-0.0364	0.0001	0.3570	-0.4873	60	0.000	55.780838	37.639160	185.10	55.781010	37.639458	164.2	11011
1	2023-05-02	11:23:29	5742.2469	2	0.0239	0.0031	5742.4141	-0.9	1.1	2.8560	-0.0368	0.0000	0.3569	-0.4873	60	0.000	55.780838	37.639160	185.10	55.781078	37.639191	165.1	11011
1	2023-05-02	11:24:29	5742.2470	2	0.0229	0.0030	5742.4144	-1.9	1.5	2.8557	-0.0371	0.0001	0.3570	-0.4873	60	0.000	55.780838	37.639160	185.10	55.781067	37.639248	163.9	11011
1	2023-05-02	11:25:29	5742.2480	2	0.0214	0.0028	5742.4157	-2.4	1.6	2.8541	-0.0374	0.0001	0.3569	-0.4873	60	0.000	55.780838	37.639160	185.10	55.780956	37.639324	163.3	11011
1	2023-05-02	11:26:29	5742.2465	2	0.0250	0.0032	5742.4146	-1.8	1.2	2.8524	-0.0377	0.0001	0.3569	-0.4874	60	0.000	55.780838	37.639160	185.10	55.781067	37.639256	163.9	11011
1	2023-05-02	11:27:29	5742.2448	2	0.0297	0.0038	5742.4134	-0.7	2.0	2.8510	-0.0380	0.0001	0.3566	-0.4874	60	0.000	55.780838	37.639160	185.10	55.781013	37.639160	163.0	11011
1	2023-05-02	11:28:29	5742.2483	2	0.0210	0.0027	5742.4173	-0.6	1.6	2.8524	-0.0383	0.0001	0.3566	-0.4874	60	0.000	55.780838	37.639160	185.10	55.781067	37.639164	166.2	11011
1	2023-05-02	11:29:29	5742.2476	2	0.0250	0.0032	5742.4170	-0.6	1.1	2.8565	-0.0386	0.0000	0.3566	-0.4874	60	0.000	55.780838	37.639160	185.10	55.780994	37.639294	166.9	11011
1	2023-05-02	11:30:29	5742.2458	2	0.0235	0.0030	5742.4153	-1.6	0.5	2.8504	-0.0389	0.0001	0.3567	-0.4874	60	0.000	55.780838	37.639160	185.10	55.780754	37.639275	167.9	11011
1	2023-05-02	11:31:29	5742.2462	2	0.0213	0.0027	5742.4161	-2.1	0.9	2.8523	-0.0392	0.0001	0.3567	-0.4874	60	0.000	55.780838	37.639160	185.10	55.781040	37.639114	168.0	11011
1	2023-05-02	11:32:29	5742.2490	2	0.0276	0.0036	5742.4195	-1.4	0.9	2.8570	-0.0395	0.0001	0.3564	-0.4874	60	0.000	55.780838	37.639160	185.10	55.780964	37.639465	168.5	11011
1	2023-05-02	11:33:29	5742.2471	2	0.0224	0.0029	5742.4178	-0.8	0.4	2.8506	-0.0398	0.0000	0.3564	-0.4874	60	0.000	55.780838	37.639160	185.10	55.781067	37.639439	168.5	11011
1	2023-05-02	11:34:29	5742.2454	2	0.0218	0.0028	5742.4164	-0.7	0.7	2.8530	-0.0401	0.0001	0.3564	-0.4874	60	0.000	55.780838	37.639160	185.10	55.780933	37.639248	169.3	11011
1	2023-05-02	11:35:29	5742.2446	2	0.0304	0.0039	5742.4160	0.1	0.9	2.8508	-0.0404	0.0000	0.3564	-0.4874	60	0.000	55.780838	37.639160	185.10	55.780918	37.639370	168.8	11011
1	2023-05-02	11:36:29	5742.2444	2	0.0372	0.0048	5742.4163	-0.3	0.5	2.8493	-0.0407	0.0000	0.3562	-0.4874	60	0.000	55.780838	37.639160	185.10	55.780983	37.639278	170.5	11011
1	2023-05-02	11:37:29	5742.2440	2	0.0205	0.0026	5742.4163	-0.6	0.1	2.8480	-0.0410	0.0000	0.3561	-0.4874	60	0.000	55.780838	37.639160	185.10	55.780983	37.639229	171.1	11011
1	2023-05-02	11:38:29	5742.2464	2	0.0262	0.0034	5742.4190	-1.5	0.9	2.8473	-0.0413	0.0001	0.3561	-0.4874	60	0.000	55.780838	37.639160	185.10	55.781109	37.639324	171.2	11011
1	2023-05-02	11:39:29	5742.2461	2	0.0333	0.0043	5742.4190	-1.0	0.8	2.8468	-0.0416	0.0000	0.3561	-0.4874	60	0.000	55.780838	37.639160	185.10	55.780972	37.639324	171.3	11011
1	2023-05-02	11:40:29	5742.2449	2	0.0255	0.0033	5742.4182	-1.2	0.5	2.8566	-0.0419	0.0000	0.3559	-0.4874	60	0.000	55.780838	37.639160	185.10	55.781040	37.639019	171.3	11011
1	2023-05-02	11:41:29	5742.2452	2	0.0280	0.0036	5742.4187	-2.1	1.0	2.8484	-0.0422	0.0001	0.3561	-0.4874	60	0.000	55.780838	37.639160	185.10	55.781040	37.639069	171.0	11011
1	2023-05-02	11:42:29	5742.2444	2	0.0243	0.0031	5742.4183	-2.9	0.9	2.8421	-0.0425	0.0001	0.3559	-0.4874	60	0.000	55.780838	37.639160	185.10	55.780514	37.639858	171.1	11011
1	2023-05-02	11:43:29	5742.2450	2	0.0256	0.0033	5742.4192	-1.9	-0.3	2.8491	-0.0428	0.0001	0.3559	-0.4874	60	0.000	55.780838	37.639160	185.10	55.780842	37.639446	172.8	11011
1	2023-05-02	11:44:29	5742.2442	2	0.0306	0.0040	5742.4187	-2.0	0.1	2.8478	-0.0431	0.0001	0.3559	-0.4874	60	0.000	55.780838	37.639160	185.10	55.780991	37.639259	172.9	11011
1	2023-05-02	11:45:29	5742.2453	2	0.0274	0.0035	5742.4202	-1.9	-0.0	2.8474	-0.0434	0.0001	0.3559	-0.4874	60	0.000	55.780838	37.639160	185.10	55.781048	37.639343	172.8	11011
1	2023-05-02	11:46:29	5742.2442	2	0.0239	0.0031	5742.4194	-2.0	0.7	2.8386	-0.0437	0.0001	0.3559	-0.4874	60	0.000	55.780838	37.639160	185.10	55.780907	37.639324	172.4	11011
1	2023-05-02	11:47:29	5742.2438	2	0.0272	0.0035	5742.4191	-2.3	1.5	2.8416	-0.0440	0.0001	0.3560	-0.4874	60	0.000	55.780838	37.639160	185.10	55.780937	37.639374	173.9	11011
1	2023-05-02	11:48:29	5742.2467	2	0.0296	0.0038	5742.4223	-2.6	2.4	2.8488	-0.0443	0.0002	0.3559	-0.4874	60	0.000	55.780838	37.639160	185.10	55.780918	37.639370	175.9	11011
1	2023-05-02	11:49:29	5742.2438	2	0.0202	0.0026	5742.4199	-1.8	1.5	2.8484	-0.0446	0.0001	0.3559	-0.4875	60	0.000	55.780838	37.639160	185.10	55.780895	37.639259	178.9	11011
1	2023-05-02	11:50:29	5742.2453	2	0.0247	0.0032	5742.4217	-1.7	1.8	2.8461	-0.0449	0.0001	0.3558	-0.4875	60	0.000	55.780838	37.639160	185.10	55.780926	37.639248	179.6	11011
1	2023-05-02	11:51:29	5742.2410	2	0.0223	0.0029	5742.4177	-1.1	2.7	2.8447	-0.0452	0.0002	0.3558	-0.4875	60	0.000	55.780838	37.639160	185.10	55.781078	37.639259	180.1	11011
1	2023-05-02	11:52:29	5742.2413	2	0.0247	0.0032	5742.4183	0.0	3.2	2.8407	-0.0455	0.0001	0.3558	-0.4875	60	0.000	55.780838	37.639160	185.10	55.781067	37.639297	180.6	11011
1	2023-05-02	11:53:29	5742.2420	2	0.0282	0.0036	5742.4194	-0.4	3.4	2.8402	-0.0457	0.0002	0.3557	-0.4875	60	0.000	55.780838	37.639160	185.10	55.780918	37.639294	183.2	11011
1	2023-05-02	11:54:29	5742.2434	2	0.0287	0.0037	5742.4210	0.2	4.0	2.8485	-0.0460	0.0002	0.3557	-0.4875	60	0.000	55.780838	37.639160	185.10	55.780983	37.639236	184.0	11011
1	2023-05-02	11:55:29	5742.2420	2	0.0255	0.0033	5742.4200	0.4	3.3	2.8426	-0.0463	0.0002	0.3557	-0.4875	60	0.000	55.780838	37.639160	185.10	55.781071	37.639267	184.6	11011
1	2023-05-02	11:56:29	5742.2435	2	0.0250	0.0032	5742.4218	1.0	3.3	2.8413	-0.0466	0.0002	0.3556	-0.4875	60	0.000	55.780838	37.639160	185.10	55.780983	37.639256	184.9	11011
1	2023-05-02	11:57:29	5742.2411	2	0.0279	0.0036	5742.4198	-0.2	2.7	2.8462	-0.0469	0.0001	0.3556	-0.4875	60	0.000	55.780838	37.639160	185.10	55.781155	37.639172	185.3	11011
1	2023-05-02	11:58:29	5742.2428	2	0.0276	0.0036	5742.4217	-0.9	4.0	2.8431	-0.0472	0.0002	0.3557	-0.4875	60	0.000	55.780838	37.639160	185.10	55.780849	37.639229	188.7	11011
1	2023-05-02	11:59:29	5742.2408	2	0.0187	0.0024	5742.4199	-0.9	3.9	2.8424	-0.0475	0.0002	0.3557	-0.4875	60	0.000	55.780838	37.639160	185.10	55.780842	37.639305	192.1	11011
1	2023-05-02	12:00:29	5742.2429	2	0.0260	0.0034	5742.4224	-1.6	4.2	2.8427	-0.0477	0.0003	0.3555	-0.4875	60	0.000	55.780838	37.639160	185.10	55.780849	37.639221	193.4	11011
1	2023-05-02	12:01:29	5742.2433	2	0.0282	0.0036	5742.4229	-1.6	5.1	2.8522	-0.0480	0.0004	0.3556	-0.4875	60	0.000	55.780838	37.639160	185.10	55.780991	37.639332	193.0	11011
1	2023-05-02	12:02:29	5742.2427	2	0.0232	0.0030	5742.4226	-1.4	4.4	2.8437	-0.0483	0.0002	0.3557	-0.4875	60	0.000	55.780838	37.639160	185.10	55.780933	37.639336	193.3	11011
1	2023-05-02	12:03:29	5742.2429	2	0.0286	0.0037	5742.4232	-2.0	4.2	2.8485	-0.0486	0.0003	0.3555	-0.4875	60	0.000	55.780838	37.639160	185.10	55.780895	37.639236	193.3	11011
1	2023-05-02	12:04:29	5742.2416	2	0.0259	0.0033	5742.4223	-1.5	3.2	2.8448	-0.0489	0.0001	0.3556	-0.4875	60	0.000	55.780838	37.639160	185.10	55.780563	37.638992	192.8	11011
1	2023-05-02	12:05:29	5742.2431	2	0.0295	0.0038	5742.4240	-1.6	2.9	2.8444	-0.0491	0.0002	0.3556	-0.4875	60	0.000	55.780838	37.639160	185.10	55.780495	37.639019	192.8	11011
1	2023-05-02	12:06:29	5742.2442	2	0.0237	0.0031	5742.4255	-1.1	3.8	2.8418	-0.0494	0.0002	0.3554	-0.4875	60	0.000	55.780838	37.639160	185.10	55.781021	37.639523	194.2	11011
1	2023-05-02	12:07:29	5742.2430	2	0.0260	0.0034	5742.4244	-2.4	3.6	2.8437	-0.0497	0.0003	0.3555	-0.4875	60	0.000	55.780838	37.639160	185.10	55.781021	37.639278	195.6	11011
1	2023-05-02	12:08:29	5742.2435	2	0.0274	0.0035	5742.4253	-2.9	2.5	2.8461	-0.0500	0.0002	0.3555	-0.4875	60	0.000	55.780838	37.639160	185.10	55.780823	37.639236	195.7	11011
1	2023-05-02	12:09:29	5742.2432	2	0.0284	0.0037	5742.4254	-2.4	2.7	2.8423	-0.0502	0.0002	0.3554	-0.4875	60	0.000	55.780838	37.639160	185.10	55.780880	37.639294	196.3	11011
1	2023-05-02	12:10:29	5742.2448	2	0.0311	0.0040	5742.4272	-1.4	4.4	2.8414	-0.0505	0.0003	0.3554	-0.4875	60	0.000	55.780838	37.639160	185.10	55.780983	37.639000	200.4	11011
1	2023-05-02	12:11:29	5742.2460	2	0.0269	0.0035	5742.4288	-1.4	2.6	2.8409	-0.0508	0.0001	0.3554	-0.4875	60	0.000	55.780838	37.639160	185.10	55.781162	37.639622	199.6	11011
1	2023-05-02	12:12:29	5742.2453	2	0.0283	0.0037	5742.4283	-2.1	2.7	2.8470	-0.0510	0.0002	0.3554	-0.4876	60	0.000	55.780838	37.639160	185.10	55.780956	37.639393	197.8	11011
