
/	CG-5 SURVEY
/	Survey name:   	110a-kpre-ledv
/	Instrument S/N:	40443
/	Client:        	tsniigaik
/	Operator:      	epr
/	Date:          	2022/ 4/13
/	Time:          	05:20:52
/	LONG:        	37.5000000 E
/	LAT:         	55.8000000 N
/	ZONE:        	0       
/	GMT DIFF.:   	0.0 

/	CG-5 SETUP PARAMETERS
/	Gref:			0.000   
/	Gcal1:		8444.126
/	TiltxS:		621.286 
/	TiltyS:		641.192 
/	TiltxO:		-39.915 
/	TiltyO:		6.881   
/	Tempco:		-0.130  
/	Drift:		0.743   
/	DriftTime Start:	05:20:53
/	DriftDate Start:	2022/04/13

/	CG-5 OPTIONS
/	Tide Correction:    YES
/	Cont. Tilt:          NO
/	Auto Rejection:     YES
/	Terrain Corr.:       NO
/	Seismic Filter:     YES
/	Raw Data:           YES
Line	 134.000N
/------LINE-----STATION-----ALT.------GRAV.---SD.--TILTX--TILTY-TEMP---TIDE---DUR-REJ-----TIME----DEC.TIME+DATE--TERRAIN---DATE
134.0000000  14.0000000   28.3689   6842.227 0.099   -1.6    0.6 -2.09 -0.053  55   8 05:38:31     44632.23470    0.0000  2022/04/13
134.0000000  14.0000000   28.6131   6842.225 0.048   -1.9    0.4 -2.09 -0.053  55   0 05:39:36     44632.23546    0.0000  2022/04/13
134.0000000  14.0000000   28.6131   6842.226 0.050   -2.2    0.3 -2.10 -0.052  55   0 05:40:36     44632.23615    0.0000  2022/04/13
134.0000000  14.0000000   28.6131   6842.226 0.050   -2.3    0.0 -2.10 -0.052  55   0 05:41:36     44632.23684    0.0000  2022/04/13
134.0000000  14.0000000   28.6131   6842.225 0.043   -2.5    0.0 -2.11 -0.052  55   0 05:42:36     44632.23754    0.0000  2022/04/13
134.0000000  14.0000000   28.6131   6842.224 0.097   -2.6   -0.1 -2.12 -0.052  55   0 05:43:36     44632.23823    0.0000  2022/04/13
134.0000000  14.0000000   28.6131   6842.223 0.054   -2.8    0.0 -2.12 -0.051  55   0 05:44:36     44632.23892    0.0000  2022/04/13
134.0000000  14.0000000   28.6131   6842.223 0.096   -2.9   -0.4 -2.13 -0.051  55   0 05:45:36     44632.23962    0.0000  2022/04/13
134.0000000  14.0000000   28.6131   6842.223 0.088   -3.0   -0.3 -2.14 -0.051  55   0 05:46:36     44632.24031    0.0000  2022/04/13
134.0000000  14.0000000   28.6131   6842.223 0.050   -3.1   -0.4 -2.14 -0.051  55   0 05:47:36     44632.24100    0.0000  2022/04/13
134.0000000  14.0000000   28.6131   6842.224 0.053   -3.2   -0.5 -2.15 -0.050  55   0 05:48:36     44632.24170    0.0000  2022/04/13
134.0000000  14.0000000   28.6131   6842.223 0.053   -3.2   -0.7 -2.15 -0.050  55   0 05:49:36     44632.24239    0.0000  2022/04/13
134.0000000  14.0000000   28.6131   6842.221 0.047   -3.3   -0.8 -2.16 -0.050  55   0 05:50:36     44632.24308    0.0000  2022/04/13
134.0000000  14.0000000   28.6131   6842.223 0.040   -3.3   -0.8 -2.16 -0.050  55   0 05:51:36     44632.24378    0.0000  2022/04/13
134.0000000  14.0000000   28.6131   6842.222 0.048   -3.4   -0.9 -2.17 -0.049  55   0 05:52:36     44632.24447    0.0000  2022/04/13
134.0000000  14.0000000   28.6131   6842.220 0.043   -3.4   -1.1 -2.17 -0.049  55   0 05:53:36     44632.24516    0.0000  2022/04/13
134.0000000  14.0000000   28.8572   6842.221 0.045   -3.5   -1.3 -2.18 -0.049  55   0 05:54:36     44632.24586    0.0000  2022/04/13
134.0000000  14.0000000   28.8572   6842.221 0.035   -3.5   -1.3 -2.18 -0.049  55   0 05:55:36     44632.24655    0.0000  2022/04/13
134.0000000  14.0000000   28.8572   6842.221 0.058   -3.5   -1.4 -2.18 -0.048  55   0 05:56:36     44632.24724    0.0000  2022/04/13
134.0000000  14.0000000   28.6131   6842.216 0.049   -3.5   -1.5 -2.18 -0.048  55   4 05:57:36     44632.24794    0.0000  2022/04/13
134.0000000  14.0000000   28.8572   6842.219 0.047   -3.6   -1.7 -2.19 -0.048  55   1 05:58:36     44632.24863    0.0000  2022/04/13
134.0000000  14.0000000   28.6131   6842.221 0.068   -3.6   -1.7 -2.19 -0.048  55   0 05:59:36     44632.24932    0.0000  2022/04/13
134.0000000  14.0000000   28.6131   6842.219 0.046   -3.6   -1.8 -2.19 -0.048  55   0 06:00:36     44632.25002    0.0000  2022/04/13
134.0000000  14.0000000   28.8572   6842.217 0.044   -3.6   -1.8 -2.19 -0.047  55  14 06:01:36     44632.25071    0.0000  2022/04/13
134.0000000  14.0000000   28.8572   6842.219 0.072   -3.7   -1.8 -2.19 -0.047  55   0 06:02:36     44632.25140    0.0000  2022/04/13
134.0000000  14.0000000   28.8572   6842.220 0.042   -3.7   -2.0 -2.19 -0.047  55   0 06:03:36     44632.25210    0.0000  2022/04/13
134.0000000  14.0000000   28.8572   6842.219 0.043   -3.7   -2.0 -2.20 -0.047  55   0 06:04:36     44632.25279    0.0000  2022/04/13
134.0000000  14.0000000   28.6131   6842.219 0.063   -3.8   -2.0 -2.20 -0.046  55   0 06:05:36     44632.25348    0.0000  2022/04/13
134.0000000  14.0000000   28.8572   6842.220 0.098   -3.8   -2.1 -2.20 -0.046  55   5 06:06:36     44632.25418    0.0000  2022/04/13
134.0000000  14.0000000   28.6131   6842.218 0.059   -3.7   -2.1 -2.20 -0.046  55   2 06:07:36     44632.25487    0.0000  2022/04/13
134.0000000  14.0000000   28.8572   6842.219 0.135   -3.9   -2.2 -2.20 -0.046  55   0 06:08:36     44632.25556    0.0000  2022/04/13
134.0000000  14.0000000   28.6131   6842.219 0.061   -3.9   -2.3 -2.20 -0.045  55   0 06:09:36     44632.25626    0.0000  2022/04/13
134.0000000  14.0000000   28.8572   6842.230 0.063   -3.8   -2.2 -2.20 -0.045  55   4 06:10:36     44632.25695    0.0000  2022/04/13
134.0000000  14.0000000   28.8572   6842.219 0.066   -3.9   -2.4 -2.20 -0.045  55   0 06:11:36     44632.25764    0.0000  2022/04/13
134.0000000  14.0000000   28.6131   6842.220 0.056   -4.0   -2.5 -2.20 -0.045  55   3 06:12:36     44632.25834    0.0000  2022/04/13
134.0000000  14.0000000   28.6131   6842.219 0.060   -4.0   -2.6 -2.20 -0.045  55   0 06:13:36     44632.25903    0.0000  2022/04/13
134.0000000  14.0000000   28.8572   6842.219 0.057   -3.9   -2.8 -2.20 -0.044  55   0 06:14:36     44632.25972    0.0000  2022/04/13
134.0000000  14.0000000   28.8572   6842.218 0.059   -4.0   -2.8 -2.20 -0.044  55   0 06:15:36     44632.26042    0.0000  2022/04/13
134.0000000  14.0000000   28.8572   6842.209 0.066   -3.9   -2.9 -2.21 -0.044  55   5 06:16:36     44632.26111    0.0000  2022/04/13
134.0000000  14.0000000   28.8572   6842.222 0.081   -4.1   -3.0 -2.21 -0.044  55   2 06:17:36     44632.26180    0.0000  2022/04/13
134.0000000  14.0000000   28.8572   6842.219 0.064   -4.1   -3.1 -2.21 -0.044  55   1 06:18:36     44632.26250    0.0000  2022/04/13
134.0000000  14.0000000   28.8572   6842.218 0.059   -4.1   -3.0 -2.21 -0.043  55   0 06:19:36     44632.26319    0.0000  2022/04/13
134.0000000  14.0000000   28.8572   6842.219 0.060   -4.0   -3.2 -2.21 -0.043  55   0 06:20:36     44632.26388    0.0000  2022/04/13
134.0000000  14.0000000   28.8572   6842.218 0.076   -4.0   -3.2 -2.21 -0.043  55   0 06:21:36     44632.26458    0.0000  2022/04/13
134.0000000  14.0000000   28.8572   6842.219 0.084   -4.1   -3.2 -2.21 -0.043  55   0 06:22:36     44632.26527    0.0000  2022/04/13
134.0000000  14.0000000   28.8572   6842.218 0.062   -4.0   -3.3 -2.21 -0.042  55   0 06:23:36     44632.26596    0.0000  2022/04/13
134.0000000  14.0000000   28.8572   6842.218 0.047   -4.0   -3.3 -2.21 -0.042  55   0 06:24:36     44632.26666    0.0000  2022/04/13
134.0000000  14.0000000   28.6131   6842.219 0.056   -4.1   -3.3 -2.21 -0.042  55   0 06:25:36     44632.26735    0.0000  2022/04/13
134.0000000  14.0000000   28.8572   6842.218 0.044   -4.1   -3.4 -2.21 -0.042  55   0 06:26:36     44632.26804    0.0000  2022/04/13
134.0000000  14.0000000   28.8572   6842.219 0.058   -4.2   -3.5 -2.21 -0.042  55   0 06:27:36     44632.26874    0.0000  2022/04/13
134.0000000  14.0000000   28.8572   6842.217 0.066   -4.2   -3.5 -2.21 -0.041  55   0 06:28:36     44632.26943    0.0000  2022/04/13
134.0000000  14.0000000   28.8572   6842.219 0.044   -4.2   -3.5 -2.21 -0.041  55   0 06:29:36     44632.27012    0.0000  2022/04/13
134.0000000  14.0000000   28.8572   6842.217 0.054   -4.2   -3.6 -2.21 -0.041  55   0 06:30:36     44632.27082    0.0000  2022/04/13
134.0000000  14.0000000   28.8572   6842.218 0.054   -4.3   -3.7 -2.21 -0.041  55   0 06:31:36     44632.27151    0.0000  2022/04/13
134.0000000  14.0000000   28.8572   6842.218 0.047   -4.2   -3.8 -2.21 -0.041  55   0 06:32:36     44632.27220    0.0000  2022/04/13
134.0000000  14.0000000   28.8572   6842.217 0.078   -4.3   -3.9 -2.21 -0.040  55   0 06:33:36     44632.27290    0.0000  2022/04/13
134.0000000  14.0000000   28.8572   6842.218 0.060   -4.3   -3.9 -2.21 -0.040  55   0 06:34:36     44632.27359    0.0000  2022/04/13
134.0000000  14.0000000   28.8572   6842.221 0.068   -4.2   -3.9 -2.21 -0.040  55   1 06:35:36     44632.27428    0.0000  2022/04/13
134.0000000  14.0000000   28.8572   6842.218 0.085   -4.2   -4.0 -2.21 -0.040  55   0 06:36:36     44632.27498    0.0000  2022/04/13
134.0000000  14.0000000   27.6365   6842.217 0.055   -4.4   -4.0 -2.21 -0.040  55   0 06:37:37     44632.27568    0.0000  2022/04/13
134.0000000  34.0000000   30.0779   6815.826 0.021    0.5   -0.6 -1.83 -0.032  55   0 07:35:06     44632.31554    0.0000  2022/04/13
134.0000000  34.0000000   30.0779   6815.824 0.025    0.7   -1.2 -1.85 -0.032  55   0 07:36:11     44632.31629    0.0000  2022/04/13
134.0000000  34.0000000   29.8338   6815.822 0.023    0.7   -1.6 -1.87 -0.032  55   0 07:37:11     44632.31698    0.0000  2022/04/13
134.0000000  34.0000000   29.8338   6815.820 0.019    0.9   -2.2 -1.89 -0.032  55   0 07:38:11     44632.31767    0.0000  2022/04/13
134.0000000  34.0000000   29.8338   6815.822 0.021    1.0   -2.7 -1.92 -0.032  55   0 07:39:11     44632.31837    0.0000  2022/04/13
134.0000000  34.0000000   29.8338   6815.818 0.019    0.9   -3.3 -1.94 -0.032  55   0 07:40:11     44632.31906    0.0000  2022/04/13
134.0000000  34.0000000   29.8338   6815.819 0.019    0.9   -3.6 -1.97 -0.032  55   0 07:41:11     44632.31975    0.0000  2022/04/13
134.0000000  34.0000000   29.8338   6815.820 0.026    0.9   -4.2 -1.99 -0.032  55   0 07:42:11     44632.32045    0.0000  2022/04/13
134.0000000  34.0000000   29.5896   6815.819 0.021    0.9   -4.5 -2.01 -0.031  55   0 07:43:11     44632.32114    0.0000  2022/04/13
134.0000000  34.0000000   29.8338   6815.819 0.023    0.8   -4.9 -2.03 -0.031  55   0 07:44:11     44632.32183    0.0000  2022/04/13
134.0000000  34.0000000   29.5896   6815.819 0.021    0.7   -5.3 -2.05 -0.031  55   0 07:45:11     44632.32253    0.0000  2022/04/13
134.0000000  34.0000000   29.5896   6815.818 0.025    0.6   -5.7 -2.07 -0.031  55   0 07:46:11     44632.32322    0.0000  2022/04/13
134.0000000  34.0000000   29.5896   6815.818 0.018    0.6   -6.1 -2.08 -0.031  55   0 07:47:11     44632.32391    0.0000  2022/04/13
134.0000000  34.0000000   29.5896   6815.818 0.021    0.6   -6.4 -2.09 -0.031  55   0 07:48:11     44632.32461    0.0000  2022/04/13
134.0000000  34.0000000   29.5896   6815.817 0.022    0.4   -6.7 -2.11 -0.031  55   0 07:49:11     44632.32530    0.0000  2022/04/13
134.0000000  34.0000000   29.5896   6815.817 0.022    0.3   -7.1 -2.12 -0.031  55   0 07:50:11     44632.32599    0.0000  2022/04/13
134.0000000  34.0000000   29.3455   6815.817 0.019    0.4   -7.4 -2.13 -0.031  55   0 07:51:11     44632.32669    0.0000  2022/04/13
134.0000000  34.0000000   29.3455   6815.818 0.023    0.3   -7.8 -2.14 -0.031  55   0 07:52:11     44632.32738    0.0000  2022/04/13
134.0000000  34.0000000   29.3455   6815.819 0.019    0.1   -7.9 -2.14 -0.031  55   0 07:53:11     44632.32807    0.0000  2022/04/13
134.0000000  34.0000000   29.3455   6815.816 0.021    0.0   -8.2 -2.15 -0.031  55   0 07:54:11     44632.32877    0.0000  2022/04/13
134.0000000  34.0000000   29.3455   6815.817 0.021    0.1   -8.4 -2.16 -0.031  55   0 07:55:11     44632.32946    0.0000  2022/04/13
134.0000000  34.0000000   29.1014   6815.817 0.021    0.0   -8.7 -2.16 -0.031  55   0 07:56:11     44632.33015    0.0000  2022/04/13
134.0000000  34.0000000   29.1014   6815.816 0.021    0.0   -9.0 -2.17 -0.031  55   0 07:57:11     44632.33085    0.0000  2022/04/13
134.0000000  34.0000000   29.3455   6815.817 0.019   -0.1   -9.2 -2.17 -0.031  55   0 07:58:11     44632.33154    0.0000  2022/04/13
134.0000000  34.0000000   29.5896   6815.817 0.019   -0.2   -9.5 -2.18 -0.031  55   0 07:59:11     44632.33223    0.0000  2022/04/13
134.0000000  34.0000000   29.1014   6815.817 0.027   -0.3   -9.7 -2.18 -0.031  55   0 08:00:11     44632.33293    0.0000  2022/04/13
134.0000000  34.0000000   29.1014   6815.817 0.020   -0.4   -9.9 -2.19 -0.031  55   0 08:01:11     44632.33362    0.0000  2022/04/13
134.0000000  34.0000000   29.1014   6815.816 0.020   -0.4  -10.0 -2.19 -0.031  55   0 08:02:11     44632.33431    0.0000  2022/04/13
134.0000000  34.0000000   29.1014   6815.816 0.019   -0.4  -10.3 -2.19 -0.031  55   0 08:03:11     44632.33501    0.0000  2022/04/13
134.0000000  34.0000000   29.1014   6815.816 0.019   -0.5  -10.4 -2.19 -0.031  55   0 08:04:11     44632.33570    0.0000  2022/04/13
134.0000000  34.0000000   29.1014   6815.817 0.020   -0.6  -10.6 -2.20 -0.031  55   0 08:05:11     44632.33639    0.0000  2022/04/13
134.0000000  34.0000000   29.1014   6815.817 0.024   -0.7  -10.7 -2.20 -0.031  55   0 08:06:11     44632.33709    0.0000  2022/04/13
134.0000000  34.0000000   29.1014   6815.816 0.018   -0.7  -10.9 -2.20 -0.031  55   0 08:07:11     44632.33778    0.0000  2022/04/13
134.0000000  34.0000000   29.1014   6815.816 0.026   -0.8  -11.1 -2.20 -0.031  55   0 08:08:11     44632.33847    0.0000  2022/04/13
134.0000000  34.0000000   28.8572   6815.816 0.019   -0.9  -11.2 -2.20 -0.030  55   0 08:09:11     44632.33917    0.0000  2022/04/13
134.0000000  34.0000000   29.1014   6815.815 0.019   -0.9  -11.2 -2.20 -0.030  55   0 08:10:11     44632.33986    0.0000  2022/04/13
134.0000000  34.0000000   28.8572   6815.817 0.027   -1.0  -11.4 -2.20 -0.030  55   0 08:11:11     44632.34055    0.0000  2022/04/13
134.0000000  34.0000000   29.1014   6815.815 0.020   -1.0  -11.6 -2.21 -0.030  55   0 08:12:11     44632.34125    0.0000  2022/04/13
134.0000000  34.0000000   29.1014   6815.816 0.022   -1.2  -11.8 -2.21 -0.030  55   0 08:13:11     44632.34194    0.0000  2022/04/13
134.0000000  34.0000000   28.8572   6815.815 0.017   -1.2  -11.8 -2.21 -0.030  55   0 08:14:11     44632.34263    0.0000  2022/04/13
134.0000000  34.0000000   28.8572   6815.817 0.020   -1.3  -12.0 -2.21 -0.030  55   0 08:15:11     44632.34333    0.0000  2022/04/13
134.0000000  34.0000000   28.8572   6815.815 0.021   -1.4  -12.1 -2.21 -0.030  55   0 08:16:11     44632.34402    0.0000  2022/04/13
134.0000000  34.0000000   29.1014   6815.816 0.019   -1.4  -12.1 -2.21 -0.030  55   0 08:17:11     44632.34471    0.0000  2022/04/13
134.0000000  34.0000000   28.8572   6815.817 0.023   -1.4  -12.2 -2.21 -0.030  55   0 08:18:11     44632.34541    0.0000  2022/04/13
134.0000000  34.0000000   28.8572   6815.816 0.021   -1.6  -12.4 -2.21 -0.031  55   0 08:19:11     44632.34610    0.0000  2022/04/13
134.0000000  34.0000000   28.8572   6815.814 0.018   -1.5  -12.4 -2.21 -0.031  55   0 08:20:11     44632.34679    0.0000  2022/04/13
134.0000000  34.0000000   28.8572   6815.816 0.022   -1.7  -12.5 -2.21 -0.031  55   0 08:21:11     44632.34749    0.0000  2022/04/13
134.0000000  34.0000000   28.8572   6815.815 0.022   -1.6  -12.6 -2.21 -0.031  55   0 08:22:11     44632.34818    0.0000  2022/04/13
134.0000000  34.0000000   28.8572   6815.816 0.025   -1.7  -12.7 -2.21 -0.031  55   0 08:23:11     44632.34887    0.0000  2022/04/13
134.0000000  34.0000000   28.6131   6815.814 0.020   -1.7  -12.8 -2.21 -0.031  55   0 08:24:11     44632.34957    0.0000  2022/04/13
134.0000000  34.0000000   28.8572   6815.814 0.023   -1.9  -12.8 -2.21 -0.031  55   0 08:25:11     44632.35026    0.0000  2022/04/13
134.0000000  34.0000000   28.8572   6815.815 0.025   -2.0  -12.9 -2.21 -0.031  55   0 08:26:11     44632.35095    0.0000  2022/04/13
134.0000000  34.0000000   28.8572   6815.815 0.021   -1.9  -13.0 -2.21 -0.031  55   0 08:27:11     44632.35165    0.0000  2022/04/13
134.0000000  34.0000000   28.8572   6815.816 0.023   -1.9  -13.1 -2.21 -0.031  55   0 08:28:11     44632.35234    0.0000  2022/04/13
134.0000000  34.0000000   28.6131   6815.815 0.024   -1.9  -13.2 -2.21 -0.031  55   0 08:29:11     44632.35303    0.0000  2022/04/13
134.0000000  34.0000000   28.8572   6815.816 0.019   -1.9  -13.3 -2.21 -0.031  55   0 08:30:11     44632.35373    0.0000  2022/04/13
134.0000000  34.0000000   28.6131   6815.814 0.022   -1.8  -13.3 -2.21 -0.031  55   0 08:31:11     44632.35442    0.0000  2022/04/13
134.0000000  34.0000000   28.8572   6815.814 0.025   -1.9  -13.4 -2.21 -0.031  55   0 08:32:11     44632.35511    0.0000  2022/04/13
134.0000000  34.0000000   28.6131   6815.815 0.019   -1.9  -13.5 -2.21 -0.031  55   0 08:33:11     44632.35581    0.0000  2022/04/13
134.0000000  34.0000000   27.6365   6815.815 0.024   -1.9  -13.6 -2.21 -0.031  55   0 08:34:12     44632.35651    0.0000  2022/04/13
134.0000000  44.0000000   31.5428   6822.683 0.048    1.0   -0.5 -1.92 -0.042  55   1 10:08:42     44632.42203    0.0000  2022/04/13
134.0000000  44.0000000   31.5428   6822.682 0.038    1.2   -1.1 -1.94 -0.042  55   0 10:09:47     44632.42278    0.0000  2022/04/13
134.0000000  44.0000000   31.5428   6822.681 0.045    1.1   -1.5 -1.97 -0.043  55   1 10:10:47     44632.42348    0.0000  2022/04/13
134.0000000  44.0000000   31.5428   6822.681 0.052    1.3   -1.9 -1.99 -0.043  55   0 10:11:47     44632.42417    0.0000  2022/04/13
134.0000000  44.0000000   31.5428   6822.680 0.028    1.4   -2.3 -2.01 -0.043  55   0 10:12:47     44632.42486    0.0000  2022/04/13
134.0000000  44.0000000   31.2986   6822.682 0.029    1.6   -2.7 -2.04 -0.043  55   0 10:13:47     44632.42556    0.0000  2022/04/13
134.0000000  44.0000000   31.2986   6822.680 0.052    1.8   -3.1 -2.06 -0.043  55   0 10:14:47     44632.42625    0.0000  2022/04/13
134.0000000  44.0000000   31.0545   6822.679 0.070    1.8   -3.5 -2.07 -0.044  55   0 10:15:47     44632.42694    0.0000  2022/04/13
134.0000000  44.0000000   31.0545   6822.680 0.081    1.9   -3.8 -2.09 -0.044  55   0 10:16:47     44632.42764    0.0000  2022/04/13
134.0000000  44.0000000   31.0545   6822.680 0.090    1.9   -4.1 -2.11 -0.044  55   0 10:17:47     44632.42833    0.0000  2022/04/13
134.0000000  44.0000000   30.8103   6822.679 0.049    2.0   -4.4 -2.12 -0.044  55   0 10:18:47     44632.42902    0.0000  2022/04/13
134.0000000  44.0000000   30.8103   6822.680 0.036    2.2   -4.7 -2.13 -0.044  55   0 10:19:47     44632.42972    0.0000  2022/04/13
134.0000000  44.0000000   30.8103   6822.681 0.035    2.1   -5.0 -2.14 -0.044  55   0 10:20:47     44632.43041    0.0000  2022/04/13
134.0000000  44.0000000   30.8103   6822.680 0.062    2.2   -5.2 -2.16 -0.045  55   0 10:21:47     44632.43110    0.0000  2022/04/13
134.0000000  44.0000000   30.5662   6822.680 0.080    2.2   -5.5 -2.16 -0.045  55   0 10:22:47     44632.43180    0.0000  2022/04/13
134.0000000  44.0000000   30.5662   6822.678 0.048    2.2   -5.9 -2.17 -0.045  55   0 10:23:47     44632.43249    0.0000  2022/04/13
134.0000000  44.0000000   30.5662   6822.679 0.060    2.2   -6.1 -2.18 -0.045  55   0 10:24:47     44632.43318    0.0000  2022/04/13
134.0000000  44.0000000   30.5662   6822.679 0.027    2.2   -6.4 -2.19 -0.045  55   0 10:25:47     44632.43388    0.0000  2022/04/13
134.0000000  44.0000000   30.3221   6822.680 0.026    2.1   -6.6 -2.19 -0.046  55   0 10:26:47     44632.43457    0.0000  2022/04/13
134.0000000  44.0000000   30.3221   6822.678 0.029    2.1   -6.8 -2.20 -0.046  55   0 10:27:47     44632.43526    0.0000  2022/04/13
134.0000000  44.0000000   30.3221   6822.679 0.038    2.1   -7.1 -2.20 -0.046  55   0 10:28:47     44632.43596    0.0000  2022/04/13
134.0000000  44.0000000   30.3221   6822.678 0.045    2.1   -7.3 -2.21 -0.046  55   0 10:29:47     44632.43665    0.0000  2022/04/13
134.0000000  44.0000000   30.3221   6822.678 0.033    2.1   -7.4 -2.21 -0.046  55   0 10:30:47     44632.43734    0.0000  2022/04/13
134.0000000  44.0000000   30.0779   6822.678 0.030    1.9   -7.7 -2.22 -0.047  55   0 10:31:47     44632.43804    0.0000  2022/04/13
134.0000000  44.0000000   30.3221   6822.678 0.036    1.9   -7.9 -2.22 -0.047  55   0 10:32:47     44632.43873    0.0000  2022/04/13
134.0000000  44.0000000   30.0779   6822.678 0.075    1.9   -8.2 -2.22 -0.047  55   0 10:33:47     44632.43942    0.0000  2022/04/13
134.0000000  44.0000000   30.0779   6822.678 0.037    1.8   -8.3 -2.22 -0.047  55   0 10:34:47     44632.44012    0.0000  2022/04/13
134.0000000  44.0000000   30.0779   6822.678 0.045    1.8   -8.4 -2.23 -0.047  55   0 10:35:47     44632.44081    0.0000  2022/04/13
134.0000000  44.0000000   30.0779   6822.680 0.035    1.8   -8.6 -2.23 -0.048  55   0 10:36:47     44632.44150    0.0000  2022/04/13
134.0000000  44.0000000   29.8338   6822.679 0.041    1.7   -8.7 -2.23 -0.048  55   0 10:37:47     44632.44220    0.0000  2022/04/13
134.0000000  44.0000000   29.8338   6822.679 0.048    1.7   -9.0 -2.23 -0.048  55   0 10:38:47     44632.44289    0.0000  2022/04/13
134.0000000  44.0000000   29.8338   6822.679 0.100    1.6   -9.1 -2.23 -0.048  55   0 10:39:47     44632.44358    0.0000  2022/04/13
134.0000000  44.0000000   29.5896   6822.678 0.087    1.6   -9.2 -2.23 -0.048  55   0 10:40:47     44632.44428    0.0000  2022/04/13
134.0000000  44.0000000   29.5896   6822.678 0.127    1.5   -9.4 -2.23 -0.049  55   0 10:41:47     44632.44497    0.0000  2022/04/13
134.0000000  44.0000000   29.8338   6822.678 0.038    1.5   -9.6 -2.23 -0.049  55   0 10:42:47     44632.44566    0.0000  2022/04/13
134.0000000  44.0000000   29.5896   6822.679 0.065    1.5   -9.6 -2.23 -0.049  55   0 10:43:47     44632.44636    0.0000  2022/04/13
134.0000000  44.0000000   29.5896   6822.677 0.180    1.4   -9.8 -2.23 -0.049  55   0 10:44:47     44632.44705    0.0000  2022/04/13
134.0000000  44.0000000   29.5896   6822.677 0.093    1.4  -10.0 -2.23 -0.049  55   0 10:45:47     44632.44774    0.0000  2022/04/13
134.0000000  44.0000000   29.5896   6822.678 0.078    1.3  -10.1 -2.23 -0.050  55   0 10:46:47     44632.44844    0.0000  2022/04/13
134.0000000  44.0000000   29.5896   6822.679 0.047    1.3  -10.2 -2.23 -0.050  55   0 10:47:47     44632.44913    0.0000  2022/04/13
134.0000000  44.0000000   29.5896   6822.679 0.037    1.3  -10.4 -2.23 -0.050  55   0 10:48:47     44632.44982    0.0000  2022/04/13
134.0000000  44.0000000   29.5896   6822.678 0.033    1.2  -10.4 -2.23 -0.050  55   0 10:49:47     44632.45052    0.0000  2022/04/13
134.0000000  44.0000000   29.3455   6822.679 0.033    1.2  -10.6 -2.23 -0.050  55   0 10:50:47     44632.45121    0.0000  2022/04/13
134.0000000  44.0000000   29.3455   6822.679 0.025    1.1  -10.6 -2.23 -0.050  55   0 10:51:47     44632.45190    0.0000  2022/04/13
134.0000000  44.0000000   29.8338   6822.678 0.033    1.1  -10.8 -2.23 -0.051  55   0 10:52:47     44632.45260    0.0000  2022/04/13
134.0000000  44.0000000   29.3455   6822.679 0.031    1.1  -10.9 -2.23 -0.051  55   0 10:53:47     44632.45329    0.0000  2022/04/13
134.0000000  44.0000000   29.3455   6822.677 0.029    1.1  -11.0 -2.23 -0.051  55   0 10:54:47     44632.45398    0.0000  2022/04/13
134.0000000  44.0000000   29.3455   6822.679 0.026    1.0  -11.0 -2.23 -0.051  55   0 10:55:47     44632.45468    0.0000  2022/04/13
134.0000000  44.0000000   29.3455   6822.679 0.028    1.0  -11.2 -2.23 -0.051  55   0 10:56:47     44632.45537    0.0000  2022/04/13
134.0000000  44.0000000   29.3455   6822.678 0.037    0.9  -11.3 -2.23 -0.052  55   0 10:57:47     44632.45606    0.0000  2022/04/13
134.0000000  44.0000000   29.3455   6822.678 0.028    0.9  -11.2 -2.23 -0.052  55   0 10:58:47     44632.45676    0.0000  2022/04/13
134.0000000  44.0000000   29.1014   6822.677 0.026    0.9  -11.5 -2.23 -0.052  55   0 10:59:47     44632.45745    0.0000  2022/04/13
134.0000000  44.0000000   29.1014   6822.677 0.045    0.8  -11.5 -2.23 -0.052  55   0 11:00:47     44632.45814    0.0000  2022/04/13
134.0000000  44.0000000   29.1014   6822.677 0.045    0.8  -11.6 -2.23 -0.052  55   0 11:01:47     44632.45884    0.0000  2022/04/13
134.0000000  44.0000000   29.1014   6822.678 0.033    0.7  -11.6 -2.23 -0.053  55   0 11:02:47     44632.45953    0.0000  2022/04/13
134.0000000  44.0000000   29.1014   6822.677 0.042    0.7  -11.7 -2.23 -0.053  55   0 11:03:47     44632.46022    0.0000  2022/04/13
134.0000000  44.0000000   29.1014   6822.678 0.052    0.7  -11.8 -2.23 -0.053  55   0 11:04:47     44632.46092    0.0000  2022/04/13
134.0000000  44.0000000   29.1014   6822.677 0.076    0.7  -11.9 -2.23 -0.053  55   0 11:05:47     44632.46161    0.0000  2022/04/13
134.0000000  44.0000000   29.1014   6822.677 0.046    0.7  -12.0 -2.22 -0.053  55   0 11:06:47     44632.46230    0.0000  2022/04/13
134.0000000  44.0000000   27.8807   6822.676 0.034    0.6  -12.1 -2.22 -0.054  55   0 11:07:48     44632.46301    0.0000  2022/04/13
134.0000000  34.0000000   31.2986   6815.819 0.021    1.1   -0.2 -1.96 -0.068  55   0 12:45:00     44632.53040    0.0000  2022/04/13
134.0000000  34.0000000   31.2986   6815.818 0.019    1.2   -0.8 -1.99 -0.068  55   0 12:46:05     44632.53115    0.0000  2022/04/13
134.0000000  34.0000000   31.0545   6815.819 0.021    1.3   -1.3 -2.01 -0.068  55   0 12:47:05     44632.53184    0.0000  2022/04/13
134.0000000  34.0000000   31.0545   6815.818 0.019    1.3   -1.7 -2.03 -0.068  55   0 12:48:05     44632.53254    0.0000  2022/04/13
134.0000000  34.0000000   31.0545   6815.818 0.019    1.3   -2.1 -2.05 -0.068  55   0 12:49:05     44632.53323    0.0000  2022/04/13
134.0000000  34.0000000   31.0545   6815.817 0.022    1.3   -2.6 -2.07 -0.068  55   0 12:50:05     44632.53392    0.0000  2022/04/13
134.0000000  34.0000000   31.0545   6815.818 0.023    1.3   -2.9 -2.09 -0.068  55   0 12:51:05     44632.53462    0.0000  2022/04/13
134.0000000  34.0000000   31.0545   6815.818 0.021    1.2   -3.3 -2.11 -0.068  55   0 12:52:05     44632.53531    0.0000  2022/04/13
134.0000000  34.0000000   30.8103   6815.817 0.025    1.2   -3.7 -2.12 -0.068  55   0 12:53:05     44632.53600    0.0000  2022/04/13
134.0000000  34.0000000   30.8103   6815.816 0.019    1.0   -4.0 -2.13 -0.068  55   0 12:54:05     44632.53670    0.0000  2022/04/13
134.0000000  34.0000000   30.8103   6815.816 0.024    1.0   -4.3 -2.14 -0.068  55   0 12:55:05     44632.53739    0.0000  2022/04/13
134.0000000  34.0000000   30.5662   6815.817 0.019    0.8   -4.7 -2.15 -0.068  55   0 12:56:05     44632.53808    0.0000  2022/04/13
134.0000000  34.0000000   30.5662   6815.815 0.021    0.7   -4.9 -2.16 -0.068  55   0 12:57:05     44632.53878    0.0000  2022/04/13
134.0000000  34.0000000   30.5662   6815.815 0.023    0.7   -5.2 -2.17 -0.068  55   0 12:58:05     44632.53947    0.0000  2022/04/13
134.0000000  34.0000000   30.5662   6815.815 0.019    0.5   -5.4 -2.18 -0.069  55   0 12:59:05     44632.54016    0.0000  2022/04/13
134.0000000  34.0000000   30.3221   6815.816 0.022    0.5   -5.7 -2.19 -0.069  55   0 13:00:05     44632.54086    0.0000  2022/04/13
134.0000000  34.0000000   30.3221   6815.813 0.018    0.3   -5.9 -2.19 -0.069  55   0 13:01:05     44632.54155    0.0000  2022/04/13
134.0000000  34.0000000   30.0779   6815.816 0.023    0.2   -6.2 -2.20 -0.069  55   0 13:02:05     44632.54224    0.0000  2022/04/13
134.0000000  34.0000000   30.0779   6815.815 0.021    0.2   -6.4 -2.20 -0.069  55   1 13:03:05     44632.54294    0.0000  2022/04/13
134.0000000  34.0000000   30.0779   6815.814 0.022    0.0   -6.7 -2.21 -0.069  55   0 13:04:05     44632.54363    0.0000  2022/04/13
134.0000000  34.0000000   30.0779   6815.815 0.024    0.0   -6.7 -2.21 -0.069  55   0 13:05:05     44632.54432    0.0000  2022/04/13
134.0000000  34.0000000   30.0779   6815.814 0.024    0.0   -7.0 -2.21 -0.069  55   0 13:06:05     44632.54502    0.0000  2022/04/13
134.0000000  34.0000000   30.0779   6815.814 0.019   -0.1   -7.2 -2.22 -0.069  55   0 13:07:05     44632.54571    0.0000  2022/04/13
134.0000000  34.0000000   30.0779   6815.813 0.019   -0.2   -7.5 -2.22 -0.069  55   0 13:08:05     44632.54640    0.0000  2022/04/13
134.0000000  34.0000000   29.8338   6815.815 0.020   -0.3   -7.6 -2.22 -0.069  55   0 13:09:05     44632.54710    0.0000  2022/04/13
134.0000000  34.0000000   29.8338   6815.814 0.023   -0.4   -7.9 -2.22 -0.069  55   0 13:10:05     44632.54779    0.0000  2022/04/13
134.0000000  34.0000000   30.0779   6815.816 0.020   -0.5   -8.1 -2.22 -0.069  55   0 13:11:05     44632.54848    0.0000  2022/04/13
134.0000000  34.0000000   29.8338   6815.813 0.024   -0.7   -8.2 -2.23 -0.069  55   0 13:12:05     44632.54918    0.0000  2022/04/13
134.0000000  34.0000000   29.5896   6815.814 0.020   -0.7   -8.3 -2.23 -0.069  55   0 13:13:05     44632.54987    0.0000  2022/04/13
134.0000000  34.0000000   29.5896   6815.814 0.018   -0.7   -8.5 -2.23 -0.069  55   0 13:14:05     44632.55056    0.0000  2022/04/13
134.0000000  34.0000000   29.5896   6815.814 0.020   -0.9   -8.5 -2.23 -0.069  55   0 13:15:05     44632.55126    0.0000  2022/04/13
134.0000000  34.0000000   29.5896   6815.814 0.025   -1.0   -8.7 -2.23 -0.069  55   0 13:16:05     44632.55195    0.0000  2022/04/13
134.0000000  34.0000000   29.5896   6815.814 0.025   -1.0   -8.9 -2.23 -0.069  55   0 13:17:05     44632.55264    0.0000  2022/04/13
134.0000000  34.0000000   29.5896   6815.813 0.021   -1.1   -8.9 -2.23 -0.069  55   0 13:18:05     44632.55334    0.0000  2022/04/13
134.0000000  34.0000000   29.5896   6815.814 0.019   -1.1   -9.1 -2.23 -0.069  55   0 13:19:05     44632.55403    0.0000  2022/04/13
134.0000000  34.0000000   29.5896   6815.814 0.021   -1.1   -9.3 -2.23 -0.069  55   0 13:20:05     44632.55472    0.0000  2022/04/13
134.0000000  34.0000000   29.3455   6815.813 0.019   -1.2   -9.3 -2.23 -0.069  55   0 13:21:05     44632.55542    0.0000  2022/04/13
134.0000000  34.0000000   29.3455   6815.814 0.020   -1.3   -9.5 -2.23 -0.069  55   0 13:22:05     44632.55611    0.0000  2022/04/13
134.0000000  34.0000000   29.3455   6815.815 0.019   -1.3   -9.5 -2.23 -0.069  55   0 13:23:05     44632.55680    0.0000  2022/04/13
134.0000000  34.0000000   29.3455   6815.812 0.021   -1.4   -9.7 -2.23 -0.069  55   0 13:24:05     44632.55750    0.0000  2022/04/13
134.0000000  34.0000000   29.3455   6815.813 0.022   -1.6   -9.8 -2.23 -0.069  55   0 13:25:05     44632.55819    0.0000  2022/04/13
134.0000000  34.0000000   29.3455   6815.813 0.020   -1.5   -9.8 -2.23 -0.069  55   2 13:26:05     44632.55888    0.0000  2022/04/13
134.0000000  34.0000000   29.3455   6815.813 0.018   -1.6  -10.0 -2.23 -0.069  55   0 13:27:05     44632.55958    0.0000  2022/04/13
134.0000000  34.0000000   29.3455   6815.814 0.024   -1.6  -10.1 -2.23 -0.069  55   1 13:28:05     44632.56027    0.0000  2022/04/13
134.0000000  34.0000000   29.1014   6815.813 0.020   -1.8  -10.2 -2.23 -0.069  55   0 13:29:05     44632.56096    0.0000  2022/04/13
134.0000000  34.0000000   29.1014   6815.813 0.018   -1.7  -10.3 -2.23 -0.069  55   0 13:30:05     44632.56166    0.0000  2022/04/13
134.0000000  34.0000000   29.1014   6815.813 0.025   -1.8  -10.4 -2.23 -0.069  55   0 13:31:05     44632.56235    0.0000  2022/04/13
134.0000000  34.0000000   29.1014   6815.812 0.021   -1.8  -10.5 -2.23 -0.069  55   0 13:32:05     44632.56304    0.0000  2022/04/13
134.0000000  34.0000000   29.1014   6815.812 0.018   -2.0  -10.6 -2.23 -0.069  55   0 13:33:05     44632.56374    0.0000  2022/04/13
134.0000000  34.0000000   29.1014   6815.812 0.020   -1.9  -10.6 -2.23 -0.069  55   0 13:34:05     44632.56443    0.0000  2022/04/13
134.0000000  34.0000000   29.1014   6815.813 0.024   -2.0  -10.7 -2.22 -0.069  55   0 13:35:05     44632.56512    0.0000  2022/04/13
134.0000000  34.0000000   29.1014   6815.812 0.018   -2.1  -10.8 -2.22 -0.069  55   0 13:36:05     44632.56582    0.0000  2022/04/13
134.0000000  34.0000000   29.1014   6815.814 0.020   -2.1  -10.9 -2.22 -0.069  55   0 13:37:05     44632.56651    0.0000  2022/04/13
134.0000000  34.0000000   29.1014   6815.814 0.022   -2.1  -11.0 -2.22 -0.069  55   0 13:38:05     44632.56720    0.0000  2022/04/13
134.0000000  34.0000000   29.1014   6815.813 0.019   -2.0  -11.1 -2.22 -0.069  55   0 13:39:05     44632.56790    0.0000  2022/04/13
134.0000000  34.0000000   28.8572   6815.812 0.019   -2.1  -11.1 -2.22 -0.068  55   0 13:40:05     44632.56859    0.0000  2022/04/13
134.0000000  34.0000000   28.8572   6815.814 0.022   -2.1  -11.2 -2.22 -0.068  55   0 13:41:05     44632.56928    0.0000  2022/04/13
134.0000000  34.0000000   29.1014   6815.813 0.019   -2.1  -11.3 -2.22 -0.068  55   0 13:42:05     44632.56998    0.0000  2022/04/13
134.0000000  34.0000000   28.6131   6815.812 0.019   -2.2  -11.4 -2.22 -0.068  55   0 13:43:05     44632.57067    0.0000  2022/04/13
134.0000000  34.0000000   28.1248   6815.812 0.020   -2.3  -11.5 -2.22 -0.068  55   0 13:44:06     44632.57138    0.0000  2022/04/13
134.0000000  14.0000000   30.5662   6842.215 0.078   -0.7   -0.3 -1.87 -0.062  55  20 14:35:23     44632.60693    0.0000  2022/04/13
134.0000000  14.0000000   30.5662   6842.212 0.088   -0.3   -0.9 -1.89 -0.062  55   3 14:36:28     44632.60768    0.0000  2022/04/13
134.0000000  14.0000000   30.5662   6842.213 0.077   -0.1   -1.4 -1.92 -0.062  55   0 14:37:28     44632.60838    0.0000  2022/04/13
134.0000000  14.0000000   30.3221   6842.213 0.071    0.0   -1.7 -1.94 -0.062  55   0 14:38:28     44632.60907    0.0000  2022/04/13
134.0000000  14.0000000   30.3221   6842.211 0.046    0.1   -2.1 -1.97 -0.062  55   0 14:39:28     44632.60976    0.0000  2022/04/13
134.0000000  14.0000000   30.3221   6842.212 0.053    0.2   -2.5 -1.99 -0.061  55   0 14:40:28     44632.61046    0.0000  2022/04/13
134.0000000  14.0000000   30.3221   6842.212 0.064    0.4   -3.0 -2.01 -0.061  55   0 14:41:28     44632.61115    0.0000  2022/04/13
134.0000000  14.0000000   30.3221   6842.212 0.046    0.5   -3.1 -2.03 -0.061  55   0 14:42:28     44632.61184    0.0000  2022/04/13
134.0000000  14.0000000   30.3221   6842.210 0.059    0.4   -3.5 -2.05 -0.061  55   0 14:43:28     44632.61254    0.0000  2022/04/13
134.0000000  14.0000000   30.0779   6842.212 0.128    0.6   -3.7 -2.07 -0.061  55   3 14:44:28     44632.61323    0.0000  2022/04/13
134.0000000  14.0000000   30.0779   6842.212 0.045    0.6   -4.1 -2.09 -0.060  55   0 14:45:28     44632.61392    0.0000  2022/04/13
134.0000000  14.0000000   30.0779   6842.211 0.046    0.6   -4.3 -2.10 -0.060  55   0 14:46:28     44632.61462    0.0000  2022/04/13
134.0000000  14.0000000   30.0779   6842.209 0.048    0.7   -4.6 -2.11 -0.060  55   0 14:47:28     44632.61531    0.0000  2022/04/13
134.0000000  14.0000000   30.0779   6842.211 0.040    0.6   -4.7 -2.13 -0.060  55   0 14:48:28     44632.61600    0.0000  2022/04/13
134.0000000  14.0000000   30.0779   6842.210 0.043    0.6   -5.0 -2.14 -0.060  55   0 14:49:28     44632.61670    0.0000  2022/04/13
134.0000000  14.0000000   30.0779   6842.210 0.049    0.7   -5.1 -2.15 -0.059  55   0 14:50:28     44632.61739    0.0000  2022/04/13
134.0000000  14.0000000   29.8338   6842.212 0.060    0.7   -5.4 -2.16 -0.059  55   0 14:51:28     44632.61808    0.0000  2022/04/13
134.0000000  14.0000000   30.0779   6842.203 0.040    0.7   -5.6 -2.16 -0.059  55  14 14:52:28     44632.61878    0.0000  2022/04/13
134.0000000  14.0000000   29.8338   6842.209 0.064    0.7   -5.8 -2.17 -0.059  55   0 14:53:28     44632.61947    0.0000  2022/04/13
134.0000000  14.0000000   29.8338   6842.209 0.034    0.6   -5.9 -2.18 -0.059  55   0 14:54:28     44632.62016    0.0000  2022/04/13
134.0000000  14.0000000   29.8338   6842.210 0.051    0.7   -6.2 -2.18 -0.058  55   0 14:55:28     44632.62086    0.0000  2022/04/13
134.0000000  14.0000000   29.8338   6842.210 0.051    0.6   -6.4 -2.19 -0.058  55   0 14:56:28     44632.62155    0.0000  2022/04/13
134.0000000  14.0000000   29.8338   6842.210 0.048    0.5   -6.6 -2.19 -0.058  55   0 14:57:28     44632.62224    0.0000  2022/04/13
134.0000000  14.0000000   29.8338   6842.210 0.049    0.5   -6.8 -2.20 -0.058  55   0 14:58:28     44632.62294    0.0000  2022/04/13
134.0000000  14.0000000   29.8338   6842.209 0.038    0.5   -6.8 -2.20 -0.057  55   0 14:59:28     44632.62363    0.0000  2022/04/13
134.0000000  14.0000000   29.5896   6842.209 0.041    0.5   -6.9 -2.20 -0.057  55   0 15:00:28     44632.62432    0.0000  2022/04/13
134.0000000  14.0000000   29.5896   6842.209 0.044    0.4   -7.0 -2.21 -0.057  55   0 15:01:28     44632.62502    0.0000  2022/04/13
134.0000000  14.0000000   29.5896   6842.209 0.044    0.4   -7.2 -2.21 -0.057  55   0 15:02:28     44632.62571    0.0000  2022/04/13
134.0000000  14.0000000   29.5896   6842.209 0.092    0.4   -7.2 -2.21 -0.057  55   0 15:03:28     44632.62640    0.0000  2022/04/13
134.0000000  14.0000000   29.5896   6842.208 0.040    0.4   -7.4 -2.21 -0.056  55   0 15:04:28     44632.62710    0.0000  2022/04/13
134.0000000  14.0000000   29.5896   6842.208 0.033    0.3   -7.5 -2.21 -0.056  55   0 15:05:28     44632.62779    0.0000  2022/04/13
134.0000000  14.0000000   30.0779   6842.208 0.065    0.4   -7.5 -2.22 -0.056  55   0 15:06:28     44632.62848    0.0000  2022/04/13
134.0000000  14.0000000   29.5896   6842.208 0.051    0.3   -7.6 -2.22 -0.056  55   0 15:07:28     44632.62918    0.0000  2022/04/13
134.0000000  14.0000000   29.5896   6842.209 0.051    0.3   -7.7 -2.22 -0.055  55   0 15:08:28     44632.62987    0.0000  2022/04/13
134.0000000  14.0000000   29.5896   6842.209 0.044    0.2   -7.9 -2.22 -0.055  55   0 15:09:28     44632.63056    0.0000  2022/04/13
134.0000000  14.0000000   29.5896   6842.208 0.047    0.3   -7.9 -2.22 -0.055  55   0 15:10:28     44632.63126    0.0000  2022/04/13
134.0000000  14.0000000   29.5896   6842.208 0.040    0.3   -8.0 -2.22 -0.055  55   0 15:11:28     44632.63195    0.0000  2022/04/13
134.0000000  14.0000000   29.5896   6842.209 0.062    0.1   -8.1 -2.22 -0.054  55   0 15:12:28     44632.63264    0.0000  2022/04/13
134.0000000  14.0000000   29.5896   6842.209 0.046    0.0   -8.1 -2.22 -0.054  55   0 15:13:28     44632.63334    0.0000  2022/04/13
134.0000000  14.0000000   29.3455   6842.209 0.047    0.1   -8.3 -2.22 -0.054  55   0 15:14:28     44632.63403    0.0000  2022/04/13
134.0000000  14.0000000   29.5896   6842.208 0.107    0.0   -8.4 -2.22 -0.054  55   6 15:15:28     44632.63472    0.0000  2022/04/13
134.0000000  14.0000000   29.5896   6842.208 0.048    0.0   -8.5 -2.22 -0.053  55   0 15:16:28     44632.63542    0.0000  2022/04/13
134.0000000  14.0000000   29.5896   6842.208 0.091    0.0   -8.5 -2.22 -0.053  55   0 15:17:28     44632.63611    0.0000  2022/04/13
134.0000000  14.0000000   29.5896   6842.213 0.091    0.0   -8.6 -2.22 -0.053  55   2 15:18:28     44632.63680    0.0000  2022/04/13
134.0000000  14.0000000   29.5896   6842.208 0.053    0.0   -8.7 -2.22 -0.053  55   0 15:19:28     44632.63750    0.0000  2022/04/13
134.0000000  14.0000000   29.5896   6842.209 0.056    0.0   -8.8 -2.22 -0.052  55   1 15:20:28     44632.63819    0.0000  2022/04/13
134.0000000  14.0000000   29.3455   6842.208 0.037    0.0   -9.0 -2.22 -0.052  55   0 15:21:28     44632.63888    0.0000  2022/04/13
134.0000000  14.0000000   29.3455   6842.209 0.040   -0.1   -8.9 -2.22 -0.052  55   0 15:22:28     44632.63958    0.0000  2022/04/13
134.0000000  14.0000000   29.3455   6842.209 0.037   -0.1   -9.0 -2.22 -0.052  55   0 15:23:28     44632.64027    0.0000  2022/04/13
134.0000000  14.0000000   29.3455   6842.207 0.047    0.0   -9.0 -2.22 -0.051  55   0 15:24:28     44632.64096    0.0000  2022/04/13
134.0000000  14.0000000   29.3455   6842.207 0.054   -0.1   -9.1 -2.22 -0.051  55   0 15:25:28     44632.64166    0.0000  2022/04/13
134.0000000  14.0000000   29.3455   6842.208 0.049   -0.2   -9.2 -2.22 -0.051  55   0 15:26:28     44632.64235    0.0000  2022/04/13
134.0000000  14.0000000   29.3455   6842.207 0.040   -0.2   -9.3 -2.22 -0.051  55   0 15:27:28     44632.64304    0.0000  2022/04/13
134.0000000  14.0000000   29.3455   6842.206 0.042   -0.1   -9.4 -2.22 -0.050  55   0 15:28:28     44632.64374    0.0000  2022/04/13
134.0000000  14.0000000   29.3455   6842.206 0.040   -0.2   -9.6 -2.22 -0.050  55   0 15:29:28     44632.64443    0.0000  2022/04/13
134.0000000  14.0000000   29.3455   6842.206 0.037   -0.2   -9.5 -2.22 -0.050  55   0 15:30:28     44632.64512    0.0000  2022/04/13
134.0000000  14.0000000   29.3455   6842.207 0.097   -0.2   -9.7 -2.22 -0.049  55   0 15:31:28     44632.64582    0.0000  2022/04/13
134.0000000  14.0000000   29.3455   6842.207 0.056   -0.3   -9.8 -2.22 -0.049  55   0 15:32:28     44632.64651    0.0000  2022/04/13
134.0000000  14.0000000   29.3455   6842.208 0.045   -0.2   -9.9 -2.22 -0.049  55   1 15:33:28     44632.64720    0.0000  2022/04/13
134.0000000  14.0000000   28.3689   6842.207 0.042    0.0  -10.0 -2.22 -0.049  55   0 15:34:29     44632.64791    0.0000  2022/04/13