
/	CG-5 SURVEY
/	Survey name:   	110a-kpre-ledv
/	Instrument S/N:	51265
/	Client:        	tsniigaik
/	Operator:      	iim
/	Date:          	2022/ 4/13
/	Time:          	05:23:57
/	LONG:        	37.5000000 E
/	LAT:         	55.8000000 N
/	ZONE:        	0       
/	GMT DIFF.:   	0.0 

/	CG-5 SETUP PARAMETERS
/	Gref:			0.000   
/	Gcal1:		8017.994
/	TiltxS:		646.306 
/	TiltyS:		739.919 
/	TiltxO:		-46.165 
/	TiltyO:		-37.934 
/	Tempco:		-0.137  
/	Drift:		0.875   
/	DriftTime Start:	05:24:00
/	DriftDate Start:	2022/04/13

/	CG-5 OPTIONS
/	Tide Correction:    YES
/	Cont. Tilt:          NO
/	Auto Rejection:     YES
/	Terrain Corr.:       NO
/	Seismic Filter:     YES
/	Raw Data:           YES
Line	 134.000N
/------LINE-----STATION-----ALT.------GRAV.---SD.--TILTX--TILTY-TEMP---TIDE---DUR-REJ-----TIME----DEC.TIME+DATE--TERRAIN---DATE
134.0000000  12.0000000   30.0779   6186.937 0.057   -2.9   -1.6 -0.37 -0.053  55   1 05:38:30     44632.23469    0.0000  2022/04/13
134.0000000  12.0000000   30.3221   6186.939 0.039   -3.1   -1.6 -0.37 -0.053  55   0 05:39:35     44632.23544    0.0000  2022/04/13
134.0000000  12.0000000   30.0779   6186.938 0.046   -3.3   -1.5 -0.38 -0.052  55   0 05:40:35     44632.23614    0.0000  2022/04/13
134.0000000  12.0000000   30.0779   6186.938 0.042   -3.5   -1.7 -0.38 -0.052  55   0 05:41:35     44632.23683    0.0000  2022/04/13
134.0000000  12.0000000   30.0779   6186.937 0.036   -3.7   -1.4 -0.39 -0.052  55   0 05:42:35     44632.23752    0.0000  2022/04/13
134.0000000  12.0000000   30.3221   6186.936 0.068   -3.8   -1.5 -0.39 -0.052  55   0 05:43:35     44632.23822    0.0000  2022/04/13
134.0000000  12.0000000   30.3221   6186.937 0.043   -4.0   -1.5 -0.40 -0.051  55   0 05:44:35     44632.23891    0.0000  2022/04/13
134.0000000  12.0000000   30.3221   6186.937 0.077   -4.4   -1.4 -0.40 -0.051  55   0 05:45:35     44632.23960    0.0000  2022/04/13
134.0000000  12.0000000   30.3221   6186.936 0.078   -4.4   -1.5 -0.41 -0.051  55   0 05:46:35     44632.24030    0.0000  2022/04/13
134.0000000  12.0000000   30.0779   6186.937 0.040   -4.7   -1.5 -0.42 -0.051  55   0 05:47:35     44632.24099    0.0000  2022/04/13
134.0000000  12.0000000   30.3221   6186.937 0.043   -4.8   -1.4 -0.42 -0.050  55   0 05:48:35     44632.24168    0.0000  2022/04/13
134.0000000  12.0000000   30.3221   6186.936 0.041   -4.9   -1.4 -0.43 -0.050  55   0 05:49:35     44632.24238    0.0000  2022/04/13
134.0000000  12.0000000   30.3221   6186.937 0.035   -5.1   -1.4 -0.43 -0.050  55   0 05:50:35     44632.24307    0.0000  2022/04/13
134.0000000  12.0000000   30.3221   6186.937 0.039   -5.0   -1.5 -0.43 -0.050  55   0 05:51:35     44632.24376    0.0000  2022/04/13
134.0000000  12.0000000   30.3221   6186.936 0.039   -5.2   -1.7 -0.44 -0.049  55   0 05:52:35     44632.24446    0.0000  2022/04/13
134.0000000  12.0000000   30.3221   6186.936 0.034   -5.2   -1.6 -0.44 -0.049  55   0 05:53:35     44632.24515    0.0000  2022/04/13
134.0000000  12.0000000   30.3221   6186.936 0.037   -5.2   -1.8 -0.44 -0.049  55   0 05:54:35     44632.24584    0.0000  2022/04/13
134.0000000  12.0000000   30.5662   6186.935 0.031   -5.1   -1.9 -0.44 -0.049  55   0 05:55:35     44632.24654    0.0000  2022/04/13
134.0000000  12.0000000   30.3221   6186.936 0.053   -5.2   -2.0 -0.44 -0.048  55   0 05:56:35     44632.24723    0.0000  2022/04/13
134.0000000  12.0000000   30.3221   6186.936 0.042   -5.3   -2.0 -0.45 -0.048  55   1 05:57:35     44632.24792    0.0000  2022/04/13
134.0000000  12.0000000   30.3221   6186.936 0.055   -5.4   -2.2 -0.45 -0.048  55   0 05:58:35     44632.24862    0.0000  2022/04/13
134.0000000  12.0000000   30.3221   6186.936 0.054   -5.3   -2.4 -0.45 -0.048  55   0 05:59:35     44632.24931    0.0000  2022/04/13
134.0000000  12.0000000   30.3221   6186.937 0.038   -5.3   -2.5 -0.45 -0.048  55   0 06:00:35     44632.25000    0.0000  2022/04/13
134.0000000  12.0000000   30.3221   6186.945 0.034   -5.2   -2.6 -0.45 -0.047  55  12 06:01:35     44632.25070    0.0000  2022/04/13
134.0000000  12.0000000   30.3221   6186.935 0.066   -5.3   -2.9 -0.45 -0.047  55   0 06:02:35     44632.25139    0.0000  2022/04/13
134.0000000  12.0000000   30.3221   6186.938 0.033   -5.3   -3.0 -0.45 -0.047  55   0 06:03:35     44632.25208    0.0000  2022/04/13
134.0000000  12.0000000   30.3221   6186.936 0.041   -5.3   -3.1 -0.45 -0.047  55   0 06:04:35     44632.25278    0.0000  2022/04/13
134.0000000  12.0000000   30.3221   6186.934 0.051   -5.3   -3.2 -0.45 -0.046  55   0 06:05:35     44632.25347    0.0000  2022/04/13
134.0000000  12.0000000   30.3221   6186.936 0.084   -5.4   -3.4 -0.46 -0.046  55   8 06:06:35     44632.25416    0.0000  2022/04/13
134.0000000  12.0000000   30.3221   6186.936 0.049   -5.2   -3.6 -0.46 -0.046  55   0 06:07:35     44632.25486    0.0000  2022/04/13
134.0000000  12.0000000   30.3221   6186.935 0.105   -5.3   -3.7 -0.46 -0.046  55   0 06:08:35     44632.25555    0.0000  2022/04/13
134.0000000  12.0000000   30.3221   6186.936 0.048   -5.3   -3.8 -0.46 -0.045  55   0 06:09:35     44632.25624    0.0000  2022/04/13
134.0000000  12.0000000   30.3221   6186.936 0.046   -5.3   -4.0 -0.46 -0.045  55   0 06:10:35     44632.25694    0.0000  2022/04/13
134.0000000  12.0000000   30.3221   6186.934 0.056   -5.3   -4.1 -0.46 -0.045  55   0 06:11:35     44632.25763    0.0000  2022/04/13
134.0000000  12.0000000   30.3221   6186.934 0.049   -5.4   -4.3 -0.46 -0.045  55   3 06:12:35     44632.25832    0.0000  2022/04/13
134.0000000  12.0000000   30.3221   6186.937 0.056   -5.3   -4.5 -0.46 -0.045  55   0 06:13:35     44632.25902    0.0000  2022/04/13
134.0000000  12.0000000   30.3221   6186.933 0.051   -5.4   -4.6 -0.46 -0.044  55   1 06:14:35     44632.25971    0.0000  2022/04/13
134.0000000  12.0000000   30.3221   6186.935 0.043   -5.3   -4.7 -0.46 -0.044  55   0 06:15:35     44632.26040    0.0000  2022/04/13
134.0000000  12.0000000   30.5662   6186.934 0.055   -5.4   -4.8 -0.46 -0.044  55   6 06:16:35     44632.26110    0.0000  2022/04/13
134.0000000  12.0000000   30.3221   6186.938 0.073   -5.3   -4.9 -0.46 -0.044  55   4 06:17:35     44632.26179    0.0000  2022/04/13
134.0000000  12.0000000   30.3221   6186.935 0.055   -5.5   -5.0 -0.46 -0.044  55   0 06:18:35     44632.26248    0.0000  2022/04/13
134.0000000  12.0000000   30.3221   6186.933 0.055   -5.5   -5.2 -0.46 -0.043  55   0 06:19:35     44632.26318    0.0000  2022/04/13
134.0000000  12.0000000   30.5662   6186.934 0.059   -5.5   -5.3 -0.46 -0.043  55   0 06:20:35     44632.26387    0.0000  2022/04/13
134.0000000  12.0000000   30.3221   6186.933 0.062   -5.5   -5.4 -0.46 -0.043  55   0 06:21:35     44632.26456    0.0000  2022/04/13
134.0000000  12.0000000   30.3221   6186.935 0.073   -5.5   -5.5 -0.46 -0.043  55   0 06:22:35     44632.26526    0.0000  2022/04/13
134.0000000  12.0000000   30.5662   6186.934 0.047   -5.5   -5.7 -0.46 -0.042  55   0 06:23:35     44632.26595    0.0000  2022/04/13
134.0000000  12.0000000   30.5662   6186.934 0.039   -5.5   -5.8 -0.46 -0.042  55   0 06:24:35     44632.26664    0.0000  2022/04/13
134.0000000  12.0000000   30.3221   6186.934 0.052   -5.5   -5.9 -0.46 -0.042  55   0 06:25:35     44632.26734    0.0000  2022/04/13
134.0000000  12.0000000   30.5662   6186.933 0.035   -5.5   -6.1 -0.46 -0.042  55   1 06:26:35     44632.26803    0.0000  2022/04/13
134.0000000  12.0000000   30.5662   6186.935 0.050   -5.4   -6.2 -0.46 -0.042  55   0 06:27:35     44632.26872    0.0000  2022/04/13
134.0000000  12.0000000   30.3221   6186.936 0.048   -5.4   -6.3 -0.46 -0.041  55   0 06:28:35     44632.26942    0.0000  2022/04/13
134.0000000  12.0000000   30.5662   6186.934 0.042   -5.5   -6.4 -0.46 -0.041  55   0 06:29:35     44632.27011    0.0000  2022/04/13
134.0000000  12.0000000   30.3221   6186.934 0.037   -5.5   -6.6 -0.46 -0.041  55   0 06:30:35     44632.27080    0.0000  2022/04/13
134.0000000  12.0000000   30.5662   6186.934 0.050   -5.6   -6.7 -0.46 -0.041  55   0 06:31:35     44632.27150    0.0000  2022/04/13
134.0000000  12.0000000   30.3221   6186.935 0.043   -5.5   -6.9 -0.46 -0.041  55   0 06:32:35     44632.27219    0.0000  2022/04/13
134.0000000  12.0000000   30.5662   6186.935 0.068   -5.5   -6.9 -0.46 -0.040  55   0 06:33:35     44632.27288    0.0000  2022/04/13
134.0000000  12.0000000   30.5662   6186.934 0.049   -5.5   -7.0 -0.46 -0.040  55   0 06:34:35     44632.27358    0.0000  2022/04/13
134.0000000  12.0000000   30.5662   6186.934 0.058   -5.5   -7.2 -0.46 -0.040  55   0 06:35:35     44632.27427    0.0000  2022/04/13
134.0000000  12.0000000   30.5662   6186.933 0.060   -5.4   -7.3 -0.46 -0.040  55   0 06:36:35     44632.27496    0.0000  2022/04/13
134.0000000  12.0000000   29.3455   6186.934 0.048   -5.5   -7.4 -0.46 -0.040  55   0 06:37:36     44632.27567    0.0000  2022/04/13
134.0000000  32.0000000   31.5428   6160.418 0.019    2.3    0.5 -0.14 -0.032  55   0 07:35:05     44632.31552    0.0000  2022/04/13
134.0000000  32.0000000   31.5428   6160.419 0.021    2.5    0.4 -0.16 -0.032  55   0 07:36:10     44632.31628    0.0000  2022/04/13
134.0000000  32.0000000   31.5428   6160.420 0.022    2.8    0.3 -0.18 -0.032  55   0 07:37:10     44632.31697    0.0000  2022/04/13
134.0000000  32.0000000   31.5428   6160.421 0.017    2.9    0.2 -0.20 -0.032  55   0 07:38:10     44632.31766    0.0000  2022/04/13
134.0000000  32.0000000   31.2986   6160.419 0.018    2.9    0.3 -0.22 -0.032  55   0 07:39:10     44632.31836    0.0000  2022/04/13
134.0000000  32.0000000   31.5428   6160.421 0.018    2.9    0.2 -0.24 -0.032  55   0 07:40:10     44632.31905    0.0000  2022/04/13
134.0000000  32.0000000   31.2986   6160.420 0.017    2.8    0.1 -0.26 -0.032  55   0 07:41:10     44632.31974    0.0000  2022/04/13
134.0000000  32.0000000   31.2986   6160.420 0.024    2.7    0.1 -0.28 -0.032  55   0 07:42:10     44632.32044    0.0000  2022/04/13
134.0000000  32.0000000   31.2986   6160.420 0.019    2.7    0.0 -0.29 -0.031  55   0 07:43:10     44632.32113    0.0000  2022/04/13
134.0000000  32.0000000   31.2986   6160.418 0.022    2.6    0.0 -0.31 -0.031  55   0 07:44:10     44632.32182    0.0000  2022/04/13
134.0000000  32.0000000   31.0545   6160.419 0.019    2.6    0.0 -0.33 -0.031  55   0 07:45:10     44632.32252    0.0000  2022/04/13
134.0000000  32.0000000   31.0545   6160.419 0.025    2.4    0.0 -0.34 -0.031  55   0 07:46:10     44632.32321    0.0000  2022/04/13
134.0000000  32.0000000   31.0545   6160.419 0.017    2.3   -0.1 -0.35 -0.031  55   0 07:47:10     44632.32390    0.0000  2022/04/13
134.0000000  32.0000000   31.0545   6160.419 0.018    2.2   -0.2 -0.36 -0.031  55   0 07:48:10     44632.32460    0.0000  2022/04/13
134.0000000  32.0000000   31.0545   6160.420 0.020    2.1   -0.3 -0.37 -0.031  55   0 07:49:10     44632.32529    0.0000  2022/04/13
134.0000000  32.0000000   31.0545   6160.419 0.020    1.9   -0.4 -0.38 -0.031  55   0 07:50:10     44632.32598    0.0000  2022/04/13
134.0000000  32.0000000   30.8103   6160.420 0.017    1.9   -0.5 -0.39 -0.031  55   0 07:51:10     44632.32668    0.0000  2022/04/13
134.0000000  32.0000000   30.8103   6160.421 0.022    1.7   -0.7 -0.40 -0.031  55   0 07:52:10     44632.32737    0.0000  2022/04/13
134.0000000  32.0000000   30.8103   6160.422 0.017    1.6   -0.7 -0.41 -0.031  55   0 07:53:10     44632.32806    0.0000  2022/04/13
134.0000000  32.0000000   30.8103   6160.422 0.018    1.5   -1.0 -0.41 -0.031  55   0 07:54:10     44632.32876    0.0000  2022/04/13
134.0000000  32.0000000   30.8103   6160.420 0.019    1.4   -1.1 -0.42 -0.031  55   0 07:55:10     44632.32945    0.0000  2022/04/13
134.0000000  32.0000000   30.8103   6160.421 0.020    1.3   -1.2 -0.43 -0.031  55   0 07:56:10     44632.33014    0.0000  2022/04/13
134.0000000  32.0000000   30.8103   6160.423 0.018    1.2   -1.3 -0.43 -0.031  55   0 07:57:10     44632.33084    0.0000  2022/04/13
134.0000000  32.0000000   30.5662   6160.423 0.018    1.1   -1.4 -0.43 -0.031  55   0 07:58:10     44632.33153    0.0000  2022/04/13
134.0000000  32.0000000   30.5662   6160.422 0.018    1.0   -1.6 -0.44 -0.031  55   0 07:59:10     44632.33222    0.0000  2022/04/13
134.0000000  32.0000000   30.8103   6160.423 0.024    0.9   -1.7 -0.44 -0.031  55   0 08:00:10     44632.33292    0.0000  2022/04/13
134.0000000  32.0000000   30.5662   6160.423 0.017    0.8   -1.9 -0.45 -0.031  55   0 08:01:10     44632.33361    0.0000  2022/04/13
134.0000000  32.0000000   30.5662   6160.424 0.019    0.7   -2.0 -0.45 -0.031  55   0 08:02:10     44632.33430    0.0000  2022/04/13
134.0000000  32.0000000   30.3221   6160.423 0.018    0.6   -2.2 -0.45 -0.031  55   0 08:03:10     44632.33500    0.0000  2022/04/13
134.0000000  32.0000000   30.5662   6160.422 0.016    0.5   -2.4 -0.46 -0.031  55   0 08:04:10     44632.33569    0.0000  2022/04/13
134.0000000  32.0000000   30.5662   6160.424 0.018    0.4   -2.5 -0.46 -0.031  55   0 08:05:10     44632.33638    0.0000  2022/04/13
134.0000000  32.0000000   30.5662   6160.423 0.022    0.3   -2.8 -0.46 -0.031  55   0 08:06:10     44632.33708    0.0000  2022/04/13
134.0000000  32.0000000   30.5662   6160.422 0.016    0.2   -2.9 -0.46 -0.031  55   0 08:07:10     44632.33777    0.0000  2022/04/13
134.0000000  32.0000000   30.5662   6160.424 0.025    0.2   -3.1 -0.46 -0.031  55   0 08:08:10     44632.33846    0.0000  2022/04/13
134.0000000  32.0000000   30.5662   6160.425 0.015    0.1   -3.2 -0.46 -0.030  55   0 08:09:10     44632.33916    0.0000  2022/04/13
134.0000000  32.0000000   30.3221   6160.425 0.018    0.0   -3.4 -0.46 -0.030  55   0 08:10:10     44632.33985    0.0000  2022/04/13
134.0000000  32.0000000   30.5662   6160.425 0.025    0.0   -3.5 -0.47 -0.030  55   1 08:11:10     44632.34054    0.0000  2022/04/13
134.0000000  32.0000000   30.3221   6160.424 0.018    0.0   -3.7 -0.47 -0.030  55   0 08:12:10     44632.34124    0.0000  2022/04/13
134.0000000  32.0000000   30.5662   6160.425 0.021    0.0   -3.8 -0.47 -0.030  55   0 08:13:10     44632.34193    0.0000  2022/04/13
134.0000000  32.0000000   30.3221   6160.426 0.014   -0.1   -4.0 -0.47 -0.030  55   0 08:14:10     44632.34262    0.0000  2022/04/13
134.0000000  32.0000000   30.3221   6160.423 0.016   -0.2   -4.1 -0.47 -0.030  55   0 08:15:10     44632.34332    0.0000  2022/04/13
134.0000000  32.0000000   30.3221   6160.424 0.019   -0.2   -4.2 -0.47 -0.030  55   0 08:16:10     44632.34401    0.0000  2022/04/13
134.0000000  32.0000000   30.3221   6160.424 0.017   -0.2   -4.4 -0.47 -0.030  55   1 08:17:10     44632.34470    0.0000  2022/04/13
134.0000000  32.0000000   30.3221   6160.426 0.019   -0.3   -4.6 -0.47 -0.030  55   0 08:18:10     44632.34540    0.0000  2022/04/13
134.0000000  32.0000000   30.3221   6160.424 0.019   -0.4   -4.7 -0.47 -0.031  55   0 08:19:10     44632.34609    0.0000  2022/04/13
134.0000000  32.0000000   30.3221   6160.425 0.015   -0.4   -4.8 -0.47 -0.031  55   0 08:20:10     44632.34678    0.0000  2022/04/13
134.0000000  32.0000000   30.3221   6160.426 0.019   -0.5   -5.0 -0.47 -0.031  55   0 08:21:10     44632.34748    0.0000  2022/04/13
134.0000000  32.0000000   30.3221   6160.426 0.021   -0.5   -5.0 -0.47 -0.031  55   0 08:22:10     44632.34817    0.0000  2022/04/13
134.0000000  32.0000000   30.3221   6160.425 0.023   -0.5   -5.3 -0.47 -0.031  55   0 08:23:10     44632.34886    0.0000  2022/04/13
134.0000000  32.0000000   30.3221   6160.425 0.018   -0.6   -5.3 -0.47 -0.031  55   0 08:24:10     44632.34956    0.0000  2022/04/13
134.0000000  32.0000000   30.3221   6160.424 0.020   -0.4   -5.5 -0.47 -0.031  55   0 08:25:10     44632.35025    0.0000  2022/04/13
134.0000000  32.0000000   30.0779   6160.425 0.023   -0.6   -5.7 -0.47 -0.031  55   0 08:26:10     44632.35094    0.0000  2022/04/13
134.0000000  32.0000000   30.0779   6160.426 0.019   -0.7   -5.8 -0.47 -0.031  55   0 08:27:10     44632.35164    0.0000  2022/04/13
134.0000000  32.0000000   30.0779   6160.425 0.021   -0.8   -5.9 -0.47 -0.031  55   0 08:28:10     44632.35233    0.0000  2022/04/13
134.0000000  32.0000000   30.0779   6160.424 0.023   -0.8   -6.0 -0.47 -0.031  55   0 08:29:10     44632.35302    0.0000  2022/04/13
134.0000000  32.0000000   30.0779   6160.425 0.017   -0.9   -6.1 -0.47 -0.031  55   0 08:30:10     44632.35372    0.0000  2022/04/13
134.0000000  32.0000000   30.0779   6160.426 0.020   -0.9   -6.3 -0.47 -0.031  55   0 08:31:10     44632.35441    0.0000  2022/04/13
134.0000000  32.0000000   30.0779   6160.425 0.018   -1.0   -6.5 -0.48 -0.031  55   0 08:32:10     44632.35510    0.0000  2022/04/13
134.0000000  32.0000000   30.0779   6160.425 0.017   -1.0   -6.6 -0.48 -0.031  55   0 08:33:10     44632.35580    0.0000  2022/04/13
134.0000000  32.0000000   28.8572   6160.425 0.021   -1.1   -6.7 -0.48 -0.031  55   0 08:34:11     44632.35650    0.0000  2022/04/13
134.0000000  42.0000000   33.2517   6167.310 0.040    0.9   -1.4 -0.16 -0.042  55   1 10:08:42     44632.42203    0.0000  2022/04/13
134.0000000  42.0000000   33.0076   6167.310 0.031    1.3   -1.2 -0.18 -0.042  55   0 10:09:47     44632.42278    0.0000  2022/04/13
134.0000000  42.0000000   33.0076   6167.311 0.038    1.5   -1.0 -0.20 -0.043  55   1 10:10:47     44632.42348    0.0000  2022/04/13
134.0000000  42.0000000   33.0076   6167.308 0.045    1.8   -0.8 -0.22 -0.043  55   1 10:11:47     44632.42417    0.0000  2022/04/13
134.0000000  42.0000000   33.0076   6167.310 0.025    2.0   -0.6 -0.24 -0.043  55   0 10:12:47     44632.42486    0.0000  2022/04/13
134.0000000  42.0000000   32.7635   6167.308 0.026    2.1   -0.4 -0.26 -0.043  55   0 10:13:47     44632.42556    0.0000  2022/04/13
134.0000000  42.0000000   32.7635   6167.310 0.041    2.2   -0.3 -0.28 -0.043  55   0 10:14:47     44632.42625    0.0000  2022/04/13
134.0000000  42.0000000   32.5193   6167.309 0.059    2.3   -0.2 -0.30 -0.044  55   0 10:15:47     44632.42694    0.0000  2022/04/13
134.0000000  42.0000000   32.5193   6167.308 0.068    2.3   -0.2 -0.31 -0.044  55   0 10:16:47     44632.42764    0.0000  2022/04/13
134.0000000  42.0000000   32.2752   6167.308 0.080    2.3    0.0 -0.33 -0.044  55   0 10:17:47     44632.42833    0.0000  2022/04/13
134.0000000  42.0000000   32.2752   6167.309 0.043    2.4    0.0 -0.34 -0.044  55   0 10:18:47     44632.42902    0.0000  2022/04/13
134.0000000  42.0000000   32.2752   6167.308 0.032    2.4    0.0 -0.35 -0.044  55   0 10:19:47     44632.42972    0.0000  2022/04/13
134.0000000  42.0000000   32.0310   6167.309 0.031    2.4    0.0 -0.36 -0.044  55   0 10:20:47     44632.43041    0.0000  2022/04/13
134.0000000  42.0000000   32.0310   6167.308 0.052    2.4    0.0 -0.37 -0.045  55   0 10:21:47     44632.43110    0.0000  2022/04/13
134.0000000  42.0000000   32.0310   6167.309 0.072    2.5    0.0 -0.38 -0.045  55   0 10:22:47     44632.43180    0.0000  2022/04/13
134.0000000  42.0000000   31.7869   6167.305 0.043    2.4    0.0 -0.39 -0.045  55   2 10:23:47     44632.43249    0.0000  2022/04/13
134.0000000  42.0000000   31.7869   6167.310 0.051    2.4   -0.1 -0.40 -0.045  55   1 10:24:47     44632.43318    0.0000  2022/04/13
134.0000000  42.0000000   31.7869   6167.308 0.022    2.4   -0.1 -0.40 -0.045  55   0 10:25:47     44632.43388    0.0000  2022/04/13
134.0000000  42.0000000   31.7869   6167.310 0.023    2.3   -0.2 -0.41 -0.046  55   0 10:26:47     44632.43457    0.0000  2022/04/13
134.0000000  42.0000000   31.5428   6167.307 0.026    2.3   -0.3 -0.42 -0.046  55   0 10:27:47     44632.43526    0.0000  2022/04/13
134.0000000  42.0000000   31.5428   6167.307 0.030    2.3   -0.3 -0.42 -0.046  55   3 10:28:47     44632.43596    0.0000  2022/04/13
134.0000000  42.0000000   31.5428   6167.309 0.040    2.3   -0.4 -0.43 -0.046  55   0 10:29:47     44632.43665    0.0000  2022/04/13
134.0000000  42.0000000   31.2986   6167.309 0.030    2.2   -0.6 -0.43 -0.046  55   0 10:30:47     44632.43734    0.0000  2022/04/13
134.0000000  42.0000000   31.2986   6167.307 0.027    2.2   -0.6 -0.44 -0.047  55   0 10:31:47     44632.43804    0.0000  2022/04/13
134.0000000  42.0000000   31.2986   6167.307 0.032    2.1   -0.7 -0.44 -0.047  55   0 10:32:47     44632.43873    0.0000  2022/04/13
134.0000000  42.0000000   31.2986   6167.309 0.062    2.1   -0.9 -0.44 -0.047  55   1 10:33:47     44632.43942    0.0000  2022/04/13
134.0000000  42.0000000   31.2986   6167.307 0.034    2.0   -1.0 -0.45 -0.047  55   0 10:34:47     44632.44012    0.0000  2022/04/13
134.0000000  42.0000000   31.2986   6167.307 0.037    2.0   -1.1 -0.45 -0.047  55   0 10:35:47     44632.44081    0.0000  2022/04/13
134.0000000  42.0000000   31.0545   6167.308 0.032    1.9   -1.2 -0.45 -0.048  55   0 10:36:47     44632.44150    0.0000  2022/04/13
134.0000000  42.0000000   31.0545   6167.306 0.036    1.8   -1.3 -0.45 -0.048  55   0 10:37:47     44632.44220    0.0000  2022/04/13
134.0000000  42.0000000   31.0545   6167.309 0.045    1.8   -1.5 -0.46 -0.048  55   0 10:38:47     44632.44289    0.0000  2022/04/13
134.0000000  42.0000000   30.8103   6167.306 0.085    1.7   -1.6 -0.46 -0.048  55   1 10:39:47     44632.44358    0.0000  2022/04/13
134.0000000  42.0000000   31.0545   6167.307 0.072    1.7   -1.6 -0.46 -0.048  55   0 10:40:47     44632.44428    0.0000  2022/04/13
134.0000000  42.0000000   31.0545   6167.308 0.112    1.6   -1.8 -0.46 -0.049  55   0 10:41:47     44632.44497    0.0000  2022/04/13
134.0000000  42.0000000   30.8103   6167.308 0.033    1.6   -1.9 -0.46 -0.049  55   0 10:42:47     44632.44566    0.0000  2022/04/13
134.0000000  42.0000000   30.8103   6167.307 0.053    1.5   -2.1 -0.46 -0.049  55   0 10:43:47     44632.44636    0.0000  2022/04/13
134.0000000  42.0000000   30.8103   6167.307 0.159    1.5   -2.1 -0.47 -0.049  55   0 10:44:47     44632.44705    0.0000  2022/04/13
134.0000000  42.0000000   30.8103   6167.308 0.087    1.5   -2.3 -0.47 -0.049  55   0 10:45:47     44632.44774    0.0000  2022/04/13
134.0000000  42.0000000   30.8103   6167.309 0.068    1.4   -2.4 -0.47 -0.050  55   0 10:46:47     44632.44844    0.0000  2022/04/13
134.0000000  42.0000000   30.8103   6167.308 0.037    1.3   -2.5 -0.47 -0.050  55   1 10:47:47     44632.44913    0.0000  2022/04/13
134.0000000  42.0000000   30.8103   6167.309 0.033    1.2   -2.6 -0.47 -0.050  55   0 10:48:47     44632.44982    0.0000  2022/04/13
134.0000000  42.0000000   30.8103   6167.308 0.027    1.3   -2.7 -0.47 -0.050  55   0 10:49:47     44632.45052    0.0000  2022/04/13
134.0000000  42.0000000   30.5662   6167.308 0.027    1.2   -2.9 -0.47 -0.050  55   0 10:50:47     44632.45121    0.0000  2022/04/13
134.0000000  42.0000000   30.5662   6167.310 0.022    1.2   -3.0 -0.47 -0.050  55   0 10:51:47     44632.45190    0.0000  2022/04/13
134.0000000  42.0000000   30.5662   6167.308 0.029    1.1   -3.1 -0.47 -0.051  55   0 10:52:47     44632.45260    0.0000  2022/04/13
134.0000000  42.0000000   30.5662   6167.309 0.029    1.1   -3.1 -0.47 -0.051  55   0 10:53:47     44632.45329    0.0000  2022/04/13
134.0000000  42.0000000   30.5662   6167.308 0.024    1.1   -3.3 -0.47 -0.051  55   0 10:54:47     44632.45398    0.0000  2022/04/13
134.0000000  42.0000000   30.5662   6167.309 0.022    1.0   -3.4 -0.47 -0.051  55   0 10:55:47     44632.45468    0.0000  2022/04/13
134.0000000  42.0000000   30.5662   6167.309 0.024    1.0   -3.5 -0.47 -0.051  55   0 10:56:47     44632.45537    0.0000  2022/04/13
134.0000000  42.0000000   30.3221   6167.308 0.034    1.0   -3.6 -0.47 -0.052  55   0 10:57:47     44632.45606    0.0000  2022/04/13
134.0000000  42.0000000   30.3221   6167.309 0.025    0.9   -3.8 -0.48 -0.052  55   0 10:58:47     44632.45676    0.0000  2022/04/13
134.0000000  42.0000000   30.3221   6167.309 0.025    0.9   -3.9 -0.48 -0.052  55   0 10:59:47     44632.45745    0.0000  2022/04/13
134.0000000  42.0000000   30.3221   6167.310 0.041    0.8   -4.0 -0.48 -0.052  55   1 11:00:47     44632.45814    0.0000  2022/04/13
134.0000000  42.0000000   30.3221   6167.308 0.044    0.8   -4.1 -0.48 -0.052  55   0 11:01:47     44632.45884    0.0000  2022/04/13
134.0000000  42.0000000   30.3221   6167.309 0.028    0.7   -4.2 -0.48 -0.053  55   0 11:02:47     44632.45953    0.0000  2022/04/13
134.0000000  42.0000000   30.3221   6167.308 0.034    0.7   -4.2 -0.48 -0.053  55   0 11:03:47     44632.46022    0.0000  2022/04/13
134.0000000  42.0000000   30.3221   6167.308 0.045    0.7   -4.4 -0.48 -0.053  55   0 11:04:47     44632.46092    0.0000  2022/04/13
134.0000000  42.0000000   30.3221   6167.309 0.067    0.7   -4.5 -0.48 -0.053  55   0 11:05:47     44632.46161    0.0000  2022/04/13
134.0000000  42.0000000   30.3221   6167.308 0.040    0.7   -4.6 -0.48 -0.053  55   0 11:06:47     44632.46230    0.0000  2022/04/13
134.0000000  42.0000000   29.3455   6167.308 0.030    0.6   -4.6 -0.48 -0.054  55   0 11:07:48     44632.46301    0.0000  2022/04/13
134.0000000  32.0000000   33.2517   6160.412 0.020   -0.2   -1.4 -0.23 -0.068  55   0 12:44:59     44632.53039    0.0000  2022/04/13
134.0000000  32.0000000   33.0076   6160.411 0.018    0.0   -1.3 -0.25 -0.068  55   0 12:46:04     44632.53114    0.0000  2022/04/13
134.0000000  32.0000000   33.0076   6160.410 0.017    0.0   -1.3 -0.27 -0.068  55   0 12:47:04     44632.53183    0.0000  2022/04/13
134.0000000  32.0000000   33.0076   6160.411 0.017    0.0   -1.2 -0.28 -0.068  55   0 12:48:04     44632.53253    0.0000  2022/04/13
134.0000000  32.0000000   32.7635   6160.411 0.018    0.0   -1.1 -0.30 -0.068  55   0 12:49:04     44632.53322    0.0000  2022/04/13
134.0000000  32.0000000   32.7635   6160.411 0.019    0.0   -1.1 -0.31 -0.068  55   0 12:50:04     44632.53391    0.0000  2022/04/13
134.0000000  32.0000000   32.5193   6160.412 0.021    0.0   -1.2 -0.33 -0.068  55   0 12:51:04     44632.53461    0.0000  2022/04/13
134.0000000  32.0000000   32.5193   6160.412 0.019    0.0   -1.3 -0.34 -0.068  55   1 12:52:04     44632.53530    0.0000  2022/04/13
134.0000000  32.0000000   32.5193   6160.411 0.022    0.0   -1.3 -0.36 -0.068  55   0 12:53:04     44632.53599    0.0000  2022/04/13
134.0000000  32.0000000   32.5193   6160.411 0.018    0.0   -1.4 -0.37 -0.068  55   0 12:54:04     44632.53669    0.0000  2022/04/13
134.0000000  32.0000000   32.2752   6160.411 0.021   -0.1   -1.5 -0.38 -0.068  55   0 12:55:04     44632.53738    0.0000  2022/04/13
134.0000000  32.0000000   32.0310   6160.412 0.017   -0.1   -1.6 -0.39 -0.068  55   0 12:56:04     44632.53807    0.0000  2022/04/13
134.0000000  32.0000000   32.0310   6160.411 0.018   -0.1   -1.8 -0.40 -0.068  55   0 12:57:04     44632.53877    0.0000  2022/04/13
134.0000000  32.0000000   32.0310   6160.410 0.021   -0.2   -2.0 -0.40 -0.068  55   0 12:58:04     44632.53946    0.0000  2022/04/13
134.0000000  32.0000000   32.0310   6160.413 0.017   -0.4   -2.1 -0.41 -0.069  55   0 12:59:04     44632.54015    0.0000  2022/04/13
134.0000000  32.0000000   32.0310   6160.413 0.019   -0.5   -2.3 -0.42 -0.069  55   0 13:00:04     44632.54085    0.0000  2022/04/13
134.0000000  32.0000000   31.7869   6160.413 0.017   -0.6   -2.5 -0.42 -0.069  55   0 13:01:04     44632.54154    0.0000  2022/04/13
134.0000000  32.0000000   31.7869   6160.411 0.019   -0.7   -2.7 -0.43 -0.069  55   0 13:02:04     44632.54223    0.0000  2022/04/13
134.0000000  32.0000000   31.7869   6160.413 0.019   -0.8   -2.9 -0.44 -0.069  55   0 13:03:04     44632.54293    0.0000  2022/04/13
134.0000000  32.0000000   31.5428   6160.412 0.020   -0.9   -3.0 -0.44 -0.069  55   0 13:04:04     44632.54362    0.0000  2022/04/13
134.0000000  32.0000000   31.5428   6160.412 0.022   -1.0   -3.2 -0.45 -0.069  55   0 13:05:04     44632.54431    0.0000  2022/04/13
134.0000000  32.0000000   31.5428   6160.411 0.022   -1.1   -3.4 -0.45 -0.069  55   0 13:06:04     44632.54501    0.0000  2022/04/13
134.0000000  32.0000000   31.2986   6160.412 0.017   -1.3   -3.6 -0.45 -0.069  55   0 13:07:04     44632.54570    0.0000  2022/04/13
134.0000000  32.0000000   31.2986   6160.412 0.017   -1.3   -3.8 -0.46 -0.069  55   0 13:08:04     44632.54639    0.0000  2022/04/13
134.0000000  32.0000000   31.2986   6160.413 0.018   -1.4   -3.9 -0.46 -0.069  55   0 13:09:04     44632.54709    0.0000  2022/04/13
134.0000000  32.0000000   31.2986   6160.412 0.019   -1.6   -4.1 -0.46 -0.069  55   0 13:10:04     44632.54778    0.0000  2022/04/13
134.0000000  32.0000000   31.2986   6160.412 0.019   -1.7   -4.3 -0.46 -0.069  55   0 13:11:04     44632.54847    0.0000  2022/04/13
134.0000000  32.0000000   31.2986   6160.414 0.021   -1.7   -4.5 -0.47 -0.069  55   0 13:12:04     44632.54917    0.0000  2022/04/13
134.0000000  32.0000000   31.2986   6160.413 0.019   -1.9   -4.7 -0.47 -0.069  55   0 13:13:04     44632.54986    0.0000  2022/04/13
134.0000000  32.0000000   31.0545   6160.414 0.015   -1.9   -4.8 -0.47 -0.069  55   0 13:14:04     44632.55055    0.0000  2022/04/13
134.0000000  32.0000000   31.0545   6160.412 0.018   -1.8   -5.0 -0.47 -0.069  55   0 13:15:04     44632.55125    0.0000  2022/04/13
134.0000000  32.0000000   31.0545   6160.413 0.023   -1.9   -5.1 -0.47 -0.069  55   0 13:16:04     44632.55194    0.0000  2022/04/13
134.0000000  32.0000000   31.0545   6160.414 0.022   -2.1   -5.3 -0.47 -0.069  55   0 13:17:04     44632.55263    0.0000  2022/04/13
134.0000000  32.0000000   31.0545   6160.413 0.018   -2.2   -5.5 -0.48 -0.069  55   0 13:18:04     44632.55333    0.0000  2022/04/13
134.0000000  32.0000000   31.0545   6160.414 0.019   -2.2   -5.7 -0.48 -0.069  55   0 13:19:04     44632.55402    0.0000  2022/04/13
134.0000000  32.0000000   31.0545   6160.413 0.020   -2.3   -5.8 -0.48 -0.069  55   0 13:20:04     44632.55471    0.0000  2022/04/13
134.0000000  32.0000000   30.8103   6160.414 0.016   -2.4   -6.0 -0.48 -0.069  55   0 13:21:04     44632.55541    0.0000  2022/04/13
134.0000000  32.0000000   30.8103   6160.413 0.018   -2.5   -6.2 -0.48 -0.069  55   0 13:22:04     44632.55610    0.0000  2022/04/13
134.0000000  32.0000000   30.8103   6160.413 0.017   -2.6   -6.3 -0.48 -0.069  55   0 13:23:04     44632.55679    0.0000  2022/04/13
134.0000000  32.0000000   30.8103   6160.414 0.019   -2.7   -6.5 -0.48 -0.069  55   0 13:24:04     44632.55749    0.0000  2022/04/13
134.0000000  32.0000000   30.8103   6160.415 0.019   -2.8   -6.6 -0.48 -0.069  55   0 13:25:04     44632.55818    0.0000  2022/04/13
134.0000000  32.0000000   30.8103   6160.414 0.019   -2.7   -6.7 -0.48 -0.069  55   0 13:26:04     44632.55887    0.0000  2022/04/13
134.0000000  32.0000000   30.5662   6160.414 0.015   -2.8   -6.8 -0.48 -0.069  55   0 13:27:04     44632.55957    0.0000  2022/04/13
134.0000000  32.0000000   30.5662   6160.413 0.021   -2.9   -7.0 -0.48 -0.069  55   0 13:28:04     44632.56026    0.0000  2022/04/13
134.0000000  32.0000000   30.5662   6160.413 0.017   -2.9   -7.1 -0.48 -0.069  55   0 13:29:04     44632.56095    0.0000  2022/04/13
134.0000000  32.0000000   30.8103   6160.413 0.015   -3.0   -7.3 -0.48 -0.069  55   0 13:30:04     44632.56165    0.0000  2022/04/13
134.0000000  32.0000000   30.5662   6160.414 0.020   -3.1   -7.5 -0.48 -0.069  55   0 13:31:04     44632.56234    0.0000  2022/04/13
134.0000000  32.0000000   30.5662   6160.414 0.020   -3.1   -7.6 -0.48 -0.069  55   0 13:32:04     44632.56303    0.0000  2022/04/13
134.0000000  32.0000000   30.5662   6160.413 0.017   -3.2   -7.7 -0.48 -0.069  55   0 13:33:04     44632.56373    0.0000  2022/04/13
134.0000000  32.0000000   30.5662   6160.415 0.019   -3.3   -7.9 -0.49 -0.069  55   0 13:34:04     44632.56442    0.0000  2022/04/13
134.0000000  32.0000000   30.5662   6160.413 0.021   -3.4   -8.0 -0.49 -0.069  55   0 13:35:04     44632.56511    0.0000  2022/04/13
134.0000000  32.0000000   30.5662   6160.413 0.018   -3.4   -8.2 -0.49 -0.069  55   0 13:36:04     44632.56581    0.0000  2022/04/13
134.0000000  32.0000000   30.5662   6160.414 0.018   -3.5   -8.4 -0.49 -0.069  55   0 13:37:04     44632.56650    0.0000  2022/04/13
134.0000000  32.0000000   30.5662   6160.413 0.021   -3.5   -8.4 -0.49 -0.069  55   0 13:38:04     44632.56719    0.0000  2022/04/13
134.0000000  32.0000000   30.5662   6160.413 0.017   -3.6   -8.6 -0.49 -0.069  55   0 13:39:04     44632.56789    0.0000  2022/04/13
134.0000000  32.0000000   30.3221   6160.412 0.017   -3.6   -8.7 -0.49 -0.068  55   0 13:40:04     44632.56858    0.0000  2022/04/13
134.0000000  32.0000000   30.3221   6160.413 0.019   -3.6   -8.8 -0.49 -0.068  55   0 13:41:04     44632.56927    0.0000  2022/04/13
134.0000000  32.0000000   30.5662   6160.414 0.018   -3.8   -9.0 -0.49 -0.068  55   0 13:42:04     44632.56997    0.0000  2022/04/13
134.0000000  32.0000000   30.3221   6160.413 0.017   -3.8   -9.0 -0.49 -0.068  55   0 13:43:04     44632.57066    0.0000  2022/04/13
134.0000000  32.0000000   29.3455   6160.414 0.018   -3.9   -9.3 -0.49 -0.068  55   0 13:44:05     44632.57136    0.0000  2022/04/13
134.0000000  12.0000000   32.2752   6186.903 0.050   -0.3   -0.8 -0.13 -0.062  55   3 14:35:23     44632.60693    0.0000  2022/04/13
134.0000000  12.0000000   32.2752   6186.904 0.077    0.0   -0.9 -0.15 -0.062  55   0 14:36:28     44632.60768    0.0000  2022/04/13
134.0000000  12.0000000   32.0310   6186.905 0.060    0.1   -1.1 -0.17 -0.062  55   1 14:37:28     44632.60838    0.0000  2022/04/13
134.0000000  12.0000000   32.2752   6186.901 0.049    0.1   -1.3 -0.20 -0.062  55   0 14:38:28     44632.60907    0.0000  2022/04/13
134.0000000  12.0000000   32.0310   6186.904 0.039    0.2   -1.5 -0.22 -0.062  55   0 14:39:28     44632.60976    0.0000  2022/04/13
134.0000000  12.0000000   32.2752   6186.902 0.043    0.1   -1.6 -0.24 -0.061  55   1 14:40:28     44632.61046    0.0000  2022/04/13
134.0000000  12.0000000   32.0310   6186.902 0.052    0.0   -1.7 -0.26 -0.061  55   0 14:41:28     44632.61115    0.0000  2022/04/13
134.0000000  12.0000000   32.0310   6186.902 0.042   -0.1   -2.0 -0.28 -0.061  55   0 14:42:28     44632.61184    0.0000  2022/04/13
134.0000000  12.0000000   32.0310   6186.900 0.048   -0.2   -2.2 -0.29 -0.061  55   0 14:43:28     44632.61254    0.0000  2022/04/13
134.0000000  12.0000000   31.7869   6186.902 0.101   -0.4   -2.4 -0.31 -0.061  55   6 14:44:28     44632.61323    0.0000  2022/04/13
134.0000000  12.0000000   31.7869   6186.900 0.038   -0.5   -2.6 -0.33 -0.060  55   0 14:45:28     44632.61392    0.0000  2022/04/13
134.0000000  12.0000000   31.7869   6186.902 0.041   -0.6   -2.7 -0.34 -0.060  55   0 14:46:28     44632.61462    0.0000  2022/04/13
134.0000000  12.0000000   31.7869   6186.901 0.043   -0.7   -3.0 -0.35 -0.060  55   0 14:47:28     44632.61531    0.0000  2022/04/13
134.0000000  12.0000000   31.7869   6186.900 0.033   -0.8   -3.2 -0.37 -0.060  55   0 14:48:28     44632.61600    0.0000  2022/04/13
134.0000000  12.0000000   31.5428   6186.899 0.040   -0.9   -3.5 -0.38 -0.060  55   0 14:49:28     44632.61670    0.0000  2022/04/13
134.0000000  12.0000000   31.5428   6186.900 0.045   -1.0   -3.5 -0.39 -0.059  55   0 14:50:28     44632.61739    0.0000  2022/04/13
134.0000000  12.0000000   31.5428   6186.900 0.043   -1.2   -3.7 -0.39 -0.059  55   0 14:51:28     44632.61808    0.0000  2022/04/13
134.0000000  12.0000000   31.5428   6186.912 0.036   -1.2   -3.9 -0.40 -0.059  55  16 14:52:28     44632.61878    0.0000  2022/04/13
134.0000000  12.0000000   31.5428   6186.902 0.053   -1.4   -4.1 -0.41 -0.059  55   0 14:53:28     44632.61947    0.0000  2022/04/13
134.0000000  12.0000000   31.5428   6186.902 0.031   -1.5   -4.3 -0.42 -0.059  55   0 14:54:28     44632.62016    0.0000  2022/04/13
134.0000000  12.0000000   31.2986   6186.901 0.037   -1.6   -4.5 -0.42 -0.058  55   0 14:55:28     44632.62086    0.0000  2022/04/13
134.0000000  12.0000000   31.2986   6186.901 0.043   -1.7   -4.7 -0.43 -0.058  55   0 14:56:28     44632.62155    0.0000  2022/04/13
134.0000000  12.0000000   31.2986   6186.901 0.040   -1.8   -4.8 -0.43 -0.058  55   0 14:57:28     44632.62224    0.0000  2022/04/13
134.0000000  12.0000000   31.2986   6186.903 0.039   -1.9   -5.0 -0.44 -0.058  55   0 14:58:28     44632.62294    0.0000  2022/04/13
134.0000000  12.0000000   31.5428   6186.901 0.034   -1.9   -5.2 -0.44 -0.057  55   0 14:59:28     44632.62363    0.0000  2022/04/13
134.0000000  12.0000000   31.2986   6186.901 0.036   -2.0   -5.3 -0.45 -0.057  55   0 15:00:28     44632.62432    0.0000  2022/04/13
134.0000000  12.0000000   31.0545   6186.902 0.039   -2.0   -5.5 -0.45 -0.057  55   0 15:01:28     44632.62502    0.0000  2022/04/13
134.0000000  12.0000000   31.2986   6186.902 0.033   -2.2   -5.6 -0.45 -0.057  55   0 15:02:28     44632.62571    0.0000  2022/04/13
134.0000000  12.0000000   31.2986   6186.901 0.081   -2.2   -5.9 -0.45 -0.057  55   0 15:03:28     44632.62640    0.0000  2022/04/13
134.0000000  12.0000000   31.2986   6186.902 0.032   -2.3   -6.1 -0.46 -0.056  55   0 15:04:28     44632.62710    0.0000  2022/04/13
134.0000000  12.0000000   30.8103   6186.901 0.030   -2.4   -6.2 -0.46 -0.056  55   0 15:05:28     44632.62779    0.0000  2022/04/13
134.0000000  12.0000000   31.2986   6186.902 0.058   -2.4   -6.3 -0.46 -0.056  55   0 15:06:28     44632.62848    0.0000  2022/04/13
134.0000000  12.0000000   31.0545   6186.902 0.046   -2.4   -6.6 -0.46 -0.056  55   0 15:07:28     44632.62918    0.0000  2022/04/13
134.0000000  12.0000000   31.2986   6186.901 0.040   -2.5   -6.8 -0.46 -0.055  55   0 15:08:28     44632.62987    0.0000  2022/04/13
134.0000000  12.0000000   31.0545   6186.902 0.036   -2.5   -7.0 -0.47 -0.055  55   0 15:09:28     44632.63056    0.0000  2022/04/13
134.0000000  12.0000000   31.0545   6186.904 0.044   -2.6   -7.1 -0.47 -0.055  55   0 15:10:28     44632.63126    0.0000  2022/04/13
134.0000000  12.0000000   31.0545   6186.901 0.029   -2.7   -7.2 -0.47 -0.055  55   0 15:11:28     44632.63195    0.0000  2022/04/13
134.0000000  12.0000000   31.0545   6186.902 0.048   -2.7   -7.4 -0.47 -0.054  55   0 15:12:28     44632.63264    0.0000  2022/04/13
134.0000000  12.0000000   31.0545   6186.901 0.041   -2.7   -7.5 -0.47 -0.054  55   0 15:13:28     44632.63334    0.0000  2022/04/13
134.0000000  12.0000000   31.0545   6186.904 0.040   -2.7   -7.6 -0.47 -0.054  55   0 15:14:28     44632.63403    0.0000  2022/04/13
134.0000000  12.0000000   31.0545   6186.903 0.093   -2.9   -7.7 -0.47 -0.054  55   0 15:15:28     44632.63472    0.0000  2022/04/13
134.0000000  12.0000000   31.0545   6186.901 0.039   -2.9   -7.8 -0.47 -0.053  55   0 15:16:28     44632.63542    0.0000  2022/04/13
134.0000000  12.0000000   31.0545   6186.902 0.081   -3.1   -8.0 -0.48 -0.053  55   0 15:17:28     44632.63611    0.0000  2022/04/13
134.0000000  12.0000000   31.0545   6186.902 0.071   -3.1   -8.1 -0.48 -0.053  55   0 15:18:28     44632.63680    0.0000  2022/04/13
134.0000000  12.0000000   31.0545   6186.903 0.047   -3.2   -8.3 -0.48 -0.053  55   1 15:19:28     44632.63750    0.0000  2022/04/13
134.0000000  12.0000000   31.0545   6186.901 0.048   -3.1   -8.5 -0.48 -0.052  55   2 15:20:28     44632.63819    0.0000  2022/04/13
134.0000000  12.0000000   31.0545   6186.899 0.033   -3.2   -8.6 -0.48 -0.052  55   0 15:21:28     44632.63888    0.0000  2022/04/13
134.0000000  12.0000000   31.0545   6186.901 0.036   -3.2   -8.7 -0.48 -0.052  55   0 15:22:28     44632.63958    0.0000  2022/04/13
134.0000000  12.0000000   30.8103   6186.901 0.032   -3.2   -8.9 -0.48 -0.052  55   0 15:23:28     44632.64027    0.0000  2022/04/13
134.0000000  12.0000000   31.0545   6186.902 0.038   -3.3   -9.1 -0.48 -0.051  55   0 15:24:28     44632.64096    0.0000  2022/04/13
134.0000000  12.0000000   30.8103   6186.901 0.044   -3.4   -9.2 -0.48 -0.051  55   0 15:25:28     44632.64166    0.0000  2022/04/13
134.0000000  12.0000000   30.8103   6186.901 0.046   -3.4   -9.3 -0.48 -0.051  55   0 15:26:28     44632.64235    0.0000  2022/04/13
134.0000000  12.0000000   30.8103   6186.902 0.032   -3.4   -9.3 -0.48 -0.051  55   0 15:27:28     44632.64304    0.0000  2022/04/13
134.0000000  12.0000000   30.8103   6186.902 0.036   -3.5   -9.5 -0.48 -0.050  55   0 15:28:28     44632.64374    0.0000  2022/04/13
134.0000000  12.0000000   30.8103   6186.902 0.031   -3.6   -9.6 -0.48 -0.050  55   0 15:29:28     44632.64443    0.0000  2022/04/13
134.0000000  12.0000000   30.8103   6186.902 0.031   -3.6   -9.7 -0.48 -0.050  55   1 15:30:28     44632.64512    0.0000  2022/04/13
134.0000000  12.0000000   31.0545   6186.903 0.089   -3.6   -9.9 -0.48 -0.049  55   0 15:31:28     44632.64582    0.0000  2022/04/13
134.0000000  12.0000000   30.8103   6186.903 0.044   -3.6   -9.9 -0.48 -0.049  55   0 15:32:28     44632.64651    0.0000  2022/04/13
134.0000000  12.0000000   30.8103   6186.902 0.037   -3.7  -10.3 -0.48 -0.049  55   1 15:33:28     44632.64720    0.0000  2022/04/13
134.0000000  12.0000000   29.8338   6186.902 0.033   -3.6  -10.4 -0.48 -0.049  55   0 15:34:29     44632.64791    0.0000  2022/04/13